[[1.00000000e+00 3.20487229e-71 6.41437788e-73 ... 1.44750206e-27
  3.26558667e-53 1.00000000e+00]
 [3.20487229e-71 1.00000000e+00 2.30037027e-57 ... 6.13904544e-96
  1.13164691e-24 1.00000000e+00]
 [6.41437788e-73 2.30037027e-57 1.00000000e+00 ... 7.94789624e-69
  1.23976337e-41 1.00000000e+00]
 ...
 [1.44750206e-27 6.13904544e-96 7.94789624e-69 ... 1.00000000e+00
  1.45488348e-58 1.00000000e+00]
 [3.26558667e-53 1.13164691e-24 1.23976337e-41 ... 1.45488348e-58
  1.00000000e+00 1.00000000e+00]
 [1.00000000e+00 1.00000000e+00 1.00000000e+00 ... 1.00000000e+00
  1.00000000e+00 0.00000000e+00]]
