[[1.00000000e+00 4.67956278e-19 2.62668307e-58 ... 1.52059764e-27
  9.07485759e-41 1.00000000e+00]
 [4.67956278e-19 1.00000000e+00 5.93589365e-32 ... 2.86975624e-43
  2.47904878e-24 1.00000000e+00]
 [2.62668307e-58 5.93589365e-32 1.00000000e+00 ... 1.89633430e-62
  7.69821935e-38 1.00000000e+00]
 ...
 [1.52059764e-27 2.86975624e-43 1.89633430e-62 ... 1.00000000e+00
  1.28579882e-15 1.00000000e+00]
 [9.07485759e-41 2.47904878e-24 7.69821935e-38 ... 1.28579882e-15
  1.00000000e+00 1.00000000e+00]
 [1.00000000e+00 1.00000000e+00 1.00000000e+00 ... 1.00000000e+00
  1.00000000e+00 0.00000000e+00]]
