[[1.00000000e+000 1.05227819e-016 6.24670668e-040 5.77025805e-062
  1.53999726e-013 1.77427799e-049 2.44871190e-092 9.80116107e-049
  1.92357518e-048 3.05831620e-042 6.06673203e-067 4.53996539e-015
  2.60467876e-049 4.64293543e-043 1.65573445e-066 7.25592329e-033
  3.39122481e-019 1.74669764e-058 1.66651340e-079 1.16900581e-053
  1.00000000e+000]
 [1.05227819e-016 1.00000000e+000 2.67565165e-008 5.25275765e-032
  1.78443292e-030 3.98579143e-085 5.63707634e-082 4.32043415e-042
  8.00761119e-031 1.03017599e-042 1.93074192e-090 5.87249139e-042
  4.19432255e-025 1.21621042e-050 3.57216357e-044 2.92530080e-042
  1.87432132e-014 1.18055023e-082 3.63532666e-095 2.75384495e-072
  1.00000000e+000]
 [6.24670668e-040 2.67565165e-008 1.00000000e+000 1.69527609e-022
  2.91503856e-052 1.17234916e-098 8.08948076e-063 4.54140179e-046
  1.69936104e-020 4.06549908e-053 2.70564239e-097 1.04067282e-066
  1.02782432e-017 7.34629227e-051 1.77499516e-034 7.77409709e-060
  1.20037369e-028 3.81427749e-096 2.94361327e-101 2.16352452e-072
  1.00000000e+000]
 [5.77025805e-062 5.25275765e-032 1.69527609e-022 1.00000000e+000
  9.12398791e-050 1.38104615e-081 2.60118557e-034 9.10772037e-049
  2.69157063e-038 2.42176024e-030 5.17210662e-057 1.24827903e-063
  3.50139640e-011 5.56011550e-068 1.25173332e-022 9.07744454e-053
  6.83692556e-038 4.80656124e-090 1.63032415e-046 3.24044620e-064
  1.00000000e+000]
 [1.53999726e-013 1.78443292e-030 2.91503856e-052 9.12398791e-050
  1.00000000e+000 8.98052398e-030 2.30703146e-081 4.57882075e-034
  3.00243590e-064 2.74649924e-029 5.63500130e-049 2.41271834e-009
  3.48369083e-052 8.60943612e-070 6.68191677e-064 1.06556733e-020
  1.02658752e-013 4.40843208e-054 1.84520671e-049 6.55794334e-054
  1.00000000e+000]
 [1.77427799e-049 3.98579143e-085 1.17234916e-098 1.38104615e-081
  8.98052398e-030 1.00000000e+000 4.05209400e-053 3.89062160e-051
  2.99209182e-088 7.13720490e-045 6.39470738e-019 1.51783219e-020
  4.54889416e-081 2.18728165e-064 7.69945153e-096 8.31019077e-041
  8.49098369e-062 2.31914605e-055 1.95767501e-035 6.00003291e-019
  1.00000000e+000]
 [2.44871190e-092 5.63707634e-082 8.08948076e-063 2.60118557e-034
  2.30703146e-081 4.05209400e-053 1.00000000e+000 1.58031306e-075
  4.34438948e-048 3.71119404e-050 7.54355589e-028 1.63814448e-077
  5.39714654e-033 1.16052391e-043 1.64489446e-044 1.63796510e-076
  3.05813302e-086 7.10878956e-077 4.80327144e-035 7.99942397e-024
  1.00000000e+000]
 [9.80116107e-049 4.32043415e-042 4.54140179e-046 9.10772037e-049
  4.57882075e-034 3.89062160e-051 1.58031306e-075 1.00000000e+000
  8.54220413e-086 1.75512167e-035 1.06639741e-069 3.59413033e-032
  6.99778368e-065 9.35892948e-099 4.30843171e-103 5.15342139e-031
  1.96342843e-033 4.55095507e-124 6.88353713e-088 1.05333900e-053
  1.00000000e+000]
 [1.92357518e-048 8.00761119e-031 1.69936104e-020 2.69157063e-038
  3.00243590e-064 2.99209182e-088 4.34438948e-048 8.54220413e-086
  1.00000000e+000 2.21459594e-082 4.08541770e-083 2.58876626e-079
  3.30864819e-027 7.98699056e-030 4.16714444e-017 4.69061370e-095
  2.93964570e-059 1.61414412e-077 8.30912360e-086 4.16707007e-060
  1.00000000e+000]
 [3.05831620e-042 1.03017599e-042 4.06549908e-053 2.42176024e-030
  2.74649924e-029 7.13720490e-045 3.71119404e-050 1.75512167e-035
  2.21459594e-082 1.00000000e+000 2.05162856e-033 7.48165025e-025
  2.67152217e-029 2.11135304e-063 2.32193783e-068 1.31386163e-008
  5.14103714e-025 4.46728300e-061 1.36163434e-036 2.45550791e-043
  1.00000000e+000]
 [6.06673203e-067 1.93074192e-090 2.70564239e-097 5.17210662e-057
  5.63500130e-049 6.39470738e-019 7.54355589e-028 1.06639741e-069
  4.08541770e-083 2.05162856e-033 1.00000000e+000 2.51824737e-034
  4.55095897e-060 1.67710084e-056 5.45978462e-075 5.71375831e-052
  1.85927548e-078 3.60892266e-065 5.88167464e-011 1.32279628e-016
  1.00000000e+000]
 [4.53996539e-015 5.87249139e-042 1.04067282e-066 1.24827903e-063
  2.41271834e-009 1.51783219e-020 1.63814448e-077 3.59413033e-032
  2.58876626e-079 7.48165025e-025 2.51824737e-034 1.00000000e+000
  3.22263930e-063 2.68171204e-061 3.81291867e-089 4.97374718e-019
  7.64407664e-029 3.14413444e-065 4.21896543e-050 1.19986565e-034
  1.00000000e+000]
 [2.60467876e-049 4.19432255e-025 1.02782432e-017 3.50139640e-011
  3.48369083e-052 4.54889416e-081 5.39714654e-033 6.99778368e-065
  3.30864819e-027 2.67152217e-029 4.55095897e-060 3.22263930e-063
  1.00000000e+000 2.22188662e-035 3.72611021e-017 4.23421639e-046
  1.69052560e-032 2.88562982e-056 2.36200570e-054 4.66223147e-056
  1.00000000e+000]
 [4.64293543e-043 1.21621042e-050 7.34629227e-051 5.56011550e-068
  8.60943612e-070 2.18728165e-064 1.16052391e-043 9.35892948e-099
  7.98699056e-030 2.11135304e-063 1.67710084e-056 2.68171204e-061
  2.22188662e-035 1.00000000e+000 1.00481394e-050 3.54183497e-072
  6.94407811e-069 1.78785737e-045 1.12454982e-076 5.27878542e-030
  1.00000000e+000]
 [1.65573445e-066 3.57216357e-044 1.77499516e-034 1.25173332e-022
  6.68191677e-064 7.69945153e-096 1.64489446e-044 4.30843171e-103
  4.16714444e-017 2.32193783e-068 5.45978462e-075 3.81291867e-089
  3.72611021e-017 1.00481394e-050 1.00000000e+000 5.41166193e-089
  1.32244188e-056 1.42005448e-061 1.59034123e-055 5.03423375e-080
  1.00000000e+000]
 [7.25592329e-033 2.92530080e-042 7.77409709e-060 9.07744454e-053
  1.06556733e-020 8.31019077e-041 1.63796510e-076 5.15342139e-031
  4.69061370e-095 1.31386163e-008 5.71375831e-052 4.97374718e-019
  4.23421639e-046 3.54183497e-072 5.41166193e-089 1.00000000e+000
  2.66177527e-015 1.56008991e-054 1.21958414e-058 6.16825637e-053
  1.00000000e+000]
 [3.39122481e-019 1.87432132e-014 1.20037369e-028 6.83692556e-038
  1.02658752e-013 8.49098369e-062 3.05813302e-086 1.96342843e-033
  2.93964570e-059 5.14103714e-025 1.85927548e-078 7.64407664e-029
  1.69052560e-032 6.94407811e-069 1.32244188e-056 2.66177527e-015
  1.00000000e+000 9.66654917e-057 2.70947875e-075 1.82217812e-073
  1.00000000e+000]
 [1.74669764e-058 1.18055023e-082 3.81427749e-096 4.80656124e-090
  4.40843208e-054 2.31914605e-055 7.10878956e-077 4.55095507e-124
  1.61414412e-077 4.46728300e-061 3.60892266e-065 3.14413444e-065
  2.88562982e-056 1.78785737e-045 1.42005448e-061 1.56008991e-054
  9.66654917e-057 1.00000000e+000 1.23533560e-057 1.99777704e-068
  1.00000000e+000]
 [1.66651340e-079 3.63532666e-095 2.94361327e-101 1.63032415e-046
  1.84520671e-049 1.95767501e-035 4.80327144e-035 6.88353713e-088
  8.30912360e-086 1.36163434e-036 5.88167464e-011 4.21896543e-050
  2.36200570e-054 1.12454982e-076 1.59034123e-055 1.21958414e-058
  2.70947875e-075 1.23533560e-057 1.00000000e+000 1.73645027e-044
  1.00000000e+000]
 [1.16900581e-053 2.75384495e-072 2.16352452e-072 3.24044620e-064
  6.55794334e-054 6.00003291e-019 7.99942397e-024 1.05333900e-053
  4.16707007e-060 2.45550791e-043 1.32279628e-016 1.19986565e-034
  4.66223147e-056 5.27878542e-030 5.03423375e-080 6.16825637e-053
  1.82217812e-073 1.99777704e-068 1.73645027e-044 1.00000000e+000
  1.00000000e+000]
 [1.00000000e+000 1.00000000e+000 1.00000000e+000 1.00000000e+000
  1.00000000e+000 1.00000000e+000 1.00000000e+000 1.00000000e+000
  1.00000000e+000 1.00000000e+000 1.00000000e+000 1.00000000e+000
  1.00000000e+000 1.00000000e+000 1.00000000e+000 1.00000000e+000
  1.00000000e+000 1.00000000e+000 1.00000000e+000 1.00000000e+000
  0.00000000e+000]]
