[[1.00000000e+000 3.75251993e-019 2.93926972e-071 2.63008226e-027
  6.19058650e-016 2.31328107e-043 5.88260328e-047 1.20389114e-059
  2.37219932e-008 3.74214913e-058 9.86534978e-035 2.20988676e-036
  2.15442131e-024 1.72464102e-071 1.22830505e-095 5.56365836e-029
  6.47021139e-063 8.66510231e-078 1.03802034e-028 1.83390024e-060
  1.00000000e+000]
 [3.75251993e-019 1.00000000e+000 2.51545808e-064 2.80401993e-046
  2.92395116e-042 4.17651165e-050 1.66627169e-044 4.93752944e-064
  7.72498539e-030 5.73771531e-033 3.71767726e-055 8.10794921e-031
  4.28296169e-039 1.80719079e-053 5.60396558e-072 6.98102195e-022
  8.19166509e-028 3.04890012e-034 8.69054657e-049 7.17857371e-034
  1.00000000e+000]
 [2.93926972e-071 2.51545808e-064 1.00000000e+000 9.99574002e-074
  2.50570943e-076 4.05414087e-026 4.40209045e-046 2.04578952e-066
  5.92934863e-066 1.33933203e-021 6.56266885e-079 4.25064739e-021
  1.34280072e-093 1.42532980e-042 1.97602352e-046 1.35313078e-037
  8.25991931e-047 1.86451324e-111 2.07326356e-060 4.01733466e-059
  1.00000000e+000]
 [2.63008226e-027 2.80401993e-046 9.99574002e-074 1.00000000e+000
  3.55874206e-025 9.53783613e-022 1.42823800e-032 1.06523678e-044
  2.30478556e-020 7.84078341e-071 2.38345237e-039 7.37852649e-030
  6.76690978e-008 4.92195438e-045 8.23828272e-050 2.42223369e-059
  1.15393268e-056 1.72493785e-081 7.90597737e-011 3.57497437e-061
  1.00000000e+000]
 [6.19058650e-016 2.92395116e-042 2.50570943e-076 3.55874206e-025
  1.00000000e+000 1.04302926e-053 8.57113014e-029 1.40943221e-083
  1.38948249e-011 2.82889391e-062 3.06202649e-006 2.36704503e-032
  4.84406081e-016 2.07692838e-083 1.24906645e-091 8.98906001e-048
  2.55192976e-080 1.44184123e-075 8.75377960e-045 2.31991181e-048
  1.00000000e+000]
 [2.31328107e-043 4.17651165e-050 4.05414087e-026 9.53783613e-022
  1.04302926e-053 1.00000000e+000 6.82305431e-036 9.11742850e-022
  9.27216665e-039 1.04799410e-039 1.47582951e-066 1.04416938e-016
  2.30578138e-045 6.76885104e-017 1.74643933e-026 8.52997679e-039
  3.92819234e-039 1.81720082e-100 1.57421334e-012 3.93090037e-065
  1.00000000e+000]
 [5.88260328e-047 1.66627169e-044 4.40209045e-046 1.42823800e-032
  8.57113014e-029 6.82305431e-036 1.00000000e+000 4.48054149e-060
  1.32255347e-027 2.73155291e-028 5.95020542e-027 4.95114360e-008
  4.91335459e-031 1.07055996e-041 6.60903108e-029 8.80325652e-033
  6.75747311e-059 7.59443133e-041 4.12596152e-057 8.68956738e-039
  1.00000000e+000]
 [1.20389114e-059 4.93752944e-064 2.04578952e-066 1.06523678e-044
  1.40943221e-083 9.11742850e-022 4.48054149e-060 1.00000000e+000
  2.44853374e-062 7.13262117e-056 6.54294111e-099 6.61724645e-040
  5.56074016e-074 6.78096827e-016 5.27817309e-044 1.01126309e-039
  1.25920942e-069 2.71438698e-117 2.82119688e-034 1.09536911e-106
  1.00000000e+000]
 [2.37219932e-008 7.72498539e-030 5.92934863e-066 2.30478556e-020
  1.38948249e-011 9.27216665e-039 1.32255347e-027 2.44853374e-062
  1.00000000e+000 4.91231037e-059 4.16814359e-029 1.23424602e-027
  1.29182826e-016 1.56044145e-071 2.19723869e-077 7.55125749e-031
  2.44071600e-074 1.40204703e-069 1.25903448e-031 5.88211170e-065
  1.00000000e+000]
 [3.74214913e-058 5.73771531e-033 1.33933203e-021 7.84078341e-071
  2.82889391e-062 1.04799410e-039 2.73155291e-028 7.13262117e-056
  4.91231037e-059 1.00000000e+000 1.79004954e-057 2.70220502e-012
  5.84303454e-077 5.17628931e-029 1.26054700e-038 5.59635407e-017
  2.64335043e-031 1.23610437e-052 6.74899875e-073 9.61610523e-030
  1.00000000e+000]
 [9.86534978e-035 3.71767726e-055 6.56266885e-079 2.38345237e-039
  3.06202649e-006 1.47582951e-066 5.95020542e-027 6.54294111e-099
  4.16814359e-029 1.79004954e-057 1.00000000e+000 1.01541116e-033
  1.21954388e-027 1.02498664e-086 2.13071719e-091 7.82002229e-058
  6.95652270e-084 1.49795449e-073 4.48674982e-066 5.06274397e-038
  1.00000000e+000]
 [2.20988676e-036 8.10794921e-031 4.25064739e-021 7.37852649e-030
  2.36704503e-032 1.04416938e-016 4.95114360e-008 6.61724645e-040
  1.23424602e-027 2.70220502e-012 1.01541116e-033 1.00000000e+000
  7.36575842e-037 1.84798685e-022 8.23676129e-023 8.91623622e-019
  5.99359190e-034 9.00094444e-051 5.25474768e-038 8.97067971e-031
  1.00000000e+000]
 [2.15442131e-024 4.28296169e-039 1.34280072e-093 6.76690978e-008
  4.84406081e-016 2.30578138e-045 4.91335459e-031 5.56074016e-074
  1.29182826e-016 5.84303454e-077 1.21954388e-027 7.36575842e-037
  1.00000000e+000 6.62440928e-069 3.32517718e-068 1.60768840e-064
  2.94987337e-063 7.32476952e-059 1.59662889e-029 2.14233491e-050
  1.00000000e+000]
 [1.72464102e-071 1.80719079e-053 1.42532980e-042 4.92195438e-045
  2.07692838e-083 6.76885104e-017 1.07055996e-041 6.78096827e-016
  1.56044145e-071 5.17628931e-029 1.02498664e-086 1.84798685e-022
  6.62440928e-069 1.00000000e+000 1.59484407e-014 1.56729631e-041
  6.09177893e-032 3.54978094e-081 9.64138033e-041 1.21378849e-060
  1.00000000e+000]
 [1.22830505e-095 5.60396558e-072 1.97602352e-046 8.23828272e-050
  1.24906645e-091 1.74643933e-026 6.60903108e-029 5.27817309e-044
  2.19723869e-077 1.26054700e-038 2.13071719e-091 8.23676129e-023
  3.32517718e-068 1.59484407e-014 1.00000000e+000 1.81903738e-060
  5.85704693e-044 2.38903978e-068 1.74149284e-059 1.41338949e-062
  1.00000000e+000]
 [5.56365836e-029 6.98102195e-022 1.35313078e-037 2.42223369e-059
  8.98906001e-048 8.52997679e-039 8.80325652e-033 1.01126309e-039
  7.55125749e-031 5.59635407e-017 7.82002229e-058 8.91623622e-019
  1.60768840e-064 1.56729631e-041 1.81903738e-060 1.00000000e+000
  4.12889205e-055 1.98912839e-061 3.83517309e-058 3.33082608e-060
  1.00000000e+000]
 [6.47021139e-063 8.19166509e-028 8.25991931e-047 1.15393268e-056
  2.55192976e-080 3.92819234e-039 6.75747311e-059 1.25920942e-069
  2.44071600e-074 2.64335043e-031 6.95652270e-084 5.99359190e-034
  2.94987337e-063 6.09177893e-032 5.85704693e-044 4.12889205e-055
  1.00000000e+000 1.22674809e-056 3.88133709e-050 1.03712191e-022
  1.00000000e+000]
 [8.66510231e-078 3.04890012e-034 1.86451324e-111 1.72493785e-081
  1.44184123e-075 1.81720082e-100 7.59443133e-041 2.71438698e-117
  1.40204703e-069 1.23610437e-052 1.49795449e-073 9.00094444e-051
  7.32476952e-059 3.54978094e-081 2.38903978e-068 1.98912839e-061
  1.22674809e-056 1.00000000e+000 4.73480208e-115 6.52383143e-038
  1.00000000e+000]
 [1.03802034e-028 8.69054657e-049 2.07326356e-060 7.90597737e-011
  8.75377960e-045 1.57421334e-012 4.12596152e-057 2.82119688e-034
  1.25903448e-031 6.74899875e-073 4.48674982e-066 5.25474768e-038
  1.59662889e-029 9.64138033e-041 1.74149284e-059 3.83517309e-058
  3.88133709e-050 4.73480208e-115 1.00000000e+000 3.35350987e-077
  1.00000000e+000]
 [1.83390024e-060 7.17857371e-034 4.01733466e-059 3.57497437e-061
  2.31991181e-048 3.93090037e-065 8.68956738e-039 1.09536911e-106
  5.88211170e-065 9.61610523e-030 5.06274397e-038 8.97067971e-031
  2.14233491e-050 1.21378849e-060 1.41338949e-062 3.33082608e-060
  1.03712191e-022 6.52383143e-038 3.35350987e-077 1.00000000e+000
  1.00000000e+000]
 [1.00000000e+000 1.00000000e+000 1.00000000e+000 1.00000000e+000
  1.00000000e+000 1.00000000e+000 1.00000000e+000 1.00000000e+000
  1.00000000e+000 1.00000000e+000 1.00000000e+000 1.00000000e+000
  1.00000000e+000 1.00000000e+000 1.00000000e+000 1.00000000e+000
  1.00000000e+000 1.00000000e+000 1.00000000e+000 1.00000000e+000
  0.00000000e+000]]
