[[1.00000000e+000 7.50406464e-025 4.03641896e-019 1.15124277e-034
  3.57057024e-034 4.13973121e-036 6.74931441e-079 1.41682585e-048
  1.50369942e-078 2.24788756e-029 1.84763901e-023 4.49517560e-026
  9.00145506e-014 3.88193077e-028 2.70527124e-024 2.10550343e-064
  2.34529161e-029 1.28637736e-051 1.01151577e-048 6.92152221e-042
  1.00000000e+000]
 [7.50406464e-025 1.00000000e+000 3.04361522e-038 3.35940727e-024
  6.33845593e-037 3.19194640e-089 7.24541627e-043 4.52275802e-037
  2.17420454e-065 2.21200817e-043 2.70869000e-019 3.00715486e-038
  2.71578889e-057 8.43749403e-028 3.64354140e-056 1.51260471e-047
  7.23108544e-058 7.56505266e-077 4.89316532e-055 1.07190288e-065
  1.00000000e+000]
 [4.03641896e-019 3.04361522e-038 1.00000000e+000 8.51384827e-040
  1.39377945e-038 2.02805051e-022 1.05532959e-047 8.66275612e-034
  3.84660411e-037 1.19038766e-037 1.44140137e-013 6.62140368e-045
  9.87697850e-034 7.68916472e-020 5.82808557e-022 1.40608627e-036
  6.37087231e-006 1.44913641e-013 2.54120910e-026 7.58778499e-013
  1.00000000e+000]
 [1.15124277e-034 3.35940727e-024 8.51384827e-040 1.00000000e+000
  3.24155983e-028 2.60625643e-061 1.00777805e-033 3.73398114e-024
  3.17382908e-034 1.52918031e-057 4.20659991e-016 4.82156562e-068
  7.05111249e-059 3.99187454e-014 1.05021996e-064 5.89709905e-082
  2.66971985e-054 1.78430126e-065 2.89507044e-068 1.93386023e-069
  1.00000000e+000]
 [3.57057024e-034 6.33845593e-037 1.39377945e-038 3.24155983e-028
  1.00000000e+000 1.24189091e-046 3.91856201e-072 2.49987086e-033
  1.15199032e-051 9.91727244e-063 2.50816961e-038 3.06524858e-096
  1.79074344e-031 4.34600721e-036 9.21319554e-038 8.23746231e-078
  1.72964593e-045 8.22757145e-067 5.85025001e-089 1.41686212e-083
  1.00000000e+000]
 [4.13973121e-036 3.19194640e-089 2.02805051e-022 2.60625643e-061
  1.24189091e-046 1.00000000e+000 1.31827899e-096 3.04661706e-060
  2.23205484e-060 3.57269858e-077 6.43357637e-049 2.12479669e-084
  2.57380154e-026 2.46944826e-038 1.95360948e-029 9.05537726e-102
  7.64386352e-017 2.28615485e-022 2.16579796e-075 5.99478171e-036
  1.00000000e+000]
 [6.74931441e-079 7.24541627e-043 1.05532959e-047 1.00777805e-033
  3.91856201e-072 1.31827899e-096 1.00000000e+000 1.66004191e-020
  1.46586330e-028 7.78348204e-081 1.05100228e-020 7.73293047e-078
  1.31881659e-113 8.71580327e-021 7.51790879e-083 4.95324928e-049
  3.52849756e-055 6.17456786e-057 2.61194283e-048 6.70140915e-061
  1.00000000e+000]
 [1.41682585e-048 4.52275802e-037 8.66275612e-034 3.73398114e-024
  2.49987086e-033 3.04661706e-060 1.66004191e-020 1.00000000e+000
  6.55174430e-042 8.15221364e-042 6.02466016e-014 7.36891158e-066
  1.82850990e-056 5.15632510e-015 8.99744464e-035 2.39011379e-039
  3.35805169e-031 2.50546014e-057 1.12918921e-037 1.34764978e-068
  1.00000000e+000]
 [1.50369942e-078 2.17420454e-065 3.84660411e-037 3.17382908e-034
  1.15199032e-051 2.23205484e-060 1.46586330e-028 6.55174430e-042
  1.00000000e+000 1.06140282e-105 6.38320452e-034 1.54351908e-123
  6.05263140e-105 5.00291215e-031 5.60837896e-089 6.15696626e-081
  4.71494732e-049 1.62779418e-032 2.42112406e-078 6.27913934e-049
  1.00000000e+000]
 [2.24788756e-029 2.21200817e-043 1.19038766e-037 1.52918031e-057
  9.91727244e-063 3.57269858e-077 7.78348204e-081 8.15221364e-042
  1.06140282e-105 1.00000000e+000 4.06953594e-027 9.35256677e-041
  4.42159303e-043 6.31890948e-054 3.52894232e-031 6.95330898e-034
  3.37963841e-042 2.22710483e-090 5.60105985e-020 1.53617205e-077
  1.00000000e+000]
 [1.84763901e-023 2.70869000e-019 1.44140137e-013 4.20659991e-016
  2.50816961e-038 6.43357637e-049 1.05100228e-020 6.02466016e-014
  6.38320452e-034 4.06953594e-027 1.00000000e+000 2.67626005e-036
  2.02661018e-048 8.23603251e-009 2.88316805e-035 5.56642556e-032
  3.35388544e-022 1.20603888e-037 2.19556699e-020 4.58026641e-034
  1.00000000e+000]
 [4.49517560e-026 3.00715486e-038 6.62140368e-045 4.82156562e-068
  3.06524858e-096 2.12479669e-084 7.73293047e-078 7.36891158e-066
  1.54351908e-123 9.35256677e-041 2.67626005e-036 1.00000000e+000
  2.33968616e-053 6.89818004e-042 3.81571035e-048 5.79667221e-063
  9.08235452e-052 5.29276236e-078 1.24371620e-039 4.36669277e-052
  1.00000000e+000]
 [9.00145506e-014 2.71578889e-057 9.87697850e-034 7.05111249e-059
  1.79074344e-031 2.57380154e-026 1.31881659e-113 1.82850990e-056
  6.05263140e-105 4.42159303e-043 2.02661018e-048 2.33968616e-053
  1.00000000e+000 6.47670267e-046 1.68710537e-012 1.08996054e-086
  5.68787792e-031 1.17940749e-064 6.74059668e-073 1.00810929e-067
  1.00000000e+000]
 [3.88193077e-028 8.43749403e-028 7.68916472e-020 3.99187454e-014
  4.34600721e-036 2.46944826e-038 8.71580327e-021 5.15632510e-015
  5.00291215e-031 6.31890948e-054 8.23603251e-009 6.89818004e-042
  6.47670267e-046 1.00000000e+000 4.69145422e-038 4.40344019e-058
  5.58196928e-024 6.72585942e-031 1.59735693e-043 1.78485779e-034
  1.00000000e+000]
 [2.70527124e-024 3.64354140e-056 5.82808557e-022 1.05021996e-064
  9.21319554e-038 1.95360948e-029 7.51790879e-083 8.99744464e-035
  5.60837896e-089 3.52894232e-031 2.88316805e-035 3.81571035e-048
  1.68710537e-012 4.69145422e-038 1.00000000e+000 2.10096184e-045
  1.00799349e-012 8.57174359e-048 5.09115865e-040 7.50738451e-053
  1.00000000e+000]
 [2.10550343e-064 1.51260471e-047 1.40608627e-036 5.89709905e-082
  8.23746231e-078 9.05537726e-102 4.95324928e-049 2.39011379e-039
  6.15696626e-081 6.95330898e-034 5.56642556e-032 5.79667221e-063
  1.08996054e-086 4.40344019e-058 2.10096184e-045 1.00000000e+000
  7.22083844e-040 5.98705178e-070 4.28217310e-016 1.09676857e-062
  1.00000000e+000]
 [2.34529161e-029 7.23108544e-058 6.37087231e-006 2.66971985e-054
  1.72964593e-045 7.64386352e-017 3.52849756e-055 3.35805169e-031
  4.71494732e-049 3.37963841e-042 3.35388544e-022 9.08235452e-052
  5.68787792e-031 5.58196928e-024 1.00799349e-012 7.22083844e-040
  1.00000000e+000 2.04186928e-014 2.00072689e-027 7.62197000e-020
  1.00000000e+000]
 [1.28637736e-051 7.56505266e-077 1.44913641e-013 1.78430126e-065
  8.22757145e-067 2.28615485e-022 6.17456786e-057 2.50546014e-057
  1.62779418e-032 2.22710483e-090 1.20603888e-037 5.29276236e-078
  1.17940749e-064 6.72585942e-031 8.57174359e-048 5.98705178e-070
  2.04186928e-014 1.00000000e+000 1.26305231e-055 7.02558254e-008
  1.00000000e+000]
 [1.01151577e-048 4.89316532e-055 2.54120910e-026 2.89507044e-068
  5.85025001e-089 2.16579796e-075 2.61194283e-048 1.12918921e-037
  2.42112406e-078 5.60105985e-020 2.19556699e-020 1.24371620e-039
  6.74059668e-073 1.59735693e-043 5.09115865e-040 4.28217310e-016
  2.00072689e-027 1.26305231e-055 1.00000000e+000 4.25089712e-043
  1.00000000e+000]
 [6.92152221e-042 1.07190288e-065 7.58778499e-013 1.93386023e-069
  1.41686212e-083 5.99478171e-036 6.70140915e-061 1.34764978e-068
  6.27913934e-049 1.53617205e-077 4.58026641e-034 4.36669277e-052
  1.00810929e-067 1.78485779e-034 7.50738451e-053 1.09676857e-062
  7.62197000e-020 7.02558254e-008 4.25089712e-043 1.00000000e+000
  1.00000000e+000]
 [1.00000000e+000 1.00000000e+000 1.00000000e+000 1.00000000e+000
  1.00000000e+000 1.00000000e+000 1.00000000e+000 1.00000000e+000
  1.00000000e+000 1.00000000e+000 1.00000000e+000 1.00000000e+000
  1.00000000e+000 1.00000000e+000 1.00000000e+000 1.00000000e+000
  1.00000000e+000 1.00000000e+000 1.00000000e+000 1.00000000e+000
  0.00000000e+000]]
