[[1.00000000e+00 1.73136341e-64 8.14233298e-22 ... 1.84787279e-54
  3.23989935e-66 1.00000000e+00]
 [1.73136341e-64 1.00000000e+00 4.13085599e-66 ... 1.89848200e-53
  3.20187499e-39 1.00000000e+00]
 [8.14233298e-22 4.13085599e-66 1.00000000e+00 ... 6.31323928e-24
  2.19965980e-54 1.00000000e+00]
 ...
 [1.84787279e-54 1.89848200e-53 6.31323928e-24 ... 1.00000000e+00
  4.51425239e-46 1.00000000e+00]
 [3.23989935e-66 3.20187499e-39 2.19965980e-54 ... 4.51425239e-46
  1.00000000e+00 1.00000000e+00]
 [1.00000000e+00 1.00000000e+00 1.00000000e+00 ... 1.00000000e+00
  1.00000000e+00 0.00000000e+00]]
