[[1.00000000e+000 5.46665466e-055 4.60165477e-044 ... 1.12139061e-036
  7.41061391e-093 1.00000000e+000]
 [5.46665466e-055 1.00000000e+000 3.04902034e-057 ... 5.42624092e-021
  2.71093437e-084 1.00000000e+000]
 [4.60165477e-044 3.04902034e-057 1.00000000e+000 ... 1.97257601e-060
  2.24766647e-071 1.00000000e+000]
 ...
 [1.12139061e-036 5.42624092e-021 1.97257601e-060 ... 1.00000000e+000
  1.47805513e-104 1.00000000e+000]
 [7.41061391e-093 2.71093437e-084 2.24766647e-071 ... 1.47805513e-104
  1.00000000e+000 1.00000000e+000]
 [1.00000000e+000 1.00000000e+000 1.00000000e+000 ... 1.00000000e+000
  1.00000000e+000 0.00000000e+000]]
