[[1.00000000e+000 1.94690986e-053 1.20005293e-055 1.65937424e-030
  9.38721830e-025 6.48799856e-048 1.92492381e-048 3.00703982e-037
  2.06065669e-026 6.32747979e-020 1.58973525e-057 1.30978234e-009
  2.38420341e-052 1.70155774e-040 1.13507076e-045 3.80482093e-039
  2.01757909e-053 1.01716597e-008 3.57559461e-009 2.68226485e-052
  7.68300670e-051 2.21636549e-045 1.85786339e-038 9.63465137e-046
  7.10836762e-027 7.10366565e-029 1.00000000e+000]
 [1.94690986e-053 1.00000000e+000 8.02884956e-047 6.74581328e-040
  1.27106250e-031 6.07501249e-024 2.82554157e-036 4.55812519e-035
  3.22198370e-021 1.28135041e-050 1.98641602e-026 5.91808990e-053
  2.19731715e-045 8.27602691e-031 1.93926998e-040 3.37039320e-027
  6.95807637e-040 5.99336417e-037 2.20948172e-049 2.69812601e-023
  6.99778020e-026 1.14534662e-041 2.33655906e-034 4.86150696e-016
  1.54922042e-052 7.79099416e-022 1.00000000e+000]
 [1.20005293e-055 8.02884956e-047 1.00000000e+000 6.20280544e-079
  2.66355282e-080 6.90602675e-078 8.82880177e-037 3.30040652e-026
  3.73507995e-019 1.77050642e-048 4.54426733e-079 1.01606449e-060
  4.32802363e-096 2.03600257e-029 3.81261371e-049 6.07385772e-074
  5.12707153e-102 2.28440933e-050 4.78248967e-061 5.44156808e-067
  1.01643215e-072 1.39744704e-089 1.22781609e-008 1.71567746e-034
  3.88888810e-013 2.19690285e-065 1.00000000e+000]
 [1.65937424e-030 6.74581328e-040 6.20280544e-079 1.00000000e+000
  2.99737420e-011 6.77106684e-026 2.15858586e-072 8.26438356e-052
  6.31238544e-041 2.04447286e-013 3.13319986e-066 5.33249856e-022
  1.09769449e-023 1.72988709e-054 1.02057850e-024 1.09463373e-022
  5.35008441e-053 7.19309977e-023 5.87891477e-013 3.78432344e-019
  4.84754881e-014 1.02726926e-021 3.21209335e-072 6.86569523e-027
  1.44517003e-049 2.82548729e-031 1.00000000e+000]
 [9.38721830e-025 1.27106250e-031 2.66355282e-080 2.99737420e-011
  1.00000000e+000 3.32012417e-013 4.18427522e-065 2.18144910e-058
  4.66467536e-043 3.22973074e-027 9.25223664e-048 1.87439869e-012
  1.15821494e-034 1.96966322e-062 1.36626574e-025 2.00286648e-019
  3.58375772e-042 4.10017627e-016 2.76775796e-019 1.90283976e-015
  1.43438912e-022 1.18994232e-018 2.62395380e-063 2.04439593e-021
  1.04272667e-054 1.14119845e-024 1.00000000e+000]
 [6.48799856e-048 6.07501249e-024 6.90602675e-078 6.77106684e-026
  3.32012417e-013 1.00000000e+000 6.29102027e-058 1.25090571e-058
  2.43559231e-042 9.08238501e-051 6.73945017e-027 2.39744120e-035
  1.87567327e-022 3.91574115e-079 1.43249549e-026 1.92789365e-032
  8.08573126e-053 2.39750298e-042 4.63853905e-035 2.32216241e-004
  5.57949571e-040 1.48403386e-008 6.30498734e-058 2.12785646e-016
  3.94224996e-058 2.21898252e-017 1.00000000e+000]
 [1.92492381e-048 2.82554157e-036 8.82880177e-037 2.15858586e-072
  4.18427522e-065 6.29102027e-058 1.00000000e+000 3.52234279e-007
  4.54842004e-031 3.55479475e-072 1.60478993e-025 3.20357893e-057
  1.62145810e-059 9.33597197e-046 2.22145223e-086 7.88641131e-092
  1.80291105e-111 4.06873336e-043 3.16115437e-046 9.86844258e-062
  2.62508423e-067 1.37597665e-081 2.95336978e-029 8.69509753e-049
  1.10951594e-044 5.94631957e-027 1.00000000e+000]
 [3.00703982e-037 4.55812519e-035 3.30040652e-026 8.26438356e-052
  2.18144910e-058 1.25090571e-058 3.52234279e-007 1.00000000e+000
  3.69478596e-019 9.80312585e-045 4.32612067e-039 5.89518167e-048
  1.29510527e-048 1.14554752e-027 4.37117691e-068 1.56927487e-074
  1.05139266e-098 3.11382560e-033 1.52143602e-030 2.50413258e-055
  1.28004665e-049 3.71994470e-072 1.72749480e-025 1.68843705e-041
  4.52270622e-028 2.92262766e-027 1.00000000e+000]
 [2.06065669e-026 3.22198370e-021 3.73507995e-019 6.31238544e-041
  4.66467536e-043 2.43559231e-042 4.54842004e-031 3.69478596e-019
  1.00000000e+000 4.58581259e-027 1.15544694e-040 1.22872933e-040
  3.35616511e-046 3.80810660e-014 8.98404915e-034 3.72558514e-032
  5.01364118e-043 6.59537904e-029 5.09637922e-029 2.13363349e-039
  2.79041028e-045 9.12968722e-044 2.73746167e-009 3.19439982e-025
  4.60891975e-013 1.14636850e-023 1.00000000e+000]
 [6.32747979e-020 1.28135041e-050 1.77050642e-048 2.04447286e-013
  3.22973074e-027 9.08238501e-051 3.55479475e-072 9.80312585e-045
  4.58581259e-027 1.00000000e+000 1.71660275e-089 3.56408090e-019
  1.54740855e-050 8.63352545e-033 2.57761374e-021 3.58973899e-025
  2.40900259e-055 2.73168986e-017 3.97765496e-014 1.22945679e-039
  4.78785682e-026 4.63352202e-042 9.33810686e-049 9.36570814e-031
  1.86289950e-023 8.21534249e-048 1.00000000e+000]
 [1.58973525e-057 1.98641602e-026 4.54426733e-079 3.13319986e-066
  9.25223664e-048 6.73945017e-027 1.60478993e-025 4.32612067e-039
  1.15544694e-040 1.71660275e-089 1.00000000e+000 5.56140999e-066
  1.03451602e-034 9.75814091e-074 1.15228862e-080 1.13393473e-070
  5.29136289e-073 1.97110806e-058 8.79427501e-053 9.78830511e-041
  4.27160700e-073 1.32229098e-044 1.05640951e-049 9.28003757e-049
  3.88059032e-072 4.28038470e-009 1.00000000e+000]
 [1.30978234e-009 5.91808990e-053 1.01606449e-060 5.33249856e-022
  1.87439869e-012 2.39744120e-035 3.20357893e-057 5.89518167e-048
  1.22872933e-040 3.56408090e-019 5.56140999e-066 1.00000000e+000
  7.27557074e-055 1.31761161e-057 1.19285660e-031 9.08970038e-038
  2.12389457e-066 3.12636463e-007 3.23915560e-012 3.31248891e-036
  8.56889047e-039 4.72150012e-039 3.32521071e-050 4.32771232e-031
  3.62891318e-034 3.38812105e-037 1.00000000e+000]
 [2.38420341e-052 2.19731715e-045 4.32802363e-096 1.09769449e-023
  1.15821494e-034 1.87567327e-022 1.62145810e-059 1.29510527e-048
  3.35616511e-046 1.54740855e-050 1.03451602e-034 7.27557074e-055
  1.00000000e+000 7.81334687e-082 1.53419303e-052 5.04847576e-055
  1.17784726e-074 8.27988590e-058 2.87114960e-025 2.68583521e-023
  2.33907531e-049 9.88023133e-017 3.68356808e-078 9.80483001e-046
  5.77100410e-064 3.60958168e-015 1.00000000e+000]
 [1.70155774e-040 8.27602691e-031 2.03600257e-029 1.72988709e-054
  1.96966322e-062 3.91574115e-079 9.33597197e-046 1.14554752e-027
  3.80810660e-014 8.63352545e-033 9.75814091e-074 1.31761161e-057
  7.81334687e-082 1.00000000e+000 6.58102224e-060 2.05643582e-040
  4.16764187e-052 4.96942599e-031 9.50322710e-048 1.72744608e-071
  3.72349604e-039 4.86037113e-086 1.61894611e-027 1.38774950e-045
  2.01584214e-034 1.02779470e-050 1.00000000e+000]
 [1.13507076e-045 1.93926998e-040 3.81261371e-049 1.02057850e-024
  1.36626574e-025 1.43249549e-026 2.22145223e-086 4.37117691e-068
  8.98404915e-034 2.57761374e-021 1.15228862e-080 1.19285660e-031
  1.53419303e-052 6.58102224e-060 1.00000000e+000 6.19513386e-021
  2.86103037e-052 3.78731188e-040 9.65539273e-038 4.31905558e-016
  1.70371146e-038 2.64129725e-022 6.28732862e-046 6.08055751e-011
  8.95194496e-030 1.18010219e-051 1.00000000e+000]
 [3.80482093e-039 3.37039320e-027 6.07385772e-074 1.09463373e-022
  2.00286648e-019 1.92789365e-032 7.88641131e-092 1.56927487e-074
  3.72558514e-032 3.58973899e-025 1.13393473e-070 9.08970038e-038
  5.04847576e-055 2.05643582e-040 6.19513386e-021 1.00000000e+000
  2.35497134e-011 6.11506620e-031 3.02045901e-040 3.22410344e-029
  7.24512717e-026 2.76072026e-029 2.93258021e-057 3.39257715e-026
  6.24653381e-054 3.83409492e-042 1.00000000e+000]
 [2.01757909e-053 6.95807637e-040 5.12707153e-102 5.35008441e-053
  3.58375772e-042 8.08573126e-053 1.80291105e-111 1.05139266e-098
  5.01364118e-043 2.40900259e-055 5.29136289e-073 2.12389457e-066
  1.17784726e-074 4.16764187e-052 2.86103037e-052 2.35497134e-011
  1.00000000e+000 1.48744613e-053 8.09633003e-065 3.82981687e-058
  2.45450217e-058 9.79026927e-047 4.88838381e-070 3.85896106e-057
  2.49125313e-079 2.53551899e-050 1.00000000e+000]
 [1.01716597e-008 5.99336417e-037 2.28440933e-050 7.19309977e-023
  4.10017627e-016 2.39750298e-042 4.06873336e-043 3.11382560e-033
  6.59537904e-029 2.73168986e-017 1.97110806e-058 3.12636463e-007
  8.27988590e-058 4.96942599e-031 3.78731188e-040 6.11506620e-031
  1.48744613e-053 1.00000000e+000 2.72993104e-014 1.67376981e-042
  1.44314863e-025 6.73680417e-051 3.37326089e-041 4.53541285e-031
  1.35167526e-034 3.85204105e-032 1.00000000e+000]
 [3.57559461e-009 2.20948172e-049 4.78248967e-061 5.87891477e-013
  2.76775796e-019 4.63853905e-035 3.16115437e-046 1.52143602e-030
  5.09637922e-029 3.97765496e-014 8.79427501e-053 3.23915560e-012
  2.87114960e-025 9.50322710e-048 9.65539273e-038 3.02045901e-040
  8.09633003e-065 2.72993104e-014 1.00000000e+000 2.56040499e-034
  7.24381595e-036 5.03024278e-030 4.24284487e-050 1.50327495e-037
  3.60536322e-029 2.43623560e-021 1.00000000e+000]
 [2.68226485e-052 2.69812601e-023 5.44156808e-067 3.78432344e-019
  1.90283976e-015 2.32216241e-004 9.86844258e-062 2.50413258e-055
  2.13363349e-039 1.22945679e-039 9.78830511e-041 3.31248891e-036
  2.68583521e-023 1.72744608e-071 4.31905558e-016 3.22410344e-029
  3.82981687e-058 1.67376981e-042 2.56040499e-034 1.00000000e+000
  1.61795865e-029 2.61250004e-010 1.13366887e-056 4.61730380e-009
  2.12666122e-050 2.10343603e-025 1.00000000e+000]
 [7.68300670e-051 6.99778020e-026 1.01643215e-072 4.84754881e-014
  1.43438912e-022 5.57949571e-040 2.62508423e-067 1.28004665e-049
  2.79041028e-045 4.78785682e-026 4.27160700e-073 8.56889047e-039
  2.33907531e-049 3.72349604e-039 1.70371146e-038 7.24512717e-026
  2.45450217e-058 1.44314863e-025 7.24381595e-036 1.61795865e-029
  1.00000000e+000 7.94992436e-051 5.35811635e-074 2.68217821e-025
  7.96691928e-066 6.46579084e-045 1.00000000e+000]
 [2.21636549e-045 1.14534662e-041 1.39744704e-089 1.02726926e-021
  1.18994232e-018 1.48403386e-008 1.37597665e-081 3.71994470e-072
  9.12968722e-044 4.63352202e-042 1.32229098e-044 4.72150012e-039
  9.88023133e-017 4.86037113e-086 2.64129725e-022 2.76072026e-029
  9.79026927e-047 6.73680417e-051 5.03024278e-030 2.61250004e-010
  7.94992436e-051 1.00000000e+000 2.83974003e-067 5.50764169e-028
  1.97487588e-054 1.25242978e-023 1.00000000e+000]
 [1.85786339e-038 2.33655906e-034 1.22781609e-008 3.21209335e-072
  2.62395380e-063 6.30498734e-058 2.95336978e-029 1.72749480e-025
  2.73746167e-009 9.33810686e-049 1.05640951e-049 3.32521071e-050
  3.68356808e-078 1.61894611e-027 6.28732862e-046 2.93258021e-057
  4.88838381e-070 3.37326089e-041 4.24284487e-050 1.13366887e-056
  5.35811635e-074 2.83974003e-067 1.00000000e+000 3.96398750e-032
  1.32353727e-012 1.81183217e-041 1.00000000e+000]
 [9.63465137e-046 4.86150696e-016 1.71567746e-034 6.86569523e-027
  2.04439593e-021 2.12785646e-016 8.69509753e-049 1.68843705e-041
  3.19439982e-025 9.36570814e-031 9.28003757e-049 4.32771232e-031
  9.80483001e-046 1.38774950e-045 6.08055751e-011 3.39257715e-026
  3.85896106e-057 4.53541285e-031 1.50327495e-037 4.61730380e-009
  2.68217821e-025 5.50764169e-028 3.96398750e-032 1.00000000e+000
  1.50058407e-031 6.37593469e-034 1.00000000e+000]
 [7.10836762e-027 1.54922042e-052 3.88888810e-013 1.44517003e-049
  1.04272667e-054 3.94224996e-058 1.10951594e-044 4.52270622e-028
  4.60891975e-013 1.86289950e-023 3.88059032e-072 3.62891318e-034
  5.77100410e-064 2.01584214e-034 8.95194496e-030 6.24653381e-054
  2.49125313e-079 1.35167526e-034 3.60536322e-029 2.12666122e-050
  7.96691928e-066 1.97487588e-054 1.32353727e-012 1.50058407e-031
  1.00000000e+000 8.27438022e-047 1.00000000e+000]
 [7.10366565e-029 7.79099416e-022 2.19690285e-065 2.82548729e-031
  1.14119845e-024 2.21898252e-017 5.94631957e-027 2.92262766e-027
  1.14636850e-023 8.21534249e-048 4.28038470e-009 3.38812105e-037
  3.60958168e-015 1.02779470e-050 1.18010219e-051 3.83409492e-042
  2.53551899e-050 3.85204105e-032 2.43623560e-021 2.10343603e-025
  6.46579084e-045 1.25242978e-023 1.81183217e-041 6.37593469e-034
  8.27438022e-047 1.00000000e+000 1.00000000e+000]
 [1.00000000e+000 1.00000000e+000 1.00000000e+000 1.00000000e+000
  1.00000000e+000 1.00000000e+000 1.00000000e+000 1.00000000e+000
  1.00000000e+000 1.00000000e+000 1.00000000e+000 1.00000000e+000
  1.00000000e+000 1.00000000e+000 1.00000000e+000 1.00000000e+000
  1.00000000e+000 1.00000000e+000 1.00000000e+000 1.00000000e+000
  1.00000000e+000 1.00000000e+000 1.00000000e+000 1.00000000e+000
  1.00000000e+000 1.00000000e+000 0.00000000e+000]]
