[[1.00000000e+00 7.24550833e-81 4.22746891e-37 ... 8.20226589e-72
  6.45776406e-78 1.00000000e+00]
 [7.24550833e-81 1.00000000e+00 1.16309524e-43 ... 3.14561356e-78
  2.27173028e-54 1.00000000e+00]
 [4.22746891e-37 1.16309524e-43 1.00000000e+00 ... 1.11570995e-25
  1.30431007e-36 1.00000000e+00]
 ...
 [8.20226589e-72 3.14561356e-78 1.11570995e-25 ... 1.00000000e+00
  3.27853457e-30 1.00000000e+00]
 [6.45776406e-78 2.27173028e-54 1.30431007e-36 ... 3.27853457e-30
  1.00000000e+00 1.00000000e+00]
 [1.00000000e+00 1.00000000e+00 1.00000000e+00 ... 1.00000000e+00
  1.00000000e+00 0.00000000e+00]]
