[[1.00000000e+000 2.03458026e-007 6.27262278e-016 4.89640432e-039
  3.26672357e-040 2.69424382e-048 1.71514906e-023 4.38795074e-052
  5.19330042e-053 6.55299094e-029 5.48430821e-013 1.99041156e-052
  3.04065561e-038 2.28342944e-047 6.10259621e-044 8.47711530e-019
  7.87730326e-042 2.09142327e-010 1.24915606e-055 3.33921776e-039
  1.00000000e+000]
 [2.03458026e-007 1.00000000e+000 7.40150187e-026 3.91897795e-055
  3.67285346e-069 2.83336309e-063 1.79977304e-029 3.26766565e-059
  3.48573163e-066 1.78492953e-043 4.41390977e-019 4.45785064e-082
  5.23308433e-060 1.31995662e-068 2.59168249e-062 1.46194511e-026
  2.61077083e-043 7.69887100e-020 1.88888329e-058 1.24920165e-046
  1.00000000e+000]
 [6.27262278e-016 7.40150187e-026 1.00000000e+000 2.25774338e-064
  4.08849754e-042 2.53511447e-086 2.03104894e-049 3.53904198e-072
  1.29576090e-063 8.92566647e-041 1.85113929e-026 1.43293590e-091
  3.89313240e-057 9.15515905e-070 3.27230955e-060 5.45084413e-060
  4.68003799e-056 5.63924791e-013 9.95402182e-056 2.97567009e-078
  1.00000000e+000]
 [4.89640432e-039 3.91897795e-055 2.25774338e-064 1.00000000e+000
  4.18049814e-025 4.56224522e-053 2.18386918e-042 1.03367079e-044
  2.10170874e-032 5.02825295e-052 8.40209933e-039 4.14647596e-030
  1.30790165e-005 3.43431087e-059 1.85146500e-056 3.61907311e-041
  2.82596335e-021 3.57430882e-034 5.87299099e-029 8.11230203e-023
  1.00000000e+000]
 [3.26672357e-040 3.67285346e-069 4.08849754e-042 4.18049814e-025
  1.00000000e+000 3.46449478e-055 1.97203037e-061 9.07459140e-055
  2.35841700e-020 9.30594525e-044 5.84965949e-043 3.74661487e-032
  4.91818642e-021 4.21059946e-057 2.21533293e-062 1.77234081e-054
  4.78987171e-049 4.65185434e-022 2.43092622e-059 2.17159074e-059
  1.00000000e+000]
 [2.69424382e-048 2.83336309e-063 2.53511447e-086 4.56224522e-053
  3.46449478e-055 1.00000000e+000 1.61082144e-020 8.57792399e-033
  1.48190374e-045 6.93971930e-017 1.98535454e-040 1.38266431e-019
  4.09238648e-073 1.36595636e-014 8.62508170e-036 1.10367933e-019
  1.56222151e-062 5.62793845e-062 2.01861030e-106 4.85484515e-028
  1.00000000e+000]
 [1.71514906e-023 1.79977304e-029 2.03104894e-049 2.18386918e-042
  1.97203037e-061 1.61082144e-020 1.00000000e+000 2.34849363e-033
  4.51986673e-062 1.73543639e-010 1.98980343e-020 1.84951187e-041
  5.31141434e-058 7.77923618e-014 4.21521034e-016 1.70865936e-018
  1.36453432e-038 5.39079335e-044 5.32412036e-060 3.73635696e-017
  1.00000000e+000]
 [4.38795074e-052 3.26766565e-059 3.53904198e-072 1.03367079e-044
  9.07459140e-055 8.57792399e-033 2.34849363e-033 1.00000000e+000
  7.78549858e-028 3.59227026e-024 3.82434838e-018 1.65809748e-043
  1.83019438e-060 8.02859191e-050 2.02396569e-074 7.71322160e-057
  3.55441721e-018 1.80479083e-060 3.36048520e-081 1.59752561e-018
  1.00000000e+000]
 [5.19330042e-053 3.48573163e-066 1.29576090e-063 2.10170874e-032
  2.35841700e-020 1.48190374e-045 4.51986673e-062 7.78549858e-028
  1.00000000e+000 9.00972508e-046 4.08657651e-039 5.11245114e-044
  2.61401877e-042 7.46327931e-071 8.44133250e-088 4.25607337e-058
  9.41133321e-031 1.50763382e-033 2.21762475e-066 6.17699939e-049
  1.00000000e+000]
 [6.55299094e-029 1.78492953e-043 8.92566647e-041 5.02825295e-052
  9.30594525e-044 6.93971930e-017 1.73543639e-010 3.59227026e-024
  9.00972508e-046 1.00000000e+000 8.82296595e-018 4.35209565e-036
  5.89942584e-064 2.96608761e-010 1.18035060e-022 2.93771072e-031
  3.09426036e-044 1.79152735e-041 1.88220739e-077 9.37896665e-030
  1.00000000e+000]
 [5.48430821e-013 4.41390977e-019 1.85113929e-026 8.40209933e-039
  5.84965949e-043 1.98535454e-040 1.98980343e-020 3.82434838e-018
  4.08657651e-039 8.82296595e-018 1.00000000e+000 9.33869806e-047
  1.38997818e-042 7.36991488e-045 6.71487718e-055 8.32307909e-034
  9.10729928e-021 1.20719449e-025 2.76402101e-062 2.40948497e-022
  1.00000000e+000]
 [1.99041156e-052 4.45785064e-082 1.43293590e-091 4.14647596e-030
  3.74661487e-032 1.38266431e-019 1.84951187e-041 1.65809748e-043
  5.11245114e-044 4.35209565e-036 9.33869806e-047 1.00000000e+000
  1.44959362e-036 1.30784820e-031 2.13121386e-051 2.92699960e-031
  2.30559839e-061 6.58177445e-061 1.07744379e-101 3.32422104e-028
  1.00000000e+000]
 [3.04065561e-038 5.23308433e-060 3.89313240e-057 1.30790165e-005
  4.91818642e-021 4.09238648e-073 5.31141434e-058 1.83019438e-060
  2.61401877e-042 5.89942584e-064 1.38997818e-042 1.44959362e-036
  1.00000000e+000 1.29550089e-074 1.43813360e-069 1.89280596e-052
  5.14791243e-032 9.40993312e-032 2.00747463e-036 1.02579782e-037
  1.00000000e+000]
 [2.28342944e-047 1.31995662e-068 9.15515905e-070 3.43431087e-059
  4.21059946e-057 1.36595636e-014 7.77923618e-014 8.02859191e-050
  7.46327931e-071 2.96608761e-010 7.36991488e-045 1.30784820e-031
  1.29550089e-074 1.00000000e+000 3.19647982e-009 4.81908313e-031
  6.36716657e-072 5.62959692e-064 9.81239758e-092 5.12925324e-038
  1.00000000e+000]
 [6.10259621e-044 2.59168249e-062 3.27230955e-060 1.85146500e-056
  2.21533293e-062 8.62508170e-036 4.21521034e-016 2.02396569e-074
  8.44133250e-088 1.18035060e-022 6.71487718e-055 2.13121386e-051
  1.43813360e-069 3.19647982e-009 1.00000000e+000 6.54305566e-035
  9.07846227e-076 2.01597266e-057 6.55477294e-066 5.42496574e-049
  1.00000000e+000]
 [8.47711530e-019 1.46194511e-026 5.45084413e-060 3.61907311e-041
  1.77234081e-054 1.10367933e-019 1.70865936e-018 7.71322160e-057
  4.25607337e-058 2.93771072e-031 8.32307909e-034 2.92699960e-031
  1.89280596e-052 4.81908313e-031 6.54305566e-035 1.00000000e+000
  8.40637369e-061 2.96464100e-034 5.59374314e-081 8.76900124e-031
  1.00000000e+000]
 [7.87730326e-042 2.61077083e-043 4.68003799e-056 2.82596335e-021
  4.78987171e-049 1.56222151e-062 1.36453432e-038 3.55441721e-018
  9.41133321e-031 3.09426036e-044 9.10729928e-021 2.30559839e-061
  5.14791243e-032 6.36716657e-072 9.07846227e-076 8.40637369e-061
  1.00000000e+000 8.93861041e-042 6.06782565e-031 1.19815601e-019
  1.00000000e+000]
 [2.09142327e-010 7.69887100e-020 5.63924791e-013 3.57430882e-034
  4.65185434e-022 5.62793845e-062 5.39079335e-044 1.80479083e-060
  1.50763382e-033 1.79152735e-041 1.20719449e-025 6.58177445e-061
  9.40993312e-032 5.62959692e-064 2.01597266e-057 2.96464100e-034
  8.93861041e-042 1.00000000e+000 2.62183657e-042 3.97487203e-058
  1.00000000e+000]
 [1.24915606e-055 1.88888329e-058 9.95402182e-056 5.87299099e-029
  2.43092622e-059 2.01861030e-106 5.32412036e-060 3.36048520e-081
  2.21762475e-066 1.88220739e-077 2.76402101e-062 1.07744379e-101
  2.00747463e-036 9.81239758e-092 6.55477294e-066 5.59374314e-081
  6.06782565e-031 2.62183657e-042 1.00000000e+000 4.17221103e-061
  1.00000000e+000]
 [3.33921776e-039 1.24920165e-046 2.97567009e-078 8.11230203e-023
  2.17159074e-059 4.85484515e-028 3.73635696e-017 1.59752561e-018
  6.17699939e-049 9.37896665e-030 2.40948497e-022 3.32422104e-028
  1.02579782e-037 5.12925324e-038 5.42496574e-049 8.76900124e-031
  1.19815601e-019 3.97487203e-058 4.17221103e-061 1.00000000e+000
  1.00000000e+000]
 [1.00000000e+000 1.00000000e+000 1.00000000e+000 1.00000000e+000
  1.00000000e+000 1.00000000e+000 1.00000000e+000 1.00000000e+000
  1.00000000e+000 1.00000000e+000 1.00000000e+000 1.00000000e+000
  1.00000000e+000 1.00000000e+000 1.00000000e+000 1.00000000e+000
  1.00000000e+000 1.00000000e+000 1.00000000e+000 1.00000000e+000
  0.00000000e+000]]
