[[1.00000000e+000 1.17356218e-043 3.44555132e-034 5.61092427e-047
  1.60874986e-055 1.82500303e-044 6.31436541e-026 1.10729034e-025
  1.85569418e-045 5.63487912e-015 1.76350525e-015 2.65275136e-056
  6.26290147e-030 4.81211326e-037 1.97977878e-030 1.36708666e-030
  2.84067436e-053 1.21855824e-017 6.26543237e-031 6.73950342e-018
  1.00000000e+000]
 [1.17356218e-043 1.00000000e+000 1.18969761e-046 7.54228796e-077
  9.01287309e-043 1.96271491e-044 6.65399697e-032 5.68722595e-056
  5.96018529e-029 4.65074078e-040 1.73829560e-032 2.84835500e-026
  1.32447705e-032 1.56245395e-049 1.51671037e-060 5.55984142e-039
  4.94338334e-010 1.63196617e-073 1.83451951e-105 1.15086725e-068
  1.00000000e+000]
 [3.44555132e-034 1.18969761e-046 1.00000000e+000 4.71544632e-048
  1.38513281e-056 1.34078156e-066 1.54322799e-065 1.67817919e-048
  1.99147823e-018 2.38899945e-043 6.13952952e-038 5.02800324e-030
  3.92474468e-040 9.25884073e-089 2.28120206e-031 1.17427088e-045
  1.64005931e-047 1.95134191e-026 2.58069989e-088 4.20984195e-075
  1.00000000e+000]
 [5.61092427e-047 7.54228796e-077 4.71544632e-048 1.00000000e+000
  1.11699419e-031 2.06235190e-016 2.26676006e-033 1.50798702e-043
  5.34874583e-055 6.13409568e-020 3.34465756e-029 1.36291588e-091
  2.46461103e-080 3.73972399e-035 1.47718787e-022 7.23918809e-042
  6.44445900e-069 1.13315619e-033 2.04746505e-045 7.07172367e-073
  1.00000000e+000]
 [1.60874986e-055 9.01287309e-043 1.38513281e-056 1.11699419e-031
  1.00000000e+000 2.55205500e-030 2.92716670e-035 9.41593690e-069
  2.13222846e-058 2.40004068e-039 3.36471814e-028 1.29025107e-087
  3.21601110e-087 6.88640476e-034 1.89244563e-022 3.00756583e-021
  2.47486200e-032 6.86952698e-048 8.13681968e-077 3.73042043e-103
  1.00000000e+000]
 [1.82500303e-044 1.96271491e-044 1.34078156e-066 2.06235190e-016
  2.55205500e-030 1.00000000e+000 4.33602205e-009 1.69053595e-038
  1.43664897e-051 7.58618395e-012 1.69363671e-022 1.53329847e-074
  4.41241901e-060 4.45530321e-011 1.48822595e-039 3.77115767e-037
  5.17988989e-046 7.12120421e-057 3.13274452e-049 4.16398783e-054
  1.00000000e+000]
 [6.31436541e-026 6.65399697e-032 1.54322799e-065 2.26676006e-033
  2.92716670e-035 4.33602205e-009 1.00000000e+000 1.27891463e-026
  1.55733819e-047 6.22222540e-011 9.88594076e-012 2.87218062e-064
  2.81194830e-039 1.00049517e-004 6.64776977e-036 1.77078879e-027
  2.11052362e-040 2.14949807e-046 1.21788146e-037 1.14493144e-029
  1.00000000e+000]
 [1.10729034e-025 5.68722595e-056 1.67817919e-048 1.50798702e-043
  9.41593690e-069 1.69053595e-038 1.27891463e-026 1.00000000e+000
  6.18304610e-027 1.13964051e-028 1.64023490e-011 5.75070209e-071
  7.23771150e-047 8.11619612e-044 2.53347411e-035 1.16596949e-064
  1.99727489e-051 5.54509795e-031 9.13800589e-063 5.13815410e-036
  1.00000000e+000]
 [1.85569418e-045 5.96018529e-029 1.99147823e-018 5.34874583e-055
  2.13222846e-058 1.43664897e-051 1.55733819e-047 6.18304610e-027
  1.00000000e+000 4.31177784e-046 6.64308334e-027 5.60765145e-025
  1.65718345e-034 1.38383422e-074 7.28291357e-040 2.06209997e-058
  9.46199391e-027 2.79478555e-045 6.52917444e-109 3.30071307e-073
  1.00000000e+000]
 [5.63487912e-015 4.65074078e-040 2.38899945e-043 6.13409568e-020
  2.40004068e-039 7.58618395e-012 6.22222540e-011 1.13964051e-028
  4.31177784e-046 1.00000000e+000 3.09875853e-016 5.45078653e-059
  2.69113925e-039 8.57440297e-017 1.63332210e-033 8.21014194e-030
  5.43271164e-047 9.63563629e-034 2.75791459e-029 1.82028795e-026
  1.00000000e+000]
 [1.76350525e-015 1.73829560e-032 6.13952952e-038 3.34465756e-029
  3.36471814e-028 1.69363671e-022 9.88594076e-012 1.64023490e-011
  6.64308334e-027 3.09875853e-016 1.00000000e+000 2.17651501e-060
  5.07864293e-041 4.47055892e-021 8.38795821e-015 2.60820110e-027
  2.47115345e-029 1.21726299e-019 9.69234004e-046 7.49764449e-038
  1.00000000e+000]
 [2.65275136e-056 2.84835500e-026 5.02800324e-030 1.36291588e-091
  1.29025107e-087 1.53329847e-074 2.87218062e-064 5.75070209e-071
  5.60765145e-025 5.45078653e-059 2.17651501e-060 1.00000000e+000
  1.00946939e-013 1.68043189e-093 3.13675273e-075 1.05869777e-055
  7.08414915e-051 1.56193173e-076 1.44393610e-114 5.57450342e-069
  1.00000000e+000]
 [6.26290147e-030 1.32447705e-032 3.92474468e-040 2.46461103e-080
  3.21601110e-087 4.41241901e-060 2.81194830e-039 7.23771150e-047
  1.65718345e-034 2.69113925e-039 5.07864293e-041 1.00946939e-013
  1.00000000e+000 7.03111572e-062 1.17835183e-060 4.64020719e-041
  4.78003186e-063 2.42356045e-054 1.83652716e-065 7.92033839e-026
  1.00000000e+000]
 [4.81211326e-037 1.56245395e-049 9.25884073e-089 3.73972399e-035
  6.88640476e-034 4.45530321e-011 1.00049517e-004 8.11619612e-044
  1.38383422e-074 8.57440297e-017 4.47055892e-021 1.68043189e-093
  7.03111572e-062 1.00000000e+000 1.39504720e-041 4.41961716e-029
  4.41221996e-057 4.72770176e-056 8.11601377e-033 3.06710986e-041
  1.00000000e+000]
 [1.97977878e-030 1.51671037e-060 2.28120206e-031 1.47718787e-022
  1.89244563e-022 1.48822595e-039 6.64776977e-036 2.53347411e-035
  7.28291357e-040 1.63332210e-033 8.38795821e-015 3.13675273e-075
  1.17835183e-060 1.39504720e-041 1.00000000e+000 2.07651842e-020
  1.06598134e-054 1.83969066e-008 3.18043875e-045 1.14742283e-066
  1.00000000e+000]
 [1.36708666e-030 5.55984142e-039 1.17427088e-045 7.23918809e-042
  3.00756583e-021 3.77115767e-037 1.77078879e-027 1.16596949e-064
  2.06209997e-058 8.21014194e-030 2.60820110e-027 1.05869777e-055
  4.64020719e-041 4.41961716e-029 2.07651842e-020 1.00000000e+000
  2.29922353e-053 6.17568246e-032 1.98906055e-037 3.15986026e-055
  1.00000000e+000]
 [2.84067436e-053 4.94338334e-010 1.64005931e-047 6.44445900e-069
  2.47486200e-032 5.17988989e-046 2.11052362e-040 1.99727489e-051
  9.46199391e-027 5.43271164e-047 2.47115345e-029 7.08414915e-051
  4.78003186e-063 4.41221996e-057 1.06598134e-054 2.29922353e-053
  1.00000000e+000 8.49733920e-072 8.02015051e-126 5.71539159e-096
  1.00000000e+000]
 [1.21855824e-017 1.63196617e-073 1.95134191e-026 1.13315619e-033
  6.86952698e-048 7.12120421e-057 2.14949807e-046 5.54509795e-031
  2.79478555e-045 9.63563629e-034 1.21726299e-019 1.56193173e-076
  2.42356045e-054 4.72770176e-056 1.83969066e-008 6.17568246e-032
  8.49733920e-072 1.00000000e+000 3.24904450e-037 1.17158401e-049
  1.00000000e+000]
 [6.26543237e-031 1.83451951e-105 2.58069989e-088 2.04746505e-045
  8.13681968e-077 3.13274452e-049 1.21788146e-037 9.13800589e-063
  6.52917444e-109 2.75791459e-029 9.69234004e-046 1.44393610e-114
  1.83652716e-065 8.11601377e-033 3.18043875e-045 1.98906055e-037
  8.02015051e-126 3.24904450e-037 1.00000000e+000 3.51415426e-027
  1.00000000e+000]
 [6.73950342e-018 1.15086725e-068 4.20984195e-075 7.07172367e-073
  3.73042043e-103 4.16398783e-054 1.14493144e-029 5.13815410e-036
  3.30071307e-073 1.82028795e-026 7.49764449e-038 5.57450342e-069
  7.92033839e-026 3.06710986e-041 1.14742283e-066 3.15986026e-055
  5.71539159e-096 1.17158401e-049 3.51415426e-027 1.00000000e+000
  1.00000000e+000]
 [1.00000000e+000 1.00000000e+000 1.00000000e+000 1.00000000e+000
  1.00000000e+000 1.00000000e+000 1.00000000e+000 1.00000000e+000
  1.00000000e+000 1.00000000e+000 1.00000000e+000 1.00000000e+000
  1.00000000e+000 1.00000000e+000 1.00000000e+000 1.00000000e+000
  1.00000000e+000 1.00000000e+000 1.00000000e+000 1.00000000e+000
  0.00000000e+000]]
