[[1.00000000e+000 1.05501704e-043 2.29799677e-064 2.55699248e-035
  7.98273455e-029 3.03938768e-045 4.27667254e-032 2.85862191e-021
  1.51833730e-017 5.33225439e-025 2.03236790e-048 2.13317072e-071
  4.10385238e-068 2.91456452e-026 4.91083205e-027 4.78515010e-023
  2.37675873e-036 2.04418205e-053 5.98708136e-043 3.33681684e-037
  1.00000000e+000]
 [1.05501704e-043 1.00000000e+000 1.91466227e-068 4.18632277e-059
  1.86793678e-043 3.75177168e-028 7.05741710e-039 7.93158829e-030
  1.00321372e-026 5.38672211e-033 2.79410407e-061 8.31061530e-079
  3.99184407e-029 1.54844422e-016 3.35109890e-037 7.63270441e-062
  7.02007405e-025 1.55844639e-034 2.53880542e-053 1.57864734e-064
  1.00000000e+000]
 [2.29799677e-064 1.91466227e-068 1.00000000e+000 1.86203039e-027
  1.89431346e-074 4.82990196e-043 3.10041164e-019 7.50492145e-057
  1.78691427e-070 1.17816255e-039 3.89715439e-098 7.20852177e-062
  9.20310896e-041 2.59641734e-075 1.11571709e-013 1.84573876e-070
  7.68720633e-048 7.27737805e-052 1.51730859e-052 5.12849301e-018
  1.00000000e+000]
 [2.55699248e-035 4.18632277e-059 1.86203039e-027 1.00000000e+000
  4.14542626e-023 6.57344453e-066 2.98743707e-018 8.99481051e-015
  7.72761054e-066 4.59930129e-042 9.37545264e-055 5.94227123e-032
  6.56397129e-041 1.92673751e-052 3.47381147e-024 4.67812093e-040
  1.81445075e-035 6.66471338e-032 9.95847378e-061 4.75153035e-033
  1.00000000e+000]
 [7.98273455e-029 1.86793678e-043 1.89431346e-074 4.14542626e-023
  1.00000000e+000 7.71401749e-074 3.97430559e-027 7.46064414e-008
  1.00400484e-050 4.05718555e-045 1.06960556e-071 5.27607895e-077
  8.10261106e-064 3.54871322e-027 4.18453431e-042 2.42468316e-062
  2.46846693e-033 5.03535028e-052 1.57263869e-085 9.90151826e-078
  1.00000000e+000]
 [3.03938768e-045 3.75177168e-028 4.82990196e-043 6.57344453e-066
  7.71401749e-074 1.00000000e+000 2.73490013e-037 3.08306487e-051
  1.61922002e-030 3.71595632e-044 8.94930241e-101 8.88614659e-097
  2.46137737e-049 3.37977133e-048 3.83212802e-021 1.75735457e-072
  6.04692693e-060 1.78761469e-044 2.16579998e-058 3.98201896e-045
  1.00000000e+000]
 [4.27667254e-032 7.05741710e-039 3.10041164e-019 2.98743707e-018
  3.97430559e-027 2.73490013e-037 1.00000000e+000 3.43816075e-026
  9.56848512e-040 3.52914435e-016 8.74166003e-083 9.81435134e-074
  2.99923173e-047 3.04794713e-034 1.91972739e-005 1.18840978e-063
  2.18223840e-020 9.52703061e-048 1.02212129e-056 9.88504224e-034
  1.00000000e+000]
 [2.85862191e-021 7.93158829e-030 7.50492145e-057 8.99481051e-015
  7.46064414e-008 3.08306487e-051 3.43816075e-026 1.00000000e+000
  1.63942928e-042 9.29966850e-042 1.91986054e-044 1.40883773e-043
  2.66687503e-039 8.38127365e-027 9.08224813e-032 2.81055591e-036
  1.10372186e-031 1.91184788e-023 2.95897387e-063 2.94755580e-053
  1.00000000e+000]
 [1.51833730e-017 1.00321372e-026 1.78691427e-070 7.72761054e-066
  1.00400484e-050 1.61922002e-030 9.56848512e-040 1.63942928e-042
  1.00000000e+000 6.78642223e-019 6.28760274e-077 1.73981963e-108
  4.37403070e-056 8.86677232e-012 5.37707579e-032 1.32362095e-046
  1.58206992e-030 2.75398083e-074 4.87930128e-028 1.07710105e-044
  1.00000000e+000]
 [5.33225439e-025 5.38672211e-033 1.17816255e-039 4.59930129e-042
  4.05718555e-045 3.71595632e-044 3.52914435e-016 9.29966850e-042
  6.78642223e-019 1.00000000e+000 1.50405401e-064 1.68887006e-085
  9.67569661e-051 8.11562184e-021 1.07199415e-015 7.33588569e-048
  1.01378002e-008 1.17088851e-066 3.10216504e-029 1.33769715e-028
  1.00000000e+000]
 [2.03236790e-048 2.79410407e-061 3.89715439e-098 9.37545264e-055
  1.06960556e-071 8.94930241e-101 8.74166003e-083 1.91986054e-044
  6.28760274e-077 1.50405401e-064 1.00000000e+000 5.30447210e-023
  1.04519295e-060 1.28330960e-069 4.15198152e-076 2.00354131e-015
  6.90963568e-054 6.11307068e-037 7.79249602e-060 1.28795928e-057
  1.00000000e+000]
 [2.13317072e-071 8.31061530e-079 7.20852177e-062 5.94227123e-032
  5.27607895e-077 8.88614659e-097 9.81435134e-074 1.40883773e-043
  1.73981963e-108 1.68887006e-085 5.30447210e-023 1.00000000e+000
  4.21381486e-043 2.30798947e-097 1.00468300e-067 1.00965813e-029
  5.63035116e-071 1.01589779e-020 3.77997438e-072 6.18634216e-047
  1.00000000e+000]
 [4.10385238e-068 3.99184407e-029 9.20310896e-041 6.56397129e-041
  8.10261106e-064 2.46137737e-049 2.99923173e-047 2.66687503e-039
  4.37403070e-056 9.67569661e-051 1.04519295e-060 4.21381486e-043
  1.00000000e+000 1.04989883e-041 1.44217822e-044 3.26470734e-052
  3.60797487e-034 1.25863963e-032 3.49233191e-033 6.96527264e-040
  1.00000000e+000]
 [2.91456452e-026 1.54844422e-016 2.59641734e-075 1.92673751e-052
  3.54871322e-027 3.37977133e-048 3.04794713e-034 8.38127365e-027
  8.86677232e-012 8.11562184e-021 1.28330960e-069 2.30798947e-097
  1.04989883e-041 1.00000000e+000 4.50280842e-039 3.35812865e-054
  5.13543720e-015 9.27162495e-066 2.38356208e-038 1.21656427e-060
  1.00000000e+000]
 [4.91083205e-027 3.35109890e-037 1.11571709e-013 3.47381147e-024
  4.18453431e-042 3.83212802e-021 1.91972739e-005 9.08224813e-032
  5.37707579e-032 1.07199415e-015 4.15198152e-076 1.00468300e-067
  1.44217822e-044 4.50280842e-039 1.00000000e+000 9.07619663e-052
  8.89488942e-028 3.49710750e-041 1.00217277e-044 5.28979380e-020
  1.00000000e+000]
 [4.78515010e-023 7.63270441e-062 1.84573876e-070 4.67812093e-040
  2.42468316e-062 1.75735457e-072 1.18840978e-063 2.81055591e-036
  1.32362095e-046 7.33588569e-048 2.00354131e-015 1.00965813e-029
  3.26470734e-052 3.35812865e-054 9.07619663e-052 1.00000000e+000
  2.63638881e-050 6.68990720e-043 9.21645240e-030 4.10836788e-027
  1.00000000e+000]
 [2.37675873e-036 7.02007405e-025 7.68720633e-048 1.81445075e-035
  2.46846693e-033 6.04692693e-060 2.18223840e-020 1.10372186e-031
  1.58206992e-030 1.01378002e-008 6.90963568e-054 5.63035116e-071
  3.60797487e-034 5.13543720e-015 8.89488942e-028 2.63638881e-050
  1.00000000e+000 4.85317772e-057 2.53637533e-034 1.03423855e-041
  1.00000000e+000]
 [2.04418205e-053 1.55844639e-034 7.27737805e-052 6.66471338e-032
  5.03535028e-052 1.78761469e-044 9.52703061e-048 1.91184788e-023
  2.75398083e-074 1.17088851e-066 6.11307068e-037 1.01589779e-020
  1.25863963e-032 9.27162495e-066 3.49710750e-041 6.68990720e-043
  4.85317772e-057 1.00000000e+000 1.08175995e-076 2.04755816e-052
  1.00000000e+000]
 [5.98708136e-043 2.53880542e-053 1.51730859e-052 9.95847378e-061
  1.57263869e-085 2.16579998e-058 1.02212129e-056 2.95897387e-063
  4.87930128e-028 3.10216504e-029 7.79249602e-060 3.77997438e-072
  3.49233191e-033 2.38356208e-038 1.00217277e-044 9.21645240e-030
  2.53637533e-034 1.08175995e-076 1.00000000e+000 2.99796228e-018
  1.00000000e+000]
 [3.33681684e-037 1.57864734e-064 5.12849301e-018 4.75153035e-033
  9.90151826e-078 3.98201896e-045 9.88504224e-034 2.94755580e-053
  1.07710105e-044 1.33769715e-028 1.28795928e-057 6.18634216e-047
  6.96527264e-040 1.21656427e-060 5.28979380e-020 4.10836788e-027
  1.03423855e-041 2.04755816e-052 2.99796228e-018 1.00000000e+000
  1.00000000e+000]
 [1.00000000e+000 1.00000000e+000 1.00000000e+000 1.00000000e+000
  1.00000000e+000 1.00000000e+000 1.00000000e+000 1.00000000e+000
  1.00000000e+000 1.00000000e+000 1.00000000e+000 1.00000000e+000
  1.00000000e+000 1.00000000e+000 1.00000000e+000 1.00000000e+000
  1.00000000e+000 1.00000000e+000 1.00000000e+000 1.00000000e+000
  0.00000000e+000]]
