[[1.00000000e+00 2.93553815e-61 5.39571404e-34 ... 1.23267013e-38
  7.40072576e-72 1.00000000e+00]
 [2.93553815e-61 1.00000000e+00 2.14092603e-52 ... 2.53730347e-34
  2.71445058e-40 1.00000000e+00]
 [5.39571404e-34 2.14092603e-52 1.00000000e+00 ... 5.07537660e-25
  1.43027321e-13 1.00000000e+00]
 ...
 [1.23267013e-38 2.53730347e-34 5.07537660e-25 ... 1.00000000e+00
  1.90235046e-26 1.00000000e+00]
 [7.40072576e-72 2.71445058e-40 1.43027321e-13 ... 1.90235046e-26
  1.00000000e+00 1.00000000e+00]
 [1.00000000e+00 1.00000000e+00 1.00000000e+00 ... 1.00000000e+00
  1.00000000e+00 0.00000000e+00]]
