[[1.00000000e+00 1.83112558e-51 2.27812093e-30 1.12767716e-62
  6.46866359e-26 5.33697795e-25 8.92077157e-31 1.24564275e-47
  2.30135723e-59 9.53286023e-85 3.17683215e-58 2.95441148e-34
  2.95210597e-30 1.41300000e-39 4.09439314e-27 2.71411971e-72
  1.61018068e-68 6.30765255e-29 3.33376132e-59 1.07035022e-30
  1.62900496e-68 3.18162774e-54 4.34980682e-61 4.67885035e-25
  1.63549619e-62 1.41509511e-29 1.12205728e-33 6.03351891e-57
  1.27148899e-34 2.91714331e-56 1.00000000e+00]
 [1.83112558e-51 1.00000000e+00 1.05006889e-34 4.77403543e-28
  6.32877485e-29 3.17518362e-28 1.51432384e-40 1.39760927e-66
  6.10036276e-40 7.65413624e-61 1.60428790e-58 5.30199188e-50
  3.01021860e-64 3.79680864e-65 1.43781254e-27 1.35393684e-42
  3.58253463e-24 2.31447544e-29 4.37941293e-57 1.24329218e-37
  4.90052161e-67 2.12022192e-67 4.02749661e-25 3.41435261e-76
  9.21490535e-25 2.30418932e-75 2.64688333e-48 9.84141193e-62
  3.49606411e-86 3.61207961e-34 1.00000000e+00]
 [2.27812093e-30 1.05006889e-34 1.00000000e+00 5.59990211e-38
  1.10464873e-42 1.92065208e-25 7.76616036e-29 2.32869230e-48
  3.72235524e-77 1.61531152e-61 6.73724251e-74 1.87337466e-29
  3.95640680e-57 1.18327638e-37 1.27040041e-33 7.89966238e-29
  2.12060546e-36 9.24064529e-53 2.46195532e-66 6.97740997e-31
  6.56007766e-65 1.65045508e-30 1.17855015e-65 1.87797668e-65
  2.29916372e-38 5.53541137e-50 3.75495597e-35 3.24418149e-62
  1.80934754e-32 1.38932259e-31 1.00000000e+00]
 [1.12767716e-62 4.77403543e-28 5.59990211e-38 1.00000000e+00
  2.60966550e-65 1.38117007e-23 1.22571936e-32 1.79717475e-30
  1.01713695e-30 1.68060564e-32 4.83381822e-73 3.46564837e-73
  9.77911168e-56 4.85141509e-24 4.83337652e-28 6.40394713e-28
  1.03175418e-29 8.32980355e-48 4.59534700e-26 1.11018436e-49
  7.99078774e-59 9.10786042e-58 3.95367399e-44 3.37375181e-64
  1.50271817e-28 5.87111225e-90 5.96429924e-57 4.13075108e-52
  5.58680860e-64 2.09755908e-64 1.00000000e+00]
 [6.46866359e-26 6.32877485e-29 1.10464873e-42 2.60966550e-65
  1.00000000e+00 5.13860450e-50 2.07829292e-56 1.52104586e-75
  3.36090838e-43 4.56155611e-66 7.02153042e-30 4.98448391e-41
  1.39137537e-26 2.27124736e-58 1.61891732e-25 1.82888227e-58
  7.51761408e-53 2.63973027e-32 7.53773419e-64 5.71955161e-27
  3.25324481e-64 1.81065787e-42 2.18336457e-27 7.66540561e-45
  1.58883535e-27 3.16007724e-23 1.49091419e-31 1.26442214e-31
  3.94950085e-62 1.17498822e-24 1.00000000e+00]
 [5.33697795e-25 3.17518362e-28 1.92065208e-25 1.38117007e-23
  5.13860450e-50 1.00000000e+00 1.58821537e-26 3.35559384e-24
  4.14769088e-40 2.09337694e-64 5.39696477e-71 7.24377763e-44
  7.84989470e-48 2.55663653e-38 1.22314636e-29 8.77484211e-61
  9.69366405e-34 6.40531039e-27 1.27682136e-52 4.02700287e-25
  2.83269180e-71 7.19096964e-63 1.04704058e-61 9.19361781e-51
  2.86996506e-49 1.84121703e-75 1.85186912e-62 1.37401788e-78
  3.05287089e-52 1.22530878e-69 1.00000000e+00]
 [8.92077157e-31 1.51432384e-40 7.76616036e-29 1.22571936e-32
  2.07829292e-56 1.58821537e-26 1.00000000e+00 9.71415176e-38
  1.42032602e-61 2.12133676e-59 9.16335053e-69 4.98825318e-32
  1.70930670e-70 2.66050542e-36 1.36678027e-39 1.22812211e-33
  5.73272008e-45 1.17244845e-23 3.66881925e-25 3.25907784e-58
  1.74533925e-31 2.13404052e-69 3.34842255e-41 6.80903625e-31
  5.96645544e-67 1.04683186e-53 2.93454151e-26 8.71854277e-59
  9.54591158e-33 1.56174375e-47 1.00000000e+00]
 [1.24564275e-47 1.39760927e-66 2.32869230e-48 1.79717475e-30
  1.52104586e-75 3.35559384e-24 9.71415176e-38 1.00000000e+00
  7.12234030e-33 3.61948534e-29 9.31245741e-50 4.04847845e-47
  8.18113365e-43 1.04148047e-27 3.63357704e-61 1.48780333e-56
  1.97689709e-33 1.55828567e-38 8.18965042e-36 5.93784589e-31
  2.74361846e-42 8.91192773e-47 5.73917245e-69 2.07583320e-34
  4.54203516e-59 1.96888865e-67 1.77294682e-82 1.35247204e-63
  1.19504067e-28 7.11047283e-81 1.00000000e+00]
 [2.30135723e-59 6.10036276e-40 3.72235524e-77 1.01713695e-30
  3.36090838e-43 4.14769088e-40 1.42032602e-61 7.12234030e-33
  1.00000000e+00 8.65993125e-30 4.41774526e-29 5.72544468e-74
  1.58378687e-27 2.61000564e-43 1.25487082e-40 9.48851812e-66
  9.47816977e-38 4.42197637e-30 2.06895623e-31 1.08339450e-34
  3.00311511e-54 7.11460484e-62 1.78340373e-29 1.03772237e-41
  2.85136881e-31 8.03241122e-69 1.37388663e-77 4.00493247e-39
  1.54014293e-75 5.68311605e-72 1.00000000e+00]
 [9.53286023e-85 7.65413624e-61 1.61531152e-61 1.68060564e-32
  4.56155611e-66 2.09337694e-64 2.12133676e-59 3.61948534e-29
  8.65993125e-30 1.00000000e+00 1.24967613e-28 1.35453393e-59
  1.02414807e-47 5.31623851e-36 2.92843620e-67 2.38042246e-26
  1.99764072e-25 4.91788359e-57 2.49016851e-29 1.79314533e-44
  1.58009103e-26 4.57811765e-29 1.15170295e-39 7.07252674e-53
  1.81467624e-29 1.08486990e-58 3.05413928e-72 7.45894450e-29
  8.59337040e-44 5.03218809e-48 1.00000000e+00]
 [3.17683215e-58 1.60428790e-58 6.73724251e-74 4.83381822e-73
  7.02153042e-30 5.39696477e-71 9.16335053e-69 9.31245741e-50
  4.41774526e-29 1.24967613e-28 1.00000000e+00 1.13296515e-36
  1.21672762e-34 2.82256377e-66 8.49629112e-71 6.47311720e-61
  2.51885444e-37 1.38351388e-31 6.91218663e-51 2.05942820e-29
  5.41563715e-28 2.16337563e-38 1.90296730e-27 3.70544482e-34
  1.33005478e-41 1.54162105e-26 1.90970532e-67 3.37044595e-30
  2.43037181e-49 7.00165904e-36 1.00000000e+00]
 [2.95441148e-34 5.30199188e-50 1.87337466e-29 3.46564837e-73
  4.98448391e-41 7.24377763e-44 4.98825318e-32 4.04847845e-47
  5.72544468e-74 1.35453393e-59 1.13296515e-36 1.00000000e+00
  2.81841649e-68 6.77236443e-72 3.23685470e-73 2.15637793e-51
  1.18341808e-30 4.43241927e-26 3.17691130e-69 9.52002355e-29
  1.76463478e-30 2.75339357e-44 7.09925828e-52 6.87584103e-43
  2.26314975e-66 5.92675316e-31 1.70869476e-51 4.55030669e-69
  5.54993907e-26 7.56647619e-26 1.00000000e+00]
 [2.95210597e-30 3.01021860e-64 3.95640680e-57 9.77911168e-56
  1.39137537e-26 7.84989470e-48 1.70930670e-70 8.18113365e-43
  1.58378687e-27 1.02414807e-47 1.21672762e-34 2.81841649e-68
  1.00000000e+00 1.89521250e-26 1.09114256e-28 1.95336662e-70
  2.18728219e-67 4.92246181e-52 6.82313381e-52 3.43037278e-25
  8.92879397e-74 1.27117792e-30 3.25292040e-56 2.26154617e-32
  5.83730560e-32 2.52185380e-32 1.32816696e-56 9.54750036e-26
  1.46317036e-47 2.79337256e-65 1.00000000e+00]
 [1.41300000e-39 3.79680864e-65 1.18327638e-37 4.85141509e-24
  2.27124736e-58 2.55663653e-38 2.66050542e-36 1.04148047e-27
  2.61000564e-43 5.31623851e-36 2.82256377e-66 6.77236443e-72
  1.89521250e-26 1.00000000e+00 1.26601918e-24 6.03777855e-34
  1.71100428e-62 4.46087927e-61 2.75672853e-23 5.38243076e-50
  3.38496381e-57 1.30081128e-34 5.34980793e-61 2.97413362e-34
  3.66677083e-39 9.33634457e-51 1.05704970e-38 2.33565660e-28
  5.55913985e-30 7.55832423e-68 1.00000000e+00]
 [4.09439314e-27 1.43781254e-27 1.27040041e-33 4.83337652e-28
  1.61891732e-25 1.22314636e-29 1.36678027e-39 3.63357704e-61
  1.25487082e-40 2.92843620e-67 8.49629112e-71 3.23685470e-73
  1.09114256e-28 1.26601918e-24 1.00000000e+00 1.79173249e-46
  1.65058958e-63 2.19297334e-46 1.11282196e-41 3.10629607e-45
  2.13070048e-82 8.74487934e-55 1.98427211e-41 2.21507410e-50
  2.02334268e-26 4.27451550e-55 8.40919908e-26 6.37351015e-36
  2.04953786e-66 1.02431970e-53 1.00000000e+00]
 [2.71411971e-72 1.35393684e-42 7.89966238e-29 6.40394713e-28
  1.82888227e-58 8.77484211e-61 1.22812211e-33 1.48780333e-56
  9.48851812e-66 2.38042246e-26 6.47311720e-61 2.15637793e-51
  1.95336662e-70 6.03777855e-34 1.79173249e-46 1.00000000e+00
  5.22266141e-34 1.70715320e-63 7.48183080e-33 4.64596343e-62
  1.05952243e-33 1.98118183e-33 3.00417116e-37 4.60029468e-66
  1.72121231e-29 2.95577828e-55 3.14200061e-30 7.29636552e-32
  9.89360814e-42 2.27346707e-23 1.00000000e+00]
 [1.61018068e-68 3.58253463e-24 2.12060546e-36 1.03175418e-29
  7.51761408e-53 9.69366405e-34 5.73272008e-45 1.97689709e-33
  9.47816977e-38 1.99764072e-25 2.51885444e-37 1.18341808e-30
  2.18728219e-67 1.71100428e-62 1.65058958e-63 5.22266141e-34
  1.00000000e+00 1.59075301e-33 1.11418095e-54 1.20449558e-24
  1.27465060e-37 7.41739935e-43 2.75703782e-38 1.35909350e-70
  1.16480055e-30 1.64512059e-71 8.91036939e-76 1.81351827e-64
  5.75351260e-56 1.11096599e-34 1.00000000e+00]
 [6.30765255e-29 2.31447544e-29 9.24064529e-53 8.32980355e-48
  2.63973027e-32 6.40531039e-27 1.17244845e-23 1.55828567e-38
  4.42197637e-30 4.91788359e-57 1.38351388e-31 4.43241927e-26
  4.92246181e-52 4.46087927e-61 2.19297334e-46 1.70715320e-63
  1.59075301e-33 1.00000000e+00 5.21151279e-37 2.73653072e-34
  2.65675569e-32 1.55213384e-74 1.52656039e-23 9.09510308e-25
  5.93608204e-59 5.60702016e-47 7.05415301e-50 2.50416528e-58
  5.68582265e-53 2.11265533e-47 1.00000000e+00]
 [3.33376132e-59 4.37941293e-57 2.46195532e-66 4.59534700e-26
  7.53773419e-64 1.27682136e-52 3.66881925e-25 8.18965042e-36
  2.06895623e-31 2.49016851e-29 6.91218663e-51 3.17691130e-69
  6.82313381e-52 2.75672853e-23 1.11282196e-41 7.48183080e-33
  1.11418095e-54 5.21151279e-37 1.00000000e+00 5.33512322e-72
  4.46767746e-25 2.55238547e-67 4.81631090e-27 1.31050150e-24
  4.26979532e-53 4.45514758e-58 2.29064432e-38 2.93799284e-27
  4.67886898e-47 6.77252594e-63 1.00000000e+00]
 [1.07035022e-30 1.24329218e-37 6.97740997e-31 1.11018436e-49
  5.71955161e-27 4.02700287e-25 3.25907784e-58 5.93784589e-31
  1.08339450e-34 1.79314533e-44 2.05942820e-29 9.52002355e-29
  3.43037278e-25 5.38243076e-50 3.10629607e-45 4.64596343e-62
  1.20449558e-24 2.73653072e-34 5.33512322e-72 1.00000000e+00
  1.07313483e-62 1.95317461e-25 1.77628346e-56 6.52411033e-51
  1.14018548e-29 2.26825777e-42 2.40770625e-71 2.10134582e-56
  1.74771143e-42 5.41244904e-44 1.00000000e+00]
 [1.62900496e-68 4.90052161e-67 6.56007766e-65 7.99078774e-59
  3.25324481e-64 2.83269180e-71 1.74533925e-31 2.74361846e-42
  3.00311511e-54 1.58009103e-26 5.41563715e-28 1.76463478e-30
  8.92879397e-74 3.38496381e-57 2.13070048e-82 1.05952243e-33
  1.27465060e-37 2.65675569e-32 4.46767746e-25 1.07313483e-62
  1.00000000e+00 4.85812725e-56 3.08001712e-29 1.80194048e-29
  1.47821571e-67 6.67645183e-40 3.26189914e-50 2.20236619e-40
  1.77441100e-31 4.70544967e-37 1.00000000e+00]
 [3.18162774e-54 2.12022192e-67 1.65045508e-30 9.10786042e-58
  1.81065787e-42 7.19096964e-63 2.13404052e-69 8.91192773e-47
  7.11460484e-62 4.57811765e-29 2.16337563e-38 2.75339357e-44
  1.27117792e-30 1.30081128e-34 8.74487934e-55 1.98118183e-33
  7.41739935e-43 1.55213384e-74 2.55238547e-67 1.95317461e-25
  4.85812725e-56 1.00000000e+00 9.59624468e-67 4.13047002e-60
  1.99319647e-25 3.25549694e-30 7.56275989e-56 4.07462142e-31
  1.33948873e-26 1.34353075e-32 1.00000000e+00]
 [4.34980682e-61 4.02749661e-25 1.17855015e-65 3.95367399e-44
  2.18336457e-27 1.04704058e-61 3.34842255e-41 5.73917245e-69
  1.78340373e-29 1.15170295e-39 1.90296730e-27 7.09925828e-52
  3.25292040e-56 5.34980793e-61 1.98427211e-41 3.00417116e-37
  2.75703782e-38 1.52656039e-23 4.81631090e-27 1.77628346e-56
  3.08001712e-29 9.59624468e-67 1.00000000e+00 2.51636519e-43
  9.93385380e-34 9.03600283e-47 5.47078019e-35 9.36558761e-27
  2.98627788e-73 2.03454289e-27 1.00000000e+00]
 [4.67885035e-25 3.41435261e-76 1.87797668e-65 3.37375181e-64
  7.66540561e-45 9.19361781e-51 6.80903625e-31 2.07583320e-34
  1.03772237e-41 7.07252674e-53 3.70544482e-34 6.87584103e-43
  2.26154617e-32 2.97413362e-34 2.21507410e-50 4.60029468e-66
  1.35909350e-70 9.09510308e-25 1.31050150e-24 6.52411033e-51
  1.80194048e-29 4.13047002e-60 2.51636519e-43 1.00000000e+00
  6.17227173e-74 2.70426062e-24 2.40847839e-40 6.29972155e-35
  3.47350220e-26 3.48511976e-64 1.00000000e+00]
 [1.63549619e-62 9.21490535e-25 2.29916372e-38 1.50271817e-28
  1.58883535e-27 2.86996506e-49 5.96645544e-67 4.54203516e-59
  2.85136881e-31 1.81467624e-29 1.33005478e-41 2.26314975e-66
  5.83730560e-32 3.66677083e-39 2.02334268e-26 1.72121231e-29
  1.16480055e-30 5.93608204e-59 4.26979532e-53 1.14018548e-29
  1.47821571e-67 1.99319647e-25 9.93385380e-34 6.17227173e-74
  1.00000000e+00 2.48300451e-56 4.10043292e-51 6.74578220e-27
  2.31835383e-69 1.16927340e-31 1.00000000e+00]
 [1.41509511e-29 2.30418932e-75 5.53541137e-50 5.87111225e-90
  3.16007724e-23 1.84121703e-75 1.04683186e-53 1.96888865e-67
  8.03241122e-69 1.08486990e-58 1.54162105e-26 5.92675316e-31
  2.52185380e-32 9.33634457e-51 4.27451550e-55 2.95577828e-55
  1.64512059e-71 5.60702016e-47 4.45514758e-58 2.26825777e-42
  6.67645183e-40 3.25549694e-30 9.03600283e-47 2.70426062e-24
  2.48300451e-56 1.00000000e+00 3.58814955e-29 5.63374408e-25
  4.94751300e-25 1.87969078e-28 1.00000000e+00]
 [1.12205728e-33 2.64688333e-48 3.75495597e-35 5.96429924e-57
  1.49091419e-31 1.85186912e-62 2.93454151e-26 1.77294682e-82
  1.37388663e-77 3.05413928e-72 1.90970532e-67 1.70869476e-51
  1.32816696e-56 1.05704970e-38 8.40919908e-26 3.14200061e-30
  8.91036939e-76 7.05415301e-50 2.29064432e-38 2.40770625e-71
  3.26189914e-50 7.56275989e-56 5.47078019e-35 2.40847839e-40
  4.10043292e-51 3.58814955e-29 1.00000000e+00 1.08417736e-28
  3.11663433e-45 2.33423094e-28 1.00000000e+00]
 [6.03351891e-57 9.84141193e-62 3.24418149e-62 4.13075108e-52
  1.26442214e-31 1.37401788e-78 8.71854277e-59 1.35247204e-63
  4.00493247e-39 7.45894450e-29 3.37044595e-30 4.55030669e-69
  9.54750036e-26 2.33565660e-28 6.37351015e-36 7.29636552e-32
  1.81351827e-64 2.50416528e-58 2.93799284e-27 2.10134582e-56
  2.20236619e-40 4.07462142e-31 9.36558761e-27 6.29972155e-35
  6.74578220e-27 5.63374408e-25 1.08417736e-28 1.00000000e+00
  5.65696771e-47 9.79870105e-36 1.00000000e+00]
 [1.27148899e-34 3.49606411e-86 1.80934754e-32 5.58680860e-64
  3.94950085e-62 3.05287089e-52 9.54591158e-33 1.19504067e-28
  1.54014293e-75 8.59337040e-44 2.43037181e-49 5.54993907e-26
  1.46317036e-47 5.55913985e-30 2.04953786e-66 9.89360814e-42
  5.75351260e-56 5.68582265e-53 4.67886898e-47 1.74771143e-42
  1.77441100e-31 1.33948873e-26 2.98627788e-73 3.47350220e-26
  2.31835383e-69 4.94751300e-25 3.11663433e-45 5.65696771e-47
  1.00000000e+00 7.95484859e-49 1.00000000e+00]
 [2.91714331e-56 3.61207961e-34 1.38932259e-31 2.09755908e-64
  1.17498822e-24 1.22530878e-69 1.56174375e-47 7.11047283e-81
  5.68311605e-72 5.03218809e-48 7.00165904e-36 7.56647619e-26
  2.79337256e-65 7.55832423e-68 1.02431970e-53 2.27346707e-23
  1.11096599e-34 2.11265533e-47 6.77252594e-63 5.41244904e-44
  4.70544967e-37 1.34353075e-32 2.03454289e-27 3.48511976e-64
  1.16927340e-31 1.87969078e-28 2.33423094e-28 9.79870105e-36
  7.95484859e-49 1.00000000e+00 1.00000000e+00]
 [1.00000000e+00 1.00000000e+00 1.00000000e+00 1.00000000e+00
  1.00000000e+00 1.00000000e+00 1.00000000e+00 1.00000000e+00
  1.00000000e+00 1.00000000e+00 1.00000000e+00 1.00000000e+00
  1.00000000e+00 1.00000000e+00 1.00000000e+00 1.00000000e+00
  1.00000000e+00 1.00000000e+00 1.00000000e+00 1.00000000e+00
  1.00000000e+00 1.00000000e+00 1.00000000e+00 1.00000000e+00
  1.00000000e+00 1.00000000e+00 1.00000000e+00 1.00000000e+00
  1.00000000e+00 1.00000000e+00 0.00000000e+00]]
