[[1.00000000e+000 1.06910811e-034 1.96785454e-048 1.39751059e-059
  2.03174241e-009 1.55473329e-077 5.55823889e-044 4.84369136e-045
  1.10526472e-037 6.92868583e-021 1.89794867e-031 2.83596288e-042
  2.91505964e-046 1.67786042e-044 1.23652851e-014 5.80518090e-043
  8.21719262e-037 9.38311408e-027 6.20930130e-017 1.49578681e-037
  1.00000000e+000]
 [1.06910811e-034 1.00000000e+000 1.21792937e-038 1.07680480e-051
  2.58983610e-025 1.94267520e-072 3.23292968e-014 7.46014382e-030
  7.26617128e-015 3.92159459e-033 4.59810964e-019 7.08464127e-036
  6.35106537e-038 1.62706493e-025 1.44855620e-054 1.36134350e-063
  3.69799194e-063 1.50961876e-026 4.31379002e-037 1.40234512e-046
  1.00000000e+000]
 [1.96785454e-048 1.21792937e-038 1.00000000e+000 9.21565600e-036
  6.40193876e-054 4.73870014e-041 4.05500483e-079 6.64248367e-054
  6.24371756e-045 7.82271991e-056 2.23114216e-033 6.56726391e-034
  9.14286859e-010 8.23322858e-025 3.01066125e-054 2.48005936e-026
  1.24675768e-017 1.71065286e-027 4.29723622e-064 1.11482634e-067
  1.00000000e+000]
 [1.39751059e-059 1.07680480e-051 9.21565600e-036 1.00000000e+000
  2.88870416e-074 9.26007649e-018 1.23280672e-073 4.27157075e-013
  1.42225047e-042 3.05047382e-109 9.77244072e-022 3.40698674e-053
  7.78838207e-047 3.23897550e-030 7.10501945e-072 1.23310316e-028
  9.15275046e-029 3.96790115e-023 5.57530407e-058 9.34821559e-044
  1.00000000e+000]
 [2.03174241e-009 2.58983610e-025 6.40193876e-054 2.88870416e-074
  1.00000000e+000 3.35513196e-084 7.43877041e-043 4.80893396e-052
  4.33180573e-047 1.96062542e-020 2.63675411e-028 1.37931305e-050
  3.77199174e-042 9.28051668e-034 3.59349976e-018 9.21075471e-073
  1.50281767e-053 1.33109347e-031 4.25877626e-018 1.49629008e-026
  1.00000000e+000]
 [1.55473329e-077 1.94267520e-072 4.73870014e-041 9.26007649e-018
  3.35513196e-084 1.00000000e+000 2.84594842e-106 4.72748373e-045
  2.59708685e-071 4.83686164e-121 1.79519175e-039 9.76040269e-089
  2.25670079e-053 7.67724589e-044 5.34042991e-075 5.44387329e-042
  2.10634114e-028 1.14344099e-022 2.28293174e-056 1.02677551e-042
  1.00000000e+000]
 [5.55823889e-044 3.23292968e-014 4.05500483e-079 1.23280672e-073
  7.43877041e-043 2.84594842e-106 1.00000000e+000 2.50843351e-038
  6.40880538e-010 2.68872233e-042 9.59100075e-037 7.75929734e-068
  2.35233977e-078 2.61295662e-063 6.68285930e-084 2.74262630e-076
  5.97042252e-101 2.29449772e-040 2.73663588e-048 2.94899512e-072
  1.00000000e+000]
 [4.84369136e-045 7.46014382e-030 6.64248367e-054 4.27157075e-013
  4.80893396e-052 4.72748373e-045 2.50843351e-038 1.00000000e+000
  5.79345681e-027 1.64111864e-089 2.25900070e-012 2.28588593e-046
  3.62000134e-056 9.74355141e-027 2.37124144e-066 3.70282948e-049
  1.78865006e-052 2.74975880e-026 1.81813745e-045 5.13859220e-033
  1.00000000e+000]
 [1.10526472e-037 7.26617128e-015 6.24371756e-045 1.42225047e-042
  4.33180573e-047 2.59708685e-071 6.40880538e-010 5.79345681e-027
  1.00000000e+000 5.18211551e-042 5.73098695e-026 1.99683692e-050
  6.09463518e-052 7.35980189e-049 5.37504599e-075 3.48827218e-036
  7.43542637e-064 1.95608204e-022 1.87080931e-047 3.61551606e-070
  1.00000000e+000]
 [6.92868583e-021 3.92159459e-033 7.82271991e-056 3.05047382e-109
  1.96062542e-020 4.83686164e-121 2.68872233e-042 1.64111864e-089
  5.18211551e-042 1.00000000e+000 1.13447060e-060 9.15661824e-058
  5.67675696e-055 1.03813996e-070 7.17357483e-040 8.53826264e-069
  7.41103810e-070 3.39659185e-048 2.16969364e-040 8.26742144e-083
  1.00000000e+000]
 [1.89794867e-031 4.59810964e-019 2.23114216e-033 9.77244072e-022
  2.63675411e-028 1.79519175e-039 9.59100075e-037 2.25900070e-012
  5.73098695e-026 1.13447060e-060 1.00000000e+000 1.37277281e-050
  2.19419785e-023 5.23456162e-009 2.89218523e-053 2.54086455e-045
  2.57949175e-043 5.89578741e-013 2.63288087e-039 6.77164346e-021
  1.00000000e+000]
 [2.83596288e-042 7.08464127e-036 6.56726391e-034 3.40698674e-053
  1.37931305e-050 9.76040269e-089 7.75929734e-068 2.28588593e-046
  1.99683692e-050 9.15661824e-058 1.37277281e-050 1.00000000e+000
  3.37960561e-051 5.30458633e-041 9.47545423e-040 4.31227154e-058
  1.14512375e-038 3.94310953e-060 1.91843771e-057 1.88174355e-075
  1.00000000e+000]
 [2.91505964e-046 6.35106537e-038 9.14286859e-010 7.78838207e-047
  3.77199174e-042 2.25670079e-053 2.35233977e-078 3.62000134e-056
  6.09463518e-052 5.67675696e-055 2.19419785e-023 3.37960561e-051
  1.00000000e+000 1.47994359e-014 6.40488589e-060 3.80639586e-044
  9.51577822e-034 1.68692492e-029 1.18081701e-070 1.21146992e-055
  1.00000000e+000]
 [1.67786042e-044 1.62706493e-025 8.23322858e-025 3.23897550e-030
  9.28051668e-034 7.67724589e-044 2.61295662e-063 9.74355141e-027
  7.35980189e-049 1.03813996e-070 5.23456162e-009 5.30458633e-041
  1.47994359e-014 1.00000000e+000 1.32725248e-051 1.62598785e-061
  6.11586406e-040 9.87076222e-028 3.42025378e-053 2.83212396e-025
  1.00000000e+000]
 [1.23652851e-014 1.44855620e-054 3.01066125e-054 7.10501945e-072
  3.59349976e-018 5.34042991e-075 6.68285930e-084 2.37124144e-066
  5.37504599e-075 7.17357483e-040 2.89218523e-053 9.47545423e-040
  6.40488589e-060 1.32725248e-051 1.00000000e+000 3.86345864e-065
  2.52964823e-029 2.09648090e-044 1.21653663e-015 6.04452491e-036
  1.00000000e+000]
 [5.80518090e-043 1.36134350e-063 2.48005936e-026 1.23310316e-028
  9.21075471e-073 5.44387329e-042 2.74262630e-076 3.70282948e-049
  3.48827218e-036 8.53826264e-069 2.54086455e-045 4.31227154e-058
  3.80639586e-044 1.62598785e-061 3.86345864e-065 1.00000000e+000
  4.15331509e-020 5.55207932e-024 8.39109809e-061 6.32616338e-083
  1.00000000e+000]
 [8.21719262e-037 3.69799194e-063 1.24675768e-017 9.15275046e-029
  1.50281767e-053 2.10634114e-028 5.97042252e-101 1.78865006e-052
  7.43542637e-064 7.41103810e-070 2.57949175e-043 1.14512375e-038
  9.51577822e-034 6.11586406e-040 2.52964823e-029 4.15331509e-020
  1.00000000e+000 1.19973552e-027 1.95480935e-042 1.10440449e-051
  1.00000000e+000]
 [9.38311408e-027 1.50961876e-026 1.71065286e-027 3.96790115e-023
  1.33109347e-031 1.14344099e-022 2.29449772e-040 2.74975880e-026
  1.95608204e-022 3.39659185e-048 5.89578741e-013 3.94310953e-060
  1.68692492e-029 9.87076222e-028 2.09648090e-044 5.55207932e-024
  1.19973552e-027 1.00000000e+000 3.31598849e-024 9.19189966e-029
  1.00000000e+000]
 [6.20930130e-017 4.31379002e-037 4.29723622e-064 5.57530407e-058
  4.25877626e-018 2.28293174e-056 2.73663588e-048 1.81813745e-045
  1.87080931e-047 2.16969364e-040 2.63288087e-039 1.91843771e-057
  1.18081701e-070 3.42025378e-053 1.21653663e-015 8.39109809e-061
  1.95480935e-042 3.31598849e-024 1.00000000e+000 5.16753407e-024
  1.00000000e+000]
 [1.49578681e-037 1.40234512e-046 1.11482634e-067 9.34821559e-044
  1.49629008e-026 1.02677551e-042 2.94899512e-072 5.13859220e-033
  3.61551606e-070 8.26742144e-083 6.77164346e-021 1.88174355e-075
  1.21146992e-055 2.83212396e-025 6.04452491e-036 6.32616338e-083
  1.10440449e-051 9.19189966e-029 5.16753407e-024 1.00000000e+000
  1.00000000e+000]
 [1.00000000e+000 1.00000000e+000 1.00000000e+000 1.00000000e+000
  1.00000000e+000 1.00000000e+000 1.00000000e+000 1.00000000e+000
  1.00000000e+000 1.00000000e+000 1.00000000e+000 1.00000000e+000
  1.00000000e+000 1.00000000e+000 1.00000000e+000 1.00000000e+000
  1.00000000e+000 1.00000000e+000 1.00000000e+000 1.00000000e+000
  0.00000000e+000]]
