[[1.00000000e+00 1.65851171e-50 7.81448018e-22 ... 1.40341121e-70
  1.52127887e-52 1.00000000e+00]
 [1.65851171e-50 1.00000000e+00 1.23465026e-50 ... 9.08352586e-70
  1.72902093e-34 1.00000000e+00]
 [7.81448018e-22 1.23465026e-50 1.00000000e+00 ... 2.50824817e-34
  7.43985639e-63 1.00000000e+00]
 ...
 [1.40341121e-70 9.08352586e-70 2.50824817e-34 ... 1.00000000e+00
  6.98865630e-66 1.00000000e+00]
 [1.52127887e-52 1.72902093e-34 7.43985639e-63 ... 6.98865630e-66
  1.00000000e+00 1.00000000e+00]
 [1.00000000e+00 1.00000000e+00 1.00000000e+00 ... 1.00000000e+00
  1.00000000e+00 0.00000000e+00]]
