[[1.00000000e+00 1.96345214e-80 9.35769653e-44 4.70570347e-35
  5.71739053e-59 1.36426258e-67 3.40466411e-41 5.46767700e-62
  3.12890613e-33 1.18306537e-16 4.82106040e-35 2.68067411e-26
  6.18899099e-53 6.00639894e-40 3.10881767e-47 8.59273674e-72
  1.41175740e-70 2.53570556e-39 1.01351998e-13 1.79466684e-23
  1.00000000e+00]
 [1.96345214e-80 1.00000000e+00 1.01693198e-63 2.81162686e-57
  2.02331004e-08 2.02181887e-43 2.47855522e-22 1.75567195e-28
  1.14840820e-41 2.69397035e-46 5.84620960e-72 2.60859144e-56
  6.75591863e-21 4.16352019e-68 1.51025436e-60 3.04562521e-35
  8.74119699e-22 1.46406396e-43 7.64754284e-56 1.20764295e-26
  1.00000000e+00]
 [9.35769653e-44 1.01693198e-63 1.00000000e+00 9.37574192e-44
  6.48479089e-52 6.95651372e-26 9.75865637e-68 4.49429488e-48
  2.71517220e-32 8.48457557e-63 1.87657022e-48 2.06947805e-67
  2.39810711e-56 1.77398909e-36 1.82136855e-76 2.01145000e-78
  7.13150573e-57 2.08705542e-72 6.47291530e-35 1.67705994e-38
  1.00000000e+00]
 [4.70570347e-35 2.81162686e-57 9.37574192e-44 1.00000000e+00
  8.01047053e-28 3.10517931e-41 2.32055115e-38 2.45461398e-56
  1.26499129e-25 3.83050976e-27 3.27394804e-16 3.38824064e-30
  5.53096585e-72 1.08981478e-45 5.67289601e-41 3.99699014e-18
  9.37763492e-44 6.39152075e-88 2.15426159e-28 5.60618172e-27
  1.00000000e+00]
 [5.71739053e-59 2.02331004e-08 6.48479089e-52 8.01047053e-28
  1.00000000e+00 3.89067384e-33 5.64837638e-18 1.00852377e-23
  1.15054800e-33 2.78897767e-30 3.65931169e-43 5.60787913e-42
  1.37409594e-31 4.72116404e-50 4.47935349e-53 5.91347706e-16
  1.08037216e-15 4.46374796e-48 9.18024969e-39 6.95351850e-15
  1.00000000e+00]
 [1.36426258e-67 2.02181887e-43 6.95651372e-26 3.10517931e-41
  3.89067384e-33 1.00000000e+00 8.69683056e-76 9.57568601e-61
  4.88164835e-33 9.03938065e-77 3.70728924e-80 4.83115972e-51
  1.96314623e-39 2.34348843e-55 1.58629069e-86 2.20594158e-45
  5.60648891e-60 9.02771928e-83 7.55538585e-39 1.84350821e-26
  1.00000000e+00]
 [3.40466411e-41 2.47855522e-22 9.75865637e-68 2.32055115e-38
  5.64837638e-18 8.69683056e-76 1.00000000e+00 1.99497547e-29
  5.51866275e-35 4.93413894e-09 9.64273455e-32 1.89569919e-40
  2.08303825e-37 4.38506031e-57 7.88932827e-33 1.25813120e-36
  2.28690674e-23 9.62697223e-32 1.72927189e-38 6.54659088e-25
  1.00000000e+00]
 [5.46767700e-62 1.75567195e-28 4.49429488e-48 2.45461398e-56
  1.00852377e-23 9.57568601e-61 1.99497547e-29 1.00000000e+00
  3.52061064e-70 1.03368402e-40 1.98435209e-43 6.72144697e-66
  1.25785374e-50 6.44899143e-21 1.66664480e-58 1.14365359e-69
  4.60152452e-06 3.31630240e-38 1.12599303e-66 1.32421395e-33
  1.00000000e+00]
 [3.12890613e-33 1.14840820e-41 2.71517220e-32 1.26499129e-25
  1.15054800e-33 4.88164835e-33 5.51866275e-35 3.52061064e-70
  1.00000000e+00 1.24253694e-32 1.95920245e-46 2.36582014e-31
  1.92613998e-32 4.42492747e-71 2.55407940e-44 2.19014419e-32
  3.29504869e-63 4.51143939e-63 1.33519980e-13 1.15002698e-23
  1.00000000e+00]
 [1.18306537e-16 2.69397035e-46 8.48457557e-63 3.83050976e-27
  2.78897767e-30 9.03938065e-77 4.93413894e-09 1.03368402e-40
  1.24253694e-32 1.00000000e+00 1.04407780e-21 8.55785288e-27
  1.01512995e-46 5.38497698e-47 5.41570664e-31 2.11001565e-41
  1.50010693e-38 1.40382460e-32 1.60431410e-23 5.68005958e-20
  1.00000000e+00]
 [4.82106040e-35 5.84620960e-72 1.87657022e-48 3.27394804e-16
  3.65931169e-43 3.70728924e-80 9.64273455e-32 1.98435209e-43
  1.95920245e-46 1.04407780e-21 1.00000000e+00 2.06852872e-55
  7.44015628e-95 3.96411057e-39 4.27144620e-41 2.20055506e-49
  1.24427378e-36 1.11008284e-82 1.40965478e-45 8.96806124e-46
  1.00000000e+00]
 [2.68067411e-26 2.60859144e-56 2.06947805e-67 3.38824064e-30
  5.60787913e-42 4.83115972e-51 1.89569919e-40 6.72144697e-66
  2.36582014e-31 8.55785288e-27 2.06852872e-55 1.00000000e+00
  4.82664953e-39 2.80736767e-46 1.24035328e-22 4.00404081e-43
  9.80179597e-59 1.53791135e-55 2.89608958e-31 5.76512572e-21
  1.00000000e+00]
 [6.18899099e-53 6.75591863e-21 2.39810711e-56 5.53096585e-72
  1.37409594e-31 1.96314623e-39 2.08303825e-37 1.25785374e-50
  1.92613998e-32 1.01512995e-46 7.44015628e-95 4.82664953e-39
  1.00000000e+00 1.55479282e-69 1.47223973e-65 1.32786888e-61
  6.36285314e-56 1.32959137e-21 6.00448143e-34 4.57902664e-18
  1.00000000e+00]
 [6.00639894e-40 4.16352019e-68 1.77398909e-36 1.08981478e-45
  4.72116404e-50 2.34348843e-55 4.38506031e-57 6.44899143e-21
  4.42492747e-71 5.38497698e-47 3.96411057e-39 2.80736767e-46
  1.55479282e-69 1.00000000e+00 1.78382730e-48 4.89284775e-87
  5.08480303e-29 4.85824022e-58 4.53130057e-61 1.18015847e-37
  1.00000000e+00]
 [3.10881767e-47 1.51025436e-60 1.82136855e-76 5.67289601e-41
  4.47935349e-53 1.58629069e-86 7.88932827e-33 1.66664480e-58
  2.55407940e-44 5.41570664e-31 4.27144620e-41 1.24035328e-22
  1.47223973e-65 1.78382730e-48 1.00000000e+00 1.38664478e-61
  5.00510221e-44 6.04637486e-76 6.19709703e-65 7.32231862e-52
  1.00000000e+00]
 [8.59273674e-72 3.04562521e-35 2.01145000e-78 3.99699014e-18
  5.91347706e-16 2.20594158e-45 1.25813120e-36 1.14365359e-69
  2.19014419e-32 2.11001565e-41 2.20055506e-49 4.00404081e-43
  1.32786888e-61 4.89284775e-87 1.38664478e-61 1.00000000e+00
  6.36971662e-49 2.70939787e-94 3.00692993e-43 4.72509385e-31
  1.00000000e+00]
 [1.41175740e-70 8.74119699e-22 7.13150573e-57 9.37763492e-44
  1.08037216e-15 5.60648891e-60 2.28690674e-23 4.60152452e-06
  3.29504869e-63 1.50010693e-38 1.24427378e-36 9.80179597e-59
  6.36285314e-56 5.08480303e-29 5.00510221e-44 6.36971662e-49
  1.00000000e+00 4.45599554e-55 3.54195152e-71 1.80204518e-36
  1.00000000e+00]
 [2.53570556e-39 1.46406396e-43 2.08705542e-72 6.39152075e-88
  4.46374796e-48 9.02771928e-83 9.62697223e-32 3.31630240e-38
  4.51143939e-63 1.40382460e-32 1.11008284e-82 1.53791135e-55
  1.32959137e-21 4.85824022e-58 6.04637486e-76 2.70939787e-94
  4.45599554e-55 1.00000000e+00 3.47924509e-42 7.26350398e-26
  1.00000000e+00]
 [1.01351998e-13 7.64754284e-56 6.47291530e-35 2.15426159e-28
  9.18024969e-39 7.55538585e-39 1.72927189e-38 1.12599303e-66
  1.33519980e-13 1.60431410e-23 1.40965478e-45 2.89608958e-31
  6.00448143e-34 4.53130057e-61 6.19709703e-65 3.00692993e-43
  3.54195152e-71 3.47924509e-42 1.00000000e+00 2.03493758e-12
  1.00000000e+00]
 [1.79466684e-23 1.20764295e-26 1.67705994e-38 5.60618172e-27
  6.95351850e-15 1.84350821e-26 6.54659088e-25 1.32421395e-33
  1.15002698e-23 5.68005958e-20 8.96806124e-46 5.76512572e-21
  4.57902664e-18 1.18015847e-37 7.32231862e-52 4.72509385e-31
  1.80204518e-36 7.26350398e-26 2.03493758e-12 1.00000000e+00
  1.00000000e+00]
 [1.00000000e+00 1.00000000e+00 1.00000000e+00 1.00000000e+00
  1.00000000e+00 1.00000000e+00 1.00000000e+00 1.00000000e+00
  1.00000000e+00 1.00000000e+00 1.00000000e+00 1.00000000e+00
  1.00000000e+00 1.00000000e+00 1.00000000e+00 1.00000000e+00
  1.00000000e+00 1.00000000e+00 1.00000000e+00 1.00000000e+00
  0.00000000e+00]]
