[[1.00000000e+000 8.85717563e-041 4.43804859e-024 1.71649209e-038
  8.36488841e-045 3.44980762e-080 3.06182147e-050 6.78023932e-082
  1.07252000e-028 6.16527599e-047 2.70660495e-059 3.02772388e-034
  1.40234684e-008 6.29471444e-066 2.45150590e-029 7.33328136e-055
  1.67256341e-067 6.12227611e-033 4.79774229e-054 3.08658124e-039
  1.00000000e+000]
 [8.85717563e-041 1.00000000e+000 2.26400016e-077 1.26415002e-030
  2.27970794e-080 1.77900404e-050 4.49491381e-039 4.90260824e-033
  8.13588061e-028 1.73503316e-037 2.57475933e-021 1.31694386e-003
  3.16993409e-025 2.92101610e-046 1.72085540e-031 3.17647389e-067
  8.43185732e-044 2.57023282e-060 1.05843922e-029 5.64532980e-026
  1.00000000e+000]
 [4.43804859e-024 2.26400016e-077 1.00000000e+000 7.18941214e-048
  7.66612241e-023 9.07873862e-057 4.66016196e-081 9.07820374e-078
  3.12320733e-024 1.18989828e-072 4.82274618e-075 2.24720590e-060
  1.75317287e-029 8.67234493e-047 1.66831997e-044 1.71742852e-021
  6.51566557e-057 2.53839783e-021 7.53184496e-048 4.57688087e-048
  1.00000000e+000]
 [1.71649209e-038 1.26415002e-030 7.18941214e-048 1.00000000e+000
  9.59018002e-037 1.12830439e-069 3.55460403e-096 9.93959346e-043
  6.69725298e-020 4.69249377e-043 6.45704384e-063 1.15946183e-020
  4.94369177e-026 6.29226603e-056 7.02278527e-005 5.44232634e-028
  7.33870269e-024 4.43035035e-043 9.27164802e-019 4.19424567e-058
  1.00000000e+000]
 [8.36488841e-045 2.27970794e-080 7.66612241e-023 9.59018002e-037
  1.00000000e+000 2.37684834e-069 1.19849934e-101 5.29097148e-067
  3.18273558e-037 1.03428736e-052 3.70656251e-084 6.03254337e-056
  1.77420083e-056 1.42268733e-052 5.74811877e-033 4.39287433e-016
  4.23432646e-049 7.92198932e-014 2.75762612e-029 5.14016964e-056
  1.00000000e+000]
 [3.44980762e-080 1.77900404e-050 9.07873862e-057 1.12830439e-069
  2.37684834e-069 1.00000000e+000 5.47175879e-048 3.04472457e-025
  2.87752481e-024 1.92174126e-061 4.09318139e-018 3.20429777e-044
  2.78780817e-060 2.17660193e-017 3.24472981e-070 6.65778343e-044
  5.78189380e-054 9.22158651e-048 5.59667982e-038 7.79147109e-024
  1.00000000e+000]
 [3.06182147e-050 4.49491381e-039 4.66016196e-081 3.55460403e-096
  1.19849934e-101 5.47175879e-048 1.00000000e+000 6.58668061e-058
  4.73209351e-052 2.91806578e-040 3.88881262e-016 1.51267207e-041
  1.18142989e-046 2.90784702e-051 2.45416912e-079 1.06674211e-109
  9.57926920e-099 4.04748839e-054 3.67144660e-079 7.96966253e-026
  1.00000000e+000]
 [6.78023932e-082 4.90260824e-033 9.07820374e-078 9.93959346e-043
  5.29097148e-067 3.04472457e-025 6.58668061e-058 1.00000000e+000
  4.95103999e-033 6.99189665e-046 1.07431436e-027 3.43401923e-024
  3.31928002e-057 1.53192721e-013 1.72585493e-046 1.23863769e-050
  9.62907390e-020 1.88938360e-041 1.67388876e-022 2.18472790e-046
  1.00000000e+000]
 [1.07252000e-028 8.13588061e-028 3.12320733e-024 6.69725298e-020
  3.18273558e-037 2.87752481e-024 4.73209351e-052 4.95103999e-033
  1.00000000e+000 8.56333266e-035 1.89355678e-026 1.04946655e-021
  4.22585719e-015 2.93636395e-031 3.40952006e-018 3.18336356e-022
  8.47680175e-036 1.07586870e-029 8.80747616e-024 9.39770798e-025
  1.00000000e+000]
 [6.16527599e-047 1.73503316e-037 1.18989828e-072 4.69249377e-043
  1.03428736e-052 1.92174126e-061 2.91806578e-040 6.99189665e-046
  8.56333266e-035 1.00000000e+000 2.39594181e-030 1.03636855e-031
  8.25969529e-044 2.63854629e-065 1.30119686e-024 1.98303382e-074
  5.43852798e-075 2.47622266e-035 3.97351710e-051 2.37998423e-043
  1.00000000e+000]
 [2.70660495e-059 2.57475933e-021 4.82274618e-075 6.45704384e-063
  3.70656251e-084 4.09318139e-018 3.88881262e-016 1.07431436e-027
  1.89355678e-026 2.39594181e-030 1.00000000e+000 1.56033651e-023
  1.04658363e-042 4.75073575e-034 5.53778228e-055 2.24933951e-073
  2.88284710e-067 1.54811698e-052 1.51558185e-045 4.39485998e-015
  1.00000000e+000]
 [3.02772388e-034 1.31694386e-003 2.24720590e-060 1.15946183e-020
  6.03254337e-056 3.20429777e-044 1.51267207e-041 3.43401923e-024
  1.04946655e-021 1.03636855e-031 1.56033651e-023 1.00000000e+000
  6.34878540e-023 3.25501227e-033 2.75056071e-022 1.38337302e-047
  1.62316665e-028 7.44133665e-041 5.32526694e-016 8.05057803e-023
  1.00000000e+000]
 [1.40234684e-008 3.16993409e-025 1.75317287e-029 4.94369177e-026
  1.77420083e-056 2.78780817e-060 1.18142989e-046 3.31928002e-057
  4.22585719e-015 8.25969529e-044 1.04658363e-042 6.34878540e-023
  1.00000000e+000 1.51695654e-051 2.00525180e-021 4.61683501e-050
  1.72666289e-048 4.53869712e-039 4.10675370e-045 3.27957582e-038
  1.00000000e+000]
 [6.29471444e-066 2.92101610e-046 8.67234493e-047 6.29226603e-056
  1.42268733e-052 2.17660193e-017 2.90784702e-051 1.53192721e-013
  2.93636395e-031 2.63854629e-065 4.75073575e-034 3.25501227e-033
  1.51695654e-051 1.00000000e+000 6.03780809e-061 5.51714815e-036
  1.18350068e-021 8.94935565e-027 1.42852245e-023 4.20272779e-034
  1.00000000e+000]
 [2.45150590e-029 1.72085540e-031 1.66831997e-044 7.02278527e-005
  5.74811877e-033 3.24472981e-070 2.45416912e-079 1.72585493e-046
  3.40952006e-018 1.30119686e-024 5.53778228e-055 2.75056071e-022
  2.00525180e-021 6.03780809e-061 1.00000000e+000 3.47672183e-036
  2.93524795e-037 1.41730949e-034 1.13215012e-027 4.41167834e-054
  1.00000000e+000]
 [7.33328136e-055 3.17647389e-067 1.71742852e-021 5.44232634e-028
  4.39287433e-016 6.65778343e-044 1.06674211e-109 1.23863769e-050
  3.18336356e-022 1.98303382e-074 2.24933951e-073 1.38337302e-047
  4.61683501e-050 5.51714815e-036 3.47672183e-036 1.00000000e+000
  8.82096921e-029 2.92059918e-030 2.13732223e-016 5.58519972e-049
  1.00000000e+000]
 [1.67256341e-067 8.43185732e-044 6.51566557e-057 7.33870269e-024
  4.23432646e-049 5.78189380e-054 9.57926920e-099 9.62907390e-020
  8.47680175e-036 5.43852798e-075 2.88284710e-067 1.62316665e-028
  1.72666289e-048 1.18350068e-021 2.93524795e-037 8.82096921e-029
  1.00000000e+000 3.53153840e-040 5.91468229e-014 1.05386177e-065
  1.00000000e+000]
 [6.12227611e-033 2.57023282e-060 2.53839783e-021 4.43035035e-043
  7.92198932e-014 9.22158651e-048 4.04748839e-054 1.88938360e-041
  1.07586870e-029 2.47622266e-035 1.54811698e-052 7.44133665e-041
  4.53869712e-039 8.94935565e-027 1.41730949e-034 2.92059918e-030
  3.53153840e-040 1.00000000e+000 8.93214408e-032 8.01618861e-041
  1.00000000e+000]
 [4.79774229e-054 1.05843922e-029 7.53184496e-048 9.27164802e-019
  2.75762612e-029 5.59667982e-038 3.67144660e-079 1.67388876e-022
  8.80747616e-024 3.97351710e-051 1.51558185e-045 5.32526694e-016
  4.10675370e-045 1.42852245e-023 1.13215012e-027 2.13732223e-016
  5.91468229e-014 8.93214408e-032 1.00000000e+000 2.23881926e-032
  1.00000000e+000]
 [3.08658124e-039 5.64532980e-026 4.57688087e-048 4.19424567e-058
  5.14016964e-056 7.79147109e-024 7.96966253e-026 2.18472790e-046
  9.39770798e-025 2.37998423e-043 4.39485998e-015 8.05057803e-023
  3.27957582e-038 4.20272779e-034 4.41167834e-054 5.58519972e-049
  1.05386177e-065 8.01618861e-041 2.23881926e-032 1.00000000e+000
  1.00000000e+000]
 [1.00000000e+000 1.00000000e+000 1.00000000e+000 1.00000000e+000
  1.00000000e+000 1.00000000e+000 1.00000000e+000 1.00000000e+000
  1.00000000e+000 1.00000000e+000 1.00000000e+000 1.00000000e+000
  1.00000000e+000 1.00000000e+000 1.00000000e+000 1.00000000e+000
  1.00000000e+000 1.00000000e+000 1.00000000e+000 1.00000000e+000
  0.00000000e+000]]
