[[1.00000000e+000 1.33369839e-006 1.83501428e-034 3.37548264e-032
  1.70824996e-042 5.74992664e-033 5.48307813e-056 5.26660776e-018
  4.34172727e-049 2.92798838e-051 7.35839520e-058 3.33118304e-029
  3.52037442e-030 1.57871219e-027 5.79207788e-037 8.40540170e-069
  7.65221602e-045 2.74459641e-057 1.04484979e-038 1.22415063e-040
  1.00000000e+000]
 [1.33369839e-006 1.00000000e+000 8.28630575e-060 5.63218798e-029
  3.11658268e-045 9.71430702e-037 1.59300427e-061 6.16627858e-018
  2.10178539e-040 6.93981523e-070 4.60499375e-078 3.72616061e-014
  3.50986688e-019 6.78374655e-019 1.00434795e-051 4.65942074e-083
  7.13886246e-048 2.92001971e-050 4.05045797e-053 4.65358207e-045
  1.00000000e+000]
 [1.83501428e-034 8.28630575e-060 1.00000000e+000 2.84709641e-054
  2.62659276e-059 3.86112373e-034 6.65934680e-042 1.18768296e-055
  9.74139365e-070 2.83087332e-066 4.96907068e-050 1.35489962e-084
  9.90055522e-066 2.92582727e-068 2.93567055e-024 6.73066040e-045
  4.19245147e-032 4.62830632e-067 1.99599322e-017 2.93794026e-044
  1.00000000e+000]
 [3.37548264e-032 5.63218798e-029 2.84709641e-054 1.00000000e+000
  1.07610330e-040 7.49570442e-014 3.98769424e-044 2.84238367e-027
  1.10168412e-047 5.13413479e-072 4.84028732e-035 4.03322128e-047
  1.66575397e-032 1.55790297e-018 1.48356345e-017 5.28604366e-050
  5.06750241e-025 8.63523352e-037 5.51448252e-049 7.19089501e-020
  1.00000000e+000]
 [1.70824996e-042 3.11658268e-045 2.62659276e-059 1.07610330e-040
  1.00000000e+000 4.13643848e-022 3.44620452e-032 7.91270350e-044
  7.74932149e-025 1.61071426e-023 4.24888502e-044 1.51872440e-080
  1.55989219e-071 3.72286436e-031 8.44430781e-032 4.09859810e-018
  2.60400397e-068 2.27195166e-048 5.18766518e-031 2.56732856e-018
  1.00000000e+000]
 [5.74992664e-033 9.71430702e-037 3.86112373e-034 7.49570442e-014
  4.13643848e-022 1.00000000e+000 4.51069075e-011 8.21827394e-037
  4.48844649e-026 8.81301243e-048 3.92942341e-033 4.36023457e-054
  3.38500584e-033 1.65658059e-033 3.23717404e-014 1.50803409e-023
  4.71472563e-023 2.14947147e-016 5.17789241e-015 5.23894690e-019
  1.00000000e+000]
 [5.48307813e-056 1.59300427e-061 6.65934680e-042 3.98769424e-044
  3.44620452e-032 4.51069075e-011 1.00000000e+000 3.67226833e-074
  1.75550174e-028 3.19363626e-061 6.39194178e-064 1.13206512e-067
  2.77462125e-044 4.89241874e-067 5.43935507e-036 3.19897876e-033
  4.18863121e-039 5.11001180e-018 9.70409165e-009 6.57682478e-037
  1.00000000e+000]
 [5.26660776e-018 6.16627858e-018 1.18768296e-055 2.84238367e-027
  7.91270350e-044 8.21827394e-037 3.67226833e-074 1.00000000e+000
  1.73054370e-040 2.54506867e-069 2.28897334e-059 3.86695760e-050
  9.88241473e-044 7.39554684e-014 2.37912641e-043 1.07907909e-056
  4.44952995e-040 5.56303473e-052 1.34951464e-057 7.85628683e-049
  1.00000000e+000]
 [4.34172727e-049 2.10178539e-040 9.74139365e-070 1.10168412e-047
  7.74932149e-025 4.48844649e-026 1.75550174e-028 1.73054370e-040
  1.00000000e+000 9.39180944e-079 6.99273269e-097 1.26065483e-049
  1.28630063e-037 4.46081072e-033 2.81619439e-062 7.04076759e-040
  4.72487314e-043 1.99095234e-016 7.52729520e-031 4.56261033e-048
  1.00000000e+000]
 [2.92798838e-051 6.93981523e-070 2.83087332e-066 5.13413479e-072
  1.61071426e-023 8.81301243e-048 3.19363626e-061 2.54506867e-069
  9.39180944e-079 1.00000000e+000 6.03146331e-032 1.53235332e-125
  1.36240923e-116 1.11419861e-075 2.70991539e-042 9.98964438e-041
  2.02341591e-116 8.42028481e-096 5.28476938e-050 3.92707258e-046
  1.00000000e+000]
 [7.35839520e-058 4.60499375e-078 4.96907068e-050 4.84028732e-035
  4.24888502e-044 3.92942341e-033 6.39194178e-064 2.28897334e-059
  6.99273269e-097 6.03146331e-032 1.00000000e+000 8.58516295e-131
  1.34078895e-107 8.22973667e-064 4.71436540e-011 1.83201712e-034
  3.34919411e-073 1.99462965e-088 1.34173918e-056 2.98599477e-030
  1.00000000e+000]
 [3.33118304e-029 3.72616061e-014 1.35489962e-084 4.03322128e-047
  1.51872440e-080 4.36023457e-054 1.13206512e-067 3.86695760e-050
  1.26065483e-049 1.53235332e-125 8.58516295e-131 1.00000000e+000
  7.51251153e-007 8.13016802e-043 2.27216880e-085 2.66986105e-125
  1.45520138e-050 3.18559311e-049 6.06998076e-069 2.03634843e-072
  1.00000000e+000]
 [3.52037442e-030 3.50986688e-019 9.90055522e-066 1.66575397e-032
  1.55989219e-071 3.38500584e-033 2.77462125e-044 9.88241473e-044
  1.28630063e-037 1.36240923e-116 1.34078895e-107 7.51251153e-007
  1.00000000e+000 1.31296534e-041 2.14111868e-065 3.98724801e-098
  1.68014822e-027 5.76004713e-025 2.52421307e-048 1.53888025e-062
  1.00000000e+000]
 [1.57871219e-027 6.78374655e-019 2.92582727e-068 1.55790297e-018
  3.72286436e-031 1.65658059e-033 4.89241874e-067 7.39554684e-014
  4.46081072e-033 1.11419861e-075 8.22973667e-064 8.13016802e-043
  1.31296534e-041 1.00000000e+000 3.43985974e-039 1.64760958e-054
  2.86942710e-041 3.43464494e-053 7.22034416e-062 3.29401899e-025
  1.00000000e+000]
 [5.79207788e-037 1.00434795e-051 2.93567055e-024 1.48356345e-017
  8.44430781e-032 3.23717404e-014 5.43935507e-036 2.37912641e-043
  2.81619439e-062 2.70991539e-042 4.71436540e-011 2.27216880e-085
  2.14111868e-065 3.43985974e-039 1.00000000e+000 5.91200948e-025
  2.02403984e-034 9.50552494e-057 1.81113757e-029 2.14888272e-011
  1.00000000e+000]
 [8.40540170e-069 4.65942074e-083 6.73066040e-045 5.28604366e-050
  4.09859810e-018 1.50803409e-023 3.19897876e-033 1.07907909e-056
  7.04076759e-040 9.98964438e-041 1.83201712e-034 2.66986105e-125
  3.98724801e-098 1.64760958e-054 5.91200948e-025 1.00000000e+000
  7.36113733e-056 5.57584667e-051 9.21044968e-027 1.43469672e-029
  1.00000000e+000]
 [7.65221602e-045 7.13886246e-048 4.19245147e-032 5.06750241e-025
  2.60400397e-068 4.71472563e-023 4.18863121e-039 4.44952995e-040
  4.72487314e-043 2.02341591e-116 3.34919411e-073 1.45520138e-050
  1.68014822e-027 2.86942710e-041 2.02403984e-034 7.36113733e-056
  1.00000000e+000 1.02241829e-027 9.90740404e-034 8.16049626e-046
  1.00000000e+000]
 [2.74459641e-057 2.92001971e-050 4.62830632e-067 8.63523352e-037
  2.27195166e-048 2.14947147e-016 5.11001180e-018 5.56303473e-052
  1.99095234e-016 8.42028481e-096 1.99462965e-088 3.18559311e-049
  5.76004713e-025 3.43464494e-053 9.50552494e-057 5.57584667e-051
  1.02241829e-027 1.00000000e+000 3.83902603e-029 2.36464418e-059
  1.00000000e+000]
 [1.04484979e-038 4.05045797e-053 1.99599322e-017 5.51448252e-049
  5.18766518e-031 5.17789241e-015 9.70409165e-009 1.34951464e-057
  7.52729520e-031 5.28476938e-050 1.34173918e-056 6.06998076e-069
  2.52421307e-048 7.22034416e-062 1.81113757e-029 9.21044968e-027
  9.90740404e-034 3.83902603e-029 1.00000000e+000 3.23335313e-037
  1.00000000e+000]
 [1.22415063e-040 4.65358207e-045 2.93794026e-044 7.19089501e-020
  2.56732856e-018 5.23894690e-019 6.57682478e-037 7.85628683e-049
  4.56261033e-048 3.92707258e-046 2.98599477e-030 2.03634843e-072
  1.53888025e-062 3.29401899e-025 2.14888272e-011 1.43469672e-029
  8.16049626e-046 2.36464418e-059 3.23335313e-037 1.00000000e+000
  1.00000000e+000]
 [1.00000000e+000 1.00000000e+000 1.00000000e+000 1.00000000e+000
  1.00000000e+000 1.00000000e+000 1.00000000e+000 1.00000000e+000
  1.00000000e+000 1.00000000e+000 1.00000000e+000 1.00000000e+000
  1.00000000e+000 1.00000000e+000 1.00000000e+000 1.00000000e+000
  1.00000000e+000 1.00000000e+000 1.00000000e+000 1.00000000e+000
  0.00000000e+000]]
