[[1.00000000e+00 2.89078061e-56 3.94756941e-24 ... 1.17469439e-84
  1.35319073e-83 1.00000000e+00]
 [2.89078061e-56 1.00000000e+00 2.87004340e-27 ... 5.25881571e-20
  7.26942307e-21 1.00000000e+00]
 [3.94756941e-24 2.87004340e-27 1.00000000e+00 ... 8.13272229e-50
  8.44945252e-44 1.00000000e+00]
 ...
 [1.17469439e-84 5.25881571e-20 8.13272229e-50 ... 1.00000000e+00
  2.27543102e-21 1.00000000e+00]
 [1.35319073e-83 7.26942307e-21 8.44945252e-44 ... 2.27543102e-21
  1.00000000e+00 1.00000000e+00]
 [1.00000000e+00 1.00000000e+00 1.00000000e+00 ... 1.00000000e+00
  1.00000000e+00 0.00000000e+00]]
