[[1.00000000e+000 1.43988580e-054 5.09936983e-052 2.91850780e-040
  1.48499785e-053 4.93487788e-066 1.02739024e-061 6.01767581e-046
  5.41621489e-036 9.21735280e-050 6.91873619e-081 1.25585700e-081
  1.15328773e-066 1.10516035e-076 3.64477912e-075 1.79681741e-067
  4.22825471e-067 2.57696714e-001 5.84349429e-057 2.01809232e-070
  1.00000000e+000]
 [1.43988580e-054 1.00000000e+000 2.29429839e-068 1.98739752e-037
  2.51311709e-029 8.38189745e-024 1.04377177e-058 4.37760517e-014
  2.43718237e-067 6.13769943e-065 3.85901034e-024 7.47446150e-027
  1.00723521e-032 5.94767815e-020 5.01366093e-026 1.40019194e-063
  2.07915404e-030 4.72516805e-053 2.05619166e-074 6.07353810e-045
  1.00000000e+000]
 [5.09936983e-052 2.29429839e-068 1.00000000e+000 1.41843784e-030
  2.72984483e-059 6.10744759e-106 1.69652122e-038 4.97440148e-034
  9.43463157e-046 1.84899763e-054 9.67369689e-039 6.15245449e-029
  4.58851021e-040 4.76551994e-034 7.19547082e-061 2.61568346e-040
  4.37424545e-049 2.58370339e-044 5.59760561e-003 6.35511606e-039
  1.00000000e+000]
 [2.91850780e-040 1.98739752e-037 1.41843784e-030 1.00000000e+000
  5.54677309e-035 8.35859703e-059 3.35181737e-050 4.32824272e-020
  9.71176198e-028 3.59610417e-081 4.23967102e-038 8.88720535e-035
  4.79196828e-049 3.94069181e-031 1.71072096e-079 1.60776788e-050
  1.25969015e-032 2.24986950e-033 1.56651464e-041 7.18523378e-068
  1.00000000e+000]
 [1.48499785e-053 2.51311709e-029 2.72984483e-059 5.54677309e-035
  1.00000000e+000 1.21126995e-052 5.51564884e-051 1.43001503e-021
  6.98509185e-063 8.51633304e-119 3.01808720e-020 4.92411418e-051
  2.20664660e-026 1.11055284e-044 1.46012278e-051 6.03694633e-052
  4.89793435e-018 2.43970447e-048 2.14144781e-075 1.05032032e-063
  1.00000000e+000]
 [4.93487788e-066 8.38189745e-024 6.10744759e-106 8.35859703e-059
  1.21126995e-052 1.00000000e+000 2.38891719e-045 2.92459979e-044
  4.13047189e-050 1.01293299e-082 5.45914643e-055 1.13072105e-058
  1.16788490e-046 1.50299201e-056 1.27839165e-049 4.81841570e-059
  1.79327247e-030 2.53567094e-068 5.37760100e-108 2.00980179e-072
  1.00000000e+000]
 [1.02739024e-061 1.04377177e-058 1.69652122e-038 3.35181737e-050
  5.51564884e-051 2.38891719e-045 1.00000000e+000 1.49719479e-041
  3.08467003e-027 1.32660659e-065 3.23970458e-035 7.89981333e-038
  6.04613611e-020 3.33025587e-048 5.62211649e-042 5.40647809e-012
  1.67832497e-016 3.80894299e-059 1.00782285e-036 1.05944691e-037
  1.00000000e+000]
 [6.01767581e-046 4.37760517e-014 4.97440148e-034 4.32824272e-020
  1.43001503e-021 2.92459979e-044 1.49719479e-041 1.00000000e+000
  3.23682148e-057 1.77072088e-064 1.67059671e-013 7.41254739e-018
  2.86630979e-031 7.60263009e-019 9.86464035e-033 2.31212892e-031
  1.63743871e-023 4.07783031e-041 1.75659824e-041 9.71246631e-024
  1.00000000e+000]
 [5.41621489e-036 2.43718237e-067 9.43463157e-046 9.71176198e-028
  6.98509185e-063 4.13047189e-050 3.08467003e-027 3.23682148e-057
  1.00000000e+000 3.72091607e-069 1.15352165e-069 2.83781380e-062
  4.96302921e-048 4.05709596e-062 7.59076296e-088 6.67307103e-049
  3.87141055e-037 1.29515942e-033 2.10546509e-048 4.07450846e-087
  1.00000000e+000]
 [9.21735280e-050 6.13769943e-065 1.84899763e-054 3.59610417e-081
  8.51633304e-119 1.01293299e-082 1.32660659e-065 1.77072088e-064
  3.72091607e-069 1.00000000e+000 1.65293230e-089 3.94181500e-055
  5.01031851e-073 3.45556224e-059 1.34095040e-047 1.15005694e-078
  1.90981527e-095 5.13064647e-052 1.40180681e-041 2.61658837e-043
  1.00000000e+000]
 [6.91873619e-081 3.85901034e-024 9.67369689e-039 4.23967102e-038
  3.01808720e-020 5.45914643e-055 3.23970458e-035 1.67059671e-013
  1.15352165e-069 1.65293230e-089 1.00000000e+000 1.06401312e-012
  1.18907895e-012 1.05816515e-013 3.67604059e-025 2.33074329e-036
  5.39251666e-013 3.43371319e-074 2.50525733e-046 1.65352190e-031
  1.00000000e+000]
 [1.25585700e-081 7.47446150e-027 6.15245449e-029 8.88720535e-035
  4.92411418e-051 1.13072105e-058 7.89981333e-038 7.41254739e-018
  2.83781380e-062 3.94181500e-055 1.06401312e-012 1.00000000e+000
  1.09602148e-023 1.15802939e-003 3.99017035e-027 1.54417519e-042
  2.30484513e-028 1.78179786e-075 2.01397882e-029 6.53218025e-027
  1.00000000e+000]
 [1.15328773e-066 1.00723521e-032 4.58851021e-040 4.79196828e-049
  2.20664660e-026 1.16788490e-046 6.04613611e-020 2.86630979e-031
  4.96302921e-048 5.01031851e-073 1.18907895e-012 1.09602148e-023
  1.00000000e+000 7.17987043e-023 1.44834868e-019 9.05937280e-040
  3.51569082e-011 7.31128937e-063 1.90731935e-043 3.21754510e-041
  1.00000000e+000]
 [1.10516035e-076 5.94767815e-020 4.76551994e-034 3.94069181e-031
  1.11055284e-044 1.50299201e-056 3.33025587e-048 7.60263009e-019
  4.05709596e-062 3.45556224e-059 1.05816515e-013 1.15802939e-003
  7.17987043e-023 1.00000000e+000 3.59032555e-029 1.37316112e-058
  8.55902020e-030 1.23884628e-070 4.29004995e-037 1.59775453e-039
  1.00000000e+000]
 [3.64477912e-075 5.01366093e-026 7.19547082e-061 1.71072096e-079
  1.46012278e-051 1.27839165e-049 5.62211649e-042 9.86464035e-033
  7.59076296e-088 1.34095040e-047 3.67604059e-025 3.99017035e-027
  1.44834868e-019 3.59032555e-029 1.00000000e+000 4.38396690e-052
  5.40054678e-039 6.30036678e-075 2.01990074e-057 4.79229958e-020
  1.00000000e+000]
 [1.79681741e-067 1.40019194e-063 2.61568346e-040 1.60776788e-050
  6.03694633e-052 4.81841570e-059 5.40647809e-012 2.31212892e-031
  6.67307103e-049 1.15005694e-078 2.33074329e-036 1.54417519e-042
  9.05937280e-040 1.37316112e-058 4.38396690e-052 1.00000000e+000
  5.29686768e-026 1.31865102e-063 8.04295291e-041 1.11562169e-024
  1.00000000e+000]
 [4.22825471e-067 2.07915404e-030 4.37424545e-049 1.25969015e-032
  4.89793435e-018 1.79327247e-030 1.67832497e-016 1.63743871e-023
  3.87141055e-037 1.90981527e-095 5.39251666e-013 2.30484513e-028
  3.51569082e-011 8.55902020e-030 5.40054678e-039 5.29686768e-026
  1.00000000e+000 1.82649899e-062 1.10703109e-056 4.40888055e-049
  1.00000000e+000]
 [2.57696714e-001 4.72516805e-053 2.58370339e-044 2.24986950e-033
  2.43970447e-048 2.53567094e-068 3.80894299e-059 4.07783031e-041
  1.29515942e-033 5.13064647e-052 3.43371319e-074 1.78179786e-075
  7.31128937e-063 1.23884628e-070 6.30036678e-075 1.31865102e-063
  1.82649899e-062 1.00000000e+000 1.97950986e-050 6.18593861e-068
  1.00000000e+000]
 [5.84349429e-057 2.05619166e-074 5.59760561e-003 1.56651464e-041
  2.14144781e-075 5.37760100e-108 1.00782285e-036 1.75659824e-041
  2.10546509e-048 1.40180681e-041 2.50525733e-046 2.01397882e-029
  1.90731935e-043 4.29004995e-037 2.01990074e-057 8.04295291e-041
  1.10703109e-056 1.97950986e-050 1.00000000e+000 1.12842654e-034
  1.00000000e+000]
 [2.01809232e-070 6.07353810e-045 6.35511606e-039 7.18523378e-068
  1.05032032e-063 2.00980179e-072 1.05944691e-037 9.71246631e-024
  4.07450846e-087 2.61658837e-043 1.65352190e-031 6.53218025e-027
  3.21754510e-041 1.59775453e-039 4.79229958e-020 1.11562169e-024
  4.40888055e-049 6.18593861e-068 1.12842654e-034 1.00000000e+000
  1.00000000e+000]
 [1.00000000e+000 1.00000000e+000 1.00000000e+000 1.00000000e+000
  1.00000000e+000 1.00000000e+000 1.00000000e+000 1.00000000e+000
  1.00000000e+000 1.00000000e+000 1.00000000e+000 1.00000000e+000
  1.00000000e+000 1.00000000e+000 1.00000000e+000 1.00000000e+000
  1.00000000e+000 1.00000000e+000 1.00000000e+000 1.00000000e+000
  0.00000000e+000]]
