[[1.00000000e+000 2.84889787e-041 1.65694950e-037 7.25490128e-096
  1.20764115e-020 7.55825191e-030 2.99646512e-048 1.13024836e-041
  7.46681849e-093 3.40142933e-062 1.77906801e-067 5.88423811e-055
  8.12466972e-106 2.29119286e-146 5.04200534e-015 3.60994654e-042
  2.70061373e-067 1.24034894e-052 1.48243194e-037 4.32675030e-048
  1.00000000e+000]
 [2.84889787e-041 1.00000000e+000 7.60036476e-060 2.14639635e-047
  2.50023601e-019 3.92788236e-034 1.64045568e-045 2.25075756e-041
  3.40459370e-046 5.25646594e-071 4.34438668e-051 7.29815572e-024
  3.41933180e-048 2.38439575e-072 1.28815814e-038 3.86521835e-028
  3.67117009e-046 1.68382491e-032 2.63811479e-042 8.62266280e-045
  1.00000000e+000]
 [1.65694950e-037 7.60036476e-060 1.00000000e+000 1.90369821e-049
  4.23126973e-056 3.96574639e-018 3.82172685e-017 1.72072220e-034
  7.27256350e-051 2.55114398e-009 1.13446473e-032 1.56002432e-042
  4.22533113e-050 3.73095892e-074 3.97411893e-031 9.73957879e-028
  2.81620387e-055 4.78540726e-032 2.02553999e-013 1.29581637e-029
  1.00000000e+000]
 [7.25490128e-096 2.14639635e-047 1.90369821e-049 1.00000000e+000
  1.11787867e-076 7.01691071e-052 1.05184530e-052 5.84617054e-072
  2.50618076e-015 8.20058506e-041 2.67988585e-041 7.20983253e-063
  1.22456191e-024 5.58874575e-037 2.23465576e-084 8.85670114e-063
  2.19338585e-080 6.48678264e-049 6.92260788e-039 6.45970209e-054
  1.00000000e+000]
 [1.20764115e-020 2.50023601e-019 4.23126973e-056 1.11787867e-076
  1.00000000e+000 8.86640639e-039 4.87591436e-061 8.17587699e-022
  4.76952376e-073 1.20278584e-067 1.31174142e-052 1.76068999e-036
  5.93862509e-099 7.33508739e-105 3.55357168e-027 2.76069469e-052
  1.41995249e-079 4.17916735e-037 2.41758777e-031 3.36360028e-057
  1.00000000e+000]
 [7.55825191e-030 3.92788236e-034 3.96574639e-018 7.01691071e-052
  8.86640639e-039 1.00000000e+000 1.83554155e-021 7.58865500e-031
  4.05052414e-067 5.33821715e-041 8.09973579e-064 7.95953194e-039
  2.61801993e-056 7.19137533e-082 3.46099107e-016 1.12244897e-016
  1.88897226e-036 1.89428302e-048 1.17176996e-030 9.06997999e-009
  1.00000000e+000]
 [2.99646512e-048 1.64045568e-045 3.82172685e-017 1.05184530e-052
  4.87591436e-061 1.83554155e-021 1.00000000e+000 5.17441603e-034
  1.20275122e-038 4.86433940e-023 1.60985156e-038 1.36426933e-019
  5.12692916e-032 5.05313991e-088 2.81772675e-052 4.42249370e-012
  7.20257955e-062 1.22573464e-024 2.74044354e-036 2.39746740e-045
  1.00000000e+000]
 [1.13024836e-041 2.25075756e-041 1.72072220e-034 5.84617054e-072
  8.17587699e-022 7.58865500e-031 5.17441603e-034 1.00000000e+000
  9.72766521e-061 8.75648627e-036 1.92720206e-038 1.71631657e-020
  9.38520724e-084 2.89723158e-087 3.78330655e-043 7.33852159e-044
  9.04992883e-096 5.15941199e-024 3.36689955e-024 2.30044642e-058
  1.00000000e+000]
 [7.46681849e-093 3.40459370e-046 7.27256350e-051 2.50618076e-015
  4.76952376e-073 4.05052414e-067 1.20275122e-038 9.72766521e-061
  1.00000000e+000 4.41375217e-031 2.79156216e-018 2.57548180e-038
  6.46387159e-020 1.15972789e-052 1.44692188e-100 2.80902261e-057
  2.86685948e-101 1.27814203e-022 1.04668864e-038 7.18161738e-086
  1.00000000e+000]
 [3.40142933e-062 5.25646594e-071 2.55114398e-009 8.20058506e-041
  1.20278584e-067 5.33821715e-041 4.86433940e-023 8.75648627e-036
  4.41375217e-031 1.00000000e+000 3.26119796e-015 2.09985054e-041
  4.34994414e-045 2.63854283e-063 4.10036399e-062 2.62599772e-046
  4.24478529e-088 5.83259049e-022 5.16683228e-013 7.19549888e-059
  1.00000000e+000]
 [1.77906801e-067 4.34438668e-051 1.13446473e-032 2.67988585e-041
  1.31174142e-052 8.09973579e-064 1.60985156e-038 1.92720206e-038
  2.79156216e-018 3.26119796e-015 1.00000000e+000 4.80009181e-029
  9.32878709e-042 1.26011918e-053 6.72960181e-074 1.07256294e-053
  4.99221030e-094 1.21835399e-006 5.34209262e-015 1.51257224e-083
  1.00000000e+000]
 [5.88423811e-055 7.29815572e-024 1.56002432e-042 7.20983253e-063
  1.76068999e-036 7.95953194e-039 1.36426933e-019 1.71631657e-020
  2.57548180e-038 2.09985054e-041 4.80009181e-029 1.00000000e+000
  5.47928144e-041 1.63133788e-071 2.95543342e-057 1.44043224e-019
  1.12935767e-068 1.25503721e-009 2.12446363e-036 6.98687842e-065
  1.00000000e+000]
 [8.12466972e-106 3.41933180e-048 4.22533113e-050 1.22456191e-024
  5.93862509e-099 2.61801993e-056 5.12692916e-032 9.38520724e-084
  6.46387159e-020 4.34994414e-045 9.32878709e-042 5.47928144e-041
  1.00000000e+000 2.96750309e-041 1.13004526e-092 1.06177066e-032
  4.48675651e-055 1.87296937e-038 4.57902431e-055 1.14923688e-061
  1.00000000e+000]
 [2.29119286e-146 2.38439575e-072 3.73095892e-074 5.58874575e-037
  7.33508739e-105 7.19137533e-082 5.05313991e-088 2.89723158e-087
  1.15972789e-052 2.63854283e-063 1.26011918e-053 1.63133788e-071
  2.96750309e-041 1.00000000e+000 5.85611765e-102 1.17130994e-079
  4.56355368e-074 6.92807315e-061 6.12291685e-051 8.43290571e-070
  1.00000000e+000]
 [5.04200534e-015 1.28815814e-038 3.97411893e-031 2.23465576e-084
  3.55357168e-027 3.46099107e-016 2.81772675e-052 3.78330655e-043
  1.44692188e-100 4.10036399e-062 6.72960181e-074 2.95543342e-057
  1.13004526e-092 5.85611765e-102 1.00000000e+000 6.32652599e-033
  4.55763655e-032 6.17540101e-060 4.83615382e-031 2.76506072e-017
  1.00000000e+000]
 [3.60994654e-042 3.86521835e-028 9.73957879e-028 8.85670114e-063
  2.76069469e-052 1.12244897e-016 4.42249370e-012 7.33852159e-044
  2.80902261e-057 2.62599772e-046 1.07256294e-053 1.44043224e-019
  1.06177066e-032 1.17130994e-079 6.32652599e-033 1.00000000e+000
  2.01798027e-025 6.97773985e-033 1.81234505e-042 1.29034360e-028
  1.00000000e+000]
 [2.70061373e-067 3.67117009e-046 2.81620387e-055 2.19338585e-080
  1.41995249e-079 1.88897226e-036 7.20257955e-062 9.04992883e-096
  2.86685948e-101 4.24478529e-088 4.99221030e-094 1.12935767e-068
  4.48675651e-055 4.56355368e-074 4.55763655e-032 2.01798027e-025
  1.00000000e+000 1.52650876e-078 1.51244346e-063 3.35495348e-021
  1.00000000e+000]
 [1.24034894e-052 1.68382491e-032 4.78540726e-032 6.48678264e-049
  4.17916735e-037 1.89428302e-048 1.22573464e-024 5.15941199e-024
  1.27814203e-022 5.83259049e-022 1.21835399e-006 1.25503721e-009
  1.87296937e-038 6.92807315e-061 6.17540101e-060 6.97773985e-033
  1.52650876e-078 1.00000000e+000 8.67878964e-019 1.83571265e-072
  1.00000000e+000]
 [1.48243194e-037 2.63811479e-042 2.02553999e-013 6.92260788e-039
  2.41758777e-031 1.17176996e-030 2.74044354e-036 3.36689955e-024
  1.04668864e-038 5.16683228e-013 5.34209262e-015 2.12446363e-036
  4.57902431e-055 6.12291685e-051 4.83615382e-031 1.81234505e-042
  1.51244346e-063 8.67878964e-019 1.00000000e+000 4.65317169e-040
  1.00000000e+000]
 [4.32675030e-048 8.62266280e-045 1.29581637e-029 6.45970209e-054
  3.36360028e-057 9.06997999e-009 2.39746740e-045 2.30044642e-058
  7.18161738e-086 7.19549888e-059 1.51257224e-083 6.98687842e-065
  1.14923688e-061 8.43290571e-070 2.76506072e-017 1.29034360e-028
  3.35495348e-021 1.83571265e-072 4.65317169e-040 1.00000000e+000
  1.00000000e+000]
 [1.00000000e+000 1.00000000e+000 1.00000000e+000 1.00000000e+000
  1.00000000e+000 1.00000000e+000 1.00000000e+000 1.00000000e+000
  1.00000000e+000 1.00000000e+000 1.00000000e+000 1.00000000e+000
  1.00000000e+000 1.00000000e+000 1.00000000e+000 1.00000000e+000
  1.00000000e+000 1.00000000e+000 1.00000000e+000 1.00000000e+000
  0.00000000e+000]]
