[[1.00000000e+000 3.21656662e-058 2.51628335e-061 ... 1.05605182e-107
  1.70030519e-027 1.00000000e+000]
 [3.21656662e-058 1.00000000e+000 5.62532477e-049 ... 5.94401623e-085
  5.67947864e-026 1.00000000e+000]
 [2.51628335e-061 5.62532477e-049 1.00000000e+000 ... 1.66742974e-015
  5.76932010e-027 1.00000000e+000]
 ...
 [1.05605182e-107 5.94401623e-085 1.66742974e-015 ... 1.00000000e+000
  2.78973881e-045 1.00000000e+000]
 [1.70030519e-027 5.67947864e-026 5.76932010e-027 ... 2.78973881e-045
  1.00000000e+000 1.00000000e+000]
 [1.00000000e+000 1.00000000e+000 1.00000000e+000 ... 1.00000000e+000
  1.00000000e+000 0.00000000e+000]]
