[[1.00000000e+000 3.10177845e-062 1.98627045e-073 1.15690553e-027
  3.45778461e-066 4.99917143e-035 6.46822267e-062 3.32355673e-051
  1.85921139e-088 1.05303198e-037 6.66386166e-056 2.02685583e-069
  3.63751540e-017 1.62629388e-012 6.62923511e-045 6.19548662e-069
  4.28477410e-035 6.35194760e-073 2.45398155e-057 2.27629611e-065
  1.00000000e+000]
 [3.10177845e-062 1.00000000e+000 2.05323938e-023 4.44492805e-064
  9.97948427e-031 1.67376096e-044 5.71624473e-037 2.48935632e-025
  2.69157850e-015 9.80355207e-073 1.73242950e-027 4.24414773e-039
  5.17765628e-036 4.61568817e-058 3.39945889e-059 7.40741850e-034
  8.65825864e-039 2.56951533e-066 5.45573009e-008 2.61945265e-023
  1.00000000e+000]
 [1.98627045e-073 2.05323938e-023 1.00000000e+000 1.42691812e-099
  1.95290664e-077 1.38663720e-079 3.65546330e-070 5.35038761e-054
  5.85686938e-052 7.08456784e-078 3.35429797e-066 1.67097236e-052
  4.35079484e-056 2.69981094e-062 2.43454112e-108 1.18228069e-021
  8.66751354e-056 1.14678381e-106 6.43804841e-012 8.62349678e-018
  1.00000000e+000]
 [1.15690553e-027 4.44492805e-064 1.42691812e-099 1.00000000e+000
  3.77330061e-055 1.16052858e-048 5.65623974e-053 4.83825228e-028
  3.41792512e-055 2.61150065e-027 3.29371726e-046 3.30152726e-050
  1.02478875e-013 5.25828907e-020 1.24416047e-059 6.32387793e-096
  1.65392179e-022 1.06324280e-058 6.10651824e-079 2.14135598e-081
  1.00000000e+000]
 [3.45778461e-066 9.97948427e-031 1.95290664e-077 3.77330061e-055
  1.00000000e+000 1.52698436e-025 4.54238112e-006 2.85923296e-051
  4.87193712e-043 1.07470420e-059 2.54779834e-021 5.95835936e-043
  1.70896258e-033 1.00831833e-060 1.78514857e-025 2.62835214e-041
  5.56527270e-029 1.48567034e-019 8.69200768e-035 2.16508488e-045
  1.00000000e+000]
 [4.99917143e-035 1.67376096e-044 1.38663720e-079 1.16052858e-048
  1.52698436e-025 1.00000000e+000 2.06072145e-022 7.14616651e-048
  1.35386603e-058 8.05187560e-073 1.28573805e-010 2.82630358e-078
  2.21498600e-025 5.89449268e-054 2.09650908e-043 2.51434225e-052
  2.96540590e-044 1.31866077e-017 2.66395238e-041 1.76898077e-073
  1.00000000e+000]
 [6.46822267e-062 5.71624473e-037 3.65546330e-070 5.65623974e-053
  4.54238112e-006 2.06072145e-022 1.00000000e+000 6.68904022e-047
  5.82306939e-047 5.50221388e-055 3.61415646e-020 3.34191667e-049
  2.82880516e-025 1.06332013e-056 1.32159185e-037 6.06827840e-030
  2.36004412e-028 5.42494231e-011 5.95550081e-035 4.11745785e-047
  1.00000000e+000]
 [3.32355673e-051 2.48935632e-025 5.35038761e-054 4.83825228e-028
  2.85923296e-051 7.14616651e-048 6.68904022e-047 1.00000000e+000
  7.74278434e-014 7.33993915e-067 6.58033496e-029 1.66956103e-060
  5.70307974e-018 6.04976638e-050 1.77664941e-081 9.10998444e-070
  3.80289584e-042 7.83507294e-065 8.46878466e-044 2.04792629e-064
  1.00000000e+000]
 [1.85921139e-088 2.69157850e-015 5.85686938e-052 3.41792512e-055
  4.87193712e-043 1.35386603e-058 5.82306939e-047 7.74278434e-014
  1.00000000e+000 6.74998479e-086 2.98058079e-025 7.76132035e-050
  6.68230608e-043 9.13924175e-078 1.18919174e-094 1.18555310e-068
  1.33224724e-048 4.51500309e-066 3.46258578e-036 2.70699400e-057
  1.00000000e+000]
 [1.05303198e-037 9.80355207e-073 7.08456784e-078 2.61150065e-027
  1.07470420e-059 8.05187560e-073 5.50221388e-055 7.33993915e-067
  6.74998479e-086 1.00000000e+000 8.64133888e-075 1.63361920e-020
  1.62860570e-029 5.79533457e-009 1.25896715e-061 3.99712933e-063
  5.54226104e-008 1.07581066e-071 7.55010769e-068 7.88989533e-044
  1.00000000e+000]
 [6.66386166e-056 1.73242950e-027 3.35429797e-066 3.29371726e-046
  2.54779834e-021 1.28573805e-010 3.61415646e-020 6.58033496e-029
  2.98058079e-025 8.64133888e-075 1.00000000e+000 8.11605029e-061
  6.40540933e-028 6.18970378e-063 9.34999170e-063 3.56729819e-052
  2.00342233e-039 5.68086453e-018 2.22073106e-033 2.03179434e-065
  1.00000000e+000]
 [2.02685583e-069 4.24414773e-039 1.67097236e-052 3.30152726e-050
  5.95835936e-043 2.82630358e-078 3.34191667e-049 1.66956103e-060
  7.76132035e-050 1.63361920e-020 8.11605029e-061 1.00000000e+000
  2.49810306e-046 7.38733484e-033 2.02504141e-067 8.71268575e-050
  3.35216856e-010 1.29361623e-074 1.36539252e-040 4.81354571e-020
  1.00000000e+000]
 [3.63751540e-017 5.17765628e-036 4.35079484e-056 1.02478875e-013
  1.70896258e-033 2.21498600e-025 2.82880516e-025 5.70307974e-018
  6.68230608e-043 1.62860570e-029 6.40540933e-028 2.49810306e-046
  1.00000000e+000 5.07894231e-017 3.30147561e-042 1.32693255e-045
  5.52716695e-018 2.05907877e-038 3.38991115e-039 2.03648542e-048
  1.00000000e+000]
 [1.62629388e-012 4.61568817e-058 2.69981094e-062 5.25828907e-020
  1.00831833e-060 5.89449268e-054 1.06332013e-056 6.04976638e-050
  9.13924175e-078 5.79533457e-009 6.18970378e-063 7.38733484e-033
  5.07894231e-017 1.00000000e+000 1.31696782e-050 6.50815599e-059
  6.19197462e-013 4.15784393e-074 7.21138485e-054 1.51025320e-042
  1.00000000e+000]
 [6.62923511e-045 3.39945889e-059 2.43454112e-108 1.24416047e-059
  1.78514857e-025 2.09650908e-043 1.32159185e-037 1.77664941e-081
  1.18919174e-094 1.25896715e-061 9.34999170e-063 2.02504141e-067
  3.30147561e-042 1.31696782e-050 1.00000000e+000 1.22564313e-070
  3.96900939e-044 5.25318669e-061 1.85061762e-061 7.46701540e-062
  1.00000000e+000]
 [6.19548662e-069 7.40741850e-034 1.18228069e-021 6.32387793e-096
  2.62835214e-041 2.51434225e-052 6.06827840e-030 9.10998444e-070
  1.18555310e-068 3.99712933e-063 3.56729819e-052 8.71268575e-050
  1.32693255e-045 6.50815599e-059 1.22564313e-070 1.00000000e+000
  6.45592238e-042 2.82148576e-057 2.86914130e-013 1.20741832e-016
  1.00000000e+000]
 [4.28477410e-035 8.65825864e-039 8.66751354e-056 1.65392179e-022
  5.56527270e-029 2.96540590e-044 2.36004412e-028 3.80289584e-042
  1.33224724e-048 5.54226104e-008 2.00342233e-039 3.35216856e-010
  5.52716695e-018 6.19197462e-013 3.96900939e-044 6.45592238e-042
  1.00000000e+000 1.05674262e-043 2.47877445e-038 1.09958700e-027
  1.00000000e+000]
 [6.35194760e-073 2.56951533e-066 1.14678381e-106 1.06324280e-058
  1.48567034e-019 1.31866077e-017 5.42494231e-011 7.83507294e-065
  4.51500309e-066 1.07581066e-071 5.68086453e-018 1.29361623e-074
  2.05907877e-038 4.15784393e-074 5.25318669e-061 2.82148576e-057
  1.05674262e-043 1.00000000e+000 5.50271147e-063 4.13707971e-086
  1.00000000e+000]
 [2.45398155e-057 5.45573009e-008 6.43804841e-012 6.10651824e-079
  8.69200768e-035 2.66395238e-041 5.95550081e-035 8.46878466e-044
  3.46258578e-036 7.55010769e-068 2.22073106e-033 1.36539252e-040
  3.38991115e-039 7.21138485e-054 1.85061762e-061 2.86914130e-013
  2.47877445e-038 5.50271147e-063 1.00000000e+000 3.13542830e-013
  1.00000000e+000]
 [2.27629611e-065 2.61945265e-023 8.62349678e-018 2.14135598e-081
  2.16508488e-045 1.76898077e-073 4.11745785e-047 2.04792629e-064
  2.70699400e-057 7.88989533e-044 2.03179434e-065 4.81354571e-020
  2.03648542e-048 1.51025320e-042 7.46701540e-062 1.20741832e-016
  1.09958700e-027 4.13707971e-086 3.13542830e-013 1.00000000e+000
  1.00000000e+000]
 [1.00000000e+000 1.00000000e+000 1.00000000e+000 1.00000000e+000
  1.00000000e+000 1.00000000e+000 1.00000000e+000 1.00000000e+000
  1.00000000e+000 1.00000000e+000 1.00000000e+000 1.00000000e+000
  1.00000000e+000 1.00000000e+000 1.00000000e+000 1.00000000e+000
  1.00000000e+000 1.00000000e+000 1.00000000e+000 1.00000000e+000
  0.00000000e+000]]
