[[1.00000000e+000 4.33380663e-036 6.50677874e-078 2.72123910e-043
  1.05167535e-034 2.18255205e-032 6.70773244e-027 4.07178392e-040
  9.65035817e-048 5.23447513e-023 1.07347087e-013 3.17579361e-022
  2.73384910e-010 2.38365744e-044 1.90322274e-040 3.69957837e-032
  5.26984173e-063 7.39621210e-026 2.21351783e-020 7.58349165e-023
  1.00000000e+000]
 [4.33380663e-036 1.00000000e+000 7.13025986e-057 1.50413753e-045
  1.33695538e-040 8.68579792e-040 4.17836521e-068 3.79619411e-054
  2.13375627e-065 2.61429491e-068 3.29936786e-025 2.70047546e-034
  1.40870965e-029 3.93359227e-093 9.16158465e-076 7.00143469e-042
  1.21513410e-060 5.51910666e-022 8.65627053e-047 2.15684636e-013
  1.00000000e+000]
 [6.50677874e-078 7.13025986e-057 1.00000000e+000 4.56462372e-026
  1.58196170e-050 2.06312048e-071 1.17952814e-068 3.71471938e-044
  3.19061026e-056 5.22415241e-082 1.56641085e-058 1.15389666e-053
  1.38397002e-098 6.27212279e-063 1.12252846e-066 1.32491447e-055
  6.13534440e-098 3.63205321e-061 8.47894383e-066 2.60176633e-061
  1.00000000e+000]
 [2.72123910e-043 1.50413753e-045 4.56462372e-026 1.00000000e+000
  3.06116766e-011 3.42227362e-035 4.50166836e-028 2.80920445e-046
  1.85524980e-020 4.77156776e-046 7.27330976e-020 3.71985409e-028
  1.26287842e-056 1.38777532e-041 2.62743012e-046 9.14582374e-022
  2.09819047e-048 1.75236286e-038 9.58243992e-045 1.63412735e-026
  1.00000000e+000]
 [1.05167535e-034 1.33695538e-040 1.58196170e-050 3.06116766e-011
  1.00000000e+000 3.66513617e-037 3.75666207e-023 9.17571021e-064
  1.42108371e-024 1.04292021e-037 3.01352135e-011 4.63604580e-012
  2.03697342e-041 6.57765091e-048 2.11509463e-051 2.92771704e-030
  3.81073714e-052 3.21438142e-021 5.22975592e-025 9.81048384e-015
  1.00000000e+000]
 [2.18255205e-032 8.68579792e-040 2.06312048e-071 3.42227362e-035
  3.66513617e-037 1.00000000e+000 6.25450218e-070 9.56722653e-089
  7.78767908e-037 1.47247514e-081 3.23756785e-026 1.04434141e-035
  1.93095977e-055 2.76869571e-096 3.02238079e-101 7.59079145e-058
  2.96526907e-082 1.08767767e-064 6.41496193e-068 1.46152300e-040
  1.00000000e+000]
 [6.70773244e-027 4.17836521e-068 1.17952814e-068 4.50166836e-028
  3.75666207e-023 6.25450218e-070 1.00000000e+000 1.14191368e-042
  8.58348068e-030 1.15817037e-004 1.03785532e-017 9.29002762e-026
  5.76998663e-030 4.66454444e-009 9.80062046e-011 1.32251569e-015
  4.18241578e-066 1.51422552e-027 5.74648982e-021 5.05988008e-029
  1.00000000e+000]
 [4.07178392e-040 3.79619411e-054 3.71471938e-044 2.80920445e-046
  9.17571021e-064 9.56722653e-089 1.14191368e-042 1.00000000e+000
  2.31654190e-087 4.43823218e-041 9.47557989e-052 6.06020108e-066
  6.81602556e-045 2.06943415e-041 1.52901914e-029 1.99601826e-032
  7.63640427e-049 1.01672700e-040 1.70972217e-045 2.76008695e-047
  1.00000000e+000]
 [9.65035817e-048 2.13375627e-065 3.19061026e-056 1.85524980e-020
  1.42108371e-024 7.78767908e-037 8.58348068e-030 2.31654190e-087
  1.00000000e+000 9.17989683e-043 5.50107260e-019 1.35755136e-024
  2.10564304e-062 1.17061445e-038 1.45497199e-049 1.13234570e-029
  9.45202027e-107 3.11139354e-057 2.41629619e-055 5.73999231e-041
  1.00000000e+000]
 [5.23447513e-023 2.61429491e-068 5.22415241e-082 4.77156776e-046
  1.04292021e-037 1.47247514e-081 1.15817037e-004 4.43823218e-041
  9.17989683e-043 1.00000000e+000 2.96962937e-022 9.37740585e-030
  2.47159628e-022 4.76528149e-010 1.75504653e-007 2.03785586e-020
  6.56314036e-080 1.47872836e-026 2.02902254e-018 7.74327473e-033
  1.00000000e+000]
 [1.07347087e-013 3.29936786e-025 1.56641085e-058 7.27330976e-020
  3.01352135e-011 3.23756785e-026 1.03785532e-017 9.47557989e-052
  5.50107260e-019 2.96962937e-022 1.00000000e+000 5.23821507e-009
  4.15464978e-016 2.26713386e-038 1.00053111e-035 3.45809788e-016
  2.42945186e-057 2.49037765e-016 1.24738718e-021 2.76766143e-007
  1.00000000e+000]
 [3.17579361e-022 2.70047546e-034 1.15389666e-053 3.71985409e-028
  4.63604580e-012 1.04434141e-035 9.29002762e-026 6.06020108e-066
  1.35755136e-024 9.37740585e-030 5.23821507e-009 1.00000000e+000
  7.66198916e-032 2.81468305e-043 5.71463206e-047 1.17989435e-038
  5.32697867e-088 4.46389198e-017 2.99261992e-012 1.10371199e-017
  1.00000000e+000]
 [2.73384910e-010 1.40870965e-029 1.38397002e-098 1.26287842e-056
  2.03697342e-041 1.93095977e-055 5.76998663e-030 6.81602556e-045
  2.10564304e-062 2.47159628e-022 4.15464978e-016 7.66198916e-032
  1.00000000e+000 2.64161971e-053 6.12862764e-038 2.09974312e-026
  1.12470921e-054 6.08005894e-017 1.49470478e-025 2.45502482e-014
  1.00000000e+000]
 [2.38365744e-044 3.93359227e-093 6.27212279e-063 1.38777532e-041
  6.57765091e-048 2.76869571e-096 4.66454444e-009 2.06943415e-041
  1.17061445e-038 4.76528149e-010 2.26713386e-038 2.81468305e-043
  2.64161971e-053 1.00000000e+000 1.01402415e-005 1.98199411e-025
  7.82362700e-101 9.69528674e-049 7.32848825e-035 8.68317304e-056
  1.00000000e+000]
 [1.90322274e-040 9.16158465e-076 1.12252846e-066 2.62743012e-046
  2.11509463e-051 3.02238079e-101 9.80062046e-011 1.52901914e-029
  1.45497199e-049 1.75504653e-007 1.00053111e-035 5.71463206e-047
  6.12862764e-038 1.01402415e-005 1.00000000e+000 1.07379379e-016
  6.61003267e-084 7.76275276e-037 1.23741584e-033 4.93678775e-044
  1.00000000e+000]
 [3.69957837e-032 7.00143469e-042 1.32491447e-055 9.14582374e-022
  2.92771704e-030 7.59079145e-058 1.32251569e-015 1.99601826e-032
  1.13234570e-029 2.03785586e-020 3.45809788e-016 1.17989435e-038
  2.09974312e-026 1.98199411e-025 1.07379379e-016 1.00000000e+000
  2.02173477e-046 5.40312975e-030 8.95546008e-044 1.66459253e-019
  1.00000000e+000]
 [5.26984173e-063 1.21513410e-060 6.13534440e-098 2.09819047e-048
  3.81073714e-052 2.96526907e-082 4.18241578e-066 7.63640427e-049
  9.45202027e-107 6.56314036e-080 2.42945186e-057 5.32697867e-088
  1.12470921e-054 7.82362700e-101 6.61003267e-084 2.02173477e-046
  1.00000000e+000 1.38266949e-053 2.13914905e-079 2.41906825e-040
  1.00000000e+000]
 [7.39621210e-026 5.51910666e-022 3.63205321e-061 1.75236286e-038
  3.21438142e-021 1.08767767e-064 1.51422552e-027 1.01672700e-040
  3.11139354e-057 1.47872836e-026 2.49037765e-016 4.46389198e-017
  6.08005894e-017 9.69528674e-049 7.76275276e-037 5.40312975e-030
  1.38266949e-053 1.00000000e+000 1.31366637e-010 2.67407301e-007
  1.00000000e+000]
 [2.21351783e-020 8.65627053e-047 8.47894383e-066 9.58243992e-045
  5.22975592e-025 6.41496193e-068 5.74648982e-021 1.70972217e-045
  2.41629619e-055 2.02902254e-018 1.24738718e-021 2.99261992e-012
  1.49470478e-025 7.32848825e-035 1.23741584e-033 8.95546008e-044
  2.13914905e-079 1.31366637e-010 1.00000000e+000 2.40119917e-024
  1.00000000e+000]
 [7.58349165e-023 2.15684636e-013 2.60176633e-061 1.63412735e-026
  9.81048384e-015 1.46152300e-040 5.05988008e-029 2.76008695e-047
  5.73999231e-041 7.74327473e-033 2.76766143e-007 1.10371199e-017
  2.45502482e-014 8.68317304e-056 4.93678775e-044 1.66459253e-019
  2.41906825e-040 2.67407301e-007 2.40119917e-024 1.00000000e+000
  1.00000000e+000]
 [1.00000000e+000 1.00000000e+000 1.00000000e+000 1.00000000e+000
  1.00000000e+000 1.00000000e+000 1.00000000e+000 1.00000000e+000
  1.00000000e+000 1.00000000e+000 1.00000000e+000 1.00000000e+000
  1.00000000e+000 1.00000000e+000 1.00000000e+000 1.00000000e+000
  1.00000000e+000 1.00000000e+000 1.00000000e+000 1.00000000e+000
  0.00000000e+000]]
