[[1.00000000e+000 5.83919549e-027 4.37986629e-042 3.50637463e-072
  5.63548113e-083 2.47303579e-050 1.30524405e-048 3.59309634e-034
  4.07632013e-073 2.20343531e-022 2.03932667e-018 7.40324149e-032
  4.98624752e-069 3.19101831e-040 1.38899739e-034 1.04724721e-077
  3.16138030e-081 1.56409185e-102 5.93812379e-045 4.72613726e-065
  1.00000000e+000]
 [5.83919549e-027 1.00000000e+000 5.37748020e-013 1.39083303e-047
  5.55762011e-043 2.90676880e-060 2.66882708e-029 1.10779634e-023
  7.04425203e-040 7.46239513e-013 8.82721717e-018 2.29274315e-038
  1.45592928e-031 1.00674358e-056 4.67747820e-014 5.80001157e-063
  1.66643409e-036 2.42054391e-075 7.26444605e-035 2.20085217e-075
  1.00000000e+000]
 [4.37986629e-042 5.37748020e-013 1.00000000e+000 5.02766271e-074
  3.72833255e-036 8.45144754e-058 2.50882087e-043 1.92651466e-027
  7.18332570e-039 6.21228513e-026 8.17258655e-021 5.23133630e-060
  2.22273280e-011 3.59099483e-043 1.07019888e-022 7.68191032e-049
  8.81023351e-044 9.38731729e-057 6.97257867e-049 1.43278763e-078
  1.00000000e+000]
 [3.50637463e-072 1.39083303e-047 5.02766271e-074 1.00000000e+000
  9.75410287e-053 2.09704294e-079 1.67079334e-038 5.69391597e-030
  4.30521121e-077 2.08136304e-023 2.53660183e-062 6.99180185e-052
  2.12214847e-095 8.15309325e-099 1.50875434e-045 7.76358916e-056
  1.74269827e-050 2.33221783e-081 8.92532517e-019 2.01904617e-072
  1.00000000e+000]
 [5.63548113e-083 5.55762011e-043 3.72833255e-036 9.75410287e-053
  1.00000000e+000 1.25867598e-070 1.63311656e-018 1.24553803e-052
  2.74549619e-013 1.45986812e-030 2.89255923e-034 5.76184553e-099
  2.56602476e-029 2.45556293e-086 3.75108005e-063 6.69856532e-050
  8.58240097e-011 1.92034053e-023 1.63982159e-044 9.55622690e-071
  1.00000000e+000]
 [2.47303579e-050 2.90676880e-060 8.45144754e-058 2.09704294e-079
  1.25867598e-070 1.00000000e+000 1.02948060e-047 7.00509802e-052
  4.87554313e-071 3.45934073e-043 1.25949731e-052 1.27445010e-026
  9.53583217e-052 1.25720720e-071 1.65065090e-058 9.27408925e-031
  1.17081374e-057 1.67830661e-034 2.93598893e-031 3.52753622e-008
  1.00000000e+000]
 [1.30524405e-048 2.66882708e-029 2.50882087e-043 1.67079334e-038
  1.63311656e-018 1.02948060e-047 1.00000000e+000 3.24816138e-038
  1.96885343e-011 1.55791690e-012 6.80529907e-030 4.85986105e-055
  2.05010826e-048 1.79935731e-067 1.27932419e-058 8.71280517e-065
  3.95929858e-011 3.97710540e-035 1.17633169e-019 1.53287976e-039
  1.00000000e+000]
 [3.59309634e-034 1.10779634e-023 1.92651466e-027 5.69391597e-030
  1.24553803e-052 7.00509802e-052 3.24816138e-038 1.00000000e+000
  1.75069446e-060 4.18573308e-011 1.30273142e-038 1.05041023e-030
  3.54614419e-057 2.08898070e-025 9.18687306e-028 5.22532855e-047
  9.25481422e-060 3.68330957e-069 2.41721367e-014 7.46075811e-055
  1.00000000e+000]
 [4.07632013e-073 7.04425203e-040 7.18332570e-039 4.30521121e-077
  2.74549619e-013 4.87554313e-071 1.96885343e-011 1.75069446e-060
  1.00000000e+000 4.30301020e-032 3.72913057e-037 1.14158368e-095
  2.81081045e-036 6.12718270e-075 9.30888635e-081 4.29463877e-085
  6.91804243e-013 7.34186028e-034 2.62299024e-049 2.82489687e-066
  1.00000000e+000]
 [2.20343531e-022 7.46239513e-013 6.21228513e-026 2.08136304e-023
  1.45986812e-030 3.45934073e-043 1.55791690e-012 4.18573308e-011
  4.30301020e-032 1.00000000e+000 1.88613529e-017 7.86027673e-031
  1.89493957e-045 3.47941460e-040 4.14689668e-026 7.06214613e-048
  2.90754002e-030 2.54398204e-053 4.88214920e-011 1.70298060e-044
  1.00000000e+000]
 [2.03932667e-018 8.82721717e-018 8.17258655e-021 2.53660183e-062
  2.89255923e-034 1.25949731e-052 6.80529907e-030 1.30273142e-038
  3.72913057e-037 1.88613529e-017 1.00000000e+000 6.00940464e-058
  1.36732325e-029 1.04036686e-055 1.90144494e-026 4.82694343e-052
  6.07087174e-041 1.62988249e-062 4.45306006e-047 2.43911443e-070
  1.00000000e+000]
 [7.40324149e-032 2.29274315e-038 5.23133630e-060 6.99180185e-052
  5.76184553e-099 1.27445010e-026 4.85986105e-055 1.05041023e-030
  1.14158368e-095 7.86027673e-031 6.00940464e-058 1.00000000e+000
  6.45832635e-081 2.40827381e-067 6.63881442e-035 3.03510029e-057
  2.94983534e-077 1.30173638e-088 3.41670543e-022 3.70086335e-034
  1.00000000e+000]
 [4.98624752e-069 1.45592928e-031 2.22273280e-011 2.12214847e-095
  2.56602476e-029 9.53583217e-052 2.05010826e-048 3.54614419e-057
  2.81081045e-036 1.89493957e-045 1.36732325e-029 6.45832635e-081
  1.00000000e+000 1.39520388e-078 2.77295860e-039 2.49277584e-040
  2.34269711e-033 2.46290469e-035 2.47925624e-065 2.55370735e-075
  1.00000000e+000]
 [3.19101831e-040 1.00674358e-056 3.59099483e-043 8.15309325e-099
  2.45556293e-086 1.25720720e-071 1.79935731e-067 2.08898070e-025
  6.12718270e-075 3.47941460e-040 1.04036686e-055 2.40827381e-067
  1.39520388e-078 1.00000000e+000 7.29056121e-076 2.22541920e-092
  1.01761532e-105 6.94793410e-094 5.38845243e-052 4.71270813e-074
  1.00000000e+000]
 [1.38899739e-034 4.67747820e-014 1.07019888e-022 1.50875434e-045
  3.75108005e-063 1.65065090e-058 1.27932419e-058 9.18687306e-028
  9.30888635e-081 4.14689668e-026 1.90144494e-026 6.63881442e-035
  2.77295860e-039 7.29056121e-076 1.00000000e+000 7.32381518e-039
  4.64206729e-061 2.80931850e-088 1.44231160e-043 1.75207409e-084
  1.00000000e+000]
 [1.04724721e-077 5.80001157e-063 7.68191032e-049 7.76358916e-056
  6.69856532e-050 9.27408925e-031 8.71280517e-065 5.22532855e-047
  4.29463877e-085 7.06214613e-048 4.82694343e-052 3.03510029e-057
  2.49277584e-040 2.22541920e-092 7.32381518e-039 1.00000000e+000
  1.20577290e-057 3.33483633e-034 1.38214055e-041 3.67376786e-047
  1.00000000e+000]
 [3.16138030e-081 1.66643409e-036 8.81023351e-044 1.74269827e-050
  8.58240097e-011 1.17081374e-057 3.95929858e-011 9.25481422e-060
  6.91804243e-013 2.90754002e-030 6.07087174e-041 2.94983534e-077
  2.34269711e-033 1.01761532e-105 4.64206729e-061 1.20577290e-057
  1.00000000e+000 1.74539294e-025 1.75497704e-037 4.97375035e-056
  1.00000000e+000]
 [1.56409185e-102 2.42054391e-075 9.38731729e-057 2.33221783e-081
  1.92034053e-023 1.67830661e-034 3.97710540e-035 3.68330957e-069
  7.34186028e-034 2.54398204e-053 1.62988249e-062 1.30173638e-088
  2.46290469e-035 6.94793410e-094 2.80931850e-088 3.33483633e-034
  1.74539294e-025 1.00000000e+000 4.19075690e-045 2.12699812e-032
  1.00000000e+000]
 [5.93812379e-045 7.26444605e-035 6.97257867e-049 8.92532517e-019
  1.63982159e-044 2.93598893e-031 1.17633169e-019 2.41721367e-014
  2.62299024e-049 4.88214920e-011 4.45306006e-047 3.41670543e-022
  2.47925624e-065 5.38845243e-052 1.44231160e-043 1.38214055e-041
  1.75497704e-037 4.19075690e-045 1.00000000e+000 1.77255875e-023
  1.00000000e+000]
 [4.72613726e-065 2.20085217e-075 1.43278763e-078 2.01904617e-072
  9.55622690e-071 3.52753622e-008 1.53287976e-039 7.46075811e-055
  2.82489687e-066 1.70298060e-044 2.43911443e-070 3.70086335e-034
  2.55370735e-075 4.71270813e-074 1.75207409e-084 3.67376786e-047
  4.97375035e-056 2.12699812e-032 1.77255875e-023 1.00000000e+000
  1.00000000e+000]
 [1.00000000e+000 1.00000000e+000 1.00000000e+000 1.00000000e+000
  1.00000000e+000 1.00000000e+000 1.00000000e+000 1.00000000e+000
  1.00000000e+000 1.00000000e+000 1.00000000e+000 1.00000000e+000
  1.00000000e+000 1.00000000e+000 1.00000000e+000 1.00000000e+000
  1.00000000e+000 1.00000000e+000 1.00000000e+000 1.00000000e+000
  0.00000000e+000]]
