[[1.00000000e+000 8.84362448e-047 3.27660958e-034 4.27930548e-014
  1.69778486e-021 9.41116873e-074 6.00844784e-057 3.89199154e-027
  5.46463931e-054 1.66865857e-063 4.72564390e-024 2.88451858e-008
  9.95826871e-025 7.02104547e-048 9.11766026e-008 1.78986194e-060
  8.92302849e-023 5.81862010e-014 2.33679329e-038 5.68540683e-021
  1.00000000e+000]
 [8.84362448e-047 1.00000000e+000 3.92150474e-082 1.29688709e-062
  3.40786772e-043 4.19009522e-034 3.21825923e-064 4.09788955e-037
  2.16203431e-058 4.23546143e-026 5.25651392e-029 7.79882243e-048
  1.01754244e-040 5.52736288e-061 1.14140949e-040 3.83368621e-013
  2.83380951e-034 5.20778519e-041 9.52600661e-060 4.20404600e-030
  1.00000000e+000]
 [3.27660958e-034 3.92150474e-082 1.00000000e+000 1.76531654e-024
  7.09792646e-062 4.17080489e-072 5.64775816e-034 7.96676625e-049
  4.21223527e-056 1.29578327e-104 7.78986359e-027 1.77951110e-039
  1.18746169e-052 1.36561577e-027 4.25686097e-045 1.17893248e-099
  2.21110314e-044 3.83582633e-049 5.67333658e-015 2.90867984e-028
  1.00000000e+000]
 [4.27930548e-014 1.29688709e-062 1.76531654e-024 1.00000000e+000
  3.31222753e-020 1.16925312e-056 9.85176283e-053 3.75878164e-025
  7.24043071e-048 2.59490434e-055 1.16703267e-021 1.73980190e-035
  6.11764221e-017 7.26839041e-033 1.56218779e-026 5.06558774e-072
  5.05940345e-036 1.72922643e-045 1.59862777e-021 1.73684074e-013
  1.00000000e+000]
 [1.69778486e-021 3.40786772e-043 7.09792646e-062 3.31222753e-020
  1.00000000e+000 6.28861102e-073 5.76871711e-071 1.23032247e-038
  4.08764044e-088 3.47711655e-045 4.21101375e-032 1.04118584e-033
  1.66117227e-020 2.16953853e-049 1.27948171e-034 1.22637260e-064
  3.77361214e-050 2.57061210e-042 2.26352397e-058 9.37070296e-028
  1.00000000e+000]
 [9.41116873e-074 4.19009522e-034 4.17080489e-072 1.16925312e-056
  6.28861102e-073 1.00000000e+000 3.43075987e-047 6.32186876e-049
  7.68283905e-024 6.49175802e-030 4.36413921e-024 2.64495652e-096
  1.67748098e-032 2.70487254e-049 1.39830531e-059 1.38376609e-038
  1.44068500e-044 1.66780769e-084 3.34171399e-043 6.11413326e-022
  1.00000000e+000]
 [6.00844784e-057 3.21825923e-064 5.64775816e-034 9.85176283e-053
  5.76871711e-071 3.43075987e-047 1.00000000e+000 1.46024452e-091
  1.23638985e-043 4.17700272e-087 7.36110905e-014 2.51601563e-056
  1.21836336e-036 3.59215036e-050 5.85977495e-043 1.08815548e-091
  2.10598888e-058 7.25641038e-045 8.03753300e-051 1.26443913e-035
  1.00000000e+000]
 [3.89199154e-027 4.09788955e-037 7.96676625e-049 3.75878164e-025
  1.23032247e-038 6.32186876e-049 1.46024452e-091 1.00000000e+000
  1.69398566e-054 1.66175670e-044 8.94358336e-039 1.27972842e-046
  2.02777303e-043 3.76512584e-037 1.21930247e-040 1.61645985e-037
  8.47015510e-022 1.53359922e-057 5.18484286e-024 1.02028329e-017
  1.00000000e+000]
 [5.46463931e-054 2.16203431e-058 4.21223527e-056 7.24043071e-048
  4.08764044e-088 7.68283905e-024 1.23638985e-043 1.69398566e-054
  1.00000000e+000 3.92654139e-049 5.23488239e-027 8.25091052e-076
  3.37716706e-034 6.22517511e-075 4.29855041e-038 1.23013298e-048
  5.00579477e-044 8.10764562e-064 3.61908232e-035 7.42926328e-030
  1.00000000e+000]
 [1.66865857e-063 4.23546143e-026 1.29578327e-104 2.59490434e-055
  3.47711655e-045 6.49175802e-030 4.17700272e-087 1.66175670e-044
  3.92654139e-049 1.00000000e+000 1.71628638e-043 7.54335585e-087
  5.08636282e-031 1.79589904e-091 9.81385967e-062 2.99413737e-015
  1.12199339e-069 9.92602203e-083 3.01824019e-060 1.69585774e-039
  1.00000000e+000]
 [4.72564390e-024 5.25651392e-029 7.78986359e-027 1.16703267e-021
  4.21101375e-032 4.36413921e-024 7.36110905e-014 8.94358336e-039
  5.23488239e-027 1.71628638e-043 1.00000000e+000 3.07421475e-032
  1.19673156e-011 4.07808731e-027 9.33320283e-018 4.47321758e-048
  1.74394399e-023 7.47669173e-027 2.53315654e-027 3.88230498e-007
  1.00000000e+000]
 [2.88451858e-008 7.79882243e-048 1.77951110e-039 1.73980190e-035
  1.04118584e-033 2.64495652e-096 2.51601563e-056 1.27972842e-046
  8.25091052e-076 7.54335585e-087 3.07421475e-032 1.00000000e+000
  4.59868385e-045 1.03462169e-059 4.37773253e-014 3.72339613e-070
  6.88087720e-032 4.51510879e-005 1.31820641e-054 1.27666219e-037
  1.00000000e+000]
 [9.95826871e-025 1.01754244e-040 1.18746169e-052 6.11764221e-017
  1.66117227e-020 1.67748098e-032 1.21836336e-036 2.02777303e-043
  3.37716706e-034 5.08636282e-031 1.19673156e-011 4.59868385e-045
  1.00000000e+000 2.03375385e-047 1.15857902e-019 6.58754620e-054
  2.10174319e-037 3.21283150e-040 3.25098893e-045 1.98914339e-013
  1.00000000e+000]
 [7.02104547e-048 5.52736288e-061 1.36561577e-027 7.26839041e-033
  2.16953853e-049 2.70487254e-049 3.59215036e-050 3.76512584e-037
  6.22517511e-075 1.79589904e-091 4.07808731e-027 1.03462169e-059
  2.03375385e-047 1.00000000e+000 6.86507468e-055 2.36337255e-095
  8.50006866e-028 3.12075070e-066 1.93833495e-034 1.42655499e-016
  1.00000000e+000]
 [9.11766026e-008 1.14140949e-040 4.25686097e-045 1.56218779e-026
  1.27948171e-034 1.39830531e-059 5.85977495e-043 1.21930247e-040
  4.29855041e-038 9.81385967e-062 9.33320283e-018 4.37773253e-014
  1.15857902e-019 6.86507468e-055 1.00000000e+000 4.32386335e-057
  1.14417996e-017 7.85687206e-009 1.20278272e-050 5.11347356e-021
  1.00000000e+000]
 [1.78986194e-060 3.83368621e-013 1.17893248e-099 5.06558774e-072
  1.22637260e-064 1.38376609e-038 1.08815548e-091 1.61645985e-037
  1.23013298e-048 2.99413737e-015 4.47321758e-048 3.72339613e-070
  6.58754620e-054 2.36337255e-095 4.32386335e-057 1.00000000e+000
  4.70507282e-055 2.94912872e-065 5.92518929e-057 3.01203745e-045
  1.00000000e+000]
 [8.92302849e-023 2.83380951e-034 2.21110314e-044 5.05940345e-036
  3.77361214e-050 1.44068500e-044 2.10598888e-058 8.47015510e-022
  5.00579477e-044 1.12199339e-069 1.74394399e-023 6.88087720e-032
  2.10174319e-037 8.50006866e-028 1.14417996e-017 4.70507282e-055
  1.00000000e+000 3.76853007e-029 2.24793780e-042 1.13170304e-013
  1.00000000e+000]
 [5.81862010e-014 5.20778519e-041 3.83582633e-049 1.72922643e-045
  2.57061210e-042 1.66780769e-084 7.25641038e-045 1.53359922e-057
  8.10764562e-064 9.92602203e-083 7.47669173e-027 4.51510879e-005
  3.21283150e-040 3.12075070e-066 7.85687206e-009 2.94912872e-065
  3.76853007e-029 1.00000000e+000 1.14401087e-064 7.65635186e-038
  1.00000000e+000]
 [2.33679329e-038 9.52600661e-060 5.67333658e-015 1.59862777e-021
  2.26352397e-058 3.34171399e-043 8.03753300e-051 5.18484286e-024
  3.61908232e-035 3.01824019e-060 2.53315654e-027 1.31820641e-054
  3.25098893e-045 1.93833495e-034 1.20278272e-050 5.92518929e-057
  2.24793780e-042 1.14401087e-064 1.00000000e+000 3.56917659e-020
  1.00000000e+000]
 [5.68540683e-021 4.20404600e-030 2.90867984e-028 1.73684074e-013
  9.37070296e-028 6.11413326e-022 1.26443913e-035 1.02028329e-017
  7.42926328e-030 1.69585774e-039 3.88230498e-007 1.27666219e-037
  1.98914339e-013 1.42655499e-016 5.11347356e-021 3.01203745e-045
  1.13170304e-013 7.65635186e-038 3.56917659e-020 1.00000000e+000
  1.00000000e+000]
 [1.00000000e+000 1.00000000e+000 1.00000000e+000 1.00000000e+000
  1.00000000e+000 1.00000000e+000 1.00000000e+000 1.00000000e+000
  1.00000000e+000 1.00000000e+000 1.00000000e+000 1.00000000e+000
  1.00000000e+000 1.00000000e+000 1.00000000e+000 1.00000000e+000
  1.00000000e+000 1.00000000e+000 1.00000000e+000 1.00000000e+000
  0.00000000e+000]]
