[[1.00000000e+00 1.64884970e-19 7.71237598e-26 2.04491756e-40
  4.83000350e-42 8.85017587e-36 1.19467117e-58 4.13335529e-54
  2.00475237e-33 1.67548988e-13 1.85119076e-36 3.15239140e-49
  2.10156919e-70 2.16931896e-61 1.68057584e-36 5.45047001e-92
  9.84065411e-23 3.67162866e-54 1.67600649e-51 1.60717760e-56
  1.00000000e+00]
 [1.64884970e-19 1.00000000e+00 7.41236824e-17 1.45916715e-70
  6.89666359e-55 4.09637137e-63 4.26366665e-55 3.17983644e-57
  5.13609012e-25 8.60440820e-28 1.48058180e-70 1.27352582e-37
  7.75898108e-62 6.33853112e-44 5.44905243e-29 9.90445231e-63
  5.85631260e-33 1.62250695e-74 3.45085856e-70 1.65731591e-48
  1.00000000e+00]
 [7.71237598e-26 7.41236824e-17 1.00000000e+00 6.05138952e-34
  2.12316026e-21 1.80760964e-43 8.50762741e-16 2.91262773e-36
  2.18762466e-17 5.60346243e-30 3.89785598e-52 1.35699448e-36
  1.28941247e-29 5.02781952e-16 1.87165465e-18 8.65217607e-28
  3.88705072e-22 9.03626130e-36 5.53647328e-31 3.50016985e-28
  1.00000000e+00]
 [2.04491756e-40 1.45916715e-70 6.05138952e-34 1.00000000e+00
  3.29502640e-25 1.12843521e-48 8.56868372e-36 3.69336271e-76
  2.63100276e-58 5.08774403e-62 1.31321657e-31 2.01364430e-43
  1.56417842e-81 8.52060001e-70 2.48016513e-67 1.06320436e-77
  1.03567896e-44 3.12707089e-25 2.93625931e-31 7.86663371e-46
  1.00000000e+00]
 [4.83000350e-42 6.89666359e-55 2.12316026e-21 3.29502640e-25
  1.00000000e+00 2.37102461e-32 2.34301600e-29 7.53165613e-20
  2.50057224e-36 2.89980933e-59 5.23339819e-36 3.36765542e-46
  1.19730757e-24 1.34908282e-35 8.20047900e-33 4.01933123e-41
  1.74062500e-31 6.64253131e-04 3.97279399e-06 5.64912320e-42
  1.00000000e+00]
 [8.85017587e-36 4.09637137e-63 1.80760964e-43 1.12843521e-48
  2.37102461e-32 1.00000000e+00 2.60476275e-43 7.56917257e-42
  5.32548561e-82 1.71026118e-56 2.10567843e-31 4.78174124e-82
  2.37202383e-60 1.71932711e-43 6.86555962e-73 1.03062938e-72
  3.05169569e-68 3.36176349e-31 4.25473593e-28 1.36189054e-31
  1.00000000e+00]
 [1.19467117e-58 4.26366665e-55 8.50762741e-16 8.56868372e-36
  2.34301600e-29 2.60476275e-43 1.00000000e+00 3.11225581e-60
  2.46484526e-47 4.49745232e-56 5.79430291e-51 6.79199211e-61
  2.83666279e-40 5.75116754e-14 8.81899169e-47 1.70651732e-15
  7.85237745e-51 3.11819749e-39 2.51989442e-37 6.86588938e-23
  1.00000000e+00]
 [4.13335529e-54 3.17983644e-57 2.91262773e-36 3.69336271e-76
  7.53165613e-20 7.56917257e-42 3.11225581e-60 1.00000000e+00
  9.68704253e-48 1.28640839e-67 1.36995386e-80 2.64330326e-90
  1.72592034e-12 2.24922302e-35 2.66565996e-32 1.05979699e-60
  2.57384677e-46 5.50167683e-28 2.59164663e-17 1.15023277e-69
  1.00000000e+00]
 [2.00475237e-33 5.13609012e-25 2.18762466e-17 2.63100276e-58
  2.50057224e-36 5.32548561e-82 2.46484526e-47 9.68704253e-48
  1.00000000e+00 3.94482435e-24 3.01042094e-64 6.61761077e-50
  7.87842837e-35 1.14160420e-46 8.31292869e-04 3.53259018e-51
  1.99045629e-05 1.50655341e-59 1.27170389e-58 3.07531725e-81
  1.00000000e+00]
 [1.67548988e-13 8.60440820e-28 5.60346243e-30 5.08774403e-62
  2.89980933e-59 1.71026118e-56 4.49745232e-56 1.28640839e-67
  3.94482435e-24 1.00000000e+00 1.60779967e-51 6.71326912e-80
  9.64429997e-64 5.88273233e-57 6.26683967e-25 6.60866091e-86
  5.15043828e-16 1.94355208e-81 8.10980215e-75 5.00514834e-82
  1.00000000e+00]
 [1.85119076e-36 1.48058180e-70 3.89785598e-52 1.31321657e-31
  5.23339819e-36 2.10567843e-31 5.79430291e-51 1.36995386e-80
  3.01042094e-64 1.60779967e-51 1.00000000e+00 1.32903309e-49
  8.99288350e-89 1.74431417e-80 1.00893429e-69 2.96138783e-80
  1.15179637e-48 1.41458802e-37 1.51611944e-53 7.35859695e-55
  1.00000000e+00]
 [3.15239140e-49 1.27352582e-37 1.35699448e-36 2.01364430e-43
  3.36765542e-46 4.78174124e-82 6.79199211e-61 2.64330326e-90
  6.61761077e-50 6.71326912e-80 1.32903309e-49 1.00000000e+00
  2.95809707e-98 1.05090574e-81 4.29805584e-66 4.75934297e-67
  1.39658210e-56 1.05996731e-52 2.00680629e-69 8.68890404e-44
  1.00000000e+00]
 [2.10156919e-70 7.75898108e-62 1.28941247e-29 1.56417842e-81
  1.19730757e-24 2.37202383e-60 2.83666279e-40 1.72592034e-12
  7.87842837e-35 9.64429997e-64 8.99288350e-89 2.95809707e-98
  1.00000000e+00 4.60003895e-20 2.58864086e-20 7.13586638e-33
  2.90912249e-40 5.08723954e-40 3.69674022e-29 4.13114039e-74
  1.00000000e+00]
 [2.16931896e-61 6.33853112e-44 5.02781952e-16 8.52060001e-70
  1.34908282e-35 1.71932711e-43 5.75116754e-14 2.24922302e-35
  1.14160420e-46 5.88273233e-57 1.74431417e-80 1.05090574e-81
  4.60003895e-20 1.00000000e+00 5.64081504e-37 1.73629621e-15
  5.68449499e-56 9.85664533e-50 7.33228978e-38 1.39277701e-30
  1.00000000e+00]
 [1.68057584e-36 5.44905243e-29 1.87165465e-18 2.48016513e-67
  8.20047900e-33 6.86555962e-73 8.81899169e-47 2.66565996e-32
  8.31292869e-04 6.26683967e-25 1.00893429e-69 4.29805584e-66
  2.58864086e-20 5.64081504e-37 1.00000000e+00 9.33353911e-48
  6.25059000e-08 8.24784512e-56 2.08883572e-50 1.10887970e-82
  1.00000000e+00]
 [5.45047001e-92 9.90445231e-63 8.65217607e-28 1.06320436e-77
  4.01933123e-41 1.03062938e-72 1.70651732e-15 1.05979699e-60
  3.53259018e-51 6.60866091e-86 2.96138783e-80 4.75934297e-67
  7.13586638e-33 1.73629621e-15 9.33353911e-48 1.00000000e+00
  4.39109204e-68 3.18162923e-55 2.80267940e-56 2.23996443e-38
  1.00000000e+00]
 [9.84065411e-23 5.85631260e-33 3.88705072e-22 1.03567896e-44
  1.74062500e-31 3.05169569e-68 7.85237745e-51 2.57384677e-46
  1.99045629e-05 5.15043828e-16 1.15179637e-48 1.39658210e-56
  2.90912249e-40 5.68449499e-56 6.25059000e-08 4.39109204e-68
  1.00000000e+00 3.48026092e-51 1.98901651e-50 1.06486731e-85
  1.00000000e+00]
 [3.67162866e-54 1.62250695e-74 9.03626130e-36 3.12707089e-25
  6.64253131e-04 3.36176349e-31 3.11819749e-39 5.50167683e-28
  1.50655341e-59 1.94355208e-81 1.41458802e-37 1.05996731e-52
  5.08723954e-40 9.85664533e-50 8.24784512e-56 3.18162923e-55
  3.48026092e-51 1.00000000e+00 3.45685617e-05 6.70627475e-43
  1.00000000e+00]
 [1.67600649e-51 3.45085856e-70 5.53647328e-31 2.93625931e-31
  3.97279399e-06 4.25473593e-28 2.51989442e-37 2.59164663e-17
  1.27170389e-58 8.10980215e-75 1.51611944e-53 2.00680629e-69
  3.69674022e-29 7.33228978e-38 2.08883572e-50 2.80267940e-56
  1.98901651e-50 3.45685617e-05 1.00000000e+00 8.55264075e-44
  1.00000000e+00]
 [1.60717760e-56 1.65731591e-48 3.50016985e-28 7.86663371e-46
  5.64912320e-42 1.36189054e-31 6.86588938e-23 1.15023277e-69
  3.07531725e-81 5.00514834e-82 7.35859695e-55 8.68890404e-44
  4.13114039e-74 1.39277701e-30 1.10887970e-82 2.23996443e-38
  1.06486731e-85 6.70627475e-43 8.55264075e-44 1.00000000e+00
  1.00000000e+00]
 [1.00000000e+00 1.00000000e+00 1.00000000e+00 1.00000000e+00
  1.00000000e+00 1.00000000e+00 1.00000000e+00 1.00000000e+00
  1.00000000e+00 1.00000000e+00 1.00000000e+00 1.00000000e+00
  1.00000000e+00 1.00000000e+00 1.00000000e+00 1.00000000e+00
  1.00000000e+00 1.00000000e+00 1.00000000e+00 1.00000000e+00
  0.00000000e+00]]
