[[1.00000000e+000 4.73949407e-027 6.47006498e-049 1.08473872e-027
  1.61443767e-029 1.26372150e-029 1.46935795e-032 2.90442161e-016
  3.66131467e-028 5.52416569e-031 5.53255611e-021 4.47952879e-054
  1.61560234e-031 6.93755609e-024 3.28232547e-032 3.34921404e-034
  8.36653635e-017 2.76716204e-027 5.72265630e-006 7.31292583e-045
  1.00000000e+000]
 [4.73949407e-027 1.00000000e+000 3.24065781e-093 8.04647303e-047
  1.18734196e-052 3.52633821e-091 6.10413519e-068 1.11483384e-049
  7.80751788e-038 1.73050282e-056 4.93851334e-040 1.12219651e-066
  2.86448034e-012 1.49152849e-077 2.46441610e-051 1.91680247e-039
  6.78553323e-044 1.28482089e-030 1.79600580e-033 1.02320383e-066
  1.00000000e+000]
 [6.47006498e-049 3.24065781e-093 1.00000000e+000 4.73072469e-044
  2.29362085e-051 1.28605729e-028 1.14795493e-043 1.43477022e-065
  1.18781774e-050 7.52816605e-064 5.14265771e-089 3.74384338e-098
  3.86366672e-061 4.58962601e-025 2.76990652e-047 3.19345491e-062
  6.10926967e-042 4.68145899e-054 1.17644697e-072 2.12182911e-051
  1.00000000e+000]
 [1.08473872e-027 8.04647303e-047 4.73072469e-044 1.00000000e+000
  1.21755340e-065 9.71429693e-056 7.05053125e-067 1.98711453e-014
  3.13503434e-009 2.11902605e-019 1.33841966e-036 2.81491847e-053
  4.44450826e-035 2.14801406e-040 1.62253600e-068 6.94297297e-063
  5.35222633e-043 2.25056769e-023 3.53870553e-041 1.10727094e-025
  1.00000000e+000]
 [1.61443767e-029 1.18734196e-052 2.29362085e-051 1.21755340e-065
  1.00000000e+000 4.67834992e-030 2.50802674e-048 6.24172308e-057
  1.13459498e-061 3.15728669e-043 1.01755343e-029 3.41644584e-059
  8.04048605e-057 6.75313391e-050 9.56226701e-022 5.15868979e-009
  4.13777300e-039 1.20768475e-024 1.80492115e-026 1.50122993e-034
  1.00000000e+000]
 [1.26372150e-029 3.52633821e-091 1.28605729e-028 9.71429693e-056
  4.67834992e-030 1.00000000e+000 1.85231916e-025 6.83712799e-043
  4.68086974e-071 5.10750722e-039 2.60548404e-054 1.34979640e-101
  2.34648047e-083 6.08332507e-018 1.09849970e-054 5.96500041e-051
  1.60715818e-038 6.45390452e-048 3.44091631e-036 4.13219775e-056
  1.00000000e+000]
 [1.46935795e-032 6.10413519e-068 1.14795493e-043 7.05053125e-067
  2.50802674e-048 1.85231916e-025 1.00000000e+000 2.72678596e-050
  3.80953480e-089 1.39447847e-060 5.37614930e-078 4.06555378e-102
  1.20041508e-050 8.65547548e-014 3.53128162e-048 4.63390603e-047
  1.69439592e-016 4.52546497e-068 3.45842763e-040 7.78106390e-086
  1.00000000e+000]
 [2.90442161e-016 1.11483384e-049 1.43477022e-065 1.98711453e-014
  6.24172308e-057 6.83712799e-043 2.72678596e-050 1.00000000e+000
  4.14733605e-030 1.43278682e-013 1.89413880e-020 5.70758496e-046
  5.31003604e-048 1.00668853e-029 2.10853480e-065 4.18375409e-055
  5.47893290e-031 1.80934687e-032 7.94427510e-017 5.97207585e-035
  1.00000000e+000]
 [3.66131467e-028 7.80751788e-038 1.18781774e-050 3.13503434e-009
  1.13459498e-061 4.68086974e-071 3.80953480e-089 4.14733605e-030
  1.00000000e+000 6.73495406e-037 7.59173238e-036 6.88719015e-052
  1.65290424e-033 3.57480063e-059 9.32105488e-059 2.85668119e-062
  1.97811283e-052 2.00638572e-022 3.24088959e-044 7.17166796e-029
  1.00000000e+000]
 [5.52416569e-031 1.73050282e-056 7.52816605e-064 2.11902605e-019
  3.15728669e-043 5.10750722e-039 1.39447847e-060 1.43278682e-013
  6.73495406e-037 1.00000000e+000 3.99616127e-018 1.45364409e-058
  2.20820128e-058 1.48067317e-047 9.55700500e-077 1.08632198e-045
  1.59489900e-052 1.18488463e-014 1.81366739e-029 1.09418379e-020
  1.00000000e+000]
 [5.53255611e-021 4.93851334e-040 5.14265771e-089 1.33841966e-036
  1.01755343e-029 2.60548404e-054 5.37614930e-078 1.89413880e-020
  7.59173238e-036 3.99616127e-018 1.00000000e+000 7.11428844e-037
  2.26044355e-057 2.52580859e-063 8.46429424e-054 1.53477884e-032
  3.90077147e-050 1.53624527e-017 5.13149270e-012 2.29971682e-025
  1.00000000e+000]
 [4.47952879e-054 1.12219651e-066 3.74384338e-098 2.81491847e-053
  3.41644584e-059 1.34979640e-101 4.06555378e-102 5.70758496e-046
  6.88719015e-052 1.45364409e-058 7.11428844e-037 1.00000000e+000
  6.97198522e-055 1.84844625e-073 2.25364833e-039 6.38441889e-038
  1.87466422e-045 8.98143516e-055 1.52571825e-044 5.54594791e-028
  1.00000000e+000]
 [1.61560234e-031 2.86448034e-012 3.86366672e-061 4.44450826e-035
  8.04048605e-057 2.34648047e-083 1.20041508e-050 5.31003604e-048
  1.65290424e-033 2.20820128e-058 2.26044355e-057 6.97198522e-055
  1.00000000e+000 5.35451388e-054 5.72563747e-038 1.13150629e-036
  2.18341385e-026 1.57528309e-036 2.34505529e-044 1.77374848e-056
  1.00000000e+000]
 [6.93755609e-024 1.49152849e-077 4.58962601e-025 2.14801406e-040
  6.75313391e-050 6.08332507e-018 8.65547548e-014 1.00668853e-029
  3.57480063e-059 1.48067317e-047 2.52580859e-063 1.84844625e-073
  5.35451388e-054 1.00000000e+000 4.37917960e-041 6.22379773e-053
  5.71695157e-012 6.58762376e-061 6.02797054e-034 1.06288066e-058
  1.00000000e+000]
 [3.28232547e-032 2.46441610e-051 2.76990652e-047 1.62253600e-068
  9.56226701e-022 1.09849970e-054 3.53128162e-048 2.10853480e-065
  9.32105488e-059 9.55700500e-077 8.46429424e-054 2.25364833e-039
  5.72563747e-038 4.37917960e-041 1.00000000e+000 4.19204633e-016
  5.99794817e-019 6.78028660e-052 1.84382799e-035 7.31460893e-049
  1.00000000e+000]
 [3.34921404e-034 1.91680247e-039 3.19345491e-062 6.94297297e-063
  5.15868979e-009 5.96500041e-051 4.63390603e-047 4.18375409e-055
  2.85668119e-062 1.08632198e-045 1.53477884e-032 6.38441889e-038
  1.13150629e-036 6.22379773e-053 4.19204633e-016 1.00000000e+000
  2.03371963e-029 3.08402455e-027 1.70952664e-028 1.87530779e-032
  1.00000000e+000]
 [8.36653635e-017 6.78553323e-044 6.10926967e-042 5.35222633e-043
  4.13777300e-039 1.60715818e-038 1.69439592e-016 5.47893290e-031
  1.97811283e-052 1.59489900e-052 3.90077147e-050 1.87466422e-045
  2.18341385e-026 5.71695157e-012 5.99794817e-019 2.03371963e-029
  1.00000000e+000 2.54382943e-052 7.59749489e-022 1.28517741e-054
  1.00000000e+000]
 [2.76716204e-027 1.28482089e-030 4.68145899e-054 2.25056769e-023
  1.20768475e-024 6.45390452e-048 4.52546497e-068 1.80934687e-032
  2.00638572e-022 1.18488463e-014 1.53624527e-017 8.98143516e-055
  1.57528309e-036 6.58762376e-061 6.78028660e-052 3.08402455e-027
  2.54382943e-052 1.00000000e+000 1.88196120e-031 1.60656927e-016
  1.00000000e+000]
 [5.72265630e-006 1.79600580e-033 1.17644697e-072 3.53870553e-041
  1.80492115e-026 3.44091631e-036 3.45842763e-040 7.94427510e-017
  3.24088959e-044 1.81366739e-029 5.13149270e-012 1.52571825e-044
  2.34505529e-044 6.02797054e-034 1.84382799e-035 1.70952664e-028
  7.59749489e-022 1.88196120e-031 1.00000000e+000 7.52675468e-045
  1.00000000e+000]
 [7.31292583e-045 1.02320383e-066 2.12182911e-051 1.10727094e-025
  1.50122993e-034 4.13219775e-056 7.78106390e-086 5.97207585e-035
  7.17166796e-029 1.09418379e-020 2.29971682e-025 5.54594791e-028
  1.77374848e-056 1.06288066e-058 7.31460893e-049 1.87530779e-032
  1.28517741e-054 1.60656927e-016 7.52675468e-045 1.00000000e+000
  1.00000000e+000]
 [1.00000000e+000 1.00000000e+000 1.00000000e+000 1.00000000e+000
  1.00000000e+000 1.00000000e+000 1.00000000e+000 1.00000000e+000
  1.00000000e+000 1.00000000e+000 1.00000000e+000 1.00000000e+000
  1.00000000e+000 1.00000000e+000 1.00000000e+000 1.00000000e+000
  1.00000000e+000 1.00000000e+000 1.00000000e+000 1.00000000e+000
  0.00000000e+000]]
