[[1.00000000e+000 1.06223365e-018 6.61042123e-054 2.39209723e-038
  2.47785654e-018 1.45972139e-038 3.17325708e-007 1.17968378e-040
  3.54215559e-042 4.43388140e-033 3.02798761e-043 3.85196655e-020
  9.13769899e-042 4.55533021e-041 1.09398635e-047 7.76496733e-040
  5.71013208e-030 3.69222364e-021 3.43561303e-080 1.13385403e-029
  1.00000000e+000]
 [1.06223365e-018 1.00000000e+000 1.35310625e-048 7.28957923e-035
  9.20382874e-028 6.63080939e-039 1.64356393e-007 4.92453246e-043
  5.54885388e-092 1.26919485e-015 3.21168434e-050 7.20646152e-057
  1.82894748e-041 4.94060564e-047 9.66215988e-027 1.90071859e-048
  2.01758231e-025 2.56132772e-034 3.76614284e-076 6.75509807e-035
  1.00000000e+000]
 [6.61042123e-054 1.35310625e-048 1.00000000e+000 1.25685830e-028
  4.27377595e-108 5.16515076e-051 3.98642992e-059 2.63717361e-023
  1.69964485e-073 4.51877320e-065 2.03701354e-037 2.63391392e-057
  1.47230165e-022 1.81975595e-038 3.66061953e-033 1.79288643e-045
  1.79238698e-017 2.56756230e-039 1.57050558e-022 3.67216615e-060
  1.00000000e+000]
 [2.39209723e-038 7.28957923e-035 1.25685830e-028 1.00000000e+000
  1.42350513e-063 2.71252320e-033 8.42554567e-039 3.78342630e-017
  4.03582196e-097 8.56200542e-069 1.20039121e-025 1.95309317e-035
  1.14306484e-059 2.34847425e-081 2.68329927e-044 4.52066748e-050
  3.80306654e-028 1.46016810e-043 1.31827501e-050 9.73844892e-071
  1.00000000e+000]
 [2.47785654e-018 9.20382874e-028 4.27377595e-108 1.42350513e-063
  1.00000000e+000 1.15953834e-047 1.17329714e-018 3.58351214e-084
  6.59389845e-086 4.86477690e-033 4.38457485e-063 5.99925833e-061
  6.64370611e-086 6.53643302e-079 9.18278394e-063 2.96775215e-070
  5.57980029e-075 1.03915529e-043 1.19359389e-120 5.93262933e-038
  1.00000000e+000]
 [1.45972139e-038 6.63080939e-039 5.16515076e-051 2.71252320e-033
  1.15953834e-047 1.00000000e+000 6.50835578e-041 1.78261314e-055
  5.27651884e-059 7.94683544e-056 2.53349803e-057 6.17908917e-059
  6.23254779e-075 4.48664366e-055 1.68856040e-018 3.13659526e-014
  1.08773596e-064 3.32343421e-020 7.53186639e-030 2.71553752e-033
  1.00000000e+000]
 [3.17325708e-007 1.64356393e-007 3.98642992e-059 8.42554567e-039
  1.17329714e-018 6.50835578e-041 1.00000000e+000 2.63943454e-050
  2.28883195e-071 9.63428686e-025 1.34976382e-050 1.11696213e-035
  1.56948750e-044 6.95660713e-054 1.02318474e-040 4.44371493e-049
  2.50453862e-032 1.10471855e-025 3.33818266e-089 1.09290401e-040
  1.00000000e+000]
 [1.17968378e-040 4.92453246e-043 2.63717361e-023 3.78342630e-017
  3.58351214e-084 1.78261314e-055 2.63943454e-050 1.00000000e+000
  3.59249137e-083 3.92245389e-081 2.27221489e-049 1.65821844e-032
  9.29059414e-058 1.68351645e-058 1.69332877e-062 9.57571214e-046
  1.08361497e-011 3.28693712e-063 1.40965727e-059 3.23917659e-065
  1.00000000e+000]
 [3.54215559e-042 5.54885388e-092 1.69964485e-073 4.03582196e-097
  6.59389845e-086 5.27651884e-059 2.28883195e-071 3.59249137e-083
  1.00000000e+000 1.37874748e-095 1.06025100e-093 1.77615703e-046
  8.81628212e-070 2.83506714e-036 3.72140176e-079 6.79163913e-036
  5.11097635e-080 4.16666705e-034 7.45986915e-069 1.09818882e-043
  1.00000000e+000]
 [4.43388140e-033 1.26919485e-015 4.51877320e-065 8.56200542e-069
  4.86477690e-033 7.94683544e-056 9.63428686e-025 3.92245389e-081
  1.37874748e-095 1.00000000e+000 4.77763741e-050 3.18920278e-095
  7.64412981e-033 1.96234977e-039 2.21201493e-026 6.86523263e-073
  8.20539381e-050 3.13142587e-035 1.12179933e-081 1.13102803e-024
  1.00000000e+000]
 [3.02798761e-043 3.21168434e-050 2.03701354e-037 1.20039121e-025
  4.38457485e-063 2.53349803e-057 1.34976382e-050 2.27221489e-049
  1.06025100e-093 4.77763741e-050 1.00000000e+000 5.25280366e-058
  2.27282801e-034 1.89425370e-075 5.66720415e-050 1.38304730e-086
  7.23014013e-044 2.24538293e-037 9.90461445e-059 6.97535027e-064
  1.00000000e+000]
 [3.85196655e-020 7.20646152e-057 2.63391392e-057 1.95309317e-035
  5.99925833e-061 6.17908917e-059 1.11696213e-035 1.65821844e-032
  1.77615703e-046 3.18920278e-095 5.25280366e-058 1.00000000e+000
  5.98812269e-070 2.92822539e-077 6.29789734e-089 8.70313659e-051
  1.42782547e-038 3.04989366e-044 7.83339812e-093 6.94051015e-077
  1.00000000e+000]
 [9.13769899e-042 1.82894748e-041 1.47230165e-022 1.14306484e-059
  6.64370611e-086 6.23254779e-075 1.56948750e-044 9.29059414e-058
  8.81628212e-070 7.64412981e-033 2.27282801e-034 5.98812269e-070
  1.00000000e+000 1.82344938e-029 4.45179668e-039 2.23795505e-074
  3.69710582e-026 2.54117944e-031 3.53580465e-055 1.48112632e-049
  1.00000000e+000]
 [4.55533021e-041 4.94060564e-047 1.81975595e-038 2.34847425e-081
  6.53643302e-079 4.48664366e-055 6.95660713e-054 1.68351645e-058
  2.83506714e-036 1.96234977e-039 1.89425370e-075 2.92822539e-077
  1.82344938e-029 1.00000000e+000 3.90754674e-035 1.72846429e-034
  1.43940942e-039 1.29703556e-035 7.82003276e-046 8.32146545e-015
  1.00000000e+000]
 [1.09398635e-047 9.66215988e-027 3.66061953e-033 2.68329927e-044
  9.18278394e-063 1.68856040e-018 1.02318474e-040 1.69332877e-062
  3.72140176e-079 2.21201493e-026 5.66720415e-050 6.29789734e-089
  4.45179668e-039 3.90754674e-035 1.00000000e+000 5.99688629e-032
  5.98914815e-050 1.15895414e-020 5.86206128e-023 4.04960458e-028
  1.00000000e+000]
 [7.76496733e-040 1.90071859e-048 1.79288643e-045 4.52066748e-050
  2.96775215e-070 3.13659526e-014 4.44371493e-049 9.57571214e-046
  6.79163913e-036 6.86523263e-073 1.38304730e-086 8.70313659e-051
  2.23795505e-074 1.72846429e-034 5.99688629e-032 1.00000000e+000
  4.38050325e-054 9.55444601e-030 1.51218365e-032 5.65377572e-032
  1.00000000e+000]
 [5.71013208e-030 2.01758231e-025 1.79238698e-017 3.80306654e-028
  5.57980029e-075 1.08773596e-064 2.50453862e-032 1.08361497e-011
  5.11097635e-080 8.20539381e-050 7.23014013e-044 1.42782547e-038
  3.69710582e-026 1.43940942e-039 5.98914815e-050 4.38050325e-054
  1.00000000e+000 4.20893397e-050 1.09958234e-064 7.46011417e-055
  1.00000000e+000]
 [3.69222364e-021 2.56132772e-034 2.56756230e-039 1.46016810e-043
  1.03915529e-043 3.32343421e-020 1.10471855e-025 3.28693712e-063
  4.16666705e-034 3.13142587e-035 2.24538293e-037 3.04989366e-044
  2.54117944e-031 1.29703556e-035 1.15895414e-020 9.55444601e-030
  4.20893397e-050 1.00000000e+000 8.75717014e-037 1.43323853e-029
  1.00000000e+000]
 [3.43561303e-080 3.76614284e-076 1.57050558e-022 1.31827501e-050
  1.19359389e-120 7.53186639e-030 3.33818266e-089 1.40965727e-059
  7.45986915e-069 1.12179933e-081 9.90461445e-059 7.83339812e-093
  3.53580465e-055 7.82003276e-046 5.86206128e-023 1.51218365e-032
  1.09958234e-064 8.75717014e-037 1.00000000e+000 1.09854355e-053
  1.00000000e+000]
 [1.13385403e-029 6.75509807e-035 3.67216615e-060 9.73844892e-071
  5.93262933e-038 2.71553752e-033 1.09290401e-040 3.23917659e-065
  1.09818882e-043 1.13102803e-024 6.97535027e-064 6.94051015e-077
  1.48112632e-049 8.32146545e-015 4.04960458e-028 5.65377572e-032
  7.46011417e-055 1.43323853e-029 1.09854355e-053 1.00000000e+000
  1.00000000e+000]
 [1.00000000e+000 1.00000000e+000 1.00000000e+000 1.00000000e+000
  1.00000000e+000 1.00000000e+000 1.00000000e+000 1.00000000e+000
  1.00000000e+000 1.00000000e+000 1.00000000e+000 1.00000000e+000
  1.00000000e+000 1.00000000e+000 1.00000000e+000 1.00000000e+000
  1.00000000e+000 1.00000000e+000 1.00000000e+000 1.00000000e+000
  0.00000000e+000]]
