[[1.00000000e+00 1.47896014e-36 2.06401815e-50 1.37056725e-54
  5.47822107e-68 3.75886397e-49 3.08280949e-06 1.48194232e-13
  1.62381969e-46 1.11598926e-11 1.86496703e-26 6.27809036e-44
  5.45979971e-50 1.28473034e-06 2.04180551e-47 5.19872011e-07
  4.28116922e-40 3.71095836e-32 2.64070574e-46 1.28448765e-22
  1.00000000e+00]
 [1.47896014e-36 1.00000000e+00 7.98745031e-50 8.35383152e-17
  2.57485127e-40 2.88182134e-21 2.01477080e-31 2.43951582e-45
  1.95333253e-26 1.83660890e-38 8.31656542e-27 1.37300952e-29
  1.00830099e-11 1.44208325e-42 1.40541811e-33 1.93372431e-48
  6.10588129e-40 4.62492183e-22 3.38556933e-32 1.83951462e-46
  1.00000000e+00]
 [2.06401815e-50 7.98745031e-50 1.00000000e+00 9.47158183e-42
  1.33871401e-32 8.98790194e-36 9.44148364e-39 2.43769305e-47
  1.35171560e-32 1.57435600e-52 5.11288659e-45 1.50641962e-35
  2.77635491e-90 2.55012442e-49 4.66565184e-22 2.11002376e-62
  2.23672165e-27 2.83133041e-19 8.37726502e-45 8.02489682e-30
  1.00000000e+00]
 [1.37056725e-54 8.35383152e-17 9.47158183e-42 1.00000000e+00
  9.40023918e-46 1.60236617e-28 4.95869348e-54 2.37742966e-56
  2.94968315e-48 1.55559315e-69 5.67253285e-19 1.63725857e-41
  1.06035904e-36 2.42996387e-66 7.96422497e-25 4.13809052e-70
  7.91004841e-41 1.46905231e-15 6.97393459e-62 2.70106941e-48
  1.00000000e+00]
 [5.47822107e-68 2.57485127e-40 1.33871401e-32 9.40023918e-46
  1.00000000e+00 9.13899189e-23 1.12264251e-56 4.67361210e-51
  1.69926049e-17 1.20042292e-68 5.50186335e-60 1.12134718e-67
  1.25919014e-54 1.08545218e-61 3.11238464e-54 1.38448418e-60
  2.74710586e-52 1.16617327e-44 2.44919104e-17 1.31014088e-87
  1.00000000e+00]
 [3.75886397e-49 2.88182134e-21 8.98790194e-36 1.60236617e-28
  9.13899189e-23 1.00000000e+00 3.71533721e-33 6.02080255e-61
  1.26085603e-34 6.24658868e-59 1.56278973e-52 6.85168377e-45
  1.43113870e-25 1.18531040e-62 7.53927705e-18 2.81416590e-46
  1.55842277e-30 3.23040741e-34 4.54328560e-18 3.44676121e-60
  1.00000000e+00]
 [3.08280949e-06 2.01477080e-31 9.44148364e-39 4.95869348e-54
  1.12264251e-56 3.71533721e-33 1.00000000e+00 3.13035670e-21
  4.18690540e-35 4.64230802e-09 5.72047847e-40 2.63841135e-28
  1.16304864e-45 8.49878329e-13 2.31089680e-33 6.26737212e-11
  1.59572518e-23 1.27486756e-33 9.64845138e-29 4.82617704e-23
  1.00000000e+00]
 [1.48194232e-13 2.43951582e-45 2.43769305e-47 2.37742966e-56
  4.67361210e-51 6.02080255e-61 3.13035670e-21 1.00000000e+00
  4.66545909e-30 1.25903827e-14 5.56412502e-30 2.30182060e-47
  2.48557038e-66 1.31376930e-06 4.00395498e-68 4.24673605e-17
  1.73661163e-40 4.57815546e-40 7.68367572e-44 2.55727462e-43
  1.00000000e+00]
 [1.62381969e-46 1.95333253e-26 1.35171560e-32 2.94968315e-48
  1.69926049e-17 1.26085603e-34 4.18690540e-35 4.66545909e-30
  1.00000000e+00 3.60293981e-29 4.85980690e-53 4.00710868e-31
  2.54222318e-50 2.39596351e-33 5.98746286e-57 1.83220943e-50
  2.23553816e-34 3.26888442e-40 1.37721526e-13 8.00903463e-64
  1.00000000e+00]
 [1.11598926e-11 1.83660890e-38 1.57435600e-52 1.55559315e-69
  1.20042292e-68 6.24658868e-59 4.64230802e-09 1.25903827e-14
  3.60293981e-29 1.00000000e+00 1.53633564e-47 1.02665718e-26
  5.72507457e-60 5.52214590e-07 1.32055354e-61 7.15746561e-21
  1.33190688e-32 1.23204419e-46 3.75821904e-37 9.36299713e-34
  1.00000000e+00]
 [1.86496703e-26 8.31656542e-27 5.11288659e-45 5.67253285e-19
  5.50186335e-60 1.56278973e-52 5.72047847e-40 5.56412502e-30
  4.85980690e-53 1.53633564e-47 1.00000000e+00 4.13405049e-55
  7.73146602e-50 5.13040204e-32 1.40171232e-43 1.01464578e-43
  1.03886001e-58 1.15529617e-09 6.06264902e-73 1.31203181e-27
  1.00000000e+00]
 [6.27809036e-44 1.37300952e-29 1.50641962e-35 1.63725857e-41
  1.12134718e-67 6.85168377e-45 2.63841135e-28 2.30182060e-47
  4.00710868e-31 1.02665718e-26 4.13405049e-55 1.00000000e+00
  3.55281590e-64 1.49904072e-45 2.34299751e-31 7.85231096e-65
  2.05144598e-11 7.43377182e-37 8.62410406e-47 3.49445099e-33
  1.00000000e+00]
 [5.45979971e-50 1.00830099e-11 2.77635491e-90 1.06035904e-36
  1.25919014e-54 1.43113870e-25 1.16304864e-45 2.48557038e-66
  2.54222318e-50 5.72507457e-60 7.73146602e-50 3.55281590e-64
  1.00000000e+00 2.32039880e-63 9.58869786e-57 3.86741858e-50
  1.14340561e-66 1.86000281e-52 9.84567777e-38 2.99312448e-83
  1.00000000e+00]
 [1.28473034e-06 1.44208325e-42 2.55012442e-49 2.42996387e-66
  1.08545218e-61 1.18531040e-62 8.49878329e-13 1.31376930e-06
  2.39596351e-33 5.52214590e-07 5.13040204e-32 1.49904072e-45
  2.32039880e-63 1.00000000e+00 2.14285677e-66 1.27091831e-13
  4.02807454e-47 8.52284728e-38 1.31476467e-43 2.57562379e-31
  1.00000000e+00]
 [2.04180551e-47 1.40541811e-33 4.66565184e-22 7.96422497e-25
  3.11238464e-54 7.53927705e-18 2.31089680e-33 4.00395498e-68
  5.98746286e-57 1.32055354e-61 1.40171232e-43 2.34299751e-31
  9.58869786e-57 2.14285677e-66 1.00000000e+00 4.46371817e-60
  4.25699711e-22 3.13859829e-20 7.19427864e-52 2.04410396e-27
  1.00000000e+00]
 [5.19872011e-07 1.93372431e-48 2.11002376e-62 4.13809052e-70
  1.38448418e-60 2.81416590e-46 6.26737212e-11 4.24673605e-17
  1.83220943e-50 7.15746561e-21 1.01464578e-43 7.85231096e-65
  3.86741858e-50 1.27091831e-13 4.46371817e-60 1.00000000e+00
  1.34737175e-48 3.99175194e-51 2.67470748e-37 8.73638857e-47
  1.00000000e+00]
 [4.28116922e-40 6.10588129e-40 2.23672165e-27 7.91004841e-41
  2.74710586e-52 1.55842277e-30 1.59572518e-23 1.73661163e-40
  2.23553816e-34 1.33190688e-32 1.03886001e-58 2.05144598e-11
  1.14340561e-66 4.02807454e-47 4.25699711e-22 1.34737175e-48
  1.00000000e+00 3.92772717e-41 1.72643675e-36 8.63677223e-40
  1.00000000e+00]
 [3.71095836e-32 4.62492183e-22 2.83133041e-19 1.46905231e-15
  1.16617327e-44 3.23040741e-34 1.27486756e-33 4.57815546e-40
  3.26888442e-40 1.23204419e-46 1.15529617e-09 7.43377182e-37
  1.86000281e-52 8.52284728e-38 3.13859829e-20 3.99175194e-51
  3.92772717e-41 1.00000000e+00 1.57023957e-56 1.73392758e-16
  1.00000000e+00]
 [2.64070574e-46 3.38556933e-32 8.37726502e-45 6.97393459e-62
  2.44919104e-17 4.54328560e-18 9.64845138e-29 7.68367572e-44
  1.37721526e-13 3.75821904e-37 6.06264902e-73 8.62410406e-47
  9.84567777e-38 1.31476467e-43 7.19427864e-52 2.67470748e-37
  1.72643675e-36 1.57023957e-56 1.00000000e+00 1.96390435e-77
  1.00000000e+00]
 [1.28448765e-22 1.83951462e-46 8.02489682e-30 2.70106941e-48
  1.31014088e-87 3.44676121e-60 4.82617704e-23 2.55727462e-43
  8.00903463e-64 9.36299713e-34 1.31203181e-27 3.49445099e-33
  2.99312448e-83 2.57562379e-31 2.04410396e-27 8.73638857e-47
  8.63677223e-40 1.73392758e-16 1.96390435e-77 1.00000000e+00
  1.00000000e+00]
 [1.00000000e+00 1.00000000e+00 1.00000000e+00 1.00000000e+00
  1.00000000e+00 1.00000000e+00 1.00000000e+00 1.00000000e+00
  1.00000000e+00 1.00000000e+00 1.00000000e+00 1.00000000e+00
  1.00000000e+00 1.00000000e+00 1.00000000e+00 1.00000000e+00
  1.00000000e+00 1.00000000e+00 1.00000000e+00 1.00000000e+00
  0.00000000e+00]]
