[[1.00000000e+000 2.09107102e-024 6.11899204e-071 4.90239748e-063
  6.03870102e-027 1.36857762e-025 2.25912738e-023 5.33434247e-044
  1.64465463e-042 1.53190897e-040 7.07989711e-051 2.31551557e-039
  2.94863711e-026 2.51353794e-015 9.81277175e-058 4.80152725e-038
  3.19934643e-043 8.37291928e-025 6.36224892e-020 3.23600299e-005
  1.00000000e+000]
 [2.09107102e-024 1.00000000e+000 1.07515505e-073 3.35272868e-060
  2.71072659e-034 4.63682013e-049 1.00507401e-035 1.07258264e-021
  1.43021503e-040 6.20526400e-065 3.43185362e-033 1.61820342e-069
  8.46836816e-017 6.71980129e-026 8.02551174e-015 8.46670626e-004
  6.36042261e-072 7.91224023e-005 2.57024517e-021 9.28047394e-024
  1.00000000e+000]
 [6.11899204e-071 1.07515505e-073 1.00000000e+000 1.54931926e-018
  3.48471318e-044 9.68944801e-021 8.21274187e-030 3.33479434e-111
  1.21782694e-062 4.93506885e-065 2.20433708e-086 3.16073765e-090
  4.99271257e-085 2.09786386e-088 3.53854863e-075 7.76761431e-091
  4.08283451e-032 6.98891167e-059 6.90598713e-033 8.66612908e-047
  1.00000000e+000]
 [4.90239748e-063 3.35272868e-060 1.54931926e-018 1.00000000e+000
  7.82279077e-020 3.80904554e-026 4.33604629e-033 1.11411795e-090
  3.64334307e-047 6.09953367e-041 1.17769316e-061 9.05456008e-086
  1.56559360e-077 4.35065881e-077 1.91390061e-056 8.46370745e-071
  3.52062239e-027 7.12910818e-060 1.04936737e-015 4.51562611e-036
  1.00000000e+000]
 [6.03870102e-027 2.71072659e-034 3.48471318e-044 7.82279077e-020
  1.00000000e+000 2.34387116e-026 9.21472723e-030 3.99935100e-041
  2.33849750e-012 2.18133403e-014 7.14143783e-023 5.90694169e-049
  6.57938334e-049 1.07575134e-027 1.31581676e-053 4.12611942e-042
  1.88682261e-020 7.58395463e-036 4.38448019e-006 4.41538652e-012
  1.00000000e+000]
 [1.36857762e-025 4.63682013e-049 9.68944801e-021 3.80904554e-026
  2.34387116e-026 1.00000000e+000 3.96752084e-017 2.02789576e-076
  4.67133493e-049 9.27455335e-045 2.61424567e-071 4.45018142e-052
  3.98353109e-062 2.04711928e-056 1.97336359e-070 1.45708852e-064
  2.56158744e-016 3.50554964e-044 6.34998812e-016 1.78163895e-013
  1.00000000e+000]
 [2.25912738e-023 1.00507401e-035 8.21274187e-030 4.33604629e-033
  9.21472723e-030 3.96752084e-017 1.00000000e+000 1.37217966e-067
  2.17831058e-053 1.06357525e-032 9.53087592e-055 2.02897993e-032
  6.69368722e-024 2.04691113e-039 7.03175931e-040 1.85773402e-050
  1.45383582e-025 4.83447607e-030 2.42567462e-014 1.39164081e-018
  1.00000000e+000]
 [5.33434247e-044 1.07258264e-021 3.33479434e-111 1.11411795e-090
  3.99935100e-041 2.02789576e-076 1.37217966e-067 1.00000000e+000
  9.38186607e-026 1.97833432e-059 1.37526305e-013 7.37584174e-056
  1.63154727e-045 1.70802111e-034 2.04905256e-050 1.19808645e-014
  2.83822311e-073 7.98531650e-028 1.25795440e-040 3.36480846e-043
  1.00000000e+000]
 [1.64465463e-042 1.43021503e-040 1.21782694e-062 3.64334307e-047
  2.33849750e-012 4.67133493e-049 2.17831058e-053 9.38186607e-026
  1.00000000e+000 3.61811016e-026 3.75275973e-011 1.09484728e-055
  4.90976888e-062 2.79546384e-027 2.73376431e-071 8.22625451e-044
  1.37447580e-035 1.34238498e-036 2.86066607e-024 1.40536738e-028
  1.00000000e+000]
 [1.53190897e-040 6.20526400e-065 4.93506885e-065 6.09953367e-041
  2.18133403e-014 9.27455335e-045 1.06357525e-032 1.97833432e-059
  3.61811016e-026 1.00000000e+000 2.13824624e-028 4.93713335e-025
  2.52872207e-056 2.03660959e-036 1.93803561e-081 7.67169814e-074
  3.04494805e-017 5.84897585e-064 6.30663337e-023 1.08811607e-029
  1.00000000e+000]
 [7.07989711e-051 3.43185362e-033 2.20433708e-086 1.17769316e-061
  7.14143783e-023 2.61424567e-071 9.53087592e-055 1.37526305e-013
  3.75275973e-011 2.13824624e-028 1.00000000e+000 1.32979846e-046
  4.30271156e-045 7.70109346e-030 1.81992678e-050 9.27263947e-030
  5.51725245e-051 8.72759622e-035 1.10592137e-029 7.75117186e-042
  1.00000000e+000]
 [2.31551557e-039 1.61820342e-069 3.16073765e-090 9.05456008e-086
  5.90694169e-049 4.45018142e-052 2.02897993e-032 7.37584174e-056
  1.09484728e-055 4.93713335e-025 1.32979846e-046 1.00000000e+000
  6.43676159e-051 7.82543984e-050 1.58040613e-091 1.45298666e-075
  1.47830900e-029 1.78127567e-067 3.19770863e-044 1.96271399e-042
  1.00000000e+000]
 [2.94863711e-026 8.46836816e-017 4.99271257e-085 1.56559360e-077
  6.57938334e-049 3.98353109e-062 6.69368722e-024 1.63154727e-045
  4.90976888e-062 2.52872207e-056 4.30271156e-045 6.43676159e-051
  1.00000000e+000 5.40378065e-022 4.49578016e-022 3.22979703e-026
  5.41912109e-077 7.69677963e-016 1.03912332e-032 9.71455445e-034
  1.00000000e+000]
 [2.51353794e-015 6.71980129e-026 2.09786386e-088 4.35065881e-077
  1.07575134e-027 2.04711928e-056 2.04691113e-039 1.70802111e-034
  2.79546384e-027 2.03660959e-036 7.70109346e-030 7.82543984e-050
  5.40378065e-022 1.00000000e+000 1.21302683e-058 8.16514474e-038
  7.28023576e-062 1.57352171e-021 2.40187890e-030 1.10298162e-019
  1.00000000e+000]
 [9.81277175e-058 8.02551174e-015 3.53854863e-075 1.91390061e-056
  1.31581676e-053 1.97336359e-070 7.03175931e-040 2.04905256e-050
  2.73376431e-071 1.93803561e-081 1.81992678e-050 1.58040613e-091
  4.49578016e-022 1.21302683e-058 1.00000000e+000 6.27327768e-016
  1.01838620e-090 3.67956015e-021 2.47399589e-032 8.07379417e-052
  1.00000000e+000]
 [4.80152725e-038 8.46670626e-004 7.76761431e-091 8.46370745e-071
  4.12611942e-042 1.45708852e-064 1.85773402e-050 1.19808645e-014
  8.22625451e-044 7.67169814e-074 9.27263947e-030 1.45298666e-075
  3.22979703e-026 8.16514474e-038 6.27327768e-016 1.00000000e+000
  1.57202292e-082 5.60479779e-012 1.62437654e-029 1.83019842e-036
  1.00000000e+000]
 [3.19934643e-043 6.36042261e-072 4.08283451e-032 3.52062239e-027
  1.88682261e-020 2.56158744e-016 1.45383582e-025 2.83822311e-073
  1.37447580e-035 3.04494805e-017 5.51725245e-051 1.47830900e-029
  5.41912109e-077 7.28023576e-062 1.01838620e-090 1.57202292e-082
  1.00000000e+000 2.30070695e-067 6.10726740e-021 9.62826585e-027
  1.00000000e+000]
 [8.37291928e-025 7.91224023e-005 6.98891167e-059 7.12910818e-060
  7.58395463e-036 3.50554964e-044 4.83447607e-030 7.98531650e-028
  1.34238498e-036 5.84897585e-064 8.72759622e-035 1.78127567e-067
  7.69677963e-016 1.57352171e-021 3.67956015e-021 5.60479779e-012
  2.30070695e-067 1.00000000e+000 2.12692836e-023 6.91688496e-024
  1.00000000e+000]
 [6.36224892e-020 2.57024517e-021 6.90598713e-033 1.04936737e-015
  4.38448019e-006 6.34998812e-016 2.42567462e-014 1.25795440e-040
  2.86066607e-024 6.30663337e-023 1.10592137e-029 3.19770863e-044
  1.03912332e-032 2.40187890e-030 2.47399589e-032 1.62437654e-029
  6.10726740e-021 2.12692836e-023 1.00000000e+000 5.56427425e-008
  1.00000000e+000]
 [3.23600299e-005 9.28047394e-024 8.66612908e-047 4.51562611e-036
  4.41538652e-012 1.78163895e-013 1.39164081e-018 3.36480846e-043
  1.40536738e-028 1.08811607e-029 7.75117186e-042 1.96271399e-042
  9.71455445e-034 1.10298162e-019 8.07379417e-052 1.83019842e-036
  9.62826585e-027 6.91688496e-024 5.56427425e-008 1.00000000e+000
  1.00000000e+000]
 [1.00000000e+000 1.00000000e+000 1.00000000e+000 1.00000000e+000
  1.00000000e+000 1.00000000e+000 1.00000000e+000 1.00000000e+000
  1.00000000e+000 1.00000000e+000 1.00000000e+000 1.00000000e+000
  1.00000000e+000 1.00000000e+000 1.00000000e+000 1.00000000e+000
  1.00000000e+000 1.00000000e+000 1.00000000e+000 1.00000000e+000
  0.00000000e+000]]
