[[1.00000000e+000 2.56918879e-023 3.88851673e-056 4.23005991e-040
  5.14011565e-019 7.99827164e-046 9.41654177e-045 9.44990188e-053
  2.13123748e-038 5.33118790e-061 2.97324111e-056 4.23436268e-039
  1.79841188e-036 1.35400245e-065 4.21651226e-057 6.29317244e-077
  3.60705493e-071 2.20366211e-032 4.70515112e-033 5.19729121e-031
  1.00000000e+000]
 [2.56918879e-023 1.00000000e+000 1.97428827e-051 1.65698500e-050
  4.01311240e-046 8.60484742e-031 2.36347559e-037 1.22066703e-018
  1.17032301e-021 1.17032029e-042 3.16189213e-024 6.18326829e-050
  1.04091031e-034 2.19930868e-041 1.42217665e-052 1.78587914e-056
  9.36431332e-039 1.56058429e-026 9.55159504e-044 2.05866789e-029
  1.00000000e+000]
 [3.88851673e-056 1.97428827e-051 1.00000000e+000 5.64351445e-068
  2.25234313e-029 3.02420794e-059 1.51265666e-021 4.27263575e-095
  1.32150099e-022 6.57720541e-030 1.25714873e-038 3.71532642e-010
  3.81773733e-051 9.67964862e-047 3.16841159e-031 1.11599400e-077
  1.24779325e-053 1.42948774e-022 1.07874552e-026 5.49961693e-037
  1.00000000e+000]
 [4.23005991e-040 1.65698500e-050 5.64351445e-068 1.00000000e+000
  4.38390673e-032 3.34439273e-020 1.56647619e-085 1.31842859e-057
  3.67313051e-038 1.41370823e-056 1.60421765e-057 6.62462704e-040
  2.68436877e-016 2.93040808e-046 1.21950978e-075 5.51430020e-025
  7.34461105e-038 9.29258068e-060 9.16814121e-062 1.82996306e-063
  1.00000000e+000]
 [5.14011565e-019 4.01311240e-046 2.25234313e-029 4.38390673e-032
  1.00000000e+000 9.56199358e-036 3.79438643e-045 2.10210125e-090
  2.03209406e-040 1.23873074e-058 6.94829894e-044 8.13226603e-010
  4.45403474e-028 5.07697748e-068 4.99860051e-065 5.48000278e-054
  5.15975400e-063 1.98465976e-042 2.10570660e-028 6.23754568e-045
  1.00000000e+000]
 [7.99827164e-046 8.60484742e-031 3.02420794e-059 3.34439273e-020
  9.56199358e-036 1.00000000e+000 1.52599320e-084 7.54786957e-048
  4.84279866e-035 6.58374866e-054 1.95529828e-024 9.14670515e-036
  6.33398931e-022 2.09579899e-040 1.52325980e-090 3.24137168e-010
  7.41080594e-036 3.93211134e-060 1.44396744e-056 4.97151337e-065
  1.00000000e+000]
 [9.41654177e-045 2.36347559e-037 1.51265666e-021 1.56647619e-085
  3.79438643e-045 1.52599320e-084 1.00000000e+000 5.53473627e-081
  1.96860331e-034 6.36852650e-053 1.09115405e-045 1.57244102e-040
  6.21752910e-052 2.02010072e-075 2.02488309e-034 2.03839175e-107
  4.22883496e-056 4.40418766e-025 9.24440715e-040 5.24040055e-035
  1.00000000e+000]
 [9.44990188e-053 1.22066703e-018 4.27263575e-095 1.31842859e-057
  2.10210125e-090 7.54786957e-048 5.53473627e-081 1.00000000e+000
  5.79937137e-032 1.17714138e-042 2.00462661e-052 9.97007537e-090
  3.30782902e-065 2.22456728e-037 5.67787505e-064 4.72501104e-065
  1.55696831e-038 2.01197182e-045 1.62504444e-093 3.49194251e-037
  1.00000000e+000]
 [2.13123748e-038 1.17032301e-021 1.32150099e-022 3.67313051e-038
  2.03209406e-040 4.84279866e-035 1.96860331e-034 5.79937137e-032
  1.00000000e+000 4.88527013e-007 8.26926792e-036 1.32093478e-025
  9.93621904e-039 3.24194612e-009 3.83530457e-015 3.17351963e-055
  7.31782560e-030 3.51758979e-007 1.82803606e-031 5.35873230e-017
  1.00000000e+000]
 [5.33118790e-061 1.17032029e-042 6.57720541e-030 1.41370823e-056
  1.23873074e-058 6.58374866e-054 6.36852650e-053 1.17714138e-042
  4.88527013e-007 1.00000000e+000 6.99905420e-051 5.09508492e-034
  4.88280404e-070 6.50983596e-010 5.07833095e-016 4.77753743e-070
  7.46043946e-039 6.99074338e-014 3.96508509e-054 3.80503632e-016
  1.00000000e+000]
 [2.97324111e-056 3.16189213e-024 1.25714873e-038 1.60421765e-057
  6.94829894e-044 1.95529828e-024 1.09115405e-045 2.00462661e-052
  8.26926792e-036 6.99905420e-051 1.00000000e+000 9.79818140e-036
  3.27655076e-038 7.49628901e-060 9.76686920e-083 1.73576249e-028
  2.40731630e-022 6.17103422e-054 1.66844341e-068 1.38619454e-049
  1.00000000e+000]
 [4.23436268e-039 6.18326829e-050 3.71532642e-010 6.62462704e-040
  8.13226603e-010 9.14670515e-036 1.57244102e-040 9.97007537e-090
  1.32093478e-025 5.09508492e-034 9.79818140e-036 1.00000000e+000
  2.28411263e-037 1.74671986e-045 1.54354187e-046 1.45476368e-050
  2.65226921e-051 4.48853510e-031 9.35405664e-027 5.06982475e-038
  1.00000000e+000]
 [1.79841188e-036 1.04091031e-034 3.81773733e-051 2.68436877e-016
  4.45403474e-028 6.33398931e-022 6.21752910e-052 3.30782902e-065
  9.93621904e-039 4.88280404e-070 3.27655076e-038 2.28411263e-037
  1.00000000e+000 1.57638394e-060 8.91055387e-077 1.19163295e-032
  1.79961464e-036 1.70305670e-055 2.11217082e-042 2.90742462e-071
  1.00000000e+000]
 [1.35400245e-065 2.19930868e-041 9.67964862e-047 2.93040808e-046
  5.07697748e-068 2.09579899e-040 2.02010072e-075 2.22456728e-037
  3.24194612e-009 6.50983596e-010 7.49628901e-060 1.74671986e-045
  1.57638394e-060 1.00000000e+000 2.14891909e-028 6.44003409e-062
  4.83641099e-047 2.46126753e-022 1.86382358e-049 9.73633608e-037
  1.00000000e+000]
 [4.21651226e-057 1.42217665e-052 3.16841159e-031 1.21950978e-075
  4.99860051e-065 1.52325980e-090 2.02488309e-034 5.67787505e-064
  3.83530457e-015 5.07833095e-016 9.76686920e-083 1.54354187e-046
  8.91055387e-077 2.14891909e-028 1.00000000e+000 1.68340537e-119
  1.95147483e-066 7.17792130e-007 1.07047351e-040 1.13826627e-020
  1.00000000e+000]
 [6.29317244e-077 1.78587914e-056 1.11599400e-077 5.51430020e-025
  5.48000278e-054 3.24137168e-010 2.03839175e-107 4.72501104e-065
  3.17351963e-055 4.77753743e-070 1.73576249e-028 1.45476368e-050
  1.19163295e-032 6.44003409e-062 1.68340537e-119 1.00000000e+000
  2.11264419e-026 1.32326373e-091 1.28472437e-098 1.80478495e-086
  1.00000000e+000]
 [3.60705493e-071 9.36431332e-039 1.24779325e-053 7.34461105e-038
  5.15975400e-063 7.41080594e-036 4.22883496e-056 1.55696831e-038
  7.31782560e-030 7.46043946e-039 2.40731630e-022 2.65226921e-051
  1.79961464e-036 4.83641099e-047 1.95147483e-066 2.11264419e-026
  1.00000000e+000 4.12787242e-055 1.12081620e-093 1.35756579e-047
  1.00000000e+000]
 [2.20366211e-032 1.56058429e-026 1.42948774e-022 9.29258068e-060
  1.98465976e-042 3.93211134e-060 4.40418766e-025 2.01197182e-045
  3.51758979e-007 6.99074338e-014 6.17103422e-054 4.48853510e-031
  1.70305670e-055 2.46126753e-022 7.17792130e-007 1.32326373e-091
  4.12787242e-055 1.00000000e+000 9.60515200e-024 5.59013564e-012
  1.00000000e+000]
 [4.70515112e-033 9.55159504e-044 1.07874552e-026 9.16814121e-062
  2.10570660e-028 1.44396744e-056 9.24440715e-040 1.62504444e-093
  1.82803606e-031 3.96508509e-054 1.66844341e-068 9.35405664e-027
  2.11217082e-042 1.86382358e-049 1.07047351e-040 1.28472437e-098
  1.12081620e-093 9.60515200e-024 1.00000000e+000 1.57326799e-054
  1.00000000e+000]
 [5.19729121e-031 2.05866789e-029 5.49961693e-037 1.82996306e-063
  6.23754568e-045 4.97151337e-065 5.24040055e-035 3.49194251e-037
  5.35873230e-017 3.80503632e-016 1.38619454e-049 5.06982475e-038
  2.90742462e-071 9.73633608e-037 1.13826627e-020 1.80478495e-086
  1.35756579e-047 5.59013564e-012 1.57326799e-054 1.00000000e+000
  1.00000000e+000]
 [1.00000000e+000 1.00000000e+000 1.00000000e+000 1.00000000e+000
  1.00000000e+000 1.00000000e+000 1.00000000e+000 1.00000000e+000
  1.00000000e+000 1.00000000e+000 1.00000000e+000 1.00000000e+000
  1.00000000e+000 1.00000000e+000 1.00000000e+000 1.00000000e+000
  1.00000000e+000 1.00000000e+000 1.00000000e+000 1.00000000e+000
  0.00000000e+000]]
