[[1.00000000e+00 4.00171651e-51 3.87014747e-39 6.48319933e-35
  6.26218554e-40 3.91464863e-52 3.90179487e-14 8.61380481e-38
  1.26755765e-26 4.89509443e-42 4.77332153e-32 1.61636435e-27
  8.06725911e-27 1.65278103e-26 1.29348416e-28 1.26842787e-45
  5.30537022e-42 3.32416592e-27 4.43324154e-51 7.18918161e-37
  1.00000000e+00]
 [4.00171651e-51 1.00000000e+00 8.09264571e-34 5.08191063e-40
  2.81568527e-40 4.41320844e-36 1.15542847e-41 1.27460351e-46
  2.06431136e-54 3.18961477e-20 7.27078507e-68 1.59841459e-47
  1.42852519e-44 8.96079850e-22 1.07701203e-38 2.83513404e-28
  1.18077053e-61 6.61327849e-59 3.54949930e-35 1.74946944e-11
  1.00000000e+00]
 [3.87014747e-39 8.09264571e-34 1.00000000e+00 1.93928075e-75
  3.50905551e-23 1.59684841e-89 2.10244484e-29 2.50232248e-64
  1.05746097e-35 1.58909600e-52 3.52505862e-64 1.29904112e-48
  7.81572029e-53 6.57667216e-11 5.07653161e-54 2.18682317e-09
  1.36081333e-38 3.81484690e-44 1.18878551e-28 2.28750556e-45
  1.00000000e+00]
 [6.48319933e-35 5.08191063e-40 1.93928075e-75 1.00000000e+00
  1.33934281e-36 1.13987445e-30 2.21539758e-32 4.41117740e-42
  9.30672362e-32 1.56181176e-41 2.08378101e-30 2.87622316e-25
  5.27624554e-22 1.17176377e-62 1.15854662e-11 7.50891970e-58
  7.57465615e-70 6.44635122e-36 1.04813409e-67 3.57350608e-34
  1.00000000e+00]
 [6.26218554e-40 2.81568527e-40 3.50905551e-23 1.33934281e-36
  1.00000000e+00 9.31858388e-69 8.09386697e-22 1.59964446e-51
  9.28479384e-25 5.08795547e-48 8.60306858e-28 3.52640565e-27
  1.43615258e-27 7.21352436e-34 3.78217970e-25 1.07860071e-11
  6.38396852e-29 5.45771095e-38 9.75005510e-36 1.34570176e-46
  1.00000000e+00]
 [3.91464863e-52 4.41320844e-36 1.59684841e-89 1.13987445e-30
  9.31858388e-69 1.00000000e+00 1.91132827e-37 1.53544027e-77
  9.69203791e-78 8.32564904e-10 2.52356456e-39 2.83304226e-79
  3.58333829e-68 2.52110953e-64 4.73473695e-41 1.44196160e-75
  7.39494863e-96 2.94668853e-89 2.09435474e-69 4.94648888e-31
  1.00000000e+00]
 [3.90179487e-14 1.15542847e-41 2.10244484e-29 2.21539758e-32
  8.09386697e-22 1.91132827e-37 1.00000000e+00 1.11078690e-65
  1.36452620e-24 3.23047635e-27 1.33379605e-11 3.62198146e-40
  1.22847232e-40 2.15934567e-31 3.55263717e-19 1.76463323e-25
  3.00410246e-52 1.23336681e-38 2.00112447e-30 5.02000786e-35
  1.00000000e+00]
 [8.61380481e-38 1.27460351e-46 2.50232248e-64 4.41117740e-42
  1.59964446e-51 1.53544027e-77 1.11078690e-65 1.00000000e+00
  7.14883962e-61 1.25196100e-61 2.05712033e-79 1.14107303e-18
  4.69565660e-11 3.24202910e-35 2.84589120e-50 4.91743121e-63
  5.19156817e-24 2.98879333e-49 5.96743742e-80 5.90090299e-39
  1.00000000e+00]
 [1.26755765e-26 2.06431136e-54 1.05746097e-35 9.30672362e-32
  9.28479384e-25 9.69203791e-78 1.36452620e-24 7.14883962e-61
  1.00000000e+00 1.21635512e-70 4.32155155e-45 1.09890752e-32
  7.80846660e-38 1.33732327e-44 4.78512173e-33 1.21944408e-40
  2.28809251e-60 1.24394764e-04 3.63506042e-70 2.48081742e-64
  1.00000000e+00]
 [4.89509443e-42 3.18961477e-20 1.58909600e-52 1.56181176e-41
  5.08795547e-48 8.32564904e-10 3.23047635e-27 1.25196100e-61
  1.21635512e-70 1.00000000e+00 4.89722107e-38 3.18887259e-67
  2.49610786e-57 1.39630469e-32 8.43286118e-41 2.17334368e-44
  3.17141238e-62 1.86222120e-82 1.22377311e-41 7.40931359e-19
  1.00000000e+00]
 [4.77332153e-32 7.27078507e-68 3.52505862e-64 2.08378101e-30
  8.60306858e-28 2.52356456e-39 1.33379605e-11 2.05712033e-79
  4.32155155e-45 4.89722107e-38 1.00000000e+00 2.76785265e-48
  2.56718278e-45 3.68092436e-65 6.34268644e-19 3.93704364e-45
  2.31273000e-63 1.46948405e-64 3.29500181e-47 3.23478886e-52
  1.00000000e+00]
 [1.61636435e-27 1.59841459e-47 1.29904112e-48 2.87622316e-25
  3.52640565e-27 2.83304226e-79 3.62198146e-40 1.14107303e-18
  1.09890752e-32 3.18887259e-67 2.76785265e-48 1.00000000e+00
  9.41236589e-03 2.05028864e-41 1.30795677e-17 4.93016591e-37
  1.47200374e-35 1.62481497e-30 1.35974769e-48 2.41760236e-34
  1.00000000e+00]
 [8.06725911e-27 1.42852519e-44 7.81572029e-53 5.27624554e-22
  1.43615258e-27 3.58333829e-68 1.22847232e-40 4.69565660e-11
  7.80846660e-38 2.49610786e-57 2.56718278e-45 9.41236589e-03
  1.00000000e+00 4.35947858e-39 7.80308343e-20 4.19767191e-41
  1.27551093e-27 4.98113526e-35 1.23599928e-53 7.15347919e-32
  1.00000000e+00]
 [1.65278103e-26 8.96079850e-22 6.57667216e-11 1.17176377e-62
  7.21352436e-34 2.52110953e-64 2.15934567e-31 3.24202910e-35
  1.33732327e-44 1.39630469e-32 3.68092436e-65 2.05028864e-41
  4.35947858e-39 1.00000000e+00 2.06996410e-52 4.94802344e-22
  2.39332313e-26 1.91307146e-45 1.21045834e-35 2.76244295e-27
  1.00000000e+00]
 [1.29348416e-28 1.07701203e-38 5.07653161e-54 1.15854662e-11
  3.78217970e-25 4.73473695e-41 3.55263717e-19 2.84589120e-50
  4.78512173e-33 8.43286118e-41 6.34268644e-19 1.30795677e-17
  7.80308343e-20 2.06996410e-52 1.00000000e+00 1.90394373e-32
  2.19575774e-64 2.80877584e-43 4.18605135e-31 1.18055245e-23
  1.00000000e+00]
 [1.26842787e-45 2.83513404e-28 2.18682317e-09 7.50891970e-58
  1.07860071e-11 1.44196160e-75 1.76463323e-25 4.91743121e-63
  1.21944408e-40 2.17334368e-44 3.93704364e-45 4.93016591e-37
  4.19767191e-41 4.94802344e-22 1.90394373e-32 1.00000000e+00
  9.65851254e-41 8.22838098e-55 2.12398937e-12 8.03202407e-33
  1.00000000e+00]
 [5.30537022e-42 1.18077053e-61 1.36081333e-38 7.57465615e-70
  6.38396852e-29 7.39494863e-96 3.00410246e-52 5.19156817e-24
  2.28809251e-60 3.17141238e-62 2.31273000e-63 1.47200374e-35
  1.27551093e-27 2.39332313e-26 2.19575774e-64 9.65851254e-41
  1.00000000e+00 2.03998012e-60 9.68892173e-68 5.30457128e-61
  1.00000000e+00]
 [3.32416592e-27 6.61327849e-59 3.81484690e-44 6.44635122e-36
  5.45771095e-38 2.94668853e-89 1.23336681e-38 2.98879333e-49
  1.24394764e-04 1.86222120e-82 1.46948405e-64 1.62481497e-30
  4.98113526e-35 1.91307146e-45 2.80877584e-43 8.22838098e-55
  2.03998012e-60 1.00000000e+00 5.16338538e-87 1.31150235e-68
  1.00000000e+00]
 [4.43324154e-51 3.54949930e-35 1.18878551e-28 1.04813409e-67
  9.75005510e-36 2.09435474e-69 2.00112447e-30 5.96743742e-80
  3.63506042e-70 1.22377311e-41 3.29500181e-47 1.35974769e-48
  1.23599928e-53 1.21045834e-35 4.18605135e-31 2.12398937e-12
  9.68892173e-68 5.16338538e-87 1.00000000e+00 1.13208639e-22
  1.00000000e+00]
 [7.18918161e-37 1.74946944e-11 2.28750556e-45 3.57350608e-34
  1.34570176e-46 4.94648888e-31 5.02000786e-35 5.90090299e-39
  2.48081742e-64 7.40931359e-19 3.23478886e-52 2.41760236e-34
  7.15347919e-32 2.76244295e-27 1.18055245e-23 8.03202407e-33
  5.30457128e-61 1.31150235e-68 1.13208639e-22 1.00000000e+00
  1.00000000e+00]
 [1.00000000e+00 1.00000000e+00 1.00000000e+00 1.00000000e+00
  1.00000000e+00 1.00000000e+00 1.00000000e+00 1.00000000e+00
  1.00000000e+00 1.00000000e+00 1.00000000e+00 1.00000000e+00
  1.00000000e+00 1.00000000e+00 1.00000000e+00 1.00000000e+00
  1.00000000e+00 1.00000000e+00 1.00000000e+00 1.00000000e+00
  0.00000000e+00]]
