[[1.00000000e+00 1.68929220e-26 8.00299055e-17 ... 6.21558013e-29
  7.75826480e-33 1.00000000e+00]
 [1.68929220e-26 1.00000000e+00 7.13223933e-19 ... 5.72816046e-36
  9.02582007e-09 1.00000000e+00]
 [8.00299055e-17 7.13223933e-19 1.00000000e+00 ... 2.47102195e-22
  2.84495495e-15 1.00000000e+00]
 ...
 [6.21558013e-29 5.72816046e-36 2.47102195e-22 ... 1.00000000e+00
  1.53486651e-22 1.00000000e+00]
 [7.75826480e-33 9.02582007e-09 2.84495495e-15 ... 1.53486651e-22
  1.00000000e+00 1.00000000e+00]
 [1.00000000e+00 1.00000000e+00 1.00000000e+00 ... 1.00000000e+00
  1.00000000e+00 0.00000000e+00]]
