[[1.00000000e+00 1.27146225e-62 1.16269560e-62 ... 2.93148631e-75
  4.30484686e-71 1.00000000e+00]
 [1.27146225e-62 1.00000000e+00 1.12311754e-19 ... 8.82719956e-57
  1.10933185e-45 1.00000000e+00]
 [1.16269560e-62 1.12311754e-19 1.00000000e+00 ... 3.34167477e-56
  1.44478799e-24 1.00000000e+00]
 ...
 [2.93148631e-75 8.82719956e-57 3.34167477e-56 ... 1.00000000e+00
  3.68782747e-38 1.00000000e+00]
 [4.30484686e-71 1.10933185e-45 1.44478799e-24 ... 3.68782747e-38
  1.00000000e+00 1.00000000e+00]
 [1.00000000e+00 1.00000000e+00 1.00000000e+00 ... 1.00000000e+00
  1.00000000e+00 0.00000000e+00]]
