[[1.00000000e+00 7.69115917e-39 6.52284144e-68 ... 6.92863588e-27
  1.71681725e-53 1.00000000e+00]
 [7.69115917e-39 1.00000000e+00 1.73102204e-69 ... 4.63865840e-39
  9.71140399e-98 1.00000000e+00]
 [6.52284144e-68 1.73102204e-69 1.00000000e+00 ... 8.21920780e-59
  1.10715876e-49 1.00000000e+00]
 ...
 [6.92863588e-27 4.63865840e-39 8.21920780e-59 ... 1.00000000e+00
  3.11614594e-76 1.00000000e+00]
 [1.71681725e-53 9.71140399e-98 1.10715876e-49 ... 3.11614594e-76
  1.00000000e+00 1.00000000e+00]
 [1.00000000e+00 1.00000000e+00 1.00000000e+00 ... 1.00000000e+00
  1.00000000e+00 0.00000000e+00]]
