[[1.00000000e+000 5.94664364e-023 9.18070449e-032 4.33008289e-041
  1.16252093e-035 1.04719177e-035 6.95200627e-037 7.44011340e-036
  2.17886639e-041 6.67300751e-064 5.11438220e-015 1.22953898e-071
  1.82115174e-045 2.98731157e-041 3.99386784e-012 6.86316937e-032
  4.52532444e-031 5.78826903e-035 1.41783737e-017 9.61094234e-047
  1.00000000e+000]
 [5.94664364e-023 1.00000000e+000 4.40282929e-035 1.11008809e-023
  6.61975580e-048 8.86036683e-058 5.74989695e-030 3.02371207e-051
  7.37881373e-035 8.90265984e-046 3.48562054e-025 1.85911770e-056
  6.56127404e-039 4.79449477e-044 8.91579098e-023 1.77862209e-027
  1.01456570e-043 6.45964467e-044 5.47930169e-045 2.21452503e-068
  1.00000000e+000]
 [9.18070449e-032 4.40282929e-035 1.00000000e+000 1.90138975e-076
  9.01642850e-041 9.79321244e-058 6.73518309e-061 3.54750718e-060
  7.53307821e-064 1.76445475e-033 2.48478389e-047 5.91642955e-040
  1.75576595e-043 5.22013385e-004 9.09968452e-053 8.20342566e-053
  3.11127664e-053 2.43873108e-047 3.38340012e-026 2.92642249e-034
  1.00000000e+000]
 [4.33008289e-041 1.11008809e-023 1.90138975e-076 1.00000000e+000
  5.62496415e-076 2.84787327e-093 6.10939044e-065 1.25959426e-094
  6.82314332e-015 1.03190214e-054 1.87711830e-040 1.32591767e-078
  1.62071617e-072 9.29739344e-088 9.95449005e-043 5.62286273e-031
  5.32364645e-039 2.75035118e-054 2.35329961e-084 4.25255314e-097
  1.00000000e+000]
 [1.16252093e-035 6.61975580e-048 9.01642850e-041 5.62496415e-076
  1.00000000e+000 5.53911047e-026 2.94986303e-034 6.44788917e-045
  5.50611532e-047 1.14721869e-034 4.49073404e-022 2.25420895e-026
  7.08298758e-018 3.57060418e-032 5.13544548e-028 2.77806657e-031
  1.83458948e-021 1.00384942e-012 2.28431041e-019 1.76418000e-046
  1.00000000e+000]
 [1.04719177e-035 8.86036683e-058 9.79321244e-058 2.84787327e-093
  5.53911047e-026 1.00000000e+000 2.91283321e-034 7.52570386e-070
  6.70630609e-076 7.13034939e-086 2.83818038e-050 5.81627726e-068
  1.21071188e-068 2.38563432e-061 2.15780192e-044 2.74781746e-074
  6.55975753e-058 2.10087908e-030 3.42444947e-011 7.11390832e-042
  1.00000000e+000]
 [6.95200627e-037 5.74989695e-030 6.73518309e-061 6.10939044e-065
  2.94986303e-034 2.91283321e-034 1.00000000e+000 6.47282308e-025
  5.08946096e-077 4.32612602e-078 2.88957163e-025 4.95739823e-048
  2.71862550e-053 3.86306609e-059 2.19790830e-034 5.94251187e-062
  3.49368712e-038 4.36396116e-022 1.76170551e-032 1.93163653e-043
  1.00000000e+000]
 [7.44011340e-036 3.02371207e-051 3.54750718e-060 1.25959426e-094
  6.44788917e-045 7.52570386e-070 6.47282308e-025 1.00000000e+000
  2.78780271e-103 2.63088130e-094 9.41691418e-019 7.05180276e-070
  2.32085135e-046 2.32359976e-054 8.31445963e-033 1.56842268e-063
  3.63210627e-041 1.37447483e-043 1.69211232e-041 7.72698135e-059
  1.00000000e+000]
 [2.17886639e-041 7.37881373e-035 7.53307821e-064 6.82314332e-015
  5.50611532e-047 6.70630609e-076 5.08946096e-077 2.78780271e-103
  1.00000000e+000 9.77799824e-029 6.96966762e-038 4.00998244e-060
  2.05517687e-046 2.69901390e-069 4.66340562e-037 4.07016156e-014
  1.34971157e-029 2.98264079e-043 4.04272001e-069 7.72478085e-095
  1.00000000e+000]
 [6.67300751e-064 8.90265984e-046 1.76445475e-033 1.03190214e-054
  1.14721869e-034 7.13034939e-086 4.32612602e-078 2.63088130e-094
  9.77799824e-029 1.00000000e+000 2.11482166e-050 2.67102737e-017
  1.56476218e-029 4.70191682e-027 6.02330803e-063 2.55349962e-029
  2.07074494e-034 2.55581586e-038 7.14174695e-065 9.65223982e-070
  1.00000000e+000]
 [5.11438220e-015 3.48562054e-025 2.48478389e-047 1.87711830e-040
  4.49073404e-022 2.83818038e-050 2.88957163e-025 9.41691418e-019
  6.96966762e-038 2.11482166e-050 1.00000000e+000 1.63767702e-050
  1.60545401e-021 1.05776736e-045 6.72908018e-007 4.10202007e-017
  7.56811858e-013 1.74081391e-022 2.96108019e-032 4.67411398e-060
  1.00000000e+000]
 [1.22953898e-071 1.85911770e-056 5.91642955e-040 1.32591767e-078
  2.25420895e-026 5.81627726e-068 4.95739823e-048 7.05180276e-070
  4.00998244e-060 2.67102737e-017 1.63767702e-050 1.00000000e+000
  1.08348370e-040 1.04090357e-026 5.07878898e-074 5.63005138e-057
  4.13785404e-030 4.24349292e-019 1.87843405e-052 1.27639882e-038
  1.00000000e+000]
 [1.82115174e-045 6.56127404e-039 1.75576595e-043 1.62071617e-072
  7.08298758e-018 1.21071188e-068 2.71862550e-053 2.32085135e-046
  2.05517687e-046 1.56476218e-029 1.60545401e-021 1.08348370e-040
  1.00000000e+000 5.24092666e-035 4.97221492e-024 8.18679022e-015
  7.19072886e-035 1.75171767e-041 1.00193092e-048 9.07557711e-090
  1.00000000e+000]
 [2.98731157e-041 4.79449477e-044 5.22013385e-004 9.29739344e-088
  3.57060418e-032 2.38563432e-061 3.86306609e-059 2.32359976e-054
  2.69901390e-069 4.70191682e-027 1.05776736e-045 1.04090357e-026
  5.24092666e-035 1.00000000e+000 6.28801292e-057 4.19476118e-053
  8.68236319e-047 1.63165271e-040 1.33578668e-028 8.98567955e-033
  1.00000000e+000]
 [3.99386784e-012 8.91579098e-023 9.09968452e-053 9.95449005e-043
  5.13544548e-028 2.15780192e-044 2.19790830e-034 8.31445963e-033
  4.66340562e-037 6.02330803e-063 6.72908018e-007 5.07878898e-074
  4.97221492e-024 6.28801292e-057 1.00000000e+000 2.01713949e-015
  4.14393699e-030 2.74772246e-038 1.40390230e-032 1.96350781e-080
  1.00000000e+000]
 [6.86316937e-032 1.77862209e-027 8.20342566e-053 5.62286273e-031
  2.77806657e-031 2.74781746e-074 5.94251187e-062 1.56842268e-063
  4.07016156e-014 2.55349962e-029 4.10202007e-017 5.63005138e-057
  8.18679022e-015 4.19476118e-053 2.01713949e-015 1.00000000e+000
  1.25970324e-025 5.40868033e-043 6.58966945e-058 5.21448078e-099
  1.00000000e+000]
 [4.52532444e-031 1.01456570e-043 3.11127664e-053 5.32364645e-039
  1.83458948e-021 6.55975753e-058 3.49368712e-038 3.63210627e-041
  1.34971157e-029 2.07074494e-034 7.56811858e-013 4.13785404e-030
  7.19072886e-035 8.68236319e-047 4.14393699e-030 1.25970324e-025
  1.00000000e+000 8.82220706e-010 2.41727531e-041 2.93004709e-046
  1.00000000e+000]
 [5.78826903e-035 6.45964467e-044 2.43873108e-047 2.75035118e-054
  1.00384942e-012 2.10087908e-030 4.36396116e-022 1.37447483e-043
  2.98264079e-043 2.55581586e-038 1.74081391e-022 4.24349292e-019
  1.75171767e-041 1.63165271e-040 2.74772246e-038 5.40868033e-043
  8.82220706e-010 1.00000000e+000 4.16967615e-025 5.44255231e-026
  1.00000000e+000]
 [1.41783737e-017 5.47930169e-045 3.38340012e-026 2.35329961e-084
  2.28431041e-019 3.42444947e-011 1.76170551e-032 1.69211232e-041
  4.04272001e-069 7.14174695e-065 2.96108019e-032 1.87843405e-052
  1.00193092e-048 1.33578668e-028 1.40390230e-032 6.58966945e-058
  2.41727531e-041 4.16967615e-025 1.00000000e+000 1.32488914e-023
  1.00000000e+000]
 [9.61094234e-047 2.21452503e-068 2.92642249e-034 4.25255314e-097
  1.76418000e-046 7.11390832e-042 1.93163653e-043 7.72698135e-059
  7.72478085e-095 9.65223982e-070 4.67411398e-060 1.27639882e-038
  9.07557711e-090 8.98567955e-033 1.96350781e-080 5.21448078e-099
  2.93004709e-046 5.44255231e-026 1.32488914e-023 1.00000000e+000
  1.00000000e+000]
 [1.00000000e+000 1.00000000e+000 1.00000000e+000 1.00000000e+000
  1.00000000e+000 1.00000000e+000 1.00000000e+000 1.00000000e+000
  1.00000000e+000 1.00000000e+000 1.00000000e+000 1.00000000e+000
  1.00000000e+000 1.00000000e+000 1.00000000e+000 1.00000000e+000
  1.00000000e+000 1.00000000e+000 1.00000000e+000 1.00000000e+000
  0.00000000e+000]]
