[[1.00000000e+00 1.27075439e-54 5.57333129e-12 ... 6.16145448e-57
  8.85136411e-26 1.00000000e+00]
 [1.27075439e-54 1.00000000e+00 6.09216191e-53 ... 7.84089018e-43
  5.73172399e-50 1.00000000e+00]
 [5.57333129e-12 6.09216191e-53 1.00000000e+00 ... 1.35489107e-73
  6.80551137e-11 1.00000000e+00]
 ...
 [6.16145448e-57 7.84089018e-43 1.35489107e-73 ... 1.00000000e+00
  2.55181781e-64 1.00000000e+00]
 [8.85136411e-26 5.73172399e-50 6.80551137e-11 ... 2.55181781e-64
  1.00000000e+00 1.00000000e+00]
 [1.00000000e+00 1.00000000e+00 1.00000000e+00 ... 1.00000000e+00
  1.00000000e+00 0.00000000e+00]]
