1inputのノード特徴量 [[ 98.84812    -22.601685  ]
 [ 48.539234   -39.0925    ]
 [ 75.87904    -32.6267    ]
 [ 18.463097   -37.260082  ]
 [ 84.7996      19.492718  ]
 [-55.901085   -94.46461   ]
 [ 10.999933   -77.80429   ]
 [-28.763203    32.82074   ]
 [ -7.6734295   85.865204  ]
 [-65.95658     43.241077  ]
 [-44.80188     12.600553  ]
 [ 95.061325    62.591133  ]
 [-20.961302    72.975914  ]
 [-53.519398   -43.43006   ]
 [ 70.96687     -0.60710573]
 [ 85.42743     -1.72764   ]
 [-80.88906    -32.534477  ]
 [-64.08746     84.301796  ]
 [-22.875528   -25.278782  ]
 [ 35.15965     57.123753  ]
 [ 26.016016    27.669336  ]
 [ 51.371284    29.690163  ]
 [ 90.721565    84.02577   ]
 [ 99.22947    -56.88617   ]
 [-39.807743    70.582344  ]
 [ 78.777916    35.085106  ]
 [-10.910509    33.03193   ]
 [-96.45531      9.483171  ]
 [-72.92638      0.45626003]
 [-71.18893      2.8989682 ]]
2inputのノード特徴量 [9.5913789e+09 5.7367648e+08 3.3527122e+09 1.4299746e+07 5.1430190e+09
 1.0364542e+09 3.9523558e+06 6.3124080e+07 7.2887156e+04 1.8550546e+09
 3.9784813e+08 8.0533919e+09 1.3425396e+07 8.4550746e+08 2.5370452e+09
 5.3283845e+09 4.3238252e+09 1.6183780e+09 3.0093316e+07 1.3902344e+08
 4.2141980e+07 6.8085696e+08 6.6363530e+09 9.8076908e+09 2.2924373e+08
 3.8079752e+09 7.3986694e+05 8.6381189e+09 2.8279050e+09 2.5653914e+09]
(30,) (30,) (30,)
hidden:これがノードにつく特徴量 [[ 98.84812164  48.53923416  75.87904358  18.46309662  84.79959869
  -55.9010849   10.99993324 -28.76320267  -7.67342949 -65.95658112
  -44.80187988  95.06132507 -20.9613018  -53.51939774  70.96687317
   85.4274292  -80.88906097 -64.08746338 -22.87552834  35.1596489
   26.01601601  51.37128448  90.72156525  99.2294693  -39.80774307
   78.77791595 -10.91050911 -96.45530701 -72.92637634 -71.1889267 ]
 [-22.60168457 -39.09249878 -32.62670135 -37.26008224  19.49271774
  -94.46460724 -77.80429077  32.82073975  85.86520386  43.24107742
   12.60055256  62.59113312  72.975914   -43.43006134  -0.60710573
   -1.72764003 -32.53447723  84.30179596 -25.27878189  57.12375259
   27.66933632  29.69016266  84.02577209 -56.88616943  70.58234406
   35.0851059   33.03192902   9.48317146   0.45626003   2.89896822]]
-35.35353535353535 -100.0 182216887.94441894
これがrのしゃぺ (10000, 30)
weight input to hidden [104.05971369  63.87600454  81.91109458  63.6677513  131.75545507
  85.373653    28.7625314  144.95469418 189.50563497 172.01882308
 134.7921555  175.38916287 180.12816151 100.28977748 107.77599468
 113.17481528 129.19623733 206.60844545  91.13072153 157.23324085
 127.71138398 131.55604151 194.00763415  82.15790902 184.04683921
 143.86364982 138.97413643 166.73087226 143.31868902 143.82211598]
weight input to hidden [102.72036872  63.29662174  80.77921705  64.04233499 130.91719439
  87.38970238  30.08779693 145.77556315 189.91004694 173.14561276
 135.91313169 174.64165819 180.70219474 101.9642876  107.01105865
 112.1865142  130.92336963 207.52933639  92.30206536 157.17082849
 127.7791801  131.23211421 193.37747236  80.44520714 184.81481238
 143.18132426 139.57195258 168.25973572 144.76648485 145.24072968]
di:データ値をもつ１次元配列 [9.5913789e+09 5.7367648e+08 3.3527122e+09 1.4299746e+07 5.1430190e+09
 1.0364542e+09 3.9523558e+06 6.3124080e+07 7.2887156e+04 1.8550546e+09
 3.9784813e+08 8.0533919e+09 1.3425396e+07 8.4550746e+08 2.5370452e+09
 5.3283845e+09 4.3238252e+09 1.6183780e+09 3.0093316e+07 1.3902344e+08
 4.2141980e+07 6.8085696e+08 6.6363530e+09 9.8076908e+09 2.2924373e+08
 3.8079752e+09 7.3986694e+05 8.6381189e+09 2.8279050e+09 2.5653914e+09]
episilon 34.296646456900575
hidden:これがノードにつく特徴量 [[ 98.84812164  48.53923416  75.87904358  18.46309662  84.79959869
  -55.9010849   10.99993324 -28.76320267  -7.67342949 -65.95658112
  -44.80187988  95.06132507 -20.9613018  -53.51939774  70.96687317
   85.4274292  -80.88906097 -64.08746338 -22.87552834  35.1596489
   26.01601601  51.37128448  90.72156525  99.2294693  -39.80774307
   78.77791595 -10.91050911 -96.45530701 -72.92637634 -71.1889267 ]
 [-22.60168457 -39.09249878 -32.62670135 -37.26008224  19.49271774
  -94.46460724 -77.80429077  32.82073975  85.86520386  43.24107742
   12.60055256  62.59113312  72.975914   -43.43006134  -0.60710573
   -1.72764003 -32.53447723  84.30179596 -25.27878189  57.12375259
   27.66933632  29.69016266  84.02577209 -56.88616943  70.58234406
   35.0851059   33.03192902   9.48317146   0.45626003   2.89896822]]
nodes:weight for hidden to output
[ 1.21381919e+10  3.13829336e+09 -6.94636695e+09 -1.17649216e+09
  1.26395081e+10  1.06191352e+09  1.91467114e+07 -1.07200508e+09
 -5.91049093e+08  3.22408322e+08  1.44065166e+09  8.33951512e+09
  1.37504033e+09 -1.47044475e+09  9.27741560e+08 -6.86842508e+09
  5.96047495e+09  2.18755985e+09  5.29638583e+08  1.76147930e+08
 -5.99865911e+08  1.14384230e+09  1.74948477e+09  8.06062980e+09
 -1.69935725e+09 -9.01361401e+09  4.99946665e+08  1.14227026e+10
 -1.89011477e+10  1.24654012e+10]
A: weight for input to hidden
[[1.00000000e+00 9.22809018e-02 5.86276838e-01 3.42674663e-03
  1.87457244e-01 1.78451725e-11 1.06052574e-04 7.13408245e-08
  2.92890110e-09 2.35077899e-12 8.38625453e-09 2.06538323e-03
  2.12489328e-09 1.85416836e-09 3.42272307e-01 5.92408796e-01
  1.08609757e-12 9.51710729e-15 3.36360233e-06 1.43081423e-04
  1.28354497e-03 1.43935724e-02 5.99573141e-05 3.68094876e-01
  4.96187106e-11 4.19381263e-02 2.56628220e-06 3.44139478e-15
  8.11751574e-12 1.21590347e-11]
 [9.22809018e-02 1.00000000e+00 5.11196567e-01 4.62143318e-01
  1.76731645e-02 6.92827309e-06 8.44095908e-02 7.66086773e-05
  1.17010175e-07 4.53924438e-08 6.25992225e-05 2.41750553e-05
  3.79712127e-07 1.40381025e-04 1.85109489e-01 9.59660805e-02
  6.29686462e-07 4.95254480e-11 1.11305764e-02 3.27989291e-04
  1.46908870e-02 1.77932681e-02 5.57715403e-07 8.59803288e-02
  4.75390455e-08 4.27416147e-03 5.94907863e-04 2.32599049e-09
  9.44336993e-07 1.13844338e-06]
 [5.86276838e-01 5.11196567e-01 1.00000000e+00 5.95549812e-02
  9.28254713e-02 1.50082648e-08 4.92358746e-03 2.37460182e-06
  1.73210232e-08 2.80005254e-10 7.37124236e-07 3.28598959e-04
  2.63026814e-08 5.95338824e-07 4.09779505e-01 4.10986748e-01
  8.43424495e-10 5.23350527e-13 2.39494190e-04 2.59252116e-04
  5.49138142e-03 2.21016939e-02 7.84221099e-06 3.81413148e-01
  1.33562419e-09 2.01410030e-02 4.23830290e-05 2.39819524e-12
  2.63221021e-09 3.53382103e-09]
 [3.42674663e-03 4.62143318e-01 5.95549812e-02 1.00000000e+00
  1.53479251e-03 5.62358739e-04 2.35778945e-01 2.30774315e-03
  1.41423419e-06 9.46299151e-06 4.02091120e-03 1.42074193e-06
  8.69810349e-06 1.18265252e-02 3.06323629e-02 7.55432867e-03
  2.22471625e-04 1.06640362e-08 2.07038522e-01 4.05488109e-04
  2.64474654e-02 8.81466400e-03 4.37468263e-08 2.81390178e-03
  2.83365061e-06 5.30177625e-04 7.19698850e-03 2.07647623e-06
  2.46077934e-04 2.73511124e-04]
 [1.87457244e-01 1.76731645e-02 9.28254713e-02 1.53479251e-03
  1.00000000e+00 7.87037145e-13 3.11773557e-06 1.48871207e-05
  1.64521439e-05 2.51436911e-09 6.03812450e-07 1.88499727e-01
  6.51707318e-06 2.98035787e-09 6.02820542e-01 6.81702665e-01
  7.32141628e-12 1.83932710e-10 9.53323048e-06 3.69282998e-02
  5.00592581e-02 3.54017131e-01 2.81477943e-02 5.87774633e-03
  2.01127014e-07 7.88582483e-01 3.54927535e-04 6.80793169e-13
  4.79761922e-10 8.21119735e-10]
 [1.78451725e-11 6.92827309e-06 1.50082648e-08 5.62358739e-04
  7.87037145e-13 1.00000000e+00 1.75791980e-02 5.57446852e-07
  1.36378946e-13 9.14681528e-08 5.27480806e-05 3.00890706e-18
  1.57685722e-11 1.08710705e-01 6.37929302e-10 2.81870336e-11
  2.25626868e-02 1.49985676e-12 6.76051964e-03 2.84577819e-12
  1.03494065e-08 1.14826296e-10 1.99394688e-20 3.91959913e-10
  7.02645548e-11 1.27757488e-13 1.78197537e-07 2.53124868e-05
  3.68425383e-04 2.59214464e-04]
 [1.06052574e-04 8.44095908e-02 4.92358746e-03 2.35778945e-01
  3.11773557e-06 1.75791980e-02 1.00000000e+00 7.90308746e-06
  9.56745663e-11 2.53300377e-08 6.80298291e-05 1.29843734e-10
  1.69365324e-09 1.06361638e-02 2.96466070e-04 6.57423876e-05
  1.33608204e-04 1.64400900e-12 3.61131152e-02 1.15529688e-07
  6.44661021e-05 1.35493114e-05 9.63903514e-13 9.21076502e-04
  8.26554163e-10 3.96801711e-07 1.93664625e-05 8.38876503e-08
  1.37414646e-05 1.26248875e-05]
 [7.13408245e-08 7.66086773e-05 2.37460182e-06 2.30774315e-03
  1.48871207e-05 5.57446852e-07 7.90308746e-06 1.00000000e+00
  6.26484952e-02 2.81290230e-01 5.67631834e-01 1.02744018e-06
  2.41094522e-01 4.23668554e-03 8.22566355e-05 5.55788070e-06
  2.62884221e-03 3.63711107e-02 5.50669635e-02 1.87612048e-02
  7.62555126e-02 4.22128810e-03 5.76464300e-07 9.55530978e-10
  2.68214528e-01 5.34669052e-05 7.62618558e-01 1.27961112e-02
  7.81891074e-02 1.01127161e-01]
 [2.92890110e-09 1.17010175e-07 1.73210232e-08 1.41423419e-06
  1.64521439e-05 1.36378946e-13 9.56745663e-11 6.26484952e-02
  1.00000000e+00 1.18850473e-02 3.22983851e-03 8.00079742e-05
  7.47255361e-01 1.12634806e-07 9.03347605e-06 9.26620377e-07
  6.99761876e-08 6.66884087e-02 2.25812337e-05 1.04138132e-01
  2.14042599e-02 3.52936460e-03 2.65554930e-04 1.80565478e-12
  3.40804715e-01 1.94298385e-04 9.23670438e-02 8.62316048e-06
  5.42722266e-05 9.31188254e-05]
 [2.35077899e-12 4.53924438e-08 2.80005254e-10 9.46299151e-06
  2.51436911e-09 9.14681528e-08 2.53300377e-08 2.81290230e-01
  1.18850473e-02 1.00000000e+00 3.07703171e-01 1.94611590e-10
  8.43426131e-02 1.47698673e-03 2.33367280e-08 6.19440504e-10
  6.27561057e-03 2.37803179e-01 3.81313689e-03 1.42492225e-04
  6.12754308e-04 7.07346395e-06 2.10043280e-10 1.67430786e-14
  2.96167988e-01 1.74207482e-08 6.96251585e-02 1.72110554e-01
  2.02394429e-01 2.44904824e-01]
 [8.38625453e-09 6.25992225e-05 7.37124236e-07 4.02091120e-03
  6.03812450e-07 5.27480806e-05 6.80298291e-05 5.67631834e-01
  3.22983851e-03 3.07703171e-01 1.00000000e+00 7.15813816e-09
  2.78154084e-02 6.49848898e-02 9.70969240e-06 4.59633145e-07
  5.84814593e-02 9.21529338e-03 1.96212091e-01 8.07948591e-04
  1.16005341e-02 3.00043008e-04 2.16355471e-09 3.61300376e-10
  5.61729128e-02 1.49513452e-06 2.64108678e-01 1.02639443e-01
  4.50299072e-01 5.10707768e-01]
 [2.06538323e-03 2.41750553e-05 3.28598959e-04 1.42074193e-06
  1.88499727e-01 3.00890706e-18 1.29843734e-10 1.02744018e-06
  8.00079742e-05 1.94611590e-10 7.15813816e-09 1.00000000e+00
  9.77390093e-06 4.99940557e-13 2.04643222e-02 2.74359016e-02
  1.69279310e-15 2.98078813e-10 1.03220636e-08 4.61463089e-02
  6.15999175e-03 7.86258483e-02 6.65904860e-01 5.28549256e-06
  1.82179282e-07 4.19527241e-01 3.39693455e-05 2.60791168e-15
  1.42992139e-12 3.01716076e-12]
 [2.12489328e-09 3.79712127e-07 2.63026814e-08 8.69810349e-06
  6.51707318e-06 1.57685722e-11 1.69365324e-09 2.41094522e-01
  7.47255361e-01 8.43426131e-02 2.78154084e-02 9.77390093e-06
  1.00000000e+00 4.03280897e-06 7.59839878e-06 5.76161525e-07
  3.66217546e-06 1.84478415e-01 2.71792387e-04 5.55072329e-02
  2.67486961e-02 2.37943564e-03 2.23696616e-05 2.75321868e-12
  7.35772118e-01 6.26583356e-05 2.36379305e-01 2.55432268e-04
  1.15141887e-03 1.80051024e-03]
 [1.85416836e-09 1.40381025e-04 5.95338824e-07 1.18265252e-02
  2.98035787e-09 1.08710705e-01 1.06361638e-02 4.23668554e-03
  1.12634806e-07 1.47698673e-03 6.49848898e-02 4.99940557e-13
  4.03280897e-06 1.00000000e+00 3.99249442e-07 1.69716928e-08
  4.78177884e-01 8.60678330e-07 3.40128632e-01 2.30844313e-07
  6.27979767e-05 9.20068788e-07 2.09106562e-14 2.08213997e-09
  1.35270458e-05 1.82674267e-09 1.48279485e-03 1.93026308e-02
  1.41197664e-01 1.23665274e-01]
 [3.42272307e-01 1.85109489e-01 4.09779505e-01 3.06323629e-02
  6.02820542e-01 6.37929302e-10 2.96466070e-04 8.22566355e-05
  9.03347605e-06 2.33367280e-08 9.70969240e-06 2.04643222e-02
  7.59839878e-06 3.99249442e-07 1.00000000e+00 8.36239014e-01
  1.28653972e-09 4.01549761e-10 3.34037337e-04 1.97725562e-02
  9.09408967e-02 3.30607637e-01 1.62674254e-03 3.43279661e-02
  3.96436691e-07 3.21451824e-01 1.27940590e-03 4.10396685e-11
  2.26390404e-08 3.42165254e-08]
 [5.92408796e-01 9.59660805e-02 4.10986748e-01 7.55432867e-03
  6.81702665e-01 2.81870336e-11 6.57423876e-05 5.55788070e-06
  9.26620377e-07 6.19440504e-10 4.59633145e-07 2.74359016e-02
  5.76161525e-07 1.69716928e-08 8.36239014e-01 1.00000000e+00
  2.73294731e-11 1.03200659e-11 2.91391303e-05 6.14143100e-03
  2.38616602e-02 1.61186823e-01 1.88175998e-03 6.40233252e-02
  1.89990303e-08 3.04313109e-01 1.34031108e-04 5.48815226e-13
  5.49281505e-10 8.62391408e-10]
 [1.08609757e-12 6.29686462e-07 8.43424495e-10 2.22471625e-04
  7.32141628e-12 2.25626868e-02 1.33608204e-04 2.62884221e-03
  6.99761876e-08 6.27561057e-03 5.84814593e-02 1.69279310e-15
  3.66217546e-06 4.78177884e-01 1.28653972e-09 2.73294731e-11
  1.00000000e+00 7.17306255e-06 5.46938997e-02 1.14727703e-08
  2.76766470e-06 1.29360100e-08 1.28889733e-16 6.34864592e-13
  2.82472120e-05 7.92788302e-12 4.02442496e-04 1.81422304e-01
  3.75611678e-01 3.17466228e-01]
 [9.51710729e-15 4.95254480e-11 5.23350527e-13 1.06640362e-08
  1.83932710e-10 1.49985676e-12 1.64400900e-12 3.63711107e-02
  6.66884087e-02 2.37803179e-01 9.21529338e-03 2.98078813e-10
  1.84478415e-01 8.60678330e-07 4.01549761e-10 1.03200659e-11
  7.17306255e-06 1.00000000e+00 8.69759643e-06 1.23169179e-04
  6.58115310e-05 9.48235459e-07 1.41707267e-09 6.19625491e-18
  5.16238027e-01 3.71326373e-09 9.66967996e-03 3.51860812e-03
  2.37430110e-03 3.42607585e-03]
 [3.36360233e-06 1.11305764e-02 2.39494190e-04 2.07038522e-01
  9.53323048e-06 6.76051964e-03 3.61131152e-02 5.50669635e-02
  2.25812337e-05 3.81313689e-03 1.96212091e-01 1.03220636e-08
  2.71792387e-04 3.40128632e-01 3.34037337e-04 2.91391303e-05
  5.46938997e-02 8.69759643e-06 1.00000000e+00 1.77584017e-04
  1.20873730e-02 7.06387268e-04 6.67287559e-10 1.33740391e-06
  3.17164692e-04 6.90844578e-06 4.91762299e-02 3.58847262e-03
  6.76941914e-02 6.99887556e-02]
 [1.43081423e-04 3.27989291e-04 2.59252116e-04 4.05488109e-04
  3.69282998e-02 2.84577819e-12 1.15529688e-07 1.87612048e-02
  1.04138132e-01 1.42492225e-04 8.07948591e-04 4.61463089e-02
  5.55072329e-02 2.30844313e-07 1.97725562e-02 6.14143100e-03
  1.14727703e-08 1.23169179e-04 1.77584017e-04 1.00000000e+00
  4.45464315e-01 4.21784528e-01 3.91717890e-02 4.84413570e-07
  7.21249743e-03 1.31285570e-01 1.00474079e-01 5.83804119e-08
  3.16932642e-06 5.47694133e-06]
 [1.28354497e-03 1.46908870e-02 5.49138142e-03 2.64474654e-02
  5.00592581e-02 1.03494065e-08 6.44661021e-05 7.62555126e-02
  2.14042599e-02 6.12754308e-04 1.16005341e-02 6.15999175e-03
  2.67486961e-02 6.27979767e-05 9.09408967e-02 2.38616602e-02
  2.76766470e-06 6.58115310e-05 1.20873730e-02 4.45464315e-01
  1.00000000e+00 5.76934899e-01 1.91210941e-03 2.40525174e-05
  5.25229980e-03 8.95084671e-02 3.06147358e-01 2.18739186e-06
  1.29448296e-04 1.92666896e-04]
 [1.43935724e-02 1.77932681e-02 2.21016939e-02 8.81466400e-03
  3.54017131e-01 1.14826296e-10 1.35493114e-05 4.22128810e-03
  3.52936460e-03 7.07346395e-06 3.00043008e-04 7.86258483e-02
  2.37943564e-03 9.20068788e-07 3.30607637e-01 1.61186823e-01
  1.29360100e-08 9.48235459e-07 7.06387268e-04 4.21784528e-01
  5.76934899e-01 1.00000000e+00 2.17886160e-02 2.43723409e-04
  2.05628865e-04 5.15141691e-01 3.66166234e-02 6.03760521e-09
  9.55212709e-07 1.54520649e-06]
 [5.99573141e-05 5.57715403e-07 7.84221099e-06 4.37468263e-08
  2.81477943e-02 1.99394688e-20 9.63903514e-13 5.76464300e-07
  2.65554930e-04 2.10043280e-10 2.16355471e-09 6.65904860e-01
  2.23696616e-05 2.09106562e-14 1.62674254e-03 1.88175998e-03
  1.28889733e-16 1.41707267e-09 6.67287559e-10 3.91717890e-02
  1.91210941e-03 2.17886160e-02 1.00000000e+00 4.38579858e-08
  4.39137624e-07 1.15608024e-01 1.68358344e-05 1.03002629e-15
  3.41655142e-13 7.77982213e-13]
 [3.68094876e-01 8.59803288e-02 3.81413148e-01 2.81390178e-03
  5.87774633e-03 3.91959913e-10 9.21076502e-04 9.55530978e-10
  1.80565478e-12 1.67430786e-14 3.61300376e-10 5.28549256e-06
  2.75321868e-12 2.08213997e-09 3.43279661e-02 6.40233252e-02
  6.34864592e-13 6.19625491e-18 1.33740391e-06 4.84413570e-07
  2.40525174e-05 2.43723409e-04 4.38579858e-08 1.00000000e+00
  7.30195941e-14 5.27804064e-04 3.43472314e-08 1.71953636e-16
  6.97040733e-13 9.06529316e-13]
 [4.96187106e-11 4.75390455e-08 1.33562419e-09 2.83365061e-06
  2.01127014e-07 7.02645548e-11 8.26554163e-10 2.68214528e-01
  3.40804715e-01 2.96167988e-01 5.61729128e-02 1.82179282e-07
  7.35772118e-01 1.35270458e-05 3.96436691e-07 1.89990303e-08
  2.82472120e-05 5.16238027e-01 3.17164692e-04 7.21249743e-03
  5.25229980e-03 2.05628865e-04 4.39137624e-07 7.30195941e-14
  1.00000000e+00 2.20110117e-06 1.48278510e-01 2.73450809e-03
  6.01649596e-03 8.81066375e-03]
 [4.19381263e-02 4.27416147e-03 2.01410030e-02 5.30177625e-04
  7.88582483e-01 1.27757488e-13 3.96801711e-07 5.34669052e-05
  1.94298385e-04 1.74207482e-08 1.49513452e-06 4.19527241e-01
  6.26583356e-05 1.82674267e-09 3.21451824e-01 3.04313109e-01
  7.92788302e-12 3.71326373e-09 6.90844578e-06 1.31285570e-01
  8.95084671e-02 5.15141691e-01 1.15608024e-01 5.27804064e-04
  2.20110117e-06 1.00000000e+00 1.06773066e-03 2.63379905e-12
  1.14824364e-09 2.05974843e-09]
 [2.56628220e-06 5.94907863e-04 4.23830290e-05 7.19698850e-03
  3.54927535e-04 1.78197537e-07 1.93664625e-05 7.62618558e-01
  9.23670438e-02 6.96251585e-02 2.64108678e-01 3.39693455e-05
  2.36379305e-01 1.48279485e-03 1.27940590e-03 1.34031108e-04
  4.02442496e-04 9.66967996e-03 4.91762299e-02 1.00474079e-01
  3.06147358e-01 3.66166234e-02 1.68358344e-05 3.43472314e-08
  1.48278510e-01 1.06773066e-03 1.00000000e+00 1.23982355e-03
  1.54241996e-02 2.10479574e-02]
 [3.44139478e-15 2.32599049e-09 2.39819524e-12 2.07647623e-06
  6.80793169e-13 2.53124868e-05 8.38876503e-08 1.27961112e-02
  8.62316048e-06 1.72110554e-01 1.02639443e-01 2.60791168e-15
  2.55432268e-04 1.93026308e-02 4.10396685e-11 5.48815226e-13
  1.81422304e-01 3.51860812e-03 3.58847262e-03 5.83804119e-08
  2.18739186e-06 6.03760521e-09 1.03002629e-15 1.71953636e-16
  2.73450809e-03 2.63379905e-12 1.23982355e-03 1.00000000e+00
  5.82790201e-01 5.60131211e-01]
 [8.11751574e-12 9.44336993e-07 2.63221021e-09 2.46077934e-04
  4.79761922e-10 3.68425383e-04 1.37414646e-05 7.81891074e-02
  5.42722266e-05 2.02394429e-01 4.50299072e-01 1.42992139e-12
  1.15141887e-03 1.41197664e-01 2.26390404e-08 5.49281505e-10
  3.75611678e-01 2.37430110e-03 6.76941914e-02 3.16932642e-06
  1.29448296e-04 9.55212709e-07 3.41655142e-13 6.97040733e-13
  6.01649596e-03 1.14824364e-09 1.54241996e-02 5.82790201e-01
  1.00000000e+00 9.92390015e-01]
 [1.21590347e-11 1.13844338e-06 3.53382103e-09 2.73511124e-04
  8.21119735e-10 2.59214464e-04 1.26248875e-05 1.01127161e-01
  9.31188254e-05 2.44904824e-01 5.10707768e-01 3.01716076e-12
  1.80051024e-03 1.23665274e-01 3.42165254e-08 8.62391408e-10
  3.17466228e-01 3.42607585e-03 6.99887556e-02 5.47694133e-06
  1.92666896e-04 1.54520649e-06 7.77982213e-13 9.06529316e-13
  8.81066375e-03 2.05974843e-09 2.10479574e-02 5.60131211e-01
  9.92390015e-01 1.00000000e+00]]