[[1.00000000e+00 1.94294547e-59 4.03893380e-48 5.25117371e-62
  5.01197289e-45 4.03921690e-15 4.50906603e-13 1.68814484e-54
  1.51105092e-36 7.55716047e-45 9.60432196e-53 5.00483212e-34
  1.25372275e-64 1.11427842e-27 7.04685921e-37 1.58975304e-07
  2.02392949e-48 6.48832043e-21 5.15649671e-53 6.42476011e-32
  1.00000000e+00]
 [1.94294547e-59 1.00000000e+00 2.87699546e-33 8.84616584e-24
  2.44855928e-54 1.49350115e-46 2.25173398e-68 3.40617135e-14
  1.22423028e-18 1.97619096e-54 6.51140447e-13 3.50259580e-26
  6.47077675e-24 6.88455143e-51 1.28297618e-32 3.03098725e-62
  1.80133638e-09 1.49428128e-20 3.76010337e-40 1.12362186e-39
  1.00000000e+00]
 [4.03893380e-48 2.87699546e-33 1.00000000e+00 8.94857182e-20
  7.14790900e-65 3.75449031e-23 1.08486148e-61 1.75366088e-72
  8.28146149e-22 2.01919538e-74 1.85522683e-39 7.99705354e-29
  2.25983612e-59 1.72622041e-53 1.92378068e-46 1.25958923e-73
  3.80923371e-30 1.27420325e-19 1.37218073e-50 7.61273735e-78
  1.00000000e+00]
 [5.25117371e-62 8.84616584e-24 8.94857182e-20 1.00000000e+00
  2.26650305e-35 6.31941404e-27 1.27075118e-66 1.16375888e-48
  1.16899519e-19 5.78143449e-47 1.26588935e-54 1.63181936e-47
  1.53370983e-59 1.09316793e-42 6.44690019e-30 3.02828131e-75
  9.38153638e-28 1.61749207e-20 1.28399984e-67 5.51953239e-54
  1.00000000e+00]
 [5.01197289e-45 2.44855928e-54 7.14790900e-65 2.26650305e-35
  1.00000000e+00 7.23589993e-27 1.85051796e-50 2.80619661e-47
  5.32622387e-38 3.50458587e-08 9.52858296e-77 1.29056083e-67
  2.58189240e-48 1.52931046e-17 1.04986307e-38 7.51075913e-52
  1.54942783e-71 7.24566199e-45 1.70114434e-51 1.19414917e-23
  1.00000000e+00]
 [4.03921690e-15 1.49350115e-46 3.75449031e-23 6.31941404e-27
  7.23589993e-27 1.00000000e+00 7.12263302e-31 5.37932332e-56
  1.97094708e-20 1.32714059e-31 5.69890181e-56 1.02946346e-29
  3.80960921e-59 2.62521650e-13 1.78353638e-38 2.73732177e-33
  7.21384682e-42 7.65596419e-14 3.66038856e-51 9.02638664e-44
  1.00000000e+00]
 [4.50906603e-13 2.25173398e-68 1.08486148e-61 1.27075118e-66
  1.85051796e-50 7.12263302e-31 1.00000000e+00 2.56089075e-65
  1.62482993e-35 4.47851181e-44 2.54539766e-62 5.98761081e-45
  1.97333351e-75 3.56414654e-42 1.49666251e-21 3.22737465e-11
  4.12451013e-52 2.35632990e-35 1.51259157e-63 1.56111933e-32
  1.00000000e+00]
 [1.68814484e-54 3.40617135e-14 1.75366088e-72 1.16375888e-48
  2.80619661e-47 5.37932332e-56 2.56089075e-65 1.00000000e+00
  1.56221312e-34 4.19543557e-42 1.92055522e-27 2.74289711e-40
  1.41431997e-28 1.49580326e-43 3.66567211e-39 3.45111747e-45
  1.42907757e-24 5.04990861e-31 4.36000956e-52 2.53126489e-21
  1.00000000e+00]
 [1.51105092e-36 1.22423028e-18 8.28146149e-22 1.16899519e-19
  5.32622387e-38 1.97094708e-20 1.62482993e-35 1.56221312e-34
  1.00000000e+00 3.81087054e-29 1.80493442e-24 5.09049982e-11
  5.61748741e-31 5.79833044e-23 8.53545583e-27 2.62989415e-47
  1.26901846e-16 4.02639509e-18 1.12439345e-33 3.01958712e-44
  1.00000000e+00]
 [7.55716047e-45 1.97619096e-54 2.01919538e-74 5.78143449e-47
  3.50458587e-08 1.32714059e-31 4.47851181e-44 4.19543557e-42
  3.81087054e-29 1.00000000e+00 4.28082782e-68 3.62671463e-52
  8.17913660e-40 1.85392558e-10 1.08734182e-43 4.28973923e-49
  2.48680879e-67 1.33791325e-50 6.43639024e-45 5.33033454e-28
  1.00000000e+00]
 [9.60432196e-53 6.51140447e-13 1.85522683e-39 1.26588935e-54
  9.52858296e-77 5.69890181e-56 2.54539766e-62 1.92055522e-27
  1.80493442e-24 4.28082782e-68 1.00000000e+00 2.54627924e-15
  6.19026706e-16 5.34281796e-60 2.69671695e-47 1.59656278e-58
  1.41614320e-19 6.44639186e-33 1.53832176e-21 3.88379806e-51
  1.00000000e+00]
 [5.00483212e-34 3.50259580e-26 7.99705354e-29 1.63181936e-47
  1.29056083e-67 1.02946346e-29 5.98761081e-45 2.74289711e-40
  5.09049982e-11 3.62671463e-52 2.54627924e-15 1.00000000e+00
  1.61159356e-31 1.84954808e-32 1.00725445e-51 5.39158249e-48
  3.57014617e-20 2.17844732e-23 7.80265402e-31 1.12740044e-61
  1.00000000e+00]
 [1.25372275e-64 6.47077675e-24 2.25983612e-59 1.53370983e-59
  2.58189240e-48 3.80960921e-59 1.97333351e-75 1.41431997e-28
  5.61748741e-31 8.17913660e-40 6.19026706e-16 1.61159356e-31
  1.00000000e+00 3.10458579e-44 1.61496656e-59 1.02929125e-72
  1.85432413e-48 6.97329207e-54 9.74597751e-08 1.36822355e-43
  1.00000000e+00]
 [1.11427842e-27 6.88455143e-51 1.72622041e-53 1.09316793e-42
  1.52931046e-17 2.62521650e-13 3.56414654e-42 1.49580326e-43
  5.79833044e-23 1.85392558e-10 5.34281796e-60 1.84954808e-32
  3.10458579e-44 1.00000000e+00 2.55701157e-53 7.84813731e-41
  2.44843554e-55 1.75147495e-32 4.35441016e-45 2.66616499e-39
  1.00000000e+00]
 [7.04685921e-37 1.28297618e-32 1.92378068e-46 6.44690019e-30
  1.04986307e-38 1.78353638e-38 1.49666251e-21 3.66567211e-39
  8.53545583e-27 1.08734182e-43 2.69671695e-47 1.00725445e-51
  1.61496656e-59 2.55701157e-53 1.00000000e+00 5.38618060e-30
  5.03949394e-28 1.87551017e-24 7.59263862e-63 1.22305291e-19
  1.00000000e+00]
 [1.58975304e-07 3.03098725e-62 1.25958923e-73 3.02828131e-75
  7.51075913e-52 2.73732177e-33 3.22737465e-11 3.45111747e-45
  2.62989415e-47 4.28973923e-49 1.59656278e-58 5.39158249e-48
  1.02929125e-72 7.84813731e-41 5.38618060e-30 1.00000000e+00
  2.35190146e-49 1.25436387e-28 1.01627204e-68 1.11570078e-20
  1.00000000e+00]
 [2.02392949e-48 1.80133638e-09 3.80923371e-30 9.38153638e-28
  1.54942783e-71 7.21384682e-42 4.12451013e-52 1.42907757e-24
  1.26901846e-16 2.48680879e-67 1.41614320e-19 3.57014617e-20
  1.85432413e-48 2.44843554e-55 5.03949394e-28 2.35190146e-49
  1.00000000e+00 1.70559026e-12 2.92040315e-61 5.58059335e-49
  1.00000000e+00]
 [6.48832043e-21 1.49428128e-20 1.27420325e-19 1.61749207e-20
  7.24566199e-45 7.65596419e-14 2.35632990e-35 5.04990861e-31
  4.02639509e-18 1.33791325e-50 6.44639186e-33 2.17844732e-23
  6.97329207e-54 1.75147495e-32 1.87551017e-24 1.25436387e-28
  1.70559026e-12 1.00000000e+00 4.07552415e-57 2.44007336e-35
  1.00000000e+00]
 [5.15649671e-53 3.76010337e-40 1.37218073e-50 1.28399984e-67
  1.70114434e-51 3.66038856e-51 1.51259157e-63 4.36000956e-52
  1.12439345e-33 6.43639024e-45 1.53832176e-21 7.80265402e-31
  9.74597751e-08 4.35441016e-45 7.59263862e-63 1.01627204e-68
  2.92040315e-61 4.07552415e-57 1.00000000e+00 2.57361568e-52
  1.00000000e+00]
 [6.42476011e-32 1.12362186e-39 7.61273735e-78 5.51953239e-54
  1.19414917e-23 9.02638664e-44 1.56111933e-32 2.53126489e-21
  3.01958712e-44 5.33033454e-28 3.88379806e-51 1.12740044e-61
  1.36822355e-43 2.66616499e-39 1.22305291e-19 1.11570078e-20
  5.58059335e-49 2.44007336e-35 2.57361568e-52 1.00000000e+00
  1.00000000e+00]
 [1.00000000e+00 1.00000000e+00 1.00000000e+00 1.00000000e+00
  1.00000000e+00 1.00000000e+00 1.00000000e+00 1.00000000e+00
  1.00000000e+00 1.00000000e+00 1.00000000e+00 1.00000000e+00
  1.00000000e+00 1.00000000e+00 1.00000000e+00 1.00000000e+00
  1.00000000e+00 1.00000000e+00 1.00000000e+00 1.00000000e+00
  0.00000000e+00]]
