[[1.00000000e+00 6.59855248e-60 4.59846902e-22 ... 2.30420051e-21
  1.00381522e-63 1.00000000e+00]
 [6.59855248e-60 1.00000000e+00 1.91363864e-82 ... 8.02257093e-53
  3.49382751e-45 1.00000000e+00]
 [4.59846902e-22 1.91363864e-82 1.00000000e+00 ... 7.22772146e-25
  1.82280403e-42 1.00000000e+00]
 ...
 [2.30420051e-21 8.02257093e-53 7.22772146e-25 ... 1.00000000e+00
  7.15511173e-27 1.00000000e+00]
 [1.00381522e-63 3.49382751e-45 1.82280403e-42 ... 7.15511173e-27
  1.00000000e+00 1.00000000e+00]
 [1.00000000e+00 1.00000000e+00 1.00000000e+00 ... 1.00000000e+00
  1.00000000e+00 0.00000000e+00]]
