[[1.00000000e+000 7.54489333e-010 1.48469963e-065 3.26508276e-058
  9.47230515e-087 4.01496236e-009 2.43480906e-028 1.00953075e-028
  1.38172218e-017 2.42703294e-055 4.32217489e-033 2.62150772e-021
  2.49940841e-033 1.25983416e-043 7.66725991e-060 5.34370449e-088
  2.38267911e-059 1.12421776e-017 2.24068530e-091 3.36477382e-047
  1.00000000e+000]
 [7.54489333e-010 1.00000000e+000 8.03102654e-069 1.76830717e-033
  2.60079930e-079 2.22915895e-017 6.61755864e-024 1.87064040e-013
  2.98173178e-025 1.34390100e-053 5.79381563e-024 3.32190331e-029
  4.77306570e-020 7.02608288e-052 1.02235475e-059 9.39009147e-090
  6.72870716e-035 1.48369216e-016 7.45400418e-071 1.91143635e-034
  1.00000000e+000]
 [1.48469963e-065 8.03102654e-069 1.00000000e+000 8.86143448e-047
  5.55256848e-030 5.43909757e-057 5.65070310e-021 5.02945433e-070
  3.92758461e-027 1.42592223e-045 1.62558303e-032 7.94527592e-033
  1.43390445e-047 1.21593461e-023 8.29587938e-016 1.26374453e-026
  3.66405964e-072 8.40392705e-077 1.40613953e-047 4.73270358e-034
  1.00000000e+000]
 [3.26508276e-058 1.76830717e-033 8.86143448e-047 1.00000000e+000
  3.09477265e-029 4.12351248e-048 3.75671949e-036 8.41148096e-045
  6.43823128e-037 2.05291572e-029 3.62892933e-010 6.24661733e-060
  2.05752335e-028 9.21545049e-049 2.15216879e-031 3.46059828e-043
  7.76673894e-034 5.35651744e-073 8.64665567e-032 2.36190598e-019
  1.00000000e+000]
 [9.47230515e-087 2.60079930e-079 5.55256848e-030 3.09477265e-029
  1.00000000e+000 2.54740014e-059 1.21500450e-053 1.74029235e-092
  7.08882456e-043 4.03539670e-011 8.07713045e-031 3.26312357e-057
  5.99063832e-050 2.91373501e-039 1.45431899e-009 3.39907307e-017
  1.57121561e-052 2.80813159e-120 5.58405519e-023 1.55289997e-045
  1.00000000e+000]
 [4.01496236e-009 2.22915895e-017 5.43909757e-057 4.12351248e-048
  2.54740014e-059 1.00000000e+000 6.65085609e-027 1.60234546e-040
  1.34687936e-020 3.46051766e-028 2.27790800e-032 2.82118218e-023
  5.21280941e-039 1.40295211e-023 5.42899184e-042 7.16522671e-066
  3.99875574e-051 4.07899624e-043 6.48497790e-063 3.14821039e-034
  1.00000000e+000]
 [2.43480906e-028 6.61755864e-024 5.65070310e-021 3.75671949e-036
  1.21500450e-053 6.65085609e-027 1.00000000e+000 8.90428274e-024
  3.86831036e-022 1.65439310e-048 4.15995072e-028 3.10591740e-016
  3.53110964e-026 5.14276389e-021 1.01653018e-031 9.40998009e-059
  4.92605732e-042 2.04890009e-032 1.49484044e-046 3.47176046e-017
  1.00000000e+000]
 [1.00953075e-028 1.87064040e-013 5.02945433e-070 8.41148096e-045
  1.74029235e-092 1.60234546e-040 8.90428274e-024 1.00000000e+000
  1.94794225e-033 8.10855654e-076 5.87949114e-041 1.02341511e-033
  3.25493331e-014 8.44208852e-074 1.66392091e-061 1.33113712e-121
  2.56872041e-043 9.72172199e-021 3.58196159e-089 4.31319504e-042
  1.00000000e+000]
 [1.38172218e-017 2.98173178e-025 3.92758461e-027 6.43823128e-037
  7.08882456e-043 1.34687936e-020 3.86831036e-022 1.94794225e-033
  1.00000000e+000 3.59310327e-033 4.15039245e-014 2.88444403e-018
  3.70058690e-020 1.67762839e-033 4.52950985e-020 2.91477229e-049
  3.06239866e-059 3.22917483e-035 1.59741173e-071 1.88108540e-034
  1.00000000e+000]
 [2.42703294e-055 1.34390100e-053 1.42592223e-045 2.05291572e-029
  4.03539670e-011 3.46051766e-028 1.65439310e-048 8.10855654e-076
  3.59310327e-033 1.00000000e+000 6.13895213e-028 1.26121707e-046
  5.14944528e-045 2.42187297e-029 2.49150788e-015 3.71090287e-029
  5.86833156e-046 2.22000599e-100 2.83011800e-029 1.38515773e-038
  1.00000000e+000]
 [4.32217489e-033 5.79381563e-024 1.62558303e-032 3.62892933e-010
  8.07713045e-031 2.27790800e-032 4.15995072e-028 5.87949114e-041
  4.15039245e-014 6.13895213e-028 1.00000000e+000 2.06999735e-037
  1.94555644e-021 3.10146020e-038 4.77574072e-025 4.04529203e-032
  5.63435119e-041 4.19553087e-047 5.88293598e-045 7.56339933e-025
  1.00000000e+000]
 [2.62150772e-021 3.32190331e-029 7.94527592e-033 6.24661733e-060
  3.26312357e-057 2.82118218e-023 3.10591740e-016 1.02341511e-033
  2.88444403e-018 1.26121707e-046 2.06999735e-037 1.00000000e+000
  2.10968955e-021 4.12698174e-036 3.90393158e-035 1.44139923e-066
  5.26281888e-038 5.07222446e-026 7.77280206e-059 2.40035234e-053
  1.00000000e+000]
 [2.49940841e-033 4.77306570e-020 1.43390445e-047 2.05752335e-028
  5.99063832e-050 5.21280941e-039 3.53110964e-026 3.25493331e-014
  3.70058690e-020 5.14944528e-045 1.94555644e-021 2.10968955e-021
  1.00000000e+000 3.97300915e-065 3.97050426e-033 4.55851840e-078
  7.25255046e-023 3.84472039e-029 8.54932673e-058 1.34573805e-046
  1.00000000e+000]
 [1.25983416e-043 7.02608288e-052 1.21593461e-023 9.21545049e-049
  2.91373501e-039 1.40295211e-023 5.14276389e-021 8.44208852e-074
  1.67762839e-033 2.42187297e-029 3.10146020e-038 4.12698174e-036
  3.97300915e-065 1.00000000e+000 6.12790160e-029 1.86696646e-030
  1.76402118e-070 3.29351113e-080 1.03752491e-040 1.37008154e-020
  1.00000000e+000]
 [7.66725991e-060 1.02235475e-059 8.29587938e-016 2.15216879e-031
  1.45431899e-009 5.42899184e-042 1.01653018e-031 1.66392091e-061
  4.52950985e-020 2.49150788e-015 4.77574072e-025 3.90393158e-035
  3.97050426e-033 6.12790160e-029 1.00000000e+000 1.33783161e-028
  7.15307458e-057 8.24169411e-088 7.10106934e-040 1.52572862e-032
  1.00000000e+000]
 [5.34370449e-088 9.39009147e-090 1.26374453e-026 3.46059828e-043
  3.39907307e-017 7.16522671e-066 9.40998009e-059 1.33113712e-121
  2.91477229e-049 3.71090287e-029 4.04529203e-032 1.44139923e-066
  4.55851840e-078 1.86696646e-030 1.33783161e-028 1.00000000e+000
  2.99990309e-078 8.12323279e-122 1.03898919e-033 5.17372816e-051
  1.00000000e+000]
 [2.38267911e-059 6.72870716e-035 3.66405964e-072 7.76673894e-034
  1.57121561e-052 3.99875574e-051 4.92605732e-042 2.56872041e-043
  3.06239866e-059 5.86833156e-046 5.63435119e-041 5.26281888e-038
  7.25255046e-023 1.76402118e-070 7.15307458e-057 2.99990309e-078
  1.00000000e+000 2.02664245e-057 1.94370091e-025 8.08854782e-061
  1.00000000e+000]
 [1.12421776e-017 1.48369216e-016 8.40392705e-077 5.35651744e-073
  2.80813159e-120 4.07899624e-043 2.04890009e-032 9.72172199e-021
  3.22917483e-035 2.22000599e-100 4.19553087e-047 5.07222446e-026
  3.84472039e-029 3.29351113e-080 8.24169411e-088 8.12323279e-122
  2.02664245e-057 1.00000000e+000 6.81896157e-111 7.58063917e-071
  1.00000000e+000]
 [2.24068530e-091 7.45400418e-071 1.40613953e-047 8.64665567e-032
  5.58405519e-023 6.48497790e-063 1.49484044e-046 3.58196159e-089
  1.59741173e-071 2.83011800e-029 5.88293598e-045 7.77280206e-059
  8.54932673e-058 1.03752491e-040 7.10106934e-040 1.03898919e-033
  1.94370091e-025 6.81896157e-111 1.00000000e+000 2.01078685e-045
  1.00000000e+000]
 [3.36477382e-047 1.91143635e-034 4.73270358e-034 2.36190598e-019
  1.55289997e-045 3.14821039e-034 3.47176046e-017 4.31319504e-042
  1.88108540e-034 1.38515773e-038 7.56339933e-025 2.40035234e-053
  1.34573805e-046 1.37008154e-020 1.52572862e-032 5.17372816e-051
  8.08854782e-061 7.58063917e-071 2.01078685e-045 1.00000000e+000
  1.00000000e+000]
 [1.00000000e+000 1.00000000e+000 1.00000000e+000 1.00000000e+000
  1.00000000e+000 1.00000000e+000 1.00000000e+000 1.00000000e+000
  1.00000000e+000 1.00000000e+000 1.00000000e+000 1.00000000e+000
  1.00000000e+000 1.00000000e+000 1.00000000e+000 1.00000000e+000
  1.00000000e+000 1.00000000e+000 1.00000000e+000 1.00000000e+000
  0.00000000e+000]]
