[[1.00000000e+00 2.45362630e-62 5.10544374e-19 ... 1.66162849e-32
  2.81485068e-41 1.00000000e+00]
 [2.45362630e-62 1.00000000e+00 1.12826820e-28 ... 3.59681398e-59
  6.85211117e-20 1.00000000e+00]
 [5.10544374e-19 1.12826820e-28 1.00000000e+00 ... 4.85403731e-31
  1.46019895e-23 1.00000000e+00]
 ...
 [1.66162849e-32 3.59681398e-59 4.85403731e-31 ... 1.00000000e+00
  1.80201795e-44 1.00000000e+00]
 [2.81485068e-41 6.85211117e-20 1.46019895e-23 ... 1.80201795e-44
  1.00000000e+00 1.00000000e+00]
 [1.00000000e+00 1.00000000e+00 1.00000000e+00 ... 1.00000000e+00
  1.00000000e+00 0.00000000e+00]]
