[[1.00000000e+000 7.52856159e-037 2.75019310e-047 2.65947575e-031
  6.28043775e-050 3.11761875e-014 8.68844720e-038 1.04712544e-062
  6.31995613e-008 1.20377026e-044 1.43783006e-044 1.23895237e-063
  2.95906198e-019 4.17192693e-045 8.16311981e-049 4.73492977e-061
  9.02602165e-049 2.18430559e-057 9.41016100e-027 1.82042197e-036
  1.00000000e+000]
 [7.52856159e-037 1.00000000e+000 4.83173945e-079 2.15058157e-038
  2.99158676e-053 3.22619321e-019 8.37939416e-026 1.84970745e-071
  1.08382136e-042 1.46550243e-034 7.23806329e-045 1.31436781e-051
  5.53769328e-053 3.56298289e-046 4.01600892e-049 6.31872736e-102
  2.59941462e-045 1.00492512e-053 5.54312315e-020 1.55833510e-015
  1.00000000e+000]
 [2.75019310e-047 4.83173945e-079 1.00000000e+000 1.62436547e-027
  8.34899608e-047 3.21198416e-061 9.85659813e-067 1.04707797e-028
  7.80439961e-046 1.15254743e-058 1.58514957e-041 6.39612556e-089
  2.23936893e-021 1.29772563e-080 1.21297394e-084 4.94582664e-033
  1.13276714e-069 4.16425469e-037 8.22958370e-043 2.74639698e-054
  1.00000000e+000]
 [2.65947575e-031 2.15058157e-038 1.62436547e-027 1.00000000e+000
  6.50502230e-045 5.12516614e-034 9.47507784e-040 8.98641378e-019
  4.03397111e-018 9.38531507e-042 5.33524456e-016 3.39846168e-042
  1.47079907e-037 7.95968560e-026 5.08385454e-050 2.14533511e-036
  1.63544238e-043 3.37237279e-024 8.80605435e-033 1.02014678e-026
  1.00000000e+000]
 [6.28043775e-050 2.99158676e-053 8.34899608e-047 6.50502230e-045
  1.00000000e+000 3.97860395e-034 1.96928874e-073 4.08006969e-058
  1.53437484e-049 4.33281243e-052 3.70431731e-014 2.10391174e-076
  3.58577422e-022 1.60769372e-037 1.68675989e-063 2.09305262e-083
  2.32852910e-049 1.42467619e-012 4.77358125e-015 3.10346433e-055
  1.00000000e+000]
 [3.11761875e-014 3.22619321e-019 3.21198416e-061 5.12516614e-034
  3.97860395e-034 1.00000000e+000 8.70310544e-036 3.15858041e-074
  1.68380490e-024 8.42281992e-058 1.02143589e-033 1.30669158e-065
  5.43097751e-023 7.17635398e-028 1.19109207e-032 3.77331002e-077
  1.59469552e-031 1.10912558e-043 1.39614604e-012 5.14924964e-016
  1.00000000e+000]
 [8.68844720e-038 8.37939416e-026 9.85659813e-067 9.47507784e-040
  1.96928874e-073 8.70310544e-036 1.00000000e+000 1.50665885e-042
  8.70440030e-050 9.80380595e-038 2.34887219e-056 1.66811381e-021
  6.27537101e-049 6.28570488e-071 1.33506583e-019 6.21246630e-047
  1.23610075e-018 2.48332859e-055 2.89327581e-027 2.41556649e-035
  1.00000000e+000]
 [1.04712544e-062 1.84970745e-071 1.04707797e-028 8.98641378e-019
  4.08006969e-058 3.15858041e-074 1.50665885e-042 1.00000000e+000
  6.24100901e-049 4.23505599e-039 1.05673270e-028 7.91161597e-029
  5.07229551e-052 8.29853589e-064 7.63165842e-057 3.59260855e-020
  1.15903277e-045 2.75999739e-024 2.92075866e-048 3.12321305e-067
  1.00000000e+000]
 [6.31995613e-008 1.08382136e-042 7.80439961e-046 4.03397111e-018
  1.53437484e-049 1.68380490e-024 8.70440030e-050 6.24100901e-049
  1.00000000e+000 2.11285909e-040 2.33647848e-031 5.40240567e-057
  3.07240275e-031 7.88993325e-030 6.93921193e-061 2.60250910e-060
  1.33312411e-059 2.75222479e-048 9.16424440e-037 6.72040711e-043
  1.00000000e+000]
 [1.20377026e-044 1.46550243e-034 1.15254743e-058 9.38531507e-042
  4.33281243e-052 8.42281992e-058 9.80380595e-038 4.23505599e-039
  2.11285909e-040 1.00000000e+000 2.95910055e-044 2.96407629e-036
  3.46586689e-052 1.21596874e-074 1.74491966e-078 6.91792438e-084
  4.23453624e-068 2.13023917e-047 2.49639066e-034 7.02010706e-066
  1.00000000e+000]
 [1.43783006e-044 7.23806329e-045 1.58514957e-041 5.33524456e-016
  3.70431731e-014 1.02143589e-033 2.34887219e-056 1.05673270e-028
  2.33647848e-031 2.95910055e-044 1.00000000e+000 2.00418677e-044
  4.03600613e-034 1.44574025e-014 6.09926960e-048 7.18478649e-056
  1.00874903e-037 1.44630035e-004 7.99971906e-022 5.08076084e-043
  1.00000000e+000]
 [1.23895237e-063 1.31436781e-051 6.39612556e-089 3.39846168e-042
  2.10391174e-076 1.30669158e-065 1.66811381e-021 7.91161597e-029
  5.40240567e-057 2.96407629e-036 2.00418677e-044 1.00000000e+000
  5.54386379e-078 3.15750119e-060 2.61616825e-030 3.00871251e-051
  2.09869141e-028 7.27743127e-045 5.50150927e-048 1.54312236e-074
  1.00000000e+000]
 [2.95906198e-019 5.53769328e-053 2.23936893e-021 1.47079907e-037
  3.58577422e-022 5.43097751e-023 6.27537101e-049 5.07229551e-052
  3.07240275e-031 3.46586689e-052 4.03600613e-034 5.54386379e-078
  1.00000000e+000 1.01952155e-057 1.15884165e-050 5.05748860e-048
  1.67370031e-041 6.49928176e-033 9.53610986e-015 9.11245478e-042
  1.00000000e+000]
 [4.17192693e-045 3.56298289e-046 1.29772563e-080 7.95968560e-026
  1.60769372e-037 7.17635398e-028 6.28570488e-071 8.29853589e-064
  7.88993325e-030 1.21596874e-074 1.44574025e-014 3.15750119e-060
  1.01952155e-057 1.00000000e+000 7.53722918e-051 2.55301303e-085
  1.28246245e-048 3.44056246e-030 2.52480197e-039 1.92107181e-042
  1.00000000e+000]
 [8.16311981e-049 4.01600892e-049 1.21297394e-084 5.08385454e-050
  1.68675989e-063 1.19109207e-032 1.33506583e-019 7.63165842e-057
  6.93921193e-061 1.74491966e-078 6.09926960e-048 2.61616825e-030
  1.15884165e-050 7.53722918e-051 1.00000000e+000 3.45927742e-044
  1.53756812e-002 6.56722510e-046 1.89200304e-030 7.65274418e-047
  1.00000000e+000]
 [4.73492977e-061 6.31872736e-102 4.94582664e-033 2.14533511e-036
  2.09305262e-083 3.77331002e-077 6.21246630e-047 3.59260855e-020
  2.60250910e-060 6.91792438e-084 7.18478649e-056 3.00871251e-051
  5.05748860e-048 2.55301303e-085 3.45927742e-044 1.00000000e+000
  1.06542034e-038 6.67869916e-049 9.95398520e-063 4.96159954e-077
  1.00000000e+000]
 [9.02602165e-049 2.59941462e-045 1.13276714e-069 1.63544238e-043
  2.32852910e-049 1.59469552e-031 1.23610075e-018 1.15903277e-045
  1.33312411e-059 4.23453624e-068 1.00874903e-037 2.09869141e-028
  1.67370031e-041 1.28246245e-048 1.53756812e-002 1.06542034e-038
  1.00000000e+000 1.10867033e-032 4.15880775e-022 1.49563466e-042
  1.00000000e+000]
 [2.18430559e-057 1.00492512e-053 4.16425469e-037 3.37237279e-024
  1.42467619e-012 1.10912558e-043 2.48332859e-055 2.75999739e-024
  2.75222479e-048 2.13023917e-047 1.44630035e-004 7.27743127e-045
  6.49928176e-033 3.44056246e-030 6.56722510e-046 6.67869916e-049
  1.10867033e-032 1.00000000e+000 1.05169486e-020 2.44168013e-050
  1.00000000e+000]
 [9.41016100e-027 5.54312315e-020 8.22958370e-043 8.80605435e-033
  4.77358125e-015 1.39614604e-012 2.89327581e-027 2.92075866e-048
  9.16424440e-037 2.49639066e-034 7.99971906e-022 5.50150927e-048
  9.53610986e-015 2.52480197e-039 1.89200304e-030 9.95398520e-063
  4.15880775e-022 1.05169486e-020 1.00000000e+000 2.55271644e-024
  1.00000000e+000]
 [1.82042197e-036 1.55833510e-015 2.74639698e-054 1.02014678e-026
  3.10346433e-055 5.14924964e-016 2.41556649e-035 3.12321305e-067
  6.72040711e-043 7.02010706e-066 5.08076084e-043 1.54312236e-074
  9.11245478e-042 1.92107181e-042 7.65274418e-047 4.96159954e-077
  1.49563466e-042 2.44168013e-050 2.55271644e-024 1.00000000e+000
  1.00000000e+000]
 [1.00000000e+000 1.00000000e+000 1.00000000e+000 1.00000000e+000
  1.00000000e+000 1.00000000e+000 1.00000000e+000 1.00000000e+000
  1.00000000e+000 1.00000000e+000 1.00000000e+000 1.00000000e+000
  1.00000000e+000 1.00000000e+000 1.00000000e+000 1.00000000e+000
  1.00000000e+000 1.00000000e+000 1.00000000e+000 1.00000000e+000
  0.00000000e+000]]
