[[1.00000000e+00 2.54728335e-74 4.24858257e-43 ... 2.90221289e-72
  5.53669284e-74 1.00000000e+00]
 [2.54728335e-74 1.00000000e+00 2.70812852e-51 ... 9.37893766e-31
  5.96417488e-26 1.00000000e+00]
 [4.24858257e-43 2.70812852e-51 1.00000000e+00 ... 2.10516521e-39
  1.14770018e-60 1.00000000e+00]
 ...
 [2.90221289e-72 9.37893766e-31 2.10516521e-39 ... 1.00000000e+00
  3.49554660e-60 1.00000000e+00]
 [5.53669284e-74 5.96417488e-26 1.14770018e-60 ... 3.49554660e-60
  1.00000000e+00 1.00000000e+00]
 [1.00000000e+00 1.00000000e+00 1.00000000e+00 ... 1.00000000e+00
  1.00000000e+00 0.00000000e+00]]
