[[1.00000000e+000 3.27832934e-096 7.18360132e-135 4.30761821e-094
  1.00323983e-028 1.88866569e-045 5.45020367e-072 6.86309144e-082
  4.77047455e-062 7.77046882e-074 5.60913420e-104 4.10951021e-079
  5.47179109e-073 4.87204929e-071 2.54022379e-108 1.22891802e-076
  1.27767497e-029 9.58837302e-064 3.00687811e-061 9.35138354e-064
  5.94953615e-092 1.20756768e-060 1.00000000e+000]
 [3.27832934e-096 1.00000000e+000 7.69901891e-039 1.94337894e-053
  9.49531263e-053 2.08690352e-028 1.83401352e-026 1.44334871e-026
  2.25224634e-026 5.10758120e-025 1.65936470e-036 1.48299360e-022
  1.01242243e-055 4.12990393e-027 3.50075358e-020 9.64550038e-051
  3.55465423e-065 5.65536436e-033 2.48298502e-039 1.36513566e-033
  6.68007631e-070 1.31222201e-045 1.00000000e+000]
 [7.18360132e-135 7.69901891e-039 1.00000000e+000 4.42161744e-028
  3.72665930e-098 5.80384970e-085 5.84284346e-072 2.80364459e-029
  1.63094819e-021 7.86787682e-064 7.14284754e-021 6.81069961e-050
  3.01378684e-057 2.27655456e-024 3.76594515e-016 3.22436486e-023
  1.44732980e-074 8.63438266e-024 1.22751776e-056 4.04499021e-057
  6.75745438e-043 3.08092602e-050 1.00000000e+000]
 [4.30761821e-094 1.94337894e-053 4.42161744e-028 1.00000000e+000
  3.42827220e-056 4.00401915e-068 1.38484540e-077 3.72421458e-042
  3.46506280e-037 1.73770869e-047 7.59584288e-012 1.27602982e-020
  2.99310997e-030 2.51290930e-036 2.88607317e-039 1.57059453e-041
  1.02297524e-053 1.23653816e-013 1.57305128e-035 4.33111278e-027
  6.63743771e-050 5.66942282e-014 1.00000000e+000]
 [1.00323983e-028 9.49531263e-053 3.72665930e-098 3.42827220e-056
  1.00000000e+000 8.83659664e-016 1.70908465e-056 7.94420326e-071
  5.10239826e-046 1.19103439e-030 6.47366846e-071 2.76454395e-035
  5.70503757e-041 5.36114484e-063 1.78381215e-088 3.80698480e-086
  6.94550057e-025 1.74504272e-039 6.02211295e-024 8.99777448e-045
  1.07003506e-061 5.71627262e-036 1.00000000e+000]
 [1.88866569e-045 2.08690352e-028 5.80384970e-085 4.00401915e-068
  8.83659664e-016 1.00000000e+000 2.30604811e-018 1.59988227e-041
  1.06885087e-032 3.45074920e-009 1.53938403e-070 3.25434103e-031
  1.17294824e-039 1.78163106e-060 1.23252127e-060 1.29848696e-072
  1.08908692e-026 6.08060730e-038 5.29289795e-036 5.56578199e-044
  8.98209830e-053 7.30143814e-043 1.00000000e+000]
 [5.45020367e-072 1.83401352e-026 5.84284346e-072 1.38484540e-077
  1.70908465e-056 2.30604811e-018 1.00000000e+000 1.86187118e-015
  2.76225384e-030 1.76048902e-015 7.98228307e-072 3.22388334e-041
  1.48306840e-061 7.73581890e-054 6.49926164e-035 2.99003644e-049
  2.98019193e-050 1.90716733e-037 9.69885731e-056 1.45315013e-040
  3.55526042e-062 4.15384453e-047 1.00000000e+000]
 [6.86309144e-082 1.44334871e-026 2.80364459e-029 3.72421458e-042
  7.94420326e-071 1.59988227e-041 1.86187118e-015 1.00000000e+000
  1.01326120e-014 4.37719902e-028 2.26091723e-036 1.10347016e-034
  7.43608717e-051 7.94353209e-026 4.12368311e-009 2.58740173e-014
  6.29782450e-050 2.53272250e-016 4.75070291e-049 1.46735130e-028
  1.66973739e-045 1.48636113e-030 1.00000000e+000]
 [4.77047455e-062 2.25224634e-026 1.63094819e-021 3.46506280e-037
  5.10239826e-046 1.06885087e-032 2.76225384e-030 1.01326120e-014
  1.00000000e+000 7.68074769e-031 2.99568643e-036 1.09470522e-040
  2.48766206e-038 4.14033075e-019 3.92319689e-021 3.06925534e-015
  4.17630526e-026 7.87006762e-012 1.41085537e-031 6.06219208e-043
  1.71614476e-019 1.81077995e-035 1.00000000e+000]
 [7.77046882e-074 5.10758120e-025 7.86787682e-064 1.73770869e-047
  1.19103439e-030 3.45074920e-009 1.76048902e-015 4.37719902e-028
  7.68074769e-031 1.00000000e+000 1.08750169e-052 4.15663383e-019
  2.63038462e-030 6.62390874e-061 1.07386194e-044 1.16072386e-064
  2.80427967e-035 7.35850431e-027 1.41004285e-037 1.31580639e-035
  4.32674692e-043 1.09251027e-030 1.00000000e+000]
 [5.60913420e-104 1.65936470e-036 7.14284754e-021 7.59584288e-012
  6.47366846e-071 1.53938403e-070 7.98228307e-072 2.26091723e-036
  2.99568643e-036 1.08750169e-052 1.00000000e+000 6.31976098e-019
  3.88542267e-030 2.23793656e-025 1.13129853e-020 2.36574995e-035
  1.81255569e-061 3.17647756e-025 8.65950754e-056 2.42021317e-029
  5.55124140e-067 1.61595442e-030 1.00000000e+000]
 [4.10951021e-079 1.48299360e-022 6.81069961e-050 1.27602982e-020
  2.76454395e-035 3.25434103e-031 3.22388334e-041 1.10347016e-034
  1.09470522e-040 4.15663383e-019 6.31976098e-019 1.00000000e+000
  6.22173826e-028 5.63837198e-039 1.06539126e-033 2.99383660e-058
  6.44016843e-052 8.20604507e-023 1.22841909e-033 2.22335116e-012
  6.19435352e-071 1.58670032e-015 1.00000000e+000]
 [5.47179109e-073 1.01242243e-055 3.01378684e-057 2.99310997e-030
  5.70503757e-041 1.17294824e-039 1.48306840e-061 7.43608717e-051
  2.48766206e-038 2.63038462e-030 3.88542267e-030 6.22173826e-028
  1.00000000e+000 6.36445958e-066 2.54642080e-055 1.16467132e-061
  4.12068503e-019 2.57068645e-036 2.74687146e-066 1.67156039e-055
  8.15504852e-038 8.46135281e-043 1.00000000e+000]
 [4.87204929e-071 4.12990393e-027 2.27655456e-024 2.51290930e-036
  5.36114484e-063 1.78163106e-060 7.73581890e-054 7.94353209e-026
  4.14033075e-019 6.62390874e-061 2.23793656e-025 5.63837198e-039
  6.36445958e-066 1.00000000e+000 2.86805887e-017 1.28537559e-015
  3.91408047e-061 1.38894997e-020 2.64324055e-034 8.14070501e-027
  1.51914839e-068 3.30587640e-034 1.00000000e+000]
 [2.54022379e-108 3.50075358e-020 3.76594515e-016 2.88607317e-039
  1.78381215e-088 1.23252127e-060 6.49926164e-035 4.12368311e-009
  3.92319689e-021 1.07386194e-044 1.13129853e-020 1.06539126e-033
  2.54642080e-055 2.86805887e-017 1.00000000e+000 1.67229338e-016
  2.48532346e-069 6.44497267e-025 2.69141163e-060 7.46399827e-033
  5.80619232e-063 7.78566781e-042 1.00000000e+000]
 [1.22891802e-076 9.64550038e-051 3.22436486e-023 1.57059453e-041
  3.80698480e-086 1.29848696e-072 2.99003644e-049 2.58740173e-014
  3.06925534e-015 1.16072386e-064 2.36574995e-035 2.99383660e-058
  1.16467132e-061 1.28537559e-015 1.67229338e-016 1.00000000e+000
  8.85712969e-052 1.64313796e-020 4.98214166e-058 5.51705406e-043
  6.50194560e-048 3.15296471e-041 1.00000000e+000]
 [1.27767497e-029 3.55465423e-065 1.44732980e-074 1.02297524e-053
  6.94550057e-025 1.08908692e-026 2.98019193e-050 6.29782450e-050
  4.17630526e-026 2.80427967e-035 1.81255569e-061 6.44016843e-052
  4.12068503e-019 3.91408047e-061 2.48532346e-069 8.85712969e-052
  1.00000000e+000 3.48000680e-035 2.10294896e-053 6.18122550e-064
  1.52648718e-026 4.26276588e-048 1.00000000e+000]
 [9.58837302e-064 5.65536436e-033 8.63438266e-024 1.23653816e-013
  1.74504272e-039 6.08060730e-038 1.90716733e-037 2.53272250e-016
  7.87006762e-012 7.35850431e-027 3.17647756e-025 8.20604507e-023
  2.57068645e-036 1.38894997e-020 6.44497267e-025 1.64313796e-020
  3.48000680e-035 1.00000000e+000 1.88487327e-016 1.26772269e-019
  3.92627259e-029 5.78728363e-009 1.00000000e+000]
 [3.00687811e-061 2.48298502e-039 1.22751776e-056 1.57305128e-035
  6.02211295e-024 5.29289795e-036 9.69885731e-056 4.75070291e-049
  1.41085537e-031 1.41004285e-037 8.65950754e-056 1.22841909e-033
  2.74687146e-066 2.64324055e-034 2.69141163e-060 4.98214166e-058
  2.10294896e-053 1.88487327e-016 1.00000000e+000 9.20800777e-029
  1.34855981e-054 9.32757963e-019 1.00000000e+000]
 [9.35138354e-064 1.36513566e-033 4.04499021e-057 4.33111278e-027
  8.99777448e-045 5.56578199e-044 1.45315013e-040 1.46735130e-028
  6.06219208e-043 1.31580639e-035 2.42021317e-029 2.22335116e-012
  1.67156039e-055 8.14070501e-027 7.46399827e-033 5.51705406e-043
  6.18122550e-064 1.26772269e-019 9.20800777e-029 1.00000000e+000
  6.12391897e-088 4.54022800e-008 1.00000000e+000]
 [5.94953615e-092 6.68007631e-070 6.75745438e-043 6.63743771e-050
  1.07003506e-061 8.98209830e-053 3.55526042e-062 1.66973739e-045
  1.71614476e-019 4.32674692e-043 5.55124140e-067 6.19435352e-071
  8.15504852e-038 1.51914839e-068 5.80619232e-063 6.50194560e-048
  1.52648718e-026 3.92627259e-029 1.34855981e-054 6.12391897e-088
  1.00000000e+000 1.13291701e-058 1.00000000e+000]
 [1.20756768e-060 1.31222201e-045 3.08092602e-050 5.66942282e-014
  5.71627262e-036 7.30143814e-043 4.15384453e-047 1.48636113e-030
  1.81077995e-035 1.09251027e-030 1.61595442e-030 1.58670032e-015
  8.46135281e-043 3.30587640e-034 7.78566781e-042 3.15296471e-041
  4.26276588e-048 5.78728363e-009 9.32757963e-019 4.54022800e-008
  1.13291701e-058 1.00000000e+000 1.00000000e+000]
 [1.00000000e+000 1.00000000e+000 1.00000000e+000 1.00000000e+000
  1.00000000e+000 1.00000000e+000 1.00000000e+000 1.00000000e+000
  1.00000000e+000 1.00000000e+000 1.00000000e+000 1.00000000e+000
  1.00000000e+000 1.00000000e+000 1.00000000e+000 1.00000000e+000
  1.00000000e+000 1.00000000e+000 1.00000000e+000 1.00000000e+000
  1.00000000e+000 1.00000000e+000 0.00000000e+000]]
