[[1.00000000e+000 1.19102311e-024 8.13456840e-050 5.91589237e-020
  9.89232217e-041 2.09292867e-048 9.38775194e-060 4.82127363e-023
  1.46379796e-031 3.72502184e-016 4.76217977e-014 9.28191345e-043
  1.14078944e-059 3.96950907e-073 4.31594658e-066 2.73186676e-049
  3.05169862e-037 5.76370190e-041 6.68163280e-019 1.89983919e-009
  1.00000000e+000]
 [1.19102311e-024 1.00000000e+000 8.75076860e-060 2.22400606e-015
  5.10255789e-067 3.35066097e-064 4.87507980e-080 2.57635729e-033
  1.33298757e-021 2.55908035e-029 1.86661243e-036 2.12341991e-040
  6.60230082e-072 1.84410607e-077 7.57421840e-107 7.67140732e-047
  3.19434467e-027 2.48496202e-051 5.55964953e-016 3.54052437e-040
  1.00000000e+000]
 [8.13456840e-050 8.75076860e-060 1.00000000e+000 8.63844290e-059
  5.37071071e-013 5.05934995e-069 6.58127208e-046 1.18027036e-052
  3.69107475e-075 8.52633141e-027 1.10278004e-044 3.12635957e-065
  5.06139873e-063 6.96728970e-067 1.15479417e-064 7.22057624e-094
  1.30591849e-018 4.53837275e-039 1.04468208e-046 8.03547959e-076
  1.00000000e+000]
 [5.91589237e-020 2.22400606e-015 8.63844290e-059 1.00000000e+000
  4.36385888e-056 2.39084964e-076 1.40824262e-061 4.79928161e-019
  7.85383628e-025 1.52280151e-019 1.24924675e-017 6.37435458e-058
  4.79176501e-067 8.47933056e-062 3.16879772e-061 1.13919270e-058
  1.13872078e-029 9.03089829e-045 1.00464820e-021 1.44042898e-022
  1.00000000e+000]
 [9.89232217e-041 5.10255789e-067 5.37071071e-013 4.36385888e-056
  1.00000000e+000 1.12517668e-039 4.39033149e-027 3.32513955e-054
  8.40051570e-059 2.09492305e-036 4.22335368e-028 6.65227813e-044
  6.60670006e-040 2.81523531e-057 1.80403031e-038 1.82700662e-074
  2.35519545e-032 2.17111285e-015 1.05687811e-047 3.53669102e-057
  1.00000000e+000]
 [2.09292867e-048 3.35066097e-064 5.05934995e-069 2.39084964e-076
  1.12517668e-039 1.00000000e+000 1.86283319e-032 5.17615087e-063
  2.85790379e-056 4.27708438e-074 5.33110035e-038 9.70065588e-008
  1.60749173e-018 8.24052108e-061 1.75883205e-071 2.20710810e-023
  2.81138213e-056 4.61073983e-035 1.19819834e-036 1.93645898e-053
  1.00000000e+000]
 [9.38775194e-060 4.87507980e-080 6.58127208e-046 1.40824262e-061
  4.39033149e-027 1.86283319e-032 1.00000000e+000 2.39154176e-035
  9.38397586e-085 2.51206978e-054 4.76896601e-023 6.44745767e-040
  1.95588274e-014 5.00371346e-031 3.99146266e-018 6.81809717e-049
  2.21861477e-032 3.32614088e-045 2.76483597e-036 4.22161734e-054
  1.00000000e+000]
 [4.82127363e-023 2.57635729e-033 1.18027036e-052 4.79928161e-019
  3.32513955e-054 5.17615087e-063 2.39154176e-035 1.00000000e+000
  4.23011234e-060 3.64257563e-015 1.43932035e-013 3.25170160e-057
  8.33606207e-044 1.15166862e-039 2.77559950e-042 1.27327999e-043
  3.15942384e-019 8.17893205e-068 1.33007589e-009 1.34610519e-017
  1.00000000e+000]
 [1.46379796e-031 1.33298757e-021 3.69107475e-075 7.85383628e-025
  8.40051570e-059 2.85790379e-056 9.38397586e-085 4.23011234e-060
  1.00000000e+000 9.07548983e-046 2.55573767e-042 7.25036981e-044
  1.14667199e-062 4.54024183e-070 4.32664402e-093 1.86700119e-044
  4.37851106e-059 4.79977441e-024 3.55619540e-042 1.31507044e-039
  1.00000000e+000]
 [3.72502184e-016 2.55908035e-029 8.52633141e-027 1.52280151e-019
  2.09492305e-036 4.27708438e-074 2.51206978e-054 3.64257563e-015
  9.07548983e-046 1.00000000e+000 4.05131195e-023 5.24116006e-069
  2.90955117e-059 2.33674074e-048 2.74082425e-054 4.66187515e-062
  6.08313034e-019 4.14546093e-050 4.27184353e-021 1.92884658e-024
  1.00000000e+000]
 [4.76217977e-014 1.86661243e-036 1.10278004e-044 1.24924675e-017
  4.22335368e-028 5.33110035e-038 4.76896601e-023 1.43932035e-013
  2.55573767e-042 4.05131195e-023 1.00000000e+000 5.83568473e-034
  1.90333610e-035 2.25429223e-049 2.84110383e-028 6.28981970e-045
  3.85542779e-026 8.77227476e-033 2.81993919e-016 1.59219643e-013
  1.00000000e+000]
 [9.28191345e-043 2.12341991e-040 3.12635957e-065 6.37435458e-058
  6.65227813e-044 9.70065588e-008 6.44745767e-040 3.25170160e-057
  7.25036981e-044 5.24116006e-069 5.83568473e-034 1.00000000e+000
  1.00306115e-031 8.61506099e-074 9.16940791e-086 1.94824405e-028
  2.18057798e-043 6.48645613e-033 6.10453345e-027 4.88907673e-055
  1.00000000e+000]
 [1.14078944e-059 6.60230082e-072 5.06139873e-063 4.79176501e-067
  6.60670006e-040 1.60749173e-018 1.95588274e-014 8.33606207e-044
  1.14667199e-062 2.90955117e-059 1.90333610e-035 1.00306115e-031
  1.00000000e+000 1.18908815e-015 1.05970126e-035 1.92396885e-017
  4.76078551e-045 5.08190495e-042 9.73620560e-035 3.21899365e-049
  1.00000000e+000]
 [3.96950907e-073 1.84410607e-077 6.96728970e-067 8.47933056e-062
  2.81523531e-057 8.24052108e-061 5.00371346e-031 1.15166862e-039
  4.54024183e-070 2.33674074e-048 2.25429223e-049 8.61506099e-074
  1.18908815e-015 1.00000000e+000 8.26264470e-034 1.88673861e-033
  1.48465004e-046 5.63249276e-062 5.43614541e-045 2.03174230e-055
  1.00000000e+000]
 [4.31594658e-066 7.57421840e-107 1.15479417e-064 3.16879772e-061
  1.80403031e-038 1.75883205e-071 3.99146266e-018 2.77559950e-042
  4.32664402e-093 2.74082425e-054 2.84110383e-028 9.16940791e-086
  1.05970126e-035 8.26264470e-034 1.00000000e+000 2.67219855e-078
  1.42473019e-059 1.51582023e-055 2.17213842e-063 1.96997109e-048
  1.00000000e+000]
 [2.73186676e-049 7.67140732e-047 7.22057624e-094 1.13919270e-058
  1.82700662e-074 2.20710810e-023 6.81809717e-049 1.27327999e-043
  1.86700119e-044 4.66187515e-062 6.28981970e-045 1.94824405e-028
  1.92396885e-017 1.88673861e-033 2.67219855e-078 1.00000000e+000
  3.81106652e-056 5.83636191e-060 3.08504439e-025 5.60623339e-039
  1.00000000e+000]
 [3.05169862e-037 3.19434467e-027 1.30591849e-018 1.13872078e-029
  2.35519545e-032 2.81138213e-056 2.21861477e-032 3.15942384e-019
  4.37851106e-059 6.08313034e-019 3.85542779e-026 2.18057798e-043
  4.76078551e-045 1.48465004e-046 1.42473019e-059 3.81106652e-056
  1.00000000e+000 6.46842235e-049 1.71225335e-013 1.76374724e-051
  1.00000000e+000]
 [5.76370190e-041 2.48496202e-051 4.53837275e-039 9.03089829e-045
  2.17111285e-015 4.61073983e-035 3.32614088e-045 8.17893205e-068
  4.79977441e-024 4.14546093e-050 8.77227476e-033 6.48645613e-033
  5.08190495e-042 5.63249276e-062 1.51582023e-055 5.83636191e-060
  6.46842235e-049 1.00000000e+000 5.25031385e-052 1.29998379e-054
  1.00000000e+000]
 [6.68163280e-019 5.55964953e-016 1.04468208e-046 1.00464820e-021
  1.05687811e-047 1.19819834e-036 2.76483597e-036 1.33007589e-009
  3.55619540e-042 4.27184353e-021 2.81993919e-016 6.10453345e-027
  9.73620560e-035 5.43614541e-045 2.17213842e-063 3.08504439e-025
  1.71225335e-013 5.25031385e-052 1.00000000e+000 2.61186949e-023
  1.00000000e+000]
 [1.89983919e-009 3.54052437e-040 8.03547959e-076 1.44042898e-022
  3.53669102e-057 1.93645898e-053 4.22161734e-054 1.34610519e-017
  1.31507044e-039 1.92884658e-024 1.59219643e-013 4.88907673e-055
  3.21899365e-049 2.03174230e-055 1.96997109e-048 5.60623339e-039
  1.76374724e-051 1.29998379e-054 2.61186949e-023 1.00000000e+000
  1.00000000e+000]
 [1.00000000e+000 1.00000000e+000 1.00000000e+000 1.00000000e+000
  1.00000000e+000 1.00000000e+000 1.00000000e+000 1.00000000e+000
  1.00000000e+000 1.00000000e+000 1.00000000e+000 1.00000000e+000
  1.00000000e+000 1.00000000e+000 1.00000000e+000 1.00000000e+000
  1.00000000e+000 1.00000000e+000 1.00000000e+000 1.00000000e+000
  0.00000000e+000]]
