[[1.00000000e+00 3.96798522e-50 1.35072408e-41 1.02057455e-40
  5.65908756e-35 1.21552723e-51 1.40343673e-30 1.71968428e-33
  2.87631641e-58 3.28916888e-19 5.83042681e-53 4.11462028e-33
  2.77890240e-25 1.82673260e-60 2.19621806e-26 1.20434760e-19
  8.94247270e-21 3.24781863e-20 1.78163914e-47 1.86342890e-48
  1.00000000e+00]
 [3.96798522e-50 1.00000000e+00 3.11923378e-42 4.32303404e-44
  5.70366732e-57 3.55298795e-32 9.25210614e-40 8.36559635e-86
  8.67226684e-12 1.26511330e-50 5.70157108e-19 2.14262684e-34
  2.27644296e-31 2.32179647e-64 2.39745837e-41 5.11572127e-36
  2.56290189e-54 1.51082938e-57 2.58242198e-25 3.16145877e-68
  1.00000000e+00]
 [1.35072408e-41 3.11923378e-42 1.00000000e+00 3.92021318e-27
  5.16612717e-35 8.42141360e-26 1.24644795e-30 1.35931314e-23
  3.24974194e-36 2.35105950e-32 1.85646461e-32 4.56606982e-12
  4.52937143e-13 6.75326639e-21 7.88175438e-52 1.23330322e-36
  5.97361136e-47 5.08479493e-20 8.77740298e-37 1.31922199e-20
  1.00000000e+00]
 [1.02057455e-40 4.32303404e-44 3.92021318e-27 1.00000000e+00
  6.71170075e-54 1.59241765e-18 3.37575225e-08 3.90692005e-44
  1.05340837e-31 6.49400570e-28 4.43731717e-38 7.51034130e-33
  5.41422098e-05 4.32651091e-10 3.35295915e-19 6.09538635e-29
  2.17964681e-64 1.43560115e-21 2.46033445e-31 8.62755479e-21
  1.00000000e+00]
 [5.65908756e-35 5.70366732e-57 5.16612717e-35 6.71170075e-54
  1.00000000e+00 6.69973643e-58 4.28512830e-52 1.99711473e-67
  8.16501217e-40 7.77915293e-13 5.54725979e-22 5.36733265e-34
  2.97298332e-35 3.92549498e-44 2.46042980e-80 1.25435482e-68
  7.69755316e-20 4.44010287e-50 1.12433363e-56 5.83443510e-49
  1.00000000e+00]
 [1.21552723e-51 3.55298795e-32 8.42141360e-26 1.59241765e-18
  6.69973643e-58 1.00000000e+00 1.14981170e-34 3.73153168e-62
  8.47413050e-18 3.57037604e-30 1.52620797e-39 3.85499922e-23
  2.85724891e-15 2.63482306e-30 7.81346819e-38 4.23279919e-49
  2.89202925e-47 5.58725048e-23 8.00148380e-48 6.36145977e-25
  1.00000000e+00]
 [1.40343673e-30 9.25210614e-40 1.24644795e-30 3.37575225e-08
  4.28512830e-52 1.14981170e-34 1.00000000e+00 1.11782191e-42
  5.81573234e-40 1.13129457e-33 4.10975750e-39 4.94758121e-28
  2.62450789e-09 3.05480010e-21 4.41772310e-18 3.31863003e-17
  4.60966501e-67 1.29659713e-29 5.86411775e-33 5.90575558e-42
  1.00000000e+00]
 [1.71968428e-33 8.36559635e-86 1.35931314e-23 3.90692005e-44
  1.99711473e-67 3.73153168e-62 1.11782191e-42 1.00000000e+00
  3.43379839e-92 2.16312682e-52 4.74447955e-82 2.50010612e-43
  3.10702560e-29 4.40324123e-47 1.92388975e-44 2.66064683e-27
  1.13966333e-65 1.46782430e-15 2.44366609e-52 2.28990347e-29
  1.00000000e+00]
 [2.87631641e-58 8.67226684e-12 3.24974194e-36 1.05340837e-31
  8.16501217e-40 8.47413050e-18 5.81573234e-40 3.43379839e-92
  1.00000000e+00 2.82487591e-32 7.08207121e-10 5.27680019e-32
  2.93786991e-24 4.15172637e-40 1.04690305e-51 1.40156045e-56
  4.98154743e-46 9.87264120e-53 2.91118229e-32 1.72855912e-47
  1.00000000e+00]
 [3.28916888e-19 1.26511330e-50 2.35105950e-32 6.49400570e-28
  7.77915293e-13 3.57037604e-30 1.13129457e-33 2.16312682e-52
  2.82487591e-32 1.00000000e+00 2.25492340e-30 5.06579219e-28
  8.68299939e-18 7.38784367e-32 1.51503502e-44 8.56757186e-49
  7.47084088e-13 1.24700418e-22 4.07799525e-50 2.02510803e-27
  1.00000000e+00]
 [5.83042681e-53 5.70157108e-19 1.85646461e-32 4.43731717e-38
  5.54725979e-22 1.52620797e-39 4.10975750e-39 4.74447955e-82
  7.08207121e-10 2.25492340e-30 1.00000000e+00 1.45014278e-36
  4.78968230e-26 1.18336112e-36 2.06707346e-60 5.60145360e-54
  3.50050784e-45 2.10571803e-59 5.49068810e-23 1.93328051e-49
  1.00000000e+00]
 [4.11462028e-33 2.14262684e-34 4.56606982e-12 7.51034130e-33
  5.36733265e-34 3.85499922e-23 4.94758121e-28 2.50010612e-43
  5.27680019e-32 5.06579219e-28 1.45014278e-36 1.00000000e+00
  8.28886089e-19 2.52730861e-36 7.53007107e-53 2.62431326e-39
  2.07697815e-36 3.36841471e-26 2.52751662e-57 5.25223641e-44
  1.00000000e+00]
 [2.77890240e-25 2.27644296e-31 4.52937143e-13 5.41422098e-05
  2.97298332e-35 2.85724891e-15 2.62450789e-09 3.10702560e-29
  2.93786991e-24 8.68299939e-18 4.78968230e-26 8.28886089e-19
  1.00000000e+00 2.87595646e-12 6.71112605e-19 9.14878843e-20
  1.09703272e-41 2.98392548e-12 2.89693857e-22 3.95339721e-15
  1.00000000e+00]
 [1.82673260e-60 2.32179647e-64 6.75326639e-21 4.32651091e-10
  3.92549498e-44 2.63482306e-30 3.05480010e-21 4.40324123e-47
  4.15172637e-40 7.38784367e-32 1.18336112e-36 2.52730861e-36
  2.87595646e-12 1.00000000e+00 2.10054700e-50 2.28469366e-53
  1.20271374e-73 5.72504533e-33 2.45730598e-42 6.33086245e-18
  1.00000000e+00]
 [2.19621806e-26 2.39745837e-41 7.88175438e-52 3.35295915e-19
  2.46042980e-80 7.81346819e-38 4.41772310e-18 1.92388975e-44
  1.04690305e-51 1.51503502e-44 2.06707346e-60 7.53007107e-53
  6.71112605e-19 2.10054700e-50 1.00000000e+00 7.42364441e-10
  5.55756773e-66 1.09876632e-24 1.49912580e-28 2.30819021e-43
  1.00000000e+00]
 [1.20434760e-19 5.11572127e-36 1.23330322e-36 6.09538635e-29
  1.25435482e-68 4.23279919e-49 3.31863003e-17 2.66064683e-27
  1.40156045e-56 8.56757186e-49 5.60145360e-54 2.62431326e-39
  9.14878843e-20 2.28469366e-53 7.42364441e-10 1.00000000e+00
  1.74802353e-62 1.22924599e-25 7.87215041e-24 1.25458097e-49
  1.00000000e+00]
 [8.94247270e-21 2.56290189e-54 5.97361136e-47 2.17964681e-64
  7.69755316e-20 2.89202925e-47 4.60966501e-67 1.13966333e-65
  4.98154743e-46 7.47084088e-13 3.50050784e-45 2.07697815e-36
  1.09703272e-41 1.20271374e-73 5.55756773e-66 1.74802353e-62
  1.00000000e+00 7.79493210e-35 2.00812841e-68 7.71974219e-51
  1.00000000e+00]
 [3.24781863e-20 1.51082938e-57 5.08479493e-20 1.43560115e-21
  4.44010287e-50 5.58725048e-23 1.29659713e-29 1.46782430e-15
  9.87264120e-53 1.24700418e-22 2.10571803e-59 3.36841471e-26
  2.98392548e-12 5.72504533e-33 1.09876632e-24 1.22924599e-25
  7.79493210e-35 1.00000000e+00 1.23888321e-45 1.22277856e-13
  1.00000000e+00]
 [1.78163914e-47 2.58242198e-25 8.77740298e-37 2.46033445e-31
  1.12433363e-56 8.00148380e-48 5.86411775e-33 2.44366609e-52
  2.91118229e-32 4.07799525e-50 5.49068810e-23 2.52751662e-57
  2.89693857e-22 2.45730598e-42 1.49912580e-28 7.87215041e-24
  2.00812841e-68 1.23888321e-45 1.00000000e+00 5.60915050e-39
  1.00000000e+00]
 [1.86342890e-48 3.16145877e-68 1.31922199e-20 8.62755479e-21
  5.83443510e-49 6.36145977e-25 5.90575558e-42 2.28990347e-29
  1.72855912e-47 2.02510803e-27 1.93328051e-49 5.25223641e-44
  3.95339721e-15 6.33086245e-18 2.30819021e-43 1.25458097e-49
  7.71974219e-51 1.22277856e-13 5.60915050e-39 1.00000000e+00
  1.00000000e+00]
 [1.00000000e+00 1.00000000e+00 1.00000000e+00 1.00000000e+00
  1.00000000e+00 1.00000000e+00 1.00000000e+00 1.00000000e+00
  1.00000000e+00 1.00000000e+00 1.00000000e+00 1.00000000e+00
  1.00000000e+00 1.00000000e+00 1.00000000e+00 1.00000000e+00
  1.00000000e+00 1.00000000e+00 1.00000000e+00 1.00000000e+00
  0.00000000e+00]]
