[[1.00000000e+000 1.69536191e-023 1.98287980e-056 8.21597419e-018
  1.17615851e-012 8.38153596e-051 9.96098037e-044 1.78721383e-041
  1.61253977e-024 1.27206395e-023 4.78626651e-036 7.08017888e-026
  7.96273025e-040 1.80119804e-065 5.03463810e-033 1.09028132e-046
  3.28439424e-018 3.23488628e-022 3.56792257e-029 4.70159273e-019
  1.00000000e+000]
 [1.69536191e-023 1.00000000e+000 2.87127784e-084 5.99474395e-024
  1.71441184e-036 1.22352107e-080 1.39193825e-044 1.72446072e-074
  9.00146289e-053 5.89251462e-019 3.78190982e-064 1.07090006e-014
  9.95255812e-018 1.49505586e-065 1.60379670e-025 1.89809382e-048
  3.74771221e-036 3.01542122e-020 1.20923684e-043 2.60745317e-021
  1.00000000e+000]
 [1.98287980e-056 2.87127784e-084 1.00000000e+000 8.83870691e-081
  3.73668349e-021 7.22679381e-050 2.51019681e-014 1.06844392e-005
  3.88196194e-012 6.57121008e-039 1.30424859e-052 3.90536202e-063
  7.36941695e-058 1.52999861e-121 1.29091510e-062 9.30141002e-038
  1.04704178e-037 2.05154496e-054 2.63975673e-086 1.75261139e-073
  1.00000000e+000]
 [8.21597419e-018 5.99474395e-024 8.83870691e-081 1.00000000e+000
  6.79506584e-026 5.24058340e-049 1.09419129e-044 5.60542556e-062
  1.09963221e-049 8.28448964e-033 6.52476796e-041 2.48516622e-028
  3.18577220e-037 1.51170441e-047 8.52219349e-031 6.38514609e-045
  2.17299041e-013 5.45397740e-016 3.51830343e-035 2.34863635e-012
  1.00000000e+000]
 [1.17615851e-012 1.71441184e-036 3.73668349e-021 6.79506584e-026
  1.00000000e+000 5.84692354e-028 2.06847032e-017 4.65732591e-014
  8.54410447e-012 4.16835691e-021 7.31120169e-019 1.95715791e-025
  4.08390300e-039 5.34447728e-069 2.54263309e-033 1.12653734e-023
  2.38402702e-007 2.72880603e-025 1.67879054e-041 6.66687868e-027
  1.00000000e+000]
 [8.38153596e-051 1.22352107e-080 7.22679381e-050 5.24058340e-049
  5.84692354e-028 1.00000000e+000 7.80978416e-045 7.54850707e-028
  1.51851376e-049 1.15763781e-052 1.73294283e-011 8.44689961e-063
  4.50585114e-086 4.93014174e-037 1.57590921e-046 2.77730304e-028
  2.23092663e-020 2.48795368e-059 2.14540446e-050 1.92066187e-034
  1.00000000e+000]
 [9.96098037e-044 1.39193825e-044 2.51019681e-014 1.09419129e-044
  2.06847032e-017 7.80978416e-045 1.00000000e+000 1.51537227e-015
  4.81170291e-016 6.98078025e-017 5.70722502e-049 4.22077908e-035
  8.67541253e-022 2.51361603e-084 2.94100248e-032 2.71773375e-022
  3.32090632e-021 2.03183100e-022 2.61763230e-063 3.55704146e-041
  1.00000000e+000]
 [1.78721383e-041 1.72446072e-074 1.06844392e-005 5.60542556e-062
  4.65732591e-014 7.54850707e-028 1.51537227e-015 1.00000000e+000
  7.88994213e-009 5.67683214e-031 1.46729170e-035 1.80208379e-057
  4.11997862e-055 6.54221833e-086 1.13219470e-045 5.23793557e-029
  9.62606396e-025 5.24630966e-043 1.21816206e-061 1.52181040e-050
  1.00000000e+000]
 [1.61253977e-024 9.00146289e-053 3.88196194e-012 1.09963221e-049
  8.54410447e-012 1.51851376e-049 4.81170291e-016 7.88994213e-009
  1.00000000e+000 6.40961078e-018 2.68819380e-051 6.16570057e-043
  3.47212158e-034 2.62586055e-097 1.49502787e-041 2.60651526e-041
  7.75822558e-025 1.20924112e-025 6.65598049e-049 2.19244098e-042
  1.00000000e+000]
 [1.27206395e-023 5.89251462e-019 6.57121008e-039 8.28448964e-033
  4.16835691e-021 1.15763781e-052 6.98078025e-017 5.67683214e-031
  6.40961078e-018 1.00000000e+000 3.11753446e-057 1.62311628e-016
  2.73565734e-008 1.18884760e-068 9.80588123e-024 4.20922774e-040
  2.58306381e-022 1.41776078e-008 3.22940702e-025 6.89565535e-017
  1.00000000e+000]
 [4.78626651e-036 3.78190982e-064 1.30424859e-052 6.52476796e-041
  7.31120169e-019 1.73294283e-011 5.70722502e-049 1.46729170e-035
  2.68819380e-051 3.11753446e-057 1.00000000e+000 1.27782903e-051
  4.96747367e-088 7.57673119e-046 9.51103196e-047 9.66290095e-023
  3.07428185e-019 5.71292811e-064 4.89548267e-062 4.86223056e-039
  1.00000000e+000]
 [7.08017888e-026 1.07090006e-014 3.90536202e-063 2.48516622e-028
  1.95715791e-025 8.44689961e-063 4.22077908e-035 1.80208379e-057
  6.16570057e-043 1.62311628e-016 1.27782903e-051 1.00000000e+000
  1.77800932e-023 7.15755739e-087 2.83193683e-049 7.72082496e-056
  9.19135452e-022 2.92152975e-023 8.59762523e-029 3.42700361e-022
  1.00000000e+000]
 [7.96273025e-040 9.95255812e-018 7.36941695e-058 3.18577220e-037
  4.08390300e-039 4.50585114e-086 8.67541253e-022 4.11997862e-055
  3.47212158e-034 2.73565734e-008 4.96747367e-088 1.77800932e-023
  1.00000000e+000 8.81288896e-090 1.71890570e-030 2.30582461e-053
  8.59773491e-038 1.44515995e-008 1.62967378e-047 1.78273839e-030
  1.00000000e+000]
 [1.80119804e-065 1.49505586e-065 1.52999861e-121 1.51170441e-047
  5.34447728e-069 4.93014174e-037 2.51361603e-084 6.54221833e-086
  2.62586055e-097 1.18884760e-068 7.57673119e-046 7.15755739e-087
  8.81288896e-090 1.00000000e+000 9.34883267e-026 7.28708319e-041
  8.79874737e-054 2.03940608e-065 2.54057122e-066 2.81317460e-031
  1.00000000e+000]
 [5.03463810e-033 1.60379670e-025 1.29091510e-062 8.52219349e-031
  2.54263309e-033 1.57590921e-046 2.94100248e-032 1.13219470e-045
  1.49502787e-041 9.80588123e-024 9.51103196e-047 2.83193683e-049
  1.71890570e-030 9.34883267e-026 1.00000000e+000 4.71937261e-017
  5.94951976e-034 4.37865664e-024 1.16119201e-056 4.57151286e-022
  1.00000000e+000]
 [1.09028132e-046 1.89809382e-048 9.30141002e-038 6.38514609e-045
  1.12653734e-023 2.77730304e-028 2.71773375e-022 5.23793557e-029
  2.60651526e-041 4.20922774e-040 9.66290095e-023 7.72082496e-056
  2.30582461e-053 7.28708319e-041 4.71937261e-017 1.00000000e+000
  1.41961297e-028 1.56776705e-046 2.18293988e-083 8.23672334e-043
  1.00000000e+000]
 [3.28439424e-018 3.74771221e-036 1.04704178e-037 2.17299041e-013
  2.38402702e-007 2.23092663e-020 3.32090632e-021 9.62606396e-025
  7.75822558e-025 2.58306381e-022 3.07428185e-019 9.19135452e-022
  8.59773491e-038 8.79874737e-054 5.94951976e-034 1.41961297e-028
  1.00000000e+000 8.09263412e-019 5.54783068e-029 7.82009715e-015
  1.00000000e+000]
 [3.23488628e-022 3.01542122e-020 2.05154496e-054 5.45397740e-016
  2.72880603e-025 2.48795368e-059 2.03183100e-022 5.24630966e-043
  1.20924112e-025 1.41776078e-008 5.71292811e-064 2.92152975e-023
  1.44515995e-008 2.03940608e-065 4.37865664e-024 1.56776705e-046
  8.09263412e-019 1.00000000e+000 4.94003540e-028 8.04127225e-014
  1.00000000e+000]
 [3.56792257e-029 1.20923684e-043 2.63975673e-086 3.51830343e-035
  1.67879054e-041 2.14540446e-050 2.61763230e-063 1.21816206e-061
  6.65598049e-049 3.22940702e-025 4.89548267e-062 8.59762523e-029
  1.62967378e-047 2.54057122e-066 1.16119201e-056 2.18293988e-083
  5.54783068e-029 4.94003540e-028 1.00000000e+000 4.05857057e-012
  1.00000000e+000]
 [4.70159273e-019 2.60745317e-021 1.75261139e-073 2.34863635e-012
  6.66687868e-027 1.92066187e-034 3.55704146e-041 1.52181040e-050
  2.19244098e-042 6.89565535e-017 4.86223056e-039 3.42700361e-022
  1.78273839e-030 2.81317460e-031 4.57151286e-022 8.23672334e-043
  7.82009715e-015 8.04127225e-014 4.05857057e-012 1.00000000e+000
  1.00000000e+000]
 [1.00000000e+000 1.00000000e+000 1.00000000e+000 1.00000000e+000
  1.00000000e+000 1.00000000e+000 1.00000000e+000 1.00000000e+000
  1.00000000e+000 1.00000000e+000 1.00000000e+000 1.00000000e+000
  1.00000000e+000 1.00000000e+000 1.00000000e+000 1.00000000e+000
  1.00000000e+000 1.00000000e+000 1.00000000e+000 1.00000000e+000
  0.00000000e+000]]
