[[1.00000000e+00 8.05425865e-29 3.75952375e-53 ... 1.59484659e-67
  1.83851270e-66 1.00000000e+00]
 [8.05425865e-29 1.00000000e+00 2.11531292e-43 ... 3.38534739e-44
  2.72058858e-40 1.00000000e+00]
 [3.75952375e-53 2.11531292e-43 1.00000000e+00 ... 2.29220949e-36
  1.32126025e-54 1.00000000e+00]
 ...
 [1.59484659e-67 3.38534739e-44 2.29220949e-36 ... 1.00000000e+00
  2.01745357e-34 1.00000000e+00]
 [1.83851270e-66 2.72058858e-40 1.32126025e-54 ... 2.01745357e-34
  1.00000000e+00 1.00000000e+00]
 [1.00000000e+00 1.00000000e+00 1.00000000e+00 ... 1.00000000e+00
  1.00000000e+00 0.00000000e+00]]
