[[1.00000000e+000 5.87286630e-031 5.58748230e-025 3.49591110e-024
  9.39274371e-064 2.27275008e-051 1.70688205e-014 5.91768080e-040
  6.44789646e-019 1.49018313e-030 3.92733610e-031 1.35261521e-038
  2.02222708e-010 4.46123957e-023 1.84104125e-046 6.38754708e-017
  4.11607840e-031 1.25689272e-034 1.49006116e-032 6.06778413e-050
  1.00000000e+000]
 [5.87286630e-031 1.00000000e+000 1.18290539e-047 3.54641149e-062
  1.12056801e-048 6.03741146e-014 1.80073891e-017 2.80703468e-056
  4.39654172e-032 5.81378251e-020 2.45587825e-026 3.71626884e-029
  2.85578271e-024 3.82598627e-032 7.75136491e-011 8.38689463e-058
  1.44681685e-038 1.26639959e-045 6.79287828e-035 7.46372464e-010
  1.00000000e+000]
 [5.58748230e-025 1.18290539e-047 1.00000000e+000 1.25314640e-055
  1.77704972e-023 1.65894059e-070 6.27768019e-047 9.46430060e-067
  3.93772810e-018 1.19737323e-045 8.71292467e-051 2.05151733e-051
  2.38031889e-042 1.32325036e-046 8.53685215e-054 5.85302082e-059
  1.20035118e-050 6.11031310e-040 8.73091758e-017 1.04570524e-053
  1.00000000e+000]
 [3.49591110e-024 3.54641149e-062 1.25314640e-055 1.00000000e+000
  2.83724084e-104 1.15084368e-074 2.66474113e-044 7.19453370e-013
  1.00522904e-071 7.26458942e-049 1.31978739e-020 5.56912521e-055
  2.09119659e-020 3.42481798e-070 1.86243147e-085 9.66275711e-038
  5.14936265e-019 7.50173472e-054 1.41244398e-071 7.22375761e-067
  1.00000000e+000]
 [9.39274371e-064 1.12056801e-048 1.77704972e-023 2.83724084e-104
  1.00000000e+000 7.75801682e-079 6.56402559e-086 3.34339736e-099
  4.00364401e-047 1.33023163e-078 4.29458256e-065 1.16460846e-052
  3.80455960e-076 7.02885194e-073 2.27404810e-039 2.61669317e-089
  6.84272259e-075 2.32902485e-054 5.88239659e-011 1.65011559e-039
  1.00000000e+000]
 [2.27275008e-051 6.03741146e-014 1.65894059e-070 1.15084368e-074
  7.75801682e-079 1.00000000e+000 4.40214899e-025 1.48042659e-051
  5.98226320e-051 1.44935727e-019 1.48604863e-047 1.60990672e-075
  1.58029067e-050 1.84904045e-032 7.84653727e-045 1.68447006e-078
  7.89777568e-068 2.92750282e-054 4.52977149e-064 1.72966927e-015
  1.00000000e+000]
 [1.70688205e-014 1.80073891e-017 6.27768019e-047 2.66474113e-044
  6.56402559e-086 4.40214899e-025 1.00000000e+000 2.04899137e-051
  7.74364278e-023 8.21736784e-014 1.16520641e-038 4.94402784e-049
  3.48099341e-015 8.91300154e-023 3.61074065e-040 1.75218706e-045
  2.40411161e-043 4.28568458e-054 5.12640765e-057 2.09284915e-041
  1.00000000e+000]
 [5.91768080e-040 2.80703468e-056 9.46430060e-067 7.19453370e-013
  3.34339736e-099 1.48042659e-051 2.04899137e-051 1.00000000e+000
  1.78155029e-087 8.65641136e-053 8.39597224e-027 3.59122784e-074
  2.73905113e-038 2.27870984e-068 3.70535312e-087 2.50455917e-047
  4.95094139e-037 5.01354207e-058 1.91194848e-076 2.20126949e-045
  1.00000000e+000]
 [6.44789646e-019 4.39654172e-032 3.93772810e-018 1.00522904e-071
  4.00364401e-047 5.98226320e-051 7.74364278e-023 1.78155029e-087
  1.00000000e+000 9.17438609e-027 1.44427563e-060 2.82162304e-056
  4.70186643e-037 1.19623784e-018 1.00614944e-045 1.44746215e-052
  5.38996444e-062 8.24821057e-035 6.92082553e-025 5.14389867e-056
  1.00000000e+000]
 [1.49018313e-030 5.81378251e-020 1.19737323e-045 7.26458942e-049
  1.33023163e-078 1.44935727e-019 8.21736784e-014 8.65641136e-053
  9.17438609e-027 1.00000000e+000 3.88860351e-032 1.96556678e-055
  5.45623701e-028 2.65457137e-032 5.46307492e-048 1.43670771e-072
  5.82196353e-038 2.77963613e-037 1.15205855e-054 1.44573674e-035
  1.00000000e+000]
 [3.92733610e-031 2.45587825e-026 8.71292467e-051 1.31978739e-020
  4.29458256e-065 1.48604863e-047 1.16520641e-038 8.39597224e-027
  1.44427563e-060 3.88860351e-032 1.00000000e+000 3.44952856e-018
  4.61062700e-014 1.25347531e-067 7.21280325e-035 1.29882642e-053
  5.44700766e-004 4.43257243e-043 8.62919534e-046 1.07234878e-027
  1.00000000e+000]
 [1.35261521e-038 3.71626884e-029 2.05151733e-051 5.56912521e-055
  1.16460846e-052 1.60990672e-075 4.94402784e-049 3.59122784e-074
  2.82162304e-056 1.96556678e-055 3.44952856e-018 1.00000000e+000
  1.45035033e-018 1.10563063e-083 8.35189625e-015 8.41820865e-067
  3.21486580e-016 8.12575107e-069 7.85053761e-040 5.16641122e-042
  1.00000000e+000]
 [2.02222708e-010 2.85578271e-024 2.38031889e-042 2.09119659e-020
  3.80455960e-076 1.58029067e-050 3.48099341e-015 2.73905113e-038
  4.70186643e-037 5.45623701e-028 4.61062700e-014 1.45035033e-018
  1.00000000e+000 1.48378955e-047 7.91955358e-033 3.17785311e-035
  3.55322880e-012 3.23940549e-052 5.03419334e-048 1.64212778e-043
  1.00000000e+000]
 [4.46123957e-023 3.82598627e-032 1.32325036e-046 3.42481798e-070
  7.02885194e-073 1.84904045e-032 8.91300154e-023 2.27870984e-068
  1.19623784e-018 2.65457137e-032 1.25347531e-067 1.10563063e-083
  1.48378955e-047 1.00000000e+000 1.39354571e-062 1.03848208e-031
  5.05201069e-080 1.81391166e-027 6.80420870e-039 3.19359318e-049
  1.00000000e+000]
 [1.84104125e-046 7.75136491e-011 8.53685215e-054 1.86243147e-085
  2.27404810e-039 7.84653727e-045 3.61074065e-040 3.70535312e-087
  1.00614944e-045 5.46307492e-048 7.21280325e-035 8.35189625e-015
  7.91955358e-033 1.39354571e-062 1.00000000e+000 3.96192865e-076
  3.09524549e-043 2.47939307e-070 1.22757212e-034 3.31344414e-021
  1.00000000e+000]
 [6.38754708e-017 8.38689463e-058 5.85302082e-059 9.66275711e-038
  2.61669317e-089 1.68447006e-078 1.75218706e-045 2.50455917e-047
  1.44746215e-052 1.43670771e-072 1.29882642e-053 8.41820865e-067
  3.17785311e-035 1.03848208e-031 3.96192865e-076 1.00000000e+000
  4.24331833e-059 2.32707127e-041 9.05731054e-047 7.84969107e-071
  1.00000000e+000]
 [4.11607840e-031 1.44681685e-038 1.20035118e-050 5.14936265e-019
  6.84272259e-075 7.89777568e-068 2.40411161e-043 4.95094139e-037
  5.38996444e-062 5.82196353e-038 5.44700766e-004 3.21486580e-016
  3.55322880e-012 5.05201069e-080 3.09524549e-043 4.24331833e-059
  1.00000000e+000 1.28297395e-051 1.07973815e-052 2.35248049e-046
  1.00000000e+000]
 [1.25689272e-034 1.26639959e-045 6.11031310e-040 7.50173472e-054
  2.32902485e-054 2.92750282e-054 4.28568458e-054 5.01354207e-058
  8.24821057e-035 2.77963613e-037 4.43257243e-043 8.12575107e-069
  3.23940549e-052 1.81391166e-027 2.47939307e-070 2.32707127e-041
  1.28297395e-051 1.00000000e+000 3.09851380e-023 1.57678228e-048
  1.00000000e+000]
 [1.49006116e-032 6.79287828e-035 8.73091758e-017 1.41244398e-071
  5.88239659e-011 4.52977149e-064 5.12640765e-057 1.91194848e-076
  6.92082553e-025 1.15205855e-054 8.62919534e-046 7.85053761e-040
  5.03419334e-048 6.80420870e-039 1.22757212e-034 9.05731054e-047
  1.07973815e-052 3.09851380e-023 1.00000000e+000 1.21803947e-036
  1.00000000e+000]
 [6.06778413e-050 7.46372464e-010 1.04570524e-053 7.22375761e-067
  1.65011559e-039 1.72966927e-015 2.09284915e-041 2.20126949e-045
  5.14389867e-056 1.44573674e-035 1.07234878e-027 5.16641122e-042
  1.64212778e-043 3.19359318e-049 3.31344414e-021 7.84969107e-071
  2.35248049e-046 1.57678228e-048 1.21803947e-036 1.00000000e+000
  1.00000000e+000]
 [1.00000000e+000 1.00000000e+000 1.00000000e+000 1.00000000e+000
  1.00000000e+000 1.00000000e+000 1.00000000e+000 1.00000000e+000
  1.00000000e+000 1.00000000e+000 1.00000000e+000 1.00000000e+000
  1.00000000e+000 1.00000000e+000 1.00000000e+000 1.00000000e+000
  1.00000000e+000 1.00000000e+000 1.00000000e+000 1.00000000e+000
  0.00000000e+000]]
