[[1.00000000e+00 1.31759747e-51 2.42765500e-31 ... 2.62085909e-40
  1.19288384e-29 1.00000000e+00]
 [1.31759747e-51 1.00000000e+00 3.81625820e-96 ... 5.44257511e-51
  4.66428475e-73 1.00000000e+00]
 [2.42765500e-31 3.81625820e-96 1.00000000e+00 ... 2.15323733e-35
  1.16551545e-40 1.00000000e+00]
 ...
 [2.62085909e-40 5.44257511e-51 2.15323733e-35 ... 1.00000000e+00
  5.23589909e-24 1.00000000e+00]
 [1.19288384e-29 4.66428475e-73 1.16551545e-40 ... 5.23589909e-24
  1.00000000e+00 1.00000000e+00]
 [1.00000000e+00 1.00000000e+00 1.00000000e+00 ... 1.00000000e+00
  1.00000000e+00 0.00000000e+00]]
