[[1.00000000e+000 8.69477745e-046 1.91920803e-039 1.79761453e-032
  6.41142488e-063 5.84405279e-055 5.07779645e-036 4.08996621e-041
  1.23618280e-060 1.70065836e-040 1.16981439e-043 9.15036056e-038
  8.28407475e-068 4.38399439e-049 2.45382611e-077 1.89406224e-084
  2.74192246e-060 2.28587943e-043 4.85445380e-030 5.92753231e-019
  1.00000000e+000]
 [8.69477745e-046 1.00000000e+000 1.69811904e-045 1.20019838e-043
  9.62001580e-049 6.57981372e-046 8.57253511e-055 1.40027361e-039
  6.03543243e-038 1.42617123e-073 2.60579918e-035 1.11731780e-025
  1.16787619e-041 3.28048196e-052 5.05778603e-042 9.04188763e-056
  1.19439804e-064 3.64290228e-050 3.96036917e-018 5.88570169e-031
  1.00000000e+000]
 [1.91920803e-039 1.69811904e-045 1.00000000e+000 2.38751490e-037
  8.94417365e-080 2.43509195e-063 1.78124870e-077 4.08996687e-050
  9.20959122e-049 1.32316655e-048 7.56405074e-028 1.36973412e-064
  4.38877444e-024 2.37056589e-043 3.39101167e-067 9.25984946e-054
  9.75141601e-056 8.52145299e-026 8.30620924e-023 1.15423465e-067
  1.00000000e+000]
 [1.79761453e-032 1.20019838e-043 2.38751490e-037 1.00000000e+000
  3.77772785e-034 1.43025900e-054 3.08483641e-027 2.24469178e-014
  1.20594887e-012 1.60485213e-055 4.29096320e-020 2.11303064e-045
  3.26278439e-055 9.80036049e-013 1.22775854e-067 1.74535876e-042
  1.50948935e-030 6.07348024e-011 1.26354960e-015 1.12345052e-022
  1.00000000e+000]
 [6.41142488e-063 9.62001580e-049 8.94417365e-080 3.77772785e-034
  1.00000000e+000 8.72736322e-023 6.17044867e-015 9.29777400e-022
  3.93061188e-026 3.78391054e-037 2.79060430e-043 9.00047690e-015
  1.82695492e-083 4.94606436e-033 1.27207135e-031 1.81913140e-018
  1.11919477e-013 3.47121664e-057 1.47364669e-050 6.99859795e-047
  1.00000000e+000]
 [5.84405279e-055 6.57981372e-046 2.43509195e-063 1.43025900e-054
  8.72736322e-023 1.00000000e+000 8.36265034e-030 4.08668232e-021
  4.95022882e-063 2.25766275e-028 1.02679408e-028 1.07398000e-020
  2.92145380e-096 3.84720279e-069 1.83352548e-043 3.71952595e-021
  2.95833477e-027 9.04651462e-054 3.24304203e-043 2.25910881e-060
  1.00000000e+000]
 [5.07779645e-036 8.57253511e-055 1.78124870e-077 3.08483641e-027
  6.17044867e-015 8.36265034e-030 1.00000000e+000 1.34552056e-017
  2.12859466e-040 3.69665625e-044 1.59966075e-046 3.72923614e-022
  1.14380121e-103 1.05391233e-044 1.73457740e-068 6.83019868e-045
  1.72439852e-033 1.10583338e-048 6.50254725e-046 2.86677333e-029
  1.00000000e+000]
 [4.08996621e-041 1.40027361e-039 4.08996687e-050 2.24469178e-014
  9.29777400e-022 4.08668232e-021 1.34552056e-017 1.00000000e+000
  9.17744983e-030 3.51453620e-049 1.69077268e-010 4.31604123e-034
  2.43470818e-084 1.83825834e-037 1.55651999e-064 1.29238953e-025
  7.11390816e-026 3.01437446e-015 5.83562208e-017 6.87131968e-030
  1.00000000e+000]
 [1.23618280e-060 6.03543243e-038 9.20959122e-049 1.20594887e-012
  3.93061188e-026 4.95022882e-063 2.12859466e-040 9.17744983e-030
  1.00000000e+000 1.99497080e-063 2.90883563e-035 4.79162664e-040
  6.15108147e-038 1.16672962e-006 2.49219282e-042 9.60974331e-033
  1.22929655e-027 5.46794420e-032 4.98225640e-029 1.19898601e-039
  1.00000000e+000]
 [1.70065836e-040 1.42617123e-073 1.32316655e-048 1.60485213e-055
  3.78391054e-037 2.25766275e-028 3.69665625e-044 3.51453620e-049
  1.99497080e-063 1.00000000e+000 1.23233516e-049 9.83617766e-029
  4.17631660e-068 3.53066891e-047 5.32247612e-034 4.90482833e-037
  1.25874540e-018 1.08475586e-066 5.18996677e-062 5.12616088e-071
  1.00000000e+000]
 [1.16981439e-043 2.60579918e-035 7.56405074e-028 4.29096320e-020
  2.79060430e-043 1.02679408e-028 1.59966075e-046 1.69077268e-010
  2.90883563e-035 1.23233516e-049 1.00000000e+000 2.07701103e-047
  8.25068677e-061 5.05947869e-039 4.02351005e-060 1.02676155e-027
  2.11146126e-031 1.48942908e-008 4.11587494e-008 1.92069023e-041
  1.00000000e+000]
 [9.15036056e-038 1.11731780e-025 1.36973412e-064 2.11303064e-045
  9.00047690e-015 1.07398000e-020 3.72923614e-022 4.31604123e-034
  4.79162664e-040 9.83617766e-029 2.07701103e-047 1.00000000e+000
  1.87640359e-063 1.36107822e-043 7.48594571e-021 5.36065197e-037
  5.19805808e-030 8.20042494e-068 4.47897618e-043 5.96359663e-034
  1.00000000e+000]
 [8.28407475e-068 1.16787619e-041 4.38877444e-024 3.26278439e-055
  1.82695492e-083 2.92145380e-096 1.14380121e-103 2.43470818e-084
  6.15108147e-038 4.17631660e-068 8.25068677e-061 1.87640359e-063
  1.00000000e+000 4.82611367e-034 2.62875591e-041 1.21220709e-067
  1.54521917e-065 1.01778536e-063 4.91050635e-045 6.48254241e-079
  1.00000000e+000]
 [4.38399439e-049 3.28048196e-052 2.37056589e-043 9.80036049e-013
  4.94606436e-033 3.84720279e-069 1.05391233e-044 1.83825834e-037
  1.16672962e-006 3.53066891e-047 5.05947869e-039 1.36107822e-043
  4.82611367e-034 1.00000000e+000 3.33563565e-041 1.70135220e-040
  3.96026960e-022 1.91408066e-034 7.40203590e-035 1.73092249e-040
  1.00000000e+000]
 [2.45382611e-077 5.05778603e-042 3.39101167e-067 1.22775854e-067
  1.27207135e-031 1.83352548e-043 1.73457740e-068 1.55651999e-064
  2.49219282e-042 5.32247612e-034 4.02351005e-060 7.48594571e-021
  2.62875591e-041 3.33563565e-041 1.00000000e+000 5.75346589e-033
  7.17412490e-028 1.56760134e-088 9.67841007e-063 2.15291095e-074
  1.00000000e+000]
 [1.89406224e-084 9.04188763e-056 9.25984946e-054 1.74535876e-042
  1.81913140e-018 3.71952595e-021 6.83019868e-045 1.29238953e-025
  9.60974331e-033 4.90482833e-037 1.02676155e-027 5.36065197e-037
  1.21220709e-067 1.70135220e-040 5.75346589e-033 1.00000000e+000
  6.20110947e-012 1.11672883e-043 6.98931073e-046 4.32917545e-082
  1.00000000e+000]
 [2.74192246e-060 1.19439804e-064 9.75141601e-056 1.50948935e-030
  1.11919477e-013 2.95833477e-027 1.72439852e-033 7.11390816e-026
  1.22929655e-027 1.25874540e-018 2.11146126e-031 5.19805808e-030
  1.54521917e-065 3.96026960e-022 7.17412490e-028 6.20110947e-012
  1.00000000e+000 7.24109564e-044 1.31367026e-047 2.62596454e-061
  1.00000000e+000]
 [2.28587943e-043 3.64290228e-050 8.52145299e-026 6.07348024e-011
  3.47121664e-057 9.04651462e-054 1.10583338e-048 3.01437446e-015
  5.46794420e-032 1.08475586e-066 1.48942908e-008 8.20042494e-068
  1.01778536e-063 1.91408066e-034 1.56760134e-088 1.11672883e-043
  7.24109564e-044 1.00000000e+000 1.83274254e-010 1.10514384e-042
  1.00000000e+000]
 [4.85445380e-030 3.96036917e-018 8.30620924e-023 1.26354960e-015
  1.47364669e-050 3.24304203e-043 6.50254725e-046 5.83562208e-017
  4.98225640e-029 5.18996677e-062 4.11587494e-008 4.47897618e-043
  4.91050635e-045 7.40203590e-035 9.67841007e-063 6.98931073e-046
  1.31367026e-047 1.83274254e-010 1.00000000e+000 5.67324563e-024
  1.00000000e+000]
 [5.92753231e-019 5.88570169e-031 1.15423465e-067 1.12345052e-022
  6.99859795e-047 2.25910881e-060 2.86677333e-029 6.87131968e-030
  1.19898601e-039 5.12616088e-071 1.92069023e-041 5.96359663e-034
  6.48254241e-079 1.73092249e-040 2.15291095e-074 4.32917545e-082
  2.62596454e-061 1.10514384e-042 5.67324563e-024 1.00000000e+000
  1.00000000e+000]
 [1.00000000e+000 1.00000000e+000 1.00000000e+000 1.00000000e+000
  1.00000000e+000 1.00000000e+000 1.00000000e+000 1.00000000e+000
  1.00000000e+000 1.00000000e+000 1.00000000e+000 1.00000000e+000
  1.00000000e+000 1.00000000e+000 1.00000000e+000 1.00000000e+000
  1.00000000e+000 1.00000000e+000 1.00000000e+000 1.00000000e+000
  0.00000000e+000]]
