[[1.00000000e+00 8.03557318e-05 5.56762463e-05 ... 1.81216934e-04
  1.05465928e-03 2.92930494e-04]
 [8.03557318e-05 1.00000000e+00 1.68291369e-05 ... 6.08884817e-04
  3.14118428e-04 3.07295391e-04]
 [5.56762463e-05 1.68291369e-05 1.00000000e+00 ... 7.62211084e-07
  1.18675805e-03 6.26001772e-05]
 ...
 [1.81216934e-04 6.08884817e-04 7.62211084e-07 ... 1.00000000e+00
  5.51584721e-06 8.50369805e-04]
 [1.05465928e-03 3.14118428e-04 1.18675805e-03 ... 5.51584721e-06
  1.00000000e+00 1.16347035e-05]
 [2.92930494e-04 3.07295391e-04 6.26001772e-05 ... 8.50369805e-04
  1.16347035e-05 1.00000000e+00]]
