[[1.00000000e+00 1.51569374e-25 2.89863738e-15 ... 8.73558930e-54
  2.26591924e-28 1.00000000e+00]
 [1.51569374e-25 1.00000000e+00 5.18627893e-38 ... 2.57976398e-37
  1.40763436e-32 1.00000000e+00]
 [2.89863738e-15 5.18627893e-38 1.00000000e+00 ... 1.31839139e-92
  5.49054757e-32 1.00000000e+00]
 ...
 [8.73558930e-54 2.57976398e-37 1.31839139e-92 ... 1.00000000e+00
  1.02624575e-43 1.00000000e+00]
 [2.26591924e-28 1.40763436e-32 5.49054757e-32 ... 1.02624575e-43
  1.00000000e+00 1.00000000e+00]
 [1.00000000e+00 1.00000000e+00 1.00000000e+00 ... 1.00000000e+00
  1.00000000e+00 0.00000000e+00]]
