[[-0.482299   -1.36483937 -2.0546983  -2.14050142 -4.35799545 -0.70839716
  -2.86284812 -2.1133781   3.07435239 -3.21494396]
 [-3.83944158 -4.64088505 -2.6059496   0.29235665 -2.91270721  2.40537585
  -4.52254178 -1.61579866 -3.74254397  3.09601056]
 [-3.17396329  4.5523484   4.23932863  3.91670558 -0.43412768  4.13720688
  -2.30187027 -0.1520451   1.58850414  3.88738736]
 [-0.16348346  4.04824299  2.60173445  3.30948585  4.13543221  0.38523822
   0.57679637 -2.76704661 -0.79426867 -4.43726333]
 [ 4.27262005  4.53634222 -4.37915512  0.43185161  3.56244706 -2.00096643
   2.72206779 -0.84117013  0.41747549  0.98463279]
 [ 0.43652229 -2.61004199  3.92383228  0.69362748 -1.85166918  0.04473012
  -2.78749536  4.03997428 -2.94829794  1.36892746]
 [ 1.82331651 -1.93679625  0.3910708   0.89134791 -4.46427669  1.52502027
  -2.79195137  3.36737032 -2.62740758  2.95354391]
 [-3.17615415 -2.31335825  3.8038257  -0.65258466 -2.99958226  1.1893514
   0.24253761 -1.84961134  3.44321523  1.98180329]
 [-2.66887857  2.6977965  -3.11272836  0.39613559 -0.58302463 -3.55779263
   4.93943116 -1.28131153  4.28950687  3.7580262 ]
 [ 1.60490339  4.59350814  2.03123141 -2.68542339 -4.35409043 -4.26976816
   0.79326958  1.87007358 -0.90211283 -1.18828538]
 [-2.97903252  2.73148825  2.3218679  -1.42539787 -0.42930445  3.5481851
  -1.86903704 -2.73055892 -1.17975436 -2.60907258]
 [ 2.44043896 -4.72906143  2.27387934 -1.9027985   3.97107303  1.52781887
   3.12882092  4.63224602 -3.73644277 -3.34852403]
 [ 2.52988905 -4.67525054  0.36945923 -4.77923981 -3.83728223  0.65869172
   3.13711676  4.14457594  0.77549886 -3.63152916]
 [ 3.87778637  3.10796276  0.20937642 -0.33218449  0.44625547  3.44581353
  -2.16407646  2.22989957  3.50100386  4.78134165]
 [-0.83507122 -1.4537263   2.63666471 -3.96608737  1.42624897  4.20740929
  -0.58396527 -4.62760025  2.13641792  2.60171702]
 [ 3.97831497  1.58579979  2.81786857 -2.54898392  3.59356612 -1.89739592
  -0.82315251 -2.328043   -2.38039814  4.00702064]
 [ 4.28548279  3.3153591  -3.64459398  1.37652408 -0.54279795 -4.32429217
  -3.14248013 -0.69580876  0.54362172  2.75865084]
 [-1.02377909 -3.94037681 -0.78024305 -0.89143854 -2.11496972 -0.23436092
  -2.11590674 -1.00389093  1.62634322  3.02714294]
 [ 2.88510327 -3.55440446  3.58548017  0.02544473 -1.96718907  2.79130006
  -4.70645274  2.49731953  1.2846466   4.80835173]
 [-3.00495126  1.64732881 -3.70816819  1.78902868  1.56529072 -4.12033168
   0.83863324  3.96470063 -3.37927068  2.00195334]
 [-3.69303038  4.13757548 -2.75556428 -0.8268307  -2.39809008 -2.51822177
   3.24354431  0.36294372 -2.56157848 -2.32572843]
 [-1.15571933 -0.44992438  3.53778765 -1.98266905 -0.07224449 -0.83141422
   3.69666802  3.75931622 -3.75752628  3.97884115]
 [ 2.52201916  1.93636055  1.59649147  3.62024224 -0.97694263  0.3506707
   2.74717672 -1.18313959 -4.88963165 -4.08886129]
 [ 3.97687767  2.2371388   2.81108147 -1.30067257 -1.89540089  0.44913504
   1.33822014  2.29064019 -0.7522026   1.5871496 ]
 [-0.85711872 -2.03855079 -2.56280469  4.64653478 -4.51788955 -0.47471069
  -3.39905794 -2.27682526  2.23616024 -0.58190808]
 [ 1.26888578  1.52323296 -0.46684737  4.35544544 -3.14144091  4.21989301
   0.96202457 -4.6449455   1.3373554   1.26407397]
 [ 3.53477188 -3.23108315  4.60955983  2.85966592  4.37605599  3.38841384
  -1.7172832   0.34787397 -2.95185159  1.90867849]
 [-1.47513256  3.10608279  3.7574451   0.49684003 -1.75267168 -2.81116697
   1.55454609 -1.35238714 -1.48294662 -1.43935434]
 [ 4.87069756  3.69392641 -3.52495341  4.01635057  0.09832883  1.7764395
  -2.93385197  3.29264494  1.16425143 -1.34379108]
 [ 0.75978383  2.31140644  2.95781061 -4.40214378  4.59465149 -2.60867105
  -1.99126213  3.12281081  0.24998005 -0.37441402]
 [ 2.19172084  3.14968841  2.13938381 -3.68644042 -4.34445616  0.01282857
   3.11638658  0.03288583 -3.83139169 -1.28595291]
 [-2.5768591  -2.47413416  0.9142664  -1.63009192 -1.62505026  4.8485838
  -4.70021267 -0.57246047 -0.74968272  1.11149731]
 [ 4.75598045 -4.95566876 -0.80279139 -0.37376234 -2.15422178  4.38367352
  -1.47734413  4.91701557  0.98560324 -0.80303136]
 [ 1.29437006  1.77174414  3.92048899 -1.60093294 -1.28403375  0.23680332
  -4.91182557 -3.06751619  3.77015872  0.13707778]
 [ 0.3598031   2.46527536 -0.38492244 -2.14868243 -2.42262878  1.75147971
  -0.63060205  3.30086737  4.38854957 -1.25110249]
 [ 0.94943739  3.03045815 -0.650183   -3.84292122 -1.5745187  -4.65940633
   4.74895517 -4.90332966  3.64583449  3.61611293]
 [ 2.79038383  2.79329241  4.45504088 -3.30206719 -0.82790517  1.5361263
   0.962901   -2.99139813  2.16913107 -3.84266814]
 [ 3.08551024  4.75032426 -3.70406002 -0.65358535 -3.504415   -3.71774003
   3.03838886 -1.05094522  1.31299627  0.85445282]
 [ 3.66337874 -0.90320669 -0.32259777 -2.06157165 -4.15649155 -0.01150522
   0.67457378  2.25613826  1.18118188 -4.52143419]
 [ 4.45570152 -2.23859096 -1.71714804 -0.931379   -1.00824998  0.58604838
  -2.91069903 -2.97992051  1.22583623  0.55667969]
 [ 2.5052137   4.21918517  3.56883017 -0.36487321 -4.16311386 -1.29696544
   1.37786153 -3.14735026  0.08287425  4.34015564]
 [-0.64232385 -1.69293617  3.97075979  1.43299122 -0.17815324  2.92018162
   3.9006201   1.40299221 -4.12529858 -3.27283275]
 [-4.1478803  -1.70572564 -3.59878377 -2.60108758 -1.70105238 -3.51726576
   1.35880117  4.34682768 -0.82446491 -4.81479965]
 [-4.141444    0.07989172  3.49914109 -4.05101489  0.88866794  3.38680682
   3.58387944 -0.22853397  1.31082152  3.78413302]
 [-1.09150935 -3.06121034  1.78507916 -0.41694214 -3.46804801  2.21387101
  -1.20180833  0.58155736 -2.31763475  3.86790048]
 [-0.72188297  2.55695086  4.80993967  1.47229392  4.92074016  3.04365867
   2.36682985  0.25833587  0.28135311 -1.10458158]
 [-0.08317714  4.7536475  -0.26055326 -3.21809605  2.17763292 -4.42878156
   0.47565401  1.3185836   2.81841288 -1.16855571]
 [ 2.32135449 -4.46959484 -4.46664501 -4.94484302 -0.90240352  4.47291496
  -0.41987547  0.81204261  3.26089768  2.74562498]
 [-0.43026754 -1.7879547  -4.04979415  4.3829659   0.84486992 -0.88500766
  -4.54913186  4.08216595  1.26600806 -4.54287746]
 [-1.48806599  2.63625784  2.66286773  3.19646599  3.37371551  1.44071174
   0.97048726  0.04034124 -0.47966402 -0.50305141]],[[ 80726.43964663]
 [180093.67846949]
 [117604.03063896]
 [ 65148.56199026]
 [146092.85641122]
 [ 69660.55463799]
 [ 66309.57221888]
 [ 56076.18584738]
 [117092.87377104]
 [141725.36711133]
 [ 46697.66367508]
 [173329.25639157]
 [184595.03763455]
 [ 50392.50173401]
 [106882.57843679]
 [ 63358.67453608]
 [120554.00911188]
 [ 35956.1961907 ]
 [ 97034.82713087]
 [101011.61306066]
 [ 83398.48499504]
 [ 77192.61293296]
 [113113.85362654]
 [ 33552.73363436]
 [141968.16946091]
 [127110.49404966]
 [111982.91093613]
 [ 33895.19368825]
 [119388.87313242]
 [113213.75584647]
 [118281.48797287]
 [145127.98227015]
 [238763.32524017]
 [130037.83762333]
 [ 60459.42941453]
 [198988.04615785]
 [ 84729.3642628 ]
 [141461.85287203]
 [ 63518.98664708]
 [ 75398.95128699]
 [ 88545.85971328]
 [ 88605.6752223 ]
 [130230.02703737]
 [105652.38019129]
 [ 24609.87805613]
 [101017.15449889]
 [115915.71412115]
 [245853.72402133]
 [112086.74297847]
 [ 18244.40972069]],[[-24527.32834622]
 [ 74839.91046671]
 [ 12350.26264243]
 [-40105.20600101]
 [ 40839.08841184]
 [-35593.21335368]
 [-38944.19577208]
 [-49177.582143  ]
 [ 11839.10577456]
 [ 36471.59911238]
 [-58556.10431436]
 [ 68075.48838947]
 [ 79341.26963132]
 [-54861.2662558 ]
 [  1628.81044133]
 [-41895.09345502]
 [ 15300.24111506]
 [-69297.57179766]
 [ -8218.9408636 ]
 [ -4242.15493421]
 [-21855.28299807]
 [-28061.15505953]
 [  7860.08563046]
 [-71701.03435376]
 [ 36714.40146194]
 [ 21856.72605217]
 [  6729.14294016]
 [-71358.57429991]
 [ 14135.10513571]
 [  7959.98785038]
 [ 13027.71997627]
 [ 39874.21427087]
 [133509.55723153]
 [ 24784.06962556]
 [-44794.33857629]
 [ 93734.27815318]
 [-20524.40373044]
 [ 36208.08487312]
 [-41734.78134404]
 [-29854.81670532]
 [-16707.90828034]
 [-16648.09277133]
 [ 24976.25903958]
 [   398.61219596]
 [-80643.88993092]
 [ -4236.60443019]
 [ 10661.94612479]
 [140599.95601197]
 [  6832.97498249]
 [-87009.35782447]
 [105253.7679953 ]],[[1.00000000e+000 6.93763256e-057 8.94687204e-094 ... 7.07387179e-053
  3.38211447e-075 1.00000000e+000]
 [6.93763256e-057 1.00000000e+000 2.45841782e-083 ... 1.18585742e-078
  5.88023962e-084 1.00000000e+000]
 [8.94687204e-094 2.45841782e-083 1.00000000e+000 ... 6.07398303e-104
  3.28043724e-029 1.00000000e+000]
 ...
 [7.07387179e-053 1.18585742e-078 6.07398303e-104 ... 1.00000000e+000
  9.31011901e-064 1.00000000e+000]
 [3.38211447e-075 5.88023962e-084 3.28043724e-029 ... 9.31011901e-064
  1.00000000e+000 1.00000000e+000]
 [1.00000000e+000 1.00000000e+000 1.00000000e+000 ... 1.00000000e+000
  1.00000000e+000 0.00000000e+000]]
