[[1.00000000e+000 2.40470213e-015 1.03209529e-033 1.21825466e-026
  1.69948695e-019 9.87602827e-030 9.59247418e-041 4.59671881e-042
  4.06191941e-053 1.04262896e-055 3.67498988e-006 2.52736722e-047
  1.02592978e-017 4.27566618e-019 6.12820503e-043 1.20697682e-022
  5.84693289e-040 1.64657749e-027 1.11381797e-032 2.26867089e-028
  1.00000000e+000]
 [2.40470213e-015 1.00000000e+000 8.40161994e-046 9.96014380e-011
  7.31474062e-028 1.29482740e-042 1.00020713e-046 4.53019169e-075
  1.47339380e-067 7.12628587e-068 3.10685531e-030 2.40444524e-064
  1.90194116e-026 3.21137292e-011 7.95123468e-028 2.45697772e-022
  1.51896720e-049 5.99643985e-045 1.15862167e-047 4.48356319e-042
  1.00000000e+000]
 [1.03209529e-033 8.40161994e-046 1.00000000e+000 8.11230711e-043
  1.32656818e-029 7.21762281e-054 5.67720142e-054 2.76424247e-025
  1.86733442e-044 1.30855086e-054 1.24940152e-049 1.03417640e-051
  1.99213452e-022 1.09559216e-044 7.31925648e-064 1.23861257e-036
  9.58113360e-026 8.46769719e-050 4.48486359e-077 1.72742317e-074
  1.00000000e+000]
 [1.21825466e-026 9.96014380e-011 8.11230711e-043 1.00000000e+000
  3.00705948e-053 2.05869995e-022 1.81780473e-058 1.63476988e-076
  1.01048335e-071 3.45279102e-071 2.06328071e-051 1.28446017e-092
  5.21515549e-022 1.83078054e-007 8.38887890e-044 3.74431531e-013
  6.46280028e-052 5.02635988e-048 7.18588912e-046 1.02453785e-051
  1.00000000e+000]
 [1.69948695e-019 7.31474062e-028 1.32656818e-029 3.00705948e-053
  1.00000000e+000 9.04063460e-082 7.70275007e-055 5.61557022e-046
  4.28467453e-067 1.95660747e-063 1.01257823e-018 4.51442987e-035
  6.54816369e-027 1.02624094e-053 5.03231683e-045 3.53762515e-045
  3.49077521e-055 3.31916264e-054 3.30321075e-082 1.67416136e-059
  1.00000000e+000]
 [9.87602827e-030 1.29482740e-042 7.21762281e-054 2.05869995e-022
  9.04063460e-082 1.00000000e+000 2.74094732e-057 5.38506834e-056
  2.19968639e-062 2.82482593e-077 8.24756629e-049 1.64706957e-098
  7.56050411e-028 5.40130972e-020 9.45895390e-069 9.46042535e-018
  6.52579002e-055 4.69865597e-030 6.26663241e-027 1.65087420e-038
  1.00000000e+000]
 [9.59247418e-041 1.00020713e-046 5.67720142e-054 1.81780473e-058
  7.70275007e-055 2.74094732e-057 1.00000000e+000 1.22614768e-031
  1.78155907e-008 2.71862621e-055 5.48587489e-045 6.55381623e-025
  8.95001029e-053 1.32399381e-044 1.89603777e-018 6.75832615e-052
  6.40376953e-025 2.54641487e-009 1.71635128e-036 5.96869073e-017
  1.00000000e+000]
 [4.59671881e-042 4.53019169e-075 2.76424247e-025 1.63476988e-076
  5.61557022e-046 5.38506834e-056 1.22614768e-031 1.00000000e+000
  1.00702198e-023 5.18713341e-056 9.87928533e-042 7.99872779e-032
  3.78923335e-032 6.05839136e-072 3.95129780e-059 4.92316027e-048
  4.27016061e-037 3.00430895e-021 9.47785824e-064 2.55264398e-044
  1.00000000e+000]
 [4.06191941e-053 1.47339380e-067 1.86733442e-044 1.01048335e-071
  4.28467453e-067 2.19968639e-062 1.78155907e-008 1.00702198e-023
  1.00000000e+000 6.29946860e-040 8.55749394e-062 2.48160130e-038
  7.75610137e-059 4.25837046e-057 3.72617848e-044 9.63880939e-068
  4.27544076e-014 3.10815214e-017 2.76583262e-039 3.16456820e-030
  1.00000000e+000]
 [1.04262896e-055 7.12628587e-068 1.30855086e-054 3.45279102e-071
  1.95660747e-063 2.82482593e-077 2.71862621e-055 5.18713341e-056
  6.29946860e-040 1.00000000e+000 3.15187008e-068 2.42852005e-101
  1.98720387e-051 6.63801937e-071 1.65165270e-092 2.07514217e-087
  2.24224331e-040 1.37912157e-055 3.91160532e-039 1.53195629e-047
  1.00000000e+000]
 [3.67498988e-006 3.10685531e-030 1.24940152e-049 2.06328071e-051
  1.01257823e-018 8.24756629e-049 5.48587489e-045 9.87928533e-042
  8.55749394e-062 3.15187008e-068 1.00000000e+000 2.47825774e-039
  2.98186721e-027 8.53665192e-042 1.17009218e-047 2.98339230e-036
  1.45143545e-058 6.44454416e-030 4.33007004e-045 1.26533705e-028
  1.00000000e+000]
 [2.52736722e-047 2.40444524e-064 1.03417640e-051 1.28446017e-092
  4.51442987e-035 1.64706957e-098 6.55381623e-025 7.99872779e-032
  2.48160130e-038 2.42852005e-101 2.47825774e-039 1.00000000e+000
  2.16088353e-064 3.94918446e-077 4.37273792e-029 1.67450415e-066
  1.76536399e-049 1.63604922e-034 3.54533375e-093 3.89524828e-054
  1.00000000e+000]
 [1.02592978e-017 1.90194116e-026 1.99213452e-022 5.21515549e-022
  6.54816369e-027 7.56050411e-028 8.95001029e-053 3.78923335e-032
  7.75610137e-059 1.98720387e-051 2.98186721e-027 2.16088353e-064
  1.00000000e+000 2.67888812e-033 1.30324078e-048 9.81439427e-011
  3.44311364e-054 2.44085569e-033 3.09775115e-052 2.06346455e-042
  1.00000000e+000]
 [4.27566618e-019 3.21137292e-011 1.09559216e-044 1.83078054e-007
  1.02624094e-053 5.40130972e-020 1.32399381e-044 6.05839136e-072
  4.25837046e-057 6.63801937e-071 8.53665192e-042 3.94918446e-077
  2.67888812e-033 1.00000000e+000 3.11512273e-041 2.85278361e-021
  4.59008480e-035 4.52786277e-038 3.66307005e-031 3.28112578e-041
  1.00000000e+000]
 [6.12820503e-043 7.95123468e-028 7.31925648e-064 8.38887890e-044
  5.03231683e-045 9.45895390e-069 1.89603777e-018 3.95129780e-059
  3.72617848e-044 1.65165270e-092 1.17009218e-047 4.37273792e-029
  1.30324078e-048 3.11512273e-041 1.00000000e+000 1.86482441e-036
  8.76277017e-056 5.31434383e-028 4.84814439e-068 4.83561797e-035
  1.00000000e+000]
 [1.20697682e-022 2.45697772e-022 1.23861257e-036 3.74431531e-013
  3.53762515e-045 9.46042535e-018 6.75832615e-052 4.92316027e-048
  9.63880939e-068 2.07514217e-087 2.98339230e-036 1.67450415e-066
  9.81439427e-011 2.85278361e-021 1.86482441e-036 1.00000000e+000
  6.72382549e-062 4.57056579e-032 4.76000593e-056 2.67008023e-045
  1.00000000e+000]
 [5.84693289e-040 1.51896720e-049 9.58113360e-026 6.46280028e-052
  3.49077521e-055 6.52579002e-055 6.40376953e-025 4.27016061e-037
  4.27544076e-014 2.24224331e-040 1.45143545e-058 1.76536399e-049
  3.44311364e-054 4.59008480e-035 8.76277017e-056 6.72382549e-062
  1.00000000e+000 1.26335382e-034 2.94070353e-041 3.28046616e-049
  1.00000000e+000]
 [1.64657749e-027 5.99643985e-045 8.46769719e-050 5.02635988e-048
  3.31916264e-054 4.69865597e-030 2.54641487e-009 3.00430895e-021
  3.10815214e-017 1.37912157e-055 6.44454416e-030 1.63604922e-034
  2.44085569e-033 4.52786277e-038 5.31434383e-028 4.57056579e-032
  1.26335382e-034 1.00000000e+000 2.50474226e-024 1.96150951e-008
  1.00000000e+000]
 [1.11381797e-032 1.15862167e-047 4.48486359e-077 7.18588912e-046
  3.30321075e-082 6.26663241e-027 1.71635128e-036 9.47785824e-064
  2.76583262e-039 3.91160532e-039 4.33007004e-045 3.54533375e-093
  3.09775115e-052 3.66307005e-031 4.84814439e-068 4.76000593e-056
  2.94070353e-041 2.50474226e-024 1.00000000e+000 8.18431154e-014
  1.00000000e+000]
 [2.26867089e-028 4.48356319e-042 1.72742317e-074 1.02453785e-051
  1.67416136e-059 1.65087420e-038 5.96869073e-017 2.55264398e-044
  3.16456820e-030 1.53195629e-047 1.26533705e-028 3.89524828e-054
  2.06346455e-042 3.28112578e-041 4.83561797e-035 2.67008023e-045
  3.28046616e-049 1.96150951e-008 8.18431154e-014 1.00000000e+000
  1.00000000e+000]
 [1.00000000e+000 1.00000000e+000 1.00000000e+000 1.00000000e+000
  1.00000000e+000 1.00000000e+000 1.00000000e+000 1.00000000e+000
  1.00000000e+000 1.00000000e+000 1.00000000e+000 1.00000000e+000
  1.00000000e+000 1.00000000e+000 1.00000000e+000 1.00000000e+000
  1.00000000e+000 1.00000000e+000 1.00000000e+000 1.00000000e+000
  0.00000000e+000]]
