[[1.00000000e+000 5.74990822e-028 5.20264065e-056 1.63048554e-017
  4.64761196e-026 2.21119279e-075 1.01290760e-016 9.99492076e-052
  1.19237061e-010 9.80645935e-047 1.15848416e-041 3.81552927e-050
  1.13104476e-026 2.18387947e-058 3.35101020e-065 7.10303819e-019
  3.86469241e-029 4.07446966e-030 3.92122781e-051 1.05087862e-016
  4.61839499e-033 7.95225304e-050 2.88990049e-024 6.09242868e-038
  5.97771837e-024 2.29711293e-020 1.95188977e-027 3.14355504e-017
  4.50534368e-015 1.73569927e-038 1.00000000e+000]
 [5.74990822e-028 1.00000000e+000 7.84902861e-053 6.50304956e-037
  5.27560562e-038 1.01386597e-061 2.65602925e-054 1.80077401e-069
  2.85613476e-028 3.88265179e-051 1.18725351e-026 5.14269678e-062
  2.27004693e-049 4.82580803e-086 1.75516419e-055 1.66375882e-071
  6.87004250e-039 3.51484686e-047 1.71129401e-078 1.49753042e-023
  2.89983316e-061 3.43349742e-038 1.78238710e-044 9.43443300e-053
  2.55141897e-083 1.93577438e-032 1.12101978e-043 2.75695310e-044
  1.85787380e-040 9.43705359e-082 1.00000000e+000]
 [5.20264065e-056 7.84902861e-053 1.00000000e+000 1.09225665e-042
  9.28966803e-028 1.67829978e-042 5.59293361e-036 1.19747669e-065
  9.52452467e-039 2.03689555e-043 4.88351778e-046 1.15314820e-008
  2.53154797e-052 1.18303189e-016 3.37761651e-026 1.62184910e-054
  2.25479090e-029 1.41902006e-065 6.41362080e-043 9.64498450e-034
  3.56009027e-037 1.86579125e-066 3.02044389e-021 3.51483427e-093
  6.42623559e-070 2.52387650e-070 4.20409898e-084 2.65566191e-060
  9.44976386e-048 8.92865777e-050 1.00000000e+000]
 [1.63048554e-017 6.50304956e-037 1.09225665e-042 1.00000000e+000
  4.84013950e-008 8.91525302e-038 5.57327662e-021 7.22372153e-020
  4.09804544e-029 1.14056110e-048 2.45281645e-027 1.23959776e-039
  2.17211434e-021 1.26821206e-038 4.32368290e-024 3.57255163e-016
  8.07468997e-023 9.21962653e-031 4.92172910e-042 4.60304683e-011
  2.70097006e-049 1.13293327e-055 1.97392014e-010 6.83577316e-050
  3.09594160e-033 2.61903291e-013 8.47380046e-015 2.77812696e-013
  8.08652250e-015 4.65732011e-037 1.00000000e+000]
 [4.64761196e-026 5.27560562e-038 9.28966803e-028 4.84013950e-008
  1.00000000e+000 9.63503539e-045 5.80876290e-022 1.94494174e-041
  1.12295946e-032 2.38358507e-043 2.35785544e-029 1.11144239e-026
  3.18867997e-010 1.18267148e-026 2.45870347e-022 7.61296039e-019
  5.29567270e-013 2.09556004e-024 1.18739729e-023 1.79743958e-004
  6.88608243e-029 1.18971000e-035 3.20071524e-013 3.64884829e-051
  1.30824110e-047 9.27195682e-015 9.86445037e-037 5.24777602e-023
  3.29349436e-033 1.24386778e-034 1.00000000e+000]
 [2.21119279e-075 1.01386597e-061 1.67829978e-042 8.91525302e-038
  9.63503539e-045 1.00000000e+000 2.70725357e-083 1.68126535e-028
  2.11306305e-056 3.51765659e-066 2.79952355e-033 1.00627131e-041
  1.36682763e-073 1.05699402e-054 6.44462539e-016 1.56213142e-084
  3.44588915e-065 6.60249761e-068 2.24856992e-075 4.71989231e-059
  3.32932326e-107 1.37806155e-088 4.08653529e-040 2.47149730e-084
  1.01862797e-073 3.67683944e-067 1.78586375e-045 1.50964734e-081
  1.43664387e-043 1.48134474e-058 1.00000000e+000]
 [1.01290760e-016 2.65602925e-054 5.59293361e-036 5.57327662e-021
  5.80876290e-022 2.70725357e-083 1.00000000e+000 2.07550402e-051
  1.06883918e-029 7.41834093e-050 1.60592497e-060 4.55662714e-038
  1.01818070e-035 2.14558036e-032 1.00301451e-052 2.25542533e-009
  1.24035946e-024 5.94742780e-055 1.64820730e-049 2.04147684e-019
  4.13218583e-027 1.47464863e-078 4.10952947e-012 2.58164280e-076
  5.06397793e-034 1.77712034e-040 2.14919593e-051 9.25759298e-012
  8.52095491e-022 2.37146937e-045 1.00000000e+000]
 [9.99492076e-052 1.80077401e-069 1.19747669e-065 7.22372153e-020
  1.94494174e-041 1.68126535e-028 2.07550402e-051 1.00000000e+000
  9.43785131e-059 1.26755381e-057 8.22763621e-060 3.13655434e-071
  8.42408934e-073 5.36317086e-070 5.71697330e-023 3.57925182e-051
  1.71787017e-073 3.15258498e-070 6.43036061e-100 3.84050646e-051
  1.14398788e-110 1.40593557e-121 5.88140109e-031 8.43019601e-079
  1.99216755e-055 9.03395021e-050 1.06894021e-015 1.51397507e-035
  6.56010272e-018 7.58567012e-061 1.00000000e+000]
 [1.19237061e-010 2.85613476e-028 9.52452467e-039 4.09804544e-029
  1.12295946e-032 2.11306305e-056 1.06883918e-029 9.43785131e-059
  1.00000000e+000 5.96607907e-035 2.27509100e-038 5.79347425e-031
  4.59856017e-033 3.85517756e-049 1.07228720e-060 1.57592118e-035
  6.78258293e-035 2.45986120e-027 4.14549115e-044 1.26359860e-026
  7.07277272e-030 1.61056240e-042 5.28628076e-029 2.56253201e-032
  1.39878610e-022 4.19979422e-036 5.98770941e-040 8.85896652e-043
  3.27042013e-019 2.94933219e-024 1.00000000e+000]
 [9.80645935e-047 3.88265179e-051 2.03689555e-043 1.14056110e-048
  2.38358507e-043 3.51765659e-066 7.41834093e-050 1.26755381e-057
  5.96607907e-035 1.00000000e+000 6.93013126e-091 6.24144468e-060
  3.44562406e-054 3.39279757e-079 3.30738796e-047 2.03840359e-064
  2.24228069e-078 4.55453417e-036 7.65694811e-086 1.12754320e-040
  8.67925784e-053 2.46326615e-071 1.17327234e-056 3.41595875e-032
  1.65106474e-074 7.22515660e-050 9.09253678e-053 1.58023177e-055
  3.39158160e-043 2.73193508e-039 1.00000000e+000]
 [1.15848416e-041 1.18725351e-026 4.88351778e-046 2.45281645e-027
  2.35785544e-029 2.79952355e-033 1.60592497e-060 8.22763621e-060
  2.27509100e-038 6.93013126e-091 1.00000000e+000 2.04416162e-036
  4.10293223e-043 1.38584472e-048 1.60613116e-041 4.87412643e-061
  2.21429458e-020 1.91221521e-055 2.38217922e-044 8.79194862e-030
  3.33547558e-069 3.27507829e-042 5.02782076e-028 1.68270830e-081
  9.02663306e-064 2.00559708e-040 4.83994008e-049 7.34983508e-058
  3.12938843e-044 1.05524688e-070 1.00000000e+000]
 [3.81552927e-050 5.14269678e-062 1.15314820e-008 1.23959776e-039
  1.11144239e-026 1.00627131e-041 4.55662714e-038 3.13655434e-071
  5.79347425e-031 6.24144468e-060 2.04416162e-036 1.00000000e+000
  2.17596727e-040 4.29035051e-007 6.70764830e-038 5.83366595e-044
  6.95109102e-022 4.51863580e-055 1.13192462e-020 1.05844747e-035
  2.59874993e-030 1.85301151e-055 5.85793496e-020 1.26761039e-086
  4.38270967e-046 1.64045190e-066 6.77106911e-083 1.00048265e-067
  1.01323980e-047 6.98549686e-033 1.00000000e+000]
 [1.13104476e-026 2.27004693e-049 2.53154797e-052 2.17211434e-021
  3.18867997e-010 1.36682763e-073 1.01818070e-035 8.42408934e-073
  4.59856017e-033 3.44562406e-054 4.10293223e-043 2.17596727e-040
  1.00000000e+000 4.90143699e-044 2.73832714e-055 4.44848324e-022
  2.17027937e-021 1.33196571e-010 1.53210636e-015 7.00957597e-011
  1.11007269e-020 2.33491862e-019 5.04287931e-035 5.22593655e-035
  1.23941028e-045 4.81748309e-012 5.78961392e-049 5.13030282e-040
  2.59058394e-052 2.13975406e-028 1.00000000e+000]
 [2.18387947e-058 4.82580803e-086 1.18303189e-016 1.26821206e-038
  1.18267148e-026 1.05699402e-054 2.14558036e-032 5.36317086e-070
  3.85517756e-049 3.39279757e-079 1.38584472e-048 4.29035051e-007
  4.90143699e-044 1.00000000e+000 1.86062086e-040 1.75756358e-033
  6.24483626e-022 2.45344266e-070 1.02682665e-021 3.58572474e-040
  1.21810396e-036 1.37139236e-077 1.95595412e-016 4.07763471e-111
  3.42881573e-047 6.08648936e-073 2.70216138e-090 7.92615469e-062
  4.12381476e-053 5.62317114e-041 1.00000000e+000]
 [3.35101020e-065 1.75516419e-055 3.37761651e-026 4.32368290e-024
  2.45870347e-022 6.44462539e-016 1.00301451e-052 5.71697330e-023
  1.07228720e-060 3.30738796e-047 1.60613116e-041 6.70764830e-038
  2.73832714e-055 1.86062086e-040 1.00000000e+000 1.59139916e-059
  6.25576010e-047 6.23251763e-062 8.70209665e-067 2.22616818e-034
  2.89222038e-081 7.25195015e-083 1.58568698e-024 2.47308600e-085
  7.71057910e-082 8.49845312e-050 2.31157724e-044 1.32730425e-048
  1.43774651e-040 1.36975924e-060 1.00000000e+000]
 [7.10303819e-019 1.66375882e-071 1.62184910e-054 3.57255163e-016
  7.61296039e-019 1.56213142e-084 2.25542533e-009 3.57925182e-051
  1.57592118e-035 2.03840359e-064 4.87412643e-061 5.83366595e-044
  4.44848324e-022 1.75756358e-033 1.59139916e-059 1.00000000e+000
  1.67652390e-026 3.13851726e-041 9.20122945e-035 1.73514102e-021
  2.14194505e-030 4.71552523e-072 9.98166262e-018 3.15552201e-066
  5.71029306e-022 4.61529388e-030 1.25369755e-044 2.01338255e-017
  1.99488271e-028 2.13549491e-032 1.00000000e+000]
 [3.86469241e-029 6.87004250e-039 2.25479090e-029 8.07468997e-023
  5.29567270e-013 3.44588915e-065 1.24035946e-024 1.71787017e-073
  6.78258293e-035 2.24228069e-078 2.21429458e-020 6.95109102e-022
  2.17027937e-021 6.24483626e-022 6.25576010e-047 1.67652390e-026
  1.00000000e+000 2.81374022e-048 2.46584157e-019 1.54636146e-012
  2.32112217e-025 6.85720882e-037 2.40362258e-014 4.83362978e-084
  4.29838331e-052 1.09049368e-034 1.19315156e-065 1.61745201e-035
  1.20552895e-045 8.47158133e-056 1.00000000e+000]
 [4.07446966e-030 3.51484686e-047 1.41902006e-065 9.21962653e-031
  2.09556004e-024 6.60249761e-068 5.94742780e-055 3.15258498e-070
  2.45986120e-027 4.55453417e-036 1.91221521e-055 4.51863580e-055
  1.33196571e-010 2.45344266e-070 6.23251763e-062 3.13851726e-041
  2.81374022e-048 1.00000000e+000 1.86207790e-035 2.53371567e-023
  1.20550365e-035 5.42920012e-021 3.38925242e-054 4.42611303e-009
  6.65902433e-048 4.47985121e-014 2.96392943e-039 2.46860306e-055
  1.67746386e-051 4.71083951e-021 1.00000000e+000]
 [3.92122781e-051 1.71129401e-078 6.41362080e-043 4.92172910e-042
  1.18739729e-023 2.24856992e-075 1.64820730e-049 6.43036061e-100
  4.14549115e-044 7.65694811e-086 2.38217922e-044 1.13192462e-020
  1.53210636e-015 1.02682665e-021 8.70209665e-067 9.20122945e-035
  2.46584157e-019 1.86207790e-035 1.00000000e+000 5.61209213e-032
  6.83825087e-022 1.43483089e-031 3.99927824e-038 7.00045912e-074
  1.19674396e-047 1.15505772e-047 2.61639986e-089 4.57768231e-074
  1.81737315e-073 3.08698792e-031 1.00000000e+000]
 [1.05087862e-016 1.49753042e-023 9.64498450e-034 4.60304683e-011
  1.79743958e-004 4.71989231e-059 2.04147684e-019 3.84050646e-051
  1.26359860e-026 1.12754320e-040 8.79194862e-030 1.05844747e-035
  7.00957597e-011 3.58572474e-040 2.22616818e-034 1.73514102e-021
  1.54636146e-012 2.53371567e-023 5.61209213e-032 1.00000000e+000
  1.52343688e-024 9.19412933e-029 9.45412307e-018 8.03741458e-045
  6.14501500e-052 1.65421112e-010 3.93239546e-036 1.49873076e-017
  3.37828403e-032 1.43926608e-043 1.00000000e+000]
 [4.61839499e-033 2.89983316e-061 3.56009027e-037 2.70097006e-049
  6.88608243e-029 3.32932326e-107 4.13218583e-027 1.14398788e-110
  7.07277272e-030 8.67925784e-053 3.33547558e-069 2.59874993e-030
  1.11007269e-020 1.21810396e-036 2.89222038e-081 2.14194505e-030
  2.32112217e-025 1.20550365e-035 6.83825087e-022 1.52343688e-024
  1.00000000e+000 3.32674563e-035 5.32875531e-041 6.04931296e-061
  2.26802141e-052 7.48613994e-048 3.18847797e-093 1.10218968e-054
  4.13296331e-064 4.26917362e-036 1.00000000e+000]
 [7.95225304e-050 3.43349742e-038 1.86579125e-066 1.13293327e-055
  1.18971000e-035 1.37806155e-088 1.47464863e-078 1.40593557e-121
  1.61056240e-042 2.46326615e-071 3.27507829e-042 1.85301151e-055
  2.33491862e-019 1.37139236e-077 7.25195015e-083 4.71552523e-072
  6.85720882e-037 5.42920012e-021 1.43483089e-031 9.19412933e-029
  3.32674563e-035 1.00000000e+000 4.95153516e-070 4.07560282e-041
  1.19720282e-087 7.27738284e-032 4.78387093e-082 2.59989204e-084
  1.65223209e-088 1.67394355e-058 1.00000000e+000]
 [2.88990049e-024 1.78238710e-044 3.02044389e-021 1.97392014e-010
  3.20071524e-013 4.08653529e-040 4.10952947e-012 5.88140109e-031
  5.28628076e-029 1.17327234e-056 5.02782076e-028 5.85793496e-020
  5.04287931e-035 1.95595412e-016 1.58568698e-024 9.98166262e-018
  2.40362258e-014 3.38925242e-054 3.99927824e-038 9.45412307e-018
  5.32875531e-041 4.95153516e-070 1.00000000e+000 3.33280781e-081
  1.60086962e-033 1.83836084e-038 2.91098985e-040 7.78825412e-020
  1.51051962e-016 7.24600677e-043 1.00000000e+000]
 [6.09242868e-038 9.43443300e-053 3.51483427e-093 6.83577316e-050
  3.64884829e-051 2.47149730e-084 2.58164280e-076 8.43019601e-079
  2.56253201e-032 3.41595875e-032 1.68270830e-081 1.26761039e-086
  5.22593655e-035 4.07763471e-111 2.47308600e-085 3.15552201e-066
  4.83362978e-084 4.42611303e-009 7.00045912e-074 8.03741458e-045
  6.04931296e-061 4.07560282e-041 3.33280781e-081 1.00000000e+000
  2.10600400e-060 4.56893079e-027 1.89075692e-039 6.94951399e-071
  9.56024206e-057 3.55975550e-033 1.00000000e+000]
 [5.97771837e-024 2.55141897e-083 6.42623559e-070 3.09594160e-033
  1.30824110e-047 1.01862797e-073 5.06397793e-034 1.99216755e-055
  1.39878610e-022 1.65106474e-074 9.02663306e-064 4.38270967e-046
  1.23941028e-045 3.42881573e-047 7.71057910e-082 5.71029306e-022
  4.29838331e-052 6.65902433e-048 1.19674396e-047 6.14501500e-052
  2.26802141e-052 1.19720282e-087 1.60086962e-033 2.10600400e-060
  1.00000000e+000 1.85092732e-054 6.65481360e-046 1.83462187e-050
  1.56813132e-023 3.42637649e-020 1.00000000e+000]
 [2.29711293e-020 1.93577438e-032 2.52387650e-070 2.61903291e-013
  9.27195682e-015 3.67683944e-067 1.77712034e-040 9.03395021e-050
  4.19979422e-036 7.22515660e-050 2.00559708e-040 1.64045190e-066
  4.81748309e-012 6.08648936e-073 8.49845312e-050 4.61529388e-030
  1.09049368e-034 4.47985121e-014 1.15505772e-047 1.65421112e-010
  7.48613994e-048 7.27738284e-032 1.83836084e-038 4.56893079e-027
  1.85092732e-054 1.00000000e+000 6.48598940e-021 7.22868060e-025
  1.45749395e-038 3.87602300e-046 1.00000000e+000]
 [1.95188977e-027 1.12101978e-043 4.20409898e-084 8.47380046e-015
  9.86445037e-037 1.78586375e-045 2.14919593e-051 1.06894021e-015
  5.98770941e-040 9.09253678e-053 4.83994008e-049 6.77106911e-083
  5.78961392e-049 2.70216138e-090 2.31157724e-044 1.25369755e-044
  1.19315156e-065 2.96392943e-039 2.61639986e-089 3.93239546e-036
  3.18847797e-093 4.78387093e-082 2.91098985e-040 1.89075692e-039
  6.65481360e-046 6.48598940e-021 1.00000000e+000 4.07870708e-028
  5.50892829e-017 1.58535246e-053 1.00000000e+000]
 [3.14355504e-017 2.75695310e-044 2.65566191e-060 2.77812696e-013
  5.24777602e-023 1.50964734e-081 9.25759298e-012 1.51397507e-035
  8.85896652e-043 1.58023177e-055 7.34983508e-058 1.00048265e-067
  5.13030282e-040 7.92615469e-062 1.32730425e-048 2.01338255e-017
  1.61745201e-035 2.46860306e-055 4.57768231e-074 1.49873076e-017
  1.10218968e-054 2.59989204e-084 7.78825412e-020 6.94951399e-071
  1.83462187e-050 7.22868060e-025 4.07870708e-028 1.00000000e+000
  6.36195506e-020 5.26369108e-066 1.00000000e+000]
 [4.50534368e-015 1.85787380e-040 9.44976386e-048 8.08652250e-015
  3.29349436e-033 1.43664387e-043 8.52095491e-022 6.56010272e-018
  3.27042013e-019 3.39158160e-043 3.12938843e-044 1.01323980e-047
  2.59058394e-052 4.12381476e-053 1.43774651e-040 1.99488271e-028
  1.20552895e-045 1.67746386e-051 1.81737315e-073 3.37828403e-032
  4.13296331e-064 1.65223209e-088 1.51051962e-016 9.56024206e-057
  1.56813132e-023 1.45749395e-038 5.50892829e-017 6.36195506e-020
  1.00000000e+000 6.74531337e-041 1.00000000e+000]
 [1.73569927e-038 9.43705359e-082 8.92865777e-050 4.65732011e-037
  1.24386778e-034 1.48134474e-058 2.37146937e-045 7.58567012e-061
  2.94933219e-024 2.73193508e-039 1.05524688e-070 6.98549686e-033
  2.13975406e-028 5.62317114e-041 1.36975924e-060 2.13549491e-032
  8.47158133e-056 4.71083951e-021 3.08698792e-031 1.43926608e-043
  4.26917362e-036 1.67394355e-058 7.24600677e-043 3.55975550e-033
  3.42637649e-020 3.87602300e-046 1.58535246e-053 5.26369108e-066
  6.74531337e-041 1.00000000e+000 1.00000000e+000]
 [1.00000000e+000 1.00000000e+000 1.00000000e+000 1.00000000e+000
  1.00000000e+000 1.00000000e+000 1.00000000e+000 1.00000000e+000
  1.00000000e+000 1.00000000e+000 1.00000000e+000 1.00000000e+000
  1.00000000e+000 1.00000000e+000 1.00000000e+000 1.00000000e+000
  1.00000000e+000 1.00000000e+000 1.00000000e+000 1.00000000e+000
  1.00000000e+000 1.00000000e+000 1.00000000e+000 1.00000000e+000
  1.00000000e+000 1.00000000e+000 1.00000000e+000 1.00000000e+000
  1.00000000e+000 1.00000000e+000 0.00000000e+000]]
