[[1.00000000e+00 3.26570716e-32 4.73433675e-52 ... 1.49536891e-38
  2.68239510e-46 1.00000000e+00]
 [3.26570716e-32 1.00000000e+00 3.82393857e-33 ... 1.53682278e-19
  7.28433918e-60 1.00000000e+00]
 [4.73433675e-52 3.82393857e-33 1.00000000e+00 ... 1.44815015e-64
  1.77010977e-60 1.00000000e+00]
 ...
 [1.49536891e-38 1.53682278e-19 1.44815015e-64 ... 1.00000000e+00
  1.41984509e-67 1.00000000e+00]
 [2.68239510e-46 7.28433918e-60 1.77010977e-60 ... 1.41984509e-67
  1.00000000e+00 1.00000000e+00]
 [1.00000000e+00 1.00000000e+00 1.00000000e+00 ... 1.00000000e+00
  1.00000000e+00 0.00000000e+00]]
