[[1.00000000e+00 1.08108809e-46 9.98282962e-39 ... 6.55300634e-28
  1.43829555e-38 1.00000000e+00]
 [1.08108809e-46 1.00000000e+00 2.91120664e-23 ... 5.63228842e-66
  1.03117114e-57 1.00000000e+00]
 [9.98282962e-39 2.91120664e-23 1.00000000e+00 ... 3.12136312e-63
  2.88256183e-72 1.00000000e+00]
 ...
 [6.55300634e-28 5.63228842e-66 3.12136312e-63 ... 1.00000000e+00
  3.56981504e-43 1.00000000e+00]
 [1.43829555e-38 1.03117114e-57 2.88256183e-72 ... 3.56981504e-43
  1.00000000e+00 1.00000000e+00]
 [1.00000000e+00 1.00000000e+00 1.00000000e+00 ... 1.00000000e+00
  1.00000000e+00 0.00000000e+00]]
