[[1.00000000e+00 2.50588087e-50 1.27624025e-27 ... 1.58206030e-46
  8.10311537e-44 1.00000000e+00]
 [2.50588087e-50 1.00000000e+00 2.14586010e-68 ... 1.16858679e-17
  2.90721829e-22 1.00000000e+00]
 [1.27624025e-27 2.14586010e-68 1.00000000e+00 ... 2.40182869e-70
  2.55709681e-74 1.00000000e+00]
 ...
 [1.58206030e-46 1.16858679e-17 2.40182869e-70 ... 1.00000000e+00
  8.33188309e-27 1.00000000e+00]
 [8.10311537e-44 2.90721829e-22 2.55709681e-74 ... 8.33188309e-27
  1.00000000e+00 1.00000000e+00]
 [1.00000000e+00 1.00000000e+00 1.00000000e+00 ... 1.00000000e+00
  1.00000000e+00 0.00000000e+00]]
