[[1.00000000e+00 2.21669811e-44 9.36478505e-55 ... 1.04308187e-52
  3.89803651e-54 1.00000000e+00]
 [2.21669811e-44 1.00000000e+00 3.05350690e-25 ... 2.29495030e-55
  1.68156250e-58 1.00000000e+00]
 [9.36478505e-55 3.05350690e-25 1.00000000e+00 ... 2.86438090e-15
  2.60586109e-17 1.00000000e+00]
 ...
 [1.04308187e-52 2.29495030e-55 2.86438090e-15 ... 1.00000000e+00
  1.55968746e-20 1.00000000e+00]
 [3.89803651e-54 1.68156250e-58 2.60586109e-17 ... 1.55968746e-20
  1.00000000e+00 1.00000000e+00]
 [1.00000000e+00 1.00000000e+00 1.00000000e+00 ... 1.00000000e+00
  1.00000000e+00 0.00000000e+00]]
