[[1.00000000e+00 9.00413620e-67 6.94992572e-27 ... 5.92136551e-46
  2.04188082e-16 1.00000000e+00]
 [9.00413620e-67 1.00000000e+00 3.65124212e-26 ... 7.26218003e-26
  4.19353591e-68 1.00000000e+00]
 [6.94992572e-27 3.65124212e-26 1.00000000e+00 ... 2.61143574e-11
  2.53697203e-31 1.00000000e+00]
 ...
 [5.92136551e-46 7.26218003e-26 2.61143574e-11 ... 1.00000000e+00
  6.93898538e-45 1.00000000e+00]
 [2.04188082e-16 4.19353591e-68 2.53697203e-31 ... 6.93898538e-45
  1.00000000e+00 1.00000000e+00]
 [1.00000000e+00 1.00000000e+00 1.00000000e+00 ... 1.00000000e+00
  1.00000000e+00 0.00000000e+00]]
