[[1.00000000e+000 7.39240059e-039 3.23102857e-051 3.10032817e-053
  2.17398680e-011 8.48764286e-025 4.37449728e-057 1.08338771e-037
  1.14746752e-049 2.48693095e-015 2.77282765e-022 6.08924920e-021
  2.99737139e-044 1.08220223e-022 1.12506714e-054 2.78224349e-027
  2.83835559e-036 1.89725547e-056 3.58356218e-047 2.07987582e-034
  1.00000000e+000]
 [7.39240059e-039 1.00000000e+000 7.17039946e-041 9.71823569e-034
  4.15665052e-042 6.32872449e-010 9.86284548e-011 5.94082925e-082
  5.74699964e-059 1.16274325e-018 1.15801525e-051 3.47132788e-040
  2.42657796e-051 1.72233503e-041 1.15853837e-017 5.31094795e-077
  5.25272557e-038 2.61921971e-025 5.72400492e-043 2.56667298e-022
  1.00000000e+000]
 [3.23102857e-051 7.17039946e-041 1.00000000e+000 1.18596618e-074
  3.47096409e-030 4.68272082e-037 8.58254192e-031 5.80586232e-059
  1.35679860e-034 4.07157233e-069 6.92908379e-056 6.29108790e-041
  1.80353514e-047 9.58936498e-054 1.56026355e-052 3.73566372e-083
  1.56328022e-049 2.52142739e-080 3.02816589e-079 3.27190263e-009
  1.00000000e+000]
 [3.10032817e-053 9.71823569e-034 1.18596618e-074 1.00000000e+000
  1.73771952e-040 2.15020699e-044 2.84226752e-034 1.88937287e-057
  4.79987263e-058 2.30261310e-029 2.64423330e-032 2.38749833e-045
  1.06731591e-076 2.18789808e-069 3.05618853e-021 1.82185829e-066
  2.16714864e-030 2.14582703e-036 1.50254827e-005 1.16449532e-067
  1.00000000e+000]
 [2.17398680e-011 4.15665052e-042 3.47096409e-030 1.73771952e-040
  1.00000000e+000 2.51957081e-026 1.40506826e-049 4.38710183e-026
  4.76208604e-022 1.13970922e-027 5.59227207e-015 2.58284068e-020
  7.71784867e-040 8.60960555e-025 1.10184230e-038 1.85001366e-027
  9.57211007e-026 1.25601913e-054 2.40210138e-036 2.58888778e-030
  1.00000000e+000]
 [8.48764286e-025 6.32872449e-010 4.68272082e-037 2.15020699e-044
  2.51957081e-026 1.00000000e+000 8.61615417e-025 6.04750001e-077
  1.59570268e-040 3.85830747e-013 2.43455076e-049 1.12470759e-040
  1.19745633e-034 6.19561864e-024 1.82719692e-016 7.69129410e-052
  2.12902623e-038 5.97088186e-023 6.90331751e-046 1.52983640e-020
  1.00000000e+000]
 [4.37449728e-057 9.86284548e-011 8.58254192e-031 2.84226752e-034
  1.40506826e-049 8.61615417e-025 1.00000000e+000 4.43920911e-072
  2.62699122e-066 1.47330672e-039 3.61173584e-065 6.61470767e-052
  6.25796265e-062 2.54605076e-072 2.57545797e-025 6.56815172e-098
  8.50657131e-051 3.20309819e-048 6.67661195e-040 1.30940527e-021
  1.00000000e+000]
 [1.08338771e-037 5.94082925e-082 5.80586232e-059 1.88937287e-057
  4.38710183e-026 6.04750001e-077 4.43920911e-072 1.00000000e+000
  9.99344150e-082 1.63933973e-066 4.51059785e-039 1.49542521e-054
  6.00611100e-112 5.53734871e-093 8.63943989e-084 7.43312513e-083
  3.73069103e-074 2.60130231e-128 3.53399239e-044 1.03120145e-068
  1.00000000e+000]
 [1.14746752e-049 5.74699964e-059 1.35679860e-034 4.79987263e-058
  4.76208604e-022 1.59570268e-040 2.62699122e-066 9.99344150e-082
  1.00000000e+000 3.71813643e-057 3.10055554e-032 9.31947391e-032
  1.60782053e-023 8.85355196e-025 2.51523680e-041 7.09641147e-032
  4.17599562e-019 6.52738347e-043 1.56059704e-065 2.90429487e-040
  1.00000000e+000]
 [2.48693095e-015 1.16274325e-018 4.07157233e-069 2.30261310e-029
  1.13970922e-027 3.85830747e-013 1.47330672e-039 1.63933973e-066
  3.71813643e-057 1.00000000e+000 4.83483632e-034 1.61840774e-033
  7.34244136e-046 2.54712957e-028 3.71104924e-027 4.59846396e-037
  3.35239057e-033 6.18134500e-023 3.13532957e-028 1.82974762e-043
  1.00000000e+000]
 [2.77282765e-022 1.15801525e-051 6.92908379e-056 2.64423330e-032
  5.59227207e-015 2.43455076e-049 3.61173584e-065 4.51059785e-039
  3.10055554e-032 4.83483632e-034 1.00000000e+000 9.45527812e-009
  3.07805381e-050 2.29037102e-029 7.97094463e-054 2.07613352e-027
  2.28330650e-011 4.17223404e-053 1.56198720e-038 5.93417637e-051
  1.00000000e+000]
 [6.08924920e-021 3.47132788e-040 6.29108790e-041 2.38749833e-045
  2.58284068e-020 1.12470759e-040 6.61470767e-052 1.49542521e-054
  9.31947391e-032 1.61840774e-033 9.45527812e-009 1.00000000e+000
  6.18652500e-029 3.77757123e-022 2.97405896e-059 4.81278374e-027
  5.92114336e-009 9.59292156e-048 1.73335269e-054 1.25392753e-028
  1.00000000e+000]
 [2.99737139e-044 2.42657796e-051 1.80353514e-047 1.06731591e-076
  7.71784867e-040 1.19745633e-034 6.25796265e-062 6.00611100e-112
  1.60782053e-023 7.34244136e-046 3.07805381e-050 6.18652500e-029
  1.00000000e+000 6.62757146e-023 1.53363910e-060 1.61544165e-023
  9.40656081e-026 2.63282028e-035 4.49935770e-082 1.82360307e-029
  1.00000000e+000]
 [1.08220223e-022 1.72233503e-041 9.58936498e-054 2.18789808e-069
  8.60960555e-025 6.19561864e-024 2.54605076e-072 5.53734871e-093
  8.85355196e-025 2.54712957e-028 2.29037102e-029 3.77757123e-022
  6.62757146e-023 1.00000000e+000 5.87978763e-049 4.74977035e-023
  9.30542147e-022 1.07996495e-030 8.06959940e-078 6.09666511e-037
  1.00000000e+000]
 [1.12506714e-054 1.15853837e-017 1.56026355e-052 3.05618853e-021
  1.10184230e-038 1.82719692e-016 2.57545797e-025 8.63943989e-084
  2.51523680e-041 3.71104924e-027 7.97094463e-054 2.97405896e-059
  1.53363910e-060 5.87978763e-049 1.00000000e+000 1.20738625e-073
  2.55276653e-039 4.52251090e-020 2.18588479e-027 3.24375018e-047
  1.00000000e+000]
 [2.78224349e-027 5.31094795e-077 3.73566372e-083 1.82185829e-066
  1.85001366e-027 7.69129410e-052 6.56815172e-098 7.43312513e-083
  7.09641147e-032 4.59846396e-037 2.07613352e-027 4.81278374e-027
  1.61544165e-023 4.74977035e-023 1.20738625e-073 1.00000000e+000
  5.39264888e-026 1.61882081e-048 1.86287669e-063 1.95988519e-065
  1.00000000e+000]
 [2.83835559e-036 5.25272557e-038 1.56328022e-049 2.16714864e-030
  9.57211007e-026 2.12902623e-038 8.50657131e-051 3.73069103e-074
  4.17599562e-019 3.35239057e-033 2.28330650e-011 5.92114336e-009
  9.40656081e-026 9.30542147e-022 2.55276653e-039 5.39264888e-026
  1.00000000e+000 1.03185870e-025 6.94338645e-044 8.14331135e-040
  1.00000000e+000]
 [1.89725547e-056 2.61921971e-025 2.52142739e-080 2.14582703e-036
  1.25601913e-054 5.97088186e-023 3.20309819e-048 2.60130231e-128
  6.52738347e-043 6.18134500e-023 4.17223404e-053 9.59292156e-048
  2.63282028e-035 1.07996495e-030 4.52251090e-020 1.61882081e-048
  1.03185870e-025 1.00000000e+000 1.99814442e-049 2.12542122e-056
  1.00000000e+000]
 [3.58356218e-047 5.72400492e-043 3.02816589e-079 1.50254827e-005
  2.40210138e-036 6.90331751e-046 6.67661195e-040 3.53399239e-044
  1.56059704e-065 3.13532957e-028 1.56198720e-038 1.73335269e-054
  4.49935770e-082 8.06959940e-078 2.18588479e-027 1.86287669e-063
  6.94338645e-044 1.99814442e-049 1.00000000e+000 1.12483617e-072
  1.00000000e+000]
 [2.07987582e-034 2.56667298e-022 3.27190263e-009 1.16449532e-067
  2.58888778e-030 1.52983640e-020 1.30940527e-021 1.03120145e-068
  2.90429487e-040 1.82974762e-043 5.93417637e-051 1.25392753e-028
  1.82360307e-029 6.09666511e-037 3.24375018e-047 1.95988519e-065
  8.14331135e-040 2.12542122e-056 1.12483617e-072 1.00000000e+000
  1.00000000e+000]
 [1.00000000e+000 1.00000000e+000 1.00000000e+000 1.00000000e+000
  1.00000000e+000 1.00000000e+000 1.00000000e+000 1.00000000e+000
  1.00000000e+000 1.00000000e+000 1.00000000e+000 1.00000000e+000
  1.00000000e+000 1.00000000e+000 1.00000000e+000 1.00000000e+000
  1.00000000e+000 1.00000000e+000 1.00000000e+000 1.00000000e+000
  0.00000000e+000]]
