[[1.00000000e+000 1.54138260e-044 1.80196797e-036 9.34301809e-060
  1.43838416e-023 3.15907112e-070 2.79474488e-062 5.55473848e-030
  1.16835358e-014 3.38892731e-039 1.52147242e-045 2.42907973e-022
  4.53503139e-029 3.74223208e-061 1.49333514e-022 1.06960443e-028
  1.09110790e-023 1.66251195e-015 6.66845685e-029 6.22139000e-066
  1.00000000e+000]
 [1.54138260e-044 1.00000000e+000 7.59906969e-034 1.25714778e-026
  1.88831814e-040 5.87606055e-017 5.46287734e-028 6.21876448e-045
  4.37119114e-034 4.73825986e-048 5.98758105e-055 6.27997048e-043
  2.19250709e-044 5.19830092e-027 7.47913313e-057 3.77466137e-065
  7.41908396e-067 5.21359940e-033 3.37698288e-030 4.03290164e-028
  1.00000000e+000]
 [1.80196797e-036 7.59906969e-034 1.00000000e+000 2.27438429e-051
  2.02515760e-029 4.77105421e-064 2.47302849e-037 9.28297206e-024
  2.01383430e-037 1.28505826e-026 5.08334460e-076 1.44890449e-045
  3.24431809e-062 1.61348607e-053 1.00772552e-016 7.41278604e-075
  6.00318838e-056 4.52344936e-038 2.08204394e-047 3.95243286e-070
  1.00000000e+000]
 [9.34301809e-060 1.25714778e-026 2.27438429e-051 1.00000000e+000
  4.94676516e-041 7.94047510e-022 2.16374872e-038 2.96483208e-031
  2.34528453e-073 4.19049257e-069 2.02218587e-064 1.04382424e-045
  1.66841756e-048 1.38951242e-057 2.56118536e-058 4.46706959e-049
  3.82191988e-052 7.38875941e-050 1.32660816e-026 2.77565852e-084
  1.00000000e+000]
 [1.43838416e-023 1.88831814e-040 2.02515760e-029 4.94676516e-041
  1.00000000e+000 4.43716646e-069 2.51292199e-047 1.41780926e-008
  2.00400608e-039 7.17495404e-040 8.46064260e-027 2.57253312e-029
  3.08686686e-060 6.38274802e-034 1.01650915e-028 3.77147984e-026
  8.58616109e-060 5.88091256e-018 3.64288917e-017 1.55614596e-063
  1.00000000e+000]
 [3.15907112e-070 5.87606055e-017 4.77105421e-064 7.94047510e-022
  4.43716646e-069 1.00000000e+000 1.92462599e-021 3.50318900e-058
  7.85476007e-053 1.40661060e-053 6.23115848e-061 1.31513700e-040
  1.19064363e-042 2.09685766e-040 2.58993011e-072 1.14907856e-091
  5.56157717e-064 4.10340140e-053 3.54454004e-042 2.01524218e-051
  1.00000000e+000]
 [2.79474488e-062 5.46287734e-028 2.47302849e-037 2.16374872e-038
  2.51292199e-047 1.92462599e-021 1.00000000e+000 9.37001531e-038
  5.70363595e-038 2.03937598e-016 1.36664406e-038 3.42606027e-022
  4.04905344e-044 2.97301880e-027 9.53594406e-048 3.22376356e-092
  8.61443791e-074 9.62963132e-052 3.08278693e-052 1.35505576e-038
  1.00000000e+000]
 [5.55473848e-030 6.21876448e-045 9.28297206e-024 2.96483208e-031
  1.41780926e-008 3.50318900e-058 9.37001531e-038 1.00000000e+000
  3.37903111e-045 3.05487104e-030 1.03948736e-037 4.12414857e-026
  1.09679326e-060 3.57386132e-040 2.32249974e-014 4.05966557e-043
  1.56423463e-042 4.94515194e-020 1.47297984e-016 1.28374074e-085
  1.00000000e+000]
 [1.16835358e-014 4.37119114e-034 2.01383430e-037 2.34528453e-073
  2.00400608e-039 7.85476007e-053 5.70363595e-038 3.37903111e-045
  1.00000000e+000 2.86727554e-019 1.12988179e-037 3.54128073e-017
  7.19900556e-029 2.48937621e-039 5.72258381e-032 6.69279213e-065
  4.09844341e-044 1.21263209e-021 1.26470443e-043 7.35120705e-033
  1.00000000e+000]
 [3.38892731e-039 4.73825986e-048 1.28505826e-026 4.19049257e-069
  7.17495404e-040 1.40661060e-053 2.03937598e-016 3.05487104e-030
  2.86727554e-019 1.00000000e+000 4.30051709e-039 5.62506160e-016
  2.30160288e-048 4.88642240e-036 6.67372197e-021 9.63972595e-093
  1.36301241e-056 2.00993195e-036 7.21177262e-054 5.28496318e-053
  1.00000000e+000]
 [1.52147242e-045 5.98758105e-055 5.08334460e-076 2.02218587e-064
  8.46064260e-027 6.23115848e-061 1.36664406e-038 1.03948736e-037
  1.12988179e-037 4.30051709e-039 1.00000000e+000 1.86063446e-018
  2.91813354e-057 7.22898814e-023 2.08598621e-064 3.39499278e-052
  5.28122155e-087 1.85889836e-033 7.08011493e-036 3.06620883e-042
  1.00000000e+000]
 [2.42907973e-022 6.27997048e-043 1.44890449e-045 1.04382424e-045
  2.57253312e-029 1.31513700e-040 3.42606027e-022 4.12414857e-026
  3.54128073e-017 5.62506160e-016 1.86063446e-018 1.00000000e+000
  2.17282626e-019 6.63975656e-040 1.32260759e-029 2.87739455e-047
  2.01682471e-035 5.23557002e-028 6.09952886e-035 2.59743140e-049
  1.00000000e+000]
 [4.53503139e-029 2.19250709e-044 3.24431809e-062 1.66841756e-048
  3.08686686e-060 1.19064363e-042 4.04905344e-044 1.09679326e-060
  7.19900556e-029 2.30160288e-048 2.91813354e-057 2.17282626e-019
  1.00000000e+000 2.19728084e-082 9.82706372e-057 4.38466272e-046
  3.61762566e-032 5.79838999e-057 2.05520668e-061 2.00956407e-057
  1.00000000e+000]
 [3.74223208e-061 5.19830092e-027 1.61348607e-053 1.38951242e-057
  6.38274802e-034 2.09685766e-040 2.97301880e-027 3.57386132e-040
  2.48937621e-039 4.88642240e-036 7.22898814e-023 6.63975656e-040
  2.19728084e-082 1.00000000e+000 1.49307197e-062 1.19517868e-088
  8.78528042e-103 5.61186160e-028 7.94317774e-031 1.60118455e-029
  1.00000000e+000]
 [1.49333514e-022 7.47913313e-057 1.00772552e-016 2.56118536e-058
  1.01650915e-028 2.58993011e-072 9.53594406e-048 2.32249974e-014
  5.72258381e-032 6.67372197e-021 2.08598621e-064 1.32260759e-029
  9.82706372e-057 1.49307197e-062 1.00000000e+000 1.63631774e-068
  1.02524477e-025 5.55660011e-024 4.14631123e-036 1.07312572e-098
  1.00000000e+000]
 [1.06960443e-028 3.77466137e-065 7.41278604e-075 4.46706959e-049
  3.77147984e-026 1.14907856e-091 3.22376356e-092 4.05966557e-043
  6.69279213e-065 9.63972595e-093 3.39499278e-052 2.87739455e-047
  4.38466272e-046 1.19517868e-088 1.63631774e-068 1.00000000e+000
  2.80162281e-058 1.10084598e-047 1.99740434e-038 4.32217820e-092
  1.00000000e+000]
 [1.09110790e-023 7.41908396e-067 6.00318838e-056 3.82191988e-052
  8.58616109e-060 5.56157717e-064 8.61443791e-074 1.56423463e-042
  4.09844341e-044 1.36301241e-056 5.28122155e-087 2.01682471e-035
  3.61762566e-032 8.78528042e-103 1.02524477e-025 2.80162281e-058
  1.00000000e+000 2.32171388e-039 1.26682432e-043 2.31013624e-123
  1.00000000e+000]
 [1.66251195e-015 5.21359940e-033 4.52344936e-038 7.38875941e-050
  5.88091256e-018 4.10340140e-053 9.62963132e-052 4.94515194e-020
  1.21263209e-021 2.00993195e-036 1.85889836e-033 5.23557002e-028
  5.79838999e-057 5.61186160e-028 5.55660011e-024 1.10084598e-047
  2.32171388e-039 1.00000000e+000 3.15152553e-008 6.51338313e-062
  1.00000000e+000]
 [6.66845685e-029 3.37698288e-030 2.08204394e-047 1.32660816e-026
  3.64288917e-017 3.54454004e-042 3.08278693e-052 1.47297984e-016
  1.26470443e-043 7.21177262e-054 7.08011493e-036 6.09952886e-035
  2.05520668e-061 7.94317774e-031 4.14631123e-036 1.99740434e-038
  1.26682432e-043 3.15152553e-008 1.00000000e+000 4.44245222e-074
  1.00000000e+000]
 [6.22139000e-066 4.03290164e-028 3.95243286e-070 2.77565852e-084
  1.55614596e-063 2.01524218e-051 1.35505576e-038 1.28374074e-085
  7.35120705e-033 5.28496318e-053 3.06620883e-042 2.59743140e-049
  2.00956407e-057 1.60118455e-029 1.07312572e-098 4.32217820e-092
  2.31013624e-123 6.51338313e-062 4.44245222e-074 1.00000000e+000
  1.00000000e+000]
 [1.00000000e+000 1.00000000e+000 1.00000000e+000 1.00000000e+000
  1.00000000e+000 1.00000000e+000 1.00000000e+000 1.00000000e+000
  1.00000000e+000 1.00000000e+000 1.00000000e+000 1.00000000e+000
  1.00000000e+000 1.00000000e+000 1.00000000e+000 1.00000000e+000
  1.00000000e+000 1.00000000e+000 1.00000000e+000 1.00000000e+000
  0.00000000e+000]]
