[[1.00000000e+000 2.55789397e-065 1.45062969e-027 1.83588499e-050
  6.12936601e-074 1.81058773e-033 2.35874003e-078 7.67237257e-051
  2.46352439e-037 9.13551347e-051 3.24079201e-051 3.58612658e-072
  1.57059604e-058 9.53226449e-018 6.49963754e-037 1.00883123e-047
  1.72381662e-015 9.85682811e-033 9.85020144e-053 1.03640304e-031
  1.00000000e+000]
 [2.55789397e-065 1.00000000e+000 2.13243085e-055 4.60525748e-020
  3.62472939e-059 2.64902788e-044 7.22337876e-049 1.55070096e-072
  6.00164287e-027 8.37923145e-021 6.47373001e-032 4.06861792e-010
  6.94660817e-042 1.67387933e-058 3.68576055e-037 5.43813589e-056
  8.38810002e-044 2.50440841e-031 2.81337831e-051 1.50354354e-064
  1.00000000e+000]
 [1.45062969e-027 2.13243085e-055 1.00000000e+000 1.54565140e-056
  1.42931343e-062 1.38140381e-052 3.91432623e-034 1.40340483e-052
  7.63236706e-028 7.90218239e-043 1.31280828e-068 3.71650804e-069
  2.48227230e-089 7.67296063e-013 3.41064689e-036 2.51375633e-035
  3.52115111e-016 3.27364227e-066 2.55782780e-079 7.53333207e-034
  1.00000000e+000]
 [1.83588499e-050 4.60525748e-020 1.54565140e-056 1.00000000e+000
  5.83219377e-063 2.67431338e-033 1.74375576e-074 4.63250595e-062
  8.63986011e-041 1.56077490e-004 1.22037970e-047 9.09465287e-038
  6.01010131e-065 1.02862393e-057 4.57559706e-031 4.84874705e-056
  9.52109214e-032 2.49289697e-029 3.46310620e-045 5.92649070e-066
  1.00000000e+000]
 [6.12936601e-074 3.62472939e-059 1.42931343e-062 5.83219377e-063
  1.00000000e+000 3.08094497e-037 1.98210879e-063 6.46978818e-044
  1.27627697e-032 1.11348174e-056 3.29332581e-058 4.28049574e-077
  7.04253828e-104 9.25578255e-054 6.00063770e-031 3.32981649e-010
  7.10650350e-064 2.00572858e-037 3.28277261e-043 4.56900333e-057
  1.00000000e+000]
 [1.81058773e-033 2.64902788e-044 1.38140381e-052 2.67431338e-033
  3.08094497e-037 1.00000000e+000 1.94618872e-048 2.41361411e-015
  2.86048673e-044 8.73210203e-035 1.21521836e-016 1.61797214e-051
  4.52592988e-036 8.31356469e-028 3.64165112e-019 3.04758868e-033
  2.86652970e-027 6.65932174e-020 1.62861713e-006 1.22115584e-021
  1.00000000e+000]
 [2.35874003e-078 7.22337876e-049 3.91432623e-034 1.74375576e-074
  1.98210879e-063 1.94618872e-048 1.00000000e+000 4.00824254e-049
  1.36179706e-047 1.93593103e-061 5.01843552e-042 1.02755978e-049
  2.06617567e-069 1.76746297e-037 1.12617669e-038 1.74843476e-055
  1.04303118e-049 3.82398915e-085 2.13869959e-059 1.15111816e-041
  1.00000000e+000]
 [7.67237257e-051 1.55070096e-072 1.40340483e-052 4.63250595e-062
  6.46978818e-044 2.41361411e-015 4.00824254e-049 1.00000000e+000
  1.02261920e-072 1.26209947e-049 8.89946695e-049 1.38902052e-095
  9.16404488e-062 1.01201903e-020 8.16000444e-049 7.69302619e-027
  1.63402043e-027 7.04235131e-050 1.41458509e-034 8.38850162e-009
  1.00000000e+000]
 [2.46352439e-037 6.00164287e-027 7.63236706e-028 8.63986011e-041
  1.27627697e-032 2.86048673e-044 1.36179706e-047 1.02261920e-072
  1.00000000e+000 4.61445260e-041 6.97662067e-040 5.31163047e-029
  3.16668761e-072 5.46724945e-040 5.22879535e-016 2.30087963e-031
  3.41657403e-041 4.96772554e-029 4.03343905e-051 3.84945203e-060
  1.00000000e+000]
 [9.13551347e-051 8.37923145e-021 7.90218239e-043 1.56077490e-004
  1.11348174e-056 8.73210203e-035 1.93593103e-061 1.26209947e-049
  4.61445260e-041 1.00000000e+000 1.57578813e-055 4.22841556e-046
  8.25580097e-071 6.51559265e-045 2.93117953e-035 3.28219354e-043
  2.36896034e-022 7.16494819e-037 7.93490445e-054 9.81047026e-053
  1.00000000e+000]
 [3.24079201e-051 6.47373001e-032 1.31280828e-068 1.22037970e-047
  3.29332581e-058 1.21521836e-016 5.01843552e-042 8.89946695e-049
  6.97662067e-040 1.57578813e-055 1.00000000e+000 5.22662862e-021
  1.67417418e-016 2.32282802e-049 6.38801251e-024 6.87554940e-063
  1.02059679e-051 1.69009602e-026 7.78525432e-011 2.86139774e-044
  1.00000000e+000]
 [3.58612658e-072 4.06861792e-010 3.71650804e-069 9.09465287e-038
  4.28049574e-077 1.61797214e-051 1.02755978e-049 1.38902052e-095
  5.31163047e-029 4.22841556e-046 5.22662862e-021 1.00000000e+000
  1.19906988e-036 1.48625690e-074 1.49684344e-034 2.12704533e-082
  6.42375337e-065 2.93497876e-040 2.10124115e-047 1.20916262e-082
  1.00000000e+000]
 [1.57059604e-058 6.94660817e-042 2.48227230e-089 6.01010131e-065
  7.04253828e-104 4.52592988e-036 2.06617567e-069 9.16404488e-062
  3.16668761e-072 8.25580097e-071 1.67417418e-016 1.19906988e-036
  1.00000000e+000 1.29978103e-057 1.14818637e-065 5.14886360e-092
  1.19246885e-054 3.09951154e-039 4.16179032e-038 2.35567295e-045
  1.00000000e+000]
 [9.53226449e-018 1.67387933e-058 7.67296063e-013 1.02862393e-057
  9.25578255e-054 8.31356469e-028 1.76746297e-037 1.01201903e-020
  5.46724945e-040 6.51559265e-045 2.32282802e-049 1.48625690e-074
  1.29978103e-057 1.00000000e+000 9.17002841e-039 3.16754052e-025
  6.28605334e-008 8.87318647e-047 6.49650789e-053 9.31361187e-007
  1.00000000e+000]
 [6.49963754e-037 3.68576055e-037 3.41064689e-036 4.57559706e-031
  6.00063770e-031 3.64165112e-019 1.12617669e-038 8.16000444e-049
  5.22879535e-016 2.93117953e-035 6.38801251e-024 1.49684344e-034
  1.14818637e-065 9.17002841e-039 1.00000000e+000 3.73145542e-036
  1.05422671e-038 2.12154096e-029 2.56491926e-020 1.11918984e-050
  1.00000000e+000]
 [1.00883123e-047 5.43813589e-056 2.51375633e-035 4.84874705e-056
  3.32981649e-010 3.04758868e-033 1.74843476e-055 7.69302619e-027
  2.30087963e-031 3.28219354e-043 6.87554940e-063 2.12704533e-082
  5.14886360e-092 3.16754052e-025 3.73145542e-036 1.00000000e+000
  2.36468924e-033 3.72263663e-036 2.41895904e-052 3.11166370e-030
  1.00000000e+000]
 [1.72381662e-015 8.38810002e-044 3.52115111e-016 9.52109214e-032
  7.10650350e-064 2.86652970e-027 1.04303118e-049 1.63402043e-027
  3.41657403e-041 2.36896034e-022 1.02059679e-051 6.42375337e-065
  1.19246885e-054 6.28605334e-008 1.05422671e-038 2.36468924e-033
  1.00000000e+000 2.02313081e-039 2.86016744e-054 1.20350827e-015
  1.00000000e+000]
 [9.85682811e-033 2.50440841e-031 3.27364227e-066 2.49289697e-029
  2.00572858e-037 6.65932174e-020 3.82398915e-085 7.04235131e-050
  4.96772554e-029 7.16494819e-037 1.69009602e-026 2.93497876e-040
  3.09951154e-039 8.87318647e-047 2.12154096e-029 3.72263663e-036
  2.02313081e-039 1.00000000e+000 1.43787969e-023 7.75926049e-048
  1.00000000e+000]
 [9.85020144e-053 2.81337831e-051 2.55782780e-079 3.46310620e-045
  3.28277261e-043 1.62861713e-006 2.13869959e-059 1.41458509e-034
  4.03343905e-051 7.93490445e-054 7.78525432e-011 2.10124115e-047
  4.16179032e-038 6.49650789e-053 2.56491926e-020 2.41895904e-052
  2.86016744e-054 1.43787969e-023 1.00000000e+000 1.48499128e-044
  1.00000000e+000]
 [1.03640304e-031 1.50354354e-064 7.53333207e-034 5.92649070e-066
  4.56900333e-057 1.22115584e-021 1.15111816e-041 8.38850162e-009
  3.84945203e-060 9.81047026e-053 2.86139774e-044 1.20916262e-082
  2.35567295e-045 9.31361187e-007 1.11918984e-050 3.11166370e-030
  1.20350827e-015 7.75926049e-048 1.48499128e-044 1.00000000e+000
  1.00000000e+000]
 [1.00000000e+000 1.00000000e+000 1.00000000e+000 1.00000000e+000
  1.00000000e+000 1.00000000e+000 1.00000000e+000 1.00000000e+000
  1.00000000e+000 1.00000000e+000 1.00000000e+000 1.00000000e+000
  1.00000000e+000 1.00000000e+000 1.00000000e+000 1.00000000e+000
  1.00000000e+000 1.00000000e+000 1.00000000e+000 1.00000000e+000
  0.00000000e+000]]
