[[1.00000000e+00 3.91372502e-32 6.51619228e-64 ... 1.43601068e-40
  4.81372488e-17 1.00000000e+00]
 [3.91372502e-32 1.00000000e+00 6.32229577e-45 ... 2.20674829e-38
  4.41952230e-29 1.00000000e+00]
 [6.51619228e-64 6.32229577e-45 1.00000000e+00 ... 6.24991198e-66
  6.14697691e-26 1.00000000e+00]
 ...
 [1.43601068e-40 2.20674829e-38 6.24991198e-66 ... 1.00000000e+00
  1.15053354e-39 1.00000000e+00]
 [4.81372488e-17 4.41952230e-29 6.14697691e-26 ... 1.15053354e-39
  1.00000000e+00 1.00000000e+00]
 [1.00000000e+00 1.00000000e+00 1.00000000e+00 ... 1.00000000e+00
  1.00000000e+00 0.00000000e+00]]
