[[1.00000000e+00 1.57585247e-23 4.09213951e-44 7.85492270e-19
  3.30107059e-38 4.31444979e-60 5.40247125e-49 2.02556467e-09
  5.59300909e-15 1.40048998e-51 5.07637934e-42 1.42696290e-96
  9.77102257e-75 3.27182246e-56 1.13162887e-37 6.10926009e-46
  1.13348908e-70 3.05082005e-39 6.84662950e-65 1.41791227e-58
  1.00000000e+00]
 [1.57585247e-23 1.00000000e+00 4.26348297e-27 8.56898482e-17
  9.61095764e-45 2.53163904e-35 7.99470528e-53 2.17127492e-26
  1.39266059e-28 1.14970578e-22 2.25517155e-39 9.23910012e-52
  3.46315139e-29 2.99694180e-28 2.73675505e-28 3.68526099e-31
  2.91497216e-56 3.37665521e-18 6.03213398e-16 9.68381381e-37
  1.00000000e+00]
 [4.09213951e-44 4.26348297e-27 1.00000000e+00 5.81646741e-47
  5.91920461e-25 2.39040633e-20 2.35542650e-49 7.25566166e-50
  8.71873809e-36 9.72983959e-24 7.68635836e-66 1.08740185e-31
  1.88672048e-21 7.35387822e-66 4.67991954e-53 4.08136323e-03
  1.48959248e-44 5.47890148e-47 1.28954508e-23 3.90043073e-15
  1.00000000e+00]
 [7.85492270e-19 8.56898482e-17 5.81646741e-47 1.00000000e+00
  3.65179508e-54 8.86378831e-67 1.22276784e-53 2.56601382e-07
  1.50199439e-16 2.22906560e-28 1.06102116e-43 2.86949379e-66
  3.09184203e-42 2.78208697e-22 6.60120824e-28 1.14180416e-53
  2.37745138e-50 1.75806387e-17 1.35283202e-52 2.15380780e-46
  1.00000000e+00]
 [3.30107059e-38 9.61095764e-45 5.91920461e-25 3.65179508e-54
  1.00000000e+00 1.80339070e-60 5.03036263e-30 5.06920842e-58
  9.03228366e-42 1.98318457e-38 9.46302230e-67 2.38960194e-51
  1.82179824e-54 2.64219219e-70 2.75122375e-85 4.97332352e-25
  3.66701642e-23 8.56865862e-42 1.81589052e-60 7.89368298e-22
  1.00000000e+00]
 [4.31444979e-60 2.53163904e-35 2.39040633e-20 8.86378831e-67
  1.80339070e-60 1.00000000e+00 1.36337896e-57 2.11363124e-63
  9.60778100e-47 5.91196922e-58 4.40126265e-39 2.62905193e-40
  1.13094106e-32 1.65947834e-66 1.67833512e-34 1.95519888e-24
  4.73877639e-78 4.71453279e-86 4.90400206e-18 6.12120530e-50
  1.00000000e+00]
 [5.40247125e-49 7.99470528e-53 2.35542650e-49 1.22276784e-53
  5.03036263e-30 1.36337896e-57 1.00000000e+00 2.37107034e-55
  4.05121010e-57 8.96406469e-76 8.47161164e-32 3.28534842e-56
  5.31771239e-56 5.85484795e-39 1.25670557e-79 1.69767283e-63
  6.03754480e-27 8.72742504e-64 2.85031028e-63 2.94643538e-31
  1.00000000e+00]
 [2.02556467e-09 2.17127492e-26 7.25566166e-50 2.56601382e-07
  5.06920842e-58 2.11363124e-63 2.37107034e-55 1.00000000e+00
  7.59113993e-11 7.15704615e-48 4.30237704e-41 5.05308430e-88
  3.12910835e-62 2.02904601e-41 5.28749885e-25 9.51747256e-56
  9.27084501e-70 2.75973386e-39 1.25846518e-67 2.38541685e-60
  1.00000000e+00]
 [5.59300909e-15 1.39266059e-28 8.71873809e-36 1.50199439e-16
  9.03228366e-42 9.60778100e-47 4.05121010e-57 7.59113993e-11
  1.00000000e+00 1.38761642e-33 7.06995108e-37 4.96897787e-62
  4.54933078e-51 1.76402473e-48 5.29887197e-17 1.32967993e-34
  7.02456154e-56 5.46206585e-43 3.69547978e-59 3.09765810e-56
  1.00000000e+00]
 [1.40048998e-51 1.14970578e-22 9.72983959e-24 2.22906560e-28
  1.98318457e-38 5.91196922e-58 8.96406469e-76 7.15704615e-48
  1.38761642e-33 1.00000000e+00 6.06509982e-80 2.66730735e-30
  3.34033373e-19 1.97465026e-46 4.55316575e-51 1.18971036e-22
  6.72135525e-36 3.79936828e-15 6.26414247e-34 2.69765208e-27
  1.00000000e+00]
 [5.07637934e-42 2.25517155e-39 7.68635836e-66 1.06102116e-43
  9.46302230e-67 4.40126265e-39 8.47161164e-32 4.30237704e-41
  7.06995108e-37 6.06509982e-80 1.00000000e+00 4.74977590e-64
  7.48357463e-61 2.41245475e-28 1.18901016e-26 4.47571205e-74
  2.23249602e-64 9.57375472e-75 3.22912042e-51 1.87372496e-75
  1.00000000e+00]
 [1.42696290e-96 9.23910012e-52 1.08740185e-31 2.86949379e-66
  2.38960194e-51 2.62905193e-40 3.28534842e-56 5.05308430e-88
  4.96897787e-62 2.66730735e-30 4.74977590e-64 1.00000000e+00
  3.50077641e-09 1.89127416e-44 6.40469749e-65 6.29232942e-37
  3.75845377e-25 4.51510624e-59 1.90505748e-31 1.65964038e-28
  1.00000000e+00]
 [9.77102257e-75 3.46315139e-29 1.88672048e-21 3.09184203e-42
  1.82179824e-54 1.13094106e-32 5.31771239e-56 3.12910835e-62
  4.54933078e-51 3.34033373e-19 7.48357463e-61 3.50077641e-09
  1.00000000e+00 4.22261915e-32 7.03370190e-49 1.18596977e-29
  8.24018173e-34 1.21155147e-39 1.07988464e-16 7.42308928e-20
  1.00000000e+00]
 [3.27182246e-56 2.99694180e-28 7.35387822e-66 2.78208697e-22
  2.64219219e-70 1.65947834e-66 5.85484795e-39 2.02904601e-41
  1.76402473e-48 1.97465026e-46 2.41245475e-28 1.89127416e-44
  4.22261915e-32 1.00000000e+00 4.11866888e-42 3.14011141e-79
  5.67623830e-38 9.35383755e-32 7.83666550e-43 4.21309242e-49
  1.00000000e+00]
 [1.13162887e-37 2.73675505e-28 4.67991954e-53 6.60120824e-28
  2.75122375e-85 1.67833512e-34 1.25670557e-79 5.28749885e-25
  5.29887197e-17 4.55316575e-51 1.18901016e-26 6.40469749e-65
  7.03370190e-49 4.11866888e-42 1.00000000e+00 1.49713624e-54
  9.24504242e-89 1.88716671e-64 2.24884655e-44 1.52880008e-83
  1.00000000e+00]
 [6.10926009e-46 3.68526099e-31 4.08136323e-03 1.14180416e-53
  4.97332352e-25 1.95519888e-24 1.69767283e-63 9.51747256e-56
  1.32967993e-34 1.18971036e-22 4.47571205e-74 6.29232942e-37
  1.18596977e-29 3.14011141e-79 1.49713624e-54 1.00000000e+00
  4.88428514e-52 9.54250495e-51 3.05040399e-29 7.48610014e-25
  1.00000000e+00]
 [1.13348908e-70 2.91497216e-56 1.48959248e-44 2.37745138e-50
  3.66701642e-23 4.73877639e-78 6.03754480e-27 9.27084501e-70
  7.02456154e-56 6.72135525e-36 2.23249602e-64 3.75845377e-25
  8.24018173e-34 5.67623830e-38 9.24504242e-89 4.88428514e-52
  1.00000000e+00 7.43326034e-38 2.13057014e-64 2.53336314e-19
  1.00000000e+00]
 [3.05082005e-39 3.37665521e-18 5.47890148e-47 1.75806387e-17
  8.56865862e-42 4.71453279e-86 8.72742504e-64 2.75973386e-39
  5.46206585e-43 3.79936828e-15 9.57375472e-75 4.51510624e-59
  1.21155147e-39 9.35383755e-32 1.88716671e-64 9.54250495e-51
  7.43326034e-38 1.00000000e+00 2.35790834e-47 2.32867731e-34
  1.00000000e+00]
 [6.84662950e-65 6.03213398e-16 1.28954508e-23 1.35283202e-52
  1.81589052e-60 4.90400206e-18 2.85031028e-63 1.25846518e-67
  3.69547978e-59 6.26414247e-34 3.22912042e-51 1.90505748e-31
  1.07988464e-16 7.83666550e-43 2.24884655e-44 3.05040399e-29
  2.13057014e-64 2.35790834e-47 1.00000000e+00 1.38975026e-36
  1.00000000e+00]
 [1.41791227e-58 9.68381381e-37 3.90043073e-15 2.15380780e-46
  7.89368298e-22 6.12120530e-50 2.94643538e-31 2.38541685e-60
  3.09765810e-56 2.69765208e-27 1.87372496e-75 1.65964038e-28
  7.42308928e-20 4.21309242e-49 1.52880008e-83 7.48610014e-25
  2.53336314e-19 2.32867731e-34 1.38975026e-36 1.00000000e+00
  1.00000000e+00]
 [1.00000000e+00 1.00000000e+00 1.00000000e+00 1.00000000e+00
  1.00000000e+00 1.00000000e+00 1.00000000e+00 1.00000000e+00
  1.00000000e+00 1.00000000e+00 1.00000000e+00 1.00000000e+00
  1.00000000e+00 1.00000000e+00 1.00000000e+00 1.00000000e+00
  1.00000000e+00 1.00000000e+00 1.00000000e+00 1.00000000e+00
  0.00000000e+00]]
