[[1.00000000e+00 1.79939137e-62 3.81859754e-80 ... 5.08673961e-61
  2.41815003e-24 1.00000000e+00]
 [1.79939137e-62 1.00000000e+00 1.49167844e-40 ... 2.39816865e-35
  6.50460661e-19 1.00000000e+00]
 [3.81859754e-80 1.49167844e-40 1.00000000e+00 ... 2.09087252e-38
  1.43882741e-67 1.00000000e+00]
 ...
 [5.08673961e-61 2.39816865e-35 2.09087252e-38 ... 1.00000000e+00
  5.69549709e-46 1.00000000e+00]
 [2.41815003e-24 6.50460661e-19 1.43882741e-67 ... 5.69549709e-46
  1.00000000e+00 1.00000000e+00]
 [1.00000000e+00 1.00000000e+00 1.00000000e+00 ... 1.00000000e+00
  1.00000000e+00 0.00000000e+00]]
