[[1.00000000e+000 5.31765320e-042 2.21522344e-042 3.06730880e-035
  4.10704095e-021 1.41532924e-009 1.98486804e-063 6.98585903e-060
  8.63823024e-038 1.91053392e-082 2.59220426e-020 2.53540726e-011
  1.52152544e-027 3.22113516e-042 4.57185138e-069 1.69383966e-008
  1.80577863e-055 9.76246909e-020 3.87481259e-020 1.96022562e-038
  1.00000000e+000]
 [5.31765320e-042 1.00000000e+000 1.32987909e-010 1.38748583e-080
  1.43148336e-048 3.39067152e-042 2.51714851e-058 1.36023385e-034
  7.48544440e-043 2.84395768e-040 6.74852182e-045 5.72428672e-033
  2.23630428e-022 3.79688381e-085 5.26698849e-069 5.36666829e-041
  2.67448417e-017 1.77869174e-030 9.45786203e-056 4.66345211e-079
  1.00000000e+000]
 [2.21522344e-042 1.32987909e-010 1.00000000e+000 5.57297616e-063
  9.79196730e-048 5.71938328e-055 9.42180899e-063 1.49589051e-044
  2.39261094e-056 7.71691959e-035 5.66479189e-024 1.56333531e-038
  4.90201032e-019 3.43233375e-089 4.02321273e-074 2.03375883e-041
  1.07834483e-038 1.51631872e-037 2.32815313e-072 1.46069946e-083
  1.00000000e+000]
 [3.06730880e-035 1.38748583e-080 5.57297616e-063 1.00000000e+000
  6.11489235e-042 1.68999907e-045 1.78070460e-027 8.19363514e-045
  8.00493231e-057 8.12311226e-076 5.59773645e-025 1.09419241e-032
  1.29820845e-039 2.33276836e-042 8.11296589e-031 7.67945512e-045
  7.87684097e-089 6.84596594e-028 1.94267816e-045 8.51244488e-040
  1.00000000e+000]
 [4.10704095e-021 1.43148336e-048 9.79196730e-048 6.11489235e-042
  1.00000000e+000 3.17135031e-033 1.10568995e-057 1.09057049e-054
  1.08576572e-009 1.48856092e-051 3.25440145e-035 1.89187303e-020
  8.39157244e-011 1.27844802e-013 8.10974391e-084 1.10537894e-028
  1.75489244e-061 9.67472855e-045 2.34121569e-017 7.44881398e-044
  1.00000000e+000]
 [1.41532924e-009 3.39067152e-042 5.71938328e-055 1.68999907e-045
  3.17135031e-033 1.00000000e+000 3.14402038e-058 4.00872222e-057
  9.49761098e-040 6.00062540e-085 1.19731824e-045 3.68670768e-009
  1.08291414e-034 1.00469082e-054 1.53711238e-057 1.95057940e-026
  1.15647045e-057 2.70077620e-017 1.21323573e-016 6.89229783e-055
  1.00000000e+000]
 [1.98486804e-063 2.51714851e-058 9.42180899e-063 1.78070460e-027
  1.10568995e-057 3.14402038e-058 1.00000000e+000 1.69036506e-008
  5.83386319e-043 1.38934568e-053 1.09596769e-057 1.19293595e-040
  6.52532011e-041 5.88461037e-049 2.41296509e-007 6.69047121e-065
  5.18408740e-047 1.00321755e-023 5.45211297e-046 4.24553737e-045
  1.00000000e+000]
 [6.98585903e-060 1.36023385e-034 1.49589051e-044 8.19363514e-045
  1.09057049e-054 4.00872222e-057 1.69036506e-008 1.00000000e+000
  2.09738647e-035 1.20622161e-052 9.62637423e-054 5.43802245e-044
  1.36054905e-034 3.78873663e-054 1.20950794e-017 1.72431753e-057
  6.56806183e-023 9.96194440e-021 1.05342874e-049 3.80931803e-039
  1.00000000e+000]
 [8.63823024e-038 7.48544440e-043 2.39261094e-056 8.00493231e-057
  1.08576572e-009 9.49761098e-040 5.83386319e-043 2.09738647e-035
  1.00000000e+000 2.34926038e-048 2.05402364e-058 2.31169619e-027
  2.73587024e-015 8.67290831e-014 1.31393831e-070 4.39303698e-043
  1.41784365e-042 1.55305364e-043 6.89257937e-016 2.12324856e-042
  1.00000000e+000]
 [1.91053392e-082 2.84395768e-040 7.71691959e-035 8.12311226e-076
  1.48856092e-051 6.00062540e-085 1.38934568e-053 1.20622161e-052
  2.34926038e-048 1.00000000e+000 1.47262426e-068 3.75819226e-046
  5.76240276e-022 5.79505973e-078 5.97955490e-080 2.71726920e-081
  1.73019528e-063 4.80037402e-071 6.24631304e-070 1.82372161e-123
  1.00000000e+000]
 [2.59220426e-020 6.74852182e-045 5.66479189e-024 5.59773645e-025
  3.25440145e-035 1.19731824e-045 1.09596769e-057 9.62637423e-054
  2.05402364e-058 1.47262426e-068 1.00000000e+000 1.22241542e-032
  3.63297452e-028 4.43057449e-058 8.48467283e-066 3.72793699e-018
  5.19815447e-061 6.62804459e-029 2.62912059e-056 4.55890287e-043
  1.00000000e+000]
 [2.53540726e-011 5.72428672e-033 1.56333531e-038 1.09419241e-032
  1.89187303e-020 3.68670768e-009 1.19293595e-040 5.43802245e-044
  2.31169619e-027 3.75819226e-046 1.22241542e-032 1.00000000e+000
  3.50570827e-017 5.90567834e-039 1.42997333e-048 2.28474371e-019
  3.48914784e-046 5.65163522e-017 4.42042738e-011 7.10416600e-055
  1.00000000e+000]
 [1.52152544e-027 2.23630428e-022 4.90201032e-019 1.29820845e-039
  8.39157244e-011 1.08291414e-034 6.52532011e-041 1.36054905e-034
  2.73587024e-015 5.76240276e-022 3.63297452e-028 3.50570827e-017
  1.00000000e+000 2.52166071e-034 4.56634952e-062 3.17237661e-034
  1.96820210e-043 2.13116712e-033 1.09210867e-029 3.27759899e-058
  1.00000000e+000]
 [3.22113516e-042 3.79688381e-085 3.43233375e-089 2.33276836e-042
  1.27844802e-013 1.00469082e-054 5.88461037e-049 3.78873663e-054
  8.67290831e-014 5.79505973e-078 4.43057449e-058 5.90567834e-039
  2.52166071e-034 1.00000000e+000 6.39385483e-078 3.21421043e-044
  7.72729541e-074 5.54888847e-056 6.89541827e-019 1.40666102e-029
  1.00000000e+000]
 [4.57185138e-069 5.26698849e-069 4.02321273e-074 8.11296589e-031
  8.10974391e-084 1.53711238e-057 2.41296509e-007 1.20950794e-017
  1.31393831e-070 5.97955490e-080 8.48467283e-066 1.42997333e-048
  4.56634952e-062 6.39385483e-078 1.00000000e+000 8.22833508e-075
  8.72015415e-060 2.22134256e-020 3.84910322e-061 4.02984003e-056
  1.00000000e+000]
 [1.69383966e-008 5.36666829e-041 2.03375883e-041 7.67945512e-045
  1.10537894e-028 1.95057940e-026 6.69047121e-065 1.72431753e-057
  4.39303698e-043 2.71726920e-081 3.72793699e-018 2.28474371e-019
  3.17237661e-034 3.21421043e-044 8.22833508e-075 1.00000000e+000
  8.44171247e-040 1.39931681e-023 6.04432074e-027 3.99249871e-034
  1.00000000e+000]
 [1.80577863e-055 2.67448417e-017 1.07834483e-038 7.87684097e-089
  1.75489244e-061 1.15647045e-057 5.18408740e-047 6.56806183e-023
  1.41784365e-042 1.73019528e-063 5.19815447e-061 3.48914784e-046
  1.96820210e-043 7.72729541e-074 8.72015415e-060 8.44171247e-040
  1.00000000e+000 3.20920641e-030 4.89255050e-052 1.22025929e-054
  1.00000000e+000]
 [9.76246909e-020 1.77869174e-030 1.51631872e-037 6.84596594e-028
  9.67472855e-045 2.70077620e-017 1.00321755e-023 9.96194440e-021
  1.55305364e-043 4.80037402e-071 6.62804459e-029 5.65163522e-017
  2.13116712e-033 5.54888847e-056 2.22134256e-020 1.39931681e-023
  3.20920641e-030 1.00000000e+000 8.13280913e-030 1.62022642e-032
  1.00000000e+000]
 [3.87481259e-020 9.45786203e-056 2.32815313e-072 1.94267816e-045
  2.34121569e-017 1.21323573e-016 5.45211297e-046 1.05342874e-049
  6.89257937e-016 6.24631304e-070 2.62912059e-056 4.42042738e-011
  1.09210867e-029 6.89541827e-019 3.84910322e-061 6.04432074e-027
  4.89255050e-052 8.13280913e-030 1.00000000e+000 1.35473848e-041
  1.00000000e+000]
 [1.96022562e-038 4.66345211e-079 1.46069946e-083 8.51244488e-040
  7.44881398e-044 6.89229783e-055 4.24553737e-045 3.80931803e-039
  2.12324856e-042 1.82372161e-123 4.55890287e-043 7.10416600e-055
  3.27759899e-058 1.40666102e-029 4.02984003e-056 3.99249871e-034
  1.22025929e-054 1.62022642e-032 1.35473848e-041 1.00000000e+000
  1.00000000e+000]
 [1.00000000e+000 1.00000000e+000 1.00000000e+000 1.00000000e+000
  1.00000000e+000 1.00000000e+000 1.00000000e+000 1.00000000e+000
  1.00000000e+000 1.00000000e+000 1.00000000e+000 1.00000000e+000
  1.00000000e+000 1.00000000e+000 1.00000000e+000 1.00000000e+000
  1.00000000e+000 1.00000000e+000 1.00000000e+000 1.00000000e+000
  0.00000000e+000]]
