[[1.00000000e+00 3.46587700e-60 1.27138130e-77 ... 9.09706908e-47
  9.93788256e-26 1.00000000e+00]
 [3.46587700e-60 1.00000000e+00 1.50200623e-38 ... 3.80659170e-59
  1.68271611e-23 1.00000000e+00]
 [1.27138130e-77 1.50200623e-38 1.00000000e+00 ... 5.24535417e-62
  5.60957127e-48 1.00000000e+00]
 ...
 [9.09706908e-47 3.80659170e-59 5.24535417e-62 ... 1.00000000e+00
  7.88832003e-60 1.00000000e+00]
 [9.93788256e-26 1.68271611e-23 5.60957127e-48 ... 7.88832003e-60
  1.00000000e+00 1.00000000e+00]
 [1.00000000e+00 1.00000000e+00 1.00000000e+00 ... 1.00000000e+00
  1.00000000e+00 0.00000000e+00]]
