[[1.00000000e+000 1.06557259e-051 1.15471701e-027 1.94363897e-013
  1.39403325e-041 5.71121535e-022 9.88423454e-035 1.07831600e-019
  1.81639171e-046 2.26376460e-028 3.58829565e-018 2.29969637e-043
  3.80412743e-035 5.94696041e-017 4.44622305e-025 1.46229279e-010
  2.39961588e-039 6.96073637e-043 1.69665846e-035 1.48520822e-029
  1.00000000e+000]
 [1.06557259e-051 1.00000000e+000 3.44952712e-058 2.49895063e-036
  1.58169125e-082 7.74266523e-062 4.03208268e-072 1.15610595e-053
  5.24560122e-065 9.44337281e-013 2.53412664e-048 2.10301907e-015
  7.12279796e-036 1.21643831e-054 4.69586783e-069 3.27695609e-066
  1.33504047e-066 1.12902732e-020 1.11165402e-036 4.49090686e-105
  1.00000000e+000]
 [1.15471701e-027 3.44952712e-058 1.00000000e+000 1.71183798e-043
  1.33770743e-026 1.91700044e-064 1.97437141e-022 5.50956159e-075
  4.74872680e-041 2.79929309e-057 1.13883313e-032 2.24854182e-060
  8.76845162e-048 1.35886536e-043 1.55940056e-019 4.97088120e-025
  1.13109010e-030 7.42887256e-051 1.13397629e-028 6.51722992e-055
  1.00000000e+000]
 [1.94363897e-013 2.49895063e-036 1.71183798e-043 1.00000000e+000
  3.22422393e-066 2.82221108e-008 1.39912095e-051 3.95655315e-013
  1.62804574e-070 1.11943127e-017 2.41686209e-027 8.82339796e-044
  1.39560341e-029 5.24613540e-013 5.63034294e-040 6.51560611e-012
  4.32359801e-063 1.83768396e-024 1.79817702e-042 2.89825744e-037
  1.00000000e+000]
 [1.39403325e-041 1.58169125e-082 1.33770743e-026 3.22422393e-066
  1.00000000e+000 4.43263725e-070 2.42765690e-018 3.50360592e-083
  1.37031997e-084 1.28605307e-063 3.96405453e-030 1.57680714e-064
  1.49752768e-096 4.83456188e-084 5.21223431e-042 1.60143192e-053
  2.02618704e-013 6.35739391e-076 2.42423510e-068 6.83793984e-045
  1.00000000e+000]
 [5.71121535e-022 7.74266523e-062 1.91700044e-064 2.82221108e-008
  4.43263725e-070 1.00000000e+000 1.04957252e-050 2.18377086e-008
  3.31602600e-101 2.31419714e-033 8.65148263e-037 1.23373849e-055
  3.48019359e-046 4.47880428e-027 2.92541274e-054 1.84172941e-022
  8.50970786e-064 5.45084780e-046 3.74485346e-069 1.39469635e-035
  1.00000000e+000]
 [9.88423454e-035 4.03208268e-072 1.97437141e-022 1.39912095e-051
  2.42765690e-018 1.04957252e-050 1.00000000e+000 7.24028908e-059
  1.25903917e-059 1.63635552e-066 3.09721743e-031 2.55180524e-045
  1.28348538e-050 5.50813854e-069 1.08980796e-025 5.66810572e-045
  6.48293525e-007 7.04175844e-066 2.58711346e-044 2.30953749e-054
  1.00000000e+000]
 [1.07831600e-019 1.15610595e-053 5.50956159e-075 3.95655315e-013
  3.50360592e-083 2.18377086e-008 7.24028908e-059 1.00000000e+000
  2.15282371e-088 5.80901372e-029 2.38160301e-042 1.73902215e-039
  5.43463826e-037 1.76875683e-026 1.50846313e-062 1.49731926e-034
  4.70029994e-064 7.42701476e-053 2.70442507e-065 5.24924574e-056
  1.00000000e+000]
 [1.81639171e-046 5.24560122e-065 4.74872680e-041 1.62804574e-070
  1.37031997e-084 3.31602600e-101 1.25903917e-059 2.15282371e-088
  1.00000000e+000 1.21196020e-073 8.46469848e-041 8.64407746e-056
  1.17336001e-030 9.42222912e-080 8.10643793e-022 1.09883392e-062
  2.93937836e-067 1.37395135e-052 2.98292292e-008 2.57703534e-091
  1.00000000e+000]
 [2.26376460e-028 9.44337281e-013 2.79929309e-057 1.11943127e-017
  1.28605307e-063 2.31419714e-033 1.63635552e-066 5.80901372e-029
  1.21196020e-073 1.00000000e+000 7.24425085e-028 1.59349749e-022
  5.15777445e-046 4.89806124e-038 1.16070721e-059 1.27776590e-042
  5.08820742e-061 6.74831496e-019 1.33362313e-045 6.64394262e-061
  1.00000000e+000]
 [3.58829565e-018 2.53412664e-048 1.13883313e-032 2.41686209e-027
  3.96405453e-030 8.65148263e-037 3.09721743e-031 2.38160301e-042
  8.46469848e-041 7.24425085e-028 1.00000000e+000 2.11649583e-040
  2.50963182e-046 2.01941821e-056 6.33841128e-014 4.67598851e-028
  2.78570561e-036 1.31096247e-022 1.82697104e-025 6.02471086e-019
  1.00000000e+000]
 [2.29969637e-043 2.10301907e-015 2.24854182e-060 8.82339796e-044
  1.57680714e-064 1.23373849e-055 2.55180524e-045 1.73902215e-039
  8.64407746e-056 1.59349749e-022 2.11649583e-040 1.00000000e+000
  1.28745739e-031 6.97481373e-066 2.90266663e-060 1.68514923e-073
  1.96818464e-035 6.36433836e-039 3.68449256e-037 1.87476193e-099
  1.00000000e+000]
 [3.80412743e-035 7.12279796e-036 8.76845162e-048 1.39560341e-029
  1.49752768e-096 3.48019359e-046 1.28348538e-050 5.43463826e-037
  1.17336001e-030 5.15777445e-046 2.50963182e-046 1.28745739e-031
  1.00000000e+000 6.71999992e-040 8.43882034e-035 6.57697987e-043
  6.04259740e-065 3.07873162e-034 1.69897039e-016 1.37092482e-089
  1.00000000e+000]
 [5.94696041e-017 1.21643831e-054 1.35886536e-043 5.24613540e-013
  4.83456188e-084 4.47880428e-027 5.50813854e-069 1.76875683e-026
  9.42222912e-080 4.89806124e-038 2.01941821e-056 6.97481373e-066
  6.71999992e-040 1.00000000e+000 4.83796778e-059 3.57336327e-014
  8.02371926e-079 5.72949823e-057 2.83156663e-059 1.06245829e-064
  1.00000000e+000]
 [4.44622305e-025 4.69586783e-069 1.55940056e-019 5.63034294e-040
  5.21223431e-042 2.92541274e-054 1.08980796e-025 1.50846313e-062
  8.10643793e-022 1.16070721e-059 6.33841128e-014 2.90266663e-060
  8.43882034e-035 4.83796778e-059 1.00000000e+000 9.83938284e-026
  4.94923278e-042 2.71743678e-036 3.15654365e-014 1.40945121e-032
  1.00000000e+000]
 [1.46229279e-010 3.27695609e-066 4.97088120e-025 6.51560611e-012
  1.60143192e-053 1.84172941e-022 5.66810572e-045 1.49731926e-034
  1.09883392e-062 1.27776590e-042 4.67598851e-028 1.68514923e-073
  6.57697987e-043 3.57336327e-014 9.83938284e-026 1.00000000e+000
  5.41967035e-062 6.42361874e-042 3.52302980e-043 1.92394793e-024
  1.00000000e+000]
 [2.39961588e-039 1.33504047e-066 1.13109010e-030 4.32359801e-063
  2.02618704e-013 8.50970786e-064 6.48293525e-007 4.70029994e-064
  2.93937836e-067 5.08820742e-061 2.78570561e-036 1.96818464e-035
  6.04259740e-065 8.02371926e-079 4.94923278e-042 5.41967035e-062
  1.00000000e+000 2.76938959e-076 7.88145753e-055 1.46699773e-069
  1.00000000e+000]
 [6.96073637e-043 1.12902732e-020 7.42887256e-051 1.83768396e-024
  6.35739391e-076 5.45084780e-046 7.04175844e-066 7.42701476e-053
  1.37395135e-052 6.74831496e-019 1.31096247e-022 6.36433836e-039
  3.07873162e-034 5.72949823e-057 2.71743678e-036 6.42361874e-042
  2.76938959e-076 1.00000000e+000 4.77591369e-023 7.57696736e-056
  1.00000000e+000]
 [1.69665846e-035 1.11165402e-036 1.13397629e-028 1.79817702e-042
  2.42423510e-068 3.74485346e-069 2.58711346e-044 2.70442507e-065
  2.98292292e-008 1.33362313e-045 1.82697104e-025 3.68449256e-037
  1.69897039e-016 2.83156663e-059 3.15654365e-014 3.52302980e-043
  7.88145753e-055 4.77591369e-023 1.00000000e+000 9.28499603e-071
  1.00000000e+000]
 [1.48520822e-029 4.49090686e-105 6.51722992e-055 2.89825744e-037
  6.83793984e-045 1.39469635e-035 2.30953749e-054 5.24924574e-056
  2.57703534e-091 6.64394262e-061 6.02471086e-019 1.87476193e-099
  1.37092482e-089 1.06245829e-064 1.40945121e-032 1.92394793e-024
  1.46699773e-069 7.57696736e-056 9.28499603e-071 1.00000000e+000
  1.00000000e+000]
 [1.00000000e+000 1.00000000e+000 1.00000000e+000 1.00000000e+000
  1.00000000e+000 1.00000000e+000 1.00000000e+000 1.00000000e+000
  1.00000000e+000 1.00000000e+000 1.00000000e+000 1.00000000e+000
  1.00000000e+000 1.00000000e+000 1.00000000e+000 1.00000000e+000
  1.00000000e+000 1.00000000e+000 1.00000000e+000 1.00000000e+000
  0.00000000e+000]]
