[[1.00000000e+00 1.03504148e-23 1.48338674e-41 ... 4.90454163e-57
  1.17302787e-76 1.00000000e+00]
 [1.03504148e-23 1.00000000e+00 7.92989339e-30 ... 2.02970248e-34
  2.61039977e-57 1.00000000e+00]
 [1.48338674e-41 7.92989339e-30 1.00000000e+00 ... 2.98813330e-45
  1.14336568e-84 1.00000000e+00]
 ...
 [4.90454163e-57 2.02970248e-34 2.98813330e-45 ... 1.00000000e+00
  7.14301707e-11 1.00000000e+00]
 [1.17302787e-76 2.61039977e-57 1.14336568e-84 ... 7.14301707e-11
  1.00000000e+00 1.00000000e+00]
 [1.00000000e+00 1.00000000e+00 1.00000000e+00 ... 1.00000000e+00
  1.00000000e+00 0.00000000e+00]]
