[[1.00000000e+000 6.82083840e-097 2.03497165e-038 ... 4.53793637e-015
  1.62451208e-104 1.00000000e+000]
 [6.82083840e-097 1.00000000e+000 2.31599217e-028 ... 3.89273495e-057
  4.59030048e-037 1.00000000e+000]
 [2.03497165e-038 2.31599217e-028 1.00000000e+000 ... 9.19029860e-033
  6.56369149e-030 1.00000000e+000]
 ...
 [4.53793637e-015 3.89273495e-057 9.19029860e-033 ... 1.00000000e+000
  6.81750529e-101 1.00000000e+000]
 [1.62451208e-104 4.59030048e-037 6.56369149e-030 ... 6.81750529e-101
  1.00000000e+000 1.00000000e+000]
 [1.00000000e+000 1.00000000e+000 1.00000000e+000 ... 1.00000000e+000
  1.00000000e+000 0.00000000e+000]]
