[[1.00000000e+00 1.28446341e-60 7.12507373e-30 1.07294642e-23
  5.09497193e-22 1.16123778e-26 9.27765942e-14 3.36790779e-25
  1.66016683e-81 4.17272986e-22 2.25754940e-24 2.02043872e-31
  3.61375161e-49 1.44392647e-34 6.49355109e-46 1.54806995e-44
  6.48778083e-26 7.88048557e-55 4.67985404e-15 1.04309616e-41
  1.00000000e+00]
 [1.28446341e-60 1.00000000e+00 2.62433042e-24 7.79146088e-45
  2.69148914e-57 4.70938098e-51 2.97044299e-45 1.40931537e-60
  9.07801967e-25 2.56042953e-61 3.91891756e-45 7.44060106e-18
  4.26781941e-50 5.24713624e-46 8.05208765e-89 3.56156436e-45
  4.80625449e-51 7.68943080e-79 1.92378639e-52 2.14809196e-61
  1.00000000e+00]
 [7.12507373e-30 2.62433042e-24 1.00000000e+00 4.32259804e-23
  1.26169220e-55 6.27185171e-28 8.49421103e-27 1.50916271e-36
  1.32471115e-64 2.48769048e-53 8.22110351e-48 2.29379240e-25
  7.44660927e-40 4.14043514e-47 2.50979752e-51 4.75820724e-23
  2.21462543e-55 2.80834211e-58 1.58241064e-25 7.74745569e-60
  1.00000000e+00]
 [1.07294642e-23 7.79146088e-45 4.32259804e-23 1.00000000e+00
  1.38970264e-63 6.17150270e-35 1.02309504e-21 1.68826776e-09
  2.42813553e-70 7.67340173e-65 4.72184276e-22 2.35885477e-27
  9.67686452e-47 8.22295442e-70 5.15182091e-63 7.10329546e-47
  2.73955259e-63 1.36274822e-56 1.85807541e-18 2.68381265e-64
  1.00000000e+00]
 [5.09497193e-22 2.69148914e-57 1.26169220e-55 1.38970264e-63
  1.00000000e+00 6.66546409e-39 3.61540933e-20 7.03022731e-54
  5.40096406e-59 1.75108308e-09 2.33969259e-38 3.11457505e-36
  1.27443451e-55 4.68775458e-09 3.63549042e-48 3.81727068e-60
  4.17189731e-13 1.73051142e-54 6.61437049e-34 8.79510062e-31
  1.00000000e+00]
 [1.16123778e-26 4.70938098e-51 6.27185171e-28 6.17150270e-35
  6.66546409e-39 1.00000000e+00 1.25743556e-21 1.80984511e-42
  5.01294597e-44 3.57257987e-34 2.70433136e-26 7.32415009e-16
  1.94902983e-26 1.67996198e-24 1.56321494e-41 9.32889677e-09
  2.67616731e-29 1.18715951e-13 6.99019436e-32 1.74375444e-25
  1.00000000e+00]
 [9.27765942e-14 2.97044299e-45 8.49421103e-27 1.02309504e-21
  3.61540933e-20 1.25743556e-21 1.00000000e+00 1.21736595e-11
  4.69817993e-57 1.63510728e-24 7.98517633e-28 9.92488030e-27
  2.13254982e-27 7.40461155e-26 1.51619454e-19 2.03920413e-37
  6.71275527e-36 6.68615750e-30 3.97946464e-12 2.40408404e-42
  1.00000000e+00]
 [3.36790779e-25 1.40931537e-60 1.50916271e-36 1.68826776e-09
  7.03022731e-54 1.80984511e-42 1.21736595e-11 1.00000000e+00
  2.11801248e-81 2.36850188e-57 4.80249541e-33 1.10014651e-42
  3.52094538e-41 4.61264225e-67 7.86248091e-38 5.68743911e-60
  2.22053109e-70 3.30080207e-51 4.79147641e-18 4.12390649e-75
  1.00000000e+00]
 [1.66016683e-81 9.07801967e-25 1.32471115e-64 2.42813553e-70
  5.40096406e-59 5.01294597e-44 4.69817993e-57 2.11801248e-81
  1.00000000e+00 1.00722870e-59 3.82727732e-36 1.29737938e-16
  1.23963810e-44 3.38599830e-40 1.50961581e-99 5.17812080e-46
  2.45676590e-41 4.98962849e-55 1.55203999e-80 2.56416536e-48
  1.00000000e+00]
 [4.17272986e-22 2.56042953e-61 2.48769048e-53 7.67340173e-65
  1.75108308e-09 3.57257987e-34 1.63510728e-24 2.36850188e-57
  1.00722870e-59 1.00000000e+00 9.34308445e-40 1.70819187e-36
  1.83967848e-34 3.29081892e-17 2.36779895e-41 3.46414590e-44
  2.45396500e-11 3.36357000e-60 5.13629383e-51 8.66954318e-50
  1.00000000e+00]
 [2.25754940e-24 3.91891756e-45 8.22110351e-48 4.72184276e-22
  2.33969259e-38 2.70433136e-26 7.98517633e-28 4.80249541e-33
  3.82727732e-36 9.34308445e-40 1.00000000e+00 2.03703601e-11
  3.39112377e-47 2.51683763e-42 9.47489312e-82 9.72964624e-46
  7.13304495e-24 3.48510376e-47 8.97199629e-34 8.14145823e-32
  1.00000000e+00]
 [2.02043872e-31 7.44060106e-18 2.29379240e-25 2.35885477e-27
  3.11457505e-36 7.32415009e-16 9.92488030e-27 1.10014651e-42
  1.29737938e-16 1.70819187e-36 2.03703601e-11 1.00000000e+00
  1.87452675e-33 3.36646579e-26 1.00364564e-70 4.42200975e-22
  5.75490686e-21 4.57699787e-38 2.36636206e-34 2.45367057e-25
  1.00000000e+00]
 [3.61375161e-49 4.26781941e-50 7.44660927e-40 9.67686452e-47
  1.27443451e-55 1.94902983e-26 2.13254982e-27 3.52094538e-41
  1.23963810e-44 1.83967848e-34 3.39112377e-47 1.87452675e-33
  1.00000000e+00 2.07918074e-48 2.34672792e-27 1.50015478e-19
  5.59960364e-52 1.20075548e-41 1.19414024e-64 1.06131484e-82
  1.00000000e+00]
 [1.44392647e-34 5.24713624e-46 4.14043514e-47 8.22295442e-70
  4.68775458e-09 1.67996198e-24 7.40461155e-26 4.61264225e-67
  3.38599830e-40 3.29081892e-17 2.51683763e-42 3.36646579e-26
  2.07918074e-48 1.00000000e+00 2.84720754e-49 1.41860630e-38
  7.83372049e-14 1.74955020e-35 1.97262265e-39 4.29792237e-18
  1.00000000e+00]
 [6.49355109e-46 8.05208765e-89 2.50979752e-51 5.15182091e-63
  3.63549042e-48 1.56321494e-41 1.51619454e-19 7.86248091e-38
  1.50961581e-99 2.36779895e-41 9.47489312e-82 1.00364564e-70
  2.34672792e-27 2.84720754e-49 1.00000000e+00 5.85446618e-48
  9.46884808e-76 5.82897104e-41 4.78698496e-48 1.46823521e-90
  1.00000000e+00]
 [1.54806995e-44 3.56156436e-45 4.75820724e-23 7.10329546e-47
  3.81727068e-60 9.32889677e-09 2.03920413e-37 5.68743911e-60
  5.17812080e-46 3.46414590e-44 9.72964624e-46 4.42200975e-22
  1.50015478e-19 1.41860630e-38 5.85446618e-48 1.00000000e+00
  1.67364627e-43 2.43638147e-31 7.40036512e-55 1.30995640e-51
  1.00000000e+00]
 [6.48778083e-26 4.80625449e-51 2.21462543e-55 2.73955259e-63
  4.17189731e-13 2.67616731e-29 6.71275527e-36 2.22053109e-70
  2.45676590e-41 2.45396500e-11 7.13304495e-24 5.75490686e-21
  5.59960364e-52 7.83372049e-14 9.46884808e-76 1.67364627e-43
  1.00000000e+00 3.48978316e-58 1.51084902e-50 1.25126425e-24
  1.00000000e+00]
 [7.88048557e-55 7.68943080e-79 2.80834211e-58 1.36274822e-56
  1.73051142e-54 1.18715951e-13 6.68615750e-30 3.30080207e-51
  4.98962849e-55 3.36357000e-60 3.48510376e-47 4.57699787e-38
  1.20075548e-41 1.74955020e-35 5.82897104e-41 2.43638147e-31
  3.48978316e-58 1.00000000e+00 6.97815790e-43 6.71806253e-33
  1.00000000e+00]
 [4.67985404e-15 1.92378639e-52 1.58241064e-25 1.85807541e-18
  6.61437049e-34 6.99019436e-32 3.97946464e-12 4.79147641e-18
  1.55203999e-80 5.13629383e-51 8.97199629e-34 2.36636206e-34
  1.19414024e-64 1.97262265e-39 4.78698496e-48 7.40036512e-55
  1.51084902e-50 6.97815790e-43 1.00000000e+00 1.07147449e-35
  1.00000000e+00]
 [1.04309616e-41 2.14809196e-61 7.74745569e-60 2.68381265e-64
  8.79510062e-31 1.74375444e-25 2.40408404e-42 4.12390649e-75
  2.56416536e-48 8.66954318e-50 8.14145823e-32 2.45367057e-25
  1.06131484e-82 4.29792237e-18 1.46823521e-90 1.30995640e-51
  1.25126425e-24 6.71806253e-33 1.07147449e-35 1.00000000e+00
  1.00000000e+00]
 [1.00000000e+00 1.00000000e+00 1.00000000e+00 1.00000000e+00
  1.00000000e+00 1.00000000e+00 1.00000000e+00 1.00000000e+00
  1.00000000e+00 1.00000000e+00 1.00000000e+00 1.00000000e+00
  1.00000000e+00 1.00000000e+00 1.00000000e+00 1.00000000e+00
  1.00000000e+00 1.00000000e+00 1.00000000e+00 1.00000000e+00
  0.00000000e+00]]
