[[1.00000000e+00 3.68753551e-19 1.75559885e-25 ... 1.08823740e-32
  1.38114898e-33 1.00000000e+00]
 [3.68753551e-19 1.00000000e+00 3.05530642e-47 ... 4.19572979e-50
  3.05847520e-26 1.00000000e+00]
 [1.75559885e-25 3.05530642e-47 1.00000000e+00 ... 1.16809316e-63
  3.21556403e-60 1.00000000e+00]
 ...
 [1.08823740e-32 4.19572979e-50 1.16809316e-63 ... 1.00000000e+00
  2.74592015e-40 1.00000000e+00]
 [1.38114898e-33 3.05847520e-26 3.21556403e-60 ... 2.74592015e-40
  1.00000000e+00 1.00000000e+00]
 [1.00000000e+00 1.00000000e+00 1.00000000e+00 ... 1.00000000e+00
  1.00000000e+00 0.00000000e+00]]
