[[1.00000000e+000 3.08255364e-037 5.41614812e-041 5.10323828e-054
  3.97451230e-027 5.62953265e-043 2.70675112e-056 8.40635890e-020
  9.45723327e-027 3.48382520e-046 2.22796711e-043 2.17363603e-024
  2.26495717e-046 6.00428196e-066 1.09575626e-056 1.75467511e-066
  3.51716599e-069 2.26835470e-047 1.15631866e-057 8.64471746e-016
  1.00000000e+000]
 [3.08255364e-037 1.00000000e+000 2.26254914e-005 1.07191793e-040
  4.04161144e-027 2.53269459e-011 1.96336537e-040 1.81243132e-058
  5.71014398e-026 8.22959640e-039 1.72181746e-035 5.72608481e-016
  6.22626658e-055 1.96806048e-041 8.21307575e-019 1.27935252e-053
  1.07438721e-061 4.41861468e-048 4.45149895e-041 2.65660445e-030
  1.00000000e+000]
 [5.41614812e-041 2.26254914e-005 1.00000000e+000 1.08515125e-055
  2.02365467e-034 4.31839768e-008 1.24040523e-060 3.12744189e-072
  1.02970575e-021 9.55611218e-054 1.91257477e-046 2.03673226e-024
  9.28501627e-066 3.75868521e-045 9.31729226e-027 4.51212145e-072
  7.56221409e-083 1.98237142e-059 7.29843116e-060 1.19226162e-040
  1.00000000e+000]
 [5.10323828e-054 1.07191793e-040 1.08515125e-055 1.00000000e+000
  1.37791899e-023 8.78845423e-037 6.93875837e-009 1.77134269e-040
  2.67145890e-042 6.19133143e-030 4.35754123e-050 1.59368916e-034
  3.94270129e-023 3.29841937e-019 4.62675310e-050 3.30685815e-036
  5.86384135e-039 4.52900560e-025 5.29548287e-030 5.52069628e-030
  1.00000000e+000]
 [3.97451230e-027 4.04161144e-027 2.02365467e-034 1.37791899e-023
  1.00000000e+000 3.04353049e-024 1.17625912e-022 1.47170215e-023
  2.22642265e-037 8.28474014e-055 1.87351334e-025 1.92206231e-005
  2.56138979e-045 1.22818644e-019 1.04293328e-055 3.95549376e-076
  5.47927034e-082 1.48099241e-054 3.62400980e-048 1.67710892e-033
  1.00000000e+000]
 [5.62953265e-043 2.53269459e-011 4.31839768e-008 8.78845423e-037
  3.04353049e-024 1.00000000e+000 4.81379868e-038 3.38238148e-071
  2.62707039e-014 9.07301736e-057 1.51297670e-049 9.08462868e-021
  3.15560297e-056 1.43723218e-022 2.03937653e-020 2.44022564e-075
  1.06502789e-067 1.72325763e-046 6.03517069e-062 3.77181252e-043
  1.00000000e+000]
 [2.70675112e-056 1.96336537e-040 1.24040523e-060 6.93875837e-009
  1.17625912e-022 4.81379868e-038 1.00000000e+000 1.46035614e-049
  5.59684375e-048 9.95389483e-045 1.05343062e-048 1.08643746e-026
  3.97121128e-039 1.03923143e-022 4.18805241e-039 7.00136043e-055
  1.70940132e-036 3.76018519e-033 6.26952576e-040 2.25252132e-040
  1.00000000e+000]
 [8.40635890e-020 1.81243132e-058 3.12744189e-072 1.77134269e-040
  1.47170215e-023 3.38238148e-071 1.46035614e-049 1.00000000e+000
  4.23433195e-065 1.10772234e-048 9.82133516e-045 4.00682301e-032
  2.38673086e-046 7.87666639e-068 5.93609243e-097 1.37677672e-063
  2.89286961e-087 3.68682245e-064 3.14092928e-050 3.15371414e-024
  1.00000000e+000]
 [9.45723327e-027 5.71014398e-026 1.02970575e-021 2.67145890e-042
  2.22642265e-037 2.62707039e-014 5.59684375e-048 4.23433195e-065
  1.00000000e+000 1.30915551e-039 2.20832853e-051 3.91924418e-034
  7.82411709e-034 1.81118139e-035 6.68230012e-025 1.78304171e-057
  3.39673009e-049 1.29137673e-022 1.07261730e-053 1.04163355e-024
  1.00000000e+000]
 [3.48382520e-046 8.22959640e-039 9.55611218e-054 6.19133143e-030
  8.28474014e-055 9.07301736e-057 9.95389483e-045 1.10772234e-048
  1.30915551e-039 1.00000000e+000 7.08099559e-041 3.03869550e-052
  2.82858508e-011 2.56401275e-059 1.67242102e-051 4.89346392e-004
  2.15017090e-033 1.22826897e-013 4.63673015e-007 4.25369726e-009
  1.00000000e+000]
 [2.22796711e-043 1.72181746e-035 1.91257477e-046 4.35754123e-050
  1.87351334e-025 1.51297670e-049 1.05343062e-048 9.82133516e-045
  2.20832853e-051 7.08099559e-041 1.00000000e+000 9.57540622e-019
  1.54063761e-036 1.32225699e-039 2.00031758e-072 1.70785505e-064
  7.77332251e-100 1.88506726e-054 1.08555781e-023 2.24863486e-032
  1.00000000e+000]
 [2.17363603e-024 5.72608481e-016 2.03673226e-024 1.59368916e-034
  1.92206231e-005 9.08462868e-021 1.08643746e-026 4.00682301e-032
  3.91924418e-034 3.03869550e-052 9.57540622e-019 1.00000000e+000
  1.41671659e-051 1.29158161e-028 8.89720155e-041 6.89217486e-075
  1.16570193e-077 4.03580586e-055 5.99573036e-045 1.23209230e-031
  1.00000000e+000]
 [2.26495717e-046 6.22626658e-055 9.28501627e-066 3.94270129e-023
  2.56138979e-045 3.15560297e-056 3.97121128e-039 2.38673086e-046
  7.82411709e-034 2.82858508e-011 1.54063761e-036 1.41671659e-051
  1.00000000e+000 8.35519562e-038 7.05804707e-067 2.04452353e-020
  2.04924538e-045 2.09059719e-009 7.19090886e-014 1.32304454e-014
  1.00000000e+000]
 [6.00428196e-066 1.96806048e-041 3.75868521e-045 3.29841937e-019
  1.22818644e-019 1.43723218e-022 1.03923143e-022 7.87666639e-068
  1.81118139e-035 2.56401275e-059 1.32225699e-039 1.29158161e-028
  8.35519562e-038 1.00000000e+000 1.38569389e-055 2.36895538e-078
  3.39777264e-080 3.83054957e-043 1.85907626e-050 2.52614509e-053
  1.00000000e+000]
 [1.09575626e-056 8.21307575e-019 9.31729226e-027 4.62675310e-050
  1.04293328e-055 2.03937653e-020 4.18805241e-039 5.93609243e-097
  6.68230012e-025 1.67242102e-051 2.00031758e-072 8.89720155e-041
  7.05804707e-067 1.38569389e-055 1.00000000e+000 2.23399263e-062
  2.60814965e-031 4.31717024e-038 6.54973158e-063 2.38281281e-046
  1.00000000e+000]
 [1.75467511e-066 1.27935252e-053 4.51212145e-072 3.30685815e-036
  3.95549376e-076 2.44022564e-075 7.00136043e-055 1.37677672e-063
  1.78304171e-057 4.89346392e-004 1.70785505e-064 6.89217486e-075
  2.04452353e-020 2.36895538e-078 2.23399263e-062 1.00000000e+000
  2.45802644e-031 3.55930928e-020 6.20969223e-014 2.14405718e-019
  1.00000000e+000]
 [3.51716599e-069 1.07438721e-061 7.56221409e-083 5.86384135e-039
  5.47927034e-082 1.06502789e-067 1.70940132e-036 2.89286961e-087
  3.39673009e-049 2.15017090e-033 7.77332251e-100 1.16570193e-077
  2.04924538e-045 3.39777264e-080 2.60814965e-031 2.45802644e-031
  1.00000000e+000 1.34085731e-018 7.80804092e-052 1.78149637e-038
  1.00000000e+000]
 [2.26835470e-047 4.41861468e-048 1.98237142e-059 4.52900560e-025
  1.48099241e-054 1.72325763e-046 3.76018519e-033 3.68682245e-064
  1.29137673e-022 1.22826897e-013 1.88506726e-054 4.03580586e-055
  2.09059719e-009 3.83054957e-043 4.31717024e-038 3.55930928e-020
  1.34085731e-018 1.00000000e+000 3.12789731e-024 3.08154215e-017
  1.00000000e+000]
 [1.15631866e-057 4.45149895e-041 7.29843116e-060 5.29548287e-030
  3.62400980e-048 6.03517069e-062 6.26952576e-040 3.14092928e-050
  1.07261730e-053 4.63673015e-007 1.08555781e-023 5.99573036e-045
  7.19090886e-014 1.85907626e-050 6.54973158e-063 6.20969223e-014
  7.80804092e-052 3.12789731e-024 1.00000000e+000 4.46570791e-018
  1.00000000e+000]
 [8.64471746e-016 2.65660445e-030 1.19226162e-040 5.52069628e-030
  1.67710892e-033 3.77181252e-043 2.25252132e-040 3.15371414e-024
  1.04163355e-024 4.25369726e-009 2.24863486e-032 1.23209230e-031
  1.32304454e-014 2.52614509e-053 2.38281281e-046 2.14405718e-019
  1.78149637e-038 3.08154215e-017 4.46570791e-018 1.00000000e+000
  1.00000000e+000]
 [1.00000000e+000 1.00000000e+000 1.00000000e+000 1.00000000e+000
  1.00000000e+000 1.00000000e+000 1.00000000e+000 1.00000000e+000
  1.00000000e+000 1.00000000e+000 1.00000000e+000 1.00000000e+000
  1.00000000e+000 1.00000000e+000 1.00000000e+000 1.00000000e+000
  1.00000000e+000 1.00000000e+000 1.00000000e+000 1.00000000e+000
  0.00000000e+000]]
