[[1.00000000e+00 3.16241568e-35 1.35883347e-69 1.47256666e-79
  1.47790107e-50 3.48668487e-53 1.55017990e-65 6.42472674e-47
  5.58350085e-36 4.16048245e-37 4.55020024e-47 9.20582470e-34
  6.29019808e-41 4.35010990e-52 1.00511639e-24 7.80557374e-47
  2.18313177e-18 5.99597778e-26 4.83788318e-31 1.10585547e-44
  1.00000000e+00]
 [3.16241568e-35 1.00000000e+00 3.27619597e-32 4.13903155e-64
  2.78468381e-37 2.36286299e-46 1.03357305e-42 1.39995850e-85
  3.42720809e-39 1.94744859e-69 5.12474586e-62 1.10391869e-16
  1.88945196e-47 2.55882198e-51 3.53370932e-24 9.50158122e-28
  1.60839360e-44 2.67795940e-29 9.57663410e-69 4.45821018e-24
  1.00000000e+00]
 [1.35883347e-69 3.27619597e-32 1.00000000e+00 2.96576398e-35
  1.92926470e-58 2.34319275e-26 1.11831112e-23 3.15938470e-72
  5.56521785e-44 1.08980006e-69 3.34912127e-55 1.82450089e-34
  2.04841615e-33 2.43884875e-57 1.56658271e-59 3.66642290e-21
  5.62994473e-48 8.99405348e-45 7.99834435e-54 1.53079566e-33
  1.00000000e+00]
 [1.47256666e-79 4.13903155e-64 2.96576398e-35 1.00000000e+00
  1.57678319e-43 1.17399649e-36 4.11423738e-41 4.59320802e-37
  5.75985377e-29 1.99159361e-51 1.16935348e-21 4.62073004e-31
  2.32996062e-34 4.25617466e-43 3.28686512e-52 6.21087275e-36
  5.45194395e-60 5.02186519e-83 3.41072173e-55 9.36811560e-68
  1.00000000e+00]
 [1.47790107e-50 2.78468381e-37 1.92926470e-58 1.57678319e-43
  1.00000000e+00 4.59507281e-62 1.16737102e-20 5.94816283e-45
  8.81146378e-59 2.15884635e-81 1.23748745e-28 6.56936736e-07
  2.99950432e-54 4.70665721e-16 2.00705103e-34 1.59674175e-73
  1.63627486e-53 1.62536103e-41 5.63620987e-68 1.84238935e-41
  1.00000000e+00]
 [3.48668487e-53 2.36286299e-46 2.34319275e-26 1.17399649e-36
  4.59507281e-62 1.00000000e+00 3.62517690e-48 1.26696462e-32
  1.82286912e-31 5.50702496e-42 4.70397786e-38 5.08068936e-40
  1.31889500e-32 1.05041644e-31 2.15739417e-32 8.97328059e-33
  1.03580907e-47 1.59572648e-47 4.44132742e-55 1.07150892e-74
  1.00000000e+00]
 [1.55017990e-65 1.03357305e-42 1.11831112e-23 4.11423738e-41
  1.16737102e-20 3.62517690e-48 1.00000000e+00 1.32478934e-53
  3.73278502e-67 4.51631058e-90 1.70923710e-38 2.88313239e-19
  8.32896995e-43 2.92737718e-29 1.21137202e-60 1.26356043e-61
  8.08069182e-49 1.41910713e-34 1.37734798e-55 1.52954062e-29
  1.00000000e+00]
 [6.42472674e-47 1.39995850e-85 3.15938470e-72 4.59320802e-37
  5.94816283e-45 1.26696462e-32 1.32478934e-53 1.00000000e+00
  1.18131354e-47 2.02594871e-35 3.51582976e-19 7.27358392e-43
  9.56237284e-46 4.58578029e-20 1.49733662e-44 2.73630567e-74
  9.21348310e-41 1.93287742e-57 6.58870459e-38 1.43566319e-89
  1.00000000e+00]
 [5.58350085e-36 3.42720809e-39 5.56521785e-44 5.75985377e-29
  8.81146378e-59 1.82286912e-31 3.73278502e-67 1.18131354e-47
  1.00000000e+00 5.85160254e-41 2.32279252e-23 2.59734807e-31
  3.42333235e-13 6.10960698e-60 7.75541483e-19 9.35549929e-15
  4.81718891e-50 6.03242853e-73 1.89635596e-53 3.37835493e-68
  1.00000000e+00]
 [4.16048245e-37 1.94744859e-69 1.08980006e-69 1.99159361e-51
  2.15884635e-81 5.50702496e-42 4.51631058e-90 2.02594871e-35
  5.85160254e-41 1.00000000e+00 2.51695153e-61 8.41951989e-60
  2.43215904e-66 2.28649435e-61 3.04835996e-54 2.06677207e-40
  5.68113516e-19 3.63512821e-52 5.74374105e-20 3.35113301e-69
  1.00000000e+00]
 [4.55020024e-47 5.12474586e-62 3.34912127e-55 1.16935348e-21
  1.23748745e-28 4.70397786e-38 1.70923710e-38 3.51582976e-19
  2.32279252e-23 2.51695153e-61 1.00000000e+00 1.67363793e-22
  3.31662369e-16 5.07919546e-28 8.32424282e-28 1.14773689e-53
  4.38739818e-57 5.58657191e-71 1.33342742e-55 3.14208465e-76
  1.00000000e+00]
 [9.20582470e-34 1.10391869e-16 1.82450089e-34 4.62073004e-31
  6.56936736e-07 5.08068936e-40 2.88313239e-19 7.27358392e-43
  2.59734807e-31 8.41951989e-60 1.67363793e-22 1.00000000e+00
  1.05093620e-31 5.15003988e-20 2.20524432e-18 1.16570343e-38
  1.73321726e-38 3.31436685e-32 1.57213970e-52 2.99492589e-28
  1.00000000e+00]
 [6.29019808e-41 1.88945196e-47 2.04841615e-33 2.32996062e-34
  2.99950432e-54 1.31889500e-32 8.32896995e-43 9.56237284e-46
  3.42333235e-13 2.43215904e-66 3.31662369e-16 1.05093620e-31
  1.00000000e+00 6.22752110e-57 1.74795400e-31 1.11351488e-27
  9.57149651e-54 2.30865433e-67 1.17230257e-52 7.20248161e-64
  1.00000000e+00]
 [4.35010990e-52 2.55882198e-51 2.43884875e-57 4.25617466e-43
  4.70665721e-16 1.05041644e-31 2.92737718e-29 4.58578029e-20
  6.10960698e-60 2.28649435e-61 5.07919546e-28 5.15003988e-20
  6.22752110e-57 1.00000000e+00 8.59581751e-32 2.76741217e-77
  3.07598132e-50 4.72899175e-37 3.27482661e-63 1.65826391e-66
  1.00000000e+00]
 [1.00511639e-24 3.53370932e-24 1.56658271e-59 3.28686512e-52
  2.00705103e-34 2.15739417e-32 1.21137202e-60 1.49733662e-44
  7.75541483e-19 3.04835996e-54 8.32424282e-28 2.20524432e-18
  1.74795400e-31 8.59581751e-32 1.00000000e+00 2.69982618e-40
  3.43211136e-53 5.83859465e-50 1.53609879e-71 1.47103535e-67
  1.00000000e+00]
 [7.80557374e-47 9.50158122e-28 3.66642290e-21 6.21087275e-36
  1.59674175e-73 8.97328059e-33 1.26356043e-61 2.73630567e-74
  9.35549929e-15 2.06677207e-40 1.14773689e-53 1.16570343e-38
  1.11351488e-27 2.76741217e-77 2.69982618e-40 1.00000000e+00
  1.50699171e-40 3.81370607e-59 2.85063990e-46 7.88590864e-43
  1.00000000e+00]
 [2.18313177e-18 1.60839360e-44 5.62994473e-48 5.45194395e-60
  1.63627486e-53 1.03580907e-47 8.08069182e-49 9.21348310e-41
  4.81718891e-50 5.68113516e-19 4.38739818e-57 1.73321726e-38
  9.57149651e-54 3.07598132e-50 3.43211136e-53 1.50699171e-40
  1.00000000e+00 5.65540866e-16 1.40123169e-05 1.66123320e-25
  1.00000000e+00]
 [5.99597778e-26 2.67795940e-29 8.99405348e-45 5.02186519e-83
  1.62536103e-41 1.59572648e-47 1.41910713e-34 1.93287742e-57
  6.03242853e-73 3.63512821e-52 5.58657191e-71 3.31436685e-32
  2.30865433e-67 4.72899175e-37 5.83859465e-50 3.81370607e-59
  5.65540866e-16 1.00000000e+00 6.32399052e-34 6.85017164e-22
  1.00000000e+00]
 [4.83788318e-31 9.57663410e-69 7.99834435e-54 3.41072173e-55
  5.63620987e-68 4.44132742e-55 1.37734798e-55 6.58870459e-38
  1.89635596e-53 5.74374105e-20 1.33342742e-55 1.57213970e-52
  1.17230257e-52 3.27482661e-63 1.53609879e-71 2.85063990e-46
  1.40123169e-05 6.32399052e-34 1.00000000e+00 1.58207913e-38
  1.00000000e+00]
 [1.10585547e-44 4.45821018e-24 1.53079566e-33 9.36811560e-68
  1.84238935e-41 1.07150892e-74 1.52954062e-29 1.43566319e-89
  3.37835493e-68 3.35113301e-69 3.14208465e-76 2.99492589e-28
  7.20248161e-64 1.65826391e-66 1.47103535e-67 7.88590864e-43
  1.66123320e-25 6.85017164e-22 1.58207913e-38 1.00000000e+00
  1.00000000e+00]
 [1.00000000e+00 1.00000000e+00 1.00000000e+00 1.00000000e+00
  1.00000000e+00 1.00000000e+00 1.00000000e+00 1.00000000e+00
  1.00000000e+00 1.00000000e+00 1.00000000e+00 1.00000000e+00
  1.00000000e+00 1.00000000e+00 1.00000000e+00 1.00000000e+00
  1.00000000e+00 1.00000000e+00 1.00000000e+00 1.00000000e+00
  0.00000000e+00]]
