[[1.00000000e+00 4.13581823e-28 2.55409294e-40 ... 2.45770696e-18
  9.06386230e-34 1.00000000e+00]
 [4.13581823e-28 1.00000000e+00 3.22440640e-46 ... 3.22654490e-38
  1.87863214e-43 1.00000000e+00]
 [2.55409294e-40 3.22440640e-46 1.00000000e+00 ... 6.54043403e-47
  4.68740231e-54 1.00000000e+00]
 ...
 [2.45770696e-18 3.22654490e-38 6.54043403e-47 ... 1.00000000e+00
  3.12023430e-70 1.00000000e+00]
 [9.06386230e-34 1.87863214e-43 4.68740231e-54 ... 3.12023430e-70
  1.00000000e+00 1.00000000e+00]
 [1.00000000e+00 1.00000000e+00 1.00000000e+00 ... 1.00000000e+00
  1.00000000e+00 0.00000000e+00]]
