[[1.00000000e+00 1.07632937e-45 1.08486387e-22 ... 2.14331187e-35
  2.82247261e-73 1.00000000e+00]
 [1.07632937e-45 1.00000000e+00 2.03638115e-20 ... 1.88152825e-26
  5.88124385e-57 1.00000000e+00]
 [1.08486387e-22 2.03638115e-20 1.00000000e+00 ... 7.38913434e-34
  1.50729777e-61 1.00000000e+00]
 ...
 [2.14331187e-35 1.88152825e-26 7.38913434e-34 ... 1.00000000e+00
  2.78757522e-25 1.00000000e+00]
 [2.82247261e-73 5.88124385e-57 1.50729777e-61 ... 2.78757522e-25
  1.00000000e+00 1.00000000e+00]
 [1.00000000e+00 1.00000000e+00 1.00000000e+00 ... 1.00000000e+00
  1.00000000e+00 0.00000000e+00]]
