[[1.00000000e+00 8.09422055e-20 5.23934562e-28 ... 9.57068652e-32
  5.80986715e-52 1.00000000e+00]
 [8.09422055e-20 1.00000000e+00 2.61494945e-50 ... 3.50995613e-67
  2.74548039e-41 1.00000000e+00]
 [5.23934562e-28 2.61494945e-50 1.00000000e+00 ... 6.51724544e-36
  4.56368368e-54 1.00000000e+00]
 ...
 [9.57068652e-32 3.50995613e-67 6.51724544e-36 ... 1.00000000e+00
  4.06406792e-44 1.00000000e+00]
 [5.80986715e-52 2.74548039e-41 4.56368368e-54 ... 4.06406792e-44
  1.00000000e+00 1.00000000e+00]
 [1.00000000e+00 1.00000000e+00 1.00000000e+00 ... 1.00000000e+00
  1.00000000e+00 0.00000000e+00]]
