[[1.00000000e+00 4.45049975e-52 5.00769734e-11 ... 1.71149945e-41
  2.34076632e-28 1.00000000e+00]
 [4.45049975e-52 1.00000000e+00 3.05487788e-38 ... 9.10461600e-48
  1.09740665e-53 1.00000000e+00]
 [5.00769734e-11 3.05487788e-38 1.00000000e+00 ... 3.17257166e-40
  1.24320554e-21 1.00000000e+00]
 ...
 [1.71149945e-41 9.10461600e-48 3.17257166e-40 ... 1.00000000e+00
  5.04513387e-40 1.00000000e+00]
 [2.34076632e-28 1.09740665e-53 1.24320554e-21 ... 5.04513387e-40
  1.00000000e+00 1.00000000e+00]
 [1.00000000e+00 1.00000000e+00 1.00000000e+00 ... 1.00000000e+00
  1.00000000e+00 0.00000000e+00]]
