[[1.00000000e+000 3.34493992e-022 1.51143208e-010 5.53890206e-031
  1.08345895e-014 3.71266400e-024 4.13707420e-084 9.53414671e-026
  1.44527874e-042 3.84000004e-063 7.28275573e-040 2.06665521e-073
  3.57353141e-009 5.23029317e-028 8.59731379e-049 3.45993775e-077
  5.34732997e-029 2.31926755e-054 1.36472356e-080 1.35410808e-046
  1.00000000e+000]
 [3.34493992e-022 1.00000000e+000 4.77294047e-029 8.10282952e-042
  4.38374654e-035 1.05895591e-045 2.09236304e-072 3.65965179e-017
  1.40791032e-074 7.05120194e-031 1.18864748e-022 4.17303013e-088
  2.42845591e-023 2.81933394e-024 8.12983573e-066 9.30630739e-058
  1.43330563e-045 1.69590308e-039 7.04194024e-040 1.63238151e-053
  1.00000000e+000]
 [1.51143208e-010 4.77294047e-029 1.00000000e+000 1.56788679e-036
  3.66521550e-014 7.76740644e-043 6.52072788e-060 2.71938306e-029
  1.57062844e-053 4.57322774e-064 2.32731267e-030 6.28154886e-070
  5.34765916e-028 2.02431581e-022 2.84655621e-053 2.02912783e-058
  6.37007810e-041 8.54871216e-070 2.20428555e-069 3.04252609e-029
  1.00000000e+000]
 [5.53890206e-031 8.10282952e-042 1.56788679e-036 1.00000000e+000
  1.06574604e-018 6.06223843e-010 6.51217443e-044 9.45890895e-040
  6.60438794e-043 1.70539298e-072 2.21711085e-066 2.40511467e-065
  5.84664385e-017 7.11852975e-054 1.15299900e-029 5.82403734e-033
  8.73878687e-041 3.48374757e-025 4.18726671e-080 3.11885748e-041
  1.00000000e+000]
 [1.08345895e-014 4.38374654e-035 3.66521550e-014 1.06574604e-018
  1.00000000e+000 4.45061605e-017 9.32748284e-039 3.15336467e-021
  1.01248518e-021 2.06255592e-046 2.19315506e-030 2.71780834e-029
  3.73992858e-017 2.71603047e-022 3.26908757e-015 1.77086310e-038
  1.07684794e-019 8.07232841e-037 2.85830720e-055 8.54724821e-015
  1.00000000e+000]
 [3.71266400e-024 1.05895591e-045 7.76740644e-043 6.06223843e-010
  4.45061605e-017 1.00000000e+000 4.47873424e-063 7.05000303e-036
  9.68054737e-031 4.74216748e-075 5.56790708e-067 4.02025808e-056
  2.17781387e-009 1.30995142e-058 5.53410258e-021 5.91970888e-061
  5.83559182e-030 5.36339767e-021 2.81301600e-086 6.15517271e-046
  1.00000000e+000]
 [4.13707420e-084 2.09236304e-072 6.52072788e-060 6.51217443e-044
  9.32748284e-039 4.47873424e-063 1.00000000e+000 2.70376178e-048
  4.33660281e-076 3.37722734e-061 1.46416297e-045 1.32152277e-042
  2.41379812e-078 3.09027739e-062 2.75039618e-033 7.25352242e-015
  3.49133801e-074 5.48374935e-045 9.75239633e-036 2.64360940e-013
  1.00000000e+000]
 [9.53414671e-026 3.65965179e-017 2.71938306e-029 9.45890895e-040
  3.15336467e-021 7.05000303e-036 2.70376178e-048 1.00000000e+000
  2.43256594e-068 1.44134572e-021 3.99629441e-012 3.31495284e-041
  1.61893019e-031 2.12608891e-033 5.39760033e-041 6.25801425e-050
  2.08246027e-051 3.06078113e-037 1.60299732e-024 1.25998474e-028
  1.00000000e+000]
 [1.44527874e-042 1.40791032e-074 1.57062844e-053 6.60438794e-043
  1.01248518e-021 9.68054737e-031 4.33660281e-076 2.43256594e-068
  1.00000000e+000 2.40177019e-079 1.95486925e-073 2.94683009e-045
  1.11241153e-030 2.10417929e-038 1.05909411e-016 1.31622567e-070
  1.55255951e-006 5.35942252e-048 6.78299864e-100 8.70765940e-045
  1.00000000e+000]
 [3.84000004e-063 7.05120194e-031 4.57322774e-064 1.70539298e-072
  2.06255592e-046 4.74216748e-075 3.37722734e-061 1.44134572e-021
  2.40177019e-079 1.00000000e+000 1.05507601e-017 3.14008630e-044
  7.54316444e-063 2.31400064e-028 8.86654037e-058 7.02770092e-045
  3.52215852e-059 7.35291941e-053 2.42199326e-015 1.42999415e-047
  1.00000000e+000]
 [7.28275573e-040 1.18864748e-022 2.32731267e-030 2.21711085e-066
  2.19315506e-030 5.56790708e-067 1.46416297e-045 3.99629441e-012
  1.95486925e-073 1.05507601e-017 1.00000000e+000 4.82336906e-046
  7.57419518e-053 1.35795512e-019 3.66893133e-051 3.60394565e-051
  1.27318769e-051 2.71041398e-055 4.57884563e-013 8.35864303e-023
  1.00000000e+000]
 [2.06665521e-073 4.17303013e-088 6.28154886e-070 2.40511467e-065
  2.71780834e-029 4.02025808e-056 1.32152277e-042 3.31495284e-041
  2.94683009e-045 3.14008630e-044 4.82336906e-046 1.00000000e+000
  6.35961154e-073 2.44278842e-056 1.24770329e-018 3.25746324e-052
  7.00797206e-054 5.09762489e-061 1.63629510e-050 1.42086842e-023
  1.00000000e+000]
 [3.57353141e-009 2.42845591e-023 5.34765916e-028 5.84664385e-017
  3.73992858e-017 2.17781387e-009 2.41379812e-078 1.61893019e-031
  1.11241153e-030 7.54316444e-063 7.57419518e-053 6.35961154e-073
  1.00000000e+000 1.70550989e-035 2.73841806e-035 8.34001085e-067
  2.34490489e-019 6.40101783e-028 3.98827690e-081 4.83059063e-052
  1.00000000e+000]
 [5.23029317e-028 2.81933394e-024 2.02431581e-022 7.11852975e-054
  2.71603047e-022 1.30995142e-058 3.09027739e-062 2.12608891e-033
  2.10417929e-038 2.31400064e-028 1.35795512e-019 2.44278842e-056
  1.70550989e-035 1.00000000e+000 7.38896571e-047 3.75974999e-047
  1.63032985e-021 5.22543151e-059 2.34973052e-044 3.30316264e-033
  1.00000000e+000]
 [8.59731379e-049 8.12983573e-066 2.84655621e-053 1.15299900e-029
  3.26908757e-015 5.53410258e-021 2.75039618e-033 5.39760033e-041
  1.05909411e-016 8.86654037e-058 3.66893133e-051 1.24770329e-018
  2.73841806e-035 7.38896571e-047 1.00000000e+000 1.35283477e-042
  1.92393566e-022 1.01073408e-023 1.68303624e-058 4.68381926e-019
  1.00000000e+000]
 [3.45993775e-077 9.30630739e-058 2.02912783e-058 5.82403734e-033
  1.77086310e-038 5.91970888e-061 7.25352242e-015 6.25801425e-050
  1.31622567e-070 7.02770092e-045 3.60394565e-051 3.25746324e-052
  8.34001085e-067 3.75974999e-047 1.35283477e-042 1.00000000e+000
  3.07704762e-066 1.81996255e-045 2.57545910e-042 5.33259009e-030
  1.00000000e+000]
 [5.34732997e-029 1.43330563e-045 6.37007810e-041 8.73878687e-041
  1.07684794e-019 5.83559182e-030 3.49133801e-074 2.08246027e-051
  1.55255951e-006 3.52215852e-059 1.27318769e-051 7.00797206e-054
  2.34490489e-019 1.63032985e-021 1.92393566e-022 3.07704762e-066
  1.00000000e+000 4.72296440e-037 2.73952140e-077 3.10593569e-042
  1.00000000e+000]
 [2.31926755e-054 1.69590308e-039 8.54871216e-070 3.48374757e-025
  8.07232841e-037 5.36339767e-021 5.48374935e-045 3.06078113e-037
  5.35942252e-048 7.35291941e-053 2.71041398e-055 5.09762489e-061
  6.40101783e-028 5.22543151e-059 1.01073408e-023 1.81996255e-045
  4.72296440e-037 1.00000000e+000 9.82486707e-049 1.62889308e-045
  1.00000000e+000]
 [1.36472356e-080 7.04194024e-040 2.20428555e-069 4.18726671e-080
  2.85830720e-055 2.81301600e-086 9.75239633e-036 1.60299732e-024
  6.78299864e-100 2.42199326e-015 4.57884563e-013 1.63629510e-050
  3.98827690e-081 2.34973052e-044 1.68303624e-058 2.57545910e-042
  2.73952140e-077 9.82486707e-049 1.00000000e+000 2.82795443e-033
  1.00000000e+000]
 [1.35410808e-046 1.63238151e-053 3.04252609e-029 3.11885748e-041
  8.54724821e-015 6.15517271e-046 2.64360940e-013 1.25998474e-028
  8.70765940e-045 1.42999415e-047 8.35864303e-023 1.42086842e-023
  4.83059063e-052 3.30316264e-033 4.68381926e-019 5.33259009e-030
  3.10593569e-042 1.62889308e-045 2.82795443e-033 1.00000000e+000
  1.00000000e+000]
 [1.00000000e+000 1.00000000e+000 1.00000000e+000 1.00000000e+000
  1.00000000e+000 1.00000000e+000 1.00000000e+000 1.00000000e+000
  1.00000000e+000 1.00000000e+000 1.00000000e+000 1.00000000e+000
  1.00000000e+000 1.00000000e+000 1.00000000e+000 1.00000000e+000
  1.00000000e+000 1.00000000e+000 1.00000000e+000 1.00000000e+000
  0.00000000e+000]]
