[[1.00000000e+000 1.38166830e-051 2.36019501e-098 8.08634472e-029
  8.40723694e-062 3.43989415e-099 3.24399246e-061 9.15649729e-032
  1.63579438e-103 1.29351478e-092 3.13645659e-097 1.35439339e-064
  2.24746850e-062 1.20043419e-090 2.13039807e-080 4.14915476e-013
  2.07880145e-071 2.01570877e-081 2.59427044e-031 5.29026984e-064
  1.00000000e+000]
 [1.38166830e-051 1.00000000e+000 1.00836295e-034 4.79258771e-025
  4.12496359e-071 1.85767180e-064 4.71443216e-020 1.46810635e-028
  5.39377616e-057 1.44055831e-065 1.04690745e-042 1.01967804e-015
  1.30377150e-083 5.54650359e-079 1.42223841e-020 1.16652105e-026
  2.89621933e-038 1.71934153e-032 4.80216226e-018 2.86067703e-028
  1.00000000e+000]
 [2.36019501e-098 1.00836295e-034 1.00000000e+000 4.27537527e-043
  2.64909401e-086 1.56514244e-053 8.29379000e-038 8.34798179e-042
  9.13205363e-015 5.79752482e-102 5.58634352e-042 1.71333661e-038
  3.98830866e-079 1.95099091e-057 1.65668404e-024 8.59360241e-068
  9.11531550e-050 1.65899237e-020 1.40088644e-070 1.05452965e-014
  1.00000000e+000]
 [8.08634472e-029 4.79258771e-025 4.27537527e-043 1.00000000e+000
  5.10720751e-066 1.41704775e-052 1.98800331e-051 5.93800070e-032
  6.98273010e-065 1.48896845e-050 3.73773929e-041 1.49750125e-053
  2.82242780e-030 2.93512245e-082 2.88757084e-034 1.09827353e-025
  9.30901236e-036 2.10610535e-038 7.87860578e-038 1.10003091e-037
  1.00000000e+000]
 [8.40723694e-062 4.12496359e-071 2.64909401e-086 5.10720751e-066
  1.00000000e+000 1.49940707e-092 5.44362434e-090 8.15747127e-029
  2.46790944e-056 8.41080766e-091 1.59530190e-069 8.16402101e-086
  5.77504548e-058 1.71388641e-077 7.24333671e-059 1.68846493e-063
  4.76008353e-023 1.59047519e-072 7.44941999e-069 1.94851470e-048
  1.00000000e+000]
 [3.43989415e-099 1.85767180e-064 1.56514244e-053 1.41704775e-052
  1.49940707e-092 1.00000000e+000 3.31955845e-053 1.35354513e-041
  2.55385174e-046 1.61514329e-032 1.11743258e-017 1.56147108e-067
  2.82852108e-038 9.95229094e-036 1.79490354e-022 1.86895260e-061
  5.96755149e-064 3.40421648e-012 1.71249661e-071 2.63920484e-031
  1.00000000e+000]
 [3.24399246e-061 4.71443216e-020 8.29379000e-038 1.98800331e-051
  5.44362434e-090 3.31955845e-053 1.00000000e+000 6.50539293e-024
  9.32007549e-045 2.12238207e-092 1.11971638e-059 2.58972527e-008
  2.17404238e-104 2.41512531e-044 3.31931855e-031 1.75320167e-026
  2.68758937e-076 2.19598493e-023 3.61955802e-025 2.07404872e-018
  1.00000000e+000]
 [9.15649729e-032 1.46810635e-028 8.34798179e-042 5.93800070e-032
  8.15747127e-029 1.35354513e-041 6.50539293e-024 1.00000000e+000
  5.57514098e-030 2.17233152e-059 4.02650499e-037 3.88860787e-024
  4.92484497e-047 4.71581075e-025 6.39983569e-023 1.91476639e-014
  4.49223591e-031 1.22829126e-024 4.08667737e-020 4.92407537e-012
  1.00000000e+000]
 [1.63579438e-103 5.39377616e-057 9.13205363e-015 6.98273010e-065
  2.46790944e-056 2.55385174e-046 9.32007549e-045 5.57514098e-030
  1.00000000e+000 9.80271972e-105 2.33953701e-043 7.95675819e-049
  2.41374754e-072 1.54319927e-031 3.20001335e-028 1.81255665e-073
  1.06498787e-046 3.62248882e-020 1.02451100e-079 9.52394038e-009
  1.00000000e+000]
 [1.29351478e-092 1.44055831e-065 5.79752482e-102 1.48896845e-050
  8.41080766e-091 1.61514329e-032 2.12238207e-092 2.17233152e-059
  9.80271972e-105 1.00000000e+000 6.85721351e-019 1.95418125e-088
  2.69291312e-037 1.76171867e-083 1.58453221e-034 9.25545860e-062
  4.61498775e-048 3.45098615e-053 2.31861668e-059 9.35235235e-075
  1.00000000e+000]
 [3.13645659e-097 1.04690745e-042 5.58634352e-042 3.73773929e-041
  1.59530190e-069 1.11743258e-017 1.11971638e-059 4.02650499e-037
  2.33953701e-043 6.85721351e-019 1.00000000e+000 5.23408054e-054
  2.68856683e-037 1.00933376e-047 4.16665412e-007 1.24646813e-058
  7.49441965e-026 4.56508052e-020 2.62455860e-054 3.13108687e-032
  1.00000000e+000]
 [1.35439339e-064 1.01967804e-015 1.71333661e-038 1.49750125e-053
  8.16402101e-086 1.56147108e-067 2.58972527e-008 3.88860787e-024
  7.95675819e-049 1.95418125e-088 5.23408054e-054 1.00000000e+000
  9.27542123e-111 7.27427385e-046 4.93601281e-028 9.88247424e-026
  5.70716024e-063 5.79987306e-035 2.45426532e-015 4.63837271e-025
  1.00000000e+000]
 [2.24746850e-062 1.30377150e-083 3.98830866e-079 2.82242780e-030
  5.77504548e-058 2.82852108e-038 2.17404238e-104 4.92484497e-047
  2.41374754e-072 2.69291312e-037 2.68856683e-037 9.27542123e-111
  1.00000000e+000 3.26521325e-073 2.99700656e-051 1.54483109e-061
  3.89984780e-041 5.79282375e-052 2.71126048e-084 1.08924221e-057
  1.00000000e+000]
 [1.20043419e-090 5.54650359e-079 1.95099091e-057 2.93512245e-082
  1.71388641e-077 9.95229094e-036 2.41512531e-044 4.71581075e-025
  1.54319927e-031 1.76171867e-083 1.00933376e-047 7.27427385e-046
  3.26521325e-073 1.00000000e+000 1.60166283e-041 2.39498024e-051
  4.75633583e-077 1.16555868e-032 1.15284359e-059 1.54157386e-026
  1.00000000e+000]
 [2.13039807e-080 1.42223841e-020 1.65668404e-024 2.88757084e-034
  7.24333671e-059 1.79490354e-022 3.31931855e-031 6.39983569e-023
  3.20001335e-028 1.58453221e-034 4.16665412e-007 4.93601281e-028
  2.99700656e-051 1.60166283e-041 1.00000000e+000 6.71107980e-043
  2.48763936e-023 5.42633486e-010 1.59755663e-036 5.38628034e-015
  1.00000000e+000]
 [4.14915476e-013 1.16652105e-026 8.59360241e-068 1.09827353e-025
  1.68846493e-063 1.86895260e-061 1.75320167e-026 1.91476639e-014
  1.81255665e-073 9.25545860e-062 1.24646813e-058 9.88247424e-026
  1.54483109e-061 2.39498024e-051 6.71107980e-043 1.00000000e+000
  2.20358604e-057 1.96221430e-046 1.92809743e-007 2.72175345e-037
  1.00000000e+000]
 [2.07880145e-071 2.89621933e-038 9.11531550e-050 9.30901236e-036
  4.76008353e-023 5.96755149e-064 2.68758937e-076 4.49223591e-031
  1.06498787e-046 4.61498775e-048 7.49441965e-026 5.70716024e-063
  3.89984780e-041 4.75633583e-077 2.48763936e-023 2.20358604e-057
  1.00000000e+000 2.47215240e-047 1.16336486e-052 3.28642537e-038
  1.00000000e+000]
 [2.01570877e-081 1.71934153e-032 1.65899237e-020 2.10610535e-038
  1.59047519e-072 3.40421648e-012 2.19598493e-023 1.22829126e-024
  3.62248882e-020 3.45098615e-053 4.56508052e-020 5.79987306e-035
  5.79282375e-052 1.16555868e-032 5.42633486e-010 1.96221430e-046
  2.47215240e-047 1.00000000e+000 1.34299499e-051 5.92939386e-008
  1.00000000e+000]
 [2.59427044e-031 4.80216226e-018 1.40088644e-070 7.87860578e-038
  7.44941999e-069 1.71249661e-071 3.61955802e-025 4.08667737e-020
  1.02451100e-079 2.31861668e-059 2.62455860e-054 2.45426532e-015
  2.71126048e-084 1.15284359e-059 1.59755663e-036 1.92809743e-007
  1.16336486e-052 1.34299499e-051 1.00000000e+000 6.79614154e-043
  1.00000000e+000]
 [5.29026984e-064 2.86067703e-028 1.05452965e-014 1.10003091e-037
  1.94851470e-048 2.63920484e-031 2.07404872e-018 4.92407537e-012
  9.52394038e-009 9.35235235e-075 3.13108687e-032 4.63837271e-025
  1.08924221e-057 1.54157386e-026 5.38628034e-015 2.72175345e-037
  3.28642537e-038 5.92939386e-008 6.79614154e-043 1.00000000e+000
  1.00000000e+000]
 [1.00000000e+000 1.00000000e+000 1.00000000e+000 1.00000000e+000
  1.00000000e+000 1.00000000e+000 1.00000000e+000 1.00000000e+000
  1.00000000e+000 1.00000000e+000 1.00000000e+000 1.00000000e+000
  1.00000000e+000 1.00000000e+000 1.00000000e+000 1.00000000e+000
  1.00000000e+000 1.00000000e+000 1.00000000e+000 1.00000000e+000
  0.00000000e+000]]
