[[1.00000000e+00 5.13433454e-51 6.37847965e-36 ... 5.11886763e-68
  2.60324502e-32 1.00000000e+00]
 [5.13433454e-51 1.00000000e+00 5.01397407e-78 ... 2.95808309e-60
  8.98512874e-23 1.00000000e+00]
 [6.37847965e-36 5.01397407e-78 1.00000000e+00 ... 2.47562623e-54
  1.98117542e-77 1.00000000e+00]
 ...
 [5.11886763e-68 2.95808309e-60 2.47562623e-54 ... 1.00000000e+00
  2.32019968e-42 1.00000000e+00]
 [2.60324502e-32 8.98512874e-23 1.98117542e-77 ... 2.32019968e-42
  1.00000000e+00 1.00000000e+00]
 [1.00000000e+00 1.00000000e+00 1.00000000e+00 ... 1.00000000e+00
  1.00000000e+00 0.00000000e+00]]
