[[1.00000000e+000 1.97561538e-050 8.87818937e-020 ... 3.03642465e-041
  2.10112643e-078 1.00000000e+000]
 [1.97561538e-050 1.00000000e+000 3.54408041e-040 ... 2.17471691e-032
  8.02461929e-058 1.00000000e+000]
 [8.87818937e-020 3.54408041e-040 1.00000000e+000 ... 2.23932132e-038
  1.12701787e-111 1.00000000e+000]
 ...
 [3.03642465e-041 2.17471691e-032 2.23932132e-038 ... 1.00000000e+000
  1.54442553e-045 1.00000000e+000]
 [2.10112643e-078 8.02461929e-058 1.12701787e-111 ... 1.54442553e-045
  1.00000000e+000 1.00000000e+000]
 [1.00000000e+000 1.00000000e+000 1.00000000e+000 ... 1.00000000e+000
  1.00000000e+000 0.00000000e+000]]
