[[1.00000000e+00 2.19377837e-24 1.17649391e-14 ... 3.86152571e-36
  3.70361478e-16 1.00000000e+00]
 [2.19377837e-24 1.00000000e+00 9.73848108e-59 ... 3.53972937e-95
  2.33601881e-13 1.00000000e+00]
 [1.17649391e-14 9.73848108e-59 1.00000000e+00 ... 5.99383471e-57
  2.63970041e-35 1.00000000e+00]
 ...
 [3.86152571e-36 3.53972937e-95 5.99383471e-57 ... 1.00000000e+00
  2.75453057e-63 1.00000000e+00]
 [3.70361478e-16 2.33601881e-13 2.63970041e-35 ... 2.75453057e-63
  1.00000000e+00 1.00000000e+00]
 [1.00000000e+00 1.00000000e+00 1.00000000e+00 ... 1.00000000e+00
  1.00000000e+00 0.00000000e+00]]
