[[1.00000000e+00 4.30708184e-34 2.66356367e-84 ... 1.43576882e-34
  7.05765119e-40 1.00000000e+00]
 [4.30708184e-34 1.00000000e+00 2.04341449e-81 ... 1.95629007e-36
  3.87808930e-40 1.00000000e+00]
 [2.66356367e-84 2.04341449e-81 1.00000000e+00 ... 1.25275168e-72
  1.96490009e-93 1.00000000e+00]
 ...
 [1.43576882e-34 1.95629007e-36 1.25275168e-72 ... 1.00000000e+00
  8.46284522e-23 1.00000000e+00]
 [7.05765119e-40 3.87808930e-40 1.96490009e-93 ... 8.46284522e-23
  1.00000000e+00 1.00000000e+00]
 [1.00000000e+00 1.00000000e+00 1.00000000e+00 ... 1.00000000e+00
  1.00000000e+00 0.00000000e+00]]
