[[1.00000000e+00 1.61396901e-29 5.12519497e-52 4.32108500e-18
  3.04623912e-42 6.44070736e-36 4.05266199e-34 1.95454943e-21
  1.47782072e-13 5.67983899e-09 1.41446197e-34 2.99301949e-39
  1.14389414e-22 6.70720276e-62 1.08189469e-52 7.36786400e-19
  3.38365665e-46 1.94881625e-11 1.06971415e-46 1.36791072e-35
  1.00000000e+00]
 [1.61396901e-29 1.00000000e+00 2.56361751e-23 1.07950048e-19
  2.42997852e-07 6.49331652e-31 4.64239584e-12 1.30848970e-34
  1.42256542e-41 4.03760152e-25 5.47361419e-30 1.96407775e-45
  1.32748112e-26 1.28126004e-31 1.22673453e-20 5.75922854e-19
  7.86298432e-24 2.65757715e-25 1.17706698e-14 2.32263562e-27
  1.00000000e+00]
 [5.12519497e-52 2.56361751e-23 1.00000000e+00 2.13130083e-33
  6.08171860e-24 9.30046280e-65 1.51415220e-34 5.21740362e-34
  6.35414625e-77 1.55207907e-47 2.22696201e-29 4.91527223e-57
  4.78228058e-35 3.75608127e-43 2.99776219e-22 2.74982435e-35
  2.93439408e-30 7.22523156e-56 1.72954837e-08 3.15555524e-42
  1.00000000e+00]
 [4.32108500e-18 1.07950048e-19 2.13130083e-33 1.00000000e+00
  9.29972600e-28 4.20895027e-32 1.55377114e-30 3.75429970e-18
  2.99542508e-19 6.77342305e-13 3.06202793e-26 1.52711497e-24
  1.07707446e-11 3.32383268e-44 1.18076647e-16 2.11853803e-28
  3.82681474e-11 2.01866627e-21 7.07948448e-40 1.82473225e-23
  1.00000000e+00]
 [3.04623912e-42 2.42997852e-07 6.08171860e-24 9.29972600e-28
  1.00000000e+00 9.34715688e-24 5.17461862e-29 8.45171928e-46
  4.62920799e-62 7.86177846e-41 6.64788428e-51 9.56983011e-40
  8.45435561e-38 2.22249151e-41 1.14644110e-29 5.55881091e-37
  2.16541160e-20 5.77652396e-40 4.69007734e-12 1.57847380e-35
  1.00000000e+00]
 [6.44070736e-36 6.49331652e-31 9.30046280e-65 4.20895027e-32
  9.34715688e-24 1.00000000e+00 9.49691494e-48 7.99640653e-63
  1.44068782e-56 3.44122631e-33 1.24961617e-93 2.89985696e-19
  2.20894172e-28 3.67757441e-45 9.19600776e-66 1.85780248e-41
  1.63176587e-39 1.76636406e-49 5.02001039e-54 1.53317225e-25
  1.00000000e+00]
 [4.05266199e-34 4.64239584e-12 1.51415220e-34 1.55377114e-30
  5.17461862e-29 9.49691494e-48 1.00000000e+00 1.25874519e-28
  2.70852003e-37 1.42951100e-17 4.91787630e-34 1.01419386e-73
  4.29185052e-28 2.66457503e-45 4.98920988e-27 7.86879114e-19
  5.07568869e-51 4.14957197e-44 1.40786608e-28 4.60097364e-40
  1.00000000e+00]
 [1.95454943e-21 1.30848970e-34 5.21740362e-34 3.75429970e-18
  8.45171928e-46 7.99640653e-63 1.25874519e-28 1.00000000e+00
  2.26935289e-19 1.80761243e-14 5.55512058e-21 2.58011819e-67
  5.39413614e-32 7.85324640e-87 3.93835507e-25 4.61617321e-41
  8.74822522e-40 3.75715305e-39 3.70389187e-37 4.00757139e-61
  1.00000000e+00]
 [1.47782072e-13 1.42256542e-41 6.35414625e-77 2.99542508e-19
  4.62920799e-62 1.44068782e-56 2.70852003e-37 2.26935289e-19
  1.00000000e+00 1.50372893e-10 1.77247185e-35 1.50715390e-65
  1.02240562e-35 9.28784840e-92 3.98386325e-46 1.08075717e-41
  1.05306088e-51 5.08426721e-23 3.11798071e-73 2.03946631e-59
  1.00000000e+00]
 [5.67983899e-09 4.03760152e-25 1.55207907e-47 6.77342305e-13
  7.86177846e-41 3.44122631e-33 1.42951100e-17 1.80761243e-14
  1.50372893e-10 1.00000000e+00 6.15101471e-35 8.82971621e-44
  1.02992342e-12 3.05439148e-54 7.89243630e-36 2.05964448e-18
  2.27335142e-42 1.25057875e-26 1.41078384e-47 9.21773331e-31
  1.00000000e+00]
 [1.41446197e-34 5.47361419e-30 2.22696201e-29 3.06202793e-26
  6.64788428e-51 1.24961617e-93 4.91787630e-34 5.55512058e-21
  1.77247185e-35 6.15101471e-35 1.00000000e+00 5.28962914e-82
  9.05914446e-44 2.34829619e-71 3.97182492e-21 1.97743114e-35
  1.56193723e-40 5.46916069e-27 1.27393366e-35 7.26570253e-61
  1.00000000e+00]
 [2.99301949e-39 1.96407775e-45 4.91527223e-57 1.52711497e-24
  9.56983011e-40 2.89985696e-19 1.01419386e-73 2.58011819e-67
  1.50715390e-65 8.82971621e-44 5.28962914e-82 1.00000000e+00
  1.56974294e-20 8.45749841e-35 4.54058694e-63 8.77629289e-44
  1.54364529e-26 1.96409850e-44 6.17119153e-65 8.23351985e-15
  1.00000000e+00]
 [1.14389414e-22 1.32748112e-26 4.78228058e-35 1.07707446e-11
  8.45435561e-38 2.20894172e-28 4.29185052e-28 5.39413614e-32
  1.02240562e-35 1.02992342e-12 9.05914446e-44 1.56974294e-20
  1.00000000e+00 1.01777886e-22 2.04050958e-33 7.11612524e-15
  2.40186610e-30 2.96475342e-36 4.25810614e-47 7.62849538e-08
  1.00000000e+00]
 [6.70720276e-62 1.28126004e-31 3.75608127e-43 3.32383268e-44
  2.22249151e-41 3.67757441e-45 2.66457503e-45 7.85324640e-87
  9.28784840e-92 3.05439148e-54 2.34829619e-71 8.45749841e-35
  1.01777886e-22 1.00000000e+00 4.55835658e-56 1.07362917e-21
  1.13433023e-48 4.31070499e-58 3.63140043e-53 1.85365307e-07
  1.00000000e+00]
 [1.08189469e-52 1.22673453e-20 2.99776219e-22 1.18076647e-16
  1.14644110e-29 9.19600776e-66 4.98920988e-27 3.93835507e-25
  3.98386325e-46 7.89243630e-36 3.97182492e-21 4.54058694e-63
  2.04050958e-33 4.55835658e-56 1.00000000e+00 1.17198548e-47
  9.58744385e-16 7.19701529e-50 3.92488338e-31 4.14832668e-48
  1.00000000e+00]
 [7.36786400e-19 5.75922854e-19 2.74982435e-35 2.11853803e-28
  5.55881091e-37 1.85780248e-41 7.86879114e-19 4.61617321e-41
  1.08075717e-41 2.05964448e-18 1.97743114e-35 8.77629289e-44
  7.11612524e-15 1.07362917e-21 1.17198548e-47 1.00000000e+00
  1.21734845e-52 1.49999290e-24 9.28975462e-36 8.03469974e-16
  1.00000000e+00]
 [3.38365665e-46 7.86298432e-24 2.93439408e-30 3.82681474e-11
  2.16541160e-20 1.63176587e-39 5.07568869e-51 8.74822522e-40
  1.05306088e-51 2.27335142e-42 1.56193723e-40 1.54364529e-26
  2.40186610e-30 1.13433023e-48 9.58744385e-16 1.21734845e-52
  1.00000000e+00 9.03138084e-39 1.39788344e-36 2.90508579e-34
  1.00000000e+00]
 [1.94881625e-11 2.65757715e-25 7.22523156e-56 2.01866627e-21
  5.77652396e-40 1.76636406e-49 4.14957197e-44 3.75715305e-39
  5.08426721e-23 1.25057875e-26 5.46916069e-27 1.96409850e-44
  2.96475342e-36 4.31070499e-58 7.19701529e-50 1.49999290e-24
  9.03138084e-39 1.00000000e+00 2.60032502e-48 3.85175727e-39
  1.00000000e+00]
 [1.06971415e-46 1.17706698e-14 1.72954837e-08 7.07948448e-40
  4.69007734e-12 5.02001039e-54 1.40786608e-28 3.70389187e-37
  3.11798071e-73 1.41078384e-47 1.27393366e-35 6.17119153e-65
  4.25810614e-47 3.63140043e-53 3.92488338e-31 9.28975462e-36
  1.39788344e-36 2.60032502e-48 1.00000000e+00 1.44549137e-51
  1.00000000e+00]
 [1.36791072e-35 2.32263562e-27 3.15555524e-42 1.82473225e-23
  1.57847380e-35 1.53317225e-25 4.60097364e-40 4.00757139e-61
  2.03946631e-59 9.21773331e-31 7.26570253e-61 8.23351985e-15
  7.62849538e-08 1.85365307e-07 4.14832668e-48 8.03469974e-16
  2.90508579e-34 3.85175727e-39 1.44549137e-51 1.00000000e+00
  1.00000000e+00]
 [1.00000000e+00 1.00000000e+00 1.00000000e+00 1.00000000e+00
  1.00000000e+00 1.00000000e+00 1.00000000e+00 1.00000000e+00
  1.00000000e+00 1.00000000e+00 1.00000000e+00 1.00000000e+00
  1.00000000e+00 1.00000000e+00 1.00000000e+00 1.00000000e+00
  1.00000000e+00 1.00000000e+00 1.00000000e+00 1.00000000e+00
  0.00000000e+00]]
