[[1.00000000e+00 4.63607091e-18 1.54977498e-67 ... 7.16989980e-42
  9.48832019e-53 1.00000000e+00]
 [4.63607091e-18 1.00000000e+00 1.88930078e-71 ... 6.61438075e-53
  4.56762688e-86 1.00000000e+00]
 [1.54977498e-67 1.88930078e-71 1.00000000e+00 ... 5.77200766e-73
  4.40423763e-32 1.00000000e+00]
 ...
 [7.16989980e-42 6.61438075e-53 5.77200766e-73 ... 1.00000000e+00
  1.49426052e-83 1.00000000e+00]
 [9.48832019e-53 4.56762688e-86 4.40423763e-32 ... 1.49426052e-83
  1.00000000e+00 1.00000000e+00]
 [1.00000000e+00 1.00000000e+00 1.00000000e+00 ... 1.00000000e+00
  1.00000000e+00 0.00000000e+00]]
