[[1.00000000e+00 1.81903591e-58 9.32638279e-46 5.71839548e-40
  3.94504179e-19 1.17022769e-48 5.33065155e-23 1.34373933e-34
  5.77617995e-39 1.02898308e-62 1.51146795e-87 6.56466461e-50
  9.75392782e-57 3.40579344e-15 1.19412376e-28 8.30493075e-61
  2.78634632e-39 4.00833516e-39 5.75617591e-54 5.33826072e-63
  1.00000000e+00]
 [1.81903591e-58 1.00000000e+00 1.04786925e-31 2.63058554e-39
  1.72914098e-17 4.65980437e-78 3.53061544e-54 3.96927424e-71
  1.51157563e-46 3.80632213e-18 5.06959488e-61 9.91719593e-16
  1.82621218e-48 1.72444909e-52 3.45646811e-30 3.74080415e-76
  3.64428417e-38 7.26146962e-25 1.88824769e-81 6.02960286e-30
  1.00000000e+00]
 [9.32638279e-46 1.04786925e-31 1.00000000e+00 4.53847173e-50
  8.37040396e-30 4.57998740e-43 5.80829219e-48 2.98093145e-61
  4.77542883e-30 3.78362948e-16 1.31464117e-60 5.47027163e-69
  1.46349662e-29 2.95479833e-45 3.78397804e-64 3.89539305e-82
  1.56382476e-42 4.28027291e-25 2.15319713e-66 5.44362852e-59
  1.00000000e+00]
 [5.71839548e-40 2.63058554e-39 4.53847173e-50 1.00000000e+00
  6.02622083e-16 4.44059610e-39 6.34219896e-09 2.08626650e-14
  1.06708708e-29 8.99961486e-33 8.44059496e-46 1.22112477e-30
  4.41810477e-58 3.13868306e-19 5.00243125e-40 6.86795542e-18
  1.21335757e-05 2.80381418e-18 1.91159771e-51 3.01253386e-43
  1.00000000e+00]
 [3.94504179e-19 1.72914098e-17 8.37040396e-30 6.02622083e-16
  1.00000000e+00 5.02548026e-47 1.25987664e-15 2.11652603e-26
  8.12538574e-32 2.19538278e-27 1.00285198e-64 3.46631193e-16
  8.23897899e-52 4.03388503e-21 3.32510249e-20 3.90357125e-50
  2.83929498e-20 5.35278391e-21 2.10627067e-53 1.01198120e-26
  1.00000000e+00]
 [1.17022769e-48 4.65980437e-78 4.57998740e-43 4.44059610e-39
  5.02548026e-47 1.00000000e+00 3.57547503e-44 2.52334391e-54
  1.66225545e-28 2.82988196e-40 4.43570743e-33 5.76204623e-97
  1.22524934e-39 6.85903759e-52 3.55177825e-60 1.38460086e-50
  7.01597427e-45 4.00909465e-48 9.93053959e-10 1.71973076e-59
  1.00000000e+00]
 [5.33065155e-23 3.53061544e-54 5.80829219e-48 6.34219896e-09
  1.25987664e-15 3.57547503e-44 1.00000000e+00 7.33756704e-03
  7.33658458e-30 6.70765142e-51 1.18591194e-71 2.44659211e-42
  1.30701880e-65 1.29753640e-11 2.16696609e-48 1.56696367e-27
  6.92568293e-14 3.18681705e-27 4.80431718e-61 1.40637634e-53
  1.00000000e+00]
 [1.34373933e-34 3.96927424e-71 2.98093145e-61 2.08626650e-14
  2.11652603e-26 2.52334391e-54 7.33756704e-03 1.00000000e+00
  6.60200986e-37 1.83683449e-67 1.21459491e-85 2.12666825e-56
  3.22794113e-81 2.27888909e-20 5.67203467e-67 3.45465246e-31
  1.89683843e-22 1.42448599e-40 3.41975848e-74 6.28711890e-63
  1.00000000e+00]
 [5.77617995e-39 1.51157563e-46 4.77542883e-30 1.06708708e-29
  8.12538574e-32 1.66225545e-28 7.33658458e-30 6.60200986e-37
  1.00000000e+00 3.67564655e-38 3.48526078e-24 1.34552300e-60
  2.93979915e-12 1.72888069e-30 9.28703944e-44 2.55559867e-26
  1.48961702e-31 7.73333536e-27 2.87609314e-35 1.26977158e-37
  1.00000000e+00]
 [1.02898308e-62 3.80632213e-18 3.78362948e-16 8.99961486e-33
  2.19538278e-27 2.82988196e-40 6.70765142e-51 1.83683449e-67
  3.67564655e-38 1.00000000e+00 4.22854581e-37 1.06858731e-47
  3.67750498e-35 4.88793036e-49 2.86284619e-50 8.69025236e-65
  7.95007966e-27 2.75810513e-15 5.33304124e-57 4.03505619e-50
  1.00000000e+00]
 [1.51146795e-87 5.06959488e-61 1.31464117e-60 8.44059496e-46
  1.00285198e-64 4.43570743e-33 1.18591194e-71 1.21459491e-85
  3.48526078e-24 4.22854581e-37 1.00000000e+00 2.30141496e-81
  2.46846944e-19 4.68490253e-66 1.41002753e-56 2.50673280e-33
  3.14303720e-45 4.24646899e-39 3.15328738e-32 1.41935861e-57
  1.00000000e+00]
 [6.56466461e-50 9.91719593e-16 5.47027163e-69 1.22112477e-30
  3.46631193e-16 5.76204623e-97 2.44659211e-42 2.12666825e-56
  1.34552300e-60 1.06858731e-47 2.30141496e-81 1.00000000e+00
  1.51811049e-77 1.29704885e-41 6.21715852e-20 1.03986732e-61
  4.02450322e-34 3.09599735e-34 2.24865233e-92 2.54131995e-36
  1.00000000e+00]
 [9.75392782e-57 1.82621218e-48 1.46349662e-29 4.41810477e-58
  8.23897899e-52 1.22524934e-39 1.30701880e-65 3.22794113e-81
  2.93979915e-12 3.67750498e-35 2.46846944e-19 1.51811049e-77
  1.00000000e+00 2.06803635e-49 2.81933265e-49 7.95078614e-51
  3.19157646e-50 6.49473115e-31 1.10302247e-43 4.26516004e-58
  1.00000000e+00]
 [3.40579344e-15 1.72444909e-52 2.95479833e-45 3.13868306e-19
  4.03388503e-21 6.85903759e-52 1.29753640e-11 2.27888909e-20
  1.72888069e-30 4.88793036e-49 4.68490253e-66 1.29704885e-41
  2.06803635e-49 1.00000000e+00 2.62857749e-39 1.64384475e-27
  8.57881931e-12 3.28435667e-15 7.39044150e-68 9.66150808e-75
  1.00000000e+00]
 [1.19412376e-28 3.45646811e-30 3.78397804e-64 5.00243125e-40
  3.32510249e-20 3.55177825e-60 2.16696609e-48 5.67203467e-67
  9.28703944e-44 2.86284619e-50 1.41002753e-56 6.21715852e-20
  2.81933265e-49 2.62857749e-39 1.00000000e+00 5.26285658e-58
  1.80043747e-44 2.12245453e-40 8.57653633e-44 6.22680444e-31
  1.00000000e+00]
 [8.30493075e-61 3.74080415e-76 3.89539305e-82 6.86795542e-18
  3.90357125e-50 1.38460086e-50 1.56696367e-27 3.45465246e-31
  2.55559867e-26 8.69025236e-65 2.50673280e-33 1.03986732e-61
  7.95078614e-51 1.64384475e-27 5.26285658e-58 1.00000000e+00
  2.51325788e-19 1.81026173e-32 4.85959185e-58 2.77969147e-71
  1.00000000e+00]
 [2.78634632e-39 3.64428417e-38 1.56382476e-42 1.21335757e-05
  2.83929498e-20 7.01597427e-45 6.92568293e-14 1.89683843e-22
  1.48961702e-31 7.95007966e-27 3.14303720e-45 4.02450322e-34
  3.19157646e-50 8.57881931e-12 1.80043747e-44 2.51325788e-19
  1.00000000e+00 5.07821447e-07 1.58270534e-63 3.64954255e-63
  1.00000000e+00]
 [4.00833516e-39 7.26146962e-25 4.28027291e-25 2.80381418e-18
  5.35278391e-21 4.00909465e-48 3.18681705e-27 1.42448599e-40
  7.73333536e-27 2.75810513e-15 4.24646899e-39 3.09599735e-34
  6.49473115e-31 3.28435667e-15 2.12245453e-40 1.81026173e-32
  5.07821447e-07 1.00000000e+00 1.59033606e-66 6.61468952e-63
  1.00000000e+00]
 [5.75617591e-54 1.88824769e-81 2.15319713e-66 1.91159771e-51
  2.10627067e-53 9.93053959e-10 4.80431718e-61 3.41975848e-74
  2.87609314e-35 5.33304124e-57 3.15328738e-32 2.24865233e-92
  1.10302247e-43 7.39044150e-68 8.57653633e-44 4.85959185e-58
  1.58270534e-63 1.59033606e-66 1.00000000e+00 2.12671994e-46
  1.00000000e+00]
 [5.33826072e-63 6.02960286e-30 5.44362852e-59 3.01253386e-43
  1.01198120e-26 1.71973076e-59 1.40637634e-53 6.28711890e-63
  1.26977158e-37 4.03505619e-50 1.41935861e-57 2.54131995e-36
  4.26516004e-58 9.66150808e-75 6.22680444e-31 2.77969147e-71
  3.64954255e-63 6.61468952e-63 2.12671994e-46 1.00000000e+00
  1.00000000e+00]
 [1.00000000e+00 1.00000000e+00 1.00000000e+00 1.00000000e+00
  1.00000000e+00 1.00000000e+00 1.00000000e+00 1.00000000e+00
  1.00000000e+00 1.00000000e+00 1.00000000e+00 1.00000000e+00
  1.00000000e+00 1.00000000e+00 1.00000000e+00 1.00000000e+00
  1.00000000e+00 1.00000000e+00 1.00000000e+00 1.00000000e+00
  0.00000000e+00]]
