[[1.00000000e+00 2.87577574e-18 1.24509676e-39 ... 8.47231024e-81
  4.18182227e-33 1.00000000e+00]
 [2.87577574e-18 1.00000000e+00 5.29556182e-39 ... 5.98258657e-58
  4.27413498e-28 1.00000000e+00]
 [1.24509676e-39 5.29556182e-39 1.00000000e+00 ... 1.15993432e-69
  1.28869650e-29 1.00000000e+00]
 ...
 [8.47231024e-81 5.98258657e-58 1.15993432e-69 ... 1.00000000e+00
  2.13436599e-60 1.00000000e+00]
 [4.18182227e-33 4.27413498e-28 1.28869650e-29 ... 2.13436599e-60
  1.00000000e+00 1.00000000e+00]
 [1.00000000e+00 1.00000000e+00 1.00000000e+00 ... 1.00000000e+00
  1.00000000e+00 0.00000000e+00]]
