[[1.00000000e+000 6.01559829e-045 1.40779377e-033 1.58729342e-016
  3.46840714e-053 3.10023764e-031 7.58286456e-045 4.20548935e-047
  7.05835038e-030 2.15604046e-057 5.60280988e-030 7.34008651e-041
  1.23819503e-032 3.02261647e-038 1.30886310e-045 3.16772084e-073
  9.01423962e-042 4.63937990e-049 3.11264039e-047 6.08465236e-017
  1.00000000e+000]
 [6.01559829e-045 1.00000000e+000 2.80319617e-028 5.70137092e-026
  1.18234315e-053 1.79937481e-010 7.64168252e-051 1.79732695e-054
  2.19022416e-054 5.63161058e-081 6.13640063e-029 5.31016025e-059
  2.67590775e-020 3.85786632e-036 3.04528731e-087 2.90574949e-052
  3.92353013e-031 6.74458956e-016 2.50751172e-038 1.02079876e-045
  1.00000000e+000]
 [1.40779377e-033 2.80319617e-028 1.00000000e+000 7.32481242e-035
  8.99333947e-086 1.35498695e-025 6.48532880e-044 1.49343984e-053
  8.09234935e-059 2.48165124e-081 2.16236826e-037 1.61795236e-070
  9.25755577e-008 1.57803380e-013 5.52746474e-100 1.45648009e-079
  7.81731739e-055 4.31423292e-048 4.41636242e-053 5.17431119e-054
  1.00000000e+000]
 [1.58729342e-016 5.70137092e-026 7.32481242e-035 1.00000000e+000
  9.79852820e-053 9.97639181e-018 1.47057878e-057 5.25509857e-059
  5.28839549e-021 1.14720807e-089 6.51724139e-013 6.91621956e-045
  1.23656856e-022 3.22744153e-042 5.48268007e-061 1.68513678e-080
  5.07630542e-038 3.79090312e-019 6.43130317e-039 1.80372946e-039
  1.00000000e+000]
 [3.46840714e-053 1.18234315e-053 8.99333947e-086 9.79852820e-053
  1.00000000e+000 8.57956530e-038 1.63943142e-028 8.43805060e-015
  2.12451687e-064 8.06965392e-051 3.29822725e-050 1.93329468e-013
  1.26351868e-054 4.98805337e-061 4.70399924e-012 7.83810132e-021
  8.02750225e-018 8.91010493e-030 1.96149493e-018 9.20958396e-027
  1.00000000e+000]
 [3.10023764e-031 1.79937481e-010 1.35498695e-025 9.97639181e-018
  8.57956530e-038 1.00000000e+000 2.18728956e-039 1.10562497e-038
  3.86195017e-048 3.67437500e-049 1.87622482e-010 1.04517335e-037
  1.35951889e-014 2.50219223e-035 5.50982032e-057 7.18029832e-039
  7.85097910e-031 4.48087771e-015 4.32397587e-021 6.46968481e-041
  1.00000000e+000]
 [7.58286456e-045 7.64168252e-051 6.48532880e-044 1.47057878e-057
  1.63943142e-028 2.18728956e-039 1.00000000e+000 4.80987061e-006
  3.08932455e-047 8.46334026e-050 1.58200125e-046 1.77631352e-013
  1.40574787e-032 2.90430159e-016 5.99523686e-032 1.82520638e-020
  3.98544513e-013 1.07020765e-042 1.00167556e-013 8.65462796e-026
  1.00000000e+000]
 [4.20548935e-047 1.79732695e-054 1.49343984e-053 5.25509857e-059
  8.43805060e-015 1.10562497e-038 4.80987061e-006 1.00000000e+000
  2.72412759e-062 2.26670687e-044 2.80298230e-052 2.87187331e-013
  1.02550570e-034 2.61216408e-027 4.26163424e-021 6.83142622e-019
  8.57629714e-017 4.37828408e-040 1.11411043e-015 2.09931244e-024
  1.00000000e+000]
 [7.05835038e-030 2.19022416e-054 8.09234935e-059 5.28839549e-021
  2.12451687e-064 3.86195017e-048 3.08932455e-047 2.72412759e-062
  1.00000000e+000 2.31232111e-112 2.34035076e-027 3.58604490e-034
  1.03055661e-047 8.63586990e-042 3.34714522e-059 2.20005302e-083
  1.22796995e-029 1.22588921e-037 9.87263860e-038 1.73288034e-042
  1.00000000e+000]
 [2.15604046e-057 5.63161058e-081 2.48165124e-081 1.14720807e-089
  8.06965392e-051 3.67437500e-049 8.46334026e-050 2.26670687e-044
  2.31232111e-112 1.00000000e+000 1.39726846e-063 1.52143406e-048
  3.36390868e-078 6.75500427e-084 1.88863099e-044 6.41845957e-030
  1.02357886e-068 9.86123768e-094 4.66733430e-049 3.14232916e-048
  1.00000000e+000]
 [5.60280988e-030 6.13640063e-029 2.16236826e-037 6.51724139e-013
  3.29822725e-050 1.87622482e-010 1.58200125e-046 2.80298230e-052
  2.34035076e-027 1.39726846e-063 1.00000000e+000 5.96516938e-033
  1.54153380e-025 1.18021813e-043 3.24678037e-055 4.68199832e-055
  4.41459820e-037 7.98133900e-022 2.03770338e-020 2.28835252e-052
  1.00000000e+000]
 [7.34008651e-041 5.31016025e-059 1.61795236e-070 6.91621956e-045
  1.93329468e-013 1.04517335e-037 1.77631352e-013 2.87187331e-013
  3.58604490e-034 1.52143406e-048 5.96516938e-033 1.00000000e+000
  7.56015353e-048 6.07796527e-042 9.32069851e-010 1.05496100e-021
  2.11206560e-012 3.59634743e-034 5.09595039e-007 2.76501317e-026
  1.00000000e+000]
 [1.23819503e-032 2.67590775e-020 9.25755577e-008 1.23656856e-022
  1.26351868e-054 1.35951889e-014 1.40574787e-032 1.02550570e-034
  1.03055661e-047 3.36390868e-078 1.54153380e-025 7.56015353e-048
  1.00000000e+000 6.32128404e-012 7.49191279e-073 1.89459299e-061
  9.82264795e-036 8.56156575e-023 5.29980800e-032 6.71975834e-046
  1.00000000e+000]
 [3.02261647e-038 3.85786632e-036 1.57803380e-013 3.22744153e-042
  4.98805337e-061 2.50219223e-035 2.90430159e-016 2.61216408e-027
  8.63586990e-042 6.75500427e-084 1.18021813e-043 6.07796527e-042
  6.32128404e-012 1.00000000e+000 5.33925573e-072 9.78320532e-057
  2.50210259e-027 5.97294665e-040 3.76226456e-033 1.73504420e-038
  1.00000000e+000]
 [1.30886310e-045 3.04528731e-087 5.52746474e-100 5.48268007e-061
  4.70399924e-012 5.50982032e-057 5.99523686e-032 4.26163424e-021
  3.34714522e-059 1.88863099e-044 3.24678037e-055 9.32069851e-010
  7.49191279e-073 5.33925573e-072 1.00000000e+000 1.21990237e-034
  9.50731784e-032 5.43297298e-057 2.98011590e-026 1.29652740e-027
  1.00000000e+000]
 [3.16772084e-073 2.90574949e-052 1.45648009e-079 1.68513678e-080
  7.83810132e-021 7.18029832e-039 1.82520638e-020 6.83142622e-019
  2.20005302e-083 6.41845957e-030 4.68199832e-055 1.05496100e-021
  1.89459299e-061 9.78320532e-057 1.21990237e-034 1.00000000e+000
  2.75917466e-023 8.15496284e-049 2.23510416e-016 4.47286354e-041
  1.00000000e+000]
 [9.01423962e-042 3.92353013e-031 7.81731739e-055 5.07630542e-038
  8.02750225e-018 7.85097910e-031 3.98544513e-013 8.57629714e-017
  1.22796995e-029 1.02357886e-068 4.41459820e-037 2.11206560e-012
  9.82264795e-036 2.50210259e-027 9.50731784e-032 2.75917466e-023
  1.00000000e+000 4.70984887e-019 5.08979377e-012 7.48258381e-020
  1.00000000e+000]
 [4.63937990e-049 6.74458956e-016 4.31423292e-048 3.79090312e-019
  8.91010493e-030 4.48087771e-015 1.07020765e-042 4.37828408e-040
  1.22588921e-037 9.86123768e-094 7.98133900e-022 3.59634743e-034
  8.56156575e-023 5.97294665e-040 5.43297298e-057 8.15496284e-049
  4.70984887e-019 1.00000000e+000 1.79285222e-020 2.13278257e-047
  1.00000000e+000]
 [3.11264039e-047 2.50751172e-038 4.41636242e-053 6.43130317e-039
  1.96149493e-018 4.32397587e-021 1.00167556e-013 1.11411043e-015
  9.87263860e-038 4.66733430e-049 2.03770338e-020 5.09595039e-007
  5.29980800e-032 3.76226456e-033 2.98011590e-026 2.23510416e-016
  5.08979377e-012 1.79285222e-020 1.00000000e+000 6.99629360e-038
  1.00000000e+000]
 [6.08465236e-017 1.02079876e-045 5.17431119e-054 1.80372946e-039
  9.20958396e-027 6.46968481e-041 8.65462796e-026 2.09931244e-024
  1.73288034e-042 3.14232916e-048 2.28835252e-052 2.76501317e-026
  6.71975834e-046 1.73504420e-038 1.29652740e-027 4.47286354e-041
  7.48258381e-020 2.13278257e-047 6.99629360e-038 1.00000000e+000
  1.00000000e+000]
 [1.00000000e+000 1.00000000e+000 1.00000000e+000 1.00000000e+000
  1.00000000e+000 1.00000000e+000 1.00000000e+000 1.00000000e+000
  1.00000000e+000 1.00000000e+000 1.00000000e+000 1.00000000e+000
  1.00000000e+000 1.00000000e+000 1.00000000e+000 1.00000000e+000
  1.00000000e+000 1.00000000e+000 1.00000000e+000 1.00000000e+000
  0.00000000e+000]]
