[[1.00000000e+00 7.56828563e-94 6.49983178e-67 ... 4.82594039e-27
  9.36575516e-71 1.00000000e+00]
 [7.56828563e-94 1.00000000e+00 1.85992233e-31 ... 1.27221240e-50
  1.91041475e-64 1.00000000e+00]
 [6.49983178e-67 1.85992233e-31 1.00000000e+00 ... 1.81798472e-62
  2.74944280e-67 1.00000000e+00]
 ...
 [4.82594039e-27 1.27221240e-50 1.81798472e-62 ... 1.00000000e+00
  3.77566382e-73 1.00000000e+00]
 [9.36575516e-71 1.91041475e-64 2.74944280e-67 ... 3.77566382e-73
  1.00000000e+00 1.00000000e+00]
 [1.00000000e+00 1.00000000e+00 1.00000000e+00 ... 1.00000000e+00
  1.00000000e+00 0.00000000e+00]]
