[[1.00000000e+000 1.06578243e-048 5.00467330e-046 ... 5.02730716e-100
  2.08246241e-056 1.00000000e+000]
 [1.06578243e-048 1.00000000e+000 6.73916456e-076 ... 1.60567062e-048
  1.92234707e-037 1.00000000e+000]
 [5.00467330e-046 6.73916456e-076 1.00000000e+000 ... 2.96157879e-092
  7.78554848e-045 1.00000000e+000]
 ...
 [5.02730716e-100 1.60567062e-048 2.96157879e-092 ... 1.00000000e+000
  4.79001709e-025 1.00000000e+000]
 [2.08246241e-056 1.92234707e-037 7.78554848e-045 ... 4.79001709e-025
  1.00000000e+000 1.00000000e+000]
 [1.00000000e+000 1.00000000e+000 1.00000000e+000 ... 1.00000000e+000
  1.00000000e+000 0.00000000e+000]]
