[[1.00000000e+00 3.66695055e-48 8.34852288e-64 ... 2.38477820e-33
  1.19117601e-45 1.00000000e+00]
 [3.66695055e-48 1.00000000e+00 6.01096750e-26 ... 1.37806581e-37
  6.05691899e-42 1.00000000e+00]
 [8.34852288e-64 6.01096750e-26 1.00000000e+00 ... 3.57415160e-22
  6.65226897e-45 1.00000000e+00]
 ...
 [2.38477820e-33 1.37806581e-37 3.57415160e-22 ... 1.00000000e+00
  2.71723196e-51 1.00000000e+00]
 [1.19117601e-45 6.05691899e-42 6.65226897e-45 ... 2.71723196e-51
  1.00000000e+00 1.00000000e+00]
 [1.00000000e+00 1.00000000e+00 1.00000000e+00 ... 1.00000000e+00
  1.00000000e+00 0.00000000e+00]]
