[[1.00000000e+000 4.22640505e-025 1.32786664e-080 3.18912755e-022
  7.32368324e-080 5.83991196e-019 1.22116283e-061 1.60298607e-029
  7.35274226e-098 2.37922938e-053 4.79778780e-064 4.86317266e-063
  2.34689037e-045 5.45112652e-026 5.66570322e-068 1.67559281e-076
  4.16733311e-060 3.46228448e-054 1.76186254e-020 9.98471701e-060
  1.00000000e+000]
 [4.22640505e-025 1.00000000e+000 1.92654218e-068 4.49342167e-018
  3.32190102e-105 4.95457724e-007 2.81042902e-049 3.36311870e-074
  4.62759429e-044 4.23433510e-034 2.07315823e-021 1.74564546e-053
  2.04551180e-043 1.94373960e-024 1.93830924e-049 6.19526960e-079
  6.36028824e-079 7.56803481e-069 2.22247549e-028 5.87894524e-057
  1.00000000e+000]
 [1.32786664e-080 1.92654218e-068 1.00000000e+000 4.04163121e-097
  3.76383084e-072 1.31424821e-051 3.13074156e-074 1.32766063e-079
  2.01855310e-059 3.09196312e-037 2.20352136e-037 2.30345617e-046
  1.47307192e-108 2.13663804e-098 3.02114357e-075 4.42541085e-080
  2.97708949e-057 1.07367447e-053 9.64511218e-037 2.68003609e-015
  1.00000000e+000]
 [3.18912755e-022 4.49342167e-018 4.04163121e-097 1.00000000e+000
  3.38849397e-112 2.76556864e-016 6.54514286e-047 3.59644346e-045
  1.47346588e-076 1.38100599e-054 1.51789965e-045 7.95164580e-074
  5.11098521e-050 1.97006381e-004 2.23011918e-074 2.26985001e-076
  1.17024120e-080 2.99510444e-078 1.33183514e-032 6.10919325e-057
  1.00000000e+000]
 [7.32368324e-080 3.32190102e-105 3.76383084e-072 3.38849397e-112
  1.00000000e+000 5.28595660e-075 6.51733057e-048 1.43373753e-053
  2.24379606e-076 7.02910767e-050 2.40663962e-087 7.65218455e-073
  1.33497922e-043 2.51696625e-089 7.72676717e-031 1.35932735e-014
  1.52552567e-009 1.46561809e-022 9.72804286e-049 2.77696928e-065
  1.00000000e+000]
 [5.83991196e-019 4.95457724e-007 1.31424821e-051 2.76556864e-016
  5.28595660e-075 1.00000000e+000 2.42465204e-043 5.04079152e-053
  2.12096242e-038 3.67554895e-032 2.46043168e-016 4.13473758e-034
  9.57057243e-036 9.49749686e-021 1.47048471e-041 1.74499613e-055
  7.27651348e-054 1.93017342e-057 3.34977945e-021 7.52769304e-039
  1.00000000e+000]
 [1.22116283e-061 2.81042902e-049 3.13074156e-074 6.54514286e-047
  6.51733057e-048 2.42465204e-043 1.00000000e+000 1.46317423e-046
  9.73184530e-043 1.29667344e-012 1.57631957e-043 1.65363373e-094
  1.57860435e-035 4.25347905e-029 7.68430313e-023 2.35203244e-019
  5.34564479e-026 8.41129579e-021 6.95426294e-023 3.97865595e-042
  1.00000000e+000]
 [1.60298607e-029 3.36311870e-074 1.32766063e-079 3.59644346e-045
  1.43373753e-053 5.04079152e-053 1.46317423e-046 1.00000000e+000
  5.20638215e-123 1.75943036e-056 4.08842003e-093 1.11068431e-090
  3.39876540e-066 6.11509349e-036 1.77352060e-081 3.35066044e-053
  2.11919951e-035 2.50108477e-034 1.54607131e-021 5.31166526e-040
  1.00000000e+000]
 [7.35274226e-098 4.62759429e-044 2.01855310e-059 1.47346588e-076
  2.24379606e-076 2.12096242e-038 9.73184530e-043 5.20638215e-123
  1.00000000e+000 2.54078195e-031 4.45055753e-012 1.18394761e-052
  3.54693936e-049 4.79657889e-069 1.05304639e-023 2.12747251e-045
  2.70780564e-064 5.34155306e-071 1.35880230e-060 1.86525998e-061
  1.00000000e+000]
 [2.37922938e-053 4.23433510e-034 3.09196312e-037 1.38100599e-054
  7.02910767e-050 3.67554895e-032 1.29667344e-012 1.75943036e-056
  2.54078195e-031 1.00000000e+000 1.01630966e-025 5.48864230e-072
  8.43072369e-046 3.09230666e-044 3.36917304e-021 1.03062238e-034
  1.60146518e-028 2.55247405e-016 8.12901831e-013 4.83279018e-028
  1.00000000e+000]
 [4.79778780e-064 2.07315823e-021 2.20352136e-037 1.51789965e-045
  2.40663962e-087 2.46043168e-016 1.57631957e-043 4.08842003e-093
  4.45055753e-012 1.01630966e-025 1.00000000e+000 1.01246809e-042
  2.28460535e-059 7.53991335e-048 6.41590759e-040 1.16255671e-058
  2.62632630e-063 1.46080358e-068 6.18645338e-038 1.27171792e-034
  1.00000000e+000]
 [4.86317266e-063 1.74564546e-053 2.30345617e-046 7.95164580e-074
  7.65218455e-073 4.13473758e-034 1.65363373e-094 1.11068431e-090
  1.18394761e-052 5.48864230e-072 1.01246809e-042 1.00000000e+000
  9.48758432e-059 6.74888416e-077 1.73339602e-066 6.51321089e-075
  5.11278241e-080 6.17191864e-086 4.82212044e-061 2.22916784e-058
  1.00000000e+000]
 [2.34689037e-045 2.04551180e-043 1.47307192e-108 5.11098521e-050
  1.33497922e-043 9.57057243e-036 1.57860435e-035 3.39876540e-066
  3.54693936e-049 8.43072369e-046 2.28460535e-059 9.48758432e-059
  1.00000000e+000 2.40061898e-035 2.21729822e-016 4.57634113e-027
  6.68140769e-045 1.79200576e-045 6.49554163e-046 3.25068754e-090
  1.00000000e+000]
 [5.45112652e-026 1.94373960e-024 2.13663804e-098 1.97006381e-004
  2.51696625e-089 9.49749686e-021 4.25347905e-029 6.11509349e-036
  4.79657889e-069 3.09230666e-044 7.53991335e-048 6.74888416e-077
  2.40061898e-035 1.00000000e+000 4.07603852e-057 1.00800481e-053
  2.33890683e-062 1.46963530e-059 9.18791123e-028 1.22072458e-054
  1.00000000e+000]
 [5.66570322e-068 1.93830924e-049 3.02114357e-075 2.23011918e-074
  7.72676717e-031 1.47048471e-041 7.68430313e-023 1.77352060e-081
  1.05304639e-023 3.36917304e-021 6.41590759e-040 1.73339602e-066
  2.21729822e-016 4.07603852e-057 1.00000000e+000 8.96874643e-017
  4.85913910e-027 3.78455604e-029 3.96168242e-040 3.54267533e-070
  1.00000000e+000]
 [1.67559281e-076 6.19526960e-079 4.42541085e-080 2.26985001e-076
  1.35932735e-014 1.74499613e-055 2.35203244e-019 3.35066044e-053
  2.12747251e-045 1.03062238e-034 1.16255671e-058 6.51321089e-075
  4.57634113e-027 1.00800481e-053 8.96874643e-017 1.00000000e+000
  1.71641450e-011 6.76156921e-027 8.57634715e-043 1.35042713e-056
  1.00000000e+000]
 [4.16733311e-060 6.36028824e-079 2.97708949e-057 1.17024120e-080
  1.52552567e-009 7.27651348e-054 5.34564479e-026 2.11919951e-035
  2.70780564e-064 1.60146518e-028 2.62632630e-063 5.11278241e-080
  6.68140769e-045 2.33890683e-062 4.85913910e-027 1.71641450e-011
  1.00000000e+000 1.18899071e-013 1.13069121e-026 2.12121631e-040
  1.00000000e+000]
 [3.46228448e-054 7.56803481e-069 1.07367447e-053 2.99510444e-078
  1.46561809e-022 1.93017342e-057 8.41129579e-021 2.50108477e-034
  5.34155306e-071 2.55247405e-016 1.46080358e-068 6.17191864e-086
  1.79200576e-045 1.46963530e-059 3.78455604e-029 6.76156921e-027
  1.18899071e-013 1.00000000e+000 3.43598489e-016 1.19185456e-040
  1.00000000e+000]
 [1.76186254e-020 2.22247549e-028 9.64511218e-037 1.33183514e-032
  9.72804286e-049 3.34977945e-021 6.95426294e-023 1.54607131e-021
  1.35880230e-060 8.12901831e-013 6.18645338e-038 4.82212044e-061
  6.49554163e-046 9.18791123e-028 3.96168242e-040 8.57634715e-043
  1.13069121e-026 3.43598489e-016 1.00000000e+000 1.49500791e-019
  1.00000000e+000]
 [9.98471701e-060 5.87894524e-057 2.68003609e-015 6.10919325e-057
  2.77696928e-065 7.52769304e-039 3.97865595e-042 5.31166526e-040
  1.86525998e-061 4.83279018e-028 1.27171792e-034 2.22916784e-058
  3.25068754e-090 1.22072458e-054 3.54267533e-070 1.35042713e-056
  2.12121631e-040 1.19185456e-040 1.49500791e-019 1.00000000e+000
  1.00000000e+000]
 [1.00000000e+000 1.00000000e+000 1.00000000e+000 1.00000000e+000
  1.00000000e+000 1.00000000e+000 1.00000000e+000 1.00000000e+000
  1.00000000e+000 1.00000000e+000 1.00000000e+000 1.00000000e+000
  1.00000000e+000 1.00000000e+000 1.00000000e+000 1.00000000e+000
  1.00000000e+000 1.00000000e+000 1.00000000e+000 1.00000000e+000
  0.00000000e+000]]
