[[1.00000000e+00 1.25755385e-14 5.65781341e-66 6.78338497e-64
  3.77012958e-22 6.88298649e-39 3.62509361e-30 3.81614066e-34
  7.51086294e-21 6.92078645e-54 2.25447751e-46 5.25864120e-44
  2.12057593e-43 9.86419385e-22 3.05633157e-11 1.09411096e-38
  6.50904776e-25 3.61541526e-76 1.21498654e-29 1.18547460e-36
  1.00000000e+00]
 [1.25755385e-14 1.00000000e+00 2.99374008e-63 9.09135996e-50
  5.97622347e-39 5.33587773e-54 7.43047999e-36 5.44576967e-23
  3.28292739e-21 2.48924068e-66 4.43802642e-39 2.44098625e-26
  2.82020704e-39 5.49514250e-13 1.84147084e-12 8.77172573e-36
  6.79380150e-48 4.58749541e-47 2.31412931e-40 1.91457371e-48
  1.00000000e+00]
 [5.65781341e-66 2.99374008e-63 1.00000000e+00 7.85769693e-61
  3.35330526e-42 3.70861534e-54 1.04109779e-65 6.44823086e-35
  1.29019100e-57 1.62818451e-31 4.03880862e-56 6.22849452e-37
  3.27402937e-20 1.16255186e-47 2.23636811e-61 5.99209273e-63
  1.12771124e-61 1.94156105e-28 1.30765165e-37 1.57850465e-19
  1.00000000e+00]
 [6.78338497e-64 9.09135996e-50 7.85769693e-61 1.00000000e+00
  8.27579076e-77 4.28854192e-36 1.16807920e-56 1.42289169e-33
  5.22940402e-56 1.91546475e-83 1.18485367e-37 3.44984951e-32
  9.59521825e-71 4.71327112e-24 9.71044492e-85 3.71240302e-22
  9.85393009e-55 1.72333761e-32 8.46884081e-43 4.14460181e-63
  1.00000000e+00]
 [3.77012958e-22 5.97622347e-39 3.35330526e-42 8.27579076e-77
  1.00000000e+00 1.62434041e-57 2.48636372e-15 6.18279246e-37
  2.43785889e-44 4.47528206e-41 4.50091349e-82 9.91333670e-33
  1.18697186e-35 7.16753783e-41 8.34669810e-31 1.45105167e-45
  3.16376940e-39 6.37670602e-64 1.72521173e-28 2.76463025e-28
  1.00000000e+00]
 [6.88298649e-39 5.33587773e-54 3.70861534e-54 4.28854192e-36
  1.62434041e-57 1.00000000e+00 1.07198775e-67 1.73390060e-50
  1.55522140e-61 2.02751340e-68 1.04892589e-45 1.00715904e-50
  1.38414298e-37 1.66519527e-36 5.73636049e-69 5.03221157e-56
  8.55309733e-32 8.11767053e-55 3.85651323e-52 1.51769249e-52
  1.00000000e+00]
 [3.62509361e-30 7.43047999e-36 1.04109779e-65 1.16807920e-56
  2.48636372e-15 1.07198775e-67 1.00000000e+00 3.70754936e-23
  2.28684322e-36 1.97440821e-45 1.01753348e-93 1.35819716e-20
  1.71001589e-62 4.89146091e-43 1.57419498e-38 6.74336833e-20
  3.07955324e-33 5.40736358e-58 1.07031362e-39 1.14044265e-38
  1.00000000e+00]
 [3.81614066e-34 5.44576967e-23 6.44823086e-35 1.42289169e-33
  6.18279246e-37 1.73390060e-50 3.70754936e-23 1.00000000e+00
  5.91091519e-14 1.66018635e-22 7.06736873e-53 3.75529430e-11
  3.22574611e-40 8.06874004e-29 1.02946279e-27 8.68940837e-14
  1.87349494e-25 8.54196955e-25 4.17521813e-37 1.89163929e-18
  1.00000000e+00]
 [7.51086294e-21 3.28292739e-21 1.29019100e-57 5.22940402e-56
  2.43785889e-44 1.55522140e-61 2.28684322e-36 5.91091519e-14
  1.00000000e+00 4.59798598e-29 1.24928744e-42 1.90392901e-41
  2.80823432e-61 3.99378511e-30 6.39507986e-13 4.91017906e-21
  3.19235754e-21 5.19144590e-66 8.27898245e-32 3.27976138e-20
  1.00000000e+00]
 [6.92078645e-54 2.48924068e-66 1.62818451e-31 1.91546475e-83
  4.47528206e-41 2.02751340e-68 1.97440821e-45 1.66018635e-22
  4.59798598e-29 1.00000000e+00 9.78721131e-89 4.18175735e-46
  7.46253157e-51 2.16294404e-72 3.59309534e-43 2.09898986e-45
  5.90487492e-24 1.03820446e-61 3.27137843e-52 4.10022630e-06
  1.00000000e+00]
 [2.25447751e-46 4.43802642e-39 4.03880862e-56 1.18485367e-37
  4.50091349e-82 1.04892589e-45 1.01753348e-93 7.06736873e-53
  1.24928744e-42 9.78721131e-89 1.00000000e+00 1.33644273e-69
  1.10088854e-61 8.66837931e-15 5.23131354e-55 3.59326970e-54
  3.14624559e-67 9.09603985e-67 2.34420339e-28 4.27220886e-56
  1.00000000e+00]
 [5.25864120e-44 2.44098625e-26 6.22849452e-37 3.44984951e-32
  9.91333670e-33 1.00715904e-50 1.35819716e-20 3.75529430e-11
  1.90392901e-41 4.18175735e-46 1.33644273e-69 1.00000000e+00
  8.23512980e-31 1.83972690e-30 1.56647787e-44 3.40690228e-26
  2.75320304e-47 1.96007130e-11 1.51224303e-48 3.66770613e-39
  1.00000000e+00]
 [2.12057593e-43 2.82020704e-39 3.27402937e-20 9.59521825e-71
  1.18697186e-35 1.38414298e-37 1.71001589e-62 3.22574611e-40
  2.80823432e-61 7.46253157e-51 1.10088854e-61 8.23512980e-31
  1.00000000e+00 4.64887462e-41 1.40302375e-43 6.79266420e-78
  2.40927976e-61 8.13875854e-29 5.32765720e-57 4.86666978e-39
  1.00000000e+00]
 [9.86419385e-22 5.49514250e-13 1.16255186e-47 4.71327112e-24
  7.16753783e-41 1.66519527e-36 4.89146091e-43 8.06874004e-29
  3.99378511e-30 2.16294404e-72 8.66837931e-15 1.83972690e-30
  4.64887462e-41 1.00000000e+00 2.29985595e-32 1.94797712e-28
  4.81675534e-49 1.54272621e-41 1.13142569e-17 6.90060842e-45
  1.00000000e+00]
 [3.05633157e-11 1.84147084e-12 2.23636811e-61 9.71044492e-85
  8.34669810e-31 5.73636049e-69 1.57419498e-38 1.02946279e-27
  6.39507986e-13 3.59309534e-43 5.23131354e-55 1.56647787e-44
  1.40302375e-43 2.29985595e-32 1.00000000e+00 3.02093747e-47
  4.62300082e-38 1.42673337e-73 5.65996596e-41 1.89979641e-31
  1.00000000e+00]
 [1.09411096e-38 8.77172573e-36 5.99209273e-63 3.71240302e-22
  1.45105167e-45 5.03221157e-56 6.74336833e-20 8.68940837e-14
  4.91017906e-21 2.09898986e-45 3.59326970e-54 3.40690228e-26
  6.79266420e-78 1.94797712e-28 3.02093747e-47 1.00000000e+00
  3.39628218e-26 3.96296156e-50 1.27928419e-28 2.35003444e-34
  1.00000000e+00]
 [6.50904776e-25 6.79380150e-48 1.12771124e-61 9.85393009e-55
  3.16376940e-39 8.55309733e-32 3.07955324e-33 1.87349494e-25
  3.19235754e-21 5.90487492e-24 3.14624559e-67 2.75320304e-47
  2.40927976e-61 4.81675534e-49 4.62300082e-38 3.39628218e-26
  1.00000000e+00 1.12256011e-74 8.28260592e-43 1.03838875e-21
  1.00000000e+00]
 [3.61541526e-76 4.58749541e-47 1.94156105e-28 1.72333761e-32
  6.37670602e-64 8.11767053e-55 5.40736358e-58 8.54196955e-25
  5.19144590e-66 1.03820446e-61 9.09603985e-67 1.96007130e-11
  8.13875854e-29 1.54272621e-41 1.42673337e-73 3.96296156e-50
  1.12256011e-74 1.00000000e+00 1.81235039e-66 5.95944820e-53
  1.00000000e+00]
 [1.21498654e-29 2.31412931e-40 1.30765165e-37 8.46884081e-43
  1.72521173e-28 3.85651323e-52 1.07031362e-39 4.17521813e-37
  8.27898245e-32 3.27137843e-52 2.34420339e-28 1.51224303e-48
  5.32765720e-57 1.13142569e-17 5.65996596e-41 1.27928419e-28
  8.28260592e-43 1.81235039e-66 1.00000000e+00 1.43860286e-25
  1.00000000e+00]
 [1.18547460e-36 1.91457371e-48 1.57850465e-19 4.14460181e-63
  2.76463025e-28 1.51769249e-52 1.14044265e-38 1.89163929e-18
  3.27976138e-20 4.10022630e-06 4.27220886e-56 3.66770613e-39
  4.86666978e-39 6.90060842e-45 1.89979641e-31 2.35003444e-34
  1.03838875e-21 5.95944820e-53 1.43860286e-25 1.00000000e+00
  1.00000000e+00]
 [1.00000000e+00 1.00000000e+00 1.00000000e+00 1.00000000e+00
  1.00000000e+00 1.00000000e+00 1.00000000e+00 1.00000000e+00
  1.00000000e+00 1.00000000e+00 1.00000000e+00 1.00000000e+00
  1.00000000e+00 1.00000000e+00 1.00000000e+00 1.00000000e+00
  1.00000000e+00 1.00000000e+00 1.00000000e+00 1.00000000e+00
  0.00000000e+00]]
