[[1.00000000e+00 1.25570445e-63 3.25442288e-84 ... 4.69544109e-59
  4.83106336e-55 1.00000000e+00]
 [1.25570445e-63 1.00000000e+00 2.48108670e-37 ... 4.65265600e-33
  4.47685422e-55 1.00000000e+00]
 [3.25442288e-84 2.48108670e-37 1.00000000e+00 ... 2.08664098e-17
  6.36165570e-40 1.00000000e+00]
 ...
 [4.69544109e-59 4.65265600e-33 2.08664098e-17 ... 1.00000000e+00
  2.18003378e-32 1.00000000e+00]
 [4.83106336e-55 4.47685422e-55 6.36165570e-40 ... 2.18003378e-32
  1.00000000e+00 1.00000000e+00]
 [1.00000000e+00 1.00000000e+00 1.00000000e+00 ... 1.00000000e+00
  1.00000000e+00 0.00000000e+00]]
