[[1.00000000e+00 5.98096764e-54 2.80215987e-48 ... 9.47988146e-35
  3.70715973e-79 1.00000000e+00]
 [5.98096764e-54 1.00000000e+00 1.94846638e-36 ... 1.72094753e-34
  1.49220717e-68 1.00000000e+00]
 [2.80215987e-48 1.94846638e-36 1.00000000e+00 ... 5.17056429e-46
  4.66969181e-30 1.00000000e+00]
 ...
 [9.47988146e-35 1.72094753e-34 5.17056429e-46 ... 1.00000000e+00
  8.35702226e-59 1.00000000e+00]
 [3.70715973e-79 1.49220717e-68 4.66969181e-30 ... 8.35702226e-59
  1.00000000e+00 1.00000000e+00]
 [1.00000000e+00 1.00000000e+00 1.00000000e+00 ... 1.00000000e+00
  1.00000000e+00 0.00000000e+00]]
