[[1.00000000e+000 3.19826441e-013 1.74242173e-047 9.21002926e-038
  6.12426416e-025 2.56595204e-014 1.26438073e-029 6.52656154e-023
  2.10485599e-028 1.58668953e-027 8.56348016e-021 6.79374320e-021
  2.49502428e-049 3.62588040e-049 8.76268855e-015 4.98280098e-032
  3.85648673e-041 6.17021702e-023 1.05119765e-037 1.01315267e-059
  1.00000000e+000]
 [3.19826441e-013 1.00000000e+000 2.20647448e-076 1.67922876e-070
  2.61482425e-015 3.46956328e-038 3.50834798e-058 5.00367283e-034
  2.01874862e-055 1.39791225e-052 8.66190913e-047 1.00915416e-049
  5.36448115e-083 1.18959093e-089 6.76027899e-024 1.79437244e-048
  1.53230511e-059 2.37018653e-026 2.61091367e-051 3.76997824e-107
  1.00000000e+000]
 [1.74242173e-047 2.20647448e-076 1.00000000e+000 4.58379389e-033
  7.29945425e-072 4.61162695e-059 1.16990827e-078 4.06685409e-027
  1.45549601e-038 1.25137669e-098 2.44182212e-086 1.67146791e-077
  4.75713496e-059 1.79882082e-066 5.33799575e-045 1.94272106e-040
  9.51733976e-072 1.39779747e-028 1.49409088e-083 6.70927456e-045
  1.00000000e+000]
 [9.21002926e-038 1.67922876e-070 4.58379389e-033 1.00000000e+000
  2.79798378e-068 2.24372244e-026 1.27463064e-058 8.09878600e-024
  2.76000307e-008 2.05799102e-063 8.05449272e-049 8.94589759e-059
  2.76992339e-038 7.25145120e-057 1.20368360e-026 1.43022682e-055
  2.32505098e-078 3.54567740e-044 1.77006714e-059 2.67410240e-026
  1.00000000e+000]
 [6.12426416e-025 2.61482425e-015 7.29945425e-072 2.79798378e-068
  1.00000000e+000 2.05970484e-037 9.36202784e-038 1.36041256e-031
  2.89620674e-060 1.74905781e-042 1.18896380e-040 6.03276670e-043
  4.12766897e-046 1.03190146e-060 1.73707097e-032 2.81172857e-044
  1.31292504e-043 7.02332377e-042 2.76230782e-021 5.59100329e-079
  1.00000000e+000]
 [2.56595204e-014 3.46956328e-038 4.61162695e-059 2.24372244e-026
  2.05970484e-037 1.00000000e+000 1.04486703e-015 1.11779289e-036
  1.89333852e-032 5.81680892e-014 1.06790756e-006 5.55262138e-025
  5.50732158e-027 1.25542374e-043 7.90773574e-024 8.48633702e-029
  1.58140092e-052 7.47240882e-038 4.19302872e-024 4.56750201e-048
  1.00000000e+000]
 [1.26438073e-029 3.50834798e-058 1.16990827e-078 1.27463064e-058
  9.36202784e-038 1.04486703e-015 1.00000000e+000 3.36934300e-056
  1.22077267e-062 1.84928622e-007 9.30116995e-007 1.74349264e-014
  3.03518109e-015 9.98696730e-021 7.76806730e-050 1.13879519e-038
  8.20604360e-036 1.92050116e-072 3.96423026e-011 1.51654224e-044
  1.00000000e+000]
 [6.52656154e-023 5.00367283e-034 4.06685409e-027 8.09878600e-024
  1.36041256e-031 1.11779289e-036 3.36934300e-056 1.00000000e+000
  2.90563143e-022 8.81472933e-071 1.76486839e-055 5.33514117e-056
  2.17636488e-045 9.46286147e-046 2.26119846e-007 3.11151810e-036
  1.76724294e-033 1.35027218e-027 2.56124497e-043 1.51554783e-039
  1.00000000e+000]
 [2.10485599e-028 2.01874862e-055 1.45549601e-038 2.76000307e-008
  2.89620674e-060 1.89333852e-032 1.22077267e-062 2.90563143e-022
  1.00000000e+000 1.03723599e-060 5.86700867e-050 1.60626547e-044
  5.59801558e-050 1.14897320e-058 4.22589052e-027 5.68554317e-073
  3.14589474e-079 1.21039923e-046 2.51256793e-066 7.66535882e-031
  1.00000000e+000]
 [1.58668953e-027 1.39791225e-052 1.25137669e-098 2.05799102e-063
  1.74905781e-042 5.81680892e-014 1.84928622e-007 8.81472933e-071
  1.03723599e-060 1.00000000e+000 2.93858372e-003 2.87286485e-011
  3.60357452e-031 1.29912268e-042 1.36975375e-057 2.39383574e-057
  2.78531824e-062 1.12039110e-076 2.14817675e-023 2.97889061e-063
  1.00000000e+000]
 [8.56348016e-021 8.66190913e-047 2.44182212e-086 8.05449272e-049
  1.18896380e-040 1.06790756e-006 9.30116995e-007 1.76486839e-055
  5.86700867e-050 2.93858372e-003 1.00000000e+000 5.46509686e-014
  2.54437056e-027 2.34605508e-036 1.06739854e-040 2.63299706e-044
  4.70532257e-050 1.38954589e-064 1.50868216e-019 2.32882239e-054
  1.00000000e+000]
 [6.79374320e-021 1.00915416e-049 1.67146791e-077 8.94589759e-059
  6.03276670e-043 5.55262138e-025 1.74349264e-014 5.33514117e-056
  1.60626547e-044 2.87286485e-011 5.46509686e-014 1.00000000e+000
  1.13188818e-034 2.36072704e-028 2.58501526e-053 2.47075147e-066
  7.49056740e-050 5.41682864e-075 6.09457107e-034 2.70451597e-045
  1.00000000e+000]
 [2.49502428e-049 5.36448115e-083 4.75713496e-059 2.76992339e-038
  4.12766897e-046 5.50732158e-027 3.03518109e-015 2.17636488e-045
  5.59801558e-050 3.60357452e-031 2.54437056e-027 1.13188818e-034
  1.00000000e+000 1.28840134e-016 7.34636231e-053 3.22791826e-047
  1.41892111e-044 4.40609766e-079 6.96705578e-014 3.79336469e-018
  1.00000000e+000]
 [3.62588040e-049 1.18959093e-089 1.79882082e-066 7.25145120e-057
  1.03190146e-060 1.25542374e-043 9.98696730e-021 9.46286147e-046
  1.14897320e-058 1.29912268e-042 2.34605508e-036 2.36072704e-028
  1.28840134e-016 1.00000000e+000 2.47645069e-054 3.20439151e-058
  1.22725053e-020 1.38070958e-097 1.84950972e-026 3.23731938e-017
  1.00000000e+000]
 [8.76268855e-015 6.76027899e-024 5.33799575e-045 1.20368360e-026
  1.73707097e-032 7.90773574e-024 7.76806730e-050 2.26119846e-007
  4.22589052e-027 1.36975375e-057 1.06739854e-040 2.58501526e-053
  7.34636231e-053 2.47645069e-054 1.00000000e+000 1.08578431e-029
  5.96922641e-035 3.77182609e-024 1.36953747e-040 3.32690518e-056
  1.00000000e+000]
 [4.98280098e-032 1.79437244e-048 1.94272106e-040 1.43022682e-055
  2.81172857e-044 8.48633702e-029 1.13879519e-038 3.11151810e-036
  5.68554317e-073 2.39383574e-057 2.63299706e-044 2.47075147e-066
  3.22791826e-047 3.20439151e-058 1.08578431e-029 1.00000000e+000
  8.57882189e-038 1.35407896e-023 5.24915641e-039 7.44359741e-075
  1.00000000e+000]
 [3.85648673e-041 1.53230511e-059 9.51733976e-072 2.32505098e-078
  1.31292504e-043 1.58140092e-052 8.20604360e-036 1.76724294e-033
  3.14589474e-079 2.78531824e-062 4.70532257e-050 7.49056740e-050
  1.41892111e-044 1.22725053e-020 5.96922641e-035 8.57882189e-038
  1.00000000e+000 4.17934095e-075 5.03734380e-029 3.75292112e-055
  1.00000000e+000]
 [6.17021702e-023 2.37018653e-026 1.39779747e-028 3.54567740e-044
  7.02332377e-042 7.47240882e-038 1.92050116e-072 1.35027218e-027
  1.21039923e-046 1.12039110e-076 1.38954589e-064 5.41682864e-075
  4.40609766e-079 1.38070958e-097 3.77182609e-024 1.35407896e-023
  4.17934095e-075 1.00000000e+000 5.37716055e-072 2.85109857e-092
  1.00000000e+000]
 [1.05119765e-037 2.61091367e-051 1.49409088e-083 1.77006714e-059
  2.76230782e-021 4.19302872e-024 3.96423026e-011 2.56124497e-043
  2.51256793e-066 2.14817675e-023 1.50868216e-019 6.09457107e-034
  6.96705578e-014 1.84950972e-026 1.36953747e-040 5.24915641e-039
  5.03734380e-029 5.37716055e-072 1.00000000e+000 9.57336927e-049
  1.00000000e+000]
 [1.01315267e-059 3.76997824e-107 6.70927456e-045 2.67410240e-026
  5.59100329e-079 4.56750201e-048 1.51654224e-044 1.51554783e-039
  7.66535882e-031 2.97889061e-063 2.32882239e-054 2.70451597e-045
  3.79336469e-018 3.23731938e-017 3.32690518e-056 7.44359741e-075
  3.75292112e-055 2.85109857e-092 9.57336927e-049 1.00000000e+000
  1.00000000e+000]
 [1.00000000e+000 1.00000000e+000 1.00000000e+000 1.00000000e+000
  1.00000000e+000 1.00000000e+000 1.00000000e+000 1.00000000e+000
  1.00000000e+000 1.00000000e+000 1.00000000e+000 1.00000000e+000
  1.00000000e+000 1.00000000e+000 1.00000000e+000 1.00000000e+000
  1.00000000e+000 1.00000000e+000 1.00000000e+000 1.00000000e+000
  0.00000000e+000]]
