[[1.00000000e+00 2.93055501e-18 3.72799048e-32 1.24111089e-21
  4.71442070e-44 9.65063878e-62 4.01747095e-14 8.97707519e-26
  4.69007592e-53 1.84516559e-41 3.86009963e-23 2.52108672e-35
  7.63091678e-31 1.53761458e-20 1.11248448e-27 4.50721697e-41
  4.01304705e-18 3.87709003e-46 1.63747495e-29 3.09637755e-33
  1.00000000e+00]
 [2.93055501e-18 1.00000000e+00 2.48664498e-47 6.24576745e-26
  8.50744694e-62 1.52972792e-67 9.52180225e-47 1.64119231e-25
  1.59231960e-87 1.66429337e-72 4.29470341e-38 1.29967855e-48
  5.06675257e-58 3.93088511e-15 6.07281638e-48 1.78350166e-15
  5.75747201e-37 8.22545235e-57 2.57257885e-60 6.35594096e-19
  1.00000000e+00]
 [3.72799048e-32 2.48664498e-47 1.00000000e+00 1.07371075e-47
  3.56736400e-09 1.65456398e-37 2.54534518e-57 1.52308845e-43
  2.71137294e-25 5.41384648e-45 1.91470335e-11 1.48545312e-38
  2.46468231e-45 2.01116525e-47 5.06915013e-26 1.71062485e-37
  2.66756734e-27 3.20525529e-21 7.59931152e-23 2.07212444e-26
  1.00000000e+00]
 [1.24111089e-21 6.24576745e-26 1.07371075e-47 1.00000000e+00
  2.43743906e-40 6.79377501e-84 8.68141044e-53 2.71512439e-04
  1.10798441e-93 1.07661023e-69 1.30385308e-41 2.05026449e-64
  5.86898932e-25 1.65711704e-34 3.05164330e-29 1.18576980e-36
  3.73114379e-40 8.95414371e-43 3.08481847e-32 6.74281358e-48
  1.00000000e+00]
 [4.71442070e-44 8.50744694e-62 3.56736400e-09 2.43743906e-40
  1.00000000e+00 7.42710206e-37 2.43836468e-76 1.45954600e-41
  2.68412813e-35 1.27661980e-42 3.21089775e-14 3.23419791e-57
  9.51943883e-33 3.55448609e-52 1.08897584e-20 2.90849878e-46
  5.32753108e-27 1.91017386e-16 5.21840239e-17 1.72530656e-40
  1.00000000e+00]
 [9.65063878e-62 1.52972792e-67 1.65456398e-37 6.79377501e-84
  7.42710206e-37 1.00000000e+00 1.23006485e-89 1.12499038e-86
  3.24711550e-27 1.21628897e-45 6.84251980e-17 8.69200563e-50
  2.09223271e-47 3.13699781e-36 2.13806804e-38 4.36287226e-52
  3.77802393e-30 3.19237052e-35 8.47338664e-44 1.18106496e-38
  1.00000000e+00]
 [4.01747095e-14 9.52180225e-47 2.54534518e-57 8.68141044e-53
  2.43836468e-76 1.23006485e-89 1.00000000e+00 2.94929353e-55
  1.50638646e-52 1.52581868e-36 3.52891262e-40 8.21876303e-29
  1.30156518e-59 2.92100973e-37 9.91587446e-37 3.74173354e-91
  8.08361567e-38 6.86598743e-61 2.94643455e-61 1.95838388e-77
  1.00000000e+00]
 [8.97707519e-26 1.64119231e-25 1.52308845e-43 2.71512439e-04
  1.45954600e-41 1.12499038e-86 2.94929353e-55 1.00000000e+00
  4.66748952e-91 1.11654547e-79 1.90820243e-43 2.16567589e-53
  4.14822320e-32 9.93816733e-40 7.34764116e-29 8.47271993e-33
  2.61960140e-52 9.20647060e-37 2.01778596e-36 4.87074475e-47
  1.00000000e+00]
 [4.69007592e-53 1.59231960e-87 2.71137294e-25 1.10798441e-93
  2.68412813e-35 3.24711550e-27 1.50638646e-52 4.66748952e-91
  1.00000000e+00 1.07561989e-25 2.32090020e-15 7.53556034e-26
  3.40210607e-59 8.69731718e-56 1.26699943e-27 3.63948352e-90
  1.11913431e-35 1.66109636e-27 2.43279954e-44 1.16143667e-67
  1.00000000e+00]
 [1.84516559e-41 1.66429337e-72 5.41384648e-45 1.07661023e-69
  1.27661980e-42 1.21628897e-45 1.52581868e-36 1.11654547e-79
  1.07561989e-25 1.00000000e+00 1.70323097e-18 1.73061971e-41
  2.53665402e-58 1.45374251e-33 5.18995857e-22 3.49762942e-98
  9.40776128e-18 7.91272913e-34 7.91450465e-58 2.54322326e-80
  1.00000000e+00]
 [3.86009963e-23 4.29470341e-38 1.91470335e-11 1.30385308e-41
  3.21089775e-14 6.84251980e-17 3.52891262e-40 1.90820243e-43
  2.32090020e-15 1.70323097e-18 1.00000000e+00 8.91680383e-25
  1.58391237e-30 5.75345242e-20 3.41427935e-11 5.94794710e-40
  5.60011443e-10 1.19053285e-13 3.54863072e-23 7.53955969e-29
  1.00000000e+00]
 [2.52108672e-35 1.29967855e-48 1.48545312e-38 2.05026449e-64
  3.23419791e-57 8.69200563e-50 8.21876303e-29 2.16567589e-53
  7.53556034e-26 1.73061971e-41 8.91680383e-25 1.00000000e+00
  6.12946402e-61 1.40164100e-33 2.12569614e-21 7.99588886e-68
  3.87786628e-50 3.09447100e-24 5.19538552e-60 9.11559883e-62
  1.00000000e+00]
 [7.63091678e-31 5.06675257e-58 2.46468231e-45 5.86898932e-25
  9.51943883e-33 2.09223271e-47 1.30156518e-59 4.14822320e-32
  3.40210607e-59 2.53665402e-58 1.58391237e-30 6.12946402e-61
  1.00000000e+00 3.01615301e-43 2.48755451e-23 8.63474264e-57
  5.00105611e-32 2.81059826e-39 1.43080853e-08 2.52215136e-56
  1.00000000e+00]
 [1.53761458e-20 3.93088511e-15 2.01116525e-47 1.65711704e-34
  3.55448609e-52 3.13699781e-36 2.92100973e-37 9.93816733e-40
  8.69731718e-56 1.45374251e-33 5.75345242e-20 1.40164100e-33
  3.01615301e-43 1.00000000e+00 1.29370324e-26 2.63966226e-34
  3.24610072e-18 6.80843180e-38 9.95359562e-54 5.46732408e-32
  1.00000000e+00]
 [1.11248448e-27 6.07281638e-48 5.06915013e-26 3.05164330e-29
  1.08897584e-20 2.13806804e-38 9.91587446e-37 7.34764116e-29
  1.26699943e-27 5.18995857e-22 3.41427935e-11 2.12569614e-21
  2.48755451e-23 1.29370324e-26 1.00000000e+00 6.53037895e-58
  2.00681336e-25 2.29894069e-06 2.83871139e-26 7.01495324e-57
  1.00000000e+00]
 [4.50721697e-41 1.78350166e-15 1.71062485e-37 1.18576980e-36
  2.90849878e-46 4.36287226e-52 3.74173354e-91 8.47271993e-33
  3.63948352e-90 3.49762942e-98 5.94794710e-40 7.99588886e-68
  8.63474264e-57 2.63966226e-34 6.53037895e-58 1.00000000e+00
  2.57956477e-48 3.45748315e-54 2.43750169e-50 1.53347853e-06
  1.00000000e+00]
 [4.01304705e-18 5.75747201e-37 2.66756734e-27 3.73114379e-40
  5.32753108e-27 3.77802393e-30 8.08361567e-38 2.61960140e-52
  1.11913431e-35 9.40776128e-18 5.60011443e-10 3.87786628e-50
  5.00105611e-32 3.24610072e-18 2.00681336e-25 2.57956477e-48
  1.00000000e+00 1.37809048e-38 2.20558301e-28 5.64773052e-33
  1.00000000e+00]
 [3.87709003e-46 8.22545235e-57 3.20525529e-21 8.95414371e-43
  1.91017386e-16 3.19237052e-35 6.86598743e-61 9.20647060e-37
  1.66109636e-27 7.91272913e-34 1.19053285e-13 3.09447100e-24
  2.81059826e-39 6.80843180e-38 2.29894069e-06 3.45748315e-54
  1.37809048e-38 1.00000000e+00 9.03265777e-36 1.70482825e-55
  1.00000000e+00]
 [1.63747495e-29 2.57257885e-60 7.59931152e-23 3.08481847e-32
  5.21840239e-17 8.47338664e-44 2.94643455e-61 2.01778596e-36
  2.43279954e-44 7.91450465e-58 3.54863072e-23 5.19538552e-60
  1.43080853e-08 9.95359562e-54 2.83871139e-26 2.43750169e-50
  2.20558301e-28 9.03265777e-36 1.00000000e+00 4.01559490e-43
  1.00000000e+00]
 [3.09637755e-33 6.35594096e-19 2.07212444e-26 6.74281358e-48
  1.72530656e-40 1.18106496e-38 1.95838388e-77 4.87074475e-47
  1.16143667e-67 2.54322326e-80 7.53955969e-29 9.11559883e-62
  2.52215136e-56 5.46732408e-32 7.01495324e-57 1.53347853e-06
  5.64773052e-33 1.70482825e-55 4.01559490e-43 1.00000000e+00
  1.00000000e+00]
 [1.00000000e+00 1.00000000e+00 1.00000000e+00 1.00000000e+00
  1.00000000e+00 1.00000000e+00 1.00000000e+00 1.00000000e+00
  1.00000000e+00 1.00000000e+00 1.00000000e+00 1.00000000e+00
  1.00000000e+00 1.00000000e+00 1.00000000e+00 1.00000000e+00
  1.00000000e+00 1.00000000e+00 1.00000000e+00 1.00000000e+00
  0.00000000e+00]]
