[[1.00000000e+00 2.53012198e-37 3.54794462e-78 8.11207275e-40
  3.04378206e-73 5.96185899e-52 1.87485374e-47 1.65154077e-39
  6.43495525e-34 5.93619642e-40 3.22051772e-34 1.02554861e-41
  7.34984925e-68 1.60810235e-39 2.41191528e-51 8.58677920e-35
  1.00000000e+00]
 [2.53012198e-37 1.00000000e+00 2.02380504e-32 1.08820751e-39
  2.94090284e-69 8.58683686e-75 1.83990248e-48 1.15307931e-38
  1.34514211e-34 5.42394418e-32 5.34951509e-62 3.71793061e-42
  8.67493379e-64 2.53891600e-80 7.83950481e-39 5.33841689e-33
  1.00000000e+00]
 [3.54794462e-78 2.02380504e-32 1.00000000e+00 2.90459168e-56
  1.19408575e-34 2.28022837e-39 3.61470880e-39 9.35154745e-38
  1.91845066e-43 7.61176583e-55 1.68831342e-63 3.60591546e-41
  4.65697370e-34 1.93773276e-66 2.94661604e-41 2.87796454e-35
  1.00000000e+00]
 [8.11207275e-40 1.08820751e-39 2.90459168e-56 1.00000000e+00
  2.00366529e-72 5.65826046e-77 3.63500934e-61 2.92318250e-33
  1.70465589e-81 1.12494068e-35 1.78039910e-61 5.11928168e-35
  8.01798552e-36 2.63921033e-34 6.46528173e-36 7.70387250e-49
  1.00000000e+00]
 [3.04378206e-73 2.94090284e-69 1.19408575e-34 2.00366529e-72
  1.00000000e+00 5.23240950e-43 2.64959751e-38 1.46779771e-74
  6.54518650e-32 1.98254226e-36 5.13209959e-39 4.85093077e-50
  8.14766220e-35 1.19584297e-37 2.88413171e-35 1.90879197e-71
  1.00000000e+00]
 [5.96185899e-52 8.58683686e-75 2.28022837e-39 5.65826046e-77
  5.23240950e-43 1.00000000e+00 1.07832397e-43 4.36457206e-33
  5.02528302e-38 6.80308309e-88 5.10969791e-47 1.14183925e-41
  2.38580563e-52 6.18234292e-38 7.48100022e-60 1.56347623e-36
  1.00000000e+00]
 [1.87485374e-47 1.83990248e-48 3.61470880e-39 3.63500934e-61
  2.64959751e-38 1.07832397e-43 1.00000000e+00 1.17625433e-41
  2.06403334e-36 1.02532630e-33 1.56298478e-54 5.81775882e-83
  9.31567679e-38 1.21909717e-35 3.37500242e-53 1.63115026e-35
  1.00000000e+00]
 [1.65154077e-39 1.15307931e-38 9.35154745e-38 2.92318250e-33
  1.46779771e-74 4.36457206e-33 1.17625433e-41 1.00000000e+00
  1.68326918e-54 2.05256916e-70 1.19525919e-82 1.08611818e-44
  1.79922333e-61 4.07501549e-39 2.14420499e-34 5.43961262e-36
  1.00000000e+00]
 [6.43495525e-34 1.34514211e-34 1.91845066e-43 1.70465589e-81
  6.54518650e-32 5.02528302e-38 2.06403334e-36 1.68326918e-54
  1.00000000e+00 1.56979040e-41 1.42721047e-40 3.19605881e-47
  4.31957383e-74 9.67237399e-60 1.01866335e-37 2.63359644e-49
  1.00000000e+00]
 [5.93619642e-40 5.42394418e-32 7.61176583e-55 1.12494068e-35
  1.98254226e-36 6.80308309e-88 1.02532630e-33 2.05256916e-70
  1.56979040e-41 1.00000000e+00 3.81534893e-39 1.81142345e-58
  4.89121009e-38 2.01322554e-45 7.75121257e-37 6.12502876e-57
  1.00000000e+00]
 [3.22051772e-34 5.34951509e-62 1.68831342e-63 1.78039910e-61
  5.13209959e-39 5.10969791e-47 1.56298478e-54 1.19525919e-82
  1.42721047e-40 3.81534893e-39 1.00000000e+00 8.87168135e-36
  4.34215609e-32 4.19368143e-48 2.49151352e-76 2.02099628e-34
  1.00000000e+00]
 [1.02554861e-41 3.71793061e-42 3.60591546e-41 5.11928168e-35
  4.85093077e-50 1.14183925e-41 5.81775882e-83 1.08611818e-44
  3.19605881e-47 1.81142345e-58 8.87168135e-36 1.00000000e+00
  1.11567285e-48 3.51621242e-52 7.51986361e-37 1.31066951e-45
  1.00000000e+00]
 [7.34984925e-68 8.67493379e-64 4.65697370e-34 8.01798552e-36
  8.14766220e-35 2.38580563e-52 9.31567679e-38 1.79922333e-61
  4.31957383e-74 4.89121009e-38 4.34215609e-32 1.11567285e-48
  1.00000000e+00 1.48756224e-35 2.10637528e-65 2.20433933e-34
  1.00000000e+00]
 [1.60810235e-39 2.53891600e-80 1.93773276e-66 2.63921033e-34
  1.19584297e-37 6.18234292e-38 1.21909717e-35 4.07501549e-39
  9.67237399e-60 2.01322554e-45 4.19368143e-48 3.51621242e-52
  1.48756224e-35 1.00000000e+00 8.50276639e-37 1.28989602e-61
  1.00000000e+00]
 [2.41191528e-51 7.83950481e-39 2.94661604e-41 6.46528173e-36
  2.88413171e-35 7.48100022e-60 3.37500242e-53 2.14420499e-34
  1.01866335e-37 7.75121257e-37 2.49151352e-76 7.51986361e-37
  2.10637528e-65 8.50276639e-37 1.00000000e+00 1.44840700e-79
  1.00000000e+00]
 [8.58677920e-35 5.33841689e-33 2.87796454e-35 7.70387250e-49
  1.90879197e-71 1.56347623e-36 1.63115026e-35 5.43961262e-36
  2.63359644e-49 6.12502876e-57 2.02099628e-34 1.31066951e-45
  2.20433933e-34 1.28989602e-61 1.44840700e-79 1.00000000e+00
  1.00000000e+00]
 [1.00000000e+00 1.00000000e+00 1.00000000e+00 1.00000000e+00
  1.00000000e+00 1.00000000e+00 1.00000000e+00 1.00000000e+00
  1.00000000e+00 1.00000000e+00 1.00000000e+00 1.00000000e+00
  1.00000000e+00 1.00000000e+00 1.00000000e+00 1.00000000e+00
  0.00000000e+00]]
