[[1.00000000e+000 5.87919456e-083 1.06585008e-141 ... 5.16400157e-044
  7.18104300e-050 1.00000000e+000]
 [5.87919456e-083 1.00000000e+000 2.80619430e-028 ... 6.43922079e-074
  6.12996837e-025 1.00000000e+000]
 [1.06585008e-141 2.80619430e-028 1.00000000e+000 ... 3.06397837e-097
  1.04332805e-057 1.00000000e+000]
 ...
 [5.16400157e-044 6.43922079e-074 3.06397837e-097 ... 1.00000000e+000
  1.36228627e-039 1.00000000e+000]
 [7.18104300e-050 6.12996837e-025 1.04332805e-057 ... 1.36228627e-039
  1.00000000e+000 1.00000000e+000]
 [1.00000000e+000 1.00000000e+000 1.00000000e+000 ... 1.00000000e+000
  1.00000000e+000 0.00000000e+000]]
