[[1.00000000e+00 2.19172364e-24 6.52237661e-58 ... 7.68063504e-66
  3.05371962e-37 1.00000000e+00]
 [2.19172364e-24 1.00000000e+00 1.84056436e-93 ... 4.43584260e-86
  8.65040079e-86 1.00000000e+00]
 [6.52237661e-58 1.84056436e-93 1.00000000e+00 ... 1.77723993e-93
  3.43712414e-36 1.00000000e+00]
 ...
 [7.68063504e-66 4.43584260e-86 1.77723993e-93 ... 1.00000000e+00
  9.63660636e-62 1.00000000e+00]
 [3.05371962e-37 8.65040079e-86 3.43712414e-36 ... 9.63660636e-62
  1.00000000e+00 1.00000000e+00]
 [1.00000000e+00 1.00000000e+00 1.00000000e+00 ... 1.00000000e+00
  1.00000000e+00 0.00000000e+00]]
