[[1.00000000e+000 1.08153159e-070 1.36764945e-027 4.43250935e-043
  4.40276337e-036 1.66779797e-038 5.49867168e-036 1.05405892e-049
  2.06194748e-033 1.55999135e-035 2.17681915e-057 3.95251393e-017
  6.18196649e-024 1.43330991e-030 6.49238807e-052 7.41998813e-042
  6.32215111e-035 2.28522277e-031 2.41476833e-048 5.01173022e-053
  1.00000000e+000]
 [1.08153159e-070 1.00000000e+000 5.30075120e-063 3.64162415e-026
  8.13984449e-016 2.36559344e-058 1.50332639e-027 7.72188825e-069
  1.07208125e-068 1.55039786e-072 9.43089450e-012 5.44258691e-061
  6.79796347e-063 2.38993714e-052 3.06680941e-022 2.85006452e-081
  2.98643299e-100 6.61609191e-036 1.49931185e-085 1.23838702e-066
  1.00000000e+000]
 [1.36764945e-027 5.30075120e-063 1.00000000e+000 3.44564446e-016
  5.84303209e-046 1.77430554e-037 1.07093660e-041 4.67989500e-016
  3.52748136e-035 8.89980067e-022 7.64790070e-044 4.37119159e-021
  1.40717235e-015 1.27298942e-054 6.10001764e-034 1.26171491e-023
  5.01333694e-042 3.03179700e-022 2.61070642e-045 1.90914351e-063
  1.00000000e+000]
 [4.43250935e-043 3.64162415e-026 3.44564446e-016 1.00000000e+000
  1.00799269e-025 3.09219181e-046 9.30522227e-029 2.50600761e-033
  2.80812601e-032 1.57567171e-033 5.05720348e-029 2.81015976e-032
  3.38523662e-030 4.14260464e-052 8.36533380e-026 1.95032112e-048
  1.01675049e-048 2.35158939e-023 4.86320773e-058 2.95899106e-062
  1.00000000e+000]
 [4.40276337e-036 8.13984449e-016 5.84303209e-046 1.00799269e-025
  1.00000000e+000 1.65114424e-056 7.11457270e-021 1.27186744e-063
  1.60940439e-065 2.73956464e-067 1.36378601e-019 3.70881885e-046
  6.52983815e-045 3.49707294e-051 6.50258450e-036 1.34185907e-080
  2.73772629e-087 1.13268468e-032 5.14569085e-090 3.41728868e-062
  1.00000000e+000]
 [1.66779797e-038 2.36559344e-058 1.77430554e-037 3.09219181e-046
  1.65114424e-056 1.00000000e+000 5.15528075e-043 1.84830034e-042
  3.79770743e-028 2.80285550e-028 2.43752396e-036 1.00104947e-010
  9.50766658e-021 7.01556304e-042 1.56438012e-033 4.97595744e-030
  1.25345552e-044 3.91497742e-032 6.64400416e-050 4.73340401e-023
  1.00000000e+000]
 [5.49867168e-036 1.50332639e-027 1.07093660e-041 9.30522227e-029
  7.11457270e-021 5.15528075e-043 1.00000000e+000 9.61431016e-032
  1.64104395e-056 7.36033900e-074 3.06953470e-034 4.68778331e-046
  7.66211554e-059 2.72609126e-058 5.05161096e-019 6.06694506e-068
  3.35437275e-080 2.11857591e-008 7.90819516e-088 4.86591204e-023
  1.00000000e+000]
 [1.05405892e-049 7.72188825e-069 4.67989500e-016 2.50600761e-033
  1.27186744e-063 1.84830034e-042 9.61431016e-032 1.00000000e+000
  6.85326468e-062 6.00656332e-053 4.51099057e-050 1.10055891e-044
  2.49931944e-046 7.02201141e-077 3.38221659e-021 1.72527556e-030
  5.99990350e-078 8.45696460e-011 9.52701696e-067 1.94502468e-046
  1.00000000e+000]
 [2.06194748e-033 1.07208125e-068 3.52748136e-035 2.80812601e-032
  1.60940439e-065 3.79770743e-028 1.64104395e-056 6.85326468e-062
  1.00000000e+000 2.77813628e-015 6.99709254e-066 1.33226460e-012
  1.19497460e-025 5.97146889e-031 6.33246737e-054 3.30521266e-038
  4.81612414e-005 2.36427124e-046 1.05395481e-031 3.00558022e-054
  1.00000000e+000]
 [1.55999135e-035 1.55039786e-072 8.89980067e-022 1.57567171e-033
  2.73956464e-067 2.80285550e-028 7.36033900e-074 6.00656332e-053
  2.77813628e-015 1.00000000e+000 3.50245590e-050 2.13237952e-010
  1.01919961e-008 1.25022610e-026 5.12992840e-049 8.74100588e-015
  1.04752550e-017 1.53963045e-049 1.25453584e-014 4.01796568e-081
  1.00000000e+000]
 [2.17681915e-057 9.43089450e-012 7.64790070e-044 5.05720348e-029
  1.36378601e-019 2.43752396e-036 3.06953470e-034 4.51099057e-050
  6.99709254e-066 3.50245590e-050 1.00000000e+000 1.11649692e-041
  1.35564933e-036 2.29612763e-043 1.00581066e-015 1.24720039e-049
  1.56198547e-093 4.81871911e-030 9.77578168e-065 1.16351157e-062
  1.00000000e+000]
 [3.95251393e-017 5.44258691e-061 4.37119159e-021 2.81015976e-032
  3.70881885e-046 1.00104947e-010 4.68778331e-046 1.10055891e-044
  1.33226460e-012 2.13237952e-010 1.11649692e-041 1.00000000e+000
  5.53569487e-006 5.58156441e-027 8.29186130e-042 2.04588525e-023
  6.96756185e-019 5.30474297e-034 7.42635324e-032 1.99315239e-042
  1.00000000e+000]
 [6.18196649e-024 6.79796347e-063 1.40717235e-015 3.38523662e-030
  6.52983815e-045 9.50766658e-021 7.66211554e-059 2.49931944e-046
  1.19497460e-025 1.01919961e-008 1.35564933e-036 5.53569487e-006
  1.00000000e+000 2.89315544e-035 1.09552175e-046 4.46581876e-023
  2.87144223e-031 4.09331955e-042 5.83556465e-035 5.80273758e-066
  1.00000000e+000]
 [1.43330991e-030 2.38993714e-052 1.27298942e-054 4.14260464e-052
  3.49707294e-051 7.01556304e-042 2.72609126e-058 7.02201141e-077
  5.97146889e-031 1.25022610e-026 2.29612763e-043 5.58156441e-027
  2.89315544e-035 1.00000000e+000 5.28675651e-041 1.72918133e-031
  2.65816858e-038 9.21488083e-047 4.63528391e-015 5.66495547e-080
  1.00000000e+000]
 [6.49238807e-052 3.06680941e-022 6.10001764e-034 8.36533380e-026
  6.50258450e-036 1.56438012e-033 5.05161096e-019 3.38221659e-021
  6.33246737e-054 5.12992840e-049 1.00581066e-015 8.29186130e-042
  1.09552175e-046 5.28675651e-041 1.00000000e+000 1.47875517e-032
  3.39617433e-079 3.38486145e-008 4.09921616e-050 1.96970352e-042
  1.00000000e+000]
 [7.41998813e-042 2.85006452e-081 1.26171491e-023 1.95032112e-048
  1.34185907e-080 4.97595744e-030 6.06694506e-068 1.72527556e-030
  3.30521266e-038 8.74100588e-015 1.24720039e-049 2.04588525e-023
  4.46581876e-023 1.72918133e-031 1.47875517e-032 1.00000000e+000
  4.65603585e-044 1.21779714e-034 7.05932336e-013 2.83967336e-075
  1.00000000e+000]
 [6.32215111e-035 2.98643299e-100 5.01333694e-042 1.01675049e-048
  2.73772629e-087 1.25345552e-044 3.35437275e-080 5.99990350e-078
  4.81612414e-005 1.04752550e-017 1.56198547e-093 6.96756185e-019
  2.87144223e-031 2.65816858e-038 3.39617433e-079 4.65603585e-044
  1.00000000e+000 1.49963172e-065 8.60656583e-033 5.24386035e-078
  1.00000000e+000]
 [2.28522277e-031 6.61609191e-036 3.03179700e-022 2.35158939e-023
  1.13268468e-032 3.91497742e-032 2.11857591e-008 8.45696460e-011
  2.36427124e-046 1.53963045e-049 4.81871911e-030 5.30474297e-034
  4.09331955e-042 9.21488083e-047 3.38486145e-008 1.21779714e-034
  1.49963172e-065 1.00000000e+000 4.25606398e-057 2.35941954e-028
  1.00000000e+000]
 [2.41476833e-048 1.49931185e-085 2.61070642e-045 4.86320773e-058
  5.14569085e-090 6.64400416e-050 7.90819516e-088 9.52701696e-067
  1.05395481e-031 1.25453584e-014 9.77578168e-065 7.42635324e-032
  5.83556465e-035 4.63528391e-015 4.09921616e-050 7.05932336e-013
  8.60656583e-033 4.25606398e-057 1.00000000e+000 7.38536514e-105
  1.00000000e+000]
 [5.01173022e-053 1.23838702e-066 1.90914351e-063 2.95899106e-062
  3.41728868e-062 4.73340401e-023 4.86591204e-023 1.94502468e-046
  3.00558022e-054 4.01796568e-081 1.16351157e-062 1.99315239e-042
  5.80273758e-066 5.66495547e-080 1.96970352e-042 2.83967336e-075
  5.24386035e-078 2.35941954e-028 7.38536514e-105 1.00000000e+000
  1.00000000e+000]
 [1.00000000e+000 1.00000000e+000 1.00000000e+000 1.00000000e+000
  1.00000000e+000 1.00000000e+000 1.00000000e+000 1.00000000e+000
  1.00000000e+000 1.00000000e+000 1.00000000e+000 1.00000000e+000
  1.00000000e+000 1.00000000e+000 1.00000000e+000 1.00000000e+000
  1.00000000e+000 1.00000000e+000 1.00000000e+000 1.00000000e+000
  0.00000000e+000]]
