[[1.00000000e+00 1.04111158e-53 6.04930973e-56 ... 3.36347887e-74
  6.85717647e-42 1.00000000e+00]
 [1.04111158e-53 1.00000000e+00 4.54757348e-27 ... 2.19645481e-18
  5.11561214e-25 1.00000000e+00]
 [6.04930973e-56 4.54757348e-27 1.00000000e+00 ... 4.10277058e-46
  3.73111321e-60 1.00000000e+00]
 ...
 [3.36347887e-74 2.19645481e-18 4.10277058e-46 ... 1.00000000e+00
  1.13861249e-69 1.00000000e+00]
 [6.85717647e-42 5.11561214e-25 3.73111321e-60 ... 1.13861249e-69
  1.00000000e+00 1.00000000e+00]
 [1.00000000e+00 1.00000000e+00 1.00000000e+00 ... 1.00000000e+00
  1.00000000e+00 0.00000000e+00]]
