[[1.00000000e+00 3.32795210e-28 2.46501638e-79 ... 1.17530616e-66
  3.33047165e-58 1.00000000e+00]
 [3.32795210e-28 1.00000000e+00 5.50545819e-52 ... 5.03177023e-25
  3.71479635e-61 1.00000000e+00]
 [2.46501638e-79 5.50545819e-52 1.00000000e+00 ... 5.77543343e-39
  2.98330016e-40 1.00000000e+00]
 ...
 [1.17530616e-66 5.03177023e-25 5.77543343e-39 ... 1.00000000e+00
  8.37292184e-92 1.00000000e+00]
 [3.33047165e-58 3.71479635e-61 2.98330016e-40 ... 8.37292184e-92
  1.00000000e+00 1.00000000e+00]
 [1.00000000e+00 1.00000000e+00 1.00000000e+00 ... 1.00000000e+00
  1.00000000e+00 0.00000000e+00]]
