[[1.00000000e+00 2.18031349e-26 5.60626483e-53 4.92443803e-67
  3.39424031e-89 6.15234157e-55 2.13302427e-23 1.16446483e-35
  3.12885954e-55 1.55963238e-26 1.07834825e-37 1.19190188e-85
  3.05428412e-43 1.22963875e-17 7.99263877e-29 1.79780547e-17
  3.67543204e-53 1.70439766e-36 3.95695207e-54 9.00732196e-17
  1.00000000e+00]
 [2.18031349e-26 1.00000000e+00 8.30703877e-74 1.57819116e-63
  1.00245130e-48 1.34755181e-53 2.11791057e-36 5.94192660e-16
  1.21418004e-39 1.02318914e-14 1.09611668e-56 4.00436346e-61
  1.20421879e-38 1.03059713e-20 1.27894908e-33 6.27121457e-15
  4.53513818e-32 3.42037416e-51 1.23433170e-52 1.18157774e-52
  1.00000000e+00]
 [5.60626483e-53 8.30703877e-74 1.00000000e+00 9.15473600e-39
  4.83187163e-50 1.46429579e-49 1.21563943e-33 3.44415036e-38
  7.15937313e-56 8.43213757e-60 3.31130065e-13 3.47068182e-44
  5.71151157e-25 2.27780942e-47 2.12809931e-57 4.57804583e-67
  6.51926754e-70 1.48431186e-25 2.72460317e-07 2.44747351e-28
  1.00000000e+00]
 [4.92443803e-67 1.57819116e-63 9.15473600e-39 1.00000000e+00
  7.17837965e-32 1.12882832e-24 3.42476316e-30 5.61661549e-55
  3.75486397e-38 4.10971299e-35 1.19520994e-32 1.19155321e-54
  9.23601995e-58 4.26676299e-63 2.60410346e-89 3.03442494e-71
  1.77237449e-50 1.49556591e-18 6.13479929e-23 1.12174528e-73
  1.00000000e+00]
 [3.39424031e-89 1.00245130e-48 4.83187163e-50 7.17837965e-32
  1.00000000e+00 2.09226232e-31 2.77663564e-59 1.31590153e-34
  2.11167645e-55 1.45534270e-39 6.57695171e-61 2.41788447e-36
  1.59631800e-31 2.57646549e-66 4.52700024e-68 3.79408783e-60
  1.32026241e-50 4.17103543e-45 8.73096345e-23 2.92822150e-98
  1.00000000e+00]
 [6.15234157e-55 1.34755181e-53 1.46429579e-49 1.12882832e-24
  2.09226232e-31 1.00000000e+00 2.52429857e-54 1.07717257e-41
  1.39861256e-74 4.50777444e-31 2.82608040e-50 1.06406545e-75
  1.45117978e-49 3.03752771e-43 9.43078622e-73 4.73996966e-58
  4.46643326e-47 5.05640519e-42 1.53467915e-31 4.67475586e-76
  1.00000000e+00]
 [2.13302427e-23 2.11791057e-36 1.21563943e-33 3.42476316e-30
  2.77663564e-59 2.52429857e-54 1.00000000e+00 4.16522049e-43
  3.07676530e-35 2.10856529e-32 2.71829714e-29 3.69923576e-66
  5.47233718e-32 7.22442809e-35 5.69644933e-49 1.72555765e-29
  1.11517879e-65 4.14964804e-11 3.66581470e-29 2.17576258e-32
  1.00000000e+00]
 [1.16446483e-35 5.94192660e-16 3.44415036e-38 5.61661549e-55
  1.31590153e-34 1.07717257e-41 4.16522049e-43 1.00000000e+00
  1.46024756e-42 5.60983721e-27 6.65356619e-32 3.26483619e-41
  2.20883999e-25 2.21641733e-13 6.97560864e-39 1.87767796e-35
  1.40169513e-28 4.88328709e-51 2.65043946e-24 5.93323877e-38
  1.00000000e+00]
 [3.12885954e-55 1.21418004e-39 7.15937313e-56 3.75486397e-38
  2.11167645e-55 1.39861256e-74 3.07676530e-35 1.46024756e-42
  1.00000000e+00 5.30179485e-23 1.10059771e-26 2.91256406e-21
  5.07423085e-65 1.16861848e-65 7.66602014e-54 3.77220543e-52
  4.10449919e-22 2.31024767e-28 1.49215819e-45 7.84464740e-49
  1.00000000e+00]
 [1.55963238e-26 1.02318914e-14 8.43213757e-60 4.10971299e-35
  1.45534270e-39 4.50777444e-31 2.10856529e-32 5.60983721e-27
  5.30179485e-23 1.00000000e+00 5.51318097e-38 5.42159363e-41
  4.20698016e-45 2.92084639e-36 1.62352415e-29 6.57952617e-19
  9.76955339e-14 7.91190371e-27 2.11879076e-43 4.82961644e-47
  1.00000000e+00]
 [1.07834825e-37 1.09611668e-56 3.31130065e-13 1.19520994e-32
  6.57695171e-61 2.82608040e-50 2.71829714e-29 6.65356619e-32
  1.10059771e-26 5.51318097e-38 1.00000000e+00 2.26064854e-34
  1.34341010e-45 1.60636191e-39 1.13992810e-53 4.55633732e-61
  9.56268303e-37 6.09689248e-23 1.87030223e-18 4.08716619e-16
  1.00000000e+00]
 [1.19190188e-85 4.00436346e-61 3.47068182e-44 1.19155321e-54
  2.41788447e-36 1.06406545e-75 3.69923576e-66 3.26483619e-41
  2.91256406e-21 5.42159363e-41 2.26064854e-34 1.00000000e+00
  3.70191908e-50 7.46429334e-86 1.57749482e-47 1.51572626e-67
  4.38361355e-30 1.81746490e-42 8.03997667e-36 1.01004854e-62
  1.00000000e+00]
 [3.05428412e-43 1.20421879e-38 5.71151157e-25 9.23601995e-58
  1.59631800e-31 1.45117978e-49 5.47233718e-32 2.20883999e-25
  5.07423085e-65 4.20698016e-45 1.34341010e-45 3.70191908e-50
  1.00000000e+00 8.41934361e-37 8.23015979e-28 3.85364023e-27
  1.23922993e-72 5.04295391e-33 3.89306080e-18 9.53658120e-45
  1.00000000e+00]
 [1.22963875e-17 1.03059713e-20 2.27780942e-47 4.26676299e-63
  2.57646549e-66 3.03752771e-43 7.22442809e-35 2.21641733e-13
  1.16861848e-65 2.92084639e-36 1.60636191e-39 7.46429334e-86
  8.41934361e-37 1.00000000e+00 7.44066247e-52 2.74636155e-35
  8.95038469e-52 3.16369138e-56 2.93343754e-38 1.14114424e-31
  1.00000000e+00]
 [7.99263877e-29 1.27894908e-33 2.12809931e-57 2.60410346e-89
  4.52700024e-68 9.43078622e-73 5.69644933e-49 6.97560864e-39
  7.66602014e-54 1.62352415e-29 1.13992810e-53 1.57749482e-47
  8.23015979e-28 7.44066247e-52 1.00000000e+00 3.86162494e-12
  2.08448405e-50 3.92427851e-42 3.19648633e-57 4.34841724e-34
  1.00000000e+00]
 [1.79780547e-17 6.27121457e-15 4.57804583e-67 3.03442494e-71
  3.79408783e-60 4.73996966e-58 1.72555765e-29 1.87767796e-35
  3.77220543e-52 6.57952617e-19 4.55633732e-61 1.51572626e-67
  3.85364023e-27 2.74636155e-35 3.86162494e-12 1.00000000e+00
  6.10823449e-53 8.91317161e-36 1.46929984e-56 1.40157883e-43
  1.00000000e+00]
 [3.67543204e-53 4.53513818e-32 6.51926754e-70 1.77237449e-50
  1.32026241e-50 4.46643326e-47 1.11517879e-65 1.40169513e-28
  4.10449919e-22 9.76955339e-14 9.56268303e-37 4.38361355e-30
  1.23922993e-72 8.95038469e-52 2.08448405e-50 6.10823449e-53
  1.00000000e+00 3.39485454e-53 4.89491134e-54 4.42511790e-57
  1.00000000e+00]
 [1.70439766e-36 3.42037416e-51 1.48431186e-25 1.49556591e-18
  4.17103543e-45 5.05640519e-42 4.14964804e-11 4.88328709e-51
  2.31024767e-28 7.91190371e-27 6.09689248e-23 1.81746490e-42
  5.04295391e-33 3.16369138e-56 3.92427851e-42 8.91317161e-36
  3.39485454e-53 1.00000000e+00 3.75614801e-23 1.55470993e-37
  1.00000000e+00]
 [3.95695207e-54 1.23433170e-52 2.72460317e-07 6.13479929e-23
  8.73096345e-23 1.53467915e-31 3.66581470e-29 2.65043946e-24
  1.49215819e-45 2.11879076e-43 1.87030223e-18 8.03997667e-36
  3.89306080e-18 2.93343754e-38 3.19648633e-57 1.46929984e-56
  4.89491134e-54 3.75614801e-23 1.00000000e+00 1.32789493e-42
  1.00000000e+00]
 [9.00732196e-17 1.18157774e-52 2.44747351e-28 1.12174528e-73
  2.92822150e-98 4.67475586e-76 2.17576258e-32 5.93323877e-38
  7.84464740e-49 4.82961644e-47 4.08716619e-16 1.01004854e-62
  9.53658120e-45 1.14114424e-31 4.34841724e-34 1.40157883e-43
  4.42511790e-57 1.55470993e-37 1.32789493e-42 1.00000000e+00
  1.00000000e+00]
 [1.00000000e+00 1.00000000e+00 1.00000000e+00 1.00000000e+00
  1.00000000e+00 1.00000000e+00 1.00000000e+00 1.00000000e+00
  1.00000000e+00 1.00000000e+00 1.00000000e+00 1.00000000e+00
  1.00000000e+00 1.00000000e+00 1.00000000e+00 1.00000000e+00
  1.00000000e+00 1.00000000e+00 1.00000000e+00 1.00000000e+00
  0.00000000e+00]]
