[[1.00000000e+00 1.30694796e-62 6.59815512e-29 ... 2.36042739e-56
  1.31903795e-18 1.00000000e+00]
 [1.30694796e-62 1.00000000e+00 1.19354466e-53 ... 2.95286284e-61
  1.62996763e-32 1.00000000e+00]
 [6.59815512e-29 1.19354466e-53 1.00000000e+00 ... 2.94352525e-23
  9.62617138e-52 1.00000000e+00]
 ...
 [2.36042739e-56 2.95286284e-61 2.94352525e-23 ... 1.00000000e+00
  8.19362531e-67 1.00000000e+00]
 [1.31903795e-18 1.62996763e-32 9.62617138e-52 ... 8.19362531e-67
  1.00000000e+00 1.00000000e+00]
 [1.00000000e+00 1.00000000e+00 1.00000000e+00 ... 1.00000000e+00
  1.00000000e+00 0.00000000e+00]]
