[[1.00000000e+000 1.39065540e-042 2.04706932e-027 7.21121746e-037
  6.46217382e-028 1.87369778e-033 7.48851715e-037 1.65378958e-023
  2.25442599e-045 4.17058046e-063 1.82559490e-049 1.20116153e-020
  1.70710880e-026 7.45738215e-042 4.84224122e-061 6.48720682e-060
  2.63907489e-028 2.08463638e-029 9.73413586e-068 2.24411530e-052
  1.00000000e+000]
 [1.39065540e-042 1.00000000e+000 1.41039528e-031 1.77003338e-026
  8.03086869e-039 6.38464276e-048 3.30479231e-034 1.65909107e-027
  4.35420923e-081 5.93511356e-059 5.89634668e-030 2.62049198e-036
  5.25208864e-047 1.25208439e-032 1.01313005e-038 1.24378002e-016
  1.40991575e-023 5.23267616e-032 1.61608829e-069 6.20590892e-026
  1.00000000e+000]
 [2.04706932e-027 1.41039528e-031 1.00000000e+000 5.16841819e-034
  1.27766413e-027 1.75355231e-036 3.84626331e-037 6.00106624e-030
  3.55379670e-029 9.12232654e-030 1.43038312e-031 4.33989574e-015
  8.60573165e-036 6.41976753e-020 4.55885821e-028 5.98000001e-060
  6.97822602e-012 8.95211787e-032 9.39982384e-055 3.89732258e-017
  1.00000000e+000]
 [7.21121746e-037 1.77003338e-026 5.16841819e-034 1.00000000e+000
  7.92928894e-030 4.60496492e-057 2.73708712e-022 6.38650871e-031
  9.79759017e-045 3.02251488e-078 6.10393269e-021 8.99024813e-045
  8.82342668e-032 7.37236211e-033 1.62169235e-021 4.50921802e-059
  1.56485264e-038 1.68644130e-006 1.67948952e-057 3.58240099e-040
  1.00000000e+000]
 [6.46217382e-028 8.03086869e-039 1.27766413e-027 7.92928894e-030
  1.00000000e+000 4.26630827e-026 4.28538271e-025 1.88755483e-019
  5.66587159e-023 1.11414370e-031 1.71120034e-030 8.11084068e-024
  8.29547885e-039 1.14865390e-040 7.60578163e-035 6.17421059e-044
  3.08949073e-023 2.35504849e-022 2.57881805e-024 2.91211519e-031
  1.00000000e+000]
 [1.87369778e-033 6.38464276e-048 1.75355231e-036 4.60496492e-057
  4.26630827e-026 1.00000000e+000 5.77260294e-017 9.09396424e-020
  8.17285931e-042 1.89716204e-027 3.49549891e-050 6.18317211e-007
  2.08950977e-044 2.33381292e-085 1.14950257e-040 3.49220108e-054
  5.37828789e-019 1.15240120e-035 3.79763632e-049 4.73530946e-038
  1.00000000e+000]
 [7.48851715e-037 3.30479231e-034 3.84626331e-037 2.73708712e-022
  4.28538271e-025 5.77260294e-017 1.00000000e+000 6.93492594e-011
  2.14877102e-033 9.73023036e-042 7.64215526e-040 1.74902710e-018
  8.13834720e-022 1.23854990e-072 1.17843284e-023 7.33053273e-061
  4.74908574e-031 9.14821739e-008 8.93410010e-060 1.34542693e-043
  1.00000000e+000]
 [1.65378958e-023 1.65909107e-027 6.00106624e-030 6.38650871e-031
  1.88755483e-019 9.09396424e-020 6.93492594e-011 1.00000000e+000
  3.75791213e-034 2.34062751e-028 3.20383182e-055 1.31378924e-014
  2.31645814e-010 2.49502392e-058 2.60911388e-046 1.50609651e-051
  3.99295661e-031 3.47956726e-015 3.82948480e-073 2.86247392e-049
  1.00000000e+000]
 [2.25442599e-045 4.35420923e-081 3.55379670e-029 9.79759017e-045
  5.66587159e-023 8.17285931e-042 2.14877102e-033 3.75791213e-034
  1.00000000e+000 1.19890520e-033 2.64989639e-060 6.72919815e-031
  5.57849557e-033 2.19201606e-063 1.32699811e-040 5.78728020e-115
  7.78638018e-047 1.71134506e-028 4.70072164e-058 4.85076864e-057
  1.00000000e+000]
 [4.17058046e-063 5.93511356e-059 9.12232654e-030 3.02251488e-078
  1.11414370e-031 1.89716204e-027 9.73023036e-042 2.34062751e-028
  1.19890520e-033 1.00000000e+000 3.33766791e-076 7.69161380e-021
  4.52089027e-050 1.59883239e-075 1.09560579e-056 7.20311874e-076
  5.98557692e-034 7.38653267e-057 2.73651842e-071 2.00147485e-043
  1.00000000e+000]
 [1.82559490e-049 5.89634668e-030 1.43038312e-031 6.10393269e-021
  1.71120034e-030 3.49549891e-050 7.64215526e-040 3.20383182e-055
  2.64989639e-060 3.33766791e-076 1.00000000e+000 1.29219385e-043
  2.44025005e-076 1.64140873e-031 5.73250547e-012 4.96051477e-038
  3.25934995e-018 8.22475596e-032 1.82470229e-020 1.21097640e-011
  1.00000000e+000]
 [1.20116153e-020 2.62049198e-036 4.33989574e-015 8.99024813e-045
  8.11084068e-024 6.18317211e-007 1.74902710e-018 1.31378924e-014
  6.72919815e-031 7.69161380e-021 1.29219385e-043 1.00000000e+000
  5.50031761e-029 6.67709518e-056 7.20315154e-035 1.58160427e-054
  4.58829934e-011 1.33386694e-028 6.20446916e-055 2.95051670e-028
  1.00000000e+000]
 [1.70710880e-026 5.25208864e-047 8.60573165e-036 8.82342668e-032
  8.29547885e-039 2.08950977e-044 8.13834720e-022 2.31645814e-010
  5.57849557e-033 4.52089027e-050 2.44025005e-076 5.50031761e-029
  1.00000000e+000 7.67739871e-063 7.16344985e-061 1.14744827e-092
  3.60773237e-054 2.65447183e-016 6.89413973e-109 8.24719890e-076
  1.00000000e+000]
 [7.45738215e-042 1.25208439e-032 6.41976753e-020 7.37236211e-033
  1.14865390e-040 2.33381292e-085 1.23854990e-072 2.49502392e-058
  2.19201606e-063 1.59883239e-075 1.64140873e-031 6.67709518e-056
  7.67739871e-063 1.00000000e+000 7.31880311e-050 1.98995369e-055
  4.36036327e-034 8.77713072e-049 1.61251461e-063 1.42837355e-030
  1.00000000e+000]
 [4.84224122e-061 1.01313005e-038 4.55885821e-028 1.62169235e-021
  7.60578163e-035 1.14950257e-040 1.17843284e-023 2.60911388e-046
  1.32699811e-040 1.09560579e-056 5.73250547e-012 7.20315154e-035
  7.16344985e-061 7.31880311e-050 1.00000000e+000 6.44949124e-064
  7.36830953e-023 9.84156057e-023 1.04778203e-034 1.77287121e-016
  1.00000000e+000]
 [6.48720682e-060 1.24378002e-016 5.98000001e-060 4.50921802e-059
  6.17421059e-044 3.49220108e-054 7.33053273e-061 1.50609651e-051
  5.78728020e-115 7.20311874e-076 4.96051477e-038 1.58160427e-054
  1.14744827e-092 1.98995369e-055 6.44949124e-064 1.00000000e+000
  1.00437148e-030 1.50727334e-065 4.50024315e-054 5.32671786e-033
  1.00000000e+000]
 [2.63907489e-028 1.40991575e-023 6.97822602e-012 1.56485264e-038
  3.08949073e-023 5.37828789e-019 4.74908574e-031 3.99295661e-031
  7.78638018e-047 5.98557692e-034 3.25934995e-018 4.58829934e-011
  3.60773237e-054 4.36036327e-034 7.36830953e-023 1.00437148e-030
  1.00000000e+000 9.23724867e-036 1.61343916e-031 1.79633156e-006
  1.00000000e+000]
 [2.08463638e-029 5.23267616e-032 8.95211787e-032 1.68644130e-006
  2.35504849e-022 1.15240120e-035 9.14821739e-008 3.47956726e-015
  1.71134506e-028 7.38653267e-057 8.22475596e-032 1.33386694e-028
  2.65447183e-016 8.77713072e-049 9.84156057e-023 1.50727334e-065
  9.23724867e-036 1.00000000e+000 2.21201547e-059 5.06175799e-045
  1.00000000e+000]
 [9.73413586e-068 1.61608829e-069 9.39982384e-055 1.67948952e-057
  2.57881805e-024 3.79763632e-049 8.93410010e-060 3.82948480e-073
  4.70072164e-058 2.73651842e-071 1.82470229e-020 6.20446916e-055
  6.89413973e-109 1.61251461e-063 1.04778203e-034 4.50024315e-054
  1.61343916e-031 2.21201547e-059 1.00000000e+000 3.47672697e-027
  1.00000000e+000]
 [2.24411530e-052 6.20590892e-026 3.89732258e-017 3.58240099e-040
  2.91211519e-031 4.73530946e-038 1.34542693e-043 2.86247392e-049
  4.85076864e-057 2.00147485e-043 1.21097640e-011 2.95051670e-028
  8.24719890e-076 1.42837355e-030 1.77287121e-016 5.32671786e-033
  1.79633156e-006 5.06175799e-045 3.47672697e-027 1.00000000e+000
  1.00000000e+000]
 [1.00000000e+000 1.00000000e+000 1.00000000e+000 1.00000000e+000
  1.00000000e+000 1.00000000e+000 1.00000000e+000 1.00000000e+000
  1.00000000e+000 1.00000000e+000 1.00000000e+000 1.00000000e+000
  1.00000000e+000 1.00000000e+000 1.00000000e+000 1.00000000e+000
  1.00000000e+000 1.00000000e+000 1.00000000e+000 1.00000000e+000
  0.00000000e+000]]
