[[1.00000000e+000 2.38210147e-031 3.17175963e-031 1.85051781e-017
  2.32807179e-053 4.73801066e-034 1.21391686e-067 1.81488320e-039
  2.90472051e-047 3.03441336e-028 4.03169529e-074 2.62623733e-048
  6.63488932e-044 4.58279945e-054 1.14283168e-023 3.94153454e-062
  4.80395009e-053 1.35486095e-026 1.18402322e-069 2.40212852e-022
  1.00000000e+000]
 [2.38210147e-031 1.00000000e+000 1.92737898e-031 1.64692291e-049
  7.68948555e-068 1.98260863e-048 5.17327858e-036 5.22794643e-034
  2.45672561e-076 3.24044197e-027 2.32703684e-040 2.36499061e-015
  9.21869192e-058 4.65859546e-057 5.28460324e-044 8.00253407e-056
  1.31843159e-076 1.58491725e-034 5.27868458e-027 1.31049780e-036
  1.00000000e+000]
 [3.17175963e-031 1.92737898e-031 1.00000000e+000 8.12811860e-029
  7.33847819e-041 4.07710480e-032 5.65396394e-051 1.19199412e-046
  2.07839061e-031 8.27734557e-050 5.17960133e-042 7.35479343e-055
  6.31427575e-038 6.86668760e-075 9.99298382e-024 4.10996183e-050
  2.02611160e-029 1.70306955e-004 3.34905388e-031 9.81412845e-013
  1.00000000e+000]
 [1.85051781e-017 1.64692291e-049 8.12811860e-029 1.00000000e+000
  2.20151918e-050 1.14954025e-042 4.13204029e-052 8.14501921e-033
  4.16148738e-018 2.94043724e-052 2.01464163e-061 8.91227714e-057
  2.99471810e-041 1.02805603e-096 1.16191920e-023 2.55770128e-061
  5.74786789e-039 1.19468756e-033 1.98959425e-066 3.05286174e-025
  1.00000000e+000]
 [2.32807179e-053 7.68948555e-068 7.33847819e-041 2.20151918e-050
  1.00000000e+000 2.19580413e-030 1.68599533e-052 4.11216267e-072
  4.62811347e-030 3.44445831e-027 1.17932914e-034 2.78595246e-074
  5.45247577e-003 1.63777368e-052 2.47888950e-058 5.62102465e-011
  1.02371633e-026 1.22522728e-027 1.39818296e-039 2.52896351e-054
  1.00000000e+000]
 [4.73801066e-034 1.98260863e-048 4.07710480e-032 1.14954025e-042
  2.19580413e-030 1.00000000e+000 1.18679658e-082 8.21957947e-033
  1.82102019e-042 9.33186426e-033 5.68612862e-034 4.80663409e-046
  4.20196533e-019 2.21691371e-060 1.19203409e-057 1.98014062e-021
  6.11721011e-012 1.39200626e-020 7.21847169e-036 1.51882761e-025
  1.00000000e+000]
 [1.21391686e-067 5.17327858e-036 5.65396394e-051 4.13204029e-052
  1.68599533e-052 1.18679658e-082 1.00000000e+000 3.62030378e-050
  2.05129070e-064 3.00624286e-049 6.22488639e-030 5.17137116e-035
  2.70287588e-049 3.03447757e-075 8.32599961e-045 3.86270435e-054
  6.86543039e-088 2.19237143e-058 2.36624900e-035 1.92232046e-062
  1.00000000e+000]
 [1.81488320e-039 5.22794643e-034 1.19199412e-046 8.14501921e-033
  4.11216267e-072 8.21957947e-033 3.62030378e-050 1.00000000e+000
  4.55102110e-064 5.92099308e-055 8.11157733e-032 6.07809354e-013
  6.00091851e-052 1.31121296e-081 2.33813997e-043 1.12484377e-055
  4.76943278e-050 9.75011670e-050 7.47671760e-044 2.36612936e-025
  1.00000000e+000]
 [2.90472051e-047 2.45672561e-076 2.07839061e-031 4.16148738e-018
  4.62811347e-030 1.82102019e-042 2.05129070e-064 4.55102110e-064
  1.00000000e+000 1.34041532e-060 1.61498477e-054 2.14774447e-089
  3.42745159e-028 9.49595566e-123 5.70111006e-055 1.30575548e-041
  4.21747743e-021 1.10360966e-033 1.05923229e-056 3.08199741e-048
  1.00000000e+000]
 [3.03441336e-028 3.24044197e-027 8.27734557e-050 2.94043724e-052
  3.44445831e-027 9.33186426e-033 3.00624286e-049 5.92099308e-055
  1.34041532e-060 1.00000000e+000 7.93601934e-044 4.08309267e-038
  2.56722814e-022 1.57188168e-031 9.42466862e-060 2.34515099e-022
  3.14788369e-059 1.09804610e-036 1.14341522e-038 1.04998946e-055
  1.00000000e+000]
 [4.03169529e-074 2.32703684e-040 5.17960133e-042 2.01464163e-061
  1.17932914e-034 5.68612862e-034 6.22488639e-030 8.11157733e-032
  1.61498477e-054 7.93601934e-044 1.00000000e+000 2.40547309e-026
  4.32469755e-026 4.13775844e-075 5.89794293e-068 9.38610042e-018
  7.36417000e-039 2.54849996e-041 1.69401499e-007 4.58325412e-049
  1.00000000e+000]
 [2.62623733e-048 2.36499061e-015 7.35479343e-055 8.91227714e-057
  2.78595246e-074 4.80663409e-046 5.17137116e-035 6.07809354e-013
  2.14774447e-089 4.08309267e-038 2.40547309e-026 1.00000000e+000
  6.35397469e-057 5.37289515e-061 1.98686112e-055 1.30070323e-051
  8.84101575e-077 3.19368067e-056 2.80591249e-030 9.58839184e-043
  1.00000000e+000]
 [6.63488932e-044 9.21869192e-058 6.31427575e-038 2.99471810e-041
  5.45247577e-003 4.20196533e-019 2.70287588e-049 6.00091851e-052
  3.42745159e-028 2.56722814e-022 4.32469755e-026 6.35397469e-057
  1.00000000e+000 4.92890971e-049 6.09608801e-053 6.41486898e-007
  6.63213070e-020 1.94260461e-025 1.20359097e-033 7.40834882e-044
  1.00000000e+000]
 [4.58279945e-054 4.65859546e-057 6.86668760e-075 1.02805603e-096
  1.63777368e-052 2.21691371e-060 3.03447757e-075 1.31121296e-081
  9.49595566e-123 1.57188168e-031 4.13775844e-075 5.37289515e-061
  4.92890971e-049 1.00000000e+000 5.50383320e-056 1.15367859e-061
  3.31298016e-097 7.17471642e-054 1.50502231e-077 2.14121513e-061
  1.00000000e+000]
 [1.14283168e-023 5.28460324e-044 9.99298382e-024 1.16191920e-023
  2.47888950e-058 1.19203409e-057 8.32599961e-045 2.33813997e-043
  5.70111006e-055 9.42466862e-060 5.89794293e-068 1.98686112e-055
  6.09608801e-053 5.50383320e-056 1.00000000e+000 4.14587957e-081
  1.20294947e-062 2.18696025e-026 1.82009110e-071 1.10014447e-013
  1.00000000e+000]
 [3.94153454e-062 8.00253407e-056 4.10996183e-050 2.55770128e-061
  5.62102465e-011 1.98014062e-021 3.86270435e-054 1.12484377e-055
  1.30575548e-041 2.34515099e-022 9.38610042e-018 1.30070323e-051
  6.41486898e-007 1.15367859e-061 4.14587957e-081 1.00000000e+000
  3.27152088e-027 1.53112291e-037 6.05656558e-022 9.27564421e-062
  1.00000000e+000]
 [4.80395009e-053 1.31843159e-076 2.02611160e-029 5.74786789e-039
  1.02371633e-026 6.11721011e-012 6.86543039e-088 4.76943278e-050
  4.21747743e-021 3.14788369e-059 7.36417000e-039 8.84101575e-077
  6.63213070e-020 3.31298016e-097 1.20294947e-062 3.27152088e-027
  1.00000000e+000 9.81733288e-023 9.94799022e-044 1.40355649e-032
  1.00000000e+000]
 [1.35486095e-026 1.58491725e-034 1.70306955e-004 1.19468756e-033
  1.22522728e-027 1.39200626e-020 2.19237143e-058 9.75011670e-050
  1.10360966e-033 1.09804610e-036 2.54849996e-041 3.19368067e-056
  1.94260461e-025 7.17471642e-054 2.18696025e-026 1.53112291e-037
  9.81733288e-023 1.00000000e+000 3.90588599e-032 3.33988603e-013
  1.00000000e+000]
 [1.18402322e-069 5.27868458e-027 3.34905388e-031 1.98959425e-066
  1.39818296e-039 7.21847169e-036 2.36624900e-035 7.47671760e-044
  1.05923229e-056 1.14341522e-038 1.69401499e-007 2.80591249e-030
  1.20359097e-033 1.50502231e-077 1.82009110e-071 6.05656558e-022
  9.94799022e-044 3.90588599e-032 1.00000000e+000 1.40530152e-049
  1.00000000e+000]
 [2.40212852e-022 1.31049780e-036 9.81412845e-013 3.05286174e-025
  2.52896351e-054 1.51882761e-025 1.92232046e-062 2.36612936e-025
  3.08199741e-048 1.04998946e-055 4.58325412e-049 9.58839184e-043
  7.40834882e-044 2.14121513e-061 1.10014447e-013 9.27564421e-062
  1.40355649e-032 3.33988603e-013 1.40530152e-049 1.00000000e+000
  1.00000000e+000]
 [1.00000000e+000 1.00000000e+000 1.00000000e+000 1.00000000e+000
  1.00000000e+000 1.00000000e+000 1.00000000e+000 1.00000000e+000
  1.00000000e+000 1.00000000e+000 1.00000000e+000 1.00000000e+000
  1.00000000e+000 1.00000000e+000 1.00000000e+000 1.00000000e+000
  1.00000000e+000 1.00000000e+000 1.00000000e+000 1.00000000e+000
  0.00000000e+000]]
