[[1.00000000e+00 5.47220867e-24 6.78500041e-37 4.22352323e-32
  9.31533089e-12 4.51116647e-21 2.42223600e-29 1.49187083e-30
  3.52649780e-20 8.23298016e-51 4.09453532e-49 1.81232998e-04
  5.05357490e-40 4.42892833e-33 1.86432951e-26 6.05053942e-12
  1.91705637e-22 6.94888589e-39 5.48368848e-19 5.28702846e-28
  1.00000000e+00]
 [5.47220867e-24 1.00000000e+00 1.17877652e-30 2.74165635e-59
  1.44926554e-24 1.06259318e-24 1.20622499e-66 4.50376274e-43
  2.51501899e-68 2.35511940e-63 7.07433469e-47 3.86283143e-44
  5.23192222e-59 1.41486881e-40 1.78869629e-34 1.42666763e-55
  1.99975510e-27 1.80765000e-57 2.25526234e-41 1.55958301e-58
  1.00000000e+00]
 [6.78500041e-37 1.17877652e-30 1.00000000e+00 2.68694758e-60
  7.32073731e-54 3.89146532e-47 3.89764862e-71 3.68113072e-43
  4.72842768e-73 1.12105742e-65 4.34396193e-15 1.57529247e-50
  1.75542289e-35 1.46250111e-21 3.49337903e-76 8.39240137e-60
  2.06337277e-31 4.73311754e-43 1.40714209e-39 4.97351132e-67
  1.00000000e+00]
 [4.22352323e-32 2.74165635e-59 2.68694758e-60 1.00000000e+00
  1.00622126e-58 5.33821439e-26 2.88540053e-46 1.59412516e-22
  4.14567765e-58 9.84281068e-46 1.09127466e-43 1.59849939e-29
  9.72733858e-58 5.77199510e-28 1.54959385e-21 1.29596247e-32
  4.10059413e-35 1.69703931e-13 2.80435726e-26 3.16901021e-29
  1.00000000e+00]
 [9.31533089e-12 1.44926554e-24 7.32073731e-54 1.00622126e-58
  1.00000000e+00 1.08196042e-31 1.85603889e-24 5.30109400e-62
  3.20367432e-31 6.42443476e-75 6.00836365e-64 2.69181826e-23
  2.86580398e-69 3.37583992e-55 6.05648748e-42 7.31400432e-28
  2.91540713e-51 6.78362123e-52 1.73359466e-19 4.60367928e-50
  1.00000000e+00]
 [4.51116647e-21 1.06259318e-24 3.89146532e-47 5.33821439e-26
  1.08196042e-31 1.00000000e+00 6.28414551e-59 4.85473895e-46
  5.48941690e-72 1.19361564e-68 1.05832856e-58 3.27159084e-28
  3.47705326e-41 4.41568125e-44 2.29816452e-18 1.31609558e-22
  6.50784243e-42 4.53270214e-34 2.68311747e-33 1.06454407e-58
  1.00000000e+00]
 [2.42223600e-29 1.20622499e-66 3.89764862e-71 2.88540053e-46
  1.85603889e-24 6.28414551e-59 1.00000000e+00 1.84302617e-54
  3.28492317e-19 1.67939083e-50 3.23098070e-59 7.41024981e-35
  2.90422966e-74 3.20474318e-61 5.73433292e-54 1.33460608e-34
  4.82589029e-72 2.64959925e-29 3.11247419e-12 3.02601800e-29
  1.00000000e+00]
 [1.49187083e-30 4.50376274e-43 3.68113072e-43 1.59412516e-22
  5.30109400e-62 4.85473895e-46 1.84302617e-54 1.00000000e+00
  1.94320890e-42 8.45839524e-14 8.65199303e-40 8.07068418e-36
  8.29849487e-45 3.98005463e-30 2.33118294e-25 1.77481107e-50
  2.11437161e-14 1.41923838e-33 2.88357746e-42 9.30053521e-11
  1.00000000e+00]
 [3.52649780e-20 2.51501899e-68 4.72842768e-73 4.14567765e-58
  3.20367432e-31 5.48941690e-72 3.28492317e-19 1.94320890e-42
  1.00000000e+00 5.93890246e-46 1.16306848e-77 5.04244065e-20
  3.67193952e-66 7.11368506e-66 6.98396634e-56 5.04539156e-31
  2.09243222e-50 4.66506270e-60 6.95446184e-34 1.63873705e-18
  1.00000000e+00]
 [8.23298016e-51 2.35511940e-63 1.12105742e-65 9.84281068e-46
  6.42443476e-75 1.19361564e-68 1.67939083e-50 8.45839524e-14
  5.93890246e-46 1.00000000e+00 4.18865622e-65 2.61481029e-61
  3.28242953e-46 1.02195506e-68 1.33233406e-37 6.28485284e-66
  6.27810655e-49 4.43628383e-44 9.10163692e-58 9.36391045e-13
  1.00000000e+00]
 [4.09453532e-49 7.07433469e-47 4.34396193e-15 1.09127466e-43
  6.00836365e-64 1.05832856e-58 3.23098070e-59 8.65199303e-40
  1.16306848e-77 4.18865622e-65 1.00000000e+00 7.15587012e-61
  1.79390084e-68 4.89020080e-09 3.40248935e-77 1.20185779e-75
  1.04224220e-35 1.37793222e-23 1.96979656e-26 4.31792356e-59
  1.00000000e+00]
 [1.81232998e-04 3.86283143e-44 1.57529247e-50 1.59849939e-29
  2.69181826e-23 3.27159084e-28 7.41024981e-35 8.07068418e-36
  5.04244065e-20 2.61481029e-61 7.15587012e-61 1.00000000e+00
  3.49620101e-45 6.27574594e-38 5.31731317e-33 6.61823796e-08
  6.90885744e-28 5.32533359e-44 4.18250104e-25 8.68709900e-31
  1.00000000e+00]
 [5.05357490e-40 5.23192222e-59 1.75542289e-35 9.72733858e-58
  2.86580398e-69 3.47705326e-41 2.90422966e-74 8.29849487e-45
  3.67193952e-66 3.28242953e-46 1.79390084e-68 3.49620101e-45
  1.00000000e+00 3.59251591e-69 3.05492443e-59 3.24899474e-33
  3.08282112e-58 8.68822468e-54 6.19758746e-64 1.47718333e-58
  1.00000000e+00]
 [4.42892833e-33 1.41486881e-40 1.46250111e-21 5.77199510e-28
  3.37583992e-55 4.41568125e-44 3.20474318e-61 3.98005463e-30
  7.11368506e-66 1.02195506e-68 4.89020080e-09 6.27574594e-38
  3.59251591e-69 1.00000000e+00 1.20286977e-57 1.15872698e-57
  8.44556652e-17 4.08374150e-27 9.00981517e-25 2.21893373e-49
  1.00000000e+00]
 [1.86432951e-26 1.78869629e-34 3.49337903e-76 1.54959385e-21
  6.05648748e-42 2.29816452e-18 5.73433292e-54 2.33118294e-25
  6.98396634e-56 1.33233406e-37 3.40248935e-77 5.31731317e-33
  3.05492443e-59 1.20286977e-57 1.00000000e+00 1.84540844e-35
  1.01882374e-36 2.33966352e-41 1.02456457e-43 4.84009280e-28
  1.00000000e+00]
 [6.05053942e-12 1.42666763e-55 8.39240137e-60 1.29596247e-32
  7.31400432e-28 1.31609558e-22 1.33460608e-34 1.77481107e-50
  5.04539156e-31 6.28485284e-66 1.20185779e-75 6.61823796e-08
  3.24899474e-33 1.15872698e-57 1.84540844e-35 1.00000000e+00
  2.55189085e-52 1.89251081e-41 1.67959889e-29 5.61100101e-43
  1.00000000e+00]
 [1.91705637e-22 1.99975510e-27 2.06337277e-31 4.10059413e-35
  2.91540713e-51 6.50784243e-42 4.82589029e-72 2.11437161e-14
  2.09243222e-50 6.27810655e-49 1.04224220e-35 6.90885744e-28
  3.08282112e-58 8.44556652e-17 1.01882374e-36 2.55189085e-52
  1.00000000e+00 9.15826261e-52 3.00054933e-44 2.03063633e-32
  1.00000000e+00]
 [6.94888589e-39 1.80765000e-57 4.73311754e-43 1.69703931e-13
  6.78362123e-52 4.53270214e-34 2.64959925e-29 1.41923838e-33
  4.66506270e-60 4.43628383e-44 1.37793222e-23 5.32533359e-44
  8.68822468e-54 4.08374150e-27 2.33966352e-41 1.89251081e-41
  9.15826261e-52 1.00000000e+00 4.63278920e-13 2.71483502e-37
  1.00000000e+00]
 [5.48368848e-19 2.25526234e-41 1.40714209e-39 2.80435726e-26
  1.73359466e-19 2.68311747e-33 3.11247419e-12 2.88357746e-42
  6.95446184e-34 9.10163692e-58 1.96979656e-26 4.18250104e-25
  6.19758746e-64 9.00981517e-25 1.02456457e-43 1.67959889e-29
  3.00054933e-44 4.63278920e-13 1.00000000e+00 1.66469694e-35
  1.00000000e+00]
 [5.28702846e-28 1.55958301e-58 4.97351132e-67 3.16901021e-29
  4.60367928e-50 1.06454407e-58 3.02601800e-29 9.30053521e-11
  1.63873705e-18 9.36391045e-13 4.31792356e-59 8.68709900e-31
  1.47718333e-58 2.21893373e-49 4.84009280e-28 5.61100101e-43
  2.03063633e-32 2.71483502e-37 1.66469694e-35 1.00000000e+00
  1.00000000e+00]
 [1.00000000e+00 1.00000000e+00 1.00000000e+00 1.00000000e+00
  1.00000000e+00 1.00000000e+00 1.00000000e+00 1.00000000e+00
  1.00000000e+00 1.00000000e+00 1.00000000e+00 1.00000000e+00
  1.00000000e+00 1.00000000e+00 1.00000000e+00 1.00000000e+00
  1.00000000e+00 1.00000000e+00 1.00000000e+00 1.00000000e+00
  0.00000000e+00]]
