[[1.00000000e+00 8.65689995e-36 3.29915171e-62 ... 1.49190831e-74
  5.60980744e-69 1.00000000e+00]
 [8.65689995e-36 1.00000000e+00 1.97607074e-49 ... 3.93521156e-58
  1.69179808e-30 1.00000000e+00]
 [3.29915171e-62 1.97607074e-49 1.00000000e+00 ... 2.39517097e-23
  1.07510800e-12 1.00000000e+00]
 ...
 [1.49190831e-74 3.93521156e-58 2.39517097e-23 ... 1.00000000e+00
  1.96406806e-16 1.00000000e+00]
 [5.60980744e-69 1.69179808e-30 1.07510800e-12 ... 1.96406806e-16
  1.00000000e+00 1.00000000e+00]
 [1.00000000e+00 1.00000000e+00 1.00000000e+00 ... 1.00000000e+00
  1.00000000e+00 0.00000000e+00]]
