[[1.00000000e+00 6.96061377e-59 2.18803163e-86 7.24695579e-47
  2.19090140e-68 7.87283027e-50 1.46060178e-22 9.95239332e-56
  1.59107888e-33 5.83974645e-18 1.92641555e-44 4.78819279e-28
  2.51844361e-34 1.35919324e-66 3.91715990e-09 2.42921870e-45
  9.81375631e-35 2.10600014e-30 1.27743133e-30 1.23665050e-27
  1.00000000e+00]
 [6.96061377e-59 1.00000000e+00 9.30172428e-96 1.21303733e-84
  7.79901951e-20 1.61001011e-65 3.58788859e-29 1.21106551e-17
  4.54888340e-70 1.20711393e-48 1.37367233e-32 4.09585256e-54
  4.99478905e-55 2.44115144e-12 7.41082228e-85 3.55429866e-52
  3.40796924e-25 5.16834261e-37 2.75768665e-50 1.14890852e-62
  1.00000000e+00]
 [2.18803163e-86 9.30172428e-96 1.00000000e+00 6.39659298e-58
  6.64695795e-94 1.26574902e-61 5.33397185e-57 8.76935025e-93
  4.00152042e-57 8.02104269e-53 4.41327671e-78 3.92605922e-46
  4.04569975e-28 3.02402185e-92 4.40416004e-65 1.98952821e-81
  6.42277877e-34 1.13151122e-62 6.21556870e-80 5.88854805e-80
  1.00000000e+00]
 [7.24695579e-47 1.21303733e-84 6.39659298e-58 1.00000000e+00
  4.32478863e-86 3.45599291e-53 5.89194500e-40 4.80143906e-73
  1.97215181e-47 1.94234935e-42 5.65250984e-95 6.46691219e-21
  8.98787954e-61 1.52842329e-88 4.67956544e-40 2.99801792e-38
  2.07799251e-30 3.96545644e-31 8.36898401e-12 2.95738081e-60
  1.00000000e+00]
 [2.19090140e-68 7.79901951e-20 6.64695795e-94 4.32478863e-86
  1.00000000e+00 7.60126983e-29 4.48596376e-25 5.75469523e-04
  6.98673618e-47 8.97569605e-36 1.23289868e-16 2.52002419e-39
  5.52586875e-55 7.48662560e-20 1.76514653e-81 2.72856030e-43
  3.88347457e-24 2.47361317e-42 1.84460349e-55 5.89791697e-37
  1.00000000e+00]
 [7.87283027e-50 1.61001011e-65 1.26574902e-61 3.45599291e-53
  7.60126983e-29 1.00000000e+00 4.73843993e-27 8.15581280e-34
  4.44710631e-09 7.82526899e-18 4.63792657e-33 1.46211443e-21
  5.36524538e-43 2.14547936e-61 1.29706809e-42 3.34095828e-37
  7.17126664e-26 1.30650237e-51 1.06362523e-49 7.18856377e-11
  1.00000000e+00]
 [1.46060178e-22 3.58788859e-29 5.33397185e-57 5.89194500e-40
  4.48596376e-25 4.73843993e-27 1.00000000e+00 3.38769069e-16
  3.63268113e-23 3.21741578e-17 2.26506558e-17 2.76043890e-14
  5.75193654e-16 7.07234877e-20 4.41512769e-23 1.64736821e-13
  3.75096703e-08 2.65923477e-15 7.40459124e-20 3.73855528e-30
  1.00000000e+00]
 [9.95239332e-56 1.21106551e-17 8.76935025e-93 4.80143906e-73
  5.75469523e-04 8.15581280e-34 3.38769069e-16 1.00000000e+00
  6.86134102e-49 1.13502571e-31 1.33896348e-14 3.09583366e-30
  2.00139782e-47 3.23600479e-15 2.66609246e-68 4.74816756e-34
  5.40826541e-19 9.11613363e-27 6.01803167e-40 5.41710088e-39
  1.00000000e+00]
 [1.59107888e-33 4.54888340e-70 4.00152042e-57 1.97215181e-47
  6.98673618e-47 4.44710631e-09 3.63268113e-23 6.86134102e-49
  1.00000000e+00 2.35224818e-21 5.61831699e-41 1.38865167e-27
  2.92051129e-32 2.31951320e-61 1.19195086e-23 1.93617877e-27
  1.10665663e-28 1.60385490e-56 7.56139084e-46 3.81844024e-16
  1.00000000e+00]
 [5.83974645e-18 1.20711393e-48 8.02104269e-53 1.94234935e-42
  8.97569605e-36 7.82526899e-18 3.21741578e-17 1.13502571e-31
  2.35224818e-21 1.00000000e+00 3.25278509e-22 1.06924330e-08
  1.43014614e-24 6.11500278e-58 1.07700883e-20 4.53934506e-47
  1.48700130e-15 2.94679231e-21 3.09126035e-34 7.83379073e-08
  1.00000000e+00]
 [1.92641555e-44 1.37367233e-32 4.41327671e-78 5.65250984e-95
  1.23289868e-16 4.63792657e-33 2.26506558e-17 1.33896348e-14
  5.61831699e-41 3.25278509e-22 1.00000000e+00 2.32600373e-34
  3.12440406e-25 2.64743010e-27 1.18376934e-50 1.61978660e-50
  7.29084394e-25 2.77377502e-36 5.18949585e-64 4.69070696e-30
  1.00000000e+00]
 [4.78819279e-28 4.09585256e-54 3.92605922e-46 6.46691219e-21
  2.52002419e-39 1.46211443e-21 2.76043890e-14 3.09583366e-30
  1.38865167e-27 1.06924330e-08 2.32600373e-34 1.00000000e+00
  5.31758739e-28 8.44271401e-56 3.30682292e-24 5.61171412e-33
  2.61865638e-10 9.92426064e-11 6.11613309e-17 1.70052102e-22
  1.00000000e+00]
 [2.51844361e-34 4.99478905e-55 4.04569975e-28 8.98787954e-61
  5.52586875e-55 5.36524538e-43 5.75193654e-16 2.00139782e-47
  2.92051129e-32 1.43014614e-24 3.12440406e-25 5.31758739e-28
  1.00000000e+00 2.27449022e-43 3.99987899e-24 1.33303515e-42
  3.89401313e-18 8.57829511e-33 1.25462773e-52 6.09569797e-46
  1.00000000e+00]
 [1.35919324e-66 2.44115144e-12 3.02402185e-92 1.52842329e-88
  7.48662560e-20 2.14547936e-61 7.07234877e-20 3.23600479e-15
  2.31951320e-61 6.11500278e-58 2.64743010e-27 8.44271401e-56
  2.27449022e-43 1.00000000e+00 1.08171138e-78 4.09563251e-30
  4.11100398e-26 2.09943679e-42 1.82152858e-51 1.58583130e-72
  1.00000000e+00]
 [3.91715990e-09 7.41082228e-85 4.40416004e-65 4.67956544e-40
  1.76514653e-81 1.29706809e-42 4.41512769e-23 2.66609246e-68
  1.19195086e-23 1.07700883e-20 1.18376934e-50 3.30682292e-24
  3.99987899e-24 1.08171138e-78 1.00000000e+00 3.35553520e-39
  5.73542750e-36 3.23479431e-37 5.03371066e-35 8.07789820e-32
  1.00000000e+00]
 [2.42921870e-45 3.55429866e-52 1.98952821e-81 2.99801792e-38
  2.72856030e-43 3.34095828e-37 1.64736821e-13 4.74816756e-34
  1.93617877e-27 4.53934506e-47 1.61978660e-50 5.61171412e-33
  1.33303515e-42 4.09563251e-30 3.35553520e-39 1.00000000e+00
  4.20536717e-26 5.94608708e-40 9.21351869e-21 2.45947833e-54
  1.00000000e+00]
 [9.81375631e-35 3.40796924e-25 6.42277877e-34 2.07799251e-30
  3.88347457e-24 7.17126664e-26 3.75096703e-08 5.40826541e-19
  1.10665663e-28 1.48700130e-15 7.29084394e-25 2.61865638e-10
  3.89401313e-18 4.11100398e-26 5.73542750e-36 4.20536717e-26
  1.00000000e+00 2.01845014e-12 2.60470629e-21 2.03901683e-32
  1.00000000e+00]
 [2.10600014e-30 5.16834261e-37 1.13151122e-62 3.96545644e-31
  2.47361317e-42 1.30650237e-51 2.65923477e-15 9.11613363e-27
  1.60385490e-56 2.94679231e-21 2.77377502e-36 9.92426064e-11
  8.57829511e-33 2.09943679e-42 3.23479431e-37 5.94608708e-40
  2.01845014e-12 1.00000000e+00 1.26158013e-14 2.68635760e-46
  1.00000000e+00]
 [1.27743133e-30 2.75768665e-50 6.21556870e-80 8.36898401e-12
  1.84460349e-55 1.06362523e-49 7.40459124e-20 6.01803167e-40
  7.56139084e-46 3.09126035e-34 5.18949585e-64 6.11613309e-17
  1.25462773e-52 1.82152858e-51 5.03371066e-35 9.21351869e-21
  2.60470629e-21 1.26158013e-14 1.00000000e+00 1.11729559e-50
  1.00000000e+00]
 [1.23665050e-27 1.14890852e-62 5.88854805e-80 2.95738081e-60
  5.89791697e-37 7.18856377e-11 3.73855528e-30 5.41710088e-39
  3.81844024e-16 7.83379073e-08 4.69070696e-30 1.70052102e-22
  6.09569797e-46 1.58583130e-72 8.07789820e-32 2.45947833e-54
  2.03901683e-32 2.68635760e-46 1.11729559e-50 1.00000000e+00
  1.00000000e+00]
 [1.00000000e+00 1.00000000e+00 1.00000000e+00 1.00000000e+00
  1.00000000e+00 1.00000000e+00 1.00000000e+00 1.00000000e+00
  1.00000000e+00 1.00000000e+00 1.00000000e+00 1.00000000e+00
  1.00000000e+00 1.00000000e+00 1.00000000e+00 1.00000000e+00
  1.00000000e+00 1.00000000e+00 1.00000000e+00 1.00000000e+00
  0.00000000e+00]]
