[[1.00000000e+00 1.89648843e-43 1.96451355e-50 ... 1.17749486e-47
  6.78920447e-69 1.00000000e+00]
 [1.89648843e-43 1.00000000e+00 2.48589254e-46 ... 8.98056419e-55
  8.14635201e-37 1.00000000e+00]
 [1.96451355e-50 2.48589254e-46 1.00000000e+00 ... 2.59799916e-10
  5.37613424e-52 1.00000000e+00]
 ...
 [1.17749486e-47 8.98056419e-55 2.59799916e-10 ... 1.00000000e+00
  4.71360252e-39 1.00000000e+00]
 [6.78920447e-69 8.14635201e-37 5.37613424e-52 ... 4.71360252e-39
  1.00000000e+00 1.00000000e+00]
 [1.00000000e+00 1.00000000e+00 1.00000000e+00 ... 1.00000000e+00
  1.00000000e+00 0.00000000e+00]]
