[[1.00000000e+00 6.17093149e-24 8.45151899e-18 ... 1.16758909e-17
  2.53684227e-41 1.00000000e+00]
 [6.17093149e-24 1.00000000e+00 2.09411096e-66 ... 2.41908822e-33
  3.15711017e-42 1.00000000e+00]
 [8.45151899e-18 2.09411096e-66 1.00000000e+00 ... 1.47513168e-23
  4.89084007e-43 1.00000000e+00]
 ...
 [1.16758909e-17 2.41908822e-33 1.47513168e-23 ... 1.00000000e+00
  6.81520938e-38 1.00000000e+00]
 [2.53684227e-41 3.15711017e-42 4.89084007e-43 ... 6.81520938e-38
  1.00000000e+00 1.00000000e+00]
 [1.00000000e+00 1.00000000e+00 1.00000000e+00 ... 1.00000000e+00
  1.00000000e+00 0.00000000e+00]]
