[[1.00000000e+00 3.84999995e-59 4.29383881e-48 1.96617640e-16
  2.38331927e-26 2.45727871e-62 2.19882160e-63 6.68119647e-25
  1.75425311e-55 5.42959573e-50 2.56487074e-27 5.98605522e-51
  4.75652344e-45 3.25598982e-41 1.00298122e-57 7.23925550e-55
  9.64985360e-43 9.82586504e-44 4.67472151e-52 7.04683457e-42
  1.00000000e+00]
 [3.84999995e-59 1.00000000e+00 1.06953732e-46 1.44816394e-25
  5.83453659e-51 2.79223981e-13 1.09896294e-30 1.42575291e-56
  7.64260535e-57 1.34306156e-20 4.39686292e-41 3.36698772e-79
  6.57860651e-43 2.58055855e-76 1.50405497e-44 8.60426109e-45
  3.82325349e-26 9.75334911e-37 8.99512560e-72 7.44688560e-11
  1.00000000e+00]
 [4.29383881e-48 1.06953732e-46 1.00000000e+00 1.60491927e-38
  2.14002300e-18 2.47790012e-51 2.49039424e-32 5.79182622e-33
  6.49313551e-16 3.09123939e-42 2.45241111e-34 1.64345091e-53
  6.51760107e-15 8.75954109e-36 4.01897426e-30 1.01000066e-80
  4.37760940e-44 5.80315114e-10 5.68910685e-57 1.85618663e-56
  1.00000000e+00]
 [1.96617640e-16 1.44816394e-25 1.60491927e-38 1.00000000e+00
  3.81801187e-27 3.08971007e-22 6.62057359e-43 3.21141176e-43
  1.06740559e-58 6.54920742e-31 4.04772171e-11 3.60531532e-62
  2.35228980e-35 6.45096958e-59 1.37900174e-29 3.79420156e-51
  1.34034615e-19 3.47108495e-41 9.03122594e-51 7.73115852e-14
  1.00000000e+00]
 [2.38331927e-26 5.83453659e-51 2.14002300e-18 3.81801187e-27
  1.00000000e+00 5.94234732e-50 1.15106992e-26 1.52299309e-14
  1.09835266e-21 2.83668048e-26 6.15821731e-19 1.18224655e-21
  1.27057460e-12 2.32470550e-27 4.76254608e-19 1.20926543e-39
  6.62585364e-37 8.84955453e-24 2.10503803e-21 4.18627056e-37
  1.00000000e+00]
 [2.45727871e-62 2.79223981e-13 2.47790012e-51 3.08971007e-22
  5.94234732e-50 1.00000000e+00 1.44726601e-41 3.94501742e-67
  2.89632931e-61 2.58102698e-16 1.82913710e-41 7.54553994e-75
  3.73420283e-32 2.15822876e-74 4.26326904e-33 4.78019676e-47
  1.66414456e-14 3.37056231e-45 2.66510315e-77 1.31096408e-12
  1.00000000e+00]
 [2.19882160e-63 1.09896294e-30 2.49039424e-32 6.62057359e-43
  1.15106992e-26 1.44726601e-41 1.00000000e+00 1.44582805e-46
  2.11717738e-26 2.17188510e-19 1.17450367e-29 2.28986036e-70
  5.43091497e-27 4.36112768e-40 7.11680633e-17 2.00259269e-36
  9.40975755e-25 4.65992317e-39 8.20748206e-20 2.74704866e-34
  1.00000000e+00]
 [6.68119647e-25 1.42575291e-56 5.79182622e-33 3.21141176e-43
  1.52299309e-14 3.94501742e-67 1.44582805e-46 1.00000000e+00
  6.28443487e-22 3.72167047e-32 1.21541247e-49 2.79833129e-14
  1.16486469e-23 3.47722080e-23 1.21518734e-57 2.33363554e-34
  3.56215739e-55 3.90730944e-18 5.62934622e-46 6.15425237e-49
  1.00000000e+00]
 [1.75425311e-55 7.64260535e-57 6.49313551e-16 1.06740559e-58
  1.09835266e-21 2.89632931e-61 2.11717738e-26 6.28443487e-22
  1.00000000e+00 3.68851979e-29 2.62373631e-57 1.16520667e-43
  2.42426983e-10 2.60953311e-10 4.14281535e-41 4.14671689e-52
  5.94465609e-41 8.34059413e-12 8.74411710e-48 4.28018207e-66
  1.00000000e+00]
 [5.42959573e-50 1.34306156e-20 3.09123939e-42 6.54920742e-31
  2.83668048e-26 2.58102698e-16 2.17188510e-19 3.72167047e-32
  3.68851979e-29 1.00000000e+00 2.65472421e-40 5.47763669e-40
  1.64847463e-15 4.35548329e-36 1.64545072e-26 5.31445646e-13
  3.45108101e-14 1.24104241e-30 1.00696211e-39 4.65534492e-16
  1.00000000e+00]
 [2.56487074e-27 4.39686292e-41 2.45241111e-34 4.04772171e-11
  6.15821731e-19 1.82913710e-41 1.17450367e-29 1.21541247e-49
  2.62373631e-57 2.65472421e-40 1.00000000e+00 1.24050707e-67
  1.77159071e-38 1.61015417e-61 1.30926853e-14 2.64069814e-59
  1.99827543e-29 6.29560337e-52 7.05510785e-26 1.54064980e-25
  1.00000000e+00]
 [5.98605522e-51 3.36698772e-79 1.64345091e-53 3.60531532e-62
  1.18224655e-21 7.54553994e-75 2.28986036e-70 2.79833129e-14
  1.16520667e-43 5.47763669e-40 1.24050707e-67 1.00000000e+00
  4.18564818e-30 3.56832368e-50 4.57541547e-64 8.47146574e-41
  2.51784381e-77 3.99682891e-38 2.00648325e-61 2.11799445e-58
  1.00000000e+00]
 [4.75652344e-45 6.57860651e-43 6.51760107e-15 2.35228980e-35
  1.27057460e-12 3.73420283e-32 5.43091497e-27 1.16486469e-23
  2.42426983e-10 1.64847463e-15 1.77159071e-38 4.18564818e-30
  1.00000000e+00 7.15664668e-20 1.28433859e-21 7.61414107e-42
  2.68766026e-24 1.46305042e-13 2.72738226e-44 7.64882451e-41
  1.00000000e+00]
 [3.25598982e-41 2.58055855e-76 8.75954109e-36 6.45096958e-59
  2.32470550e-27 2.15822876e-74 4.36112768e-40 3.47722080e-23
  2.60953311e-10 4.35548329e-36 1.61015417e-61 3.56832368e-50
  7.15664668e-20 1.00000000e+00 9.50508609e-53 2.45348900e-47
  1.38611804e-38 1.33824309e-28 2.38414760e-45 3.43118366e-75
  1.00000000e+00]
 [1.00298122e-57 1.50405497e-44 4.01897426e-30 1.37900174e-29
  4.76254608e-19 4.26326904e-33 7.11680633e-17 1.21518734e-57
  4.14281535e-41 1.64545072e-26 1.30926853e-14 4.57541547e-64
  1.28433859e-21 9.50508609e-53 1.00000000e+00 3.13899869e-53
  1.85488319e-22 4.35762946e-49 1.59607942e-23 5.02999169e-33
  1.00000000e+00]
 [7.23925550e-55 8.60426109e-45 1.01000066e-80 3.79420156e-51
  1.20926543e-39 4.78019676e-47 2.00259269e-36 2.33363554e-34
  4.14671689e-52 5.31445646e-13 2.64069814e-59 8.47146574e-41
  7.61414107e-42 2.45348900e-47 3.13899869e-53 1.00000000e+00
  7.74789590e-37 4.27832630e-60 5.95189185e-37 4.78775499e-28
  1.00000000e+00]
 [9.64985360e-43 3.82325349e-26 4.37760940e-44 1.34034615e-19
  6.62585364e-37 1.66414456e-14 9.40975755e-25 3.56215739e-55
  5.94465609e-41 3.45108101e-14 1.99827543e-29 2.51784381e-77
  2.68766026e-24 1.38611804e-38 1.85488319e-22 7.74789590e-37
  1.00000000e+00 8.71332491e-44 9.24097309e-46 1.68149061e-22
  1.00000000e+00]
 [9.82586504e-44 9.75334911e-37 5.80315114e-10 3.47108495e-41
  8.84955453e-24 3.37056231e-45 4.65992317e-39 3.90730944e-18
  8.34059413e-12 1.24104241e-30 6.29560337e-52 3.99682891e-38
  1.46305042e-13 1.33824309e-28 4.35762946e-49 4.27832630e-60
  8.71332491e-44 1.00000000e+00 4.81534238e-70 2.21191025e-49
  1.00000000e+00]
 [4.67472151e-52 8.99512560e-72 5.68910685e-57 9.03122594e-51
  2.10503803e-21 2.66510315e-77 8.20748206e-20 5.62934622e-46
  8.74411710e-48 1.00696211e-39 7.05510785e-26 2.00648325e-61
  2.72738226e-44 2.38414760e-45 1.59607942e-23 5.95189185e-37
  9.24097309e-46 4.81534238e-70 1.00000000e+00 6.45616360e-51
  1.00000000e+00]
 [7.04683457e-42 7.44688560e-11 1.85618663e-56 7.73115852e-14
  4.18627056e-37 1.31096408e-12 2.74704866e-34 6.15425237e-49
  4.28018207e-66 4.65534492e-16 1.54064980e-25 2.11799445e-58
  7.64882451e-41 3.43118366e-75 5.02999169e-33 4.78775499e-28
  1.68149061e-22 2.21191025e-49 6.45616360e-51 1.00000000e+00
  1.00000000e+00]
 [1.00000000e+00 1.00000000e+00 1.00000000e+00 1.00000000e+00
  1.00000000e+00 1.00000000e+00 1.00000000e+00 1.00000000e+00
  1.00000000e+00 1.00000000e+00 1.00000000e+00 1.00000000e+00
  1.00000000e+00 1.00000000e+00 1.00000000e+00 1.00000000e+00
  1.00000000e+00 1.00000000e+00 1.00000000e+00 1.00000000e+00
  0.00000000e+00]]
