[[1.00000000e+00 8.19151524e-69 1.53189654e-55 ... 1.68458913e-29
  1.30223429e-45 1.00000000e+00]
 [8.19151524e-69 1.00000000e+00 1.37931141e-50 ... 7.56713093e-79
  1.05520823e-23 1.00000000e+00]
 [1.53189654e-55 1.37931141e-50 1.00000000e+00 ... 4.26724371e-86
  1.95642991e-66 1.00000000e+00]
 ...
 [1.68458913e-29 7.56713093e-79 4.26724371e-86 ... 1.00000000e+00
  7.66535276e-33 1.00000000e+00]
 [1.30223429e-45 1.05520823e-23 1.95642991e-66 ... 7.66535276e-33
  1.00000000e+00 1.00000000e+00]
 [1.00000000e+00 1.00000000e+00 1.00000000e+00 ... 1.00000000e+00
  1.00000000e+00 0.00000000e+00]]
