[[1.00000000e+00 1.20932453e-36 2.34754557e-49 ... 5.67728098e-41
  2.14453890e-54 1.00000000e+00]
 [1.20932453e-36 1.00000000e+00 4.06013551e-28 ... 9.19340553e-34
  4.68228522e-50 1.00000000e+00]
 [2.34754557e-49 4.06013551e-28 1.00000000e+00 ... 4.73965986e-61
  4.55156394e-38 1.00000000e+00]
 ...
 [5.67728098e-41 9.19340553e-34 4.73965986e-61 ... 1.00000000e+00
  1.07984687e-36 1.00000000e+00]
 [2.14453890e-54 4.68228522e-50 4.55156394e-38 ... 1.07984687e-36
  1.00000000e+00 1.00000000e+00]
 [1.00000000e+00 1.00000000e+00 1.00000000e+00 ... 1.00000000e+00
  1.00000000e+00 0.00000000e+00]]
