[[1.00000000e+000 1.94663805e-051 2.72741819e-031 7.57922018e-045
  6.57899371e-049 2.00989368e-032 4.64630872e-081 2.79339459e-028
  2.81986949e-036 1.06793454e-033 2.89475679e-087 3.82547115e-037
  3.35880448e-026 9.68239588e-036 3.95543618e-033 7.06277572e-010
  9.35276020e-033 2.10438492e-052 1.23040931e-060 5.13336463e-030
  1.00000000e+000]
 [1.94663805e-051 1.00000000e+000 1.92796018e-055 1.21947231e-040
  3.83456301e-061 5.70928361e-083 3.20523881e-061 3.68487475e-032
  6.08386276e-058 3.31050664e-040 1.50688774e-036 6.53624519e-026
  2.71350548e-052 1.74796559e-068 1.84595857e-024 3.52764535e-055
  4.02630401e-041 6.93850657e-043 6.91002095e-049 1.55944933e-027
  1.00000000e+000]
 [2.72741819e-031 1.92796018e-055 1.00000000e+000 2.55598200e-031
  6.29553915e-007 1.13902983e-049 8.50418835e-039 1.89231720e-023
  6.25821152e-029 8.54132132e-017 5.82211653e-038 2.65327477e-039
  9.25457307e-011 4.34936144e-013 2.16512896e-054 1.96974473e-039
  1.95463677e-014 3.10853745e-070 3.06035581e-041 2.35785785e-009
  1.00000000e+000]
 [7.57922018e-045 1.21947231e-040 2.55598200e-031 1.00000000e+000
  1.18126541e-023 1.70078197e-032 1.93537203e-052 4.98672605e-039
  1.85828825e-012 7.78805232e-020 4.86155906e-025 1.43248269e-017
  1.22230991e-056 7.17825111e-020 5.88497388e-038 2.22527480e-041
  8.66966846e-018 1.03605938e-067 1.16113792e-032 1.98554117e-015
  1.00000000e+000]
 [6.57899371e-049 3.83456301e-061 6.29553915e-007 1.18126541e-023
  1.00000000e+000 7.89561542e-054 4.92049671e-025 1.39913289e-032
  5.11973306e-021 1.99888022e-010 4.88676547e-031 3.27286052e-038
  5.16304109e-024 3.39334272e-017 3.78839854e-058 6.35760308e-059
  1.02683398e-011 7.57702773e-070 2.78544048e-032 1.75308085e-014
  1.00000000e+000]
 [2.00989368e-032 5.70928361e-083 1.13902983e-049 1.70078197e-032
  7.89561542e-054 1.00000000e+000 3.38096216e-099 3.68943795e-065
  2.90709672e-027 2.11581211e-054 6.25457139e-097 1.40130557e-036
  1.12559767e-058 2.06751155e-041 1.57505937e-034 3.55187691e-019
  5.82039559e-058 8.68529655e-062 4.37703383e-053 2.92209322e-047
  1.00000000e+000]
 [4.64630872e-081 3.20523881e-061 8.50418835e-039 1.93537203e-052
  4.92049671e-025 3.38096216e-099 1.00000000e+000 1.70861462e-071
  1.27260419e-061 2.06412010e-018 1.24194654e-043 2.20593902e-037
  2.81470098e-040 5.77140636e-073 2.44294889e-075 7.43100078e-094
  6.28664645e-025 9.96112453e-048 1.55990285e-016 1.90372480e-046
  1.00000000e+000]
 [2.79339459e-028 3.68487475e-032 1.89231720e-023 4.98672605e-039
  1.39913289e-032 3.68943795e-065 1.70861462e-071 1.00000000e+000
  5.71878301e-027 1.67232862e-027 7.98617548e-051 1.31475255e-053
  8.54920263e-030 9.25420106e-026 3.03421653e-033 1.59658053e-048
  1.86239306e-028 2.48841124e-072 2.61760262e-075 2.93233904e-013
  1.00000000e+000]
 [2.81986949e-036 6.08386276e-058 6.25821152e-029 1.85828825e-012
  5.11973306e-021 2.90709672e-027 1.27260419e-061 5.71878301e-027
  1.00000000e+000 7.01516819e-019 2.21791257e-053 1.43509900e-037
  4.92238990e-050 1.28954606e-017 5.11824656e-033 5.25056270e-046
  1.69038927e-023 1.67047902e-067 5.18273355e-050 7.55609292e-022
  1.00000000e+000]
 [1.06793454e-033 3.31050664e-040 8.54132132e-017 7.78805232e-020
  1.99888022e-010 2.11581211e-054 2.06412010e-018 1.67232862e-027
  7.01516819e-019 1.00000000e+000 5.58934069e-034 1.88026525e-023
  1.41446265e-026 2.00460204e-027 2.64285304e-042 1.11937302e-049
  1.92648439e-003 2.11815230e-046 3.44281665e-024 2.70019860e-016
  1.00000000e+000]
 [2.89475679e-087 1.50688774e-036 5.82211653e-038 4.86155906e-025
  4.88676547e-031 6.25457139e-097 1.24194654e-043 7.98617548e-051
  2.21791257e-053 5.58934069e-034 1.00000000e+000 1.32280881e-037
  3.40174078e-064 3.11524538e-041 7.49920668e-075 1.18220658e-085
  1.15511445e-026 1.75223043e-097 1.63397195e-045 9.63571079e-020
  1.00000000e+000]
 [3.82547115e-037 6.53624519e-026 2.65327477e-039 1.43248269e-017
  3.27286052e-038 1.40130557e-036 2.20593902e-037 1.31475255e-053
  1.43509900e-037 1.88026525e-023 1.32280881e-037 1.00000000e+000
  1.89093644e-042 1.24783463e-049 4.11357508e-027 2.03820959e-028
  4.92824579e-024 5.43018631e-028 1.45564355e-010 2.82041108e-026
  1.00000000e+000]
 [3.35880448e-026 2.71350548e-052 9.25457307e-011 1.22230991e-056
  5.16304109e-024 1.12559767e-058 2.81470098e-040 8.54920263e-030
  4.92238990e-050 1.41446265e-026 3.40174078e-064 1.89093644e-042
  1.00000000e+000 2.82717914e-040 1.02350123e-046 1.27347603e-036
  6.98731618e-029 7.40378869e-046 1.64057389e-041 9.41787074e-024
  1.00000000e+000]
 [9.68239588e-036 1.74796559e-068 4.34936144e-013 7.17825111e-020
  3.39334272e-017 2.06751155e-041 5.77140636e-073 9.25420106e-026
  1.28954606e-017 2.00460204e-027 3.11524538e-041 1.24783463e-049
  2.82717914e-040 1.00000000e+000 9.02945365e-063 3.71590550e-041
  1.34249576e-020 5.10920575e-105 6.31900863e-066 1.37233804e-011
  1.00000000e+000]
 [3.95543618e-033 1.84595857e-024 2.16512896e-054 5.88497388e-038
  3.78839854e-058 1.57505937e-034 2.44294889e-075 3.03421653e-033
  5.11824656e-033 2.64285304e-042 7.49920668e-075 4.11357508e-027
  1.02350123e-046 9.02945365e-063 1.00000000e+000 2.76182407e-034
  1.45683741e-052 1.78231551e-022 1.03145314e-046 1.20482789e-036
  1.00000000e+000]
 [7.06277572e-010 3.52764535e-055 1.96974473e-039 2.22527480e-041
  6.35760308e-059 3.55187691e-019 7.43100078e-094 1.59658053e-048
  5.25056270e-046 1.11937302e-049 1.18220658e-085 2.03820959e-028
  1.27347603e-036 3.71590550e-041 2.76182407e-034 1.00000000e+000
  7.26103689e-046 4.74127246e-055 5.16062897e-054 1.42571662e-034
  1.00000000e+000]
 [9.35276020e-033 4.02630401e-041 1.95463677e-014 8.66966846e-018
  1.02683398e-011 5.82039559e-058 6.28664645e-025 1.86239306e-028
  1.69038927e-023 1.92648439e-003 1.15511445e-026 4.92824579e-024
  6.98731618e-029 1.34249576e-020 1.45683741e-052 7.26103689e-046
  1.00000000e+000 1.35748914e-061 1.82433608e-029 3.06085699e-012
  1.00000000e+000]
 [2.10438492e-052 6.93850657e-043 3.10853745e-070 1.03605938e-067
  7.57702773e-070 8.68529655e-062 9.96112453e-048 2.48841124e-072
  1.67047902e-067 2.11815230e-046 1.75223043e-097 5.43018631e-028
  7.40378869e-046 5.10920575e-105 1.78231551e-022 4.74127246e-055
  1.35748914e-061 1.00000000e+000 1.51705394e-026 5.59783074e-066
  1.00000000e+000]
 [1.23040931e-060 6.91002095e-049 3.06035581e-041 1.16113792e-032
  2.78544048e-032 4.37703383e-053 1.55990285e-016 2.61760262e-075
  5.18273355e-050 3.44281665e-024 1.63397195e-045 1.45564355e-010
  1.64057389e-041 6.31900863e-066 1.03145314e-046 5.16062897e-054
  1.82433608e-029 1.51705394e-026 1.00000000e+000 3.93104449e-041
  1.00000000e+000]
 [5.13336463e-030 1.55944933e-027 2.35785785e-009 1.98554117e-015
  1.75308085e-014 2.92209322e-047 1.90372480e-046 2.93233904e-013
  7.55609292e-022 2.70019860e-016 9.63571079e-020 2.82041108e-026
  9.41787074e-024 1.37233804e-011 1.20482789e-036 1.42571662e-034
  3.06085699e-012 5.59783074e-066 3.93104449e-041 1.00000000e+000
  1.00000000e+000]
 [1.00000000e+000 1.00000000e+000 1.00000000e+000 1.00000000e+000
  1.00000000e+000 1.00000000e+000 1.00000000e+000 1.00000000e+000
  1.00000000e+000 1.00000000e+000 1.00000000e+000 1.00000000e+000
  1.00000000e+000 1.00000000e+000 1.00000000e+000 1.00000000e+000
  1.00000000e+000 1.00000000e+000 1.00000000e+000 1.00000000e+000
  0.00000000e+000]]
