[[1.00000000e+000 2.45291862e-038 1.04580812e-034 1.23498050e-066
  2.57494113e-068 4.32148367e-035 2.26089986e-034 1.38592559e-031
  3.53975631e-027 1.80396425e-019 2.12406355e-044 5.03386849e-046
  2.10578657e-040 8.14116595e-038 9.69544994e-016 1.64266585e-048
  1.38865591e-059 1.66714838e-043 2.43885436e-052 8.39845397e-050
  1.00000000e+000]
 [2.45291862e-038 1.00000000e+000 1.65939578e-047 3.42838416e-035
  9.47500821e-103 8.07929251e-084 1.71402932e-056 1.93133156e-066
  6.79126153e-033 9.98229161e-027 1.03322329e-069 6.04182939e-040
  7.54210256e-070 6.84185924e-115 2.29747156e-049 1.72685440e-023
  1.21741006e-037 1.61891195e-042 1.42159650e-017 1.07384294e-068
  1.00000000e+000]
 [1.04580812e-034 1.65939578e-047 1.00000000e+000 2.93641917e-030
  3.66880908e-043 8.01682300e-047 6.91712348e-013 2.12213596e-047
  1.45589675e-026 6.64127604e-045 5.15777618e-041 1.05309310e-076
  4.22272019e-034 1.14089130e-071 4.55869311e-063 1.41405366e-076
  9.45056541e-070 3.12190138e-053 1.44603791e-028 8.99559693e-049
  1.00000000e+000]
 [1.23498050e-066 3.42838416e-035 2.93641917e-030 1.00000000e+000
  1.00826092e-100 2.32236226e-091 9.54833957e-054 1.96217726e-080
  1.37308521e-046 3.99622289e-064 1.35224770e-066 4.64018205e-073
  3.82694094e-089 8.63872252e-137 1.11501259e-115 1.34712698e-070
  9.29729914e-075 6.88089661e-075 9.42136681e-022 4.77223667e-061
  1.00000000e+000]
 [2.57494113e-068 9.47500821e-103 3.66880908e-043 1.00826092e-100
  1.00000000e+000 1.36635366e-018 4.86859844e-025 3.50009694e-064
  4.24839014e-029 9.40450482e-044 4.05089950e-030 1.55969902e-063
  3.11410995e-023 8.81075963e-040 9.31214628e-069 7.87973903e-083
  7.23536784e-061 1.33648252e-044 5.81091524e-076 3.24532216e-036
  1.00000000e+000]
 [4.32148367e-035 8.07929251e-084 8.01682300e-047 2.32236226e-091
  1.36635366e-018 1.00000000e+000 9.83235944e-021 1.48363801e-032
  1.37595203e-025 3.86901224e-027 3.25406006e-036 1.05301475e-033
  7.51705686e-026 1.92353901e-026 9.74030740e-042 6.79073090e-053
  2.97585774e-052 1.95211209e-030 5.24637794e-076 2.66721026e-036
  1.00000000e+000]
 [2.26089986e-034 1.71402932e-056 6.91712348e-013 9.54833957e-054
  4.86859844e-025 9.83235944e-021 1.00000000e+000 1.79199749e-026
  8.32822610e-026 2.25053089e-036 1.58298127e-049 2.41112888e-053
  5.52342780e-018 9.27360806e-062 1.63137290e-046 1.64565674e-054
  4.16958363e-052 1.13864190e-028 8.37380720e-040 1.00538968e-053
  1.00000000e+000]
 [1.38592559e-031 1.93133156e-066 2.12213596e-047 1.96217726e-080
  3.50009694e-064 1.48363801e-032 1.79199749e-026 1.00000000e+000
  2.68005022e-058 1.76158771e-043 6.53257899e-073 8.59562759e-049
  5.28633453e-021 2.58102576e-074 1.39244381e-041 7.72375511e-052
  1.69702168e-041 6.63761631e-020 1.32037644e-049 1.76008972e-066
  1.00000000e+000]
 [3.53975631e-027 6.79126153e-033 1.45589675e-026 1.37308521e-046
  4.24839014e-029 1.37595203e-025 8.32822610e-026 2.68005022e-058
  1.00000000e+000 5.90887001e-009 6.01854109e-017 1.60868124e-027
  2.45905221e-037 1.48449406e-039 4.63093687e-038 5.48815501e-035
  4.24286543e-039 1.72959821e-034 6.62418140e-037 1.75071170e-021
  1.00000000e+000]
 [1.80396425e-019 9.98229161e-027 6.64127604e-045 3.99622289e-064
  9.40450482e-044 3.86901224e-027 2.25053089e-036 1.76158771e-043
  5.90887001e-009 1.00000000e+000 2.01474713e-025 5.48747871e-014
  1.11043112e-032 3.39753607e-039 9.65302863e-020 4.18072498e-019
  6.75197862e-022 3.29007514e-020 1.15183055e-037 5.80390561e-026
  1.00000000e+000]
 [2.12406355e-044 1.03322329e-069 5.15777618e-041 1.35224770e-066
  4.05089950e-030 3.25406006e-036 1.58298127e-049 6.53257899e-073
  6.01854109e-017 2.01474713e-025 1.00000000e+000 3.26376403e-052
  1.51699923e-041 1.33928671e-027 2.22779270e-064 3.83292162e-076
  3.18280377e-054 3.55596830e-055 8.85838977e-055 6.47628788e-004
  1.00000000e+000]
 [5.03386849e-046 6.04182939e-040 1.05309310e-076 4.64018205e-073
  1.55969902e-063 1.05301475e-033 2.41112888e-053 8.59562759e-049
  1.60868124e-027 5.48747871e-014 3.26376403e-052 1.00000000e+000
  6.36716945e-055 5.63272123e-073 5.99288534e-047 4.39365260e-008
  2.38162550e-018 9.46196947e-019 2.42280790e-051 1.66204705e-041
  1.00000000e+000]
 [2.10578657e-040 7.54210256e-070 4.22272019e-034 3.82694094e-089
  3.11410995e-023 7.51705686e-026 5.52342780e-018 5.28633453e-021
  2.45905221e-037 1.11043112e-032 1.51699923e-041 6.36716945e-055
  1.00000000e+000 7.57373179e-050 3.89249426e-036 9.74949665e-061
  7.39053943e-033 2.28823243e-017 5.50896147e-044 3.38390245e-044
  1.00000000e+000]
 [8.14116595e-038 6.84185924e-115 1.14089130e-071 8.63872252e-137
  8.81075963e-040 1.92353901e-026 9.27360806e-062 2.58102576e-074
  1.48449406e-039 3.39753607e-039 1.33928671e-027 5.63272123e-073
  7.57373179e-050 1.00000000e+000 7.65372294e-044 1.11850012e-101
  3.76676842e-093 8.90364163e-076 1.24055079e-116 7.66825290e-038
  1.00000000e+000]
 [9.69544994e-016 2.29747156e-049 4.55869311e-063 1.11501259e-115
  9.31214628e-069 9.74030740e-042 1.63137290e-046 1.39244381e-041
  4.63093687e-038 9.65302863e-020 2.22779270e-064 5.99288534e-047
  3.89249426e-036 7.65372294e-044 1.00000000e+000 1.22018148e-042
  2.21104740e-051 4.15894105e-036 4.55113792e-071 7.42149054e-073
  1.00000000e+000]
 [1.64266585e-048 1.72685440e-023 1.41405366e-076 1.34712698e-070
  7.87973903e-083 6.79073090e-053 1.64565674e-054 7.72375511e-052
  5.48815501e-035 4.18072498e-019 3.83292162e-076 4.39365260e-008
  9.74949665e-061 1.11850012e-101 1.22018148e-042 1.00000000e+000
  2.22813682e-018 9.85749424e-019 4.71255832e-042 1.79901958e-067
  1.00000000e+000]
 [1.38865591e-059 1.21741006e-037 9.45056541e-070 9.29729914e-075
  7.23536784e-061 2.97585774e-052 4.16958363e-052 1.69702168e-041
  4.24286543e-039 6.75197862e-022 3.18280377e-054 2.38162550e-018
  7.39053943e-033 3.76676842e-093 2.21104740e-051 2.22813682e-018
  1.00000000e+000 3.18159918e-007 9.36522159e-028 5.54722229e-044
  1.00000000e+000]
 [1.66714838e-043 1.61891195e-042 3.12190138e-053 6.88089661e-075
  1.33648252e-044 1.95211209e-030 1.13864190e-028 6.63761631e-020
  1.72959821e-034 3.29007514e-020 3.55596830e-055 9.46196947e-019
  2.28823243e-017 8.90364163e-076 4.15894105e-036 9.85749424e-019
  3.18159918e-007 1.00000000e+000 5.78797699e-032 5.94908227e-048
  1.00000000e+000]
 [2.43885436e-052 1.42159650e-017 1.44603791e-028 9.42136681e-022
  5.81091524e-076 5.24637794e-076 8.37380720e-040 1.32037644e-049
  6.62418140e-037 1.15183055e-037 8.85838977e-055 2.42280790e-051
  5.50896147e-044 1.24055079e-116 4.55113792e-071 4.71255832e-042
  9.36522159e-028 5.78797699e-032 1.00000000e+000 2.01909503e-050
  1.00000000e+000]
 [8.39845397e-050 1.07384294e-068 8.99559693e-049 4.77223667e-061
  3.24532216e-036 2.66721026e-036 1.00538968e-053 1.76008972e-066
  1.75071170e-021 5.80390561e-026 6.47628788e-004 1.66204705e-041
  3.38390245e-044 7.66825290e-038 7.42149054e-073 1.79901958e-067
  5.54722229e-044 5.94908227e-048 2.01909503e-050 1.00000000e+000
  1.00000000e+000]
 [1.00000000e+000 1.00000000e+000 1.00000000e+000 1.00000000e+000
  1.00000000e+000 1.00000000e+000 1.00000000e+000 1.00000000e+000
  1.00000000e+000 1.00000000e+000 1.00000000e+000 1.00000000e+000
  1.00000000e+000 1.00000000e+000 1.00000000e+000 1.00000000e+000
  1.00000000e+000 1.00000000e+000 1.00000000e+000 1.00000000e+000
  0.00000000e+000]]
