[[1.00000000e+000 2.04273412e-005 5.54486546e-033 1.68649950e-033
  2.29752274e-052 5.15441759e-034 1.11938788e-043 2.59279849e-052
  5.05430469e-038 1.56380979e-016 1.76632030e-019 3.07465873e-055
  2.05773300e-031 6.12181228e-044 6.49004784e-014 9.83440869e-041
  5.38680251e-023 2.20112038e-012 6.00819457e-014 3.97600085e-019
  1.00000000e+000]
 [2.04273412e-005 1.00000000e+000 1.84654272e-026 1.35570269e-045
  9.26513540e-058 1.84844051e-026 1.21068236e-049 1.11656977e-064
  1.52219947e-039 1.53912562e-011 3.66237256e-036 1.86509189e-079
  2.83842523e-033 3.18511037e-039 5.27951372e-014 2.09856294e-046
  3.43815556e-039 3.62370554e-024 1.10823362e-017 1.59115648e-011
  1.00000000e+000]
 [5.54486546e-033 1.84654272e-026 1.00000000e+000 3.35083412e-038
  1.15961150e-043 2.25927794e-047 1.12490204e-089 1.00535934e-047
  1.49120888e-009 3.13338695e-053 2.25932789e-064 7.56418027e-088
  3.46349665e-053 6.04164858e-034 5.56881758e-052 1.00030859e-035
  1.06287605e-058 6.27782351e-047 2.60784958e-030 4.70334745e-021
  1.00000000e+000]
 [1.68649950e-033 1.35570269e-045 3.35083412e-038 1.00000000e+000
  2.24235007e-027 3.32847397e-049 4.42005529e-034 2.31259057e-017
  7.69035041e-022 2.62296991e-066 1.84161580e-019 1.04418060e-049
  3.44017204e-078 4.14130929e-033 2.94641696e-043 7.85833612e-029
  1.21287460e-043 5.28025941e-047 1.85331934e-028 8.07883336e-050
  1.00000000e+000]
 [2.29752274e-052 9.26513540e-058 1.15961150e-043 2.24235007e-027
  1.00000000e+000 3.71008949e-096 8.21832074e-064 7.08034012e-016
  1.03093154e-026 4.70316553e-085 6.23174350e-054 6.43744796e-076
  3.73505315e-055 1.66134430e-076 6.35018958e-085 1.08272293e-045
  1.33331593e-043 1.65170470e-069 1.28327059e-058 7.18013256e-056
  1.00000000e+000]
 [5.15441759e-034 1.84844051e-026 2.25927794e-047 3.32847397e-049
  3.71008949e-096 1.00000000e+000 2.16660996e-049 3.73269100e-093
  9.48400710e-059 1.52451227e-021 3.76205870e-046 1.06746400e-088
  2.10872565e-082 3.73847617e-032 3.63409828e-020 1.43718302e-041
  1.93555348e-097 7.79165829e-064 2.36732363e-037 2.80921778e-025
  1.00000000e+000]
 [1.11938788e-043 1.21068236e-049 1.12490204e-089 4.42005529e-034
  8.21832074e-064 2.16660996e-049 1.00000000e+000 2.05812493e-069
  6.56973334e-085 8.26758481e-058 2.02413968e-036 2.29174126e-097
  2.42199599e-108 6.58052645e-052 2.12255602e-034 1.03918983e-082
  2.13883855e-077 4.21680872e-081 7.02333901e-053 1.04604261e-076
  1.00000000e+000]
 [2.59279849e-052 1.11656977e-064 1.00535934e-047 2.31259057e-017
  7.08034012e-016 3.73269100e-093 2.05812493e-069 1.00000000e+000
  4.49763765e-019 1.10991239e-099 6.55304713e-035 2.41788346e-078
  4.22244521e-079 4.13023859e-056 2.71152864e-071 2.30576298e-042
  7.65536403e-031 2.62989500e-049 8.57723873e-037 1.13381499e-061
  1.00000000e+000]
 [5.05430469e-038 1.52219947e-039 1.49120888e-009 7.69035041e-022
  1.03093154e-026 9.48400710e-059 6.56973334e-085 4.49763765e-019
  1.00000000e+000 3.06769794e-069 2.33223947e-046 1.00500854e-072
  1.20138254e-057 2.48612944e-036 5.64482719e-058 2.16587333e-023
  1.81355927e-043 1.81428022e-041 7.56654892e-027 1.35546046e-028
  1.00000000e+000]
 [1.56380979e-016 1.53912562e-011 3.13338695e-053 2.62296991e-066
  4.70316553e-085 1.52451227e-021 8.26758481e-058 1.10991239e-099
  3.06769794e-069 1.00000000e+000 6.27857755e-044 1.25654685e-068
  2.66333579e-032 2.70689497e-070 3.30735824e-025 3.87933833e-046
  1.20184963e-067 5.05701295e-044 7.71038768e-044 1.14839648e-015
  1.00000000e+000]
 [1.76632030e-019 3.66237256e-036 2.25932789e-064 1.84161580e-019
  6.23174350e-054 3.76205870e-046 2.02413968e-036 6.55304713e-035
  2.33223947e-046 6.27857755e-044 1.00000000e+000 1.90916061e-040
  5.97659592e-061 5.07481107e-053 1.56597846e-025 7.78244918e-034
  4.29113280e-026 7.77073004e-022 9.31536227e-022 8.56375708e-044
  1.00000000e+000]
 [3.07465873e-055 1.86509189e-079 7.56418027e-088 1.04418060e-049
  6.43744796e-076 1.06746400e-088 2.29174126e-097 2.41788346e-078
  1.00500854e-072 1.25654685e-068 1.90916061e-040 1.00000000e+000
  8.48444665e-053 1.04278567e-130 3.89648718e-096 2.06221724e-031
  2.91657927e-068 2.99453608e-064 2.27634825e-087 6.43768579e-071
  1.00000000e+000]
 [2.05773300e-031 2.83842523e-033 3.46349665e-053 3.44017204e-078
  3.73505315e-055 2.10872565e-082 2.42199599e-108 4.22244521e-079
  1.20138254e-057 2.66333579e-032 5.97659592e-061 8.48444665e-053
  1.00000000e+000 2.52197802e-121 3.75994294e-076 5.80383559e-043
  3.07663684e-044 4.66203345e-043 4.49536484e-067 1.33444403e-025
  1.00000000e+000]
 [6.12181228e-044 3.18511037e-039 6.04164858e-034 4.14130929e-033
  1.66134430e-076 3.73847617e-032 6.58052645e-052 4.13023859e-056
  2.48612944e-036 2.70689497e-070 5.07481107e-053 1.04278567e-130
  2.52197802e-121 1.00000000e+000 4.74641666e-025 3.05817850e-067
  3.26178767e-078 1.18119993e-059 1.55649770e-018 2.47322611e-050
  1.00000000e+000]
 [6.49004784e-014 5.27951372e-014 5.56881758e-052 2.94641696e-043
  6.35018958e-085 3.63409828e-020 2.12255602e-034 2.71152864e-071
  5.64482719e-058 3.30735824e-025 1.56597846e-025 3.89648718e-096
  3.75994294e-076 4.74641666e-025 1.00000000e+000 3.51266438e-062
  4.37376769e-050 1.64902959e-028 6.72426587e-012 1.80250966e-032
  1.00000000e+000]
 [9.83440869e-041 2.09856294e-046 1.00030859e-035 7.85833612e-029
  1.08272293e-045 1.43718302e-041 1.03918983e-082 2.30576298e-042
  2.16587333e-023 3.87933833e-046 7.78244918e-034 2.06221724e-031
  5.80383559e-043 3.05817850e-067 3.51266438e-062 1.00000000e+000
  3.79994433e-062 1.51295446e-050 2.23919139e-047 7.23608304e-023
  1.00000000e+000]
 [5.38680251e-023 3.43815556e-039 1.06287605e-058 1.21287460e-043
  1.33331593e-043 1.93555348e-097 2.13883855e-077 7.65536403e-031
  1.81355927e-043 1.20184963e-067 4.29113280e-026 2.91657927e-068
  3.07663684e-044 3.26178767e-078 4.37376769e-050 3.79994433e-062
  1.00000000e+000 2.19165149e-011 1.83451988e-026 4.44656917e-053
  1.00000000e+000]
 [2.20112038e-012 3.62370554e-024 6.27782351e-047 5.28025941e-047
  1.65170470e-069 7.79165829e-064 4.21680872e-081 2.62989500e-049
  1.81428022e-041 5.05701295e-044 7.77073004e-022 2.99453608e-064
  4.66203345e-043 1.18119993e-059 1.64902959e-028 1.51295446e-050
  2.19165149e-011 1.00000000e+000 1.53486457e-013 4.55197443e-034
  1.00000000e+000]
 [6.00819457e-014 1.10823362e-017 2.60784958e-030 1.85331934e-028
  1.28327059e-058 2.36732363e-037 7.02333901e-053 8.57723873e-037
  7.56654892e-027 7.71038768e-044 9.31536227e-022 2.27634825e-087
  4.49536484e-067 1.55649770e-018 6.72426587e-012 2.23919139e-047
  1.83451988e-026 1.53486457e-013 1.00000000e+000 1.55947320e-028
  1.00000000e+000]
 [3.97600085e-019 1.59115648e-011 4.70334745e-021 8.07883336e-050
  7.18013256e-056 2.80921778e-025 1.04604261e-076 1.13381499e-061
  1.35546046e-028 1.14839648e-015 8.56375708e-044 6.43768579e-071
  1.33444403e-025 2.47322611e-050 1.80250966e-032 7.23608304e-023
  4.44656917e-053 4.55197443e-034 1.55947320e-028 1.00000000e+000
  1.00000000e+000]
 [1.00000000e+000 1.00000000e+000 1.00000000e+000 1.00000000e+000
  1.00000000e+000 1.00000000e+000 1.00000000e+000 1.00000000e+000
  1.00000000e+000 1.00000000e+000 1.00000000e+000 1.00000000e+000
  1.00000000e+000 1.00000000e+000 1.00000000e+000 1.00000000e+000
  1.00000000e+000 1.00000000e+000 1.00000000e+000 1.00000000e+000
  0.00000000e+000]]
