[[1.00000000e+000 4.09059033e-079 1.33676669e-039 2.49611493e-068
  1.44571720e-075 6.58803805e-084 2.94651362e-053 1.24265597e-037
  1.73169976e-068 3.62041134e-065 8.96964547e-076 6.66153474e-030
  2.35628917e-027 2.25030657e-057 2.55529987e-111 1.53897941e-025
  1.26897900e-021 8.43994201e-073 1.72021542e-021 4.97881609e-057
  1.00000000e+000]
 [4.09059033e-079 1.00000000e+000 1.16615092e-035 4.12749163e-029
  1.75656147e-028 1.11563180e-065 2.25738928e-027 2.01020658e-073
  2.84206108e-049 1.11086776e-071 6.74887122e-010 2.21230336e-041
  1.18179710e-033 1.38973920e-083 2.93319111e-043 1.14533272e-045
  4.99033673e-055 2.58974886e-041 2.81779835e-037 2.66260291e-028
  1.00000000e+000]
 [1.33676669e-039 1.16615092e-035 1.00000000e+000 8.26344213e-043
  1.97369789e-056 1.67204305e-068 4.35840089e-037 1.08772750e-065
  8.49992071e-088 1.23545784e-044 5.04722799e-022 1.36770210e-029
  4.47858522e-037 1.37944823e-077 8.11270675e-102 8.37074639e-021
  3.67712744e-028 7.80125584e-019 2.65436209e-015 1.64361417e-047
  1.00000000e+000]
 [2.49611493e-068 4.12749163e-029 8.26344213e-043 1.00000000e+000
  1.84336702e-034 3.70479690e-106 1.53408700e-033 2.72057827e-054
  1.84059664e-041 4.71180017e-037 3.55132966e-017 1.30748765e-018
  5.98542418e-020 4.71349863e-055 3.72556803e-038 2.17718675e-047
  6.44622673e-044 2.08083423e-029 1.87166298e-036 8.65685992e-022
  1.00000000e+000]
 [1.44571720e-075 1.75656147e-028 1.97369789e-056 1.84336702e-034
  1.00000000e+000 3.00268950e-032 2.57134892e-028 3.65554946e-024
  1.14308146e-013 1.05023024e-069 1.96033986e-038 8.42223480e-042
  3.44360929e-019 9.47239699e-052 5.04968889e-013 1.13425047e-034
  1.46032595e-037 3.20201319e-042 4.54124527e-028 2.56174892e-019
  1.00000000e+000]
 [6.58803805e-084 1.11563180e-065 1.67204305e-068 3.70479690e-106
  3.00268950e-032 1.00000000e+000 1.23899669e-055 1.06483438e-047
  7.33513935e-055 2.67010887e-098 4.14490438e-089 6.69844692e-097
  9.77609087e-057 2.23168168e-080 8.04848565e-069 9.85196779e-032
  5.85335167e-049 1.03762803e-083 2.96490109e-043 4.62926764e-068
  1.00000000e+000]
 [2.94651362e-053 2.25738928e-027 4.35840089e-037 1.53408700e-033
  2.57134892e-028 1.23899669e-055 1.00000000e+000 1.34175403e-050
  4.53900309e-044 8.83518119e-054 3.10495788e-028 4.56678401e-035
  1.84794353e-029 8.73298422e-022 2.91294824e-049 2.53441988e-029
  5.15309146e-052 1.35323825e-054 4.73968312e-034 1.83805152e-007
  1.00000000e+000]
 [1.24265597e-037 2.01020658e-073 1.08772750e-065 2.72057827e-054
  3.65554946e-024 1.06483438e-047 1.34175403e-050 1.00000000e+000
  2.53061172e-019 4.95826269e-074 1.30382990e-076 1.15515030e-033
  5.60442782e-014 3.63362199e-046 1.50421376e-044 1.57616936e-030
  1.62210135e-019 5.20376606e-058 1.76930636e-020 4.05398097e-037
  1.00000000e+000]
 [1.73169976e-068 2.84206108e-049 8.49992071e-088 1.84059664e-041
  1.14308146e-013 7.33513935e-055 4.53900309e-044 2.53061172e-019
  1.00000000e+000 5.43427170e-076 4.09294052e-067 3.30526000e-048
  7.17137285e-016 3.47583397e-048 1.35946401e-009 7.20866141e-046
  9.00693269e-041 1.92688392e-077 7.24652975e-042 2.21282828e-029
  1.00000000e+000]
 [3.62041134e-065 1.11086776e-071 1.23545784e-044 4.71180017e-037
  1.05023024e-069 2.67010887e-098 8.83518119e-054 4.95826269e-074
  5.43427170e-076 1.00000000e+000 1.00474681e-059 1.55522737e-060
  6.19794826e-043 7.61710564e-050 3.94830625e-084 5.24876350e-028
  1.94192579e-038 7.30635519e-058 6.79972923e-049 6.62735216e-065
  1.00000000e+000]
 [8.96964547e-076 6.74887122e-010 5.04722799e-022 3.55132966e-017
  1.96033986e-038 4.14490438e-089 3.10495788e-028 1.30382990e-076
  4.09294052e-067 1.00474681e-059 1.00000000e+000 2.69876514e-026
  1.46764354e-035 6.61342359e-081 1.52901379e-060 8.13263503e-048
  5.83828867e-054 5.15509090e-020 2.35957719e-033 2.77404595e-026
  1.00000000e+000]
 [6.66153474e-030 2.21230336e-041 1.36770210e-029 1.30748765e-018
  8.42223480e-042 6.69844692e-097 4.56678401e-035 1.15515030e-033
  3.30526000e-048 1.55522737e-060 2.69876514e-026 1.00000000e+000
  8.18505630e-014 4.90047821e-057 3.34239149e-065 3.92987479e-039
  1.40532737e-028 2.83513723e-026 1.92700172e-016 5.77940836e-022
  1.00000000e+000]
 [2.35628917e-027 1.18179710e-033 4.47858522e-037 5.98542418e-020
  3.44360929e-019 9.77609087e-057 1.84794353e-029 5.60442782e-014
  7.17137285e-016 6.19794826e-043 1.46764354e-035 8.18505630e-014
  1.00000000e+000 2.97588786e-041 1.73163305e-032 3.02361982e-019
  5.48562728e-012 4.95912747e-037 6.04593319e-011 1.41089975e-020
  1.00000000e+000]
 [2.25030657e-057 1.38973920e-083 1.37944823e-077 4.71349863e-055
  9.47239699e-052 2.23168168e-080 8.73298422e-022 3.63362199e-046
  3.47583397e-048 7.61710564e-050 6.61342359e-081 4.90047821e-057
  2.97588786e-041 1.00000000e+000 4.99943382e-064 1.21928436e-040
  1.95857572e-062 1.71570186e-095 7.52242947e-058 1.07572799e-026
  1.00000000e+000]
 [2.55529987e-111 2.93319111e-043 8.11270675e-102 3.72556803e-038
  5.04968889e-013 8.04848565e-069 2.91294824e-049 1.50421376e-044
  1.35946401e-009 3.94830625e-084 1.52901379e-060 3.34239149e-065
  1.73163305e-032 4.99943382e-064 1.00000000e+000 4.83287753e-067
  1.27051014e-066 1.65907560e-078 4.32658921e-063 1.00975604e-032
  1.00000000e+000]
 [1.53897941e-025 1.14533272e-045 8.37074639e-021 2.17718675e-047
  1.13425047e-034 9.85196779e-032 2.53441988e-029 1.57616936e-030
  7.20866141e-046 5.24876350e-028 8.13263503e-048 3.92987479e-039
  3.02361982e-019 1.21928436e-040 4.83287753e-067 1.00000000e+000
  5.04504456e-010 1.22054760e-042 4.59958640e-011 1.23260339e-040
  1.00000000e+000]
 [1.26897900e-021 4.99033673e-055 3.67712744e-028 6.44622673e-044
  1.46032595e-037 5.85335167e-049 5.15309146e-052 1.62210135e-019
  9.00693269e-041 1.94192579e-038 5.83828867e-054 1.40532737e-028
  5.48562728e-012 1.95857572e-062 1.27051014e-066 5.04504456e-010
  1.00000000e+000 1.55416359e-035 1.38331589e-006 6.48291745e-051
  1.00000000e+000]
 [8.43994201e-073 2.58974886e-041 7.80125584e-019 2.08083423e-029
  3.20201319e-042 1.03762803e-083 1.35323825e-054 5.20376606e-058
  1.92688392e-077 7.30635519e-058 5.15509090e-020 2.83513723e-026
  4.95912747e-037 1.71570186e-095 1.65907560e-078 1.22054760e-042
  1.55416359e-035 1.00000000e+000 7.17788250e-022 4.83222719e-047
  1.00000000e+000]
 [1.72021542e-021 2.81779835e-037 2.65436209e-015 1.87166298e-036
  4.54124527e-028 2.96490109e-043 4.73968312e-034 1.76930636e-020
  7.24652975e-042 6.79972923e-049 2.35957719e-033 1.92700172e-016
  6.04593319e-011 7.52242947e-058 4.32658921e-063 4.59958640e-011
  1.38331589e-006 7.17788250e-022 1.00000000e+000 1.41118054e-032
  1.00000000e+000]
 [4.97881609e-057 2.66260291e-028 1.64361417e-047 8.65685992e-022
  2.56174892e-019 4.62926764e-068 1.83805152e-007 4.05398097e-037
  2.21282828e-029 6.62735216e-065 2.77404595e-026 5.77940836e-022
  1.41089975e-020 1.07572799e-026 1.00975604e-032 1.23260339e-040
  6.48291745e-051 4.83222719e-047 1.41118054e-032 1.00000000e+000
  1.00000000e+000]
 [1.00000000e+000 1.00000000e+000 1.00000000e+000 1.00000000e+000
  1.00000000e+000 1.00000000e+000 1.00000000e+000 1.00000000e+000
  1.00000000e+000 1.00000000e+000 1.00000000e+000 1.00000000e+000
  1.00000000e+000 1.00000000e+000 1.00000000e+000 1.00000000e+000
  1.00000000e+000 1.00000000e+000 1.00000000e+000 1.00000000e+000
  0.00000000e+000]]
