[[1.00000000e+00 5.27327406e-42 1.25327596e-28 2.43985998e-80
  2.31162159e-64 9.88732931e-33 2.03283675e-29 6.12771296e-48
  9.67485569e-26 7.62060724e-30 6.65999349e-77 2.31648030e-43
  8.94777187e-82 7.52081823e-71 3.76177113e-30 1.28562880e-24
  6.11105647e-40 3.36504229e-34 5.57182271e-29 9.28428488e-26
  2.81364535e-57 5.02716920e-61 8.05330764e-71 2.84664818e-54
  1.24881969e-66 7.99498224e-59 4.91951902e-48 1.06940273e-37
  4.96132404e-47 1.00000000e+00]
 [5.27327406e-42 1.00000000e+00 4.20226185e-36 1.06748979e-43
  6.34320618e-46 1.02843712e-28 4.18554201e-64 4.80738011e-28
  5.10903851e-32 6.47341884e-71 4.74245352e-65 1.06119876e-64
  2.72266912e-28 5.38476054e-30 1.31760439e-37 1.01073076e-27
  1.11934311e-27 8.23063253e-47 2.07344068e-31 4.02298018e-44
  1.49763293e-59 1.92747309e-45 1.27546931e-30 6.67969291e-57
  1.41181153e-35 8.99728472e-61 1.77488399e-27 2.26011248e-62
  1.11679751e-30 1.00000000e+00]
 [1.25327596e-28 4.20226185e-36 1.00000000e+00 7.65473433e-36
  5.84332655e-42 1.56244940e-62 2.06859371e-28 3.75560863e-29
  3.01251600e-47 3.92031331e-49 2.34112559e-60 4.21293533e-42
  2.06226380e-56 1.13865519e-69 2.46044157e-69 1.26021687e-24
  1.00231493e-24 1.50585234e-53 9.47080974e-33 2.71036323e-58
  3.56871065e-44 1.04778977e-61 1.36071263e-73 1.14733562e-51
  9.53762781e-28 3.78031901e-85 5.03099683e-32 1.46776959e-27
  8.30531502e-42 1.00000000e+00]
 [2.43985998e-80 1.06748979e-43 7.65473433e-36 1.00000000e+00
  1.52056377e-37 6.19270724e-59 3.15791675e-39 4.73206340e-36
  2.32073953e-56 3.97577141e-79 3.31091576e-30 3.19526551e-38
  1.33914446e-26 3.35005364e-39 2.76303933e-87 1.94452552e-52
  7.47755702e-24 2.12375390e-68 2.44390423e-60 7.60798363e-86
  2.65915417e-35 3.19035782e-29 1.17903431e-43 1.77562789e-24
  6.08387223e-26 9.30075952e-60 5.63651527e-33 1.05320825e-50
  3.88769978e-67 1.00000000e+00]
 [2.31162159e-64 6.34320618e-46 5.84332655e-42 1.52056377e-37
  1.00000000e+00 3.84433679e-72 8.99642493e-37 7.58022410e-64
  4.45855971e-63 9.40911051e-32 1.35884070e-28 3.90418900e-49
  6.41503216e-30 1.07214506e-27 9.62329295e-40 2.63761443e-26
  8.76260958e-56 3.36643389e-57 2.12300861e-27 7.05482190e-68
  7.94696499e-33 1.38256164e-29 2.62070718e-62 6.56534451e-65
  6.85849786e-27 7.01103732e-49 5.58320381e-72 5.61023947e-55
  3.63214385e-29 1.00000000e+00]
 [9.88732931e-33 1.02843712e-28 1.56244940e-62 6.19270724e-59
  3.84433679e-72 1.00000000e+00 5.50253906e-53 2.74312749e-52
  1.83061285e-29 7.51428926e-57 2.33725474e-57 1.72711719e-33
  6.08120940e-63 5.53678842e-29 1.87317720e-29 5.24105454e-36
  9.03818980e-34 5.22778985e-25 5.87632633e-59 7.16849743e-38
  4.57576063e-70 7.11726795e-39 1.10559531e-26 1.44357563e-31
  3.06807521e-62 3.50008346e-34 4.16857050e-27 1.08841988e-61
  6.46110069e-63 1.00000000e+00]
 [2.03283675e-29 4.18554201e-64 2.06859371e-28 3.15791675e-39
  8.99642493e-37 5.50253906e-53 1.00000000e+00 8.07332439e-55
  5.42535401e-32 3.35038535e-30 5.24145175e-45 1.95781404e-26
  9.58770409e-60 5.28622249e-62 4.20004389e-50 6.36220331e-35
  7.09799485e-29 2.79723470e-57 1.82275396e-29 1.12836191e-55
  4.45392032e-27 1.84985026e-25 2.55029532e-77 1.55335484e-29
  1.37679656e-58 1.25573599e-45 7.90217759e-62 3.97876004e-38
  6.47122526e-67 1.00000000e+00]
 [6.12771296e-48 4.80738011e-28 3.75560863e-29 4.73206340e-36
  7.58022410e-64 2.74312749e-52 8.07332439e-55 1.00000000e+00
  1.22604574e-28 3.89470261e-74 1.43716157e-51 1.36926895e-67
  2.43101927e-28 8.26733280e-67 4.03084405e-73 2.15542543e-62
  1.62509041e-40 9.59070228e-52 3.74164968e-45 4.72548855e-31
  1.43042302e-27 1.78658756e-60 4.88104544e-30 1.19639332e-32
  4.79945690e-37 4.40391473e-56 1.34147479e-28 7.78690688e-26
  1.01286450e-35 1.00000000e+00]
 [9.67485569e-26 5.10903851e-32 3.01251600e-47 2.32073953e-56
  4.45855971e-63 1.83061285e-29 5.42535401e-32 1.22604574e-28
  1.00000000e+00 3.57987162e-59 2.83658292e-68 4.52845642e-64
  1.83873006e-38 1.61140917e-59 2.61266870e-34 2.02012538e-52
  2.51033554e-30 2.91097258e-58 8.21782760e-22 1.20648068e-23
  3.74087030e-32 4.53080522e-29 6.64644113e-44 1.31389871e-31
  2.41249823e-77 5.99381540e-34 1.52960830e-55 1.52401783e-53
  1.78928381e-55 1.00000000e+00]
 [7.62060724e-30 6.47341884e-71 3.92031331e-49 3.97577141e-79
  9.40911051e-32 7.51428926e-57 3.35038535e-30 3.89470261e-74
  3.57987162e-59 1.00000000e+00 1.48671739e-35 5.01609257e-32
  1.55255539e-77 5.75848258e-52 1.42181848e-26 8.15456320e-28
  2.40186714e-77 1.45928934e-24 1.88596941e-41 5.54219740e-36
  4.67806502e-42 3.64839831e-55 1.32050054e-70 1.23620923e-60
  1.25948623e-49 1.84492682e-37 2.40304507e-73 6.57321094e-31
  1.20970820e-33 1.00000000e+00]
 [6.65999349e-77 4.74245352e-65 2.34112559e-60 3.31091576e-30
  1.35884070e-28 2.33725474e-57 5.24145175e-45 1.43716157e-51
  2.83658292e-68 1.48671739e-35 1.00000000e+00 2.67264404e-28
  3.20169245e-38 1.43998578e-28 9.87314870e-60 4.72256216e-54
  1.59760705e-69 1.18242117e-31 2.78459681e-69 5.16826421e-55
  5.99466136e-25 6.38733624e-38 4.17143822e-30 3.48864338e-28
  4.91726557e-24 1.07439337e-23 4.68631668e-50 5.73491612e-30
  1.12813065e-41 1.00000000e+00]
 [2.31648030e-43 1.06119876e-64 4.21293533e-42 3.19526551e-38
  3.90418900e-49 1.72711719e-33 1.95781404e-26 1.36926895e-67
  4.52845642e-64 5.01609257e-32 2.67264404e-28 1.00000000e+00
  1.25049868e-79 4.20197880e-39 1.68901381e-57 3.32926708e-29
  2.44068422e-39 1.32838287e-24 1.41928003e-72 1.08939306e-66
  1.08996390e-56 2.56193070e-43 2.23440305e-55 4.46044719e-26
  9.90870744e-38 1.21571554e-46 3.10558677e-31 1.32153249e-35
  6.51512522e-70 1.00000000e+00]
 [8.94777187e-82 2.72266912e-28 2.06226380e-56 1.33914446e-26
  6.41503216e-30 6.08120940e-63 9.58770409e-60 2.43101927e-28
  1.83873006e-38 1.55255539e-77 3.20169245e-38 1.25049868e-79
  1.00000000e+00 4.04383895e-34 1.45414484e-57 2.24245068e-62
  6.40766165e-49 2.53219974e-73 3.15131588e-35 3.54961513e-55
  1.18344680e-23 1.72412901e-27 4.75341940e-29 7.30149741e-46
  3.98152098e-39 7.97295766e-41 4.14337933e-60 1.19373224e-62
  1.30580665e-36 1.00000000e+00]
 [7.52081823e-71 5.38476054e-30 1.13865519e-69 3.35005364e-39
  1.07214506e-27 5.53678842e-29 5.28622249e-62 8.26733280e-67
  1.61140917e-59 5.75848258e-52 1.43998578e-28 4.20197880e-39
  4.04383895e-34 1.00000000e+00 6.99688182e-31 7.12127202e-31
  3.42142488e-50 1.02240170e-35 3.53215440e-56 8.91681629e-64
  1.56216172e-59 7.72076848e-26 3.37674864e-25 5.09340778e-49
  2.70144998e-33 1.77314302e-32 1.37022912e-44 1.87070166e-72
  1.40225809e-43 1.00000000e+00]
 [3.76177113e-30 1.31760439e-37 2.46044157e-69 2.76303933e-87
  9.62329295e-40 1.87317720e-29 4.20004389e-50 4.03084405e-73
  2.61266870e-34 1.42181848e-26 9.87314870e-60 1.68901381e-57
  1.45414484e-57 6.99688182e-31 1.00000000e+00 5.12652553e-27
  3.07625282e-64 7.25582815e-35 6.98185440e-27 4.91711247e-29
  2.05401351e-58 1.07122619e-37 5.87226747e-51 1.15403239e-68
  2.00360368e-69 1.58176675e-29 2.45821928e-74 1.93553315e-69
  3.88577930e-35 1.00000000e+00]
 [1.28562880e-24 1.01073076e-27 1.26021687e-24 1.94452552e-52
  2.63761443e-26 5.24105454e-36 6.36220331e-35 2.15542543e-62
  2.02012538e-52 8.15456320e-28 4.72256216e-54 3.32926708e-29
  2.24245068e-62 7.12127202e-31 5.12652553e-27 1.00000000e+00
  1.80643932e-32 2.40912497e-32 3.24872267e-30 1.55053490e-56
  1.03342444e-64 3.29814932e-45 3.48597401e-64 4.82409436e-64
  2.57282876e-31 3.42944034e-64 4.13854890e-39 3.15588082e-51
  1.99131984e-35 1.00000000e+00]
 [6.11105647e-40 1.11934311e-27 1.00231493e-24 7.47755702e-24
  8.76260958e-56 9.03818980e-34 7.09799485e-29 1.62509041e-40
  2.51033554e-30 2.40186714e-77 1.59760705e-69 2.44068422e-39
  6.40766165e-49 3.42142488e-50 3.07625282e-64 1.80643932e-32
  1.00000000e+00 8.72934414e-68 7.95562854e-40 8.30369204e-74
  1.85247101e-57 1.63214014e-30 1.98739481e-60 3.24545008e-33
  8.33627628e-52 5.83451443e-72 4.75573650e-29 6.57953044e-64
  6.37645529e-77 1.00000000e+00]
 [3.36504229e-34 8.23063253e-47 1.50585234e-53 2.12375390e-68
  3.36643389e-57 5.22778985e-25 2.79723470e-57 9.59070228e-52
  2.91097258e-58 1.45928934e-24 1.18242117e-31 1.32838287e-24
  2.53219974e-73 1.02240170e-35 7.25582815e-35 2.40912497e-32
  8.72934414e-68 1.00000000e+00 7.63927296e-69 3.53439520e-27
  7.61867437e-59 1.61669545e-66 7.47290340e-30 5.22308293e-43
  1.45216936e-34 7.71158766e-35 3.73135510e-29 5.57899679e-26
  2.23089352e-32 1.00000000e+00]
 [5.57182271e-29 2.07344068e-31 9.47080974e-33 2.44390423e-60
  2.12300861e-27 5.87632633e-59 1.82275396e-29 3.74164968e-45
  8.21782760e-22 1.88596941e-41 2.78459681e-69 1.41928003e-72
  3.15131588e-35 3.53215440e-56 6.98185440e-27 3.24872267e-30
  7.95562854e-40 7.63927296e-69 1.00000000e+00 7.07877714e-40
  2.86572051e-33 2.01217561e-33 2.42535258e-71 1.35625824e-66
  1.69916564e-60 2.62238462e-54 3.15592458e-76 5.77550940e-59
  1.41643371e-33 1.00000000e+00]
 [9.28428488e-26 4.02298018e-44 2.71036323e-58 7.60798363e-86
  7.05482190e-68 7.16849743e-38 1.12836191e-55 4.72548855e-31
  1.20648068e-23 5.54219740e-36 5.16826421e-55 1.08939306e-66
  3.54961513e-55 8.91681629e-64 4.91711247e-29 1.55053490e-56
  8.30369204e-74 3.53439520e-27 7.07877714e-40 1.00000000e+00
  7.24042331e-36 6.97659326e-64 1.23820467e-34 9.85730600e-48
  2.29827175e-65 6.88540902e-28 1.75679339e-57 5.16572863e-30
  5.88766568e-27 1.00000000e+00]
 [2.81364535e-57 1.49763293e-59 3.56871065e-44 2.65915417e-35
  7.94696499e-33 4.57576063e-70 4.45392032e-27 1.43042302e-27
  3.74087030e-32 4.67806502e-42 5.99466136e-25 1.08996390e-56
  1.18344680e-23 1.56216172e-59 2.05401351e-58 1.03342444e-64
  1.85247101e-57 7.61867437e-59 2.86572051e-33 7.24042331e-36
  1.00000000e+00 4.75317657e-32 2.08922049e-45 3.47547020e-28
  2.81450684e-46 2.22976607e-27 2.65438267e-68 1.65671585e-26
  3.11948460e-39 1.00000000e+00]
 [5.02716920e-61 1.92747309e-45 1.04778977e-61 3.19035782e-29
  1.38256164e-29 7.11726795e-39 1.84985026e-25 1.78658756e-60
  4.53080522e-29 3.64839831e-55 6.38733624e-38 2.56193070e-43
  1.72412901e-27 7.72076848e-26 1.07122619e-37 3.29814932e-45
  1.63214014e-30 1.61669545e-66 2.01217561e-33 6.97659326e-64
  4.75317657e-32 1.00000000e+00 1.72198654e-46 3.30669996e-29
  1.35186485e-61 1.35562096e-25 1.74612049e-66 3.86651631e-73
  3.02256293e-68 1.00000000e+00]
 [8.05330764e-71 1.27546931e-30 1.36071263e-73 1.17903431e-43
  2.62070718e-62 1.10559531e-26 2.55029532e-77 4.88104544e-30
  6.64644113e-44 1.32050054e-70 4.17143822e-30 2.23440305e-55
  4.75341940e-29 3.37674864e-25 5.87226747e-51 3.48597401e-64
  1.98739481e-60 7.47290340e-30 2.42535258e-71 1.23820467e-34
  2.08922049e-45 1.72198654e-46 1.00000000e+00 1.24955001e-29
  1.11244425e-39 1.49840900e-24 2.36366996e-30 9.61055307e-49
  1.42450291e-40 1.00000000e+00]
 [2.84664818e-54 6.67969291e-57 1.14733562e-51 1.77562789e-24
  6.56534451e-65 1.44357563e-31 1.55335484e-29 1.19639332e-32
  1.31389871e-31 1.23620923e-60 3.48864338e-28 4.46044719e-26
  7.30149741e-46 5.09340778e-49 1.15403239e-68 4.82409436e-64
  3.24545008e-33 5.22308293e-43 1.35625824e-66 9.85730600e-48
  3.47547020e-28 3.30669996e-29 1.24955001e-29 1.00000000e+00
  2.07356747e-52 7.02704435e-27 1.91756278e-32 6.13569724e-34
  2.54751860e-74 1.00000000e+00]
 [1.24881969e-66 1.41181153e-35 9.53762781e-28 6.08387223e-26
  6.85849786e-27 3.06807521e-62 1.37679656e-58 4.79945690e-37
  2.41249823e-77 1.25948623e-49 4.91726557e-24 9.90870744e-38
  3.98152098e-39 2.70144998e-33 2.00360368e-69 2.57282876e-31
  8.33627628e-52 1.45216936e-34 1.69916564e-60 2.29827175e-65
  2.81450684e-46 1.35186485e-61 1.11244425e-39 2.07356747e-52
  1.00000000e+00 4.58022459e-66 8.86116813e-26 5.00343233e-30
  2.97627355e-25 1.00000000e+00]
 [7.99498224e-59 8.99728472e-61 3.78031901e-85 9.30075952e-60
  7.01103732e-49 3.50008346e-34 1.25573599e-45 4.40391473e-56
  5.99381540e-34 1.84492682e-37 1.07439337e-23 1.21571554e-46
  7.97295766e-41 1.77314302e-32 1.58176675e-29 3.42944034e-64
  5.83451443e-72 7.71158766e-35 2.62238462e-54 6.88540902e-28
  2.22976607e-27 1.35562096e-25 1.49840900e-24 7.02704435e-27
  4.58022459e-66 1.00000000e+00 3.88021323e-69 1.18651879e-49
  1.36499855e-50 1.00000000e+00]
 [4.91951902e-48 1.77488399e-27 5.03099683e-32 5.63651527e-33
  5.58320381e-72 4.16857050e-27 7.90217759e-62 1.34147479e-28
  1.52960830e-55 2.40304507e-73 4.68631668e-50 3.10558677e-31
  4.14337933e-60 1.37022912e-44 2.45821928e-74 4.13854890e-39
  4.75573650e-29 3.73135510e-29 3.15592458e-76 1.75679339e-57
  2.65438267e-68 1.74612049e-66 2.36366996e-30 1.91756278e-32
  8.86116813e-26 3.88021323e-69 1.00000000e+00 3.45286614e-37
  2.83540968e-55 1.00000000e+00]
 [1.06940273e-37 2.26011248e-62 1.46776959e-27 1.05320825e-50
  5.61023947e-55 1.08841988e-61 3.97876004e-38 7.78690688e-26
  1.52401783e-53 6.57321094e-31 5.73491612e-30 1.32153249e-35
  1.19373224e-62 1.87070166e-72 1.93553315e-69 3.15588082e-51
  6.57953044e-64 5.57899679e-26 5.77550940e-59 5.16572863e-30
  1.65671585e-26 3.86651631e-73 9.61055307e-49 6.13569724e-34
  5.00343233e-30 1.18651879e-49 3.45286614e-37 1.00000000e+00
  2.14994714e-33 1.00000000e+00]
 [4.96132404e-47 1.11679751e-30 8.30531502e-42 3.88769978e-67
  3.63214385e-29 6.46110069e-63 6.47122526e-67 1.01286450e-35
  1.78928381e-55 1.20970820e-33 1.12813065e-41 6.51512522e-70
  1.30580665e-36 1.40225809e-43 3.88577930e-35 1.99131984e-35
  6.37645529e-77 2.23089352e-32 1.41643371e-33 5.88766568e-27
  3.11948460e-39 3.02256293e-68 1.42450291e-40 2.54751860e-74
  2.97627355e-25 1.36499855e-50 2.83540968e-55 2.14994714e-33
  1.00000000e+00 1.00000000e+00]
 [1.00000000e+00 1.00000000e+00 1.00000000e+00 1.00000000e+00
  1.00000000e+00 1.00000000e+00 1.00000000e+00 1.00000000e+00
  1.00000000e+00 1.00000000e+00 1.00000000e+00 1.00000000e+00
  1.00000000e+00 1.00000000e+00 1.00000000e+00 1.00000000e+00
  1.00000000e+00 1.00000000e+00 1.00000000e+00 1.00000000e+00
  1.00000000e+00 1.00000000e+00 1.00000000e+00 1.00000000e+00
  1.00000000e+00 1.00000000e+00 1.00000000e+00 1.00000000e+00
  1.00000000e+00 0.00000000e+00]]
