[[1.00000000e+00 2.19916857e-14 1.44822100e-71 ... 7.02188792e-60
  1.61629769e-44 1.00000000e+00]
 [2.19916857e-14 1.00000000e+00 8.25240913e-82 ... 6.52908492e-66
  3.93764923e-44 1.00000000e+00]
 [1.44822100e-71 8.25240913e-82 1.00000000e+00 ... 8.81691697e-62
  2.12172429e-41 1.00000000e+00]
 ...
 [7.02188792e-60 6.52908492e-66 8.81691697e-62 ... 1.00000000e+00
  3.93987519e-49 1.00000000e+00]
 [1.61629769e-44 3.93764923e-44 2.12172429e-41 ... 3.93987519e-49
  1.00000000e+00 1.00000000e+00]
 [1.00000000e+00 1.00000000e+00 1.00000000e+00 ... 1.00000000e+00
  1.00000000e+00 0.00000000e+00]]
