[[1.00000000e+000 7.13963173e-006 7.36601642e-054 7.81157149e-085
  9.69573350e-057 5.54222273e-049 5.29560260e-076 6.66250172e-035
  1.96445439e-056 5.28186325e-040 4.50995452e-059 9.10750659e-046
  6.51141104e-003 2.54465289e-075 2.78508480e-087 7.58071172e-019
  8.53197896e-069 1.27218972e-041 2.04622558e-079 1.48488710e-073
  1.00000000e+000]
 [7.13963173e-006 1.00000000e+000 2.45431058e-033 4.46937008e-072
  4.72723362e-050 1.00661641e-032 1.44953457e-058 3.12458627e-043
  1.57857924e-045 7.08337789e-042 3.01364684e-061 6.53025355e-043
  5.03361715e-007 9.27007795e-070 1.14494555e-059 3.04476695e-010
  2.41974194e-047 5.31512465e-039 5.98100439e-056 2.39041543e-059
  1.00000000e+000]
 [7.36601642e-054 2.45431058e-033 1.00000000e+000 3.62245419e-052
  9.18736409e-046 2.10514991e-046 8.90527551e-026 6.63063929e-068
  3.63049123e-016 7.54125378e-042 8.68736715e-053 5.40708499e-037
  5.74351674e-056 2.91907826e-063 1.25160011e-039 4.26453170e-019
  3.15802012e-024 7.36547349e-087 1.42575395e-033 1.46549075e-038
  1.00000000e+000]
 [7.81157149e-085 4.46937008e-072 3.62245419e-052 1.00000000e+000
  3.14493799e-008 4.97903670e-060 6.24793869e-088 1.02906816e-045
  4.35947764e-066 7.94724906e-070 6.29171922e-072 3.18057500e-026
  6.98521696e-082 5.96250336e-042 5.08459802e-036 1.70917901e-037
  2.63763249e-064 2.34283694e-124 4.91771040e-024 1.18796390e-086
  1.00000000e+000]
 [9.69573350e-057 4.72723362e-050 9.18736409e-046 3.14493799e-008
  1.00000000e+000 1.44758479e-042 6.40891679e-071 1.40583047e-029
  1.37080812e-065 7.05161547e-054 1.81982888e-061 1.83029878e-022
  4.19471578e-060 2.43268789e-023 7.36044655e-045 1.53450142e-023
  4.93123619e-044 1.71025605e-097 1.89432660e-033 4.74065620e-070
  1.00000000e+000]
 [5.54222273e-049 1.00661641e-032 2.10514991e-046 4.97903670e-060
  1.44758479e-042 1.00000000e+000 2.73947997e-036 4.04346057e-072
  4.22525709e-090 2.69507073e-052 2.56650264e-067 6.91838502e-054
  3.01363743e-055 4.16661285e-055 4.54808270e-030 5.81129294e-022
  4.52949314e-021 3.31992027e-055 8.15139850e-046 1.68770238e-028
  1.00000000e+000]
 [5.29560260e-076 1.44953457e-058 8.90527551e-026 6.24793869e-088
  6.40891679e-071 2.73947997e-036 1.00000000e+000 2.47871357e-093
  2.94293631e-054 2.41902039e-030 1.55883717e-038 2.96995357e-055
  1.25087541e-086 1.18731821e-070 1.31315232e-056 8.89685390e-038
  2.52439380e-018 1.38513203e-087 3.86600564e-067 2.14447446e-004
  1.00000000e+000]
 [6.66250172e-035 3.12458627e-043 6.63063929e-068 1.02906816e-045
  1.40583047e-029 4.04346057e-072 2.47871357e-093 1.00000000e+000
  6.83118408e-062 8.62214137e-034 3.82142579e-039 4.01394036e-013
  3.95002976e-037 6.85259765e-028 1.78812896e-075 2.39451834e-025
  6.38628358e-079 1.74911093e-051 3.93055415e-053 5.37389363e-090
  1.00000000e+000]
 [1.96445439e-056 1.57857924e-045 3.63049123e-016 4.35947764e-066
  1.37080812e-065 4.22525709e-090 2.94293631e-054 6.83118408e-062
  1.00000000e+000 1.21761662e-037 5.45396313e-043 1.36277079e-033
  2.94988655e-052 1.23817099e-091 3.43314733e-069 9.06276969e-034
  8.91961902e-071 4.07851316e-103 4.41119557e-052 1.21462941e-066
  1.00000000e+000]
 [5.28186325e-040 7.08337789e-042 7.54125378e-042 7.94724906e-070
  7.05161547e-054 2.69507073e-052 2.41902039e-030 8.62214137e-034
  1.21761662e-037 1.00000000e+000 3.36766993e-003 1.35944989e-017
  1.85716166e-044 1.54346789e-054 1.41471985e-065 3.48702635e-024
  4.41888715e-054 3.44682178e-054 2.03786836e-061 8.59659480e-026
  1.00000000e+000]
 [4.50995452e-059 3.01364684e-061 8.68736715e-053 6.29171922e-072
  1.81982888e-061 2.56650264e-067 1.55883717e-038 3.82142579e-039
  5.45396313e-043 3.36766993e-003 1.00000000e+000 4.50343895e-018
  4.42470321e-062 8.68162986e-061 1.15055448e-069 5.31251402e-036
  1.22185696e-068 9.64783343e-068 2.03233331e-064 2.02037787e-032
  1.00000000e+000]
 [9.10750659e-046 6.53025355e-043 5.40708499e-037 3.18057500e-026
  1.83029878e-022 6.91838502e-054 2.96995357e-055 4.01394036e-013
  1.36277079e-033 1.35944989e-017 4.50343895e-018 1.00000000e+000
  2.88541515e-045 2.64859402e-029 1.72607588e-039 4.35626306e-016
  3.91297892e-055 1.08046979e-059 3.07309977e-025 2.81943134e-053
  1.00000000e+000]
 [6.51141104e-003 5.03361715e-007 5.74351674e-056 6.98521696e-082
  4.19471578e-060 3.01363743e-055 1.25087541e-086 3.95002976e-037
  2.94988655e-052 1.85716166e-044 4.42470321e-062 2.88541515e-045
  1.00000000e+000 4.03606570e-087 3.62130875e-083 5.23393142e-021
  1.50554726e-081 4.81988337e-046 1.40064696e-074 4.67418672e-083
  1.00000000e+000]
 [2.54465289e-075 9.27007795e-070 2.91907826e-063 5.96250336e-042
  2.43268789e-023 4.16661285e-055 1.18731821e-070 6.85259765e-028
  1.23817099e-091 1.54346789e-054 8.68162986e-061 2.64859402e-029
  4.03606570e-087 1.00000000e+000 4.95609910e-060 2.00102657e-034
  1.06541461e-038 4.00388425e-069 2.58030832e-045 8.73514495e-073
  1.00000000e+000]
 [2.78508480e-087 1.14494555e-059 1.25160011e-039 5.08459802e-036
  7.36044655e-045 4.54808270e-030 1.31315232e-056 1.78812896e-075
  3.43314733e-069 1.41471985e-065 1.15055448e-069 1.72607588e-039
  3.62130875e-083 4.95609910e-060 1.00000000e+000 8.04001434e-031
  3.54384105e-042 6.37287162e-075 4.89634316e-007 1.50739669e-053
  1.00000000e+000]
 [7.58071172e-019 3.04476695e-010 4.26453170e-019 1.70917901e-037
  1.53450142e-023 5.81129294e-022 8.89685390e-038 2.39451834e-025
  9.06276969e-034 3.48702635e-024 5.31251402e-036 4.35626306e-016
  5.23393142e-021 2.00102657e-034 8.04001434e-031 1.00000000e+000
  8.85486509e-027 4.02082944e-038 1.76245989e-025 1.66786610e-038
  1.00000000e+000]
 [8.53197896e-069 2.41974194e-047 3.15802012e-024 2.63763249e-064
  4.93123619e-044 4.52949314e-021 2.52439380e-018 6.38628358e-079
  8.91961902e-071 4.41888715e-054 1.22185696e-068 3.91297892e-055
  1.50554726e-081 1.06541461e-038 3.54384105e-042 8.85486509e-027
  1.00000000e+000 2.14201905e-076 1.27902248e-047 1.35708402e-025
  1.00000000e+000]
 [1.27218972e-041 5.31512465e-039 7.36547349e-087 2.34283694e-124
  1.71025605e-097 3.31992027e-055 1.38513203e-087 1.74911093e-051
  4.07851316e-103 3.44682178e-054 9.64783343e-068 1.08046979e-059
  4.81988337e-046 4.00388425e-069 6.37287162e-075 4.02082944e-038
  2.14201905e-076 1.00000000e+000 8.94460278e-074 9.31618653e-081
  1.00000000e+000]
 [2.04622558e-079 5.98100439e-056 1.42575395e-033 4.91771040e-024
  1.89432660e-033 8.15139850e-046 3.86600564e-067 3.93055415e-053
  4.41119557e-052 2.03786836e-061 2.03233331e-064 3.07309977e-025
  1.40064696e-074 2.58030832e-045 4.89634316e-007 1.76245989e-025
  1.27902248e-047 8.94460278e-074 1.00000000e+000 4.70597696e-069
  1.00000000e+000]
 [1.48488710e-073 2.39041543e-059 1.46549075e-038 1.18796390e-086
  4.74065620e-070 1.68770238e-028 2.14447446e-004 5.37389363e-090
  1.21462941e-066 8.59659480e-026 2.02037787e-032 2.81943134e-053
  4.67418672e-083 8.73514495e-073 1.50739669e-053 1.66786610e-038
  1.35708402e-025 9.31618653e-081 4.70597696e-069 1.00000000e+000
  1.00000000e+000]
 [1.00000000e+000 1.00000000e+000 1.00000000e+000 1.00000000e+000
  1.00000000e+000 1.00000000e+000 1.00000000e+000 1.00000000e+000
  1.00000000e+000 1.00000000e+000 1.00000000e+000 1.00000000e+000
  1.00000000e+000 1.00000000e+000 1.00000000e+000 1.00000000e+000
  1.00000000e+000 1.00000000e+000 1.00000000e+000 1.00000000e+000
  0.00000000e+000]]
