[[1.00000000e+00 1.44157197e-15 9.13058524e-50 ... 1.87330833e-21
  5.67143539e-63 1.00000000e+00]
 [1.44157197e-15 1.00000000e+00 6.92520850e-52 ... 1.96944666e-16
  3.94018886e-72 1.00000000e+00]
 [9.13058524e-50 6.92520850e-52 1.00000000e+00 ... 5.31794206e-41
  2.57883954e-20 1.00000000e+00]
 ...
 [1.87330833e-21 1.96944666e-16 5.31794206e-41 ... 1.00000000e+00
  9.52591135e-36 1.00000000e+00]
 [5.67143539e-63 3.94018886e-72 2.57883954e-20 ... 9.52591135e-36
  1.00000000e+00 1.00000000e+00]
 [1.00000000e+00 1.00000000e+00 1.00000000e+00 ... 1.00000000e+00
  1.00000000e+00 0.00000000e+00]]
