[[1.00000000e+000 1.17323681e-060 1.93169834e-048 1.17961701e-017
  1.06904040e-036 2.73490146e-050 1.97423197e-051 6.96772747e-088
  5.55962742e-072 1.47625846e-055 1.38070531e-067 1.04649845e-040
  3.18063600e-017 3.98230101e-122 2.87887590e-085 7.57916751e-039
  3.13609906e-081 1.59980055e-060 2.43179744e-069 7.51983155e-051
  1.00000000e+000]
 [1.17323681e-060 1.00000000e+000 2.44074356e-042 2.97710239e-070
  9.24471624e-056 2.82170522e-072 3.19264314e-069 7.62119209e-066
  1.12807106e-090 4.22232330e-097 6.81712528e-096 2.51752655e-069
  6.14047373e-057 5.50082330e-038 3.04721926e-072 1.76127124e-058
  1.01213686e-081 1.58044924e-079 8.77608729e-054 9.83940459e-055
  1.00000000e+000]
 [1.93169834e-048 2.44074356e-042 1.00000000e+000 1.11136949e-027
  1.33567179e-035 1.64527469e-014 1.38398618e-041 3.74556504e-026
  8.97427994e-024 8.64460830e-033 4.29710877e-038 2.47367921e-042
  3.82668719e-018 9.66234351e-055 2.58961310e-034 6.53259587e-048
  1.50922076e-019 1.62865518e-021 1.12191804e-032 2.71512898e-011
  1.00000000e+000]
 [1.17961701e-017 2.97710239e-070 1.11136949e-027 1.00000000e+000
  2.38504390e-046 7.01958194e-035 9.58287879e-050 3.73498406e-058
  6.77926496e-044 2.94987599e-043 1.49195613e-054 6.01467460e-051
  1.15155447e-014 1.60716163e-107 8.51728938e-075 4.90520300e-053
  3.20995856e-040 6.79956761e-043 8.42178101e-063 7.18499773e-018
  1.00000000e+000]
 [1.06904040e-036 9.24471624e-056 1.33567179e-035 2.38504390e-046
  1.00000000e+000 1.80524670e-038 9.63574428e-046 5.39698333e-050
  1.67624953e-065 2.89299189e-051 3.81495048e-077 1.67612969e-034
  3.05052715e-022 9.01788562e-098 4.54208906e-069 3.85016465e-051
  3.88077823e-061 6.03413534e-049 5.77597004e-035 1.92079949e-046
  1.00000000e+000]
 [2.73490146e-050 2.82170522e-072 1.64527469e-014 7.01958194e-035
  1.80524670e-038 1.00000000e+000 1.68546822e-039 2.90811650e-025
  1.10726438e-005 6.55715159e-012 1.73223827e-015 2.98176721e-016
  2.95093866e-029 3.39394909e-061 1.98653533e-014 7.25553776e-030
  3.20401566e-015 3.98412635e-002 3.75763683e-018 1.67445273e-019
  1.00000000e+000]
 [1.97423197e-051 3.19264314e-069 1.38398618e-041 9.58287879e-050
  9.63574428e-046 1.68546822e-039 1.00000000e+000 1.11697478e-027
  4.03832158e-046 1.61948081e-018 1.64481214e-029 3.99054459e-032
  1.17867294e-028 1.46929111e-072 9.96733556e-073 3.26588330e-019
  1.04345738e-045 1.07782401e-042 4.65752964e-060 1.54298765e-052
  1.00000000e+000]
 [6.96772747e-088 7.62119209e-066 3.74556504e-026 3.73498406e-058
  5.39698333e-050 2.90811650e-025 1.11697478e-027 1.00000000e+000
  4.14764485e-023 1.18892085e-026 1.47721545e-034 3.61558976e-039
  9.31709314e-050 5.60562908e-036 2.24707453e-041 2.15155531e-043
  2.07776788e-010 5.07782092e-024 2.02371799e-027 2.69933124e-024
  1.00000000e+000]
 [5.55962742e-072 1.12807106e-090 8.97427994e-024 6.77926496e-044
  1.67624953e-065 1.10726438e-005 4.03832158e-046 4.14764485e-023
  1.00000000e+000 4.35094452e-013 6.00316272e-011 4.83234876e-026
  1.06600844e-047 1.42711756e-057 5.41751004e-016 7.42392319e-037
  3.70527987e-009 5.31109328e-003 2.06007783e-026 2.48337068e-021
  1.00000000e+000]
 [1.47625846e-055 4.22232330e-097 8.64460830e-033 2.94987599e-043
  2.89299189e-051 6.55715159e-012 1.61948081e-018 1.18892085e-026
  4.35094452e-013 1.00000000e+000 1.02443242e-006 3.65033983e-017
  1.51205550e-032 5.33592136e-079 3.86374026e-037 2.18639002e-020
  7.86455029e-025 7.91529776e-012 8.76836096e-041 5.07805952e-039
  1.00000000e+000]
 [1.38070531e-067 6.81712528e-096 4.29710877e-038 1.49195613e-054
  3.81495048e-077 1.73223827e-015 1.64481214e-029 1.47721545e-034
  6.00316272e-011 1.02443242e-006 1.00000000e+000 1.10336606e-021
  4.62444906e-049 6.66151453e-065 1.45905967e-027 4.60276020e-019
  5.55652404e-029 2.68948289e-012 6.61619195e-045 6.27758288e-045
  1.00000000e+000]
 [1.04649845e-040 2.51752655e-069 2.47367921e-042 6.01467460e-051
  1.67612969e-034 2.98176721e-016 3.99054459e-032 3.61558976e-039
  4.83234876e-026 3.65033983e-017 1.10336606e-021 1.00000000e+000
  1.04262970e-040 1.74567063e-063 7.75759275e-025 3.70005648e-009
  4.16322785e-043 2.13277058e-015 2.23337044e-018 1.20718748e-046
  1.00000000e+000]
 [3.18063600e-017 6.14047373e-057 3.82668719e-018 1.15155447e-014
  3.05052715e-022 2.95093866e-029 1.17867294e-028 9.31709314e-050
  1.06600844e-047 1.51205550e-032 4.62444906e-049 1.04262970e-040
  1.00000000e+000 2.33031675e-102 8.60237029e-071 1.83940405e-041
  4.25700682e-047 7.47352577e-041 9.56449436e-058 5.82429090e-030
  1.00000000e+000]
 [3.98230101e-122 5.50082330e-038 9.66234351e-055 1.60716163e-107
  9.01788562e-098 3.39394909e-061 1.46929111e-072 5.60562908e-036
  1.42711756e-057 5.33592136e-079 6.66151453e-065 1.74567063e-063
  2.33031675e-102 1.00000000e+000 8.03492051e-040 4.17579535e-056
  1.47043771e-051 1.10332990e-055 2.02642074e-037 3.19370628e-057
  1.00000000e+000]
 [2.87887590e-085 3.04721926e-072 2.58961310e-034 8.51728938e-075
  4.54208906e-069 1.98653533e-014 9.96733556e-073 2.24707453e-041
  5.41751004e-016 3.86374026e-037 1.45905967e-027 7.75759275e-025
  8.60237029e-071 8.03492051e-040 1.00000000e+000 8.39193376e-040
  1.06809336e-032 9.27824534e-011 5.13026479e-014 1.38933311e-040
  1.00000000e+000]
 [7.57916751e-039 1.76127124e-058 6.53259587e-048 4.90520300e-053
  3.85016465e-051 7.25553776e-030 3.26588330e-019 2.15155531e-043
  7.42392319e-037 2.18639002e-020 4.60276020e-019 3.70005648e-009
  1.83940405e-041 4.17579535e-056 8.39193376e-040 1.00000000e+000
  1.32528153e-053 6.74313978e-029 6.81410085e-038 8.72656766e-056
  1.00000000e+000]
 [3.13609906e-081 1.01213686e-081 1.50922076e-019 3.20995856e-040
  3.88077823e-061 3.20401566e-015 1.04345738e-045 2.07776788e-010
  3.70527987e-009 7.86455029e-025 5.55652404e-029 4.16322785e-043
  4.25700682e-047 1.47043771e-051 1.06809336e-032 1.32528153e-053
  1.00000000e+000 6.11186105e-014 1.71469725e-029 2.53552338e-010
  1.00000000e+000]
 [1.59980055e-060 1.58044924e-079 1.62865518e-021 6.79956761e-043
  6.03413534e-049 3.98412635e-002 1.07782401e-042 5.07782092e-024
  5.31109328e-003 7.91529776e-012 2.68948289e-012 2.13277058e-015
  7.47352577e-041 1.10332990e-055 9.27824534e-011 6.74313978e-029
  6.11186105e-014 1.00000000e+000 1.08523621e-016 6.37731899e-023
  1.00000000e+000]
 [2.43179744e-069 8.77608729e-054 1.12191804e-032 8.42178101e-063
  5.77597004e-035 3.75763683e-018 4.65752964e-060 2.02371799e-027
  2.06007783e-026 8.76836096e-041 6.61619195e-045 2.23337044e-018
  9.56449436e-058 2.02642074e-037 5.13026479e-014 6.81410085e-038
  1.71469725e-029 1.08523621e-016 1.00000000e+000 5.26846044e-031
  1.00000000e+000]
 [7.51983155e-051 9.83940459e-055 2.71512898e-011 7.18499773e-018
  1.92079949e-046 1.67445273e-019 1.54298765e-052 2.69933124e-024
  2.48337068e-021 5.07805952e-039 6.27758288e-045 1.20718748e-046
  5.82429090e-030 3.19370628e-057 1.38933311e-040 8.72656766e-056
  2.53552338e-010 6.37731899e-023 5.26846044e-031 1.00000000e+000
  1.00000000e+000]
 [1.00000000e+000 1.00000000e+000 1.00000000e+000 1.00000000e+000
  1.00000000e+000 1.00000000e+000 1.00000000e+000 1.00000000e+000
  1.00000000e+000 1.00000000e+000 1.00000000e+000 1.00000000e+000
  1.00000000e+000 1.00000000e+000 1.00000000e+000 1.00000000e+000
  1.00000000e+000 1.00000000e+000 1.00000000e+000 1.00000000e+000
  0.00000000e+000]]
