[[1.00000000e+00 3.59516121e-65 3.09250606e-20 7.15407503e-66
  1.51875485e-41 5.42370041e-11 4.99368816e-44 2.50299131e-62
  7.64903453e-45 2.50645205e-25 5.46096124e-54 1.55556563e-42
  8.58023252e-42 1.59711977e-42 3.09414265e-38 6.32478446e-55
  2.32957870e-47 1.22078300e-50 2.03138136e-26 1.22978334e-36
  1.00000000e+00]
 [3.59516121e-65 1.00000000e+00 1.30582871e-50 5.43593291e-73
  6.00351547e-32 2.51648762e-66 2.65623310e-72 3.07897228e-64
  1.35595755e-48 7.03424210e-33 2.61755249e-48 1.14931771e-17
  1.62099681e-62 1.78117504e-57 1.65281387e-48 8.09465146e-45
  2.52120287e-50 2.47159585e-70 6.41415149e-90 8.83908122e-38
  1.00000000e+00]
 [3.09250606e-20 1.30582871e-50 1.00000000e+00 1.01205630e-55
  3.48625475e-40 2.74238176e-34 8.20654806e-26 4.82481205e-61
  5.22978034e-24 3.87066818e-21 4.17295328e-50 1.26118756e-55
  6.64402910e-67 3.14300637e-42 1.10784018e-40 2.50375703e-51
  1.99666392e-29 1.35867930e-31 3.12641639e-11 1.50001297e-54
  1.00000000e+00]
 [7.15407503e-66 5.43593291e-73 1.01205630e-55 1.00000000e+00
  5.07999720e-70 4.86250745e-64 6.32936641e-26 5.51451942e-27
  2.23201345e-53 1.70580859e-34 8.55226807e-09 4.01196398e-55
  6.72623362e-42 3.18652808e-92 5.03349198e-40 9.62838181e-39
  9.27576744e-30 2.86113404e-28 5.74106272e-46 3.17609167e-57
  1.00000000e+00]
 [1.51875485e-41 6.00351547e-32 3.48625475e-40 5.07999720e-70
  1.00000000e+00 1.41847330e-53 3.22263095e-65 8.59815162e-25
  1.45751637e-50 4.59127479e-46 3.65403488e-53 1.48236855e-26
  1.35602192e-78 7.85654331e-15 9.07444506e-37 2.63161450e-51
  7.65788658e-79 1.52691845e-35 4.10533300e-53 2.55113259e-31
  1.00000000e+00]
 [5.42370041e-11 2.51648762e-66 2.74238176e-34 4.86250745e-64
  1.41847330e-53 1.00000000e+00 1.27220583e-40 5.00259919e-69
  8.20733521e-77 1.11501927e-15 4.92834153e-52 2.29344922e-40
  2.01159709e-43 1.26995469e-75 6.65679299e-58 4.56871926e-80
  8.10415498e-58 1.24332528e-53 8.52631198e-43 1.83011879e-34
  1.00000000e+00]
 [4.99368816e-44 2.65623310e-72 8.20654806e-26 6.32936641e-26
  3.22263095e-65 1.27220583e-40 1.00000000e+00 1.76502809e-51
  1.50008130e-46 6.64798392e-19 2.97325069e-41 1.04311285e-55
  9.68794494e-50 2.14728234e-78 1.03236916e-36 2.22440812e-72
  3.74645394e-29 2.82952466e-33 8.69284403e-21 1.10316694e-43
  1.00000000e+00]
 [2.50299131e-62 3.07897228e-64 4.82481205e-61 5.51451942e-27
  8.59815162e-25 5.00259919e-69 1.76502809e-51 1.00000000e+00
  8.97303262e-62 7.02839632e-54 1.16088450e-25 2.60294422e-43
  2.39675773e-69 3.93674958e-45 8.35577648e-37 2.15060572e-44
  1.62459121e-72 1.50136979e-18 8.69561404e-51 1.05824814e-44
  1.00000000e+00]
 [7.64903453e-45 1.35595755e-48 5.22978034e-24 2.23201345e-53
  1.45751637e-50 8.20733521e-77 1.50008130e-46 8.97303262e-62
  1.00000000e+00 5.54050102e-47 8.07550829e-51 3.70128228e-52
  4.88961570e-51 8.53485581e-34 3.19480100e-18 8.88172688e-21
  1.59795295e-19 1.39283968e-59 4.70118636e-36 2.42947774e-56
  1.00000000e+00]
 [2.50645205e-25 7.03424210e-33 3.87066818e-21 1.70580859e-34
  4.59127479e-46 1.11501927e-15 6.64798392e-19 7.02839632e-54
  5.54050102e-47 1.00000000e+00 6.77875285e-27 1.19280081e-26
  5.97962863e-34 1.02626024e-71 2.12423797e-40 6.48952425e-53
  7.64356270e-24 1.26104518e-37 8.40159938e-37 4.52902722e-29
  1.00000000e+00]
 [5.46096124e-54 2.61755249e-48 4.17295328e-50 8.55226807e-09
  3.65403488e-53 4.92834153e-52 2.97325069e-41 1.16088450e-25
  8.07550829e-51 6.77875285e-27 1.00000000e+00 2.07050014e-40
  1.21000158e-39 2.28556174e-81 1.19490206e-43 1.13504690e-23
  2.95645852e-29 9.21378755e-27 5.01076296e-53 6.88145896e-53
  1.00000000e+00]
 [1.55556563e-42 1.14931771e-17 1.26118756e-55 4.01196398e-55
  1.48236855e-26 2.29344922e-40 1.04311285e-55 2.60294422e-43
  3.70128228e-52 1.19280081e-26 2.07050014e-40 1.00000000e+00
  4.32059900e-27 1.38508824e-46 4.04144898e-24 2.33772869e-44
  1.49707471e-51 8.93896106e-67 3.68697052e-78 1.07900020e-06
  1.00000000e+00]
 [8.58023252e-42 1.62099681e-62 6.64402910e-67 6.72623362e-42
  1.35602192e-78 2.01159709e-43 9.68794494e-50 2.39675773e-69
  4.88961570e-51 5.97962863e-34 1.21000158e-39 4.32059900e-27
  1.00000000e+00 6.16962173e-84 2.27058215e-24 6.70565870e-42
  1.40095976e-30 8.26302640e-90 1.67984177e-75 1.47305138e-25
  1.00000000e+00]
 [1.59711977e-42 1.78117504e-57 3.14300637e-42 3.18652808e-92
  7.85654331e-15 1.26995469e-75 2.14728234e-78 3.93674958e-45
  8.53485581e-34 1.02626024e-71 2.28556174e-81 1.38508824e-46
  6.16962173e-84 1.00000000e+00 6.89895702e-28 7.40240751e-51
  4.27692015e-82 3.39221828e-60 3.74036411e-50 1.87861648e-44
  1.00000000e+00]
 [3.09414265e-38 1.65281387e-48 1.10784018e-40 5.03349198e-40
  9.07444506e-37 6.65679299e-58 1.03236916e-36 8.35577648e-37
  3.19480100e-18 2.12423797e-40 1.19490206e-43 4.04144898e-24
  2.27058215e-24 6.89895702e-28 1.00000000e+00 2.25894062e-29
  5.81056055e-33 4.10139617e-58 9.38819867e-44 8.44315538e-19
  1.00000000e+00]
 [6.32478446e-55 8.09465146e-45 2.50375703e-51 9.62838181e-39
  2.63161450e-51 4.56871926e-80 2.22440812e-72 2.15060572e-44
  8.88172688e-21 6.48952425e-53 1.13504690e-23 2.33772869e-44
  6.70565870e-42 7.40240751e-51 2.25894062e-29 1.00000000e+00
  5.26646508e-28 2.49037011e-57 2.05096948e-63 2.08040762e-61
  1.00000000e+00]
 [2.32957870e-47 2.52120287e-50 1.99666392e-29 9.27576744e-30
  7.65788658e-79 8.10415498e-58 3.74645394e-29 1.62459121e-72
  1.59795295e-19 7.64356270e-24 2.95645852e-29 1.49707471e-51
  1.40095976e-30 4.27692015e-82 5.81056055e-33 5.26646508e-28
  1.00000000e+00 2.58243338e-59 1.35361308e-42 4.08526943e-58
  1.00000000e+00]
 [1.22078300e-50 2.47159585e-70 1.35867930e-31 2.86113404e-28
  1.52691845e-35 1.24332528e-53 2.82952466e-33 1.50136979e-18
  1.39283968e-59 1.26104518e-37 9.21378755e-27 8.93896106e-67
  8.26302640e-90 3.39221828e-60 4.10139617e-58 2.49037011e-57
  2.58243338e-59 1.00000000e+00 4.73072273e-23 2.80357915e-68
  1.00000000e+00]
 [2.03138136e-26 6.41415149e-90 3.12641639e-11 5.74106272e-46
  4.10533300e-53 8.52631198e-43 8.69284403e-21 8.69561404e-51
  4.70118636e-36 8.40159938e-37 5.01076296e-53 3.68697052e-78
  1.67984177e-75 3.74036411e-50 9.38819867e-44 2.05096948e-63
  1.35361308e-42 4.73072273e-23 1.00000000e+00 6.61973068e-67
  1.00000000e+00]
 [1.22978334e-36 8.83908122e-38 1.50001297e-54 3.17609167e-57
  2.55113259e-31 1.83011879e-34 1.10316694e-43 1.05824814e-44
  2.42947774e-56 4.52902722e-29 6.88145896e-53 1.07900020e-06
  1.47305138e-25 1.87861648e-44 8.44315538e-19 2.08040762e-61
  4.08526943e-58 2.80357915e-68 6.61973068e-67 1.00000000e+00
  1.00000000e+00]
 [1.00000000e+00 1.00000000e+00 1.00000000e+00 1.00000000e+00
  1.00000000e+00 1.00000000e+00 1.00000000e+00 1.00000000e+00
  1.00000000e+00 1.00000000e+00 1.00000000e+00 1.00000000e+00
  1.00000000e+00 1.00000000e+00 1.00000000e+00 1.00000000e+00
  1.00000000e+00 1.00000000e+00 1.00000000e+00 1.00000000e+00
  0.00000000e+00]]
