[[1.00000000e+00 1.45577836e-09 1.96306083e-29 1.35253387e-17
  7.06871046e-33 2.72366437e-12 9.00323332e-14 3.55344981e-37
  2.93653350e-12 6.00306164e-27 1.01755210e-23 1.76032176e-21
  1.83352724e-17 9.25519157e-66 6.38335973e-34 1.23957294e-12
  3.66944745e-19 2.09768341e-37 4.93242107e-36 1.38099290e-18
  1.00000000e+00]
 [1.45577836e-09 1.00000000e+00 9.96286633e-28 3.33496391e-19
  1.17789004e-55 3.12408506e-23 2.18082065e-29 2.68952209e-67
  8.11578419e-22 4.81812669e-44 8.65975208e-36 5.00444459e-52
  1.22130487e-16 7.51837790e-95 5.56646063e-73 6.79860988e-21
  1.99042209e-38 2.37117095e-45 1.21418867e-40 1.13754209e-15
  1.00000000e+00]
 [1.96306083e-29 9.96286633e-28 1.00000000e+00 4.62359778e-52
  2.00145063e-82 4.05977323e-38 1.06694652e-22 3.16279484e-52
  3.03894657e-43 1.63375183e-37 3.21404676e-39 1.32727594e-50
  4.12846684e-08 1.92646908e-50 1.59957527e-60 9.78157004e-36
  1.18682658e-57 5.95197988e-14 3.13390597e-17 4.43657157e-09
  1.00000000e+00]
 [1.35253387e-17 3.33496391e-19 4.62359778e-52 1.00000000e+00
  5.65013160e-66 1.52608375e-23 3.27614382e-40 3.25535508e-61
  3.37707915e-44 2.11101878e-77 1.74469288e-72 3.40669614e-33
  9.41945382e-37 6.64430856e-97 6.99699221e-78 3.21266503e-55
  4.33738708e-53 3.71174065e-74 4.39398782e-59 3.27556528e-32
  1.00000000e+00]
 [7.06871046e-33 1.17789004e-55 2.00145063e-82 5.65013160e-66
  1.00000000e+00 7.92647768e-69 2.42576485e-44 8.43587632e-86
  7.69479693e-46 1.13402720e-70 5.63120976e-46 5.48707143e-55
  3.60473221e-81 5.93018246e-95 2.17290538e-32 1.06657405e-38
  6.95609207e-08 3.10221334e-94 2.09402916e-79 8.12165699e-64
  1.00000000e+00]
 [2.72366437e-12 3.12408506e-23 4.05977323e-38 1.52608375e-23
  7.92647768e-69 1.00000000e+00 1.64667191e-28 3.22383265e-19
  6.55165453e-12 1.15826085e-32 2.06813310e-49 6.89832676e-20
  3.10562388e-18 1.11912264e-50 6.66286459e-46 1.09660363e-24
  2.72050128e-46 9.41029363e-29 4.24358704e-60 1.20343040e-22
  1.00000000e+00]
 [9.00323332e-14 2.18082065e-29 1.06694652e-22 3.27614382e-40
  2.42576485e-44 1.64667191e-28 1.00000000e+00 3.17719778e-44
  1.62747947e-32 6.19835119e-28 1.54365807e-14 4.86242717e-25
  4.43173561e-16 1.24572919e-61 1.28827622e-24 1.71050448e-23
  2.66947326e-36 1.26407558e-32 8.73719700e-33 7.07247924e-23
  1.00000000e+00]
 [3.55344981e-37 2.68952209e-67 3.16279484e-52 3.25535508e-61
  8.43587632e-86 3.22383265e-19 3.17719778e-44 1.00000000e+00
  8.43403536e-33 5.96187819e-34 7.50731277e-71 1.75996915e-13
  6.07931084e-42 4.34213527e-21 3.31373793e-30 9.55519028e-47
  3.60166002e-56 7.07089883e-29 1.85538953e-64 3.99773319e-48
  1.00000000e+00]
 [2.93653350e-12 8.11578419e-22 3.03894657e-43 3.37707915e-44
  7.69479693e-46 6.55165453e-12 1.62747947e-32 8.43403536e-33
  1.00000000e+00 4.12468312e-22 5.18797310e-33 2.17021462e-37
  1.99768782e-26 5.00409549e-58 1.87292170e-39 2.52878157e-06
  1.74403650e-26 9.04279460e-30 2.27990198e-64 7.19662319e-27
  1.00000000e+00]
 [6.00306164e-27 4.81812669e-44 1.63375183e-37 2.11101878e-77
  1.13402720e-70 1.15826085e-32 6.19835119e-28 5.96187819e-34
  4.12468312e-22 1.00000000e+00 2.74556714e-17 1.52707435e-41
  4.56304475e-27 6.81888957e-65 1.08027253e-33 1.43172485e-13
  3.16050810e-42 3.21388570e-25 2.54985743e-39 1.58801405e-46
  1.00000000e+00]
 [1.01755210e-23 8.65975208e-36 3.21404676e-39 1.74469288e-72
  5.63120976e-46 2.06813310e-49 1.54365807e-14 7.50731277e-71
  5.18797310e-33 2.74556714e-17 1.00000000e+00 1.14646150e-55
  2.18688964e-30 3.09992478e-97 2.70752849e-36 1.01356260e-13
  8.65276702e-36 4.11372578e-46 1.24705319e-41 1.39008401e-44
  1.00000000e+00]
 [1.76032176e-21 5.00444459e-52 1.32727594e-50 3.40669614e-33
  5.48707143e-55 6.89832676e-20 4.86242717e-25 1.75996915e-13
  2.17021462e-37 1.52707435e-41 1.14646150e-55 1.00000000e+00
  3.64105520e-40 8.33765492e-41 1.31136768e-20 6.32611055e-46
  1.17239395e-38 1.16934700e-47 1.42118412e-50 4.31717551e-44
  1.00000000e+00]
 [1.83352724e-17 1.22130487e-16 4.12846684e-08 9.41945382e-37
  3.60473221e-81 3.10562388e-18 4.43173561e-16 6.07931084e-42
  1.99768782e-26 4.56304475e-27 2.18688964e-30 3.64105520e-40
  1.00000000e+00 3.30980443e-59 3.27654998e-57 6.49372418e-24
  3.06857679e-57 4.13668040e-14 1.35587745e-29 6.18925382e-09
  1.00000000e+00]
 [9.25519157e-66 7.51837790e-95 1.92646908e-50 6.64430856e-97
  5.93018246e-95 1.11912264e-50 1.24572919e-61 4.34213527e-21
  5.00409549e-58 6.81888957e-65 3.09992478e-97 8.33765492e-41
  3.30980443e-59 1.00000000e+00 1.74833206e-40 1.09868493e-69
  9.86600105e-70 2.43738703e-27 3.03136730e-77 1.57310256e-47
  1.00000000e+00]
 [6.38335973e-34 5.56646063e-73 1.59957527e-60 6.99699221e-78
  2.17290538e-32 6.66286459e-46 1.28827622e-24 3.31373793e-30
  1.87292170e-39 1.08027253e-33 2.70752849e-36 1.31136768e-20
  3.27654998e-57 1.74833206e-40 1.00000000e+00 1.87909297e-35
  1.98647100e-25 1.38201015e-49 2.65511151e-62 4.70243200e-58
  1.00000000e+00]
 [1.23957294e-12 6.79860988e-21 9.78157004e-36 3.21266503e-55
  1.06657405e-38 1.09660363e-24 1.71050448e-23 9.55519028e-47
  2.52878157e-06 1.43172485e-13 1.01356260e-13 6.32611055e-46
  6.49372418e-24 1.09868493e-69 1.87909297e-35 1.00000000e+00
  5.01471679e-22 6.52542800e-30 1.20631293e-49 3.02216824e-28
  1.00000000e+00]
 [3.66944745e-19 1.99042209e-38 1.18682658e-57 4.33738708e-53
  6.95609207e-08 2.72050128e-46 2.66947326e-36 3.60166002e-56
  1.74403650e-26 3.16050810e-42 8.65276702e-36 1.17239395e-38
  3.06857679e-57 9.86600105e-70 1.98647100e-25 5.01471679e-22
  1.00000000e+00 9.01519402e-64 1.46930497e-51 3.92487541e-46
  1.00000000e+00]
 [2.09768341e-37 2.37117095e-45 5.95197988e-14 3.71174065e-74
  3.10221334e-94 9.41029363e-29 1.26407558e-32 7.07089883e-29
  9.04279460e-30 3.21388570e-25 4.11372578e-46 1.16934700e-47
  4.13668040e-14 2.43738703e-27 1.38201015e-49 6.52542800e-30
  9.01519402e-64 1.00000000e+00 4.67519012e-43 2.44116432e-18
  1.00000000e+00]
 [4.93242107e-36 1.21418867e-40 3.13390597e-17 4.39398782e-59
  2.09402916e-79 4.24358704e-60 8.73719700e-33 1.85538953e-64
  2.27990198e-64 2.54985743e-39 1.24705319e-41 1.42118412e-50
  1.35587745e-29 3.03136730e-77 2.65511151e-62 1.20631293e-49
  1.46930497e-51 4.67519012e-43 1.00000000e+00 3.34085445e-37
  1.00000000e+00]
 [1.38099290e-18 1.13754209e-15 4.43657157e-09 3.27556528e-32
  8.12165699e-64 1.20343040e-22 7.07247924e-23 3.99773319e-48
  7.19662319e-27 1.58801405e-46 1.39008401e-44 4.31717551e-44
  6.18925382e-09 1.57310256e-47 4.70243200e-58 3.02216824e-28
  3.92487541e-46 2.44116432e-18 3.34085445e-37 1.00000000e+00
  1.00000000e+00]
 [1.00000000e+00 1.00000000e+00 1.00000000e+00 1.00000000e+00
  1.00000000e+00 1.00000000e+00 1.00000000e+00 1.00000000e+00
  1.00000000e+00 1.00000000e+00 1.00000000e+00 1.00000000e+00
  1.00000000e+00 1.00000000e+00 1.00000000e+00 1.00000000e+00
  1.00000000e+00 1.00000000e+00 1.00000000e+00 1.00000000e+00
  0.00000000e+00]]
