[[1.00000000e+000 6.23048276e-081 1.11058736e-085 1.60935734e-045
  6.20046197e-044 2.98589351e-085 3.62966536e-040 4.19610683e-056
  7.51974937e-053 5.59122814e-060 1.60667092e-110 1.93250022e-074
  2.55825073e-032 4.90531787e-080 2.40809896e-055 9.62890935e-054
  2.13223632e-035 8.36302743e-055 1.57948303e-016 1.49675826e-041
  1.00000000e+000]
 [6.23048276e-081 1.00000000e+000 6.28278374e-043 8.06303457e-057
  2.61940756e-020 1.49856063e-024 3.74203000e-026 4.78304925e-038
  1.07281755e-035 2.08482779e-036 3.58656545e-015 2.10822532e-052
  2.06672391e-066 5.65999636e-019 8.75428191e-035 1.37971846e-033
  4.73617848e-054 1.04587297e-041 4.12680996e-053 2.26444187e-029
  1.00000000e+000]
 [1.11058736e-085 6.28278374e-043 1.00000000e+000 1.33694139e-047
  1.40240081e-046 2.74695775e-019 1.15829987e-080 1.74776699e-034
  3.08467241e-013 3.47823026e-013 3.42998966e-033 1.98531766e-017
  7.91376659e-031 2.96261729e-027 1.08814592e-062 4.38518775e-060
  6.53099283e-044 2.15152975e-025 5.08037163e-061 8.90435425e-024
  1.00000000e+000]
 [1.60935734e-045 8.06303457e-057 1.33694139e-047 1.00000000e+000
  1.34246135e-063 1.38774272e-064 1.10379615e-047 5.71515617e-068
  9.90699171e-028 9.76437618e-041 2.73767242e-045 1.28768554e-038
  5.02253584e-040 2.27537835e-079 2.02152416e-080 2.73522197e-049
  2.03725238e-004 1.10734155e-071 1.67205588e-013 1.93691280e-038
  1.00000000e+000]
 [6.20046197e-044 2.61940756e-020 1.40240081e-046 1.34246135e-063
  1.00000000e+000 5.27609958e-024 9.67974557e-030 7.71836937e-023
  3.56767964e-026 7.29405066e-036 3.66052449e-049 2.56037345e-056
  2.34297790e-032 6.55878367e-021 4.68634684e-025 8.77500865e-034
  1.07337568e-049 1.63307016e-017 4.53130592e-049 5.33423286e-023
  1.00000000e+000]
 [2.98589351e-085 1.49856063e-024 2.74695775e-019 1.38774272e-064
  5.27609958e-024 1.00000000e+000 3.11391517e-054 3.31302370e-010
  1.50927672e-013 1.72373609e-030 1.62060073e-024 7.67570753e-022
  3.83384492e-032 3.20539546e-009 4.29157345e-025 1.42746863e-026
  6.23647107e-059 1.07781967e-025 5.51490849e-072 9.25151689e-032
  1.00000000e+000]
 [3.62966536e-040 3.74203000e-026 1.15829987e-080 1.10379615e-047
  9.67974557e-030 3.11391517e-054 1.00000000e+000 8.03393602e-044
  2.57773191e-049 1.34104481e-050 4.45334850e-054 4.85313846e-074
  1.54058013e-064 5.83781286e-043 5.18139029e-025 8.32815503e-018
  2.62945192e-050 5.25280320e-071 2.77500838e-027 3.39823565e-032
  1.00000000e+000]
 [4.19610683e-056 4.78304925e-038 1.74776699e-034 5.71515617e-068
  7.71836937e-023 3.31302370e-010 8.03393602e-044 1.00000000e+000
  1.89997610e-020 7.59087279e-039 4.85523026e-048 3.67259508e-024
  3.91690084e-023 8.08580734e-013 6.97682480e-009 2.59435988e-016
  1.30946282e-060 1.60675146e-025 3.18973964e-059 1.11295529e-033
  1.00000000e+000]
 [7.51974937e-053 1.07281755e-035 3.08467241e-013 9.90699171e-028
  3.56767964e-026 1.50927672e-013 2.57773191e-049 1.89997610e-020
  1.00000000e+000 3.35660800e-017 1.28053935e-031 8.65982317e-017
  2.35933853e-011 6.61392699e-028 8.13811702e-041 3.20596888e-030
  2.67892282e-023 1.51045346e-025 1.65780254e-039 1.59112683e-018
  1.00000000e+000]
 [5.59122814e-060 2.08482779e-036 3.47823026e-013 9.76437618e-041
  7.29405066e-036 1.72373609e-030 1.34104481e-050 7.59087279e-039
  3.35660800e-017 1.00000000e+000 4.22031800e-046 7.22214573e-040
  1.97935415e-034 1.89092989e-025 3.07746073e-053 5.55088700e-052
  4.22662121e-041 1.19504133e-032 5.41981277e-040 5.01349857e-004
  1.00000000e+000]
 [1.60667092e-110 3.58656545e-015 3.42998966e-033 2.73767242e-045
  3.66052449e-049 1.62060073e-024 4.45334850e-054 4.85523026e-048
  1.28053935e-031 4.22031800e-046 1.00000000e+000 1.79375025e-031
  1.95272688e-069 1.31944014e-035 6.38166852e-058 2.15621468e-041
  2.68140838e-047 1.42192848e-058 1.02047264e-064 5.72185184e-049
  1.00000000e+000]
 [1.93250022e-074 2.10822532e-052 1.98531766e-017 1.28768554e-038
  2.56037345e-056 7.67570753e-022 4.85313846e-074 3.67259508e-024
  8.65982317e-017 7.22214573e-040 1.79375025e-031 1.00000000e+000
  1.41113259e-025 9.41277864e-039 1.36557109e-048 4.79493182e-038
  8.23649589e-036 5.35068167e-038 2.19076731e-052 2.10066164e-046
  1.00000000e+000]
 [2.55825073e-032 2.06672391e-066 7.91376659e-031 5.02253584e-040
  2.34297790e-032 3.83384492e-032 1.54058013e-064 3.91690084e-023
  2.35933853e-011 1.97935415e-034 1.95272688e-069 1.41113259e-025
  1.00000000e+000 6.82598277e-047 1.97472030e-046 2.02005777e-042
  2.70322996e-028 4.05765557e-023 1.32471438e-040 1.92428292e-031
  1.00000000e+000]
 [4.90531787e-080 5.65999636e-019 2.96261729e-027 2.27537835e-079
  6.55878367e-021 3.20539546e-009 5.83781286e-043 8.08580734e-013
  6.61392699e-028 1.89092989e-025 1.31944014e-035 9.41277864e-039
  6.82598277e-047 1.00000000e+000 3.28383626e-017 3.53027188e-030
  8.13013672e-075 6.71966007e-026 1.48922532e-069 3.20936858e-023
  1.00000000e+000]
 [2.40809896e-055 8.75428191e-035 1.08814592e-062 2.02152416e-080
  4.68634684e-025 4.29157345e-025 5.18139029e-025 6.97682480e-009
  8.13811702e-041 3.07746073e-053 6.38166852e-058 1.36557109e-048
  1.97472030e-046 3.28383626e-017 1.00000000e+000 3.81050940e-010
  1.65246429e-076 6.05941080e-046 5.47799855e-059 2.54048242e-040
  1.00000000e+000]
 [9.62890935e-054 1.37971846e-033 4.38518775e-060 2.73522197e-049
  8.77500865e-034 1.42746863e-026 8.32815503e-018 2.59435988e-016
  3.20596888e-030 5.55088700e-052 2.15621468e-041 4.79493182e-038
  2.02005777e-042 3.53027188e-030 3.81050940e-010 1.00000000e+000
  9.07720796e-052 8.28219533e-062 3.04950036e-043 5.21808276e-041
  1.00000000e+000]
 [2.13223632e-035 4.73617848e-054 6.53099283e-044 2.03725238e-004
  1.07337568e-049 6.23647107e-059 2.62945192e-050 1.30946282e-060
  2.67892282e-023 4.22662121e-041 2.68140838e-047 8.23649589e-036
  2.70322996e-028 8.13013672e-075 1.65246429e-076 9.07720796e-052
  1.00000000e+000 1.82490040e-052 1.06507274e-013 6.27204917e-037
  1.00000000e+000]
 [8.36302743e-055 1.04587297e-041 2.15152975e-025 1.10734155e-071
  1.63307016e-017 1.07781967e-025 5.25280320e-071 1.60675146e-025
  1.51045346e-025 1.19504133e-032 1.42192848e-058 5.35068167e-038
  4.05765557e-023 6.71966007e-026 6.05941080e-046 8.28219533e-062
  1.82490040e-052 1.00000000e+000 3.71676859e-061 9.96711867e-030
  1.00000000e+000]
 [1.57948303e-016 4.12680996e-053 5.08037163e-061 1.67205588e-013
  4.53130592e-049 5.51490849e-072 2.77500838e-027 3.18973964e-059
  1.65780254e-039 5.41981277e-040 1.02047264e-064 2.19076731e-052
  1.32471438e-040 1.48922532e-069 5.47799855e-059 3.04950036e-043
  1.06507274e-013 3.71676859e-061 1.00000000e+000 4.32297704e-029
  1.00000000e+000]
 [1.49675826e-041 2.26444187e-029 8.90435425e-024 1.93691280e-038
  5.33423286e-023 9.25151689e-032 3.39823565e-032 1.11295529e-033
  1.59112683e-018 5.01349857e-004 5.72185184e-049 2.10066164e-046
  1.92428292e-031 3.20936858e-023 2.54048242e-040 5.21808276e-041
  6.27204917e-037 9.96711867e-030 4.32297704e-029 1.00000000e+000
  1.00000000e+000]
 [1.00000000e+000 1.00000000e+000 1.00000000e+000 1.00000000e+000
  1.00000000e+000 1.00000000e+000 1.00000000e+000 1.00000000e+000
  1.00000000e+000 1.00000000e+000 1.00000000e+000 1.00000000e+000
  1.00000000e+000 1.00000000e+000 1.00000000e+000 1.00000000e+000
  1.00000000e+000 1.00000000e+000 1.00000000e+000 1.00000000e+000
  0.00000000e+000]]
