[[1.00000000e+000 2.86274170e-075 1.42947028e-051 ... 9.99864740e-054
  1.42603895e-015 1.00000000e+000]
 [2.86274170e-075 1.00000000e+000 6.98906491e-030 ... 4.53897986e-049
  9.43267978e-102 1.00000000e+000]
 [1.42947028e-051 6.98906491e-030 1.00000000e+000 ... 1.70977190e-061
  5.44051922e-052 1.00000000e+000]
 ...
 [9.99864740e-054 4.53897986e-049 1.70977190e-061 ... 1.00000000e+000
  8.59627817e-081 1.00000000e+000]
 [1.42603895e-015 9.43267978e-102 5.44051922e-052 ... 8.59627817e-081
  1.00000000e+000 1.00000000e+000]
 [1.00000000e+000 1.00000000e+000 1.00000000e+000 ... 1.00000000e+000
  1.00000000e+000 0.00000000e+000]]
