[[1.00000000e+00 1.00350178e-31 8.72898909e-33 6.13618358e-61
  5.11372191e-50 5.78227270e-56 2.50722572e-85 4.09720343e-68
  2.71087791e-28 1.70027924e-59 7.53730587e-64 1.77264583e-10
  4.23560045e-43 5.80240558e-24 9.66363690e-80 5.57265998e-34
  9.64131540e-19 6.00599963e-50 2.08659747e-32 7.09599550e-33
  1.00000000e+00]
 [1.00350178e-31 1.00000000e+00 1.34015979e-65 3.53474700e-57
  3.75124855e-71 1.68974520e-88 2.70974967e-56 3.86058739e-55
  3.89363175e-45 1.12058949e-29 3.50382042e-65 1.90402797e-48
  1.31194311e-70 1.68260132e-39 4.29988445e-95 1.55090753e-46
  6.56504990e-59 7.16183647e-66 9.68529033e-60 2.96855247e-19
  1.00000000e+00]
 [8.72898909e-33 1.34015979e-65 1.00000000e+00 2.77092654e-36
  2.47196456e-74 2.19688305e-41 4.73125456e-62 2.50692249e-35
  1.50183986e-49 5.61039507e-69 7.08504313e-73 1.49836513e-31
  2.37362532e-33 1.18491936e-20 1.00337789e-59 1.33647038e-36
  1.07427770e-06 1.60695837e-34 1.51456220e-26 3.69272457e-41
  1.00000000e+00]
 [6.13618358e-61 3.53474700e-57 2.77092654e-36 1.00000000e+00
  4.76769801e-85 3.52472902e-36 1.57482168e-25 2.22679555e-12
  4.17159392e-77 1.02129449e-32 3.68521381e-29 3.96363441e-55
  5.99319358e-78 1.34790498e-44 3.69899620e-30 3.24601316e-52
  7.86809767e-52 1.03269716e-13 5.12714662e-16 8.55475189e-20
  1.00000000e+00]
 [5.11372191e-50 3.75124855e-71 2.47196456e-74 4.76769801e-85
  1.00000000e+00 9.25571244e-75 4.90979489e-52 9.41302161e-84
  1.21377814e-21 4.53499417e-37 3.31372083e-34 9.14946330e-48
  2.64286886e-64 1.77381354e-28 4.26455278e-62 1.40848485e-52
  3.90063039e-55 1.51573534e-85 3.91221444e-92 8.76127928e-60
  1.00000000e+00]
 [5.78227270e-56 1.68974520e-88 2.19688305e-41 3.52472902e-36
  9.25571244e-75 1.00000000e+00 1.26756803e-61 3.09445154e-56
  1.59468993e-45 7.34657695e-70 3.45087038e-50 4.93941128e-64
  4.17112642e-31 2.81202697e-62 4.51397287e-16 7.71092158e-58
  9.76536882e-43 2.14557212e-11 1.59999735e-33 2.14083751e-32
  1.00000000e+00]
 [2.50722572e-85 2.70974967e-56 4.73125456e-62 1.57482168e-25
  4.90979489e-52 1.26756803e-61 1.00000000e+00 5.28669317e-21
  3.89823020e-59 6.56140225e-10 1.84815026e-22 1.61905198e-81
  6.04817933e-79 1.66291483e-40 3.03990844e-34 8.54477918e-54
  3.01425454e-72 1.07233601e-48 5.63594932e-67 8.21968711e-29
  1.00000000e+00]
 [4.09720343e-68 3.86058739e-55 2.50692249e-35 2.22679555e-12
  9.41302161e-84 3.09445154e-56 5.28669317e-21 1.00000000e+00
  8.52394709e-73 9.10604251e-30 1.48918311e-36 3.56423325e-72
  6.50238375e-75 2.06081291e-43 1.05166081e-36 1.40024111e-29
  1.43831092e-56 3.47690121e-39 1.53722787e-35 1.32745066e-23
  1.00000000e+00]
 [2.71087791e-28 3.89363175e-45 1.50183986e-49 4.17159392e-77
  1.21377814e-21 1.59468993e-45 3.89823020e-59 8.52394709e-73
  1.00000000e+00 2.87881940e-45 9.81061270e-55 2.17706332e-46
  2.54182391e-17 1.45497557e-29 1.03897980e-53 4.85166158e-31
  4.00849332e-33 5.58064270e-62 3.87436602e-74 4.85382449e-34
  1.00000000e+00]
 [1.70027924e-59 1.12058949e-29 5.61039507e-69 1.02129449e-32
  4.53499417e-37 7.34657695e-70 6.56140225e-10 9.10604251e-30
  2.87881940e-45 1.00000000e+00 5.69879790e-16 3.49128956e-61
  5.38336636e-81 1.61518835e-33 6.52585655e-46 1.26355924e-43
  7.65557572e-70 2.21957265e-54 4.87623305e-62 8.57179151e-20
  1.00000000e+00]
 [7.53730587e-64 3.50382042e-65 7.08504313e-73 3.68521381e-29
  3.31372083e-34 3.45087038e-50 1.84815026e-22 1.48918311e-36
  9.81061270e-55 5.69879790e-16 1.00000000e+00 9.63595738e-60
  2.17306325e-90 2.37539878e-46 2.31327788e-23 7.42794447e-48
  3.37857902e-74 8.78829688e-44 3.57048518e-49 7.28171666e-31
  1.00000000e+00]
 [1.77264583e-10 1.90402797e-48 1.49836513e-31 3.96363441e-55
  9.14946330e-48 4.93941128e-64 1.61905198e-81 3.56423325e-72
  2.17706332e-46 3.49128956e-61 9.63595738e-60 1.00000000e+00
  6.44264399e-65 2.25686514e-16 5.84498180e-87 4.90037421e-57
  2.38387945e-17 1.43805943e-48 1.81567468e-29 1.08417783e-47
  1.00000000e+00]
 [4.23560045e-43 1.31194311e-70 2.37362532e-33 5.99319358e-78
  2.64286886e-64 4.17112642e-31 6.04817933e-79 6.50238375e-75
  2.54182391e-17 5.38336636e-81 2.17306325e-90 6.44264399e-65
  1.00000000e+00 1.86030627e-46 7.57557078e-56 2.60801920e-42
  6.32288888e-26 1.90319969e-51 2.65516376e-70 1.46417748e-43
  1.00000000e+00]
 [5.80240558e-24 1.68260132e-39 1.18491936e-20 1.34790498e-44
  1.77381354e-28 2.81202697e-62 1.66291483e-40 2.06081291e-43
  1.45497557e-29 1.61518835e-33 2.37539878e-46 2.25686514e-16
  1.86030627e-46 1.00000000e+00 1.52740303e-67 2.12609190e-37
  6.99956705e-14 2.02114707e-51 1.90186735e-44 6.76937023e-37
  1.00000000e+00]
 [9.66363690e-80 4.29988445e-95 1.00337789e-59 3.69899620e-30
  4.26455278e-62 4.51397287e-16 3.03990844e-34 1.05166081e-36
  1.03897980e-53 6.52585655e-46 2.31327788e-23 5.84498180e-87
  7.57557078e-56 1.52740303e-67 1.00000000e+00 2.23512937e-47
  6.18046447e-69 4.68122018e-27 3.21644163e-49 5.40873260e-33
  1.00000000e+00]
 [5.57265998e-34 1.55090753e-46 1.33647038e-36 3.24601316e-52
  1.40848485e-52 7.71092158e-58 8.54477918e-54 1.40024111e-29
  4.85166158e-31 1.26355924e-43 7.42794447e-48 4.90037421e-57
  2.60801920e-42 2.12609190e-37 2.23512937e-47 1.00000000e+00
  2.01604589e-41 8.94588406e-64 2.96478971e-51 4.81534055e-28
  1.00000000e+00]
 [9.64131540e-19 6.56504990e-59 1.07427770e-06 7.86809767e-52
  3.90063039e-55 9.76536882e-43 3.01425454e-72 1.43831092e-56
  4.00849332e-33 7.65557572e-70 3.37857902e-74 2.38387945e-17
  6.32288888e-26 6.99956705e-14 6.18046447e-69 2.01604589e-41
  1.00000000e+00 3.09702068e-40 1.40959004e-33 4.22791481e-44
  1.00000000e+00]
 [6.00599963e-50 7.16183647e-66 1.60695837e-34 1.03269716e-13
  1.51573534e-85 2.14557212e-11 1.07233601e-48 3.47690121e-39
  5.58064270e-62 2.21957265e-54 8.78829688e-44 1.43805943e-48
  1.90319969e-51 2.02114707e-51 4.68122018e-27 8.94588406e-64
  3.09702068e-40 1.00000000e+00 7.13197648e-14 7.80195246e-22
  1.00000000e+00]
 [2.08659747e-32 9.68529033e-60 1.51456220e-26 5.12714662e-16
  3.91221444e-92 1.59999735e-33 5.63594932e-67 1.53722787e-35
  3.87436602e-74 4.87623305e-62 3.57048518e-49 1.81567468e-29
  2.65516376e-70 1.90186735e-44 3.21644163e-49 2.96478971e-51
  1.40959004e-33 7.13197648e-14 1.00000000e+00 2.52985433e-28
  1.00000000e+00]
 [7.09599550e-33 2.96855247e-19 3.69272457e-41 8.55475189e-20
  8.76127928e-60 2.14083751e-32 8.21968711e-29 1.32745066e-23
  4.85382449e-34 8.57179151e-20 7.28171666e-31 1.08417783e-47
  1.46417748e-43 6.76937023e-37 5.40873260e-33 4.81534055e-28
  4.22791481e-44 7.80195246e-22 2.52985433e-28 1.00000000e+00
  1.00000000e+00]
 [1.00000000e+00 1.00000000e+00 1.00000000e+00 1.00000000e+00
  1.00000000e+00 1.00000000e+00 1.00000000e+00 1.00000000e+00
  1.00000000e+00 1.00000000e+00 1.00000000e+00 1.00000000e+00
  1.00000000e+00 1.00000000e+00 1.00000000e+00 1.00000000e+00
  1.00000000e+00 1.00000000e+00 1.00000000e+00 1.00000000e+00
  0.00000000e+00]]
