[[1.00000000e+000 4.50571946e-024 4.12958265e-087 4.51668461e-023
  1.07375281e-029 5.23989338e-055 2.79663459e-033 3.58459927e-025
  1.02548889e-059 2.10814608e-070 4.71303796e-033 2.06936648e-028
  8.75736445e-035 2.50290749e-081 4.38363155e-022 4.67226583e-040
  6.03679777e-022 2.36033494e-016 1.86760894e-034 5.71250643e-083
  1.00000000e+000]
 [4.50571946e-024 1.00000000e+000 5.52976836e-047 1.11199400e-044
  6.27651705e-022 3.42202439e-050 9.93526334e-038 7.28663503e-022
  3.85223746e-038 5.31665980e-063 1.18249998e-036 8.33960373e-049
  6.92124282e-034 4.61599173e-094 1.57503805e-013 4.89434731e-035
  3.90463112e-028 3.66843180e-013 2.37268196e-041 1.48389302e-043
  1.00000000e+000]
 [4.12958265e-087 5.52976836e-047 1.00000000e+000 5.68904050e-064
  9.54306668e-035 6.04193358e-039 3.24063060e-045 1.02756054e-044
  1.21185124e-017 6.01149959e-039 6.74168211e-049 7.53256937e-076
  1.59831829e-027 5.71937892e-086 2.10449109e-039 1.53455249e-023
  3.51088284e-037 3.31998080e-032 7.24707810e-048 2.88856807e-031
  1.00000000e+000]
 [4.51668461e-023 1.11199400e-044 5.68904050e-064 1.00000000e+000
  1.37975019e-037 2.47197150e-044 8.51381121e-029 8.92739434e-024
  4.26625313e-051 2.90360708e-081 6.61295549e-040 2.76101866e-046
  6.95089997e-023 2.74958223e-057 1.16624191e-028 4.80389801e-039
  2.59003644e-034 1.00531053e-024 2.34362071e-030 1.08895785e-068
  1.00000000e+000]
 [1.07375281e-029 6.27651705e-022 9.54306668e-035 1.37975019e-037
  1.00000000e+000 5.46415508e-051 1.71744433e-043 3.64725880e-041
  7.37347778e-043 3.74476949e-045 3.12882994e-050 1.06675950e-046
  1.31843683e-010 1.56680466e-054 5.97573362e-032 7.64246330e-010
  6.32176433e-017 8.20873537e-008 4.37024862e-052 3.37257054e-042
  1.00000000e+000]
 [5.23989338e-055 3.42202439e-050 6.04193358e-039 2.47197150e-044
  5.46415508e-051 1.00000000e+000 1.40986626e-032 9.64719656e-039
  6.26973307e-024 1.78212823e-050 6.90230427e-016 3.88097902e-048
  1.09058682e-026 2.79492928e-063 2.59078996e-021 1.11104156e-037
  6.60281035e-030 7.31789000e-032 3.05391322e-014 1.89541336e-042
  1.00000000e+000]
 [2.79663459e-033 9.93526334e-038 3.24063060e-045 8.51381121e-029
  1.71744433e-043 1.40986626e-032 1.00000000e+000 2.18301621e-016
  5.93010897e-012 9.23166209e-057 3.02861107e-012 5.89099736e-011
  4.32436765e-040 3.59250243e-119 1.02024423e-010 6.21710446e-042
  8.15956641e-019 5.89779021e-026 1.39011910e-008 2.60571178e-089
  1.00000000e+000]
 [3.58459927e-025 7.28663503e-022 1.02756054e-044 8.92739434e-024
  3.64725880e-041 9.64719656e-039 2.18301621e-016 1.00000000e+000
  5.53999929e-024 5.08101340e-046 1.87806164e-015 3.97555505e-037
  2.33746128e-035 5.33630060e-099 8.54939722e-010 2.58045345e-034
  5.25806414e-021 9.65988896e-017 3.81558453e-015 4.37346525e-060
  1.00000000e+000]
 [1.02548889e-059 3.85223746e-038 1.21185124e-017 4.26625313e-051
  7.37347778e-043 6.26973307e-024 5.93010897e-012 5.53999929e-024
  1.00000000e+000 5.85732170e-039 1.62026301e-015 3.91328255e-031
  3.50113850e-037 6.80790463e-116 6.82886469e-015 1.03892659e-033
  7.61128808e-022 6.86807405e-028 6.39640304e-015 1.18025228e-061
  1.00000000e+000]
 [2.10814608e-070 5.31665980e-063 6.01149959e-039 2.90360708e-081
  3.74476949e-045 1.78212823e-050 9.23166209e-057 5.08101340e-046
  5.85732170e-039 1.00000000e+000 1.93678021e-037 1.81625581e-064
  4.13612886e-040 7.74290328e-094 2.32254958e-051 8.80411044e-018
  2.33631784e-019 1.29623055e-030 7.95913313e-047 4.43287138e-063
  1.00000000e+000]
 [4.71303796e-033 1.18249998e-036 6.74168211e-049 6.61295549e-040
  3.12882994e-050 6.90230427e-016 3.02861107e-012 1.87806164e-015
  1.62026301e-015 1.93678021e-037 1.00000000e+000 6.06666379e-021
  1.00423493e-038 1.78262994e-102 7.61566661e-009 6.03636538e-038
  3.37565625e-015 1.17490480e-023 1.35070299e-002 2.09135365e-070
  1.00000000e+000]
 [2.06936648e-028 8.33960373e-049 7.53256937e-076 2.76101866e-046
  1.06675950e-046 3.88097902e-048 5.89099736e-011 3.97555505e-037
  3.91328255e-031 1.81625581e-064 6.06666379e-021 1.00000000e+000
  3.72129856e-053 5.32152992e-135 4.71190329e-023 2.00660751e-051
  4.54481721e-019 1.80625637e-033 3.87328226e-021 8.49022122e-122
  1.00000000e+000]
 [8.75736445e-035 6.92124282e-034 1.59831829e-027 6.95089997e-023
  1.31843683e-010 1.09058682e-026 4.32436765e-040 2.33746128e-035
  3.50113850e-037 4.13612886e-040 1.00423493e-038 3.72129856e-053
  1.00000000e+000 8.95198778e-027 2.59438248e-029 2.53907857e-007
  7.07332707e-018 1.38404785e-009 1.97749755e-036 1.66641879e-026
  1.00000000e+000]
 [2.50290749e-081 4.61599173e-094 5.71937892e-086 2.74958223e-057
  1.56680466e-054 2.79492928e-063 3.59250243e-119 5.33630060e-099
  6.80790463e-116 7.74290328e-094 1.78262994e-102 5.32152992e-135
  8.95198778e-027 1.00000000e+000 1.55746389e-093 4.49627148e-046
  6.40954082e-075 3.01108003e-056 8.43388076e-098 1.86848466e-040
  1.00000000e+000]
 [4.38363155e-022 1.57503805e-013 2.10449109e-039 1.16624191e-028
  5.97573362e-032 2.59078996e-021 1.02024423e-010 8.54939722e-010
  6.82886469e-015 2.32254958e-051 7.61566661e-009 4.71190329e-023
  2.59438248e-029 1.55746389e-093 1.00000000e+000 1.09738194e-033
  1.22717244e-016 1.25768759e-013 2.62714578e-009 2.72016237e-053
  1.00000000e+000]
 [4.67226583e-040 4.89434731e-035 1.53455249e-023 4.80389801e-039
  7.64246330e-010 1.11104156e-037 6.21710446e-042 2.58045345e-034
  1.03892659e-033 8.80411044e-018 6.03636538e-038 2.00660751e-051
  2.53907857e-007 4.49627148e-046 1.09738194e-033 1.00000000e+000
  1.55588608e-010 3.35578621e-008 1.36127454e-040 2.67524130e-034
  1.00000000e+000]
 [6.03679777e-022 3.90463112e-028 3.51088284e-037 2.59003644e-034
  6.32176433e-017 6.60281035e-030 8.15956641e-019 5.25806414e-021
  7.61128808e-022 2.33631784e-019 3.37565625e-015 4.54481721e-019
  7.07332707e-018 6.40954082e-075 1.22717244e-016 1.55588608e-010
  1.00000000e+000 1.15440360e-006 6.89615798e-019 1.75659065e-059
  1.00000000e+000]
 [2.36033494e-016 3.66843180e-013 3.31998080e-032 1.00531053e-024
  8.20873537e-008 7.31789000e-032 5.89779021e-026 9.65988896e-017
  6.86807405e-028 1.29623055e-030 1.17490480e-023 1.80625637e-033
  1.38404785e-009 3.01108003e-056 1.25768759e-013 3.35578621e-008
  1.15440360e-006 1.00000000e+000 3.99333160e-026 6.13010289e-037
  1.00000000e+000]
 [1.86760894e-034 2.37268196e-041 7.24707810e-048 2.34362071e-030
  4.37024862e-052 3.05391322e-014 1.39011910e-008 3.81558453e-015
  6.39640304e-015 7.95913313e-047 1.35070299e-002 3.87328226e-021
  1.97749755e-036 8.43388076e-098 2.62714578e-009 1.36127454e-040
  6.89615798e-019 3.99333160e-026 1.00000000e+000 4.03810809e-072
  1.00000000e+000]
 [5.71250643e-083 1.48389302e-043 2.88856807e-031 1.08895785e-068
  3.37257054e-042 1.89541336e-042 2.60571178e-089 4.37346525e-060
  1.18025228e-061 4.43287138e-063 2.09135365e-070 8.49022122e-122
  1.66641879e-026 1.86848466e-040 2.72016237e-053 2.67524130e-034
  1.75659065e-059 6.13010289e-037 4.03810809e-072 1.00000000e+000
  1.00000000e+000]
 [1.00000000e+000 1.00000000e+000 1.00000000e+000 1.00000000e+000
  1.00000000e+000 1.00000000e+000 1.00000000e+000 1.00000000e+000
  1.00000000e+000 1.00000000e+000 1.00000000e+000 1.00000000e+000
  1.00000000e+000 1.00000000e+000 1.00000000e+000 1.00000000e+000
  1.00000000e+000 1.00000000e+000 1.00000000e+000 1.00000000e+000
  0.00000000e+000]]
