[[1.00000000e+00 1.65537505e-53 2.14956976e-17 ... 2.39161461e-54
  2.38950139e-44 1.00000000e+00]
 [1.65537505e-53 1.00000000e+00 1.49058170e-26 ... 2.63585905e-60
  1.55612593e-59 1.00000000e+00]
 [2.14956976e-17 1.49058170e-26 1.00000000e+00 ... 4.41498420e-44
  3.23538947e-35 1.00000000e+00]
 ...
 [2.39161461e-54 2.63585905e-60 4.41498420e-44 ... 1.00000000e+00
  2.59024601e-34 1.00000000e+00]
 [2.38950139e-44 1.55612593e-59 3.23538947e-35 ... 2.59024601e-34
  1.00000000e+00 1.00000000e+00]
 [1.00000000e+00 1.00000000e+00 1.00000000e+00 ... 1.00000000e+00
  1.00000000e+00 0.00000000e+00]]
