[[1.00000000e+000 1.48821508e-040 1.08325578e-010 7.25669766e-043
  3.32596238e-021 2.58687658e-057 9.65815380e-039 1.07953285e-085
  1.96893296e-048 6.98104677e-040 2.07779253e-065 1.45836524e-091
  2.92344535e-080 7.47353637e-055 3.08646568e-016 6.21995647e-024
  8.83812697e-094 8.91685484e-102 7.38326598e-055 2.43975543e-036
  1.00000000e+000]
 [1.48821508e-040 1.00000000e+000 8.18096089e-044 2.81510674e-051
  1.33317256e-025 8.81303028e-027 9.55397997e-007 1.40907249e-018
  3.64450689e-022 2.99435503e-046 7.09896756e-020 1.94139137e-028
  2.26703567e-062 1.08376658e-043 2.40944150e-019 1.31549047e-018
  3.36749328e-060 2.25676251e-027 5.91196671e-027 1.32560256e-034
  1.00000000e+000]
 [1.08325578e-010 8.18096089e-044 1.00000000e+000 7.44350528e-031
  1.41768009e-019 4.46905684e-055 3.92467702e-046 3.07100454e-083
  4.51538480e-058 1.23280169e-047 3.05052321e-073 5.37891659e-093
  2.77968135e-063 1.31037923e-043 9.15817313e-024 2.45268066e-035
  5.61099554e-060 3.13567920e-107 7.20147602e-057 5.34579863e-024
  1.00000000e+000]
 [7.25669766e-043 2.81510674e-051 7.44350528e-031 1.00000000e+000
  3.47862128e-060 1.24882382e-046 5.63898299e-034 3.77203117e-090
  3.15407575e-092 8.33096266e-057 4.42532465e-094 1.85206659e-064
  3.42778648e-055 7.51708589e-069 2.03918464e-022 1.65098621e-047
  1.38778338e-042 3.10112924e-116 5.95862521e-084 7.32646930e-046
  1.00000000e+000]
 [3.32596238e-021 1.33317256e-025 1.41768009e-019 3.47862128e-060
  1.00000000e+000 2.50155145e-062 9.51518997e-034 2.41323371e-040
  1.19565338e-030 7.04705314e-058 3.03937741e-029 1.01534078e-072
  4.07187871e-085 8.09987983e-044 9.29527123e-028 4.49576421e-042
  1.49715113e-064 1.64541715e-059 2.38696155e-056 1.18935304e-027
  1.00000000e+000]
 [2.58687658e-057 8.81303028e-027 4.46905684e-055 1.24882382e-046
  2.50155145e-062 1.00000000e+000 4.05385505e-032 1.14528818e-046
  1.21746588e-028 2.05375335e-047 9.98964417e-044 2.34992772e-018
  1.26194002e-012 4.82494855e-019 2.61100317e-032 7.31126383e-015
  1.42333616e-046 1.40181080e-041 1.46473019e-019 3.10847294e-045
  1.00000000e+000]
 [9.65815380e-039 9.55397997e-007 3.92467702e-046 5.63898299e-034
  9.51518997e-034 4.05385505e-032 1.00000000e+000 2.85072531e-029
  4.75661461e-039 1.33236298e-047 1.51169939e-031 7.04068346e-028
  3.36958841e-070 1.70107160e-059 2.28714722e-012 9.52359800e-023
  7.56090040e-063 1.05041234e-042 8.60132957e-047 3.51287831e-040
  1.00000000e+000]
 [1.07953285e-085 1.40907249e-018 3.07100454e-083 3.77203117e-090
  2.41323371e-040 1.14528818e-046 2.85072531e-029 1.00000000e+000
  1.19244484e-028 1.19896759e-101 2.42096391e-010 7.88301769e-024
  1.77110219e-079 1.78598045e-047 1.67897756e-058 5.23344727e-057
  4.72436897e-061 3.45615469e-009 4.45755417e-060 2.05944440e-045
  1.00000000e+000]
 [1.96893296e-048 3.64450689e-022 4.51538480e-058 3.15407575e-092
  1.19565338e-030 1.21746588e-028 4.75661461e-039 1.19244484e-028
  1.00000000e+000 2.97796275e-050 3.46014416e-010 4.87290958e-036
  3.40690175e-052 1.27120658e-022 4.77666829e-039 1.75001162e-024
  2.69694596e-074 6.35529729e-019 2.27016166e-020 9.23397580e-053
  1.00000000e+000]
 [6.98104677e-040 2.99435503e-046 1.23280169e-047 8.33096266e-057
  7.04705314e-058 2.05375335e-047 1.33236298e-047 1.19896759e-101
  2.97796275e-050 1.00000000e+000 1.16481746e-071 2.16652317e-076
  8.30649970e-064 1.09513116e-070 6.21494177e-019 2.30004224e-030
  9.03346332e-080 3.17465783e-095 2.32006840e-033 2.82914564e-098
  1.00000000e+000]
 [2.07779253e-065 7.09896756e-020 3.05052321e-073 4.42532465e-094
  3.03937741e-029 9.98964417e-044 1.51169939e-031 2.42096391e-010
  3.46014416e-010 1.16481746e-071 1.00000000e+000 1.33909062e-027
  4.92885032e-074 2.92468761e-039 4.80549971e-045 8.37756622e-045
  5.99545866e-068 3.20620044e-008 3.33248298e-046 4.00728635e-056
  1.00000000e+000]
 [1.45836524e-091 1.94139137e-028 5.37891659e-093 1.85206659e-064
  1.01534078e-072 2.34992772e-018 7.04068346e-028 7.88301769e-024
  4.87290958e-036 2.16652317e-076 1.33909062e-027 1.00000000e+000
  1.69850666e-040 2.76447977e-042 1.17288869e-046 7.40217441e-043
  8.05831070e-048 2.61838078e-019 2.41553179e-051 6.03583979e-066
  1.00000000e+000]
 [2.92344535e-080 2.26703567e-062 2.77968135e-063 3.42778648e-055
  4.07187871e-085 1.26194002e-012 3.36958841e-070 1.77110219e-079
  3.40690175e-052 8.30649970e-064 4.92885032e-074 1.69850666e-040
  1.00000000e+000 6.83126329e-017 2.09659176e-057 9.94237185e-042
  3.72613385e-034 1.98161075e-073 3.77062240e-039 1.77159372e-061
  1.00000000e+000]
 [7.47353637e-055 1.08376658e-043 1.31037923e-043 7.51708589e-069
  8.09987983e-044 4.82494855e-019 1.70107160e-059 1.78598045e-047
  1.27120658e-022 1.09513116e-070 2.92468761e-039 2.76447977e-042
  6.83126329e-017 1.00000000e+000 4.39591882e-052 7.25905223e-034
  2.33150953e-042 2.40997191e-046 3.77997102e-032 9.52406278e-032
  1.00000000e+000]
 [3.08646568e-016 2.40944150e-019 9.15817313e-024 2.03918464e-022
  9.29527123e-028 2.61100317e-032 2.28714722e-012 1.67897756e-058
  4.77666829e-039 6.21494177e-019 4.80549971e-045 1.17288869e-046
  2.09659176e-057 4.39591882e-052 1.00000000e+000 5.00216048e-016
  3.58983405e-059 1.69500201e-068 1.76889046e-040 1.02056466e-045
  1.00000000e+000]
 [6.21995647e-024 1.31549047e-018 2.45268066e-035 1.65098621e-047
  4.49576421e-042 7.31126383e-015 9.52359800e-023 5.23344727e-057
  1.75001162e-024 2.30004224e-030 8.37756622e-045 7.40217441e-043
  9.94237185e-042 7.25905223e-034 5.00216048e-016 1.00000000e+000
  2.40280195e-080 4.64149855e-056 4.70978163e-015 1.84881703e-040
  1.00000000e+000]
 [8.83812697e-094 3.36749328e-060 5.61099554e-060 1.38778338e-042
  1.49715113e-064 1.42333616e-046 7.56090040e-063 4.72436897e-061
  2.69694596e-074 9.03346332e-080 5.99545866e-068 8.05831070e-048
  3.72613385e-034 2.33150953e-042 3.58983405e-059 2.40280195e-080
  1.00000000e+000 4.50440585e-076 4.09072840e-079 9.33204060e-061
  1.00000000e+000]
 [8.91685484e-102 2.25676251e-027 3.13567920e-107 3.10112924e-116
  1.64541715e-059 1.40181080e-041 1.05041234e-042 3.45615469e-009
  6.35529729e-019 3.17465783e-095 3.20620044e-008 2.61838078e-019
  1.98161075e-073 2.40997191e-046 1.69500201e-068 4.64149855e-056
  4.50440585e-076 1.00000000e+000 1.31230227e-048 6.49028394e-073
  1.00000000e+000]
 [7.38326598e-055 5.91196671e-027 7.20147602e-057 5.95862521e-084
  2.38696155e-056 1.46473019e-019 8.60132957e-047 4.45755417e-060
  2.27016166e-020 2.32006840e-033 3.33248298e-046 2.41553179e-051
  3.77062240e-039 3.77997102e-032 1.76889046e-040 4.70978163e-015
  4.09072840e-079 1.31230227e-048 1.00000000e+000 3.03959054e-064
  1.00000000e+000]
 [2.43975543e-036 1.32560256e-034 5.34579863e-024 7.32646930e-046
  1.18935304e-027 3.10847294e-045 3.51287831e-040 2.05944440e-045
  9.23397580e-053 2.82914564e-098 4.00728635e-056 6.03583979e-066
  1.77159372e-061 9.52406278e-032 1.02056466e-045 1.84881703e-040
  9.33204060e-061 6.49028394e-073 3.03959054e-064 1.00000000e+000
  1.00000000e+000]
 [1.00000000e+000 1.00000000e+000 1.00000000e+000 1.00000000e+000
  1.00000000e+000 1.00000000e+000 1.00000000e+000 1.00000000e+000
  1.00000000e+000 1.00000000e+000 1.00000000e+000 1.00000000e+000
  1.00000000e+000 1.00000000e+000 1.00000000e+000 1.00000000e+000
  1.00000000e+000 1.00000000e+000 1.00000000e+000 1.00000000e+000
  0.00000000e+000]]
