[[1.         0.11106615 0.35580318 ... 0.03451101 0.01461194 0.09528702]
 [0.11106615 1.         0.06963908 ... 0.14960561 0.06997776 0.40835853]
 [0.35580318 0.06963908 1.         ... 0.05168877 0.00644978 0.01961693]
 ...
 [0.03451101 0.14960561 0.05168877 ... 1.         0.00864522 0.06316619]
 [0.01461194 0.06997776 0.00644978 ... 0.00864522 1.         0.0370756 ]
 [0.09528702 0.40835853 0.01961693 ... 0.06316619 0.0370756  1.        ]]
