[[1.00000000e+00 1.05871173e-74 1.10931249e-54 ... 8.39162358e-81
  7.71796946e-40 1.00000000e+00]
 [1.05871173e-74 1.00000000e+00 1.91149327e-46 ... 5.11397698e-32
  1.39794081e-63 1.00000000e+00]
 [1.10931249e-54 1.91149327e-46 1.00000000e+00 ... 8.51735865e-21
  4.71680463e-21 1.00000000e+00]
 ...
 [8.39162358e-81 5.11397698e-32 8.51735865e-21 ... 1.00000000e+00
  1.04655543e-65 1.00000000e+00]
 [7.71796946e-40 1.39794081e-63 4.71680463e-21 ... 1.04655543e-65
  1.00000000e+00 1.00000000e+00]
 [1.00000000e+00 1.00000000e+00 1.00000000e+00 ... 1.00000000e+00
  1.00000000e+00 0.00000000e+00]]
