[[1.00000000e+00 4.18724962e-34 1.61167564e-23 ... 5.35248454e-36
  2.48672947e-20 1.00000000e+00]
 [4.18724962e-34 1.00000000e+00 1.11174524e-59 ... 8.37945053e-09
  8.55851814e-29 1.00000000e+00]
 [1.61167564e-23 1.11174524e-59 1.00000000e+00 ... 5.81704314e-65
  3.85607315e-73 1.00000000e+00]
 ...
 [5.35248454e-36 8.37945053e-09 5.81704314e-65 ... 1.00000000e+00
  1.55016404e-32 1.00000000e+00]
 [2.48672947e-20 8.55851814e-29 3.85607315e-73 ... 1.55016404e-32
  1.00000000e+00 1.00000000e+00]
 [1.00000000e+00 1.00000000e+00 1.00000000e+00 ... 1.00000000e+00
  1.00000000e+00 0.00000000e+00]]
