[[1.00000000e+000 3.56774977e-025 8.81781960e-021 6.96310323e-015
  6.08325985e-054 9.88872335e-039 3.29139375e-069 4.97274331e-033
  7.24269790e-041 2.06069186e-043 1.71215513e-058 2.67583998e-036
  1.66973526e-081 5.13241512e-038 5.37318075e-030 1.20828671e-035
  9.05272018e-054 6.56098765e-058 1.52100522e-047 4.60552158e-053
  1.37501223e-088 1.00000000e+000]
 [3.56774977e-025 1.00000000e+000 4.80588434e-014 1.08916395e-011
  3.16880118e-050 4.15228375e-009 1.17615813e-052 2.25418326e-021
  3.50224936e-047 1.28421967e-021 4.15314686e-019 8.40600777e-057
  6.48500216e-066 1.51041499e-053 2.87395942e-039 8.27764464e-023
  1.40534439e-043 7.20271237e-044 3.32235522e-029 3.41417020e-022
  3.20314693e-073 1.00000000e+000]
 [8.81781960e-021 4.80588434e-014 1.00000000e+000 2.64389304e-009
  2.02540459e-026 1.02564983e-015 1.81258278e-041 7.90505491e-010
  4.69451592e-040 1.42680834e-019 2.00086306e-028 2.65859289e-044
  3.62024414e-036 7.71026713e-022 8.71182302e-027 2.58553957e-022
  6.78667348e-028 1.74594940e-026 5.07183853e-019 1.42034657e-031
  1.08032493e-065 1.00000000e+000]
 [6.96310323e-015 1.08916395e-011 2.64389304e-009 1.00000000e+000
  4.07338123e-029 1.67916634e-024 2.76657158e-049 2.17377302e-024
  6.18539867e-040 2.78405231e-039 2.26011656e-032 5.41938054e-041
  4.17252229e-048 1.82076097e-043 1.42208000e-023 3.96780698e-029
  1.13174094e-035 1.08274138e-052 9.44010087e-040 1.22406844e-018
  1.52165754e-077 1.00000000e+000]
 [6.08325985e-054 3.16880118e-050 2.02540459e-026 4.07338123e-029
  1.00000000e+000 2.53500859e-037 6.92660643e-018 2.14641043e-044
  3.64678931e-037 2.36248245e-047 1.49478201e-035 1.14791698e-025
  1.93388581e-037 1.50975488e-038 1.18599308e-014 3.04207706e-075
  1.21827873e-018 9.21865070e-052 7.28169529e-045 7.49878562e-035
  1.97695496e-047 1.00000000e+000]
 [9.88872335e-039 4.15228375e-009 1.02564983e-015 1.67916634e-024
  2.53500859e-037 1.00000000e+000 1.01051499e-028 2.03975854e-019
  1.87825333e-039 6.50096937e-007 6.73506646e-009 3.92412149e-045
  2.39154490e-061 1.45159374e-040 3.92188337e-033 7.62196256e-034
  1.11740317e-029 1.19566354e-026 2.90752213e-015 1.67848051e-028
  7.45893859e-047 1.00000000e+000]
 [3.29139375e-069 1.17615813e-052 1.81258278e-041 2.76657158e-049
  6.92660643e-018 1.01051499e-028 1.00000000e+000 9.43826960e-040
  1.03627772e-040 9.41290616e-035 1.00641412e-023 2.02587413e-028
  3.96209095e-062 9.44455692e-037 2.12234020e-033 1.19980417e-069
  1.21739193e-020 4.12928569e-036 1.04605242e-026 2.13549325e-034
  1.14210785e-043 1.00000000e+000]
 [4.97274331e-033 2.25418326e-021 7.90505491e-010 2.17377302e-024
  2.14641043e-044 2.03975854e-019 9.43826960e-040 1.00000000e+000
  4.45016660e-048 3.51166811e-017 5.20831228e-029 9.22064564e-057
  4.46950042e-042 2.14408183e-016 1.15452407e-049 2.45087983e-008
  4.76054798e-031 2.22527951e-011 3.62716354e-006 1.54107218e-034
  8.24546928e-077 1.00000000e+000]
 [7.24269790e-041 3.50224936e-047 4.69451592e-040 6.18539867e-040
  3.64678931e-037 1.87825333e-039 1.03627772e-040 4.45016660e-048
  1.00000000e+000 7.10390541e-035 5.24143553e-030 3.28470777e-011
  5.78344766e-043 8.80609545e-057 7.51642989e-014 2.67354571e-061
  4.75050008e-011 7.50882428e-040 2.30537425e-051 5.66743764e-051
  1.36040853e-016 1.00000000e+000]
 [2.06069186e-043 1.28421967e-021 1.42680834e-019 2.78405231e-039
  2.36248245e-047 6.50096937e-007 9.41290616e-035 3.51166811e-017
  7.10390541e-035 1.00000000e+000 1.25760636e-016 1.27692277e-045
  5.17212707e-058 9.63022471e-032 8.70159616e-039 8.61856903e-034
  3.04554942e-027 1.91310469e-012 1.06351687e-010 1.82246288e-050
  1.25620147e-038 1.00000000e+000]
 [1.71215513e-058 4.15314686e-019 2.00086306e-028 2.26011656e-032
  1.49478201e-035 6.73506646e-009 1.00641412e-023 5.20831228e-029
  5.24143553e-030 1.25760636e-016 1.00000000e+000 2.36902268e-043
  3.78500992e-046 5.52429579e-059 2.32805880e-034 1.51005082e-041
  1.01478777e-017 8.99250936e-030 3.97819798e-025 8.29812883e-019
  5.33799028e-033 1.00000000e+000]
 [2.67583998e-036 8.40600777e-057 2.65859289e-044 5.41938054e-041
  1.14791698e-025 3.92412149e-045 2.02587413e-028 9.22064564e-057
  3.28470777e-011 1.27692277e-045 2.36902268e-043 1.00000000e+000
  7.39741689e-067 2.44300111e-046 1.15549712e-008 2.30861467e-079
  6.95255114e-021 5.01798593e-054 5.13715101e-055 2.09007970e-055
  6.96754726e-030 1.00000000e+000]
 [1.66973526e-081 6.48500216e-066 3.62024414e-036 4.17252229e-048
  1.93388581e-037 2.39154490e-061 3.96209095e-062 4.46950042e-042
  5.78344766e-043 5.17212707e-058 3.78500992e-046 7.39741689e-067
  1.00000000e+000 1.35813508e-061 8.19736659e-049 9.26276361e-057
  1.46134707e-019 9.15431609e-041 2.39355734e-056 3.56262326e-052
  2.83952518e-058 1.00000000e+000]
 [5.13241512e-038 1.51041499e-053 7.71026713e-022 1.82076097e-043
  1.50975488e-038 1.45159374e-040 9.44455692e-037 2.14408183e-016
  8.80609545e-057 9.63022471e-032 5.52429579e-059 2.44300111e-046
  1.35813508e-061 1.00000000e+000 7.74707779e-048 1.32058048e-039
  2.08226517e-040 7.75166213e-021 1.40212802e-015 1.29649777e-067
  8.35680137e-084 1.00000000e+000]
 [5.37318075e-030 2.87395942e-039 8.71182302e-027 1.42208000e-023
  1.18599308e-014 3.92188337e-033 2.12234020e-033 1.15452407e-049
  7.51642989e-014 8.70159616e-039 2.32805880e-034 1.15549712e-008
  8.19736659e-049 7.74707779e-048 1.00000000e+000 4.36830527e-072
  2.40248283e-018 9.72718769e-055 2.07426415e-053 3.86890774e-044
  3.99680701e-029 1.00000000e+000]
 [1.20828671e-035 8.27764464e-023 2.58553957e-022 3.96780698e-029
  3.04207706e-075 7.62196256e-034 1.19980417e-069 2.45087983e-008
  2.67354571e-061 8.61856903e-034 1.51005082e-041 2.30861467e-079
  9.26276361e-057 1.32058048e-039 4.36830527e-072 1.00000000e+000
  1.27944273e-050 3.53160032e-027 4.22655717e-022 3.56053289e-038
  5.24975003e-105 1.00000000e+000]
 [9.05272018e-054 1.40534439e-043 6.78667348e-028 1.13174094e-035
  1.21827873e-018 1.11740317e-029 1.21739193e-020 4.76054798e-031
  4.75050008e-011 3.04554942e-027 1.01478777e-017 6.95255114e-021
  1.46134707e-019 2.08226517e-040 2.40248283e-018 1.27944273e-050
  1.00000000e+000 4.98850839e-023 1.59019391e-031 2.58305971e-034
  1.73545534e-019 1.00000000e+000]
 [6.56098765e-058 7.20271237e-044 1.74594940e-026 1.08274138e-052
  9.21865070e-052 1.19566354e-026 4.12928569e-036 2.22527951e-011
  7.50882428e-040 1.91310469e-012 8.99250936e-030 5.01798593e-054
  9.15431609e-041 7.75166213e-021 9.72718769e-055 3.53160032e-027
  4.98850839e-023 1.00000000e+000 1.74062147e-007 3.78090858e-058
  5.67143713e-051 1.00000000e+000]
 [1.52100522e-047 3.32235522e-029 5.07183853e-019 9.44010087e-040
  7.28169529e-045 2.90752213e-015 1.04605242e-026 3.62716354e-006
  2.30537425e-051 1.06351687e-010 3.97819798e-025 5.13715101e-055
  2.39355734e-056 1.40212802e-015 2.07426415e-053 4.22655717e-022
  1.59019391e-031 1.74062147e-007 1.00000000e+000 1.19329618e-042
  1.66847362e-066 1.00000000e+000]
 [4.60552158e-053 3.41417020e-022 1.42034657e-031 1.22406844e-018
  7.49878562e-035 1.67848051e-028 2.13549325e-034 1.54107218e-034
  5.66743764e-051 1.82246288e-050 8.29812883e-019 2.09007970e-055
  3.56262326e-052 1.29649777e-067 3.86890774e-044 3.56053289e-038
  2.58305971e-034 3.78090858e-058 1.19329618e-042 1.00000000e+000
  2.05689184e-079 1.00000000e+000]
 [1.37501223e-088 3.20314693e-073 1.08032493e-065 1.52165754e-077
  1.97695496e-047 7.45893859e-047 1.14210785e-043 8.24546928e-077
  1.36040853e-016 1.25620147e-038 5.33799028e-033 6.96754726e-030
  2.83952518e-058 8.35680137e-084 3.99680701e-029 5.24975003e-105
  1.73545534e-019 5.67143713e-051 1.66847362e-066 2.05689184e-079
  1.00000000e+000 1.00000000e+000]
 [1.00000000e+000 1.00000000e+000 1.00000000e+000 1.00000000e+000
  1.00000000e+000 1.00000000e+000 1.00000000e+000 1.00000000e+000
  1.00000000e+000 1.00000000e+000 1.00000000e+000 1.00000000e+000
  1.00000000e+000 1.00000000e+000 1.00000000e+000 1.00000000e+000
  1.00000000e+000 1.00000000e+000 1.00000000e+000 1.00000000e+000
  1.00000000e+000 0.00000000e+000]]
