[[1.00000000e+000 1.12436039e-027 3.38272685e-017 6.80004551e-029
  1.33159968e-054 1.15286702e-053 1.46266996e-029 3.55019974e-038
  8.06270236e-046 1.24871095e-023 1.11363010e-076 1.05378153e-066
  2.22820815e-055 6.44808288e-068 3.26163976e-049 4.44808372e-020
  1.58703904e-013 8.76160719e-038 6.02375873e-022 4.62909345e-020
  1.00000000e+000]
 [1.12436039e-027 1.00000000e+000 2.78211181e-024 1.96605786e-043
  8.40231977e-055 2.07133005e-057 7.90822118e-021 2.52403747e-082
  7.16776635e-044 8.85305016e-033 5.05379687e-051 3.05601076e-119
  1.98313504e-041 5.76129556e-075 3.69227408e-049 3.63831754e-030
  9.00573379e-038 7.17969068e-021 3.14889734e-027 8.28248810e-059
  1.00000000e+000]
 [3.38272685e-017 2.78211181e-024 1.00000000e+000 5.57712198e-044
  2.84352464e-038 1.01740190e-032 6.74830950e-033 5.41766188e-037
  1.29162279e-051 1.62106616e-009 3.15075385e-071 1.85683392e-073
  5.89760836e-042 1.72496193e-082 2.01829629e-050 3.27792751e-030
  3.79317936e-029 1.01256420e-040 3.71907447e-029 7.58996792e-026
  1.00000000e+000]
 [6.80004551e-029 1.96605786e-043 5.57712198e-044 1.00000000e+000
  4.26549192e-022 1.12056423e-035 3.07232678e-040 6.41412180e-044
  3.51479084e-006 1.02981459e-031 6.95348454e-046 6.72898780e-059
  4.50122291e-024 4.97944536e-014 4.58867232e-044 2.50222014e-051
  2.60955597e-029 3.74812762e-035 1.99772119e-009 2.16105670e-019
  1.00000000e+000]
 [1.33159968e-054 8.40231977e-055 2.84352464e-038 4.26549192e-022
  1.00000000e+000 1.17804136e-007 4.20516901e-059 3.01082028e-028
  1.85917598e-023 3.54508243e-030 2.03032616e-025 6.38112240e-041
  1.41660892e-021 2.10655689e-026 4.91486404e-031 2.41175788e-070
  3.48819391e-050 2.15214216e-036 1.96491513e-033 1.77082084e-026
  1.00000000e+000]
 [1.15286702e-053 2.07133005e-057 1.01740190e-032 1.12056423e-035
  1.17804136e-007 1.00000000e+000 3.24426724e-047 6.85456780e-023
  2.30573654e-040 6.34809197e-039 1.67881839e-030 5.80747496e-036
  1.78210969e-021 5.49829556e-043 2.85505455e-020 1.39565327e-053
  2.41861881e-046 9.90441451e-033 1.98217076e-044 1.21982169e-024
  1.00000000e+000]
 [1.46266996e-029 7.90822118e-021 6.74830950e-033 3.07232678e-040
  4.20516901e-059 3.24426724e-047 1.00000000e+000 2.65246538e-077
  6.05113455e-043 2.03148956e-053 8.57433297e-064 4.09349706e-106
  1.55593461e-024 1.07368605e-069 2.64543750e-038 2.42079482e-010
  4.08239945e-027 1.22864180e-023 2.58717517e-029 2.42878524e-043
  1.00000000e+000]
 [3.55019974e-038 2.52403747e-082 5.41766188e-037 6.41412180e-044
  3.01082028e-028 6.85456780e-023 2.65246538e-077 1.00000000e+000
  1.66892065e-065 4.05595747e-040 5.65871103e-061 1.39444717e-009
  1.48418065e-065 4.13544484e-062 1.01092739e-035 2.78705986e-061
  5.76105352e-040 2.20809763e-057 2.03799353e-058 5.85106486e-015
  1.00000000e+000]
 [8.06270236e-046 7.16776635e-044 1.29162279e-051 3.51479084e-006
  1.85917598e-023 2.30573654e-040 6.05113455e-043 1.66892065e-065
  1.00000000e+000 2.11171345e-037 3.55594538e-046 1.31111956e-080
  2.75789862e-015 1.22428011e-021 1.83274715e-053 6.50385090e-061
  1.01646051e-037 4.49486034e-045 2.28822006e-014 2.27113419e-031
  1.00000000e+000]
 [1.24871095e-023 8.85305016e-033 1.62106616e-009 1.02981459e-031
  3.54508243e-030 6.34809197e-039 2.03148956e-053 4.05595747e-040
  2.11171345e-037 1.00000000e+000 1.46339393e-074 4.22948459e-077
  5.52040578e-045 1.39419652e-063 4.48951678e-069 1.00405496e-057
  1.36013934e-041 1.43508543e-051 2.66090088e-019 1.52042993e-027
  1.00000000e+000]
 [1.11363010e-076 5.05379687e-051 3.15075385e-071 6.95348454e-046
  2.03032616e-025 1.67881839e-030 8.57433297e-064 5.65871103e-061
  3.55594538e-046 1.46339393e-074 1.00000000e+000 2.14038975e-063
  4.41474145e-042 3.12180300e-044 1.01912457e-015 8.05247292e-072
  8.77088325e-062 6.37968695e-024 2.83817716e-065 1.28478421e-064
  1.00000000e+000]
 [1.05378153e-066 3.05601076e-119 1.85683392e-073 6.72898780e-059
  6.38112240e-041 5.80747496e-036 4.09349706e-106 1.39444717e-009
  1.31111956e-080 4.22948459e-077 2.14038975e-063 1.00000000e+000
  1.84582506e-083 1.45017251e-072 3.06165003e-038 3.03666467e-083
  2.73428975e-052 9.65514821e-081 1.18236756e-090 1.41810972e-027
  1.00000000e+000]
 [2.22820815e-055 1.98313504e-041 5.89760836e-042 4.50122291e-024
  1.41660892e-021 1.78210969e-021 1.55593461e-024 1.48418065e-065
  2.75789862e-015 5.52040578e-045 4.41474145e-042 1.84582506e-083
  1.00000000e+000 3.63518584e-039 7.36641214e-038 9.08868636e-045
  1.14818266e-040 2.19613668e-036 1.18440061e-026 2.10176321e-034
  1.00000000e+000]
 [6.44808288e-068 5.76129556e-075 1.72496193e-082 4.97944536e-014
  2.10655689e-026 5.49829556e-043 1.07368605e-069 4.13544484e-062
  1.22428011e-021 1.39419652e-063 3.12180300e-044 1.45017251e-072
  3.63518584e-039 1.00000000e+000 4.11898571e-055 7.92648793e-094
  1.01629095e-072 3.29984667e-040 1.01531795e-028 1.22461699e-048
  1.00000000e+000]
 [3.26163976e-049 3.69227408e-049 2.01829629e-050 4.58867232e-044
  4.91486404e-031 2.85505455e-020 2.64543750e-038 1.01092739e-035
  1.83274715e-053 4.48951678e-069 1.01912457e-015 3.06165003e-038
  7.36641214e-038 4.11898571e-055 1.00000000e+000 3.02276248e-033
  8.90146600e-033 1.48207717e-019 6.55745194e-061 1.35319301e-037
  1.00000000e+000]
 [4.44808372e-020 3.63831754e-030 3.27792751e-030 2.50222014e-051
  2.41175788e-070 1.39565327e-053 2.42079482e-010 2.78705986e-061
  6.50385090e-061 1.00405496e-057 8.05247292e-072 3.03666467e-083
  9.08868636e-045 7.92648793e-094 3.02276248e-033 1.00000000e+000
  1.60212675e-012 1.32035348e-035 1.75093362e-046 4.59834650e-035
  1.00000000e+000]
 [1.58703904e-013 9.00573379e-038 3.79317936e-029 2.60955597e-029
  3.48819391e-050 2.41861881e-046 4.08239945e-027 5.76105352e-040
  1.01646051e-037 1.36013934e-041 8.77088325e-062 2.73428975e-052
  1.14818266e-040 1.01629095e-072 8.90146600e-033 1.60212675e-012
  1.00000000e+000 6.20372797e-046 1.63676328e-036 6.20948477e-015
  1.00000000e+000]
 [8.76160719e-038 7.17969068e-021 1.01256420e-040 3.74812762e-035
  2.15214216e-036 9.90441451e-033 1.22864180e-023 2.20809763e-057
  4.49486034e-045 1.43508543e-051 6.37968695e-024 9.65514821e-081
  2.19613668e-036 3.29984667e-040 1.48207717e-019 1.32035348e-035
  6.20372797e-046 1.00000000e+000 1.13561521e-032 8.53414335e-052
  1.00000000e+000]
 [6.02375873e-022 3.14889734e-027 3.71907447e-029 1.99772119e-009
  1.96491513e-033 1.98217076e-044 2.58717517e-029 2.03799353e-058
  2.28822006e-014 2.66090088e-019 2.83817716e-065 1.18236756e-090
  1.18440061e-026 1.01531795e-028 6.55745194e-061 1.75093362e-046
  1.63676328e-036 1.13561521e-032 1.00000000e+000 7.97075194e-029
  1.00000000e+000]
 [4.62909345e-020 8.28248810e-059 7.58996792e-026 2.16105670e-019
  1.77082084e-026 1.21982169e-024 2.42878524e-043 5.85106486e-015
  2.27113419e-031 1.52042993e-027 1.28478421e-064 1.41810972e-027
  2.10176321e-034 1.22461699e-048 1.35319301e-037 4.59834650e-035
  6.20948477e-015 8.53414335e-052 7.97075194e-029 1.00000000e+000
  1.00000000e+000]
 [1.00000000e+000 1.00000000e+000 1.00000000e+000 1.00000000e+000
  1.00000000e+000 1.00000000e+000 1.00000000e+000 1.00000000e+000
  1.00000000e+000 1.00000000e+000 1.00000000e+000 1.00000000e+000
  1.00000000e+000 1.00000000e+000 1.00000000e+000 1.00000000e+000
  1.00000000e+000 1.00000000e+000 1.00000000e+000 1.00000000e+000
  0.00000000e+000]]
