[[1.00000000e+00 1.81626311e-47 7.84362059e-42 ... 1.04872990e-31
  1.73147931e-20 1.00000000e+00]
 [1.81626311e-47 1.00000000e+00 4.06872212e-61 ... 8.42303255e-55
  2.16512248e-50 1.00000000e+00]
 [7.84362059e-42 4.06872212e-61 1.00000000e+00 ... 9.93802208e-95
  1.22858047e-22 1.00000000e+00]
 ...
 [1.04872990e-31 8.42303255e-55 9.93802208e-95 ... 1.00000000e+00
  5.15558061e-86 1.00000000e+00]
 [1.73147931e-20 2.16512248e-50 1.22858047e-22 ... 5.15558061e-86
  1.00000000e+00 1.00000000e+00]
 [1.00000000e+00 1.00000000e+00 1.00000000e+00 ... 1.00000000e+00
  1.00000000e+00 0.00000000e+00]]
