[[1.00000000e+00 7.41955786e-81 1.72854962e-70 ... 3.56415511e-31
  1.57197855e-21 1.00000000e+00]
 [7.41955786e-81 1.00000000e+00 3.43834261e-35 ... 6.13841679e-24
  9.77528838e-46 1.00000000e+00]
 [1.72854962e-70 3.43834261e-35 1.00000000e+00 ... 2.01883539e-60
  5.99907833e-59 1.00000000e+00]
 ...
 [3.56415511e-31 6.13841679e-24 2.01883539e-60 ... 1.00000000e+00
  6.45476004e-25 1.00000000e+00]
 [1.57197855e-21 9.77528838e-46 5.99907833e-59 ... 6.45476004e-25
  1.00000000e+00 1.00000000e+00]
 [1.00000000e+00 1.00000000e+00 1.00000000e+00 ... 1.00000000e+00
  1.00000000e+00 0.00000000e+00]]
