[[1.00000000e+00 3.23922291e-28 2.60493816e-55 ... 9.49165752e-43
  1.53412449e-43 1.00000000e+00]
 [3.23922291e-28 1.00000000e+00 2.61949381e-77 ... 4.90901552e-88
  1.37805224e-43 1.00000000e+00]
 [2.60493816e-55 2.61949381e-77 1.00000000e+00 ... 2.41532219e-38
  1.87121788e-97 1.00000000e+00]
 ...
 [9.49165752e-43 4.90901552e-88 2.41532219e-38 ... 1.00000000e+00
  4.62060214e-58 1.00000000e+00]
 [1.53412449e-43 1.37805224e-43 1.87121788e-97 ... 4.62060214e-58
  1.00000000e+00 1.00000000e+00]
 [1.00000000e+00 1.00000000e+00 1.00000000e+00 ... 1.00000000e+00
  1.00000000e+00 0.00000000e+00]]
