[[1.00000000e+000 2.69406231e-086 1.04886885e-034 2.94180874e-028
  6.91580916e-094 1.65683347e-108 5.75439020e-070 1.90510541e-063
  9.41006067e-043 2.00263260e-035 4.78872243e-060 2.22719953e-070
  8.19038864e-075 2.45840609e-085 6.34622946e-047 5.04020023e-111
  1.92490410e-005 6.25243934e-067 9.52807434e-032 3.66103832e-049
  1.00000000e+000]
 [2.69406231e-086 1.00000000e+000 1.93815230e-077 2.43831840e-031
  5.73866227e-073 4.70959877e-059 3.45529420e-018 3.03534545e-026
  5.27200327e-046 2.52029561e-079 4.80383754e-078 3.13401860e-040
  1.10448994e-086 1.89295861e-028 1.19431877e-031 5.14515468e-028
  1.33571225e-079 2.16357883e-058 9.82458665e-066 1.15192676e-033
  1.00000000e+000]
 [1.04886885e-034 1.93815230e-077 1.00000000e+000 1.29667108e-039
  2.60869183e-070 4.70595717e-044 7.45582014e-077 7.11918986e-036
  1.68724711e-025 1.41605607e-011 1.44831349e-020 2.74344617e-069
  9.97808571e-015 1.45206597e-038 1.38176450e-040 1.25836677e-053
  3.44400801e-015 2.40847326e-023 1.87450410e-023 7.68002587e-062
  1.00000000e+000]
 [2.94180874e-028 2.43831840e-031 1.29667108e-039 1.00000000e+000
  7.23377181e-052 9.35356278e-051 8.04171121e-015 1.12705597e-024
  9.26883877e-028 5.12041376e-038 8.42883082e-036 2.42185586e-024
  2.11188861e-056 8.99589080e-050 3.30275875e-023 7.03294961e-054
  9.86310930e-025 2.26434982e-031 3.33013494e-035 1.87117488e-026
  1.00000000e+000]
 [6.91580916e-094 5.73866227e-073 2.60869183e-070 7.23377181e-052
  1.00000000e+000 1.40234492e-074 5.36070131e-076 2.57022625e-072
  3.87242205e-075 5.60280544e-077 5.37272833e-039 1.38805703e-103
  6.86910011e-073 5.72483177e-065 3.03768876e-094 1.34297647e-078
  1.84872242e-076 1.30176460e-026 1.12246407e-111 9.70533270e-050
  1.00000000e+000]
 [1.65683347e-108 4.70959877e-059 4.70595717e-044 9.35356278e-051
  1.40234492e-074 1.00000000e+000 2.91577707e-047 4.96005511e-043
  2.56528343e-066 3.13820909e-039 1.39306185e-033 5.14034481e-036
  1.22620770e-038 9.21359853e-038 9.09603059e-066 3.83182159e-024
  1.06812307e-075 8.31130201e-031 3.15319929e-074 4.44652207e-068
  1.00000000e+000]
 [5.75439020e-070 3.45529420e-018 7.45582014e-077 8.04171121e-015
  5.36070131e-076 2.91577707e-047 1.00000000e+000 9.01237865e-036
  1.79002711e-058 8.00124975e-067 1.75897911e-063 4.34014863e-010
  3.93309452e-089 1.95192017e-057 4.25392891e-042 1.59086546e-049
  1.39542268e-064 2.04967832e-057 1.12463882e-070 1.05539793e-031
  1.00000000e+000]
 [1.90510541e-063 3.03534545e-026 7.11918986e-036 1.12705597e-024
  2.57022625e-072 4.96005511e-043 9.01237865e-036 1.00000000e+000
  1.69688800e-008 7.38597413e-058 1.79868040e-035 2.86524696e-050
  9.41687823e-028 3.61302216e-033 4.52346317e-013 1.24640927e-032
  9.86363242e-050 3.49055136e-024 1.67438605e-030 2.00496171e-066
  1.00000000e+000]
 [9.41006067e-043 5.27200327e-046 1.68724711e-025 9.26883877e-028
  3.87242205e-075 2.56528343e-066 1.79002711e-058 1.69688800e-008
  1.00000000e+000 3.26960587e-051 3.38334110e-038 2.17737800e-073
  2.77154455e-026 3.47493808e-040 5.92837585e-010 3.53502035e-050
  1.68023494e-033 7.60434071e-027 2.56526117e-015 1.38220325e-071
  1.00000000e+000]
 [2.00263260e-035 2.52029561e-079 1.41605607e-011 5.12041376e-038
  5.60280544e-077 3.13820909e-039 8.00124975e-067 7.38597413e-058
  3.26960587e-051 1.00000000e+000 1.11833114e-036 1.86616310e-049
  2.26170391e-042 2.40994606e-040 4.29064212e-052 2.02064395e-052
  1.59947856e-017 1.78993191e-040 1.30171497e-032 3.65907872e-041
  1.00000000e+000]
 [4.78872243e-060 4.80383754e-078 1.44831349e-020 8.42883082e-036
  5.37272833e-039 1.39306185e-033 1.75897911e-063 1.79868040e-035
  3.38334110e-038 1.11833114e-036 1.00000000e+000 7.51917685e-066
  3.70721492e-013 2.28261735e-060 2.64792735e-063 5.17852285e-066
  6.25393903e-036 6.94112349e-007 3.85297717e-062 3.30503589e-071
  1.00000000e+000]
 [2.22719953e-070 3.13401860e-040 2.74344617e-069 2.42185586e-024
  1.38805703e-103 5.14034481e-036 4.34014863e-010 2.86524696e-050
  2.17737800e-073 1.86616310e-049 7.51917685e-066 1.00000000e+000
  2.20078465e-088 5.74973108e-065 1.87638928e-053 1.04856627e-053
  3.63811136e-060 2.14597783e-068 1.04474657e-068 1.19414279e-040
  1.00000000e+000]
 [8.19038864e-075 1.10448994e-086 9.97808571e-015 2.11188861e-056
  6.86910011e-073 1.22620770e-038 3.93309452e-089 9.41687823e-028
  2.77154455e-026 2.26170391e-042 3.70721492e-013 2.20078465e-088
  1.00000000e+000 1.08309122e-051 1.93424256e-052 5.44120635e-057
  2.38954869e-046 2.45842636e-014 8.30206112e-046 1.22809421e-101
  1.00000000e+000]
 [2.45840609e-085 1.89295861e-028 1.45206597e-038 8.99589080e-050
  5.72483177e-065 9.21359853e-038 1.95192017e-057 3.61302216e-033
  3.47493808e-040 2.40994606e-040 2.28261735e-060 5.74973108e-065
  1.08309122e-051 1.00000000e+000 2.84682097e-034 4.29454617e-007
  7.23015064e-065 1.79559586e-039 2.43688380e-044 4.21701434e-040
  1.00000000e+000]
 [6.34622946e-047 1.19431877e-031 1.38176450e-040 3.30275875e-023
  3.03768876e-094 9.09603059e-066 4.25392891e-042 4.52346317e-013
  5.92837585e-010 4.29064212e-052 2.64792735e-063 1.87638928e-053
  1.93424256e-052 2.84682097e-034 1.00000000e+000 2.61119081e-038
  3.45873938e-042 3.95474409e-046 5.60021254e-011 4.46720606e-058
  1.00000000e+000]
 [5.04020023e-111 5.14515468e-028 1.25836677e-053 7.03294961e-054
  1.34297647e-078 3.83182159e-024 1.59086546e-049 1.24640927e-032
  3.53502035e-050 2.02064395e-052 5.17852285e-066 1.04856627e-053
  5.44120635e-057 4.29454617e-007 2.61119081e-038 1.00000000e+000
  3.77707614e-086 9.42198306e-044 7.71729862e-056 6.07083275e-054
  1.00000000e+000]
 [1.92490410e-005 1.33571225e-079 3.44400801e-015 9.86310930e-025
  1.84872242e-076 1.06812307e-075 1.39542268e-064 9.86363242e-050
  1.68023494e-033 1.59947856e-017 6.25393903e-036 3.63811136e-060
  2.38954869e-046 7.23015064e-065 3.45873938e-042 3.77707614e-086
  1.00000000e+000 1.63708224e-043 3.19979261e-025 8.85663509e-046
  1.00000000e+000]
 [6.25243934e-067 2.16357883e-058 2.40847326e-023 2.26434982e-031
  1.30176460e-026 8.31130201e-031 2.04967832e-057 3.49055136e-024
  7.60434071e-027 1.78993191e-040 6.94112349e-007 2.14597783e-068
  2.45842636e-014 1.79559586e-039 3.95474409e-046 9.42198306e-044
  1.63708224e-043 1.00000000e+000 1.12380321e-052 5.75780359e-062
  1.00000000e+000]
 [9.52807434e-032 9.82458665e-066 1.87450410e-023 3.33013494e-035
  1.12246407e-111 3.15319929e-074 1.12463882e-070 1.67438605e-030
  2.56526117e-015 1.30171497e-032 3.85297717e-062 1.04474657e-068
  8.30206112e-046 2.43688380e-044 5.60021254e-011 7.71729862e-056
  3.19979261e-025 1.12380321e-052 1.00000000e+000 1.85786394e-069
  1.00000000e+000]
 [3.66103832e-049 1.15192676e-033 7.68002587e-062 1.87117488e-026
  9.70533270e-050 4.44652207e-068 1.05539793e-031 2.00496171e-066
  1.38220325e-071 3.65907872e-041 3.30503589e-071 1.19414279e-040
  1.22809421e-101 4.21701434e-040 4.46720606e-058 6.07083275e-054
  8.85663509e-046 5.75780359e-062 1.85786394e-069 1.00000000e+000
  1.00000000e+000]
 [1.00000000e+000 1.00000000e+000 1.00000000e+000 1.00000000e+000
  1.00000000e+000 1.00000000e+000 1.00000000e+000 1.00000000e+000
  1.00000000e+000 1.00000000e+000 1.00000000e+000 1.00000000e+000
  1.00000000e+000 1.00000000e+000 1.00000000e+000 1.00000000e+000
  1.00000000e+000 1.00000000e+000 1.00000000e+000 1.00000000e+000
  0.00000000e+000]]
