[[1.00000000e+000 2.15100660e-041 5.53923711e-051 1.42728133e-040
  3.79490061e-032 6.87995521e-020 4.85408496e-033 1.95317734e-033
  4.76987728e-029 3.53439235e-027 1.40303755e-028 6.98391131e-034
  2.95729671e-025 6.34996017e-026 2.53768688e-014 5.75060233e-023
  1.11049168e-021 4.30419901e-024 1.10672215e-020 5.38171795e-044
  1.00000000e+000]
 [2.15100660e-041 1.00000000e+000 8.15010938e-061 1.25844664e-101
  1.81772489e-031 4.39396110e-056 2.67597797e-062 1.04308213e-057
  4.81548813e-066 2.81033548e-058 3.63679839e-023 7.23891935e-038
  1.06216353e-083 4.42078600e-036 1.41544000e-010 8.35032717e-085
  9.97452703e-056 3.51072494e-009 1.17005889e-044 2.37295028e-089
  1.00000000e+000]
 [5.53923711e-051 8.15010938e-061 1.00000000e+000 5.94860159e-061
  2.13576348e-059 1.00938684e-020 8.58116303e-063 1.58153838e-062
  2.56966613e-013 9.01768729e-023 4.75274904e-038 2.10225635e-050
  2.48537505e-033 2.04466802e-021 8.62627631e-056 1.74435795e-072
  2.11518842e-044 1.86109382e-033 2.78964249e-044 4.37396857e-020
  1.00000000e+000]
 [1.42728133e-040 1.25844664e-101 5.94860159e-061 1.00000000e+000
  2.81572214e-112 1.43798375e-042 2.17433704e-079 1.50972562e-064
  3.14868987e-027 7.68597397e-031 1.99024462e-082 3.97326420e-097
  1.15533914e-011 5.34963241e-074 6.52005758e-060 6.62888779e-088
  8.02860476e-079 7.26948867e-068 5.33824536e-070 1.67339164e-039
  1.00000000e+000]
 [3.79490061e-032 1.81772489e-031 2.13576348e-059 2.81572214e-112
  1.00000000e+000 2.26462815e-037 1.40259040e-057 1.26767494e-032
  7.02014038e-052 2.78006876e-050 1.38628185e-041 8.15393541e-051
  1.23176406e-084 1.66901269e-041 4.26498400e-033 3.39226265e-030
  1.15859263e-014 2.64861048e-030 9.46821901e-032 1.12663502e-086
  1.00000000e+000]
 [6.87995521e-020 4.39396110e-056 1.00938684e-020 1.43798375e-042
  2.26462815e-037 1.00000000e+000 4.41483851e-020 5.25731051e-022
  7.51874376e-008 1.13862035e-004 8.92935506e-042 2.29646762e-045
  2.06541280e-026 3.79142678e-029 8.64748656e-037 3.88514875e-038
  6.12497847e-028 1.17250665e-033 1.61658232e-013 8.58298165e-013
  1.00000000e+000]
 [4.85408496e-033 2.67597797e-062 8.58116303e-063 2.17433704e-079
  1.40259040e-057 4.41483851e-020 1.00000000e+000 8.00889404e-036
  1.96381827e-047 3.72400686e-027 1.62234406e-056 1.48185400e-048
  3.04773843e-064 1.12833674e-051 5.49249543e-042 3.12732677e-066
  3.43679821e-065 5.91464948e-051 2.11272810e-014 7.56919370e-033
  1.00000000e+000]
 [1.95317734e-033 1.04308213e-057 1.58153838e-062 1.50972562e-064
  1.26767494e-032 5.25731051e-022 8.00889404e-036 1.00000000e+000
  3.54539736e-031 2.19214503e-024 1.17648481e-063 2.17955151e-066
  7.80453409e-062 8.16622448e-069 4.58695846e-044 2.04876750e-044
  5.68703363e-035 2.00693406e-045 2.24728844e-037 1.32730031e-056
  1.00000000e+000]
 [4.76987728e-029 4.81548813e-066 2.56966613e-013 3.14868987e-027
  7.02014038e-052 7.51874376e-008 1.96381827e-047 3.54539736e-031
  1.00000000e+000 8.39405584e-007 3.95692167e-047 8.18293560e-058
  2.14110293e-015 1.08559749e-033 3.32606775e-046 2.55887864e-048
  1.95873041e-031 1.04524282e-036 6.35181425e-034 1.17772689e-014
  1.00000000e+000]
 [3.53439235e-027 2.81033548e-058 9.01768729e-023 7.68597397e-031
  2.78006876e-050 1.13862035e-004 3.72400686e-027 2.19214503e-024
  8.39405584e-007 1.00000000e+000 2.37077088e-054 2.52024568e-063
  7.07234550e-026 1.11973294e-041 6.66498028e-039 5.15618449e-059
  3.34407961e-043 1.32101829e-038 2.83013823e-018 2.59673463e-013
  1.00000000e+000]
 [1.40303755e-028 3.63679839e-023 4.75274904e-038 1.99024462e-082
  1.38628185e-041 8.92935506e-042 1.62234406e-056 1.17648481e-063
  3.95692167e-047 2.37077088e-054 1.00000000e+000 3.61779810e-005
  2.92222947e-047 1.10356411e-007 3.48665722e-019 1.83329201e-052
  8.24993845e-036 1.50025682e-006 1.41073144e-049 5.53787177e-058
  1.00000000e+000]
 [6.98391131e-034 7.23891935e-038 2.10225635e-050 3.97326420e-097
  8.15393541e-051 2.29646762e-045 1.48185400e-048 2.17955151e-066
  8.18293560e-058 2.52024568e-063 3.61779810e-005 1.00000000e+000
  7.79634776e-057 1.07086948e-013 2.76596432e-030 1.45829377e-051
  7.63552484e-043 2.00708118e-017 2.94974375e-054 1.80135541e-059
  1.00000000e+000]
 [2.95729671e-025 1.06216353e-083 2.48537505e-033 1.15533914e-011
  1.23176406e-084 2.06541280e-026 3.04773843e-064 7.80453409e-062
  2.14110293e-015 7.07234550e-026 2.92222947e-047 7.79634776e-057
  1.00000000e+000 2.76540446e-035 1.14741983e-047 3.81933693e-055
  7.15936061e-048 2.38996880e-045 2.86519894e-053 7.44932249e-023
  1.00000000e+000]
 [6.34996017e-026 4.42078600e-036 2.04466802e-021 5.34963241e-074
  1.66901269e-041 3.79142678e-029 1.12833674e-051 8.16622448e-069
  1.08559749e-033 1.11973294e-041 1.10356411e-007 1.07086948e-013
  2.76540446e-035 1.00000000e+000 3.30814009e-027 1.00926325e-045
  5.37565513e-030 2.73948501e-014 4.52742247e-036 8.09452966e-039
  1.00000000e+000]
 [2.53768688e-014 1.41544000e-010 8.62627631e-056 6.52005758e-060
  4.26498400e-033 8.64748656e-037 5.49249543e-042 4.58695846e-044
  3.32606775e-046 6.66498028e-039 3.48665722e-019 2.76596432e-030
  1.14741983e-047 3.30814009e-027 1.00000000e+000 1.40827646e-057
  7.09355052e-042 1.22183402e-008 1.62189323e-028 1.60994732e-063
  1.00000000e+000]
 [5.75060233e-023 8.35032717e-085 1.74435795e-072 6.62888779e-088
  3.39226265e-030 3.88514875e-038 3.12732677e-066 2.04876750e-044
  2.55887864e-048 5.15618449e-059 1.83329201e-052 1.45829377e-051
  3.81933693e-055 1.00926325e-045 1.40827646e-057 1.00000000e+000
  3.79494108e-008 8.45182902e-057 3.43158680e-050 4.77923644e-076
  1.00000000e+000]
 [1.11049168e-021 9.97452703e-056 2.11518842e-044 8.02860476e-079
  1.15859263e-014 6.12497847e-028 3.43679821e-065 5.68703363e-035
  1.95873041e-031 3.34407961e-043 8.24993845e-036 7.63552484e-043
  7.15936061e-048 5.37565513e-030 7.09355052e-042 3.79494108e-008
  1.00000000e+000 9.08443802e-034 2.31581361e-041 8.93957272e-065
  1.00000000e+000]
 [4.30419901e-024 3.51072494e-009 1.86109382e-033 7.26948867e-068
  2.64861048e-030 1.17250665e-033 5.91464948e-051 2.00693406e-045
  1.04524282e-036 1.32101829e-038 1.50025682e-006 2.00708118e-017
  2.38996880e-045 2.73948501e-014 1.22183402e-008 8.45182902e-057
  9.08443802e-034 1.00000000e+000 2.76246020e-038 2.10791099e-055
  1.00000000e+000]
 [1.10672215e-020 1.17005889e-044 2.78964249e-044 5.33824536e-070
  9.46821901e-032 1.61658232e-013 2.11272810e-014 2.24728844e-037
  6.35181425e-034 2.83013823e-018 1.41073144e-049 2.94974375e-054
  2.86519894e-053 4.52742247e-036 1.62189323e-028 3.43158680e-050
  2.31581361e-041 2.76246020e-038 1.00000000e+000 8.88669088e-035
  1.00000000e+000]
 [5.38171795e-044 2.37295028e-089 4.37396857e-020 1.67339164e-039
  1.12663502e-086 8.58298165e-013 7.56919370e-033 1.32730031e-056
  1.17772689e-014 2.59673463e-013 5.53787177e-058 1.80135541e-059
  7.44932249e-023 8.09452966e-039 1.60994732e-063 4.77923644e-076
  8.93957272e-065 2.10791099e-055 8.88669088e-035 1.00000000e+000
  1.00000000e+000]
 [1.00000000e+000 1.00000000e+000 1.00000000e+000 1.00000000e+000
  1.00000000e+000 1.00000000e+000 1.00000000e+000 1.00000000e+000
  1.00000000e+000 1.00000000e+000 1.00000000e+000 1.00000000e+000
  1.00000000e+000 1.00000000e+000 1.00000000e+000 1.00000000e+000
  1.00000000e+000 1.00000000e+000 1.00000000e+000 1.00000000e+000
  0.00000000e+000]]
