[[1.00000000e+000 1.28172276e-044 1.09757398e-036 1.89963348e-035
  1.74492203e-049 6.70947119e-029 9.14554670e-077 8.14462896e-059
  8.63114720e-045 2.31924853e-050 2.46066618e-031 1.74126919e-076
  4.34145871e-042 9.57778456e-028 1.13855324e-051 3.62148308e-033
  3.88513916e-030 5.87173737e-079 5.09493421e-041 1.59766919e-037
  1.00000000e+000]
 [1.28172276e-044 1.00000000e+000 6.00636799e-080 2.65511812e-023
  2.91435590e-043 1.36517721e-051 3.72689080e-040 2.19066041e-047
  5.29201077e-023 5.96732695e-030 8.69287537e-056 4.22214736e-010
  1.84571285e-030 2.12341965e-051 2.63241192e-047 7.34044140e-018
  1.25658292e-051 2.37839343e-022 1.37389709e-031 2.00547771e-052
  1.00000000e+000]
 [1.09757398e-036 6.00636799e-080 1.00000000e+000 2.62276986e-060
  2.91965303e-068 1.35419040e-028 1.37551024e-055 1.32813671e-090
  3.25166844e-066 1.47989258e-039 1.09384741e-037 2.11023315e-114
  2.24880773e-027 1.65896269e-020 6.50655731e-028 5.39397406e-086
  1.81563716e-081 5.41762825e-080 2.58746290e-066 6.58372668e-031
  1.00000000e+000]
 [1.89963348e-035 2.65511812e-023 2.62276986e-060 1.00000000e+000
  5.41873207e-019 5.36245152e-035 6.46924266e-042 3.86639707e-050
  1.84516212e-021 1.61320621e-051 2.10539022e-046 9.57617695e-043
  3.48857293e-018 2.59404403e-044 7.75420808e-052 4.01091685e-010
  2.28307281e-083 1.29893771e-038 1.09921267e-015 1.91570053e-018
  1.00000000e+000]
 [1.74492203e-049 2.91435590e-043 2.91965303e-068 5.41873207e-019
  1.00000000e+000 3.01349778e-039 2.27204442e-071 2.47324870e-060
  4.72616102e-013 1.64152439e-066 6.39816540e-031 5.18363044e-059
  2.66479336e-044 8.96561709e-034 1.06572892e-054 2.19636506e-020
  7.25969982e-073 1.01831607e-034 2.10155411e-004 4.44378182e-023
  1.00000000e+000]
 [6.70947119e-029 1.36517721e-051 1.35419040e-028 5.36245152e-035
  3.01349778e-039 1.00000000e+000 2.21426614e-033 7.22823344e-028
  4.31247462e-049 5.99549379e-065 5.27477599e-020 8.99496628e-063
  3.47643131e-025 2.72897646e-025 2.97351226e-020 6.62410257e-039
  1.46146638e-064 5.96027089e-075 1.38455262e-037 8.73959310e-025
  1.00000000e+000]
 [9.14554670e-077 3.72689080e-040 1.37551024e-055 6.46924266e-042
  2.27204442e-071 2.21426614e-033 1.00000000e+000 2.83430247e-038
  1.07580779e-069 1.73761516e-054 1.30215001e-074 3.82867921e-046
  1.92806596e-014 9.48404326e-068 7.37508326e-020 3.97943879e-059
  5.12162105e-121 3.13532441e-055 2.82366286e-069 1.90114006e-040
  1.00000000e+000]
 [8.14462896e-059 2.19066041e-047 1.32813671e-090 3.86639707e-050
  2.47324870e-060 7.22823344e-028 2.83430247e-038 1.00000000e+000
  4.49784736e-078 1.93636688e-102 2.92870330e-070 3.16617141e-050
  1.11851846e-055 5.70507718e-082 1.70694693e-034 2.25393933e-036
  1.24798053e-083 1.49505669e-084 9.45108989e-064 5.16311667e-049
  1.00000000e+000]
 [8.63114720e-045 5.29201077e-023 3.25166844e-066 1.84516212e-021
  4.72616102e-013 4.31247462e-049 1.07580779e-069 4.49784736e-078
  1.00000000e+000 6.85927404e-035 5.11182331e-026 6.78111910e-036
  6.82701843e-038 1.33336244e-023 5.35080084e-059 1.03337185e-021
  8.25272340e-051 2.65650877e-019 4.23390916e-005 1.12401099e-041
  1.00000000e+000]
 [2.31924853e-050 5.96732695e-030 1.47989258e-039 1.61320621e-051
  1.64152439e-066 5.99549379e-065 1.73761516e-054 1.93636688e-102
  6.85927404e-035 1.00000000e+000 2.76757809e-055 1.45083179e-056
  1.63405035e-028 1.40989304e-031 9.81391990e-042 1.34944759e-066
  9.43929367e-059 3.32381380e-025 2.08231379e-054 4.06168257e-056
  1.00000000e+000]
 [2.46066618e-031 8.69287537e-056 1.09384741e-037 2.10539022e-046
  6.39816540e-031 5.27477599e-020 1.30215001e-074 2.92870330e-070
  5.11182331e-026 2.76757809e-055 1.00000000e+000 1.44807703e-065
  2.27287200e-045 2.37348298e-006 5.53825823e-047 1.36146437e-044
  2.78306857e-039 3.59947062e-066 3.39436638e-022 5.64119741e-047
  1.00000000e+000]
 [1.74126919e-076 4.22214736e-010 2.11023315e-114 9.57617695e-043
  5.18363044e-059 8.99496628e-063 3.82867921e-046 3.16617141e-050
  6.78111910e-036 1.45083179e-056 1.44807703e-065 1.00000000e+000
  9.19970035e-050 2.50373404e-071 8.11706723e-064 2.53745641e-029
  4.80119078e-070 1.37539118e-037 8.36958010e-044 2.94439197e-083
  1.00000000e+000]
 [4.34145871e-042 1.84571285e-030 2.24880773e-027 3.48857293e-018
  2.66479336e-044 3.47643131e-025 1.92806596e-014 1.11851846e-055
  6.82701843e-038 1.63405035e-028 2.27287200e-045 9.19970035e-050
  1.00000000e+000 6.24648524e-034 2.82736197e-024 2.32597790e-040
  7.60226642e-092 3.46357950e-040 4.38195547e-039 5.78300590e-020
  1.00000000e+000]
 [9.57778456e-028 2.12341965e-051 1.65896269e-020 2.59404403e-044
  8.96561709e-034 2.72897646e-025 9.48404326e-068 5.70507718e-082
  1.33336244e-023 1.40989304e-031 2.37348298e-006 2.50373404e-071
  6.24648524e-034 1.00000000e+000 1.49080170e-037 8.26614277e-052
  6.23773585e-040 3.18183645e-051 6.75315777e-026 4.79866250e-038
  1.00000000e+000]
 [1.13855324e-051 2.63241192e-047 6.50655731e-028 7.75420808e-052
  1.06572892e-054 2.97351226e-020 7.37508326e-020 1.70694693e-034
  5.35080084e-059 9.81391990e-042 5.53825823e-047 8.11706723e-064
  2.82736197e-024 1.49080170e-037 1.00000000e+000 7.77604286e-062
  5.01766663e-075 1.85268462e-048 2.69075183e-058 2.07957738e-027
  1.00000000e+000]
 [3.62148308e-033 7.34044140e-018 5.39397406e-086 4.01091685e-010
  2.19636506e-020 6.62410257e-039 3.97943879e-059 2.25393933e-036
  1.03337185e-021 1.34944759e-066 1.36146437e-044 2.53745641e-029
  2.32597790e-040 8.26614277e-052 7.77604286e-062 1.00000000e+000
  4.97558521e-058 9.64195512e-046 8.31868148e-015 6.03208686e-037
  1.00000000e+000]
 [3.88513916e-030 1.25658292e-051 1.81563716e-081 2.28307281e-083
  7.25969982e-073 1.46146638e-064 5.12162105e-121 1.24798053e-083
  8.25272340e-051 9.43929367e-059 2.78306857e-039 4.80119078e-070
  7.60226642e-092 6.23773585e-040 5.01766663e-075 4.97558521e-058
  1.00000000e+000 3.69897246e-080 2.26009451e-058 8.39332731e-094
  1.00000000e+000]
 [5.87173737e-079 2.37839343e-022 5.41762825e-080 1.29893771e-038
  1.01831607e-034 5.96027089e-075 3.13532441e-055 1.49505669e-084
  2.65650877e-019 3.32381380e-025 3.59947062e-066 1.37539118e-037
  3.46357950e-040 3.18183645e-051 1.85268462e-048 9.64195512e-046
  3.69897246e-080 1.00000000e+000 2.60644132e-032 1.79565463e-049
  1.00000000e+000]
 [5.09493421e-041 1.37389709e-031 2.58746290e-066 1.09921267e-015
  2.10155411e-004 1.38455262e-037 2.82366286e-069 9.45108989e-064
  4.23390916e-005 2.08231379e-054 3.39436638e-022 8.36958010e-044
  4.38195547e-039 6.75315777e-026 2.69075183e-058 8.31868148e-015
  2.26009451e-058 2.60644132e-032 1.00000000e+000 2.19406790e-031
  1.00000000e+000]
 [1.59766919e-037 2.00547771e-052 6.58372668e-031 1.91570053e-018
  4.44378182e-023 8.73959310e-025 1.90114006e-040 5.16311667e-049
  1.12401099e-041 4.06168257e-056 5.64119741e-047 2.94439197e-083
  5.78300590e-020 4.79866250e-038 2.07957738e-027 6.03208686e-037
  8.39332731e-094 1.79565463e-049 2.19406790e-031 1.00000000e+000
  1.00000000e+000]
 [1.00000000e+000 1.00000000e+000 1.00000000e+000 1.00000000e+000
  1.00000000e+000 1.00000000e+000 1.00000000e+000 1.00000000e+000
  1.00000000e+000 1.00000000e+000 1.00000000e+000 1.00000000e+000
  1.00000000e+000 1.00000000e+000 1.00000000e+000 1.00000000e+000
  1.00000000e+000 1.00000000e+000 1.00000000e+000 1.00000000e+000
  0.00000000e+000]]
