[[1.         0.05260375 0.0046661  ... 0.24955323 0.05490091 0.1342819 ]
 [0.05260375 1.         0.07109591 ... 0.01483158 0.02953051 0.04199704]
 [0.0046661  0.07109591 1.         ... 0.02908672 0.04017973 0.0275151 ]
 ...
 [0.24955323 0.01483158 0.02908672 ... 1.         0.08031849 0.03905338]
 [0.05490091 0.02953051 0.04017973 ... 0.08031849 1.         0.17515286]
 [0.1342819  0.04199704 0.0275151  ... 0.03905338 0.17515286 1.        ]]
