[[1.00000000e+00 7.32700512e-45 8.98789449e-25 ... 1.26129593e-49
  1.20532969e-42 1.00000000e+00]
 [7.32700512e-45 1.00000000e+00 2.74354462e-11 ... 6.12530279e-56
  1.43820435e-58 1.00000000e+00]
 [8.98789449e-25 2.74354462e-11 1.00000000e+00 ... 2.42816355e-37
  5.07332062e-54 1.00000000e+00]
 ...
 [1.26129593e-49 6.12530279e-56 2.42816355e-37 ... 1.00000000e+00
  1.02265134e-26 1.00000000e+00]
 [1.20532969e-42 1.43820435e-58 5.07332062e-54 ... 1.02265134e-26
  1.00000000e+00 1.00000000e+00]
 [1.00000000e+00 1.00000000e+00 1.00000000e+00 ... 1.00000000e+00
  1.00000000e+00 0.00000000e+00]]
