[[1.00000000e+00 6.63042996e-41 4.66995173e-42 2.78220626e-40
  7.05439764e-59 7.67467467e-91 3.28581542e-43 1.42217630e-58
  8.89122353e-49 3.00343002e-41 2.78489747e-45 7.92070633e-29
  1.17540096e-58 2.60940639e-70 5.06473946e-59 3.03093327e-70
  1.24933780e-67 1.54542421e-82 1.41699567e-07 1.14572312e-44
  1.00000000e+00]
 [6.63042996e-41 1.00000000e+00 4.02536648e-17 7.21551072e-62
  2.88354487e-41 1.49508767e-55 2.26241808e-53 1.75772718e-31
  6.38943803e-31 1.39279150e-22 4.47741983e-32 7.21500495e-19
  5.50978723e-67 7.49221874e-21 6.89673733e-57 2.37940571e-64
  3.18493262e-33 4.44043308e-19 2.01879523e-34 1.53827462e-41
  1.00000000e+00]
 [4.66995173e-42 4.02536648e-17 1.00000000e+00 2.43935920e-56
  7.79494888e-22 4.59755272e-49 1.27642993e-62 7.97194654e-16
  3.61210586e-43 5.76535516e-23 1.00208222e-49 4.72372164e-26
  2.21519484e-59 9.47562284e-39 6.89537375e-65 1.54110399e-46
  6.26961724e-45 4.31963863e-21 2.56910789e-32 4.96343253e-21
  1.00000000e+00]
 [2.78220626e-40 7.21551072e-62 2.43935920e-56 1.00000000e+00
  1.26796309e-68 1.66853517e-28 2.43681592e-12 2.49117301e-50
  3.71493906e-53 2.83350398e-27 9.18755928e-39 5.32059135e-44
  4.33530792e-06 6.78405625e-46 1.87318489e-22 5.57883154e-24
  1.08398001e-49 7.79521687e-78 2.13145104e-50 7.46054707e-26
  1.00000000e+00]
 [7.05439764e-59 2.88354487e-41 7.79494888e-22 1.26796309e-68
  1.00000000e+00 2.75328605e-81 1.23053004e-64 2.34780665e-26
  7.32250562e-20 2.44353954e-62 3.22725083e-49 5.14752368e-19
  6.08474354e-66 5.18478687e-66 9.04701675e-77 3.29132279e-86
  1.82076272e-54 2.33182888e-47 2.27799104e-63 3.58163437e-51
  1.00000000e+00]
 [7.67467467e-91 1.49508767e-55 4.59755272e-49 1.66853517e-28
  2.75328605e-81 1.00000000e+00 9.25648122e-36 7.08566510e-36
  7.55064784e-80 1.37781323e-24 3.88163157e-50 1.29592369e-71
  6.87561069e-27 2.89523700e-20 4.93130547e-41 1.49257702e-09
  2.26523890e-47 1.81997750e-38 3.20115297e-83 4.36561559e-22
  1.00000000e+00]
 [3.28581542e-43 2.26241808e-53 1.27642993e-62 2.43681592e-12
  1.23053004e-64 9.25648122e-36 1.00000000e+00 1.24270073e-40
  1.14505349e-39 5.38795888e-42 2.59537969e-12 9.09891638e-41
  5.45346617e-23 2.41062942e-31 3.74509816e-23 1.80456659e-36
  6.14740714e-38 1.21976776e-62 7.85936343e-52 2.94517926e-40
  1.00000000e+00]
 [1.42217630e-58 1.75772718e-31 7.97194654e-16 2.49117301e-50
  2.34780665e-26 7.08566510e-36 1.24270073e-40 1.00000000e+00
  4.27814377e-45 7.64623035e-36 2.00482049e-26 4.63309533e-39
  1.54359161e-59 3.42175159e-29 9.18677174e-48 3.47152711e-37
  4.24588818e-28 1.41028340e-13 1.03134841e-44 1.55844705e-28
  1.00000000e+00]
 [8.89122353e-49 6.38943803e-31 3.61210586e-43 3.71493906e-53
  7.32250562e-20 7.55064784e-80 1.14505349e-39 4.27814377e-45
  1.00000000e+00 6.35413079e-56 9.34322840e-27 6.04424386e-06
  5.24413909e-52 5.06502519e-50 6.40088397e-51 2.43565184e-95
  1.35508948e-37 3.36983962e-57 1.11266595e-62 7.57950617e-67
  1.00000000e+00]
 [3.00343002e-41 1.39279150e-22 5.76535516e-23 2.83350398e-27
  2.44353954e-62 1.37781323e-24 5.38795888e-42 7.64623035e-36
  6.35413079e-56 1.00000000e+00 7.79310185e-47 5.16021255e-35
  1.21482281e-32 1.04562588e-27 7.44608058e-29 5.73096182e-27
  2.53804533e-31 6.34808754e-37 2.60306549e-33 3.36603778e-21
  1.00000000e+00]
 [2.78489747e-45 4.47741983e-32 1.00208222e-49 9.18755928e-39
  3.22725083e-49 3.88163157e-50 2.59537969e-12 2.00482049e-26
  9.34322840e-27 7.79310185e-47 1.00000000e+00 1.66024399e-30
  6.88209319e-53 8.83421454e-23 2.30765264e-31 4.01524317e-57
  4.84699241e-23 5.97886080e-37 1.60318807e-45 1.99759739e-53
  1.00000000e+00]
 [7.92070633e-29 7.21500495e-19 4.72372164e-26 5.32059135e-44
  5.14752368e-19 1.29592369e-71 9.09891638e-41 4.63309533e-39
  6.04424386e-06 5.16021255e-35 1.66024399e-30 1.00000000e+00
  7.31980077e-46 1.31401996e-46 2.11657142e-44 1.92573739e-79
  3.93321144e-34 2.87664938e-50 5.05827042e-38 2.04038864e-49
  1.00000000e+00]
 [1.17540096e-58 5.50978723e-67 2.21519484e-59 4.33530792e-06
  6.08474354e-66 6.87561069e-27 5.45346617e-23 1.54359161e-59
  5.24413909e-52 1.21482281e-32 6.88209319e-53 7.31980077e-46
  1.00000000e+00 1.54865157e-48 7.91976962e-36 3.53132107e-29
  3.65985926e-62 1.02570099e-82 3.59800497e-74 6.68905367e-27
  1.00000000e+00]
 [2.60940639e-70 7.49221874e-21 9.47562284e-39 6.78405625e-46
  5.18478687e-66 2.89523700e-20 2.41062942e-31 3.42175159e-29
  5.06502519e-50 1.04562588e-27 8.83421454e-23 1.31401996e-46
  1.54865157e-48 1.00000000e+00 1.20702759e-48 1.80402131e-33
  2.26381940e-35 5.21070659e-16 1.60926938e-63 2.06822621e-33
  1.00000000e+00]
 [5.06473946e-59 6.89673733e-57 6.89537375e-65 1.87318489e-22
  9.04701675e-77 4.93130547e-41 3.74509816e-23 9.18677174e-48
  6.40088397e-51 7.44608058e-29 2.30765264e-31 2.11657142e-44
  7.91976962e-36 1.20702759e-48 1.00000000e+00 7.86765482e-52
  8.91338933e-14 5.38184817e-68 3.71213461e-56 3.34843766e-61
  1.00000000e+00]
 [3.03093327e-70 2.37940571e-64 1.54110399e-46 5.57883154e-24
  3.29132279e-86 1.49257702e-09 1.80456659e-36 3.47152711e-37
  2.43565184e-95 5.73096182e-27 4.01524317e-57 1.92573739e-79
  3.53132107e-29 1.80402131e-33 7.86765482e-52 1.00000000e+00
  3.19460561e-66 1.19612595e-50 1.73533325e-62 1.18971049e-10
  1.00000000e+00]
 [1.24933780e-67 3.18493262e-33 6.26961724e-45 1.08398001e-49
  1.82076272e-54 2.26523890e-47 6.14740714e-38 4.24588818e-28
  1.35508948e-37 2.53804533e-31 4.84699241e-23 3.93321144e-34
  3.65985926e-62 2.26381940e-35 8.91338933e-14 3.19460561e-66
  1.00000000e+00 2.21400504e-34 1.10872804e-55 6.60901849e-67
  1.00000000e+00]
 [1.54542421e-82 4.44043308e-19 4.31963863e-21 7.79521687e-78
  2.33182888e-47 1.81997750e-38 1.21976776e-62 1.41028340e-13
  3.36983962e-57 6.34808754e-37 5.97886080e-37 2.87664938e-50
  1.02570099e-82 5.21070659e-16 5.38184817e-68 1.19612595e-50
  2.21400504e-34 1.00000000e+00 6.18252455e-63 1.57584276e-41
  1.00000000e+00]
 [1.41699567e-07 2.01879523e-34 2.56910789e-32 2.13145104e-50
  2.27799104e-63 3.20115297e-83 7.85936343e-52 1.03134841e-44
  1.11266595e-62 2.60306549e-33 1.60318807e-45 5.05827042e-38
  3.59800497e-74 1.60926938e-63 3.71213461e-56 1.73533325e-62
  1.10872804e-55 6.18252455e-63 1.00000000e+00 1.14640251e-42
  1.00000000e+00]
 [1.14572312e-44 1.53827462e-41 4.96343253e-21 7.46054707e-26
  3.58163437e-51 4.36561559e-22 2.94517926e-40 1.55844705e-28
  7.57950617e-67 3.36603778e-21 1.99759739e-53 2.04038864e-49
  6.68905367e-27 2.06822621e-33 3.34843766e-61 1.18971049e-10
  6.60901849e-67 1.57584276e-41 1.14640251e-42 1.00000000e+00
  1.00000000e+00]
 [1.00000000e+00 1.00000000e+00 1.00000000e+00 1.00000000e+00
  1.00000000e+00 1.00000000e+00 1.00000000e+00 1.00000000e+00
  1.00000000e+00 1.00000000e+00 1.00000000e+00 1.00000000e+00
  1.00000000e+00 1.00000000e+00 1.00000000e+00 1.00000000e+00
  1.00000000e+00 1.00000000e+00 1.00000000e+00 1.00000000e+00
  0.00000000e+00]]
