[[1.00000000e+000 2.83052255e-064 4.62557855e-059 2.26065594e-073
  3.64968073e-060 9.62304710e-045 6.96288866e-091 6.60220543e-083
  1.15037794e-045 1.11238833e-037 4.85848018e-017 3.25787709e-089
  1.96454485e-041 1.02871307e-059 1.42076591e-099 8.35113563e-102
  4.19952832e-052 5.11491533e-021 9.82561019e-057 2.12919005e-038
  1.00000000e+000]
 [2.83052255e-064 1.00000000e+000 4.70797867e-023 2.08071733e-070
  7.54552244e-024 3.19514158e-061 1.55416157e-052 1.49568815e-026
  1.52414933e-079 1.81695481e-042 1.09968884e-037 8.21279519e-026
  1.54824053e-055 1.79756179e-013 2.34137170e-067 5.44544429e-031
  2.15785680e-055 1.80367447e-037 3.78894871e-027 3.38705492e-055
  1.00000000e+000]
 [4.62557855e-059 4.70797867e-023 1.00000000e+000 1.14787613e-056
  1.04350530e-036 1.75853550e-088 8.42223808e-036 7.21245661e-044
  4.73922396e-048 1.36315495e-023 7.65516027e-044 9.37430960e-041
  1.83011692e-057 1.33355665e-017 1.50949429e-078 8.33286767e-029
  1.71932163e-077 3.96480156e-056 6.87449648e-028 5.20804133e-039
  1.00000000e+000]
 [2.26065594e-073 2.08071733e-070 1.14787613e-056 1.00000000e+000
  7.82760373e-077 2.20617576e-051 1.25201291e-009 3.03918632e-041
  5.99287196e-021 4.07367980e-072 2.91940824e-032 6.08012954e-025
  1.19683116e-024 1.40252800e-063 1.16754179e-010 1.39918478e-037
  2.35774062e-038 1.08881893e-054 1.82805637e-029 1.23243339e-061
  1.00000000e+000]
 [3.64968073e-060 7.54552244e-024 1.04350530e-036 7.82760373e-077
  1.00000000e+000 1.07088785e-075 5.02987932e-074 1.20854646e-024
  1.82894667e-059 3.58385822e-073 2.18886288e-031 2.02451717e-035
  2.29079115e-087 1.31415578e-030 1.62625401e-072 1.57649682e-034
  7.72555319e-048 2.00223883e-028 3.72316536e-043 1.23766312e-033
  1.00000000e+000]
 [9.62304710e-045 3.19514158e-061 1.75853550e-088 2.20617576e-051
  1.07088785e-075 1.00000000e+000 2.38851829e-067 4.60226717e-054
  3.13947632e-053 2.43447162e-059 2.43223741e-020 6.91662714e-054
  1.99354148e-021 5.46068426e-078 7.91153702e-047 6.61390835e-074
  2.25540657e-013 5.57097517e-041 5.41551865e-066 2.24863457e-053
  1.00000000e+000]
 [6.96288866e-091 1.55416157e-052 8.42223808e-036 1.25201291e-009
  5.02987932e-074 2.38851829e-067 1.00000000e+000 1.66274194e-034
  8.82244158e-034 2.15198127e-059 1.10471758e-046 3.44797713e-018
  1.67683600e-030 2.47002651e-045 5.37154013e-020 1.01643674e-020
  6.82821738e-057 9.15267195e-072 3.35026196e-023 1.49327688e-063
  1.00000000e+000]
 [6.60220543e-083 1.49568815e-026 7.21245661e-044 3.03918632e-041
  1.20854646e-024 4.60226717e-054 1.66274194e-034 1.00000000e+000
  7.43444883e-049 7.62159304e-082 3.77483464e-035 5.21488268e-009
  1.02186427e-052 5.08822823e-024 5.16413042e-029 1.13196550e-010
  4.57212726e-040 2.23175005e-047 7.64573456e-023 2.53043919e-037
  1.00000000e+000]
 [1.15037794e-045 1.52414933e-079 4.73922396e-048 5.99287196e-021
  1.82894667e-059 3.13947632e-053 8.82244158e-034 7.43444883e-049
  1.00000000e+000 8.96806190e-057 2.35140323e-023 2.48804098e-049
  4.10031485e-039 2.41195795e-065 4.00868065e-042 2.45186325e-045
  4.75303522e-039 2.66951344e-051 1.25901985e-046 7.07568673e-022
  1.00000000e+000]
 [1.11238833e-037 1.81695481e-042 1.36315495e-023 4.07367980e-072
  3.58385822e-073 2.43447162e-059 2.15198127e-059 7.62159304e-082
  8.96806190e-057 1.00000000e+000 6.10894914e-041 5.60601484e-075
  1.30637188e-039 1.02802043e-048 1.30838018e-101 1.42668503e-069
  4.60813520e-070 2.20191551e-061 1.23916736e-058 1.82632824e-048
  1.00000000e+000]
 [4.85848018e-017 1.09968884e-037 7.65516027e-044 2.91940824e-032
  2.18886288e-031 2.43223741e-020 1.10471758e-046 3.77483464e-035
  2.35140323e-023 6.10894914e-041 1.00000000e+000 4.28218247e-035
  6.20596673e-025 1.23383711e-042 7.74732750e-040 9.09867717e-049
  1.55508163e-013 2.94153915e-009 2.73102015e-032 3.04021143e-026
  1.00000000e+000]
 [3.25787709e-089 8.21279519e-026 9.37430960e-041 6.08012954e-025
  2.02451717e-035 6.91662714e-054 3.44797713e-018 5.21488268e-009
  2.48804098e-049 5.60601484e-075 4.28218247e-035 1.00000000e+000
  1.12013248e-044 1.18438457e-032 2.27062421e-014 8.37380082e-010
  8.21988345e-035 2.93401821e-046 1.01896532e-020 7.74362903e-058
  1.00000000e+000]
 [1.96454485e-041 1.54824053e-055 1.83011692e-057 1.19683116e-024
  2.29079115e-087 1.99354148e-021 1.67683600e-030 1.02186427e-052
  4.10031485e-039 1.30637188e-039 6.20596673e-025 1.12013248e-044
  1.00000000e+000 1.04585816e-051 3.55937799e-038 3.08327300e-061
  4.88802415e-039 7.70631921e-047 1.17938682e-031 7.55652201e-056
  1.00000000e+000]
 [1.02871307e-059 1.79756179e-013 1.33355665e-017 1.40252800e-063
  1.31415578e-030 5.46068426e-078 2.47002651e-045 5.08822823e-024
  2.41195795e-065 1.02802043e-048 1.23383711e-042 1.18438457e-032
  1.04585816e-051 1.00000000e+000 6.59940806e-072 7.10636724e-031
  1.43088206e-077 1.18683773e-045 9.17185522e-012 5.59033909e-042
  1.00000000e+000]
 [1.42076591e-099 2.34137170e-067 1.50949429e-078 1.16754179e-010
  1.62625401e-072 7.91153702e-047 5.37154013e-020 5.16413042e-029
  4.00868065e-042 1.30838018e-101 7.74732750e-040 2.27062421e-014
  3.55937799e-038 6.59940806e-072 1.00000000e+000 4.80756180e-033
  2.84196520e-029 5.55773451e-059 1.28247449e-038 2.92685818e-076
  1.00000000e+000]
 [8.35113563e-102 5.44544429e-031 8.33286767e-029 1.39918478e-037
  1.57649682e-034 6.61390835e-074 1.01643674e-020 1.13196550e-010
  2.45186325e-045 1.42668503e-069 9.09867717e-049 8.37380082e-010
  3.08327300e-061 7.10636724e-031 4.80756180e-033 1.00000000e+000
  5.67576935e-053 9.19160278e-070 8.31221026e-031 3.65743499e-043
  1.00000000e+000]
 [4.19952832e-052 2.15785680e-055 1.71932163e-077 2.35774062e-038
  7.72555319e-048 2.25540657e-013 6.82821738e-057 4.57212726e-040
  4.75303522e-039 4.60813520e-070 1.55508163e-013 8.21988345e-035
  4.88802415e-039 1.43088206e-077 2.84196520e-029 5.67576935e-053
  1.00000000e+000 1.09136058e-028 8.85299734e-062 3.04623132e-048
  1.00000000e+000]
 [5.11491533e-021 1.80367447e-037 3.96480156e-056 1.08881893e-054
  2.00223883e-028 5.57097517e-041 9.15267195e-072 2.23175005e-047
  2.66951344e-051 2.20191551e-061 2.94153915e-009 2.93401821e-046
  7.70631921e-047 1.18683773e-045 5.55773451e-059 9.19160278e-070
  1.09136058e-028 1.00000000e+000 3.84848949e-036 6.98284414e-050
  1.00000000e+000]
 [9.82561019e-057 3.78894871e-027 6.87449648e-028 1.82805637e-029
  3.72316536e-043 5.41551865e-066 3.35026196e-023 7.64573456e-023
  1.25901985e-046 1.23916736e-058 2.73102015e-032 1.01896532e-020
  1.17938682e-031 9.17185522e-012 1.28247449e-038 8.31221026e-031
  8.85299734e-062 3.84848949e-036 1.00000000e+000 1.88856719e-051
  1.00000000e+000]
 [2.12919005e-038 3.38705492e-055 5.20804133e-039 1.23243339e-061
  1.23766312e-033 2.24863457e-053 1.49327688e-063 2.53043919e-037
  7.07568673e-022 1.82632824e-048 3.04021143e-026 7.74362903e-058
  7.55652201e-056 5.59033909e-042 2.92685818e-076 3.65743499e-043
  3.04623132e-048 6.98284414e-050 1.88856719e-051 1.00000000e+000
  1.00000000e+000]
 [1.00000000e+000 1.00000000e+000 1.00000000e+000 1.00000000e+000
  1.00000000e+000 1.00000000e+000 1.00000000e+000 1.00000000e+000
  1.00000000e+000 1.00000000e+000 1.00000000e+000 1.00000000e+000
  1.00000000e+000 1.00000000e+000 1.00000000e+000 1.00000000e+000
  1.00000000e+000 1.00000000e+000 1.00000000e+000 1.00000000e+000
  0.00000000e+000]]
