[[1.00000000e+00 2.16797168e-24 5.21879304e-46 ... 7.97299335e-58
  1.66242744e-15 1.00000000e+00]
 [2.16797168e-24 1.00000000e+00 2.97429515e-57 ... 2.58542016e-67
  1.07320735e-21 1.00000000e+00]
 [5.21879304e-46 2.97429515e-57 1.00000000e+00 ... 6.98722173e-48
  9.19329988e-19 1.00000000e+00]
 ...
 [7.97299335e-58 2.58542016e-67 6.98722173e-48 ... 1.00000000e+00
  1.88842731e-44 1.00000000e+00]
 [1.66242744e-15 1.07320735e-21 9.19329988e-19 ... 1.88842731e-44
  1.00000000e+00 1.00000000e+00]
 [1.00000000e+00 1.00000000e+00 1.00000000e+00 ... 1.00000000e+00
  1.00000000e+00 0.00000000e+00]]
