[[1.00000000e+00 2.60493966e-69 3.70184094e-38 ... 4.91204833e-69
  5.09330542e-69 1.00000000e+00]
 [2.60493966e-69 1.00000000e+00 1.62922981e-39 ... 1.45607034e-51
  6.91172039e-39 1.00000000e+00]
 [3.70184094e-38 1.62922981e-39 1.00000000e+00 ... 4.67511177e-64
  1.26115341e-57 1.00000000e+00]
 ...
 [4.91204833e-69 1.45607034e-51 4.67511177e-64 ... 1.00000000e+00
  3.12178453e-63 1.00000000e+00]
 [5.09330542e-69 6.91172039e-39 1.26115341e-57 ... 3.12178453e-63
  1.00000000e+00 1.00000000e+00]
 [1.00000000e+00 1.00000000e+00 1.00000000e+00 ... 1.00000000e+00
  1.00000000e+00 0.00000000e+00]]
