[[1.00000000e+00 5.34862241e-53 1.63005035e-19 ... 7.31717383e-22
  2.49818318e-32 1.00000000e+00]
 [5.34862241e-53 1.00000000e+00 2.27643036e-77 ... 5.68813812e-66
  4.75366791e-51 1.00000000e+00]
 [1.63005035e-19 2.27643036e-77 1.00000000e+00 ... 3.47274132e-54
  2.48759629e-24 1.00000000e+00]
 ...
 [7.31717383e-22 5.68813812e-66 3.47274132e-54 ... 1.00000000e+00
  3.28874566e-38 1.00000000e+00]
 [2.49818318e-32 4.75366791e-51 2.48759629e-24 ... 3.28874566e-38
  1.00000000e+00 1.00000000e+00]
 [1.00000000e+00 1.00000000e+00 1.00000000e+00 ... 1.00000000e+00
  1.00000000e+00 0.00000000e+00]]
