[[1.00000000e+00 4.64682131e-77 8.74791023e-31 ... 1.79917269e-61
  1.13436138e-41 1.00000000e+00]
 [4.64682131e-77 1.00000000e+00 9.74487614e-68 ... 5.96233675e-73
  2.44135892e-67 1.00000000e+00]
 [8.74791023e-31 9.74487614e-68 1.00000000e+00 ... 5.41790971e-57
  6.14263438e-35 1.00000000e+00]
 ...
 [1.79917269e-61 5.96233675e-73 5.41790971e-57 ... 1.00000000e+00
  7.53189544e-60 1.00000000e+00]
 [1.13436138e-41 2.44135892e-67 6.14263438e-35 ... 7.53189544e-60
  1.00000000e+00 1.00000000e+00]
 [1.00000000e+00 1.00000000e+00 1.00000000e+00 ... 1.00000000e+00
  1.00000000e+00 0.00000000e+00]]
