[[1.00000000e+000 4.30975392e-080 8.57510726e-071 ... 2.18538440e-103
  1.44223114e-062 1.00000000e+000]
 [4.30975392e-080 1.00000000e+000 2.80068165e-018 ... 1.04282789e-040
  4.20584288e-054 1.00000000e+000]
 [8.57510726e-071 2.80068165e-018 1.00000000e+000 ... 2.26020552e-031
  1.43726772e-048 1.00000000e+000]
 ...
 [2.18538440e-103 1.04282789e-040 2.26020552e-031 ... 1.00000000e+000
  2.97702236e-071 1.00000000e+000]
 [1.44223114e-062 4.20584288e-054 1.43726772e-048 ... 2.97702236e-071
  1.00000000e+000 1.00000000e+000]
 [1.00000000e+000 1.00000000e+000 1.00000000e+000 ... 1.00000000e+000
  1.00000000e+000 0.00000000e+000]]
