[[1.00000000e+00 3.10609145e-37 2.79906758e-43 ... 8.56247461e-73
  2.33918287e-36 1.00000000e+00]
 [3.10609145e-37 1.00000000e+00 2.64613054e-23 ... 2.01601563e-77
  5.44923319e-20 1.00000000e+00]
 [2.79906758e-43 2.64613054e-23 1.00000000e+00 ... 1.49481969e-44
  1.88248950e-41 1.00000000e+00]
 ...
 [8.56247461e-73 2.01601563e-77 1.49481969e-44 ... 1.00000000e+00
  4.66538884e-67 1.00000000e+00]
 [2.33918287e-36 5.44923319e-20 1.88248950e-41 ... 4.66538884e-67
  1.00000000e+00 1.00000000e+00]
 [1.00000000e+00 1.00000000e+00 1.00000000e+00 ... 1.00000000e+00
  1.00000000e+00 0.00000000e+00]]
