[[1.00000000e+000 9.28429205e-064 1.90190137e-068 1.18225876e-058
  6.81333318e-045 6.99926885e-022 2.20549940e-040 1.62227477e-041
  3.67147883e-041 4.48991902e-037 1.16879533e-044 7.50951881e-034
  8.09799818e-044 1.87605920e-059 1.36324389e-068 1.33584137e-075
  5.92155813e-025 4.54083155e-052 1.49666212e-036 1.66648064e-023
  1.00000000e+000]
 [9.28429205e-064 1.00000000e+000 4.03433562e-080 2.12293962e-020
  1.32702740e-047 8.06655391e-060 1.51872997e-103 5.83476024e-071
  1.33654128e-046 7.12217089e-044 6.45655953e-080 7.37507411e-056
  2.25420395e-129 9.25935067e-036 7.47182961e-061 3.14447687e-087
  4.50857134e-073 1.34954797e-076 7.46451425e-016 1.64125476e-057
  1.00000000e+000]
 [1.90190137e-068 4.03433562e-080 1.00000000e+000 2.61431584e-059
  3.81062090e-016 4.50774746e-064 1.89216362e-063 3.16757331e-050
  3.44732755e-042 1.51420958e-025 2.26541283e-098 1.72065619e-032
  1.72464813e-070 1.28853364e-052 8.71647323e-034 1.16201757e-047
  5.61825284e-096 4.80615278e-043 3.52169996e-063 4.01050185e-045
  1.00000000e+000]
 [1.18225876e-058 2.12293962e-020 2.61431584e-059 1.00000000e+000
  5.71491761e-027 9.62933746e-064 4.90318199e-091 1.27783149e-043
  6.06868163e-029 1.49726152e-051 1.21988974e-078 1.44880347e-039
  1.36816034e-083 1.34048397e-040 2.33892954e-049 2.36105763e-058
  6.97878054e-069 2.56397871e-038 2.84866622e-008 8.65454110e-046
  1.00000000e+000]
 [6.81333318e-045 1.32702740e-047 3.81062090e-016 5.71491761e-027
  1.00000000e+000 2.47181043e-064 1.37462537e-041 4.43705400e-022
  7.45681009e-013 1.71412073e-023 5.03312106e-062 1.26830880e-028
  1.78912330e-043 3.83713024e-024 1.91439822e-010 1.01233175e-036
  1.80510099e-049 5.20952327e-011 1.83483911e-024 4.41377589e-041
  1.00000000e+000]
 [6.99926885e-022 8.06655391e-060 4.50774746e-064 9.62933746e-064
  2.47181043e-064 1.00000000e+000 3.28920467e-075 8.44699612e-074
  5.10787626e-072 4.94952720e-045 8.13031082e-064 3.61431147e-025
  9.58254752e-086 9.85826253e-089 3.03873448e-098 4.76037357e-075
  3.10179342e-074 3.05597731e-094 6.81735359e-051 7.01322028e-009
  1.00000000e+000]
 [2.20549940e-040 1.51872997e-103 1.89216362e-063 4.90318199e-091
  1.37462537e-041 3.28920467e-075 1.00000000e+000 7.12611272e-018
  1.04662816e-068 1.00284578e-062 4.77882652e-058 2.01968982e-072
  9.90966216e-045 1.69313318e-054 3.30623444e-034 2.05212329e-034
  2.64805148e-021 3.35389549e-044 1.03076241e-057 6.10652407e-054
  1.00000000e+000]
 [1.62227477e-041 5.83476024e-071 3.16757331e-050 1.27783149e-043
  4.43705400e-022 8.44699612e-074 7.12611272e-018 1.00000000e+000
  5.98129212e-047 5.89593580e-050 1.77652505e-077 1.05271101e-063
  2.00021708e-049 6.39215901e-029 1.33304681e-026 5.20118731e-028
  5.41518413e-021 1.98349014e-023 2.51397883e-028 2.03726608e-050
  1.00000000e+000]
 [3.67147883e-041 1.33654128e-046 3.44732755e-042 6.06868163e-029
  7.45681009e-013 5.10787626e-072 1.04662816e-068 5.98129212e-047
  1.00000000e+000 9.71189615e-033 9.75812534e-052 2.26151319e-028
  2.69861782e-040 5.26477066e-039 1.53809261e-028 1.84192385e-075
  2.82382750e-055 4.97243486e-014 4.85124884e-027 4.15099937e-053
  1.00000000e+000]
 [4.48991902e-037 7.12217089e-044 1.51420958e-025 1.49726152e-051
  1.71412073e-023 4.94952720e-045 1.00284578e-062 5.89593580e-050
  9.71189615e-033 1.00000000e+000 1.91243269e-093 1.12102971e-041
  3.22539767e-089 6.70165108e-023 5.74990810e-043 8.47673040e-084
  9.98941311e-059 3.57420702e-054 4.16808412e-044 6.31940180e-048
  1.00000000e+000]
 [1.16879533e-044 6.45655953e-080 2.26541283e-098 1.21988974e-078
  5.03312106e-062 8.13031082e-064 4.77882652e-058 1.77652505e-077
  9.75812534e-052 1.91243269e-093 1.00000000e+000 3.41481301e-038
  2.34880237e-039 1.44811822e-105 3.49455225e-062 1.43691897e-065
  1.37917320e-061 3.28326565e-059 3.58004907e-051 1.08879783e-041
  1.00000000e+000]
 [7.50951881e-034 7.37507411e-056 1.72065619e-032 1.44880347e-039
  1.26830880e-028 3.61431147e-025 2.01968982e-072 1.05271101e-063
  2.26151319e-028 1.12102971e-041 3.41481301e-038 1.00000000e+000
  3.74975945e-043 3.46676611e-079 7.07208168e-056 3.27444649e-053
  2.12892052e-082 1.21726771e-044 1.03056964e-038 1.48330065e-011
  1.00000000e+000]
 [8.09799818e-044 2.25420395e-129 1.72464813e-070 1.36816034e-083
  1.78912330e-043 9.58254752e-086 9.90966216e-045 2.00021708e-049
  2.69861782e-040 3.22539767e-089 2.34880237e-039 3.74975945e-043
  1.00000000e+000 1.21006648e-103 1.93081467e-056 3.78975365e-061
  2.67126747e-058 2.17500401e-023 2.49040202e-068 2.40435705e-053
  1.00000000e+000]
 [1.87605920e-059 9.25935067e-036 1.28853364e-052 1.34048397e-040
  3.83713024e-024 9.85826253e-089 1.69313318e-054 6.39215901e-029
  5.26477066e-039 6.70165108e-023 1.44811822e-105 3.46676611e-079
  1.21006648e-103 1.00000000e+000 4.70864068e-026 3.21759921e-074
  3.41894534e-038 1.06969437e-043 5.84300831e-029 1.09551135e-079
  1.00000000e+000]
 [1.36324389e-068 7.47182961e-061 8.71647323e-034 2.33892954e-049
  1.91439822e-010 3.03873448e-098 3.30623444e-034 1.33304681e-026
  1.53809261e-028 5.74990810e-043 3.49455225e-062 7.07208168e-056
  1.93081467e-056 4.70864068e-026 1.00000000e+000 6.83547479e-036
  6.98531582e-050 1.62754927e-018 1.01881632e-036 4.06726228e-067
  1.00000000e+000]
 [1.33584137e-075 3.14447687e-087 1.16201757e-047 2.36105763e-058
  1.01233175e-036 4.76037357e-075 2.05212329e-034 5.20118731e-028
  1.84192385e-075 8.47673040e-084 1.43691897e-065 3.27444649e-053
  3.78975365e-061 3.21759921e-074 6.83547479e-036 1.00000000e+000
  1.14928706e-070 1.56970317e-047 4.52522952e-047 5.06774242e-039
  1.00000000e+000]
 [5.92155813e-025 4.50857134e-073 5.61825284e-096 6.97878054e-069
  1.80510099e-049 3.10179342e-074 2.64805148e-021 5.41518413e-021
  2.82382750e-055 9.98941311e-059 1.37917320e-061 2.12892052e-082
  2.67126747e-058 3.41894534e-038 6.98531582e-050 1.14928706e-070
  1.00000000e+000 9.38390208e-046 7.92604764e-036 1.09819575e-064
  1.00000000e+000]
 [4.54083155e-052 1.34954797e-076 4.80615278e-043 2.56397871e-038
  5.20952327e-011 3.05597731e-094 3.35389549e-044 1.98349014e-023
  4.97243486e-014 3.57420702e-054 3.28326565e-059 1.21726771e-044
  2.17500401e-023 1.06969437e-043 1.62754927e-018 1.56970317e-047
  9.38390208e-046 1.00000000e+000 1.19599493e-033 5.54954625e-061
  1.00000000e+000]
 [1.49666212e-036 7.46451425e-016 3.52169996e-063 2.84866622e-008
  1.83483911e-024 6.81735359e-051 1.03076241e-057 2.51397883e-028
  4.85124884e-027 4.16808412e-044 3.58004907e-051 1.03056964e-038
  2.49040202e-068 5.84300831e-029 1.01881632e-036 4.52522952e-047
  7.92604764e-036 1.19599493e-033 1.00000000e+000 5.27014774e-036
  1.00000000e+000]
 [1.66648064e-023 1.64125476e-057 4.01050185e-045 8.65454110e-046
  4.41377589e-041 7.01322028e-009 6.10652407e-054 2.03726608e-050
  4.15099937e-053 6.31940180e-048 1.08879783e-041 1.48330065e-011
  2.40435705e-053 1.09551135e-079 4.06726228e-067 5.06774242e-039
  1.09819575e-064 5.54954625e-061 5.27014774e-036 1.00000000e+000
  1.00000000e+000]
 [1.00000000e+000 1.00000000e+000 1.00000000e+000 1.00000000e+000
  1.00000000e+000 1.00000000e+000 1.00000000e+000 1.00000000e+000
  1.00000000e+000 1.00000000e+000 1.00000000e+000 1.00000000e+000
  1.00000000e+000 1.00000000e+000 1.00000000e+000 1.00000000e+000
  1.00000000e+000 1.00000000e+000 1.00000000e+000 1.00000000e+000
  0.00000000e+000]]
