[[1.00000000e+00 8.14206199e-27 4.81276811e-47 ... 1.38794690e-43
  1.05838669e-77 1.00000000e+00]
 [8.14206199e-27 1.00000000e+00 2.25179788e-30 ... 3.28199231e-56
  1.48223487e-53 1.00000000e+00]
 [4.81276811e-47 2.25179788e-30 1.00000000e+00 ... 2.21519500e-43
  4.07749547e-21 1.00000000e+00]
 ...
 [1.38794690e-43 3.28199231e-56 2.21519500e-43 ... 1.00000000e+00
  3.62024044e-73 1.00000000e+00]
 [1.05838669e-77 1.48223487e-53 4.07749547e-21 ... 3.62024044e-73
  1.00000000e+00 1.00000000e+00]
 [1.00000000e+00 1.00000000e+00 1.00000000e+00 ... 1.00000000e+00
  1.00000000e+00 0.00000000e+00]]
