[[1.00000000e+000 4.14625945e-020 4.23248673e-056 3.26219273e-058
  8.72089991e-030 8.38037842e-014 4.45153347e-037 2.37409129e-033
  3.50715572e-026 1.05016163e-023 5.56180822e-081 1.78584314e-038
  3.72596268e-067 1.43843805e-043 1.62345415e-063 2.99211422e-037
  2.76240526e-028 3.66746252e-025 5.44779566e-041 2.32593980e-031
  1.00000000e+000]
 [4.14625945e-020 1.00000000e+000 4.43348613e-057 4.65079456e-090
  8.68880345e-055 1.13240591e-040 2.04316404e-056 9.45522777e-055
  8.86952716e-027 3.49534597e-047 8.09335246e-117 1.61146686e-049
  1.12369998e-054 5.68459472e-059 7.61831378e-061 2.05055405e-062
  6.67783993e-057 1.41917308e-042 3.59441051e-049 6.83223028e-021
  1.00000000e+000]
 [4.23248673e-056 4.43348613e-057 1.00000000e+000 1.24941742e-078
  2.14386562e-044 9.02620513e-086 1.65232561e-016 5.39302192e-086
  2.48281806e-029 2.64922854e-040 1.38097368e-079 6.99573660e-030
  1.24722954e-117 5.39095733e-072 2.95507907e-062 1.74584403e-061
  2.45499649e-090 1.59784822e-049 6.00742125e-023 1.97944761e-035
  1.00000000e+000]
 [3.26219273e-058 4.65079456e-090 1.24941742e-078 1.00000000e+000
  2.26048696e-041 2.72865069e-043 1.49542967e-046 1.52234210e-012
  3.47431959e-070 9.98555129e-025 3.29212337e-021 1.51246880e-018
  2.80554524e-098 6.07237168e-013 2.85561616e-072 3.77174623e-017
  4.18644752e-072 9.09924125e-083 6.40140156e-055 1.81008152e-052
  1.00000000e+000]
 [8.72089991e-030 8.68880345e-055 2.14386562e-044 2.26048696e-041
  1.00000000e+000 7.87383076e-025 1.43383930e-030 6.06228380e-030
  5.61613795e-044 6.84686300e-004 2.35269948e-030 2.30292526e-025
  2.83924632e-087 1.02667014e-035 1.41782296e-020 7.79135236e-031
  6.84279135e-043 2.24569398e-043 1.88475499e-012 4.91332121e-023
  1.00000000e+000]
 [8.38037842e-014 1.13240591e-040 9.02620513e-086 2.72865069e-043
  7.87383076e-025 1.00000000e+000 1.66493295e-045 6.44199054e-019
  5.98944739e-058 1.43405568e-021 1.59113681e-054 7.96927008e-045
  1.61760617e-049 5.15819118e-033 1.98067484e-054 9.12423435e-028
  8.78158592e-032 5.01513898e-032 3.80016837e-055 5.42252930e-034
  1.00000000e+000]
 [4.45153347e-037 2.04316404e-056 1.65232561e-016 1.49542967e-046
  1.43383930e-030 1.66493295e-045 1.00000000e+000 1.00779898e-054
  1.89193907e-039 3.34024702e-026 1.32402702e-046 1.24601736e-024
  7.57205841e-076 4.70281540e-046 1.31001560e-059 6.55669982e-030
  2.68742712e-064 4.65434210e-022 1.33448289e-034 3.16995158e-030
  1.00000000e+000]
 [2.37409129e-033 9.45522777e-055 5.39302192e-086 1.52234210e-012
  6.06228380e-030 6.44199054e-019 1.00779898e-054 1.00000000e+000
  3.02818788e-053 1.87031508e-017 7.16739569e-032 8.82564435e-025
  1.32973027e-065 3.49502168e-007 2.49479125e-049 1.32263425e-014
  1.18551858e-041 5.88278825e-065 2.37356104e-047 4.70769178e-033
  1.00000000e+000]
 [3.50715572e-026 8.86952716e-027 2.48281806e-029 3.47431959e-070
  5.61613795e-044 5.98944739e-058 1.89193907e-039 3.02818788e-053
  1.00000000e+000 5.13851112e-035 4.13340349e-084 9.21064249e-037
  1.56378484e-083 1.56832796e-042 1.66061838e-052 4.49104002e-040
  2.57756524e-034 2.17019577e-040 1.69663071e-027 1.71347758e-025
  1.00000000e+000]
 [1.05016163e-023 3.49534597e-047 2.64922854e-040 9.98555129e-025
  6.84686300e-004 1.43405568e-021 3.34024702e-026 1.87031508e-017
  5.13851112e-035 1.00000000e+000 5.17156408e-027 9.48514449e-013
  1.98126229e-083 2.11137116e-022 2.53855870e-027 4.16852868e-021
  4.87875892e-041 1.42119989e-044 5.05308935e-012 2.50287535e-020
  1.00000000e+000]
 [5.56180822e-081 8.09335246e-117 1.38097368e-079 3.29212337e-021
  2.35269948e-030 1.59113681e-054 1.32402702e-046 7.16739569e-032
  4.13340349e-084 5.17156408e-027 1.00000000e+000 7.09365794e-040
  7.82267141e-093 2.20822549e-023 4.28857263e-042 8.01716648e-019
  2.40417040e-066 2.04073235e-075 5.05320149e-051 3.64698820e-050
  1.00000000e+000]
 [1.78584314e-038 1.61146686e-049 6.99573660e-030 1.51246880e-018
  2.30292526e-025 7.96927008e-045 1.24601736e-024 8.82564435e-025
  9.21064249e-037 9.48514449e-013 7.09365794e-040 1.00000000e+000
  3.70752857e-099 6.73129983e-025 2.93223096e-051 3.59915245e-029
  1.90635400e-074 2.80442669e-064 3.66555247e-019 2.00259712e-026
  1.00000000e+000]
 [3.72596268e-067 1.12369998e-054 1.24722954e-117 2.80554524e-098
  2.83924632e-087 1.61760617e-049 7.57205841e-076 1.32973027e-065
  1.56378484e-083 1.98126229e-083 7.82267141e-093 3.70752857e-099
  1.00000000e+000 3.13851562e-055 3.51452403e-070 7.01899392e-049
  7.95958190e-059 5.61975999e-040 1.26131125e-113 4.11028830e-040
  1.00000000e+000]
 [1.43843805e-043 5.68459472e-059 5.39095733e-072 6.07237168e-013
  1.02667014e-035 5.15819118e-033 4.70281540e-046 3.49502168e-007
  1.56832796e-042 2.11137116e-022 2.20822549e-023 6.73129983e-025
  3.13851562e-055 1.00000000e+000 8.33318254e-043 1.10046133e-005
  1.58452506e-037 2.76791501e-058 3.83233130e-046 4.93610763e-027
  1.00000000e+000]
 [1.62345415e-063 7.61831378e-061 2.95507907e-062 2.85561616e-072
  1.41782296e-020 1.98067484e-054 1.31001560e-059 2.49479125e-049
  1.66061838e-052 2.53855870e-027 4.28857263e-042 2.93223096e-051
  3.51452403e-070 8.33318254e-043 1.00000000e+000 1.00703859e-044
  9.23337479e-053 1.43611645e-062 3.09088539e-024 1.52205599e-016
  1.00000000e+000]
 [2.99211422e-037 2.05055405e-062 1.74584403e-061 3.77174623e-017
  7.79135236e-031 9.12423435e-028 6.55669982e-030 1.32263425e-014
  4.49104002e-040 4.16852868e-021 8.01716648e-019 3.59915245e-029
  7.01899392e-049 1.10046133e-005 1.00703859e-044 1.00000000e+000
  9.17760285e-028 1.40986740e-036 7.76000003e-047 3.54320101e-028
  1.00000000e+000]
 [2.76240526e-028 6.67783993e-057 2.45499649e-090 4.18644752e-072
  6.84279135e-043 8.78158592e-032 2.68742712e-064 1.18551858e-041
  2.57756524e-034 4.87875892e-041 2.40417040e-066 1.90635400e-074
  7.95958190e-059 1.58452506e-037 9.23337479e-053 9.17760285e-028
  1.00000000e+000 7.26228644e-033 8.80431683e-062 1.65650471e-044
  1.00000000e+000]
 [3.66746252e-025 1.41917308e-042 1.59784822e-049 9.09924125e-083
  2.24569398e-043 5.01513898e-032 4.65434210e-022 5.88278825e-065
  2.17019577e-040 1.42119989e-044 2.04073235e-075 2.80442669e-064
  5.61975999e-040 2.76791501e-058 1.43611645e-062 1.40986740e-036
  7.26228644e-033 1.00000000e+000 2.80732868e-061 2.85314553e-033
  1.00000000e+000]
 [5.44779566e-041 3.59441051e-049 6.00742125e-023 6.40140156e-055
  1.88475499e-012 3.80016837e-055 1.33448289e-034 2.37356104e-047
  1.69663071e-027 5.05308935e-012 5.05320149e-051 3.66555247e-019
  1.26131125e-113 3.83233130e-046 3.09088539e-024 7.76000003e-047
  8.80431683e-062 2.80732868e-061 1.00000000e+000 4.43288997e-022
  1.00000000e+000]
 [2.32593980e-031 6.83223028e-021 1.97944761e-035 1.81008152e-052
  4.91332121e-023 5.42252930e-034 3.16995158e-030 4.70769178e-033
  1.71347758e-025 2.50287535e-020 3.64698820e-050 2.00259712e-026
  4.11028830e-040 4.93610763e-027 1.52205599e-016 3.54320101e-028
  1.65650471e-044 2.85314553e-033 4.43288997e-022 1.00000000e+000
  1.00000000e+000]
 [1.00000000e+000 1.00000000e+000 1.00000000e+000 1.00000000e+000
  1.00000000e+000 1.00000000e+000 1.00000000e+000 1.00000000e+000
  1.00000000e+000 1.00000000e+000 1.00000000e+000 1.00000000e+000
  1.00000000e+000 1.00000000e+000 1.00000000e+000 1.00000000e+000
  1.00000000e+000 1.00000000e+000 1.00000000e+000 1.00000000e+000
  0.00000000e+000]]
