[[1.00000000e+00 1.25911370e-78 3.13515311e-36 ... 4.46075060e-66
  2.25499635e-82 1.00000000e+00]
 [1.25911370e-78 1.00000000e+00 2.73042618e-56 ... 1.07599142e-16
  5.65458612e-35 1.00000000e+00]
 [3.13515311e-36 2.73042618e-56 1.00000000e+00 ... 3.93641700e-32
  3.41367711e-79 1.00000000e+00]
 ...
 [4.46075060e-66 1.07599142e-16 3.93641700e-32 ... 1.00000000e+00
  5.62519653e-52 1.00000000e+00]
 [2.25499635e-82 5.65458612e-35 3.41367711e-79 ... 5.62519653e-52
  1.00000000e+00 1.00000000e+00]
 [1.00000000e+00 1.00000000e+00 1.00000000e+00 ... 1.00000000e+00
  1.00000000e+00 0.00000000e+00]]
