[[1.00000000e+000 1.30146413e-014 7.28420660e-029 2.71971018e-050
  2.91181009e-012 8.16014685e-044 1.43748965e-060 8.15005556e-045
  1.07271203e-031 1.30266358e-050 3.40626472e-043 1.87916960e-020
  7.45562586e-031 2.68778155e-049 6.48682658e-009 1.49964574e-052
  3.17786394e-008 4.21389766e-045 7.42938560e-023 7.57325584e-023
  1.00000000e+000]
 [1.30146413e-014 1.00000000e+000 1.03835611e-029 5.33661235e-068
  1.03761744e-021 3.75332962e-040 7.21931007e-077 9.52896929e-022
  6.12358291e-030 1.43861012e-043 2.32294540e-063 1.43428148e-045
  1.04733365e-009 1.98855490e-062 2.32668808e-018 3.07389727e-036
  9.83792384e-021 9.25189386e-028 2.34823226e-051 1.01799682e-028
  1.00000000e+000]
 [7.28420660e-029 1.03835611e-029 1.00000000e+000 1.12488210e-034
  1.05625555e-048 1.80053853e-041 2.26376638e-020 1.48530388e-029
  1.24036789e-034 1.16929818e-028 6.87476404e-034 3.91327106e-029
  3.17352449e-023 3.37726661e-021 1.74614293e-023 2.37104706e-046
  8.29910874e-039 2.29905290e-036 6.08700770e-030 3.32210488e-016
  1.00000000e+000]
 [2.71971018e-050 5.33661235e-068 1.12488210e-034 1.00000000e+000
  6.70315114e-065 1.81323133e-067 5.98046168e-060 3.94954974e-093
  5.12620221e-080 4.04298375e-058 1.71964007e-070 5.00357204e-032
  1.55057100e-070 2.30743124e-038 1.01472133e-060 7.24596708e-049
  3.71873459e-077 4.04284653e-093 4.79992250e-040 1.09675263e-010
  1.00000000e+000]
 [2.91181009e-012 1.03761744e-021 1.05625555e-048 6.70315114e-065
  1.00000000e+000 5.57617641e-026 2.16930944e-078 9.58444281e-074
  3.35126150e-051 1.02026343e-048 8.68002646e-047 2.34796467e-026
  6.95234357e-039 2.92037241e-059 7.42472147e-030 3.09655552e-046
  3.61018464e-012 3.90737881e-035 1.87153855e-039 5.92590707e-041
  1.00000000e+000]
 [8.16014685e-044 3.75332962e-040 1.80053853e-041 1.81323133e-067
  5.57617641e-026 1.00000000e+000 1.99292598e-047 3.77973472e-089
  4.91248628e-054 1.51640703e-024 1.35458020e-023 8.55210912e-026
  1.26659518e-051 5.50671234e-050 1.34734506e-043 9.56723166e-064
  4.36855096e-048 1.11696131e-016 1.68345752e-075 3.98336075e-052
  1.00000000e+000]
 [1.43748965e-060 7.21931007e-077 2.26376638e-020 5.98046168e-060
  2.16930944e-078 1.99292598e-047 1.00000000e+000 1.70078078e-086
  1.24932812e-070 8.78692771e-054 9.06940318e-014 9.85473294e-031
  1.79169685e-075 7.69973218e-019 8.22968456e-045 8.84015005e-103
  2.93217010e-066 1.40467069e-048 1.27715728e-059 7.84070777e-052
  1.00000000e+000]
 [8.15005556e-045 9.52896929e-022 1.48530388e-029 3.94954974e-093
  9.58444281e-074 3.77973472e-089 1.70078078e-086 1.00000000e+000
  2.40568184e-035 2.78260955e-059 4.28566340e-099 5.50901220e-088
  4.42686103e-012 1.42085755e-082 1.56212704e-038 5.95560940e-059
  7.06511172e-053 1.17787312e-059 1.52580417e-063 9.57051626e-046
  1.00000000e+000]
 [1.07271203e-031 6.12358291e-030 1.24036789e-034 5.12620221e-080
  3.35126150e-051 4.91248628e-054 1.24932812e-070 2.40568184e-035
  1.00000000e+000 1.05779992e-023 4.10152704e-057 1.16322897e-044
  4.88234570e-040 2.84921579e-096 5.06939967e-019 2.38666585e-095
  1.88430000e-053 1.62577141e-064 2.97258523e-057 1.92084881e-046
  1.00000000e+000]
 [1.30266358e-050 1.43861012e-043 1.16929818e-028 4.04298375e-058
  1.02026343e-048 1.51640703e-024 8.78692771e-054 2.78260955e-059
  1.05779992e-023 1.00000000e+000 7.14648495e-046 1.59570408e-039
  3.60493420e-040 1.59692848e-070 5.34903572e-046 3.44190177e-066
  1.93897121e-067 9.59381689e-047 3.87721222e-059 1.78707546e-043
  1.00000000e+000]
 [3.40626472e-043 2.32294540e-063 6.87476404e-034 1.71964007e-070
  8.68002646e-047 1.35458020e-023 9.06940318e-014 4.28566340e-099
  4.10152704e-057 7.14648495e-046 1.00000000e+000 1.06598836e-014
  7.72979614e-078 3.92596607e-034 1.65182381e-031 7.98783309e-108
  1.73713344e-047 8.95349762e-036 4.31491233e-062 4.05923332e-058
  1.00000000e+000]
 [1.87916960e-020 1.43428148e-045 3.91327106e-029 5.00357204e-032
  2.34796467e-026 8.55210912e-026 9.85473294e-031 5.50901220e-088
  1.16322897e-044 1.59570408e-039 1.06598836e-014 1.00000000e+000
  6.78860155e-065 3.22279337e-034 1.06324481e-020 2.48117199e-076
  1.70625552e-035 2.47797931e-049 8.98119825e-036 3.57739415e-026
  1.00000000e+000]
 [7.45562586e-031 1.04733365e-009 3.17352449e-023 1.55057100e-070
  6.95234357e-039 1.26659518e-051 1.79169685e-075 4.42686103e-012
  4.88234570e-040 3.60493420e-040 7.72979614e-078 6.78860155e-065
  1.00000000e+000 1.21539258e-057 3.74412133e-037 5.11222018e-024
  5.29936666e-032 1.42906579e-031 7.29184557e-048 1.15731809e-032
  1.00000000e+000]
 [2.68778155e-049 1.98855490e-062 3.37726661e-021 2.30743124e-038
  2.92037241e-059 5.50671234e-050 7.69973218e-019 1.42085755e-082
  2.84921579e-096 1.59692848e-070 3.92596607e-034 3.22279337e-034
  1.21539258e-057 1.00000000e+000 4.42096456e-053 3.69658577e-053
  4.42228194e-048 1.28029762e-042 3.42136522e-044 5.50355305e-033
  1.00000000e+000]
 [6.48682658e-009 2.32668808e-018 1.74614293e-023 1.01472133e-060
  7.42472147e-030 1.34734506e-043 8.22968456e-045 1.56212704e-038
  5.06939967e-019 5.34903572e-046 1.65182381e-031 1.06324481e-020
  3.74412133e-037 4.42096456e-053 1.00000000e+000 1.34740971e-078
  7.90048166e-022 3.76776010e-042 9.95288263e-041 6.05021139e-029
  1.00000000e+000]
 [1.49964574e-052 3.07389727e-036 2.37104706e-046 7.24596708e-049
  3.09655552e-046 9.56723166e-064 8.84015005e-103 5.95560940e-059
  2.38666585e-095 3.44190177e-066 7.98783309e-108 2.48117199e-076
  5.11222018e-024 3.69658577e-053 1.34740971e-078 1.00000000e+000
  1.03843792e-053 2.98725331e-055 2.13364217e-055 8.71092942e-032
  1.00000000e+000]
 [3.17786394e-008 9.83792384e-021 8.29910874e-039 3.71873459e-077
  3.61018464e-012 4.36855096e-048 2.93217010e-066 7.06511172e-053
  1.88430000e-053 1.93897121e-067 1.73713344e-047 1.70625552e-035
  5.29936666e-032 4.42228194e-048 7.90048166e-022 1.03843792e-053
  1.00000000e+000 1.11963343e-036 2.57329876e-028 1.67946638e-043
  1.00000000e+000]
 [4.21389766e-045 9.25189386e-028 2.29905290e-036 4.04284653e-093
  3.90737881e-035 1.11696131e-016 1.40467069e-048 1.17787312e-059
  1.62577141e-064 9.59381689e-047 8.95349762e-036 2.47797931e-049
  1.42906579e-031 1.28029762e-042 3.76776010e-042 2.98725331e-055
  1.11963343e-036 1.00000000e+000 3.20293522e-083 8.54007943e-060
  1.00000000e+000]
 [7.42938560e-023 2.34823226e-051 6.08700770e-030 4.79992250e-040
  1.87153855e-039 1.68345752e-075 1.27715728e-059 1.52580417e-063
  2.97258523e-057 3.87721222e-059 4.31491233e-062 8.98119825e-036
  7.29184557e-048 3.42136522e-044 9.95288263e-041 2.13364217e-055
  2.57329876e-028 3.20293522e-083 1.00000000e+000 8.63166696e-029
  1.00000000e+000]
 [7.57325584e-023 1.01799682e-028 3.32210488e-016 1.09675263e-010
  5.92590707e-041 3.98336075e-052 7.84070777e-052 9.57051626e-046
  1.92084881e-046 1.78707546e-043 4.05923332e-058 3.57739415e-026
  1.15731809e-032 5.50355305e-033 6.05021139e-029 8.71092942e-032
  1.67946638e-043 8.54007943e-060 8.63166696e-029 1.00000000e+000
  1.00000000e+000]
 [1.00000000e+000 1.00000000e+000 1.00000000e+000 1.00000000e+000
  1.00000000e+000 1.00000000e+000 1.00000000e+000 1.00000000e+000
  1.00000000e+000 1.00000000e+000 1.00000000e+000 1.00000000e+000
  1.00000000e+000 1.00000000e+000 1.00000000e+000 1.00000000e+000
  1.00000000e+000 1.00000000e+000 1.00000000e+000 1.00000000e+000
  0.00000000e+000]]
