[[1.00000000e+000 8.73694899e-037 9.56119056e-042 4.29590020e-050
  4.22451582e-025 8.99290332e-054 1.31011288e-074 8.77095346e-068
  2.05313590e-032 7.30308457e-033 8.96826903e-027 1.68284862e-069
  1.65653086e-046 8.37389256e-062 2.49362840e-056 1.75015863e-089
  6.80405436e-076 1.08077321e-021 4.09598270e-040 9.35591808e-019
  1.00000000e+000]
 [8.73694899e-037 1.00000000e+000 3.22196357e-062 1.77234055e-023
  8.34979237e-048 3.46331946e-061 5.96255315e-034 9.70895386e-062
  1.60878665e-031 4.35303797e-016 1.10707012e-016 8.80976512e-041
  1.10139002e-020 2.74914217e-068 1.31683285e-051 3.96120930e-067
  1.87107272e-041 1.43006728e-035 1.53682075e-011 8.52162586e-060
  1.00000000e+000]
 [9.56119056e-042 3.22196357e-062 1.00000000e+000 5.12131121e-046
  2.35522926e-012 2.11885586e-041 6.44820049e-073 1.18157739e-024
  5.57899575e-052 8.91196153e-073 6.68604586e-033 1.16109063e-022
  2.54715757e-049 3.77396717e-015 1.83726918e-060 4.96256214e-030
  2.58313831e-028 2.86155754e-013 1.10780372e-041 4.36184119e-024
  1.00000000e+000]
 [4.29590020e-050 1.77234055e-023 5.12131121e-046 1.00000000e+000
  1.44797204e-056 3.18995105e-060 2.39716284e-036 5.63792368e-076
  2.88383420e-054 4.20671267e-035 4.99766866e-034 8.57742635e-021
  3.94264983e-028 2.37706333e-046 2.07582971e-052 3.28582545e-043
  7.92036401e-051 1.73101461e-019 3.12386428e-023 2.06447931e-077
  1.00000000e+000]
 [4.22451582e-025 8.34979237e-048 2.35522926e-012 1.44797204e-056
  1.00000000e+000 3.48500669e-048 9.07721438e-073 3.63245678e-032
  3.35036000e-049 3.87163395e-059 1.18460913e-023 5.65857331e-036
  2.18476132e-048 2.58859763e-034 1.83361521e-043 1.10141726e-038
  4.45134521e-030 2.33898291e-018 8.38529835e-031 8.69908802e-013
  1.00000000e+000]
 [8.99290332e-054 3.46331946e-061 2.11885586e-041 3.18995105e-060
  3.48500669e-048 1.00000000e+000 1.12467284e-090 9.33402076e-075
  6.12960249e-064 1.34043247e-067 5.43701336e-034 1.60383087e-056
  1.71598961e-020 1.69582692e-014 6.63492952e-036 7.82560871e-068
  5.79319229e-071 2.79045778e-051 2.14955907e-046 1.83822607e-031
  1.00000000e+000]
 [1.31011288e-074 5.96255315e-034 6.44820049e-073 2.39716284e-036
  9.07721438e-073 1.12467284e-090 1.00000000e+000 9.31174243e-077
  6.51106628e-036 4.77700001e-018 2.52838702e-024 1.31495327e-059
  4.05378083e-032 3.00369149e-075 1.72666293e-086 2.35936600e-050
  2.56784836e-062 1.34925335e-058 2.77367490e-019 2.50693471e-099
  1.00000000e+000]
 [8.77095346e-068 9.70895386e-062 1.18157739e-024 5.63792368e-076
  3.63245678e-032 9.33402076e-075 9.31174243e-077 1.00000000e+000
  1.26661647e-038 6.69194307e-081 2.31971186e-040 8.84071429e-042
  1.49026796e-067 5.95573825e-050 2.21978249e-114 4.78955867e-063
  1.29376678e-016 5.72371369e-042 1.15751113e-054 2.08744085e-043
  1.00000000e+000]
 [2.05313590e-032 1.60878665e-031 5.57899575e-052 2.88383420e-054
  3.35036000e-049 6.12960249e-064 6.51106628e-036 1.26661647e-038
  1.00000000e+000 1.39290222e-018 6.92292364e-017 1.54199420e-072
  8.05968839e-036 1.22023151e-065 2.58177673e-102 2.19417185e-091
  7.73781086e-060 8.09281705e-043 2.13160388e-035 2.77148596e-044
  1.00000000e+000]
 [7.30308457e-033 4.35303797e-016 8.91196153e-073 4.20671267e-035
  3.87163395e-059 1.34043247e-067 4.77700001e-018 6.69194307e-081
  1.39290222e-018 1.00000000e+000 5.24158756e-014 4.91928251e-072
  5.41562804e-022 2.22599582e-076 3.69049573e-067 1.06168369e-079
  2.58159088e-075 1.01078087e-046 1.96934864e-017 1.24226325e-064
  1.00000000e+000]
 [8.96826903e-027 1.10707012e-016 6.68604586e-033 4.99766866e-034
  1.18460913e-023 5.43701336e-034 2.52838702e-024 2.31971186e-040
  6.92292364e-017 5.24158756e-014 1.00000000e+000 2.71623611e-040
  1.30900874e-010 4.87695076e-035 1.63881952e-041 3.66571170e-043
  8.95856388e-036 1.16615353e-028 1.04584904e-006 1.33353354e-029
  1.00000000e+000]
 [1.68284862e-069 8.80976512e-041 1.16109063e-022 8.57742635e-021
  5.65857331e-036 1.60383087e-056 1.31495327e-059 8.84071429e-042
  1.54199420e-072 4.91928251e-072 2.71623611e-040 1.00000000e+000
  1.60751778e-041 1.62530411e-028 5.09699651e-052 5.58218207e-019
  3.04728892e-015 2.09162463e-020 1.94562927e-029 9.45658624e-065
  1.00000000e+000]
 [1.65653086e-046 1.10139002e-020 2.54715757e-049 3.94264983e-028
  2.18476132e-048 1.71598961e-020 4.05378083e-032 1.49026796e-067
  8.05968839e-036 5.41562804e-022 1.30900874e-010 1.60751778e-041
  1.00000000e+000 6.36618003e-030 1.25932167e-032 8.82661315e-049
  1.50052266e-051 3.11528470e-042 8.23668727e-012 2.18845316e-049
  1.00000000e+000]
 [8.37389256e-062 2.74914217e-068 3.77396717e-015 2.37706333e-046
  2.58859763e-034 1.69582692e-014 3.00369149e-075 5.95573825e-050
  1.22023151e-065 2.22599582e-076 4.87695076e-035 1.62530411e-028
  6.36618003e-030 1.00000000e+000 1.19234758e-044 1.82749464e-031
  4.17809908e-045 2.02441593e-032 1.62378710e-042 1.81907680e-036
  1.00000000e+000]
 [2.49362840e-056 1.31683285e-051 1.83726918e-060 2.07582971e-052
  1.83361521e-043 6.63492952e-036 1.72666293e-086 2.21978249e-114
  2.58177673e-102 3.69049573e-067 1.63881952e-041 5.09699651e-052
  1.25932167e-032 1.19234758e-044 1.00000000e+000 4.17199469e-047
  2.78719009e-074 1.76327506e-052 2.15125000e-031 2.60280453e-054
  1.00000000e+000]
 [1.75015863e-089 3.96120930e-067 4.96256214e-030 3.28582545e-043
  1.10141726e-038 7.82560871e-068 2.35936600e-050 4.78955867e-063
  2.19417185e-091 1.06168369e-079 3.66571170e-043 5.58218207e-019
  8.82661315e-049 1.82749464e-031 4.17199469e-047 1.00000000e+000
  1.20342563e-031 5.37391865e-041 2.16134720e-030 1.88718213e-077
  1.00000000e+000]
 [6.80405436e-076 1.87107272e-041 2.58313831e-028 7.92036401e-051
  4.45134521e-030 5.79319229e-071 2.56784836e-062 1.29376678e-016
  7.73781086e-060 2.58159088e-075 8.95856388e-036 3.04728892e-015
  1.50052266e-051 4.17809908e-045 2.78719009e-074 1.20342563e-031
  1.00000000e+000 3.79354884e-037 1.27435858e-031 6.60814088e-058
  1.00000000e+000]
 [1.08077321e-021 1.43006728e-035 2.86155754e-013 1.73101461e-019
  2.33898291e-018 2.79045778e-051 1.34925335e-058 5.72371369e-042
  8.09281705e-043 1.01078087e-046 1.16615353e-028 2.09162463e-020
  3.11528470e-042 2.02441593e-032 1.76327506e-052 5.37391865e-041
  3.79354884e-037 1.00000000e+000 1.23061680e-030 3.42704181e-032
  1.00000000e+000]
 [4.09598270e-040 1.53682075e-011 1.10780372e-041 3.12386428e-023
  8.38529835e-031 2.14955907e-046 2.77367490e-019 1.15751113e-054
  2.13160388e-035 1.96934864e-017 1.04584904e-006 1.94562927e-029
  8.23668727e-012 1.62378710e-042 2.15125000e-031 2.16134720e-030
  1.27435858e-031 1.23061680e-030 1.00000000e+000 5.45949717e-050
  1.00000000e+000]
 [9.35591808e-019 8.52162586e-060 4.36184119e-024 2.06447931e-077
  8.69908802e-013 1.83822607e-031 2.50693471e-099 2.08744085e-043
  2.77148596e-044 1.24226325e-064 1.33353354e-029 9.45658624e-065
  2.18845316e-049 1.81907680e-036 2.60280453e-054 1.88718213e-077
  6.60814088e-058 3.42704181e-032 5.45949717e-050 1.00000000e+000
  1.00000000e+000]
 [1.00000000e+000 1.00000000e+000 1.00000000e+000 1.00000000e+000
  1.00000000e+000 1.00000000e+000 1.00000000e+000 1.00000000e+000
  1.00000000e+000 1.00000000e+000 1.00000000e+000 1.00000000e+000
  1.00000000e+000 1.00000000e+000 1.00000000e+000 1.00000000e+000
  1.00000000e+000 1.00000000e+000 1.00000000e+000 1.00000000e+000
  0.00000000e+000]]
