[[1.00000000e+00 8.47175120e-58 1.59636175e-24 ... 1.03512740e-58
  2.14524639e-27 1.00000000e+00]
 [8.47175120e-58 1.00000000e+00 4.24434734e-76 ... 3.04826323e-55
  1.17485573e-33 1.00000000e+00]
 [1.59636175e-24 4.24434734e-76 1.00000000e+00 ... 1.28448223e-35
  1.97374815e-58 1.00000000e+00]
 ...
 [1.03512740e-58 3.04826323e-55 1.28448223e-35 ... 1.00000000e+00
  1.10562607e-41 1.00000000e+00]
 [2.14524639e-27 1.17485573e-33 1.97374815e-58 ... 1.10562607e-41
  1.00000000e+00 1.00000000e+00]
 [1.00000000e+00 1.00000000e+00 1.00000000e+00 ... 1.00000000e+00
  1.00000000e+00 0.00000000e+00]]
