[[1.00000000e+000 1.17066416e-032 7.66177206e-044 1.40481119e-039
  7.04766563e-040 5.84105160e-048 3.66703664e-076 7.83190548e-007
  2.57984320e-033 5.08256992e-054 4.45223244e-040 3.25338291e-037
  7.62963277e-030 3.08538449e-038 6.43159181e-056 8.14385961e-063
  3.47250111e-063 9.40227918e-040 1.44175640e-022 1.70666830e-033
  1.00000000e+000]
 [1.17066416e-032 1.00000000e+000 3.98588646e-032 4.27550744e-042
  3.14499471e-024 3.44826024e-058 3.01159626e-037 1.70424485e-036
  1.96246977e-051 5.20035309e-032 4.66444046e-074 7.16325226e-043
  1.05975532e-023 3.93114430e-035 2.72864971e-070 9.51336562e-075
  1.30281629e-077 2.13850995e-026 1.72891567e-063 4.72363633e-014
  1.00000000e+000]
 [7.66177206e-044 3.98588646e-032 1.00000000e+000 5.51454101e-089
  4.14802914e-036 5.19278412e-088 5.70186517e-055 8.67543303e-031
  3.96116697e-076 3.68037758e-061 2.31727540e-053 9.36429834e-040
  1.53748368e-006 3.46220516e-024 7.09372999e-062 2.38800917e-114
  1.57071927e-048 7.61421532e-030 3.66752722e-077 4.87284109e-042
  1.00000000e+000]
 [1.40481119e-039 4.27550744e-042 5.51454101e-089 1.00000000e+000
  1.10800055e-031 3.65582900e-048 2.30898553e-077 6.63470243e-048
  1.64637841e-053 1.73408889e-028 1.23778281e-067 9.73074928e-063
  3.59620572e-068 1.66920336e-056 9.95509542e-043 5.46250000e-022
  3.59890320e-091 1.74973656e-059 1.53847953e-038 5.65589277e-038
  1.00000000e+000]
 [7.04766563e-040 3.14499471e-024 4.14802914e-036 1.10800055e-031
  1.00000000e+000 2.30438190e-094 8.57990155e-062 1.17687882e-033
  6.67896357e-057 3.42399770e-051 3.53859411e-053 1.32042858e-023
  8.97774467e-030 1.16449071e-047 1.31044528e-066 5.67179013e-055
  6.94645902e-093 1.08851187e-027 1.82966376e-063 1.03259037e-037
  1.00000000e+000]
 [5.84105160e-048 3.44826024e-058 5.19278412e-088 3.65582900e-048
  2.30438190e-094 1.00000000e+000 9.58082208e-081 1.33362279e-053
  1.41074503e-098 1.23155779e-022 3.16267470e-093 7.43145412e-106
  4.62690191e-079 2.80952663e-035 4.96178372e-035 4.11908740e-068
  3.52914016e-033 1.69140182e-089 3.95220974e-046 5.92938908e-037
  1.00000000e+000]
 [3.66703664e-076 3.01159626e-037 5.70186517e-055 2.30898553e-077
  8.57990155e-062 9.58082208e-081 1.00000000e+000 2.64669198e-065
  6.95901125e-059 7.04178619e-031 4.57715018e-052 1.90612244e-046
  6.40632233e-041 1.81007842e-027 7.99969149e-068 8.93479481e-063
  9.72507168e-073 1.98244889e-016 2.03208831e-059 5.57150790e-015
  1.00000000e+000]
 [7.83190548e-007 1.70424485e-036 8.67543303e-031 6.63470243e-048
  1.17687882e-033 1.33362279e-053 2.64669198e-065 1.00000000e+000
  2.74197035e-046 9.87584612e-053 6.79842304e-026 1.45437558e-020
  1.44791878e-024 1.80152803e-025 1.56213309e-051 2.27338999e-057
  2.25439801e-045 8.66247003e-030 2.58787614e-022 3.93664705e-030
  1.00000000e+000]
 [2.57984320e-033 1.96246977e-051 3.96116697e-076 1.64637841e-053
  6.67896357e-057 1.41074503e-098 6.95901125e-059 2.74197035e-046
  1.00000000e+000 1.32582252e-068 8.57757868e-037 3.96836564e-050
  4.22862340e-041 3.03213753e-065 7.90157317e-075 5.42771101e-062
  6.43254810e-122 4.99646765e-031 4.14265847e-031 2.04799271e-046
  1.00000000e+000]
 [5.08256992e-054 5.20035309e-032 3.68037758e-061 1.73408889e-028
  3.42399770e-051 1.23155779e-022 7.04178619e-031 9.87584612e-053
  1.32582252e-068 1.00000000e+000 2.45322837e-064 1.65424282e-068
  2.22696393e-049 1.32309251e-018 4.27283334e-022 2.57795351e-038
  6.86759026e-041 2.84470190e-044 5.07835564e-043 6.17938829e-014
  1.00000000e+000]
 [4.45223244e-040 4.66444046e-074 2.31727540e-053 1.23778281e-067
  3.53859411e-053 3.16267470e-093 4.57715018e-052 6.79842304e-026
  8.57757868e-037 2.45322837e-064 1.00000000e+000 4.63604998e-022
  8.72237192e-037 4.48865184e-033 2.57591498e-048 1.04386031e-044
  1.29201586e-063 3.79855042e-023 1.45405867e-018 4.49831777e-046
  1.00000000e+000]
 [3.25338291e-037 7.16325226e-043 9.36429834e-040 9.73074928e-063
  1.32042858e-023 7.43145412e-106 1.90612244e-046 1.45437558e-020
  3.96836564e-050 1.65424282e-068 4.63604998e-022 1.00000000e+000
  3.59097047e-032 1.66744169e-040 4.90328410e-083 2.93919701e-051
  2.99559526e-083 1.81916811e-012 1.66367014e-041 6.20181269e-034
  1.00000000e+000]
 [7.62963277e-030 1.05975532e-023 1.53748368e-006 3.59620572e-068
  8.97774467e-030 4.62690191e-079 6.40632233e-041 1.44791878e-024
  4.22862340e-041 2.22696393e-049 8.72237192e-037 3.59097047e-032
  1.00000000e+000 7.63659333e-022 4.39474717e-051 1.91883395e-090
  5.64096753e-056 1.60160623e-016 8.84904455e-054 1.98961354e-030
  1.00000000e+000]
 [3.08538449e-038 3.93114430e-035 3.46220516e-024 1.66920336e-056
  1.16449071e-047 2.80952663e-035 1.81007842e-027 1.80152803e-025
  3.03213753e-065 1.32309251e-018 4.48865184e-033 1.66744169e-040
  7.63659333e-022 1.00000000e+000 1.50892912e-022 2.16051094e-057
  2.47261132e-014 5.27928014e-026 1.44945386e-034 1.47732458e-015
  1.00000000e+000]
 [6.43159181e-056 2.72864971e-070 7.09372999e-062 9.95509542e-043
  1.31044528e-066 4.96178372e-035 7.99969149e-068 1.56213309e-051
  7.90157317e-075 4.27283334e-022 2.57591498e-048 4.90328410e-083
  4.39474717e-051 1.50892912e-022 1.00000000e+000 2.52722110e-052
  1.05583285e-028 2.10225752e-064 8.90839969e-039 3.05742091e-047
  1.00000000e+000]
 [8.14385961e-063 9.51336562e-075 2.38800917e-114 5.46250000e-022
  5.67179013e-055 4.11908740e-068 8.93479481e-063 2.27338999e-057
  5.42771101e-062 2.57795351e-038 1.04386031e-044 2.93919701e-051
  1.91883395e-090 2.16051094e-057 2.52722110e-052 1.00000000e+000
  1.86022236e-092 6.74372816e-054 3.89292331e-026 1.95948374e-041
  1.00000000e+000]
 [3.47250111e-063 1.30281629e-077 1.57071927e-048 3.59890320e-091
  6.94645902e-093 3.52914016e-033 9.72507168e-073 2.25439801e-045
  6.43254810e-122 6.86759026e-041 1.29201586e-063 2.99559526e-083
  5.64096753e-056 2.47261132e-014 1.05583285e-028 1.86022236e-092
  1.00000000e+000 3.62837085e-074 5.62668880e-058 4.14571787e-049
  1.00000000e+000]
 [9.40227918e-040 2.13850995e-026 7.61421532e-030 1.74973656e-059
  1.08851187e-027 1.69140182e-089 1.98244889e-016 8.66247003e-030
  4.99646765e-031 2.84470190e-044 3.79855042e-023 1.81916811e-012
  1.60160623e-016 5.27928014e-026 2.10225752e-064 6.74372816e-054
  3.62837085e-074 1.00000000e+000 7.53779505e-040 1.89548530e-017
  1.00000000e+000]
 [1.44175640e-022 1.72891567e-063 3.66752722e-077 1.53847953e-038
  1.82966376e-063 3.95220974e-046 2.03208831e-059 2.58787614e-022
  4.14265847e-031 5.07835564e-043 1.45405867e-018 1.66367014e-041
  8.84904455e-054 1.44945386e-034 8.90839969e-039 3.89292331e-026
  5.62668880e-058 7.53779505e-040 1.00000000e+000 3.77092587e-033
  1.00000000e+000]
 [1.70666830e-033 4.72363633e-014 4.87284109e-042 5.65589277e-038
  1.03259037e-037 5.92938908e-037 5.57150790e-015 3.93664705e-030
  2.04799271e-046 6.17938829e-014 4.49831777e-046 6.20181269e-034
  1.98961354e-030 1.47732458e-015 3.05742091e-047 1.95948374e-041
  4.14571787e-049 1.89548530e-017 3.77092587e-033 1.00000000e+000
  1.00000000e+000]
 [1.00000000e+000 1.00000000e+000 1.00000000e+000 1.00000000e+000
  1.00000000e+000 1.00000000e+000 1.00000000e+000 1.00000000e+000
  1.00000000e+000 1.00000000e+000 1.00000000e+000 1.00000000e+000
  1.00000000e+000 1.00000000e+000 1.00000000e+000 1.00000000e+000
  1.00000000e+000 1.00000000e+000 1.00000000e+000 1.00000000e+000
  0.00000000e+000]]
