[[1.00000000e+000 3.88641241e-062 2.96630900e-070 2.43222618e-056
  4.21208531e-054 1.33055722e-040 9.23242907e-032 5.50961306e-056
  8.17212137e-060 1.28656490e-039 2.20769748e-055 9.76388086e-053
  5.94455623e-031 2.52998078e-024 7.99297452e-054 1.32982841e-038
  6.60586133e-036 7.42162447e-079 4.88111312e-082 1.62744237e-058
  1.00000000e+000]
 [3.88641241e-062 1.00000000e+000 2.19176296e-009 2.80117101e-028
  2.81670038e-015 2.57144062e-054 7.13736423e-038 9.24046685e-060
  7.07658196e-056 6.52710008e-057 6.49110674e-042 2.98409334e-043
  5.04464238e-046 3.57407852e-059 9.55600565e-054 8.38771296e-064
  1.19352282e-054 2.77619500e-055 3.54867248e-033 3.12318647e-036
  1.00000000e+000]
 [2.96630900e-070 2.19176296e-009 1.00000000e+000 5.63352459e-017
  8.23150495e-033 3.81925840e-071 3.22478330e-067 1.51440903e-056
  3.26020430e-072 6.84303865e-051 6.97379915e-050 3.07605930e-022
  4.82600688e-041 5.39955248e-063 1.02101968e-051 1.34717592e-087
  5.35889553e-059 1.26050424e-033 4.23314286e-042 1.33305022e-029
  1.00000000e+000]
 [2.43222618e-056 2.80117101e-028 5.63352459e-017 1.00000000e+000
  2.62733640e-039 2.99070774e-045 3.36721191e-064 3.66123384e-034
  2.07528629e-086 5.83876239e-016 1.59945915e-044 2.65886868e-017
  2.53983140e-055 3.12376556e-065 6.67048250e-031 1.16282504e-060
  4.61094232e-065 4.85870748e-038 1.16861141e-034 3.96937177e-017
  1.00000000e+000]
 [4.21208531e-054 2.81670038e-015 8.23150495e-033 2.62733640e-039
  1.00000000e+000 5.64759296e-047 2.80941735e-035 1.81496547e-074
  5.60702451e-061 1.37702699e-060 3.91689585e-063 1.14072656e-071
  1.23249407e-068 1.22485235e-068 5.13954749e-070 7.85084111e-046
  1.72732106e-061 2.36444100e-092 1.39894465e-044 9.38035027e-027
  1.00000000e+000]
 [1.33055722e-040 2.57144062e-054 3.81925840e-071 2.99070774e-045
  5.64759296e-047 1.00000000e+000 7.78318875e-032 1.09754020e-035
  8.98652654e-037 3.86353038e-022 1.16494264e-022 1.33027802e-061
  6.48308805e-057 7.99955653e-044 4.06532840e-033 1.70754925e-006
  9.03409948e-077 2.09838965e-066 5.52316295e-025 4.24226067e-063
  1.00000000e+000]
 [9.23242907e-032 7.13736423e-038 3.22478330e-067 3.36721191e-064
  2.80941735e-035 7.78318875e-032 1.00000000e+000 4.02721039e-049
  5.01347545e-062 9.13022076e-061 2.77069418e-051 7.07845807e-086
  4.33169198e-060 1.77367927e-059 1.82451734e-044 1.76584772e-023
  1.67697245e-070 7.36886612e-104 4.01354228e-063 1.39459784e-065
  1.00000000e+000]
 [5.50961306e-056 9.24046685e-060 1.51440903e-056 3.66123384e-034
  1.81496547e-074 1.09754020e-035 4.02721039e-049 1.00000000e+000
  6.18772678e-086 6.23294758e-034 6.45272552e-057 1.53945908e-047
  6.17450310e-056 8.15819057e-081 4.44950524e-001 4.03509957e-037
  2.90767576e-121 1.06741136e-046 1.14839150e-064 7.58617946e-045
  1.00000000e+000]
 [8.17212137e-060 7.07658196e-056 3.26020430e-072 2.07528629e-086
  5.60702451e-061 8.98652654e-037 5.01347545e-062 6.18772678e-086
  1.00000000e+000 2.07842956e-071 3.74695388e-027 1.92300389e-070
  8.21945291e-031 3.28928305e-023 2.86294359e-082 6.92361722e-050
  4.02864846e-064 1.10495612e-055 4.06289305e-040 7.69625236e-106
  1.00000000e+000]
 [1.28656490e-039 6.52710008e-057 6.84303865e-051 5.83876239e-016
  1.37702699e-060 3.86353038e-022 9.13022076e-061 6.23294758e-034
  2.07842956e-071 1.00000000e+000 1.54590025e-028 3.62180432e-024
  1.98389549e-053 1.18428130e-044 3.58635074e-031 8.94544149e-039
  1.03501775e-058 1.99536071e-044 5.44021971e-032 3.82701158e-044
  1.00000000e+000]
 [2.20769748e-055 6.49110674e-042 6.97379915e-050 1.59945915e-044
  3.91689585e-063 1.16494264e-022 2.77069418e-051 6.45272552e-057
  3.74695388e-027 1.54590025e-028 1.00000000e+000 4.66323737e-035
  1.06184929e-035 1.07482444e-024 8.73785324e-051 2.74363649e-046
  2.40015023e-047 1.06447101e-036 7.21420789e-013 5.45361376e-089
  1.00000000e+000]
 [9.76388086e-053 2.98409334e-043 3.07605930e-022 2.65886868e-017
  1.14072656e-071 1.33027802e-061 7.07845807e-086 1.53945908e-047
  1.92300389e-070 3.62180432e-024 4.66323737e-035 1.00000000e+000
  1.10997566e-025 1.09294060e-037 4.75547537e-044 8.42850829e-087
  2.47232385e-047 1.12386350e-012 1.33491337e-046 1.02862301e-049
  1.00000000e+000]
 [5.94455623e-031 5.04464238e-046 4.82600688e-041 2.53983140e-055
  1.23249407e-068 6.48308805e-057 4.33169198e-060 6.17450310e-056
  8.21945291e-031 1.98389549e-053 1.06184929e-035 1.10997566e-025
  1.00000000e+000 1.51892197e-013 3.00361747e-053 2.42372845e-070
  2.21218262e-041 1.77479949e-024 1.73150703e-064 1.70793414e-074
  1.00000000e+000]
 [2.52998078e-024 3.57407852e-059 5.39955248e-063 3.12376556e-065
  1.22485235e-068 7.99955653e-044 1.77367927e-059 8.15819057e-081
  3.28928305e-023 1.18428130e-044 1.07482444e-024 1.09294060e-037
  1.51892197e-013 1.00000000e+000 1.97852537e-076 1.25328662e-060
  2.32500382e-020 5.68453745e-047 1.45173440e-053 1.12166235e-092
  1.00000000e+000]
 [7.99297452e-054 9.55600565e-054 1.02101968e-051 6.67048250e-031
  5.13954749e-070 4.06532840e-033 1.82451734e-044 4.44950524e-001
  2.86294359e-082 3.58635074e-031 8.73785324e-051 4.75547537e-044
  3.00361747e-053 1.97852537e-076 1.00000000e+000 7.80460104e-036
  1.59977749e-113 1.16086181e-044 1.49844799e-058 3.67911611e-044
  1.00000000e+000]
 [1.32982841e-038 8.38771296e-064 1.34717592e-087 1.16282504e-060
  7.85084111e-046 1.70754925e-006 1.76584772e-023 4.03509957e-037
  6.92361722e-050 8.94544149e-039 2.74363649e-046 8.42850829e-087
  2.42372845e-070 1.25328662e-060 7.80460104e-036 1.00000000e+000
  6.08926779e-096 1.84523584e-093 2.02154442e-048 2.88444339e-062
  1.00000000e+000]
 [6.60586133e-036 1.19352282e-054 5.35889553e-059 4.61094232e-065
  1.72732106e-061 9.03409948e-077 1.67697245e-070 2.90767576e-121
  4.02864846e-064 1.03501775e-058 2.40015023e-047 2.47232385e-047
  2.21218262e-041 2.32500382e-020 1.59977749e-113 6.08926779e-096
  1.00000000e+000 1.42394266e-082 1.34724044e-068 1.89120355e-091
  1.00000000e+000]
 [7.42162447e-079 2.77619500e-055 1.26050424e-033 4.85870748e-038
  2.36444100e-092 2.09838965e-066 7.36886612e-104 1.06741136e-046
  1.10495612e-055 1.99536071e-044 1.06447101e-036 1.12386350e-012
  1.77479949e-024 5.68453745e-047 1.16086181e-044 1.84523584e-093
  1.42394266e-082 1.00000000e+000 4.70418354e-049 3.33223976e-073
  1.00000000e+000]
 [4.88111312e-082 3.54867248e-033 4.23314286e-042 1.16861141e-034
  1.39894465e-044 5.52316295e-025 4.01354228e-063 1.14839150e-064
  4.06289305e-040 5.44021971e-032 7.21420789e-013 1.33491337e-046
  1.73150703e-064 1.45173440e-053 1.49844799e-058 2.02154442e-048
  1.34724044e-068 4.70418354e-049 1.00000000e+000 4.23826051e-070
  1.00000000e+000]
 [1.62744237e-058 3.12318647e-036 1.33305022e-029 3.96937177e-017
  9.38035027e-027 4.24226067e-063 1.39459784e-065 7.58617946e-045
  7.69625236e-106 3.82701158e-044 5.45361376e-089 1.02862301e-049
  1.70793414e-074 1.12166235e-092 3.67911611e-044 2.88444339e-062
  1.89120355e-091 3.33223976e-073 4.23826051e-070 1.00000000e+000
  1.00000000e+000]
 [1.00000000e+000 1.00000000e+000 1.00000000e+000 1.00000000e+000
  1.00000000e+000 1.00000000e+000 1.00000000e+000 1.00000000e+000
  1.00000000e+000 1.00000000e+000 1.00000000e+000 1.00000000e+000
  1.00000000e+000 1.00000000e+000 1.00000000e+000 1.00000000e+000
  1.00000000e+000 1.00000000e+000 1.00000000e+000 1.00000000e+000
  0.00000000e+000]]
