[[1.00000000e+00 2.41611276e-58 6.21885559e-50 ... 1.16617775e-42
  1.34510994e-48 1.00000000e+00]
 [2.41611276e-58 1.00000000e+00 3.91889346e-48 ... 1.92682174e-15
  3.75360064e-32 1.00000000e+00]
 [6.21885559e-50 3.91889346e-48 1.00000000e+00 ... 2.51972604e-45
  1.55368389e-19 1.00000000e+00]
 ...
 [1.16617775e-42 1.92682174e-15 2.51972604e-45 ... 1.00000000e+00
  1.35741604e-32 1.00000000e+00]
 [1.34510994e-48 3.75360064e-32 1.55368389e-19 ... 1.35741604e-32
  1.00000000e+00 1.00000000e+00]
 [1.00000000e+00 1.00000000e+00 1.00000000e+00 ... 1.00000000e+00
  1.00000000e+00 0.00000000e+00]]
