[[1.00000000e+000 9.72998061e-069 1.37547421e-080 2.60667614e-033
  5.03187096e-079 1.25361764e-074 1.24374484e-039 1.61663550e-085
  3.05171598e-032 7.03031471e-015 1.49479498e-046 4.41215720e-078
  2.73336221e-058 2.76743158e-088 3.75114837e-066 3.64618524e-037
  6.89458144e-020 2.03486490e-057 2.77785831e-040 8.79050402e-056
  1.00000000e+000]
 [9.72998061e-069 1.00000000e+000 4.89150562e-051 2.12210802e-060
  2.07006668e-012 3.32925981e-045 9.35614828e-059 6.91552285e-101
  1.01324568e-080 5.25679774e-059 2.98716680e-071 1.67383311e-078
  1.49435271e-045 2.81053635e-057 7.01554541e-046 1.61813377e-047
  1.71250101e-043 8.01840016e-027 4.14637382e-024 7.08503635e-071
  1.00000000e+000]
 [1.37547421e-080 4.89150562e-051 1.00000000e+000 2.10315723e-062
  5.31629665e-042 1.65780277e-002 2.45134913e-033 1.25056164e-061
  6.61542433e-030 8.36016082e-067 2.40474061e-092 3.12086432e-035
  5.04256380e-072 3.95408835e-038 5.16462609e-066 7.19447399e-043
  3.19160632e-028 7.56995680e-062 1.78806976e-065 3.45015152e-025
  1.00000000e+000]
 [2.60667614e-033 2.12210802e-060 2.10315723e-062 1.00000000e+000
  1.02419571e-094 2.80706611e-068 7.55810619e-028 2.02674401e-027
  8.51910286e-044 5.05383188e-044 4.12162867e-064 1.28306568e-057
  1.79622154e-044 2.12983815e-026 1.80376612e-045 5.94208235e-072
  6.42330332e-044 4.08659715e-058 2.93491483e-017 1.13014999e-040
  1.00000000e+000]
 [5.03187096e-079 2.07006668e-012 5.31629665e-042 1.02419571e-094
  1.00000000e+000 5.83571423e-033 6.64081717e-073 7.25462111e-137
  3.63741723e-073 4.33779237e-068 2.51893687e-093 3.32566148e-090
  2.76486333e-069 2.48594077e-084 1.65367641e-075 5.46842706e-036
  1.84027287e-037 9.49475541e-046 2.74816312e-057 1.37466016e-076
  1.00000000e+000]
 [1.25361764e-074 3.32925981e-045 1.65780277e-002 2.80706611e-068
  5.83571423e-033 1.00000000e+000 3.12030009e-031 5.08713467e-069
  7.66628914e-030 6.04876087e-057 2.74675812e-079 2.44770450e-032
  6.56406088e-066 1.39735523e-047 2.59958553e-059 3.67140443e-031
  1.10212085e-021 4.77677959e-051 1.37934404e-065 2.51231795e-025
  1.00000000e+000]
 [1.24374484e-039 9.35614828e-059 2.45134913e-033 7.55810619e-028
  6.64081717e-073 3.12030009e-031 1.00000000e+000 2.51543395e-021
  5.15663604e-029 2.35460010e-028 7.00332287e-031 1.00939241e-009
  9.90217722e-025 3.11141616e-041 4.39868984e-019 3.34185036e-027
  1.16136294e-020 6.10924727e-029 1.40025418e-040 5.61598169e-006
  1.00000000e+000]
 [1.61663550e-085 6.91552285e-101 1.25056164e-061 2.02674401e-027
  7.25462111e-137 5.08713467e-069 2.51543395e-021 1.00000000e+000
  8.61842787e-061 6.84406196e-072 2.54946872e-070 1.30515738e-027
  2.86703424e-046 5.01815793e-026 5.78258651e-037 1.23239067e-089
  1.18249679e-069 2.68661969e-069 4.96505264e-059 2.15216737e-028
  1.00000000e+000]
 [3.05171598e-032 1.01324568e-080 6.61542433e-030 8.51910286e-044
  3.63741723e-073 7.66628914e-030 5.15663604e-029 8.61842787e-061
  1.00000000e+000 3.66213830e-032 9.72478311e-078 5.23284265e-052
  1.53764251e-065 6.71332994e-053 3.57876619e-077 5.41135672e-033
  1.99665061e-012 4.73592973e-079 6.44629942e-071 8.43165692e-030
  1.00000000e+000]
 [7.03031471e-015 5.25679774e-059 8.36016082e-067 5.05383188e-044
  4.33779237e-068 6.04876087e-057 2.35460010e-028 6.84406196e-072
  3.66213830e-032 1.00000000e+000 1.57710384e-018 4.08480852e-050
  1.58161147e-043 7.71810764e-078 1.40165190e-037 3.22986393e-027
  2.52998137e-014 5.86241551e-032 3.29391320e-044 2.55979901e-050
  1.00000000e+000]
 [1.49479498e-046 2.98716680e-071 2.40474061e-092 4.12162867e-064
  2.51893687e-093 2.74675812e-079 7.00332287e-031 2.54946872e-070
  9.72478311e-078 1.57710384e-018 1.00000000e+000 3.91296207e-037
  5.04259921e-043 2.02400579e-101 2.44008204e-017 4.67114188e-045
  5.95589280e-043 1.00531378e-015 1.46975781e-051 8.68106698e-057
  1.00000000e+000]
 [4.41215720e-078 1.67383311e-078 3.12086432e-035 1.28306568e-057
  3.32566148e-090 2.44770450e-032 1.00939241e-009 1.30515738e-027
  5.23284265e-052 4.08480852e-050 3.91296207e-037 1.00000000e+000
  1.34279647e-045 1.78221622e-056 1.33393736e-022 1.03350825e-044
  1.46834207e-040 3.09783482e-034 4.48893647e-066 1.32537256e-012
  1.00000000e+000]
 [2.73336221e-058 1.49435271e-045 5.04256380e-072 1.79622154e-044
  2.76486333e-069 6.56406088e-066 9.90217722e-025 2.86703424e-046
  1.53764251e-065 1.58161147e-043 5.04259921e-043 1.34279647e-045
  1.00000000e+000 1.23553626e-051 2.84497133e-017 2.36300999e-035
  3.99682583e-044 1.59753091e-028 3.82549551e-045 7.86747262e-039
  1.00000000e+000]
 [2.76743158e-088 2.81053635e-057 3.95408835e-038 2.12983815e-026
  2.48594077e-084 1.39735523e-047 3.11141616e-041 5.01815793e-026
  6.71332994e-053 7.71810764e-078 2.02400579e-101 1.78221622e-056
  1.23553626e-051 1.00000000e+000 2.98087455e-054 4.04149353e-088
  3.86880760e-061 2.88018005e-073 1.01340293e-042 3.08196118e-047
  1.00000000e+000]
 [3.75114837e-066 7.01554541e-046 5.16462609e-066 1.80376612e-045
  1.65367641e-075 2.59958553e-059 4.39868984e-019 5.78258651e-037
  3.57876619e-077 1.40165190e-037 2.44008204e-017 1.33393736e-022
  2.84497133e-017 2.98087455e-054 1.00000000e+000 2.47637667e-047
  8.67292667e-048 2.96764233e-009 4.86622573e-035 7.74097042e-038
  1.00000000e+000]
 [3.64618524e-037 1.61813377e-047 7.19447399e-043 5.94208235e-072
  5.46842706e-036 3.67140443e-031 3.34185036e-027 1.23239067e-089
  5.41135672e-033 3.22986393e-027 4.67114188e-045 1.03350825e-044
  2.36300999e-035 4.04149353e-088 2.47637667e-047 1.00000000e+000
  4.21334537e-010 1.12796730e-034 2.41668400e-066 1.03707263e-030
  1.00000000e+000]
 [6.89458144e-020 1.71250101e-043 3.19160632e-028 6.42330332e-044
  1.84027287e-037 1.10212085e-021 1.16136294e-020 1.18249679e-069
  1.99665061e-012 2.52998137e-014 5.95589280e-043 1.46834207e-040
  3.99682583e-044 3.86880760e-061 8.67292667e-048 4.21334537e-010
  1.00000000e+000 1.51119830e-037 1.01767139e-045 7.89675653e-027
  1.00000000e+000]
 [2.03486490e-057 8.01840016e-027 7.56995680e-062 4.08659715e-058
  9.49475541e-046 4.77677959e-051 6.10924727e-029 2.68661969e-069
  4.73592973e-079 5.86241551e-032 1.00531378e-015 3.09783482e-034
  1.59753091e-028 2.88018005e-073 2.96764233e-009 1.12796730e-034
  1.51119830e-037 1.00000000e+000 5.07671931e-030 2.20802740e-047
  1.00000000e+000]
 [2.77785831e-040 4.14637382e-024 1.78806976e-065 2.93491483e-017
  2.74816312e-057 1.37934404e-065 1.40025418e-040 4.96505264e-059
  6.44629942e-071 3.29391320e-044 1.46975781e-051 4.48893647e-066
  3.82549551e-045 1.01340293e-042 4.86622573e-035 2.41668400e-066
  1.01767139e-045 5.07671931e-030 1.00000000e+000 2.53668713e-058
  1.00000000e+000]
 [8.79050402e-056 7.08503635e-071 3.45015152e-025 1.13014999e-040
  1.37466016e-076 2.51231795e-025 5.61598169e-006 2.15216737e-028
  8.43165692e-030 2.55979901e-050 8.68106698e-057 1.32537256e-012
  7.86747262e-039 3.08196118e-047 7.74097042e-038 1.03707263e-030
  7.89675653e-027 2.20802740e-047 2.53668713e-058 1.00000000e+000
  1.00000000e+000]
 [1.00000000e+000 1.00000000e+000 1.00000000e+000 1.00000000e+000
  1.00000000e+000 1.00000000e+000 1.00000000e+000 1.00000000e+000
  1.00000000e+000 1.00000000e+000 1.00000000e+000 1.00000000e+000
  1.00000000e+000 1.00000000e+000 1.00000000e+000 1.00000000e+000
  1.00000000e+000 1.00000000e+000 1.00000000e+000 1.00000000e+000
  0.00000000e+000]]
