[[1.00000000e+000 3.45464704e-050 4.43224583e-032 5.61159166e-026
  5.08668021e-053 1.42366772e-060 1.84822709e-076 7.42189721e-052
  3.96226300e-060 1.91732058e-047 5.90364319e-066 8.55452259e-044
  1.78372637e-055 2.45662996e-048 6.33792258e-026 1.40604349e-040
  1.35422174e-050 1.65461576e-037 2.10422148e-021 7.11737913e-083
  1.00000000e+000]
 [3.45464704e-050 1.00000000e+000 2.69631866e-020 5.91472593e-037
  6.33886818e-067 2.04766615e-013 4.93012286e-033 4.19639252e-041
  7.40776947e-046 3.50166638e-082 1.18126228e-065 7.85109737e-050
  3.93222434e-057 3.56053275e-035 7.09178954e-039 7.78862567e-045
  1.42997725e-033 1.28029480e-017 1.61770718e-014 1.54236051e-037
  1.00000000e+000]
 [4.43224583e-032 2.69631866e-020 1.00000000e+000 5.23530214e-012
  3.76137960e-026 2.50352219e-030 2.97182569e-053 1.21084042e-015
  9.07059173e-019 5.12326155e-046 4.12381293e-040 1.04801533e-013
  2.45344705e-046 1.16008598e-044 2.57546876e-010 1.58052280e-039
  3.48572625e-019 1.06540699e-014 1.90284443e-007 1.66121226e-048
  1.00000000e+000]
 [5.61159166e-026 5.91472593e-037 5.23530214e-012 1.00000000e+000
  6.04876805e-042 7.12223819e-059 5.41466245e-061 2.41091322e-025
  4.66272922e-026 8.52340524e-062 1.40371269e-049 1.13489552e-022
  6.62513290e-019 6.17914798e-039 8.53582684e-006 7.35867887e-026
  3.33060496e-044 2.64404158e-023 8.10181685e-013 5.34503233e-063
  1.00000000e+000]
 [5.08668021e-053 6.33886818e-067 3.76137960e-026 6.04876805e-042
  1.00000000e+000 6.83336223e-066 2.93111968e-102 5.08343711e-047
  6.61721192e-023 6.26769440e-017 1.11450712e-010 9.32712516e-020
  9.36623199e-071 1.90287673e-067 1.31598365e-045 9.91541917e-049
  1.09272389e-010 1.59556441e-039 2.22311421e-036 4.20115241e-084
  1.00000000e+000]
 [1.42366772e-060 2.04766615e-013 2.50352219e-030 7.12223819e-059
  6.83336223e-066 1.00000000e+000 7.10109039e-063 1.52766955e-033
  4.50445152e-041 1.08724232e-059 1.78994742e-070 8.15104409e-042
  1.68878833e-089 1.16698474e-048 3.75229862e-064 7.60969792e-076
  4.20926316e-031 1.25220392e-013 1.40603835e-031 4.64245593e-069
  1.00000000e+000]
 [1.84822709e-076 4.93012286e-033 2.97182569e-053 5.41466245e-061
  2.93111968e-102 7.10109039e-063 1.00000000e+000 1.75318084e-075
  3.10958534e-098 1.89846356e-123 1.61455765e-086 8.62418108e-101
  1.27913995e-069 2.88613290e-026 6.94440612e-063 2.66128163e-044
  4.21584725e-069 4.86079679e-060 4.25797263e-053 1.59038493e-005
  1.00000000e+000]
 [7.42189721e-052 4.19639252e-041 1.21084042e-015 2.41091322e-025
  5.08343711e-047 1.52766955e-033 1.75318084e-075 1.00000000e+000
  2.05022709e-018 5.42287748e-048 5.12374792e-064 2.42413012e-011
  3.05987703e-063 8.98931101e-053 5.21160527e-031 2.49222478e-071
  9.85705075e-042 3.22264606e-015 3.24282301e-034 4.43232723e-079
  1.00000000e+000]
 [3.96226300e-060 7.40776947e-046 9.07059173e-019 4.66272922e-026
  6.61721192e-023 4.50445152e-041 3.10958534e-098 2.05022709e-018
  1.00000000e+000 4.22444186e-033 5.28122306e-029 7.54980218e-006
  1.15564640e-044 1.06053893e-053 1.18105469e-039 1.37930629e-051
  7.21760144e-024 2.16600576e-013 9.16344747e-030 6.08144178e-094
  1.00000000e+000]
 [1.91732058e-047 3.50166638e-082 5.12326155e-046 8.52340524e-062
  6.26769440e-017 1.08724232e-059 1.89846356e-123 5.42287748e-048
  4.22444186e-033 1.00000000e+000 6.79109215e-027 1.29681696e-024
  4.42028593e-092 1.87878096e-066 2.23112655e-072 1.27969062e-069
  1.66408894e-023 7.69504099e-038 3.11184270e-055 5.37404989e-116
  1.00000000e+000]
 [5.90364319e-066 1.18126228e-065 4.12381293e-040 1.40371269e-049
  1.11450712e-010 1.78994742e-070 1.61455765e-086 5.12374792e-064
  5.28122306e-029 6.79109215e-027 1.00000000e+000 3.91724834e-037
  2.19198984e-053 3.37151357e-045 1.85254125e-063 8.95073351e-030
  4.59112620e-014 5.81998064e-041 1.62903803e-044 1.79121409e-071
  1.00000000e+000]
 [8.55452259e-044 7.85109737e-050 1.04801533e-013 1.13489552e-022
  9.32712516e-020 8.15104409e-042 8.62418108e-101 2.42413012e-011
  7.54980218e-006 1.29681696e-024 3.91724834e-037 1.00000000e+000
  8.76428742e-057 3.23470984e-061 1.71221297e-029 5.65564451e-060
  7.12354054e-025 8.15858314e-016 4.91857325e-027 1.68393543e-096
  1.00000000e+000]
 [1.78372637e-055 3.93222434e-057 2.45344705e-046 6.62513290e-019
  9.36623199e-071 1.68878833e-089 1.27913995e-069 3.05987703e-063
  1.15564640e-044 4.42028593e-092 2.19198984e-053 8.76428742e-057
  1.00000000e+000 6.63409942e-030 1.60146289e-039 4.73671138e-014
  1.88823603e-070 4.64656877e-041 1.86624887e-037 7.19862712e-077
  1.00000000e+000]
 [2.45662996e-048 3.56053275e-035 1.16008598e-044 6.17914798e-039
  1.90287673e-067 1.16698474e-048 2.88613290e-026 8.98931101e-053
  1.06053893e-053 1.87878096e-066 3.37151357e-045 3.23470984e-061
  6.63409942e-030 1.00000000e+000 8.96630185e-058 8.82662135e-018
  1.69510499e-047 2.05564536e-027 1.20092255e-040 2.10724335e-036
  1.00000000e+000]
 [6.33792258e-026 7.09178954e-039 2.57546876e-010 8.53582684e-006
  1.31598365e-045 3.75229862e-064 6.94440612e-063 5.21160527e-031
  1.18105469e-039 2.23112655e-072 1.85254125e-063 1.71221297e-029
  1.60146289e-039 8.96630185e-058 1.00000000e+000 1.02122108e-039
  1.36691057e-047 2.76892313e-035 2.23844549e-012 1.04417224e-060
  1.00000000e+000]
 [1.40604349e-040 7.78862567e-045 1.58052280e-039 7.35867887e-026
  9.91541917e-049 7.60969792e-076 2.66128163e-044 2.49222478e-071
  1.37930629e-051 1.27969062e-069 8.95073351e-030 5.65564451e-060
  4.73671138e-014 8.82662135e-018 1.02122108e-039 1.00000000e+000
  6.39761061e-043 1.16058542e-040 3.36813876e-028 3.80073567e-044
  1.00000000e+000]
 [1.35422174e-050 1.42997725e-033 3.48572625e-019 3.33060496e-044
  1.09272389e-010 4.20926316e-031 4.21584725e-069 9.85705075e-042
  7.21760144e-024 1.66408894e-023 4.59112620e-014 7.12354054e-025
  1.88823603e-070 1.69510499e-047 1.36691057e-047 6.39761061e-043
  1.00000000e+000 2.65157859e-023 2.51241002e-024 3.03072883e-056
  1.00000000e+000]
 [1.65461576e-037 1.28029480e-017 1.06540699e-014 2.64404158e-023
  1.59556441e-039 1.25220392e-013 4.86079679e-060 3.22264606e-015
  2.16600576e-013 7.69504099e-038 5.81998064e-041 8.15858314e-016
  4.64656877e-041 2.05564536e-027 2.76892313e-035 1.16058542e-040
  2.65157859e-023 1.00000000e+000 7.52982585e-017 5.50493978e-066
  1.00000000e+000]
 [2.10422148e-021 1.61770718e-014 1.90284443e-007 8.10181685e-013
  2.22311421e-036 1.40603835e-031 4.25797263e-053 3.24282301e-034
  9.16344747e-030 3.11184270e-055 1.62903803e-044 4.91857325e-027
  1.86624887e-037 1.20092255e-040 2.23844549e-012 3.36813876e-028
  2.51241002e-024 7.52982585e-017 1.00000000e+000 3.63632333e-052
  1.00000000e+000]
 [7.11737913e-083 1.54236051e-037 1.66121226e-048 5.34503233e-063
  4.20115241e-084 4.64245593e-069 1.59038493e-005 4.43232723e-079
  6.08144178e-094 5.37404989e-116 1.79121409e-071 1.68393543e-096
  7.19862712e-077 2.10724335e-036 1.04417224e-060 3.80073567e-044
  3.03072883e-056 5.50493978e-066 3.63632333e-052 1.00000000e+000
  1.00000000e+000]
 [1.00000000e+000 1.00000000e+000 1.00000000e+000 1.00000000e+000
  1.00000000e+000 1.00000000e+000 1.00000000e+000 1.00000000e+000
  1.00000000e+000 1.00000000e+000 1.00000000e+000 1.00000000e+000
  1.00000000e+000 1.00000000e+000 1.00000000e+000 1.00000000e+000
  1.00000000e+000 1.00000000e+000 1.00000000e+000 1.00000000e+000
  0.00000000e+000]]
