[[1.00000000e+00 8.59562586e-24 2.73069686e-41 ... 1.53657727e-66
  5.78063018e-48 1.00000000e+00]
 [8.59562586e-24 1.00000000e+00 3.26192206e-40 ... 7.82574927e-54
  1.46490454e-26 1.00000000e+00]
 [2.73069686e-41 3.26192206e-40 1.00000000e+00 ... 4.19590566e-67
  8.14639051e-09 1.00000000e+00]
 ...
 [1.53657727e-66 7.82574927e-54 4.19590566e-67 ... 1.00000000e+00
  8.42824842e-55 1.00000000e+00]
 [5.78063018e-48 1.46490454e-26 8.14639051e-09 ... 8.42824842e-55
  1.00000000e+00 1.00000000e+00]
 [1.00000000e+00 1.00000000e+00 1.00000000e+00 ... 1.00000000e+00
  1.00000000e+00 0.00000000e+00]]
