[[1.00000000e+000 1.78662602e-110 2.79787470e-092 1.28115486e-021
  8.35160142e-043 1.14701962e-088 8.40635525e-074 2.03250462e-057
  9.09847696e-076 9.63444588e-075 4.70942799e-046 3.55292500e-057
  1.87540438e-075 1.55974101e-076 1.48151526e-061 5.17785483e-026
  8.27346658e-071 5.53503938e-015 1.53571046e-086 8.32307341e-054
  1.00000000e+000]
 [1.78662602e-110 1.00000000e+000 2.49948867e-011 2.34872764e-090
  2.06253168e-067 6.23977853e-016 1.96995411e-086 4.14067847e-046
  1.45521196e-046 5.45507724e-088 2.27194225e-072 1.32001019e-022
  1.52285565e-076 4.73056037e-088 2.49549267e-094 6.32594916e-102
  1.24759281e-073 3.61987194e-057 5.39527836e-043 1.45842864e-033
  1.00000000e+000]
 [2.79787470e-092 2.49948867e-011 1.00000000e+000 5.71348172e-057
  6.71829790e-049 2.73984377e-007 1.82084822e-051 1.00822389e-028
  1.13254610e-017 6.96157178e-057 4.51339022e-056 1.21249743e-013
  2.17384545e-042 6.55763733e-058 5.94500665e-053 5.26085489e-068
  1.47947454e-054 8.90326251e-050 1.00686076e-026 5.41405596e-029
  1.00000000e+000]
 [1.28115486e-021 2.34872764e-090 5.71348172e-057 1.00000000e+000
  1.09464710e-051 1.01299117e-053 2.81415686e-024 2.09854423e-029
  3.96257348e-040 2.00316863e-030 3.49529803e-045 1.56458766e-042
  1.63144197e-032 1.52105863e-043 1.35091297e-029 6.96691604e-021
  1.72853532e-036 6.88772277e-025 3.95291363e-050 3.16665380e-047
  1.00000000e+000]
 [8.35160142e-043 2.06253168e-067 6.71829790e-049 1.09464710e-051
  1.00000000e+000 1.27054422e-053 4.71063885e-086 8.89231661e-069
  1.34344582e-027 4.82334341e-095 4.05944746e-036 3.77405070e-041
  1.44268443e-061 8.76522748e-058 5.83412743e-048 3.95903448e-034
  1.13454719e-096 1.82862526e-025 1.89970854e-073 4.75224522e-049
  1.00000000e+000]
 [1.14701962e-088 6.23977853e-016 2.73984377e-007 1.01299117e-053
  1.27054422e-053 1.00000000e+000 2.07994899e-034 8.82423354e-041
  1.00981869e-024 1.09151390e-067 2.34402669e-055 6.34640066e-022
  5.46841591e-056 8.67025791e-065 1.94863358e-066 1.19371229e-081
  3.63584941e-064 4.78805395e-048 2.72115164e-047 7.93557297e-048
  1.00000000e+000]
 [8.40635525e-074 1.96995411e-086 1.82084822e-051 2.81415686e-024
  4.71063885e-086 2.07994899e-034 1.00000000e+000 3.53277152e-048
  7.13087798e-045 1.25910352e-048 2.52550045e-080 6.78332016e-060
  3.42720774e-059 1.01301919e-061 3.96633788e-053 1.26434373e-070
  1.52690751e-068 9.87326836e-065 7.32684000e-078 2.56680491e-087
  1.00000000e+000]
 [2.03250462e-057 4.14067847e-046 1.00822389e-028 2.09854423e-029
  8.89231661e-069 8.82423354e-041 3.53277152e-048 1.00000000e+000
  3.36920038e-036 1.86479274e-014 1.11503895e-079 6.73253590e-027
  5.51911997e-036 1.45058498e-040 1.07686391e-027 1.44438684e-032
  1.03395920e-035 3.55018355e-042 1.07006556e-018 8.46424906e-014
  1.00000000e+000]
 [9.09847696e-076 1.45521196e-046 1.13254610e-017 3.96257348e-040
  1.34344582e-027 1.00981869e-024 7.13087798e-045 3.36920038e-036
  1.00000000e+000 1.87337423e-043 5.04013964e-057 4.32649964e-035
  1.16423684e-023 3.04470805e-023 3.27517154e-020 1.28425129e-036
  2.35535993e-063 5.43868430e-044 5.35064348e-034 4.60938430e-040
  1.00000000e+000]
 [9.63444588e-075 5.45507724e-088 6.96157178e-057 2.00316863e-030
  4.82334341e-095 1.09151390e-067 1.25910352e-048 1.86479274e-014
  1.87337423e-043 1.00000000e+000 1.67144524e-108 5.79281949e-066
  9.07152787e-026 1.11390810e-022 7.09747741e-022 5.90988188e-035
  1.29488754e-037 8.08531090e-061 8.54508068e-027 6.54803078e-039
  1.00000000e+000]
 [4.70942799e-046 2.27194225e-072 4.51339022e-056 3.49529803e-045
  4.05944746e-036 2.34402669e-055 2.52550045e-080 1.11503895e-079
  5.04013964e-057 1.67144524e-108 1.00000000e+000 3.53500878e-030
  1.73539716e-054 5.13693849e-103 3.85535381e-092 4.11469522e-065
  8.12736636e-050 1.78902518e-025 6.57700540e-066 1.06670426e-059
  1.00000000e+000]
 [3.55292500e-057 1.32001019e-022 1.21249743e-013 1.56458766e-042
  3.77405070e-041 6.34640066e-022 6.78332016e-060 6.73253590e-027
  4.32649964e-035 5.79281949e-066 3.53500878e-030 1.00000000e+000
  5.09140532e-049 1.01330842e-080 8.59929569e-061 5.76144180e-054
  1.62919034e-042 5.18593566e-032 1.04146662e-030 6.17353456e-020
  1.00000000e+000]
 [1.87540438e-075 1.52285565e-076 2.17384545e-042 1.63144197e-032
  1.44268443e-061 5.46841591e-056 3.42720774e-059 5.51911997e-036
  1.16423684e-023 9.07152787e-026 1.73539716e-054 5.09140532e-049
  1.00000000e+000 1.62117598e-027 4.61159046e-030 6.25428094e-036
  3.77094473e-021 6.52535146e-046 2.98810980e-015 4.59940220e-039
  1.00000000e+000]
 [1.55974101e-076 4.73056037e-088 6.55763733e-058 1.52105863e-043
  8.76522748e-058 8.67025791e-065 1.01301919e-061 1.45058498e-040
  3.04470805e-023 1.11390810e-022 5.13693849e-103 1.01330842e-080
  1.62117598e-027 1.00000000e+000 3.49903856e-016 4.66199284e-031
  3.84168824e-070 7.90100907e-052 3.37535579e-044 6.36592621e-051
  1.00000000e+000]
 [1.48151526e-061 2.49549267e-094 5.94500665e-053 1.35091297e-029
  5.83412743e-048 1.94863358e-066 3.96633788e-053 1.07686391e-027
  3.27517154e-020 7.09747741e-022 3.85535381e-092 8.59929569e-061
  4.61159046e-030 3.49903856e-016 1.00000000e+000 6.35556075e-013
  1.62389574e-071 2.33079932e-055 2.82113214e-044 2.64771079e-044
  1.00000000e+000]
 [5.17785483e-026 6.32594916e-102 5.26085489e-068 6.96691604e-021
  3.95903448e-034 1.19371229e-081 1.26434373e-070 1.44438684e-032
  1.28425129e-036 5.90988188e-035 4.11469522e-065 5.76144180e-054
  6.25428094e-036 4.66199284e-031 6.35556075e-013 1.00000000e+000
  9.33831137e-062 2.65534302e-030 6.48260280e-049 2.09361925e-034
  1.00000000e+000]
 [8.27346658e-071 1.24759281e-073 1.47947454e-054 1.72853532e-036
  1.13454719e-096 3.63584941e-064 1.52690751e-068 1.03395920e-035
  2.35535993e-063 1.29488754e-037 8.12736636e-050 1.62919034e-042
  3.77094473e-021 3.84168824e-070 1.62389574e-071 9.33831137e-062
  1.00000000e+000 1.61459345e-044 3.90734839e-018 3.42963908e-037
  1.00000000e+000]
 [5.53503938e-015 3.61987194e-057 8.90326251e-050 6.88772277e-025
  1.82862526e-025 4.78805395e-048 9.87326836e-065 3.55018355e-042
  5.43868430e-044 8.08531090e-061 1.78902518e-025 5.18593566e-032
  6.52535146e-046 7.90100907e-052 2.33079932e-055 2.65534302e-030
  1.61459345e-044 1.00000000e+000 5.82528674e-049 2.76161694e-028
  1.00000000e+000]
 [1.53571046e-086 5.39527836e-043 1.00686076e-026 3.95291363e-050
  1.89970854e-073 2.72115164e-047 7.32684000e-078 1.07006556e-018
  5.35064348e-034 8.54508068e-027 6.57700540e-066 1.04146662e-030
  2.98810980e-015 3.37535579e-044 2.82113214e-044 6.48260280e-049
  3.90734839e-018 5.82528674e-049 1.00000000e+000 1.10368344e-014
  1.00000000e+000]
 [8.32307341e-054 1.45842864e-033 5.41405596e-029 3.16665380e-047
  4.75224522e-049 7.93557297e-048 2.56680491e-087 8.46424906e-014
  4.60938430e-040 6.54803078e-039 1.06670426e-059 6.17353456e-020
  4.59940220e-039 6.36592621e-051 2.64771079e-044 2.09361925e-034
  3.42963908e-037 2.76161694e-028 1.10368344e-014 1.00000000e+000
  1.00000000e+000]
 [1.00000000e+000 1.00000000e+000 1.00000000e+000 1.00000000e+000
  1.00000000e+000 1.00000000e+000 1.00000000e+000 1.00000000e+000
  1.00000000e+000 1.00000000e+000 1.00000000e+000 1.00000000e+000
  1.00000000e+000 1.00000000e+000 1.00000000e+000 1.00000000e+000
  1.00000000e+000 1.00000000e+000 1.00000000e+000 1.00000000e+000
  0.00000000e+000]]
