[[1.00000000e+00 1.34178190e-19 2.21294496e-10 ... 1.39919660e-50
  6.52258017e-60 1.00000000e+00]
 [1.34178190e-19 1.00000000e+00 2.96627479e-13 ... 9.95220558e-69
  1.03474423e-65 1.00000000e+00]
 [2.21294496e-10 2.96627479e-13 1.00000000e+00 ... 2.75497544e-45
  3.84973799e-48 1.00000000e+00]
 ...
 [1.39919660e-50 9.95220558e-69 2.75497544e-45 ... 1.00000000e+00
  2.56682139e-33 1.00000000e+00]
 [6.52258017e-60 1.03474423e-65 3.84973799e-48 ... 2.56682139e-33
  1.00000000e+00 1.00000000e+00]
 [1.00000000e+00 1.00000000e+00 1.00000000e+00 ... 1.00000000e+00
  1.00000000e+00 0.00000000e+00]]
