[[1.00000000e+000 1.78022889e-041 1.70969853e-033 6.64046742e-048
  1.39486849e-010 9.05044733e-032 6.22505885e-055 8.21982995e-056
  1.68396243e-040 6.18783555e-027 7.91143235e-054 1.91379483e-058
  8.77669090e-053 2.22558037e-063 1.18521818e-065 1.03679430e-023
  1.24979911e-032 1.54354821e-020 9.00636605e-053 3.77600438e-030
  1.00000000e+000]
 [1.78022889e-041 1.00000000e+000 5.80094111e-052 3.86297828e-058
  3.20679438e-060 1.15904929e-021 2.18189535e-040 1.68374015e-059
  2.38524402e-070 5.00949875e-068 6.89347261e-033 2.86476529e-044
  7.52326001e-035 6.38933355e-043 5.39470757e-071 5.25479617e-028
  2.45018847e-013 2.32797864e-028 5.37323867e-011 2.03071576e-061
  1.00000000e+000]
 [1.70969853e-033 5.80094111e-052 1.00000000e+000 1.99819786e-064
  6.27320990e-036 1.23967415e-071 2.50767821e-034 7.50419609e-034
  4.01820863e-062 1.01251479e-021 1.85786574e-064 4.07919291e-089
  1.49779078e-058 8.45741679e-056 2.44057648e-073 5.56413061e-044
  1.60142264e-019 3.70194903e-046 2.32514201e-038 7.75077244e-047
  1.00000000e+000]
 [6.64046742e-048 3.86297828e-058 1.99819786e-064 1.00000000e+000
  5.38235773e-046 3.87841565e-024 1.49330044e-024 4.95178959e-030
  2.09783882e-027 2.64076254e-042 2.82136360e-113 1.21146694e-021
  5.02592420e-072 5.96133310e-051 2.10193520e-032 6.58628669e-050
  6.31937924e-060 1.52635613e-054 6.13245271e-081 6.11529982e-014
  1.00000000e+000]
 [1.39486849e-010 3.20679438e-060 6.27320990e-036 5.38235773e-046
  1.00000000e+000 1.57498564e-038 6.35786847e-054 2.87366245e-039
  8.67809308e-032 5.70734231e-031 1.03320131e-055 7.68464176e-057
  1.00274072e-055 5.73012911e-054 2.84612644e-039 1.14810736e-016
  4.02893175e-047 1.29347361e-022 1.47277140e-059 5.69835040e-018
  1.00000000e+000]
 [9.05044733e-032 1.15904929e-021 1.23967415e-071 3.87841565e-024
  1.57498564e-038 1.00000000e+000 2.52602482e-044 8.68411831e-047
  2.03852747e-030 3.25562512e-056 4.74518962e-055 7.76855876e-019
  7.67273577e-035 9.40601041e-045 4.85894947e-034 1.62700921e-019
  2.37729502e-043 4.46090226e-032 5.44773007e-044 1.40628791e-025
  1.00000000e+000]
 [6.22505885e-055 2.18189535e-040 2.50767821e-034 1.49330044e-024
  6.35786847e-054 2.52602482e-044 1.00000000e+000 4.96726384e-017
  4.85798685e-051 4.34368214e-041 1.82875127e-078 7.84407178e-028
  7.34652693e-064 2.78579826e-019 2.29914661e-048 1.01920818e-051
  8.18918104e-029 3.10387693e-038 1.14201375e-043 1.29015792e-032
  1.00000000e+000]
 [8.21982995e-056 1.68374015e-059 7.50419609e-034 4.95178959e-030
  2.87366245e-039 8.68411831e-047 4.96726384e-017 1.00000000e+000
  1.06123930e-022 2.14441611e-027 2.22892941e-067 1.26555819e-036
  1.83935916e-039 1.61874066e-018 1.57352350e-018 4.60319810e-038
  7.09627450e-050 2.57622806e-053 1.61541971e-051 1.49524049e-015
  1.00000000e+000]
 [1.68396243e-040 2.38524402e-070 4.01820863e-062 2.09783882e-027
  8.67809308e-032 2.03852747e-030 4.85798685e-051 1.06123930e-022
  1.00000000e+000 1.48186397e-022 1.74366311e-076 5.04541463e-036
  1.55701347e-031 1.82091544e-045 2.21028602e-020 8.83089414e-037
  8.84791232e-078 7.34787084e-065 2.21482135e-081 1.63545318e-007
  1.00000000e+000]
 [6.18783555e-027 5.00949875e-068 1.01251479e-021 2.64076254e-042
  5.70734231e-031 3.25562512e-056 4.34368214e-041 2.14441611e-027
  1.48186397e-022 1.00000000e+000 1.06210084e-079 4.05312932e-066
  2.15438317e-045 3.95765528e-055 2.94015438e-058 9.11805316e-051
  7.55400529e-050 1.00015930e-060 7.22228032e-072 5.53085062e-023
  1.00000000e+000]
 [7.91143235e-054 6.89347261e-033 1.85786574e-064 2.82136360e-113
  1.03320131e-055 4.74518962e-055 1.82875127e-078 2.22892941e-067
  1.74366311e-076 1.06210084e-079 1.00000000e+000 5.46574888e-075
  1.95179108e-024 1.24657075e-040 1.51763537e-075 4.80711285e-027
  9.45360933e-044 4.23838049e-037 3.24955911e-020 2.16237851e-077
  1.00000000e+000]
 [1.91379483e-058 2.86476529e-044 4.07919291e-089 1.21146694e-021
  7.68464176e-057 7.76855876e-019 7.84407178e-028 1.26555819e-036
  5.04541463e-036 4.05312932e-066 5.46574888e-075 1.00000000e+000
  1.78889972e-056 4.16235792e-022 1.12172667e-036 7.24653831e-047
  4.78414782e-064 4.88634207e-039 2.93743307e-066 2.72497454e-028
  1.00000000e+000]
 [8.77669090e-053 7.52326001e-035 1.49779078e-058 5.02592420e-072
  1.00274072e-055 7.67273577e-035 7.34652693e-064 1.83935916e-039
  1.55701347e-031 2.15438317e-045 1.95179108e-024 1.78889972e-056
  1.00000000e+000 1.37518301e-039 7.90517436e-044 8.98868911e-028
  1.71239495e-052 1.12964803e-062 1.76858882e-033 2.64446745e-045
  1.00000000e+000]
 [2.22558037e-063 6.38933355e-043 8.45741679e-056 5.96133310e-051
  5.73012911e-054 9.40601041e-045 2.78579826e-019 1.61874066e-018
  1.82091544e-045 3.95765528e-055 1.24657075e-040 4.16235792e-022
  1.37518301e-039 1.00000000e+000 2.57035894e-039 6.02387830e-042
  2.05188657e-046 4.29813822e-035 2.49231959e-038 3.45830860e-038
  1.00000000e+000]
 [1.18521818e-065 5.39470757e-071 2.44057648e-073 2.10193520e-032
  2.84612644e-039 4.85894947e-034 2.29914661e-048 1.57352350e-018
  2.21028602e-020 2.94015438e-058 1.51763537e-075 1.12172667e-036
  7.90517436e-044 2.57035894e-039 1.00000000e+000 3.25324184e-027
  5.85121002e-079 1.68716916e-062 2.81294562e-068 1.48032434e-014
  1.00000000e+000]
 [1.03679430e-023 5.25479617e-028 5.56413061e-044 6.58628669e-050
  1.14810736e-016 1.62700921e-019 1.01920818e-051 4.60319810e-038
  8.83089414e-037 9.11805316e-051 4.80711285e-027 7.24653831e-047
  8.98868911e-028 6.02387830e-042 3.25324184e-027 1.00000000e+000
  1.13597050e-032 1.47821217e-021 3.44032265e-025 2.81065417e-027
  1.00000000e+000]
 [1.24979911e-032 2.45018847e-013 1.60142264e-019 6.31937924e-060
  4.02893175e-047 2.37729502e-043 8.18918104e-029 7.09627450e-050
  8.84791232e-078 7.55400529e-050 9.45360933e-044 4.78414782e-064
  1.71239495e-052 2.05188657e-046 5.85121002e-079 1.13597050e-032
  1.00000000e+000 4.48304521e-024 5.67518750e-012 5.01142277e-059
  1.00000000e+000]
 [1.54354821e-020 2.32797864e-028 3.70194903e-046 1.52635613e-054
  1.29347361e-022 4.46090226e-032 3.10387693e-038 2.57622806e-053
  7.34787084e-065 1.00015930e-060 4.23838049e-037 4.88634207e-039
  1.12964803e-062 4.29813822e-035 1.68716916e-062 1.47821217e-021
  4.48304521e-024 1.00000000e+000 2.15305939e-032 3.19576243e-043
  1.00000000e+000]
 [9.00636605e-053 5.37323867e-011 2.32514201e-038 6.13245271e-081
  1.47277140e-059 5.44773007e-044 1.14201375e-043 1.61541971e-051
  2.21482135e-081 7.22228032e-072 3.24955911e-020 2.93743307e-066
  1.76858882e-033 2.49231959e-038 2.81294562e-068 3.44032265e-025
  5.67518750e-012 2.15305939e-032 1.00000000e+000 1.04972294e-069
  1.00000000e+000]
 [3.77600438e-030 2.03071576e-061 7.75077244e-047 6.11529982e-014
  5.69835040e-018 1.40628791e-025 1.29015792e-032 1.49524049e-015
  1.63545318e-007 5.53085062e-023 2.16237851e-077 2.72497454e-028
  2.64446745e-045 3.45830860e-038 1.48032434e-014 2.81065417e-027
  5.01142277e-059 3.19576243e-043 1.04972294e-069 1.00000000e+000
  1.00000000e+000]
 [1.00000000e+000 1.00000000e+000 1.00000000e+000 1.00000000e+000
  1.00000000e+000 1.00000000e+000 1.00000000e+000 1.00000000e+000
  1.00000000e+000 1.00000000e+000 1.00000000e+000 1.00000000e+000
  1.00000000e+000 1.00000000e+000 1.00000000e+000 1.00000000e+000
  1.00000000e+000 1.00000000e+000 1.00000000e+000 1.00000000e+000
  0.00000000e+000]]
