[[1.00000000e+000 1.80175520e-044 7.20720544e-048 9.03928441e-056
  2.65093474e-081 1.60059593e-032 2.28526247e-074 5.47494407e-051
  2.42202312e-047 4.95668084e-061 7.73763763e-055 2.00694564e-052
  5.18574938e-009 5.09871686e-054 2.89305003e-053 6.63570924e-037
  5.25833779e-055 1.81676092e-042 1.34272763e-094 1.95068792e-036
  1.00000000e+000]
 [1.80175520e-044 1.00000000e+000 3.75572737e-053 3.44458641e-029
  5.31823335e-027 1.19405165e-037 3.68752949e-061 1.29064236e-045
  2.39173462e-064 9.04553780e-037 1.11734368e-052 1.66394184e-037
  1.55167556e-047 2.27604044e-034 1.08343713e-046 5.79174425e-061
  5.07200425e-025 9.10675411e-031 3.09269749e-043 2.38011809e-044
  1.00000000e+000]
 [7.20720544e-048 3.75572737e-053 1.00000000e+000 1.07850226e-048
  3.29143016e-059 3.62590886e-071 5.44333461e-076 1.03294217e-033
  2.85688703e-052 2.30255042e-037 1.45874877e-038 6.33818593e-046
  6.13223412e-050 1.64207013e-069 3.31618698e-031 2.99158655e-070
  7.86862168e-029 1.41055809e-040 3.02120319e-055 4.10288092e-032
  1.00000000e+000]
 [9.03928441e-056 3.44458641e-029 1.07850226e-048 1.00000000e+000
  1.28509615e-058 2.42783938e-025 1.08990539e-078 3.66349522e-016
  9.41956416e-062 6.54541813e-055 1.60455560e-014 1.34778172e-020
  1.19308547e-042 1.04542212e-017 1.51698602e-023 1.43617348e-056
  2.41657146e-045 9.06542132e-038 3.15130270e-051 3.29600777e-019
  1.00000000e+000]
 [2.65093474e-081 5.31823335e-027 3.29143016e-059 1.28509615e-058
  1.00000000e+000 1.74647369e-060 1.70419438e-055 3.33971941e-063
  1.32540888e-072 6.49301565e-012 1.61045688e-053 7.77197122e-053
  1.60602927e-072 5.72546731e-041 1.35931690e-051 4.67510048e-089
  1.93255336e-017 2.08614429e-022 7.20776095e-047 2.79242848e-056
  1.00000000e+000]
 [1.60059593e-032 1.19405165e-037 3.62590886e-071 2.42783938e-025
  1.74647369e-060 1.00000000e+000 1.01038180e-039 5.29523085e-023
  3.52822459e-041 1.79326417e-054 1.16394131e-024 1.55591201e-016
  2.10907790e-012 1.37916501e-022 1.89982948e-030 2.92379874e-039
  1.06771171e-041 4.23837493e-022 2.18113059e-086 4.50215874e-018
  1.00000000e+000]
 [2.28526247e-074 3.68752949e-061 5.44333461e-076 1.08990539e-078
  1.70419438e-055 1.01038180e-039 1.00000000e+000 7.24913817e-052
  4.18141508e-030 8.96647446e-062 3.50818856e-067 8.69943701e-038
  1.07280931e-047 3.65803035e-076 5.94536258e-040 2.51972740e-060
  1.83523885e-021 1.40271184e-019 5.70704130e-125 1.27159007e-041
  1.00000000e+000]
 [5.47494407e-051 1.29064236e-045 1.03294217e-033 3.66349522e-016
  3.33971941e-063 5.29523085e-023 7.24913817e-052 1.00000000e+000
  7.45865530e-056 2.19949379e-043 1.70647408e-011 3.47888830e-004
  8.49591382e-030 2.48126418e-041 5.61239245e-023 6.04961280e-070
  7.58510878e-033 3.66427946e-032 1.02355439e-049 2.37084057e-016
  1.00000000e+000]
 [2.42202312e-047 2.39173462e-064 2.85688703e-052 9.41956416e-062
  1.32540888e-072 3.52822459e-041 4.18141508e-030 7.45865530e-056
  1.00000000e+000 3.77322452e-077 4.83528709e-052 4.04897793e-057
  1.48297207e-034 1.50258187e-052 1.44058985e-015 5.55067051e-011
  3.67149639e-035 1.26289716e-018 1.24259270e-146 1.25365968e-017
  1.00000000e+000]
 [4.95668084e-061 9.04553780e-037 2.30255042e-037 6.54541813e-055
  6.49301565e-012 1.79326417e-054 8.96647446e-062 2.19949379e-043
  3.77322452e-077 1.00000000e+000 2.59342672e-037 5.57215914e-039
  7.60069476e-053 2.72616481e-046 7.77679603e-051 1.39063745e-096
  1.41160533e-019 1.31250720e-025 7.17026556e-029 1.99057739e-048
  1.00000000e+000]
 [7.73763763e-055 1.11734368e-052 1.45874877e-038 1.60455560e-014
  1.61045688e-053 1.16394131e-024 3.50818856e-067 1.70647408e-011
  4.83528709e-052 2.59342672e-037 1.00000000e+000 2.47476605e-018
  5.11427842e-033 2.76261591e-019 1.12551003e-016 3.74860681e-059
  2.69068934e-040 9.81657182e-027 2.01165555e-057 3.66575068e-011
  1.00000000e+000]
 [2.00694564e-052 1.66394184e-037 6.33818593e-046 1.34778172e-020
  7.77197122e-053 1.55591201e-016 8.69943701e-038 3.47888830e-004
  4.04897793e-057 5.57215914e-039 2.47476605e-018 1.00000000e+000
  6.98099710e-029 5.22045747e-041 1.07665906e-028 7.96207432e-073
  8.16318559e-027 6.23041643e-027 2.54678753e-049 1.14644933e-021
  1.00000000e+000]
 [5.18574938e-009 1.55167556e-047 6.13223412e-050 1.19308547e-042
  1.60602927e-072 2.10907790e-012 1.07280931e-047 8.49591382e-030
  1.48297207e-034 7.60069476e-053 5.11427842e-033 6.98099710e-029
  1.00000000e+000 2.87773604e-040 1.96265920e-035 4.47920292e-033
  7.82539273e-044 1.37878451e-026 4.00090983e-093 9.55417901e-020
  1.00000000e+000]
 [5.09871686e-054 2.27604044e-034 1.64207013e-069 1.04542212e-017
  5.72546731e-041 1.37916501e-022 3.65803035e-076 2.48126418e-041
  1.50258187e-052 2.72616481e-046 2.76261591e-019 5.22045747e-041
  2.87773604e-040 1.00000000e+000 3.00347591e-027 8.43446499e-042
  1.62132121e-048 2.47225148e-025 1.04233824e-074 2.55566023e-022
  1.00000000e+000]
 [2.89305003e-053 1.08343713e-046 3.31618698e-031 1.51698602e-023
  1.35931690e-051 1.89982948e-030 5.94536258e-040 5.61239245e-023
  1.44058985e-015 7.77679603e-051 1.12551003e-016 1.07665906e-028
  1.96265920e-035 3.00347591e-027 1.00000000e+000 1.08823712e-026
  1.23154133e-024 6.71066571e-014 4.22479358e-090 8.84120237e-004
  1.00000000e+000]
 [6.63570924e-037 5.79174425e-061 2.99158655e-070 1.43617348e-056
  4.67510048e-089 2.92379874e-039 2.51972740e-060 6.04961280e-070
  5.55067051e-011 1.39063745e-096 3.74860681e-059 7.96207432e-073
  4.47920292e-033 8.43446499e-042 1.08823712e-026 1.00000000e+000
  4.71627986e-059 1.26929775e-032 2.61866169e-158 1.40064734e-023
  1.00000000e+000]
 [5.25833779e-055 5.07200425e-025 7.86862168e-029 2.41657146e-045
  1.93255336e-017 1.06771171e-041 1.83523885e-021 7.58510878e-033
  3.67149639e-035 1.41160533e-019 2.69068934e-040 8.16318559e-027
  7.82539273e-044 1.62132121e-048 1.23154133e-024 4.71627986e-059
  1.00000000e+000 1.04283219e-009 8.34470810e-056 7.55707245e-029
  1.00000000e+000]
 [1.81676092e-042 9.10675411e-031 1.41055809e-040 9.06542132e-038
  2.08614429e-022 4.23837493e-022 1.40271184e-019 3.66427946e-032
  1.26289716e-018 1.31250720e-025 9.81657182e-027 6.23041643e-027
  1.37878451e-026 2.47225148e-025 6.71066571e-014 1.26929775e-032
  1.04283219e-009 1.00000000e+000 1.28865752e-077 3.67468208e-014
  1.00000000e+000]
 [1.34272763e-094 3.09269749e-043 3.02120319e-055 3.15130270e-051
  7.20776095e-047 2.18113059e-086 5.70704130e-125 1.02355439e-049
  1.24259270e-146 7.17026556e-029 2.01165555e-057 2.54678753e-049
  4.00090983e-093 1.04233824e-074 4.22479358e-090 2.61866169e-158
  8.34470810e-056 1.28865752e-077 1.00000000e+000 3.39320250e-085
  1.00000000e+000]
 [1.95068792e-036 2.38011809e-044 4.10288092e-032 3.29600777e-019
  2.79242848e-056 4.50215874e-018 1.27159007e-041 2.37084057e-016
  1.25365968e-017 1.99057739e-048 3.66575068e-011 1.14644933e-021
  9.55417901e-020 2.55566023e-022 8.84120237e-004 1.40064734e-023
  7.55707245e-029 3.67468208e-014 3.39320250e-085 1.00000000e+000
  1.00000000e+000]
 [1.00000000e+000 1.00000000e+000 1.00000000e+000 1.00000000e+000
  1.00000000e+000 1.00000000e+000 1.00000000e+000 1.00000000e+000
  1.00000000e+000 1.00000000e+000 1.00000000e+000 1.00000000e+000
  1.00000000e+000 1.00000000e+000 1.00000000e+000 1.00000000e+000
  1.00000000e+000 1.00000000e+000 1.00000000e+000 1.00000000e+000
  0.00000000e+000]]
