[[1.00000000e+00 2.43593553e-48 3.91855189e-59 ... 4.93169624e-68
  5.77583377e-53 1.00000000e+00]
 [2.43593553e-48 1.00000000e+00 1.36422074e-64 ... 3.20493528e-38
  1.15104433e-65 1.00000000e+00]
 [3.91855189e-59 1.36422074e-64 1.00000000e+00 ... 7.85272118e-31
  8.69560343e-60 1.00000000e+00]
 ...
 [4.93169624e-68 3.20493528e-38 7.85272118e-31 ... 1.00000000e+00
  2.65359562e-26 1.00000000e+00]
 [5.77583377e-53 1.15104433e-65 8.69560343e-60 ... 2.65359562e-26
  1.00000000e+00 1.00000000e+00]
 [1.00000000e+00 1.00000000e+00 1.00000000e+00 ... 1.00000000e+00
  1.00000000e+00 0.00000000e+00]]
