[[1.00000000e+00 1.31115201e-46 7.65107569e-72 ... 4.58607581e-51
  1.05172648e-54 1.00000000e+00]
 [1.31115201e-46 1.00000000e+00 3.15634297e-36 ... 2.87638378e-18
  2.88064477e-28 1.00000000e+00]
 [7.65107569e-72 3.15634297e-36 1.00000000e+00 ... 5.91219198e-13
  9.56965084e-44 1.00000000e+00]
 ...
 [4.58607581e-51 2.87638378e-18 5.91219198e-13 ... 1.00000000e+00
  3.37257410e-45 1.00000000e+00]
 [1.05172648e-54 2.88064477e-28 9.56965084e-44 ... 3.37257410e-45
  1.00000000e+00 1.00000000e+00]
 [1.00000000e+00 1.00000000e+00 1.00000000e+00 ... 1.00000000e+00
  1.00000000e+00 0.00000000e+00]]
