[[1.00000000e+00 1.64807657e-28 1.93676719e-38 6.03295348e-32
  3.32121185e-24 2.14185539e-33 1.64045702e-13 1.08662660e-27
  1.97581403e-22 1.63998919e-03 1.87524302e-08 8.47662990e-06
  4.13093913e-23 5.79665236e-22 7.05788177e-41 9.85588874e-41
  4.19216758e-38 8.40196394e-42 2.78097734e-17 8.66230756e-17
  1.00000000e+00]
 [1.64807657e-28 1.00000000e+00 1.32993580e-18 1.75873956e-70
  2.38053275e-39 1.06595208e-36 6.63848251e-31 7.39486171e-46
  8.95355480e-08 1.85843651e-39 8.65551242e-35 1.55459704e-43
  1.67210744e-27 5.14457692e-22 2.27535039e-32 1.08021146e-15
  3.89926381e-12 1.48248320e-21 2.04475604e-51 4.02775798e-51
  1.00000000e+00]
 [1.93676719e-38 1.32993580e-18 1.00000000e+00 5.43819872e-65
  2.29182757e-49 7.82390488e-51 5.65251390e-58 8.25517229e-48
  8.19881729e-28 7.33143210e-52 1.29467753e-52 9.89879948e-53
  7.16067467e-31 1.39846599e-39 1.85311909e-66 1.15108751e-43
  2.65486541e-04 1.60620238e-40 9.46784573e-47 5.30490201e-46
  1.00000000e+00]
 [6.03295348e-32 1.75873956e-70 5.43819872e-65 1.00000000e+00
  7.80022605e-41 7.75220540e-30 7.07356126e-46 1.44441047e-35
  1.39261807e-60 1.85981184e-31 5.82017870e-21 1.28082139e-22
  5.80235000e-60 1.25027513e-33 1.93323085e-59 1.46758706e-66
  1.53490850e-66 6.16919320e-46 5.79509924e-51 9.03599719e-26
  1.00000000e+00]
 [3.32121185e-24 2.38053275e-39 2.29182757e-49 7.80022605e-41
  1.00000000e+00 5.57691877e-18 6.10285963e-34 9.68100926e-37
  2.73493092e-36 6.95488515e-25 7.38995258e-15 5.88389416e-34
  1.18141731e-43 9.61885666e-29 1.55873866e-68 9.05198609e-33
  1.74466396e-54 2.01516711e-29 7.03757980e-65 2.64507604e-65
  1.00000000e+00]
 [2.14185539e-33 1.06595208e-36 7.82390488e-51 7.75220540e-30
  5.57691877e-18 1.00000000e+00 8.53296063e-51 1.31167574e-35
  2.16038819e-35 5.11590074e-30 3.89947314e-23 1.13179407e-36
  4.10550602e-51 4.74750143e-26 2.11480887e-30 3.11063506e-34
  1.34262541e-43 3.06463647e-16 1.82091769e-57 2.34259578e-56
  1.00000000e+00]
 [1.64045702e-13 6.63848251e-31 5.65251390e-58 7.07356126e-46
  6.10285963e-34 8.53296063e-51 1.00000000e+00 6.01385460e-37
  5.02358835e-27 1.08714320e-20 1.47503429e-10 1.69450823e-20
  9.73314630e-31 9.54312987e-17 1.19496917e-52 5.77815760e-27
  1.09623187e-57 1.07723504e-39 2.54535123e-53 1.42711179e-35
  1.00000000e+00]
 [1.08662660e-27 7.39486171e-46 8.25517229e-48 1.44441047e-35
  9.68100926e-37 1.31167574e-35 6.01385460e-37 1.00000000e+00
  1.33216689e-62 3.18610508e-23 5.24035665e-32 8.75234397e-44
  4.49044298e-10 2.20010289e-11 6.41731028e-55 2.96139315e-31
  2.80691655e-46 2.75983352e-24 3.72672289e-53 7.15774164e-38
  1.00000000e+00]
 [1.97581403e-22 8.95355480e-08 8.19881729e-28 1.39261807e-60
  2.73493092e-36 2.16038819e-35 5.02358835e-27 1.33216689e-62
  1.00000000e+00 7.93086177e-35 8.07568411e-25 1.59401361e-27
  2.57738506e-46 1.83453500e-32 2.21540285e-32 1.47148145e-30
  1.51194030e-22 4.77091117e-35 1.10393542e-42 2.18278433e-44
  1.00000000e+00]
 [1.63998919e-03 1.85843651e-39 7.33143210e-52 1.85981184e-31
  6.95488515e-25 5.11590074e-30 1.08714320e-20 3.18610508e-23
  7.93086177e-35 1.00000000e+00 4.01904064e-11 4.85675883e-09
  6.49349841e-25 2.69282311e-24 1.24100021e-39 1.00805605e-46
  3.10064507e-49 1.10973790e-43 1.54498007e-18 5.38000834e-21
  1.00000000e+00]
 [1.87524302e-08 8.65551242e-35 1.29467753e-52 5.82017870e-21
  7.38995258e-15 3.89947314e-23 1.47503429e-10 5.24035665e-32
  8.07568411e-25 4.01904064e-11 1.00000000e+00 6.72687092e-09
  3.69231054e-38 9.17817128e-18 8.77351292e-44 4.90200474e-33
  5.82882620e-53 7.46791178e-32 2.87536530e-41 7.52933359e-30
  1.00000000e+00]
 [8.47662990e-06 1.55459704e-43 9.89879948e-53 1.28082139e-22
  5.88389416e-34 1.13179407e-36 1.69450823e-20 8.75234397e-44
  1.59401361e-27 4.85675883e-09 6.72687092e-09 1.00000000e+00
  2.52384675e-45 3.79291799e-34 1.46179410e-42 6.79472136e-60
  7.62210948e-52 1.71801676e-55 1.09351419e-17 3.65770449e-13
  1.00000000e+00]
 [4.13093913e-23 1.67210744e-27 7.16067467e-31 5.80235000e-60
  1.18141731e-43 4.10550602e-51 9.73314630e-31 4.49044298e-10
  2.57738506e-46 6.49349841e-25 3.69231054e-38 2.52384675e-45
  1.00000000e+00 5.66543034e-15 1.17272484e-55 9.04140001e-27
  1.13673872e-29 4.23116950e-31 3.30868715e-44 1.75563572e-37
  1.00000000e+00]
 [5.79665236e-22 5.14457692e-22 1.39846599e-39 1.25027513e-33
  9.61885666e-29 4.74750143e-26 9.54312987e-17 2.20010289e-11
  1.83453500e-32 2.69282311e-24 9.17817128e-18 3.79291799e-34
  5.66543034e-15 1.00000000e+00 3.30227406e-35 2.56953244e-09
  3.16968361e-35 5.97427831e-09 1.66816501e-57 4.06252502e-37
  1.00000000e+00]
 [7.05788177e-41 2.27535039e-32 1.85311909e-66 1.93323085e-59
  1.55873866e-68 2.11480887e-30 1.19496917e-52 6.41731028e-55
  2.21540285e-32 1.24100021e-39 8.77351292e-44 1.46179410e-42
  1.17272484e-55 3.30227406e-35 1.00000000e+00 1.64081529e-45
  2.01714946e-44 2.29381040e-34 4.14495250e-46 1.38604254e-45
  1.00000000e+00]
 [9.85588874e-41 1.08021146e-15 1.15108751e-43 1.46758706e-66
  9.05198609e-33 3.11063506e-34 5.77815760e-27 2.96139315e-31
  1.47148145e-30 1.00805605e-46 4.90200474e-33 6.79472136e-60
  9.04140001e-27 2.56953244e-09 1.64081529e-45 1.00000000e+00
  3.68729872e-38 1.68679045e-07 2.52572917e-88 5.16528997e-72
  1.00000000e+00]
 [4.19216758e-38 3.89926381e-12 2.65486541e-04 1.53490850e-66
  1.74466396e-54 1.34262541e-43 1.09623187e-57 2.80691655e-46
  1.51194030e-22 3.10064507e-49 5.82882620e-53 7.62210948e-52
  1.13673872e-29 3.16968361e-35 2.01714946e-44 3.68729872e-38
  1.00000000e+00 3.83442102e-33 6.05247891e-42 1.77397349e-43
  1.00000000e+00]
 [8.40196394e-42 1.48248320e-21 1.60620238e-40 6.16919320e-46
  2.01516711e-29 3.06463647e-16 1.07723504e-39 2.75983352e-24
  4.77091117e-35 1.10973790e-43 7.46791178e-32 1.71801676e-55
  4.23116950e-31 5.97427831e-09 2.29381040e-34 1.68679045e-07
  3.83442102e-33 1.00000000e+00 1.42877041e-79 1.35057776e-63
  1.00000000e+00]
 [2.78097734e-17 2.04475604e-51 9.46784573e-47 5.79509924e-51
  7.03757980e-65 1.82091769e-57 2.54535123e-53 3.72672289e-53
  1.10393542e-42 1.54498007e-18 2.87536530e-41 1.09351419e-17
  3.30868715e-44 1.66816501e-57 4.14495250e-46 2.52572917e-88
  6.05247891e-42 1.42877041e-79 1.00000000e+00 1.29047563e-13
  1.00000000e+00]
 [8.66230756e-17 4.02775798e-51 5.30490201e-46 9.03599719e-26
  2.64507604e-65 2.34259578e-56 1.42711179e-35 7.15774164e-38
  2.18278433e-44 5.38000834e-21 7.52933359e-30 3.65770449e-13
  1.75563572e-37 4.06252502e-37 1.38604254e-45 5.16528997e-72
  1.77397349e-43 1.35057776e-63 1.29047563e-13 1.00000000e+00
  1.00000000e+00]
 [1.00000000e+00 1.00000000e+00 1.00000000e+00 1.00000000e+00
  1.00000000e+00 1.00000000e+00 1.00000000e+00 1.00000000e+00
  1.00000000e+00 1.00000000e+00 1.00000000e+00 1.00000000e+00
  1.00000000e+00 1.00000000e+00 1.00000000e+00 1.00000000e+00
  1.00000000e+00 1.00000000e+00 1.00000000e+00 1.00000000e+00
  0.00000000e+00]]
