[[1.00000000e+00 3.60005205e-33 2.80302387e-88 ... 9.76007307e-78
  1.87752707e-60 1.00000000e+00]
 [3.60005205e-33 1.00000000e+00 1.43093559e-62 ... 5.06493326e-49
  3.39866483e-46 1.00000000e+00]
 [2.80302387e-88 1.43093559e-62 1.00000000e+00 ... 2.13900032e-72
  1.15341925e-17 1.00000000e+00]
 ...
 [9.76007307e-78 5.06493326e-49 2.13900032e-72 ... 1.00000000e+00
  1.67648582e-62 1.00000000e+00]
 [1.87752707e-60 3.39866483e-46 1.15341925e-17 ... 1.67648582e-62
  1.00000000e+00 1.00000000e+00]
 [1.00000000e+00 1.00000000e+00 1.00000000e+00 ... 1.00000000e+00
  1.00000000e+00 0.00000000e+00]]
