[[1.00000000e+00 1.68034160e-61 1.11182739e-84 2.77688908e-79
  1.98612306e-27 7.66704966e-65 1.38086653e-75 5.54528518e-36
  4.68486794e-35 1.08610324e-27 8.70898148e-51 1.01508900e-74
  6.16847927e-38 1.15697096e-71 4.62248018e-29 2.42730236e-40
  2.67239153e-54 1.22851646e-51 1.39455309e-30 8.34877894e-56
  1.00000000e+00]
 [1.68034160e-61 1.00000000e+00 1.93303718e-41 4.46821073e-54
  2.51157397e-49 3.98182683e-25 9.38057406e-47 6.37265823e-22
  1.16121902e-25 4.55639225e-22 1.04883617e-39 8.86561871e-63
  1.34672283e-41 1.08650059e-18 1.71957469e-39 3.48306818e-42
  7.44987524e-43 3.83320316e-27 4.30874618e-47 6.58955732e-44
  1.00000000e+00]
 [1.11182739e-84 1.93303718e-41 1.00000000e+00 4.41424363e-33
  1.32507368e-75 2.01599856e-40 8.03503529e-23 3.58147230e-78
  9.30391238e-52 6.27616402e-79 2.06765705e-52 2.33439256e-09
  5.48639143e-38 3.66457559e-23 1.09324482e-61 2.84564049e-37
  3.98571578e-50 1.55944214e-20 3.51065803e-46 2.36605482e-10
  1.00000000e+00]
 [2.77688908e-79 4.46821073e-54 4.41424363e-33 1.00000000e+00
  8.38733333e-46 3.23010813e-61 7.46425749e-11 5.30668070e-66
  1.62142256e-63 7.00796600e-67 9.43304691e-27 3.05685775e-39
  9.15165733e-62 1.86166529e-60 2.63195582e-48 1.08364652e-80
  8.99126908e-15 6.29266600e-12 4.92554231e-32 1.41765477e-33
  1.00000000e+00]
 [1.98612306e-27 2.51157397e-49 1.32507368e-75 8.38733333e-46
  1.00000000e+00 4.97856751e-84 1.27308890e-40 2.97057521e-32
  5.05631929e-21 1.22520144e-14 2.05469937e-47 3.94128907e-86
  1.28615703e-43 8.98516262e-55 1.66056837e-10 1.11356363e-72
  8.80112740e-39 2.30531264e-42 9.85041678e-40 7.82592840e-56
  1.00000000e+00]
 [7.66704966e-65 3.98182683e-25 2.01599856e-40 3.23010813e-61
  4.97856751e-84 1.00000000e+00 8.28439402e-50 8.27211782e-37
  1.86872962e-52 1.50498260e-58 7.12073924e-24 2.88263452e-48
  5.19668644e-30 4.21085194e-41 3.07522496e-66 1.09460674e-20
  3.73694504e-36 1.08560771e-26 1.28240960e-47 2.37279459e-50
  1.00000000e+00]
 [1.38086653e-75 9.38057406e-47 8.03503529e-23 7.46425749e-11
  1.27308890e-40 8.28439402e-50 1.00000000e+00 8.53696150e-58
  2.50374620e-42 8.12111743e-60 2.30447974e-27 1.05933265e-37
  1.77056696e-32 2.97726796e-37 2.99479584e-38 4.81653321e-58
  1.25359076e-19 9.28066788e-16 2.68981338e-43 3.05008702e-31
  1.00000000e+00]
 [5.54528518e-36 6.37265823e-22 3.58147230e-78 5.30668070e-66
  2.97057521e-32 8.27211782e-37 8.53696150e-58 1.00000000e+00
  1.45679696e-17 4.53411738e-11 7.50370420e-39 1.81910023e-97
  8.13513220e-35 4.74896941e-55 1.04206295e-41 6.58716873e-55
  1.39563348e-30 2.07947998e-45 5.11111502e-34 4.90854515e-77
  1.00000000e+00]
 [4.68486794e-35 1.16121902e-25 9.30391238e-52 1.62142256e-63
  5.05631929e-21 1.86872962e-52 2.50374620e-42 1.45679696e-17
  1.00000000e+00 4.19717090e-13 1.82359781e-57 4.48865610e-74
  1.45028865e-18 1.00571614e-27 2.04547837e-27 2.50671697e-43
  4.03112281e-47 3.21267692e-46 3.26000194e-40 1.81267888e-50
  1.00000000e+00]
 [1.08610324e-27 4.55639225e-22 6.27616402e-79 7.00796600e-67
  1.22520144e-14 1.50498260e-58 8.12111743e-60 4.53411738e-11
  4.19717090e-13 1.00000000e+00 8.75270247e-49 1.14616237e-95
  4.62575608e-42 6.52290165e-43 2.36883270e-19 1.12266535e-58
  1.07602046e-45 6.21300195e-46 4.09275210e-42 4.34361415e-64
  1.00000000e+00]
 [8.70898148e-51 1.04883617e-39 2.06765705e-52 9.43304691e-27
  2.05469937e-47 7.12073924e-24 2.30447974e-27 7.50370420e-39
  1.82359781e-57 8.75270247e-49 1.00000000e+00 3.33572532e-53
  4.12218446e-39 3.72648790e-56 6.61219849e-36 2.07049381e-43
  1.97574657e-11 5.97846980e-12 1.49257040e-38 4.04931728e-48
  1.00000000e+00]
 [1.01508900e-74 8.86561871e-63 2.33439256e-09 3.05685775e-39
  3.94128907e-86 2.88263452e-48 1.05933265e-37 1.81910023e-97
  4.48865610e-74 1.14616237e-95 3.33572532e-53 1.00000000e+00
  1.00836011e-49 3.62266651e-43 1.17148044e-67 3.05157415e-35
  7.96754548e-58 2.66764001e-22 2.22394558e-43 8.54334992e-07
  1.00000000e+00]
 [6.16847927e-38 1.34672283e-41 5.48639143e-38 9.15165733e-62
  1.28615703e-43 5.19668644e-30 1.77056696e-32 8.13513220e-35
  1.45028865e-18 4.62575608e-42 4.12218446e-39 1.00836011e-49
  1.00000000e+00 5.99562679e-30 1.31613863e-36 4.84448871e-16
  7.67781866e-42 7.15867292e-38 8.16758449e-46 2.65777040e-42
  1.00000000e+00]
 [1.15697096e-71 1.08650059e-18 3.66457559e-23 1.86166529e-60
  8.98516262e-55 4.21085194e-41 2.97726796e-37 4.74896941e-55
  1.00571614e-27 6.52290165e-43 3.72648790e-56 3.62266651e-43
  5.99562679e-30 1.00000000e+00 2.28240603e-33 5.88116375e-30
  9.96019233e-67 8.35602604e-33 4.58310121e-70 1.47050790e-25
  1.00000000e+00]
 [4.62248018e-29 1.71957469e-39 1.09324482e-61 2.63195582e-48
  1.66056837e-10 3.07522496e-66 2.99479584e-38 1.04206295e-41
  2.04547837e-27 2.36883270e-19 6.61219849e-36 1.17148044e-67
  1.31613863e-36 2.28240603e-33 1.00000000e+00 5.46448202e-48
  3.37858852e-46 2.50883932e-31 2.40234773e-53 1.77127493e-39
  1.00000000e+00]
 [2.42730236e-40 3.48306818e-42 2.84564049e-37 1.08364652e-80
  1.11356363e-72 1.09460674e-20 4.81653321e-58 6.58716873e-55
  2.50671697e-43 1.12266535e-58 2.07049381e-43 3.05157415e-35
  4.84448871e-16 5.88116375e-30 5.46448202e-48 1.00000000e+00
  1.15177590e-63 1.23306332e-37 1.55511310e-55 1.27905181e-32
  1.00000000e+00]
 [2.67239153e-54 7.44987524e-43 3.98571578e-50 8.99126908e-15
  8.80112740e-39 3.73694504e-36 1.25359076e-19 1.39563348e-30
  4.03112281e-47 1.07602046e-45 1.97574657e-11 7.96754548e-58
  7.67781866e-42 9.96019233e-67 3.37858852e-46 1.15177590e-63
  1.00000000e+00 9.17614076e-16 1.15627933e-20 6.87692655e-53
  1.00000000e+00]
 [1.22851646e-51 3.83320316e-27 1.55944214e-20 6.29266600e-12
  2.30531264e-42 1.08560771e-26 9.28066788e-16 2.07947998e-45
  3.21267692e-46 6.21300195e-46 5.97846980e-12 2.66764001e-22
  7.15867292e-38 8.35602604e-33 2.50883932e-31 1.23306332e-37
  9.17614076e-16 1.00000000e+00 1.54220058e-25 1.39687473e-16
  1.00000000e+00]
 [1.39455309e-30 4.30874618e-47 3.51065803e-46 4.92554231e-32
  9.85041678e-40 1.28240960e-47 2.68981338e-43 5.11111502e-34
  3.26000194e-40 4.09275210e-42 1.49257040e-38 2.22394558e-43
  8.16758449e-46 4.58310121e-70 2.40234773e-53 1.55511310e-55
  1.15627933e-20 1.54220058e-25 1.00000000e+00 6.71832773e-38
  1.00000000e+00]
 [8.34877894e-56 6.58955732e-44 2.36605482e-10 1.41765477e-33
  7.82592840e-56 2.37279459e-50 3.05008702e-31 4.90854515e-77
  1.81267888e-50 4.34361415e-64 4.04931728e-48 8.54334992e-07
  2.65777040e-42 1.47050790e-25 1.77127493e-39 1.27905181e-32
  6.87692655e-53 1.39687473e-16 6.71832773e-38 1.00000000e+00
  1.00000000e+00]
 [1.00000000e+00 1.00000000e+00 1.00000000e+00 1.00000000e+00
  1.00000000e+00 1.00000000e+00 1.00000000e+00 1.00000000e+00
  1.00000000e+00 1.00000000e+00 1.00000000e+00 1.00000000e+00
  1.00000000e+00 1.00000000e+00 1.00000000e+00 1.00000000e+00
  1.00000000e+00 1.00000000e+00 1.00000000e+00 1.00000000e+00
  0.00000000e+00]]
