[[1.00000000e+000 6.25352976e-046 2.13247423e-018 1.73491277e-036
  7.36599773e-034 5.56522001e-013 2.53886318e-012 7.56333812e-033
  1.74325116e-046 5.82035153e-021 3.56134091e-051 4.68534052e-035
  1.52432756e-036 2.72043311e-018 6.54412646e-014 9.83030368e-034
  5.22332073e-026 1.14792168e-006 2.00785030e-039 1.59388807e-046
  1.00000000e+000]
 [6.25352976e-046 1.00000000e+000 2.42909153e-043 1.76593005e-024
  7.75156023e-037 5.30202141e-041 4.57147683e-047 5.98935242e-100
  5.17562641e-023 5.81463748e-034 3.85527445e-075 2.75576235e-039
  4.62125282e-103 1.71437125e-068 5.19253696e-038 7.48100691e-007
  2.79127563e-046 5.65510331e-043 7.48601205e-082 5.28250520e-053
  1.00000000e+000]
 [2.13247423e-018 2.42909153e-043 1.00000000e+000 1.69599891e-027
  1.08151851e-038 3.94266917e-012 3.33824166e-043 2.74259697e-049
  1.20412805e-018 1.07470202e-039 1.56846023e-064 5.66068898e-056
  1.84933996e-045 1.38166525e-020 6.25890152e-017 1.66483623e-041
  1.60427805e-006 1.70464631e-029 4.67040656e-054 4.86642438e-064
  1.00000000e+000]
 [1.73491277e-036 1.76593005e-024 1.69599891e-027 1.00000000e+000
  5.25713988e-052 2.01203437e-024 3.54912042e-057 1.54306864e-063
  6.33330702e-018 4.04482916e-032 1.54417610e-073 3.65554474e-043
  9.37050156e-074 1.56113213e-052 4.79457411e-032 1.15461612e-022
  5.06310615e-030 7.49087373e-053 2.13237532e-098 2.68841887e-066
  1.00000000e+000]
 [7.36599773e-034 7.75156023e-037 1.08151851e-038 5.25713988e-052
  1.00000000e+000 2.01826904e-051 1.24413557e-043 1.17205942e-072
  7.72246863e-044 9.15396381e-062 6.76140817e-063 7.01245430e-077
  5.81527932e-058 2.30864919e-046 6.21842431e-054 8.93650285e-035
  8.19525047e-027 6.49984162e-026 1.33403425e-074 1.71495120e-063
  1.00000000e+000]
 [5.56522001e-013 5.30202141e-041 3.94266917e-012 2.01203437e-024
  2.01826904e-051 1.00000000e+000 2.00844228e-026 7.67383975e-049
  1.48493240e-024 1.44690260e-011 7.28625684e-061 1.79137051e-039
  6.06233583e-054 4.19843645e-011 8.82502711e-019 3.65578542e-033
  2.88566594e-026 1.81476067e-024 3.69280252e-037 5.06235853e-040
  1.00000000e+000]
 [2.53886318e-012 4.57147683e-047 3.33824166e-043 3.54912042e-057
  1.24413557e-043 2.00844228e-026 1.00000000e+000 1.79488530e-037
  3.91442040e-059 6.58628921e-019 1.32129379e-031 1.88212592e-020
  3.20343137e-042 1.51611713e-027 5.49862410e-022 7.97841604e-027
  1.91088402e-059 5.74886861e-005 1.02433709e-020 3.16128417e-020
  1.00000000e+000]
 [7.56333812e-033 5.98935242e-100 2.74259697e-049 1.54306864e-063
  1.17205942e-072 7.67383975e-049 1.79488530e-037 1.00000000e+000
  9.20982015e-074 2.84450334e-066 3.12505940e-022 4.81292101e-043
  1.06722751e-005 1.49874423e-043 5.85385756e-034 1.42685775e-065
  5.05405002e-063 1.96709139e-037 5.00663762e-062 1.00187977e-054
  1.00000000e+000]
 [1.74325116e-046 5.17562641e-023 1.20412805e-018 6.33330702e-018
  7.72246863e-044 1.48493240e-024 3.91442040e-059 9.20982015e-074
  1.00000000e+000 1.65290201e-041 4.54537774e-060 5.64585587e-053
  3.14830837e-070 8.32373703e-040 6.82097181e-035 6.71428373e-024
  2.16927449e-025 1.37588468e-051 1.67731718e-068 4.64109099e-049
  1.00000000e+000]
 [5.82035153e-021 5.81463748e-034 1.07470202e-039 4.04482916e-032
  9.15396381e-062 1.44690260e-011 6.58628921e-019 2.84450334e-066
  1.65290201e-041 1.00000000e+000 6.12323463e-065 8.48369803e-028
  9.06617092e-079 6.53170352e-028 6.99812289e-030 1.05452355e-023
  1.75460435e-057 1.62500202e-026 9.66839924e-040 7.37173015e-029
  1.00000000e+000]
 [3.56134091e-051 3.85527445e-075 1.56846023e-064 1.54417610e-073
  6.76140817e-063 7.28625684e-061 1.32129379e-031 3.12505940e-022
  4.54537774e-060 6.12323463e-065 1.00000000e+000 4.09270337e-031
  9.43267560e-021 1.01836000e-052 9.29358223e-043 3.63730334e-042
  1.28072323e-082 3.70137135e-037 4.03402970e-042 4.55806586e-021
  1.00000000e+000]
 [4.68534052e-035 2.75576235e-039 5.66068898e-056 3.65554474e-043
  7.01245430e-077 1.79137051e-039 1.88212592e-020 4.81292101e-043
  5.64585587e-053 8.48369803e-028 4.09270337e-031 1.00000000e+000
  1.96324325e-059 4.24213234e-062 1.32078066e-017 7.52045085e-019
  2.44509596e-079 7.11761061e-032 9.93908851e-051 1.32236911e-028
  1.00000000e+000]
 [1.52432756e-036 4.62125282e-103 1.84933996e-045 9.37050156e-074
  5.81527932e-058 6.06233583e-054 3.20343137e-042 1.06722751e-005
  3.14830837e-070 9.06617092e-079 9.43267560e-021 1.96324325e-059
  1.00000000e+000 1.58370303e-038 1.59942438e-041 5.05029795e-071
  1.65032165e-054 4.51324432e-036 2.60493459e-057 2.97543240e-056
  1.00000000e+000]
 [2.72043311e-018 1.71437125e-068 1.38166525e-020 1.56113213e-052
  2.30864919e-046 4.19843645e-011 1.51611713e-027 1.49874423e-043
  8.32373703e-040 6.53170352e-028 1.01836000e-052 4.24213234e-062
  1.58370303e-038 1.00000000e+000 1.15080980e-036 2.06414410e-053
  3.25666778e-033 4.95286826e-023 8.00186623e-024 2.52958347e-036
  1.00000000e+000]
 [6.54412646e-014 5.19253696e-038 6.25890152e-017 4.79457411e-032
  6.21842431e-054 8.82502711e-019 5.49862410e-022 5.85385756e-034
  6.82097181e-035 6.99812289e-030 9.29358223e-043 1.32078066e-017
  1.59942438e-041 1.15080980e-036 1.00000000e+000 3.58739025e-027
  1.32177599e-032 4.37371827e-019 1.33919634e-044 1.03316031e-047
  1.00000000e+000]
 [9.83030368e-034 7.48100691e-007 1.66483623e-041 1.15461612e-022
  8.93650285e-035 3.65578542e-033 7.97841604e-027 1.42685775e-065
  6.71428373e-024 1.05452355e-023 3.63730334e-042 7.52045085e-019
  5.05029795e-071 2.06414410e-053 3.58739025e-027 1.00000000e+000
  1.10344835e-049 1.95831385e-028 1.08601400e-059 2.37724308e-028
  1.00000000e+000]
 [5.22332073e-026 2.79127563e-046 1.60427805e-006 5.06310615e-030
  8.19525047e-027 2.88566594e-026 1.91088402e-059 5.05405002e-063
  2.16927449e-025 1.75460435e-057 1.28072323e-082 2.44509596e-079
  1.65032165e-054 3.25666778e-033 1.32177599e-032 1.10344835e-049
  1.00000000e+000 3.45036813e-038 1.17951942e-081 2.31485659e-087
  1.00000000e+000]
 [1.14792168e-006 5.65510331e-043 1.70464631e-029 7.49087373e-053
  6.49984162e-026 1.81476067e-024 5.74886861e-005 1.96709139e-037
  1.37588468e-051 1.62500202e-026 3.70137135e-037 7.11761061e-032
  4.51324432e-036 4.95286826e-023 4.37371827e-019 1.95831385e-028
  3.45036813e-038 1.00000000e+000 3.24930257e-026 2.58832333e-032
  1.00000000e+000]
 [2.00785030e-039 7.48601205e-082 4.67040656e-054 2.13237532e-098
  1.33403425e-074 3.69280252e-037 1.02433709e-020 5.00663762e-062
  1.67731718e-068 9.66839924e-040 4.03402970e-042 9.93908851e-051
  2.60493459e-057 8.00186623e-024 1.33919634e-044 1.08601400e-059
  1.17951942e-081 3.24930257e-026 1.00000000e+000 1.98084270e-020
  1.00000000e+000]
 [1.59388807e-046 5.28250520e-053 4.86642438e-064 2.68841887e-066
  1.71495120e-063 5.06235853e-040 3.16128417e-020 1.00187977e-054
  4.64109099e-049 7.37173015e-029 4.55806586e-021 1.32236911e-028
  2.97543240e-056 2.52958347e-036 1.03316031e-047 2.37724308e-028
  2.31485659e-087 2.58832333e-032 1.98084270e-020 1.00000000e+000
  1.00000000e+000]
 [1.00000000e+000 1.00000000e+000 1.00000000e+000 1.00000000e+000
  1.00000000e+000 1.00000000e+000 1.00000000e+000 1.00000000e+000
  1.00000000e+000 1.00000000e+000 1.00000000e+000 1.00000000e+000
  1.00000000e+000 1.00000000e+000 1.00000000e+000 1.00000000e+000
  1.00000000e+000 1.00000000e+000 1.00000000e+000 1.00000000e+000
  0.00000000e+000]]
