[[1.00000000e+000 9.29063654e-048 1.02687495e-061 4.11124136e-027
  4.43284845e-056 3.36693159e-060 1.23287102e-075 7.77293928e-053
  1.92276692e-041 1.07627332e-075 3.43073015e-034 2.15026012e-061
  1.58958976e-059 4.95192916e-071 4.85680084e-048 7.04127121e-054
  3.58160494e-029 6.08972048e-054 8.38682005e-017 1.45269453e-024
  1.00000000e+000]
 [9.29063654e-048 1.00000000e+000 5.73574089e-024 2.60133336e-071
  2.11045191e-056 5.99597990e-035 6.61981851e-057 2.26703125e-038
  4.87235260e-036 3.11794180e-023 6.40336033e-034 1.98256099e-030
  1.31745683e-020 9.01017813e-043 2.41109408e-047 8.19373274e-013
  8.03804814e-048 6.84696271e-033 5.98949678e-051 1.53924945e-040
  1.00000000e+000]
 [1.02687495e-061 5.73574089e-024 1.00000000e+000 1.59644685e-095
  1.09615013e-054 2.35282469e-024 7.71645592e-091 4.03210621e-089
  3.31188059e-022 5.82308793e-070 2.81567326e-057 4.06051458e-036
  1.25729082e-032 2.10129079e-060 4.75998319e-057 5.87490940e-039
  3.01540266e-037 7.90835395e-053 9.69016905e-063 2.11161935e-060
  1.00000000e+000]
 [4.11124136e-027 2.60133336e-071 1.59644685e-095 1.00000000e+000
  1.97351742e-064 6.00056809e-058 2.05209585e-030 1.44177779e-034
  5.72024389e-058 9.49729529e-067 4.21179339e-051 1.38407187e-048
  9.67017650e-057 1.43146899e-032 5.98816510e-019 7.25564000e-072
  4.39655508e-047 5.31470967e-066 5.26214167e-037 8.26293251e-042
  1.00000000e+000]
 [4.43284845e-056 2.11045191e-056 1.09615013e-054 1.97351742e-064
  1.00000000e+000 7.15899183e-051 2.74422429e-101 2.38363291e-069
  2.31044114e-029 2.69395698e-045 5.93797339e-024 9.16526436e-050
  2.59178365e-054 3.95161762e-058 1.28196628e-070 8.49193900e-050
  2.49151464e-045 1.80467942e-022 2.70055215e-039 3.89464370e-019
  1.00000000e+000]
 [3.36693159e-060 5.99597990e-035 2.35282469e-024 6.00056809e-058
  7.15899183e-051 1.00000000e+000 3.39287862e-045 1.55504597e-068
  8.65607215e-009 4.31233346e-053 1.20452637e-046 8.05413250e-037
  2.58733861e-046 5.73940223e-028 9.80887772e-023 1.34446517e-025
  1.42562818e-042 2.41014403e-055 4.90739649e-055 3.36223247e-045
  1.00000000e+000]
 [1.23287102e-075 6.61981851e-057 7.71645592e-091 2.05209585e-030
  2.74422429e-101 3.39287862e-045 1.00000000e+000 6.61174182e-027
  3.90577495e-071 2.46329299e-050 5.94006712e-073 3.14948559e-042
  6.34745930e-045 2.01416964e-012 2.12634504e-011 8.26393542e-059
  4.71753593e-071 6.35854028e-089 1.00067834e-075 2.20350220e-081
  1.00000000e+000]
 [7.77293928e-053 2.26703125e-038 4.03210621e-089 1.44177779e-034
  2.38363291e-069 1.55504597e-068 6.61174182e-027 1.00000000e+000
  3.12503940e-073 1.48937471e-026 7.59239193e-032 3.34972806e-051
  6.43583738e-036 3.81876204e-033 6.02247976e-041 3.63367145e-043
  1.59759652e-049 4.46668283e-065 1.71222493e-039 4.95909871e-054
  1.00000000e+000]
 [1.92276692e-041 4.87235260e-036 3.31188059e-022 5.72024389e-058
  2.31044114e-029 8.65607215e-009 3.90577495e-071 3.12503940e-073
  1.00000000e+000 4.99044672e-056 2.08344951e-028 2.57132237e-047
  1.82417769e-054 7.63821724e-047 3.82122067e-039 1.26549878e-023
  2.31055865e-030 4.75824703e-043 4.84882818e-034 1.81914199e-024
  1.00000000e+000]
 [1.07627332e-075 3.11794180e-023 5.82308793e-070 9.49729529e-067
  2.69395698e-045 4.31233346e-053 2.46329299e-050 1.48937471e-026
  4.99044672e-056 1.00000000e+000 6.99752851e-032 3.71686838e-039
  8.59051980e-036 2.26143061e-032 6.15362271e-055 8.73993768e-021
  3.25021307e-079 1.29999267e-025 5.93869477e-066 7.37887316e-037
  1.00000000e+000]
 [3.43073015e-034 6.40336033e-034 2.81567326e-057 4.21179339e-051
  5.93797339e-024 1.20452637e-046 5.94006712e-073 7.59239193e-032
  2.08344951e-028 6.99752851e-032 1.00000000e+000 3.28149165e-066
  1.49981880e-055 1.26644366e-058 1.43750517e-061 1.05950490e-020
  5.06846901e-028 1.24330797e-041 2.24578119e-011 2.10894019e-015
  1.00000000e+000]
 [2.15026012e-061 1.98256099e-030 4.06051458e-036 1.38407187e-048
  9.16526436e-050 8.05413250e-037 3.14948559e-042 3.34972806e-051
  2.57132237e-047 3.71686838e-039 3.28149165e-066 1.00000000e+000
  7.86106328e-008 1.65022721e-015 5.30658876e-024 3.04267400e-054
  4.73129582e-058 6.67797447e-029 9.13004855e-076 1.71448742e-055
  1.00000000e+000]
 [1.58958976e-059 1.31745683e-020 1.25729082e-032 9.67017650e-057
  2.59178365e-054 2.58733861e-046 6.34745930e-045 6.43583738e-036
  1.82417769e-054 8.59051980e-036 1.49981880e-055 7.86106328e-008
  1.00000000e+000 5.97574171e-024 1.42881665e-034 2.03847828e-049
  1.75962281e-044 2.07545653e-038 7.75537645e-064 3.98034532e-062
  1.00000000e+000]
 [4.95192916e-071 9.01017813e-043 2.10129079e-060 1.43146899e-032
  3.95161762e-058 5.73940223e-028 2.01416964e-012 3.81876204e-033
  7.63821724e-047 2.26143061e-032 1.26644366e-058 1.65022721e-015
  5.97574171e-024 1.00000000e+000 2.08207679e-009 1.47777068e-047
  3.87806686e-060 1.38792180e-049 4.87141658e-070 4.28283093e-058
  1.00000000e+000]
 [4.85680084e-048 2.41109408e-047 4.75998319e-057 5.98816510e-019
  1.28196628e-070 9.80887772e-023 2.12634504e-011 6.02247976e-041
  3.82122067e-039 6.15362271e-055 1.43750517e-061 5.30658876e-024
  1.42881665e-034 2.08207679e-009 1.00000000e+000 2.59690988e-051
  5.90190643e-048 4.25555050e-063 2.24357705e-057 1.08309893e-055
  1.00000000e+000]
 [7.04127121e-054 8.19373274e-013 5.87490940e-039 7.25564000e-072
  8.49193900e-050 1.34446517e-025 8.26393542e-059 3.63367145e-043
  1.26549878e-023 8.73993768e-021 1.05950490e-020 3.04267400e-054
  2.03847828e-049 1.47777068e-047 2.59690988e-051 1.00000000e+000
  1.25242105e-053 9.15182265e-040 7.51581767e-044 2.44802837e-028
  1.00000000e+000]
 [3.58160494e-029 8.03804814e-048 3.01540266e-037 4.39655508e-047
  2.49151464e-045 1.42562818e-042 4.71753593e-071 1.59759652e-049
  2.31055865e-030 3.25021307e-079 5.06846901e-028 4.73129582e-058
  1.75962281e-044 3.87806686e-060 5.90190643e-048 1.25242105e-053
  1.00000000e+000 3.74916830e-076 2.88595614e-012 1.07904554e-048
  1.00000000e+000]
 [6.08972048e-054 6.84696271e-033 7.90835395e-053 5.31470967e-066
  1.80467942e-022 2.41014403e-055 6.35854028e-089 4.46668283e-065
  4.75824703e-043 1.29999267e-025 1.24330797e-041 6.67797447e-029
  2.07545653e-038 1.38792180e-049 4.25555050e-063 9.15182265e-040
  3.74916830e-076 1.00000000e+000 7.89845465e-066 3.75365983e-019
  1.00000000e+000]
 [8.38682005e-017 5.98949678e-051 9.69016905e-063 5.26214167e-037
  2.70055215e-039 4.90739649e-055 1.00067834e-075 1.71222493e-039
  4.84882818e-034 5.93869477e-066 2.24578119e-011 9.13004855e-076
  7.75537645e-064 4.87141658e-070 2.24357705e-057 7.51581767e-044
  2.88595614e-012 7.89845465e-066 1.00000000e+000 5.56792644e-026
  1.00000000e+000]
 [1.45269453e-024 1.53924945e-040 2.11161935e-060 8.26293251e-042
  3.89464370e-019 3.36223247e-045 2.20350220e-081 4.95909871e-054
  1.81914199e-024 7.37887316e-037 2.10894019e-015 1.71448742e-055
  3.98034532e-062 4.28283093e-058 1.08309893e-055 2.44802837e-028
  1.07904554e-048 3.75365983e-019 5.56792644e-026 1.00000000e+000
  1.00000000e+000]
 [1.00000000e+000 1.00000000e+000 1.00000000e+000 1.00000000e+000
  1.00000000e+000 1.00000000e+000 1.00000000e+000 1.00000000e+000
  1.00000000e+000 1.00000000e+000 1.00000000e+000 1.00000000e+000
  1.00000000e+000 1.00000000e+000 1.00000000e+000 1.00000000e+000
  1.00000000e+000 1.00000000e+000 1.00000000e+000 1.00000000e+000
  0.00000000e+000]]
