[[ 2.44971244 -2.20453295  0.21596364  0.70831308 -3.63318154 -0.62985134]
 [-4.27370804 -0.77423356 -0.13484702 -0.25521091 -4.77626557 -4.51774462]
 [ 3.48190539 -0.70188239  3.75159973  2.51198052  0.6797944   0.39072284]
 [-0.09323193  0.1378505   1.40674874  1.66831791  2.49406674 -4.14373677]
 [-0.00907596  2.03799381  4.90983155 -3.00040251  4.44465509  1.98799179]
 [ 4.83616245 -1.20432135  2.42251027  0.8183784   4.24898906 -1.31345794]
 [-4.4179157  -4.78989408 -0.09003515  3.2744554  -3.78105278 -0.72810391]
 [ 1.40808573 -3.57922728  1.74853969 -3.2434888   2.46756216 -3.52350587]
 [-2.20542064  3.93224627  1.55936116  0.94483424  0.1917736  -4.04565101]
 [-3.71479889  4.09369422 -0.38724357  4.53575608  2.70106977  4.28008713]
 [ 2.42945012 -1.99920041  0.54710162 -2.8830698  -4.19351665  0.85618055]
 [ 3.9818071   0.84695121 -1.64380237 -4.82458525 -0.86696127  3.4820507 ]
 [ 1.31689054  3.95815317 -3.64292567 -2.6867247  -2.94894963 -3.1561393 ]
 [-1.64557374  0.93585084  2.89530934  4.74282168 -2.26582797  1.7360443 ]
 [ 3.99488444  2.76254576  0.10267456 -3.52043946 -2.88725402 -0.27833565]
 [ 4.39741252 -1.01853293 -4.0011365  -4.98227104 -0.38007024 -2.95605548]
 [ 1.60022283  1.12696919 -0.80407198 -3.63880896  0.9377422   0.54445545]
 [-4.88295175  2.78986899  1.5165152   0.68518678 -0.12236887  4.96132693]
 [-3.21768772 -0.96250074  2.08251501 -1.36131028  3.84414507  0.43848209]
 [-4.37538506 -4.4496781  -1.38508615  0.42494132 -0.89353769  2.79417821]],[[ 10612.08833579]
 [ 38678.01012054]
 [ 20692.86525995]
 [   205.00188349]
 [  2567.94095901]
 [ 61875.73498446]
 [133241.80661316]
 [ 21854.69244511]
 [ 19484.69733985]
 [ 70802.98010193]
 [ 23098.44057531]
 [ 81415.11432023]
 [ 48141.95381158]
 [ 62049.54591441]
 [ 46466.10580731]
 [107545.43505093]
 [ 15794.50388596]
 [ 48324.63573736]
 [ 13362.49395345]
 [100719.67640598]],[[-35734.59433271]
 [ -7668.67656248]
 [-25653.82142428]
 [-46141.68479519]
 [-43778.7457204 ]
 [ 15529.04830409]
 [ 86895.11992068]
 [-24491.99423623]
 [-26861.9893404 ]
 [ 24456.2934157 ]
 [-23248.2399398 ]
 [ 35068.42771395]
 [  1795.26712761]
 [ 15702.85922905]
 [   119.41912409]
 [ 61198.74836102]
 [-30552.18288778]
 [  1977.94905337]
 [-32984.19272704]
 [ 54372.98971675]
 [ 46346.68668379]],[[1.00000000e+000 7.77587914e-029 1.52698266e-017 1.33497895e-028
  5.02159287e-058 6.12787089e-033 5.00855718e-027 1.27425184e-029
  1.00932504e-038 7.14270638e-069 1.72559871e-007 2.97386298e-031
  3.16807695e-032 1.00800901e-025 1.51758578e-020 1.01955478e-031
  3.42540622e-024 1.41698445e-054 1.69890839e-043 1.20539045e-032
  1.00000000e+000]
 [7.77587914e-029 1.00000000e+000 3.96248500e-060 2.47322038e-034
  1.08203149e-081 5.03668011e-080 8.10919777e-020 8.43363637e-047
  6.82864950e-025 4.78586225e-079 8.78821012e-037 5.92501677e-076
  3.40651186e-034 1.48436927e-039 7.32826015e-050 4.69176276e-059
  9.33804228e-048 2.11248199e-056 7.80732903e-047 3.03715534e-037
  1.00000000e+000]
 [1.52698266e-017 3.96248500e-060 1.00000000e+000 1.22061850e-019
  2.53544410e-030 1.93720114e-010 6.18650009e-051 2.32270992e-030
  6.62468530e-036 9.05513730e-051 1.90233857e-029 4.38438642e-043
  7.35767195e-059 2.41578189e-020 2.32490405e-033 5.56204374e-057
  3.36360593e-029 2.21852175e-049 2.52598662e-032 1.42336347e-050
  1.00000000e+000]
 [1.33497895e-028 2.47322038e-034 1.22061850e-019 1.00000000e+000
  4.48806577e-035 1.22041756e-017 1.17573111e-043 2.11246300e-018
  1.84552155e-011 5.04275968e-049 4.51926686e-045 1.14286848e-060
  1.57280735e-040 5.69360807e-032 1.79158694e-042 3.55728485e-046
  2.38461207e-027 3.80332705e-053 1.37901804e-019 8.94392844e-048
  1.00000000e+000]
 [5.02159287e-058 1.08203149e-081 2.53544410e-030 4.48806577e-035
  1.00000000e+000 2.93972091e-029 5.82863572e-090 1.47404904e-034
  1.11216118e-039 5.59515560e-049 1.27163832e-051 1.40076463e-041
  3.89709818e-070 8.38571344e-050 1.19980212e-043 3.92249379e-070
  8.17562539e-023 4.36624280e-035 6.04169557e-015 3.00574659e-062
  1.00000000e+000]
 [6.12787089e-033 5.03668011e-080 1.93720114e-010 1.22041756e-017
  2.93972091e-029 1.00000000e+000 5.13124279e-077 3.84369226e-019
  1.93214555e-044 9.90508963e-069 5.41155696e-044 3.09844049e-045
  5.72811282e-063 3.21849771e-050 5.79957054e-041 7.76508007e-044
  4.80677624e-027 1.92764159e-074 1.93462057e-032 2.50280959e-067
  1.00000000e+000]
 [5.00855718e-027 8.10919777e-020 6.18650009e-051 1.17573111e-043
  5.82863572e-090 5.13124279e-077 1.00000000e+000 2.25543668e-056
  4.58991615e-051 4.37722232e-065 2.80959539e-042 4.33606386e-086
  5.07000865e-072 9.61619591e-027 9.73373252e-077 4.40735791e-084
  5.18667283e-063 1.12377745e-049 6.12255465e-045 4.84299441e-014
  1.00000000e+000]
 [1.27425184e-029 8.43363637e-047 2.32270992e-030 2.11246300e-018
  1.47404904e-034 3.84369226e-019 2.25543668e-056 1.00000000e+000
  6.66345429e-041 1.99640275e-092 1.51119879e-030 2.44470962e-044
  5.81229747e-051 1.20684352e-063 2.46069993e-039 8.70081755e-027
  1.83734625e-021 1.94540415e-076 3.20710813e-022 6.23856822e-048
  1.00000000e+000]
 [1.00932504e-038 6.82864950e-025 6.62468530e-036 1.84552155e-011
  1.11216118e-039 1.93214555e-044 4.58991615e-051 6.66345429e-041
  1.00000000e+000 8.21378050e-042 6.24331405e-051 1.70493661e-065
  3.18245609e-028 6.08533160e-029 7.04677491e-038 1.19837309e-059
  2.24002834e-031 1.03358186e-039 1.56813985e-028 5.38334827e-058
  1.00000000e+000]
 [7.14270638e-069 4.78586225e-079 9.05513730e-051 5.04275968e-049
  5.59515560e-049 9.90508963e-069 4.37722232e-065 1.99640275e-092
  8.21378050e-042 1.00000000e+000 2.91236494e-083 1.42213706e-075
  7.23481614e-077 3.86013824e-025 3.45415116e-078 1.55029299e-112
  2.52078161e-053 9.82151243e-014 1.15163993e-036 5.88436509e-047
  1.00000000e+000]
 [1.72559871e-007 8.78821012e-037 1.90233857e-029 4.51926686e-045
  1.27163832e-051 5.41155696e-044 2.80959539e-042 1.51119879e-030
  6.24331405e-051 2.91236494e-083 1.00000000e+000 8.18946151e-017
  5.54188566e-032 2.79323176e-041 3.35882243e-013 2.37261986e-026
  8.69002407e-018 2.30366093e-054 3.31909748e-045 3.52703433e-036
  1.00000000e+000]
 [2.97386298e-031 5.92501677e-076 4.38438642e-043 1.14286848e-060
  1.40076463e-041 3.09844049e-045 4.33606386e-086 2.44470962e-044
  1.70493661e-065 1.42213706e-075 8.18946151e-017 1.00000000e+000
  9.36300621e-033 2.33622417e-065 2.68661320e-012 7.67935077e-023
  2.65190726e-009 3.30497962e-055 1.46562243e-049 1.90961048e-055
  1.00000000e+000]
 [3.16807695e-032 3.40651186e-034 7.35767195e-059 1.57280735e-040
  3.89709818e-070 5.72811282e-063 5.07000865e-072 5.81229747e-051
  3.18245609e-028 7.23481614e-077 5.54188566e-032 9.36300621e-033
  1.00000000e+000 1.22188234e-061 1.86806159e-014 7.84788380e-021
  1.20863591e-020 1.34346202e-066 7.98546348e-061 3.94891858e-069
  1.00000000e+000]
 [1.00800901e-025 1.48436927e-039 2.41578189e-020 5.69360807e-032
  8.38571344e-050 3.21849771e-050 9.61619591e-027 1.20684352e-063
  6.08533160e-029 3.86013824e-025 2.79323176e-041 2.33622417e-065
  1.22188234e-061 1.00000000e+000 5.78961837e-051 4.42676136e-091
  7.61315406e-047 2.92691226e-021 8.88058476e-037 6.44559472e-034
  1.00000000e+000]
 [1.51758578e-020 7.32826015e-050 2.32490405e-033 1.79158694e-042
  1.19980212e-043 5.79957054e-041 9.73373252e-077 2.46069993e-039
  7.04677491e-038 3.45415116e-078 3.35882243e-013 2.68661320e-012
  1.86806159e-014 5.78961837e-051 1.00000000e+000 4.31169518e-021
  2.17089416e-011 9.49634828e-059 5.65575080e-053 2.72075390e-067
  1.00000000e+000]
 [1.01955478e-031 4.69176276e-059 5.56204374e-057 3.55728485e-046
  3.92249379e-070 7.76508007e-044 4.40735791e-084 8.70081755e-027
  1.19837309e-059 1.55029299e-112 2.37261986e-026 7.67935077e-023
  7.84788380e-021 4.42676136e-091 4.31169518e-021 1.00000000e+000
  2.01411260e-017 7.47022641e-099 1.96042502e-060 2.08159727e-069
  1.00000000e+000]
 [3.42540622e-024 9.33804228e-048 3.36360593e-029 2.38461207e-027
  8.17562539e-023 4.80677624e-027 5.18667283e-063 1.83734625e-021
  2.24002834e-031 2.52078161e-053 8.69002407e-018 2.65190726e-009
  1.20863591e-020 7.61315406e-047 2.17089416e-011 2.01411260e-017
  1.00000000e+000 1.33559530e-039 3.00696931e-022 1.03049240e-040
  1.00000000e+000]
 [1.41698445e-054 2.11248199e-056 2.21852175e-049 3.80332705e-053
  4.36624280e-035 1.92764159e-074 1.12377745e-049 1.94540415e-076
  1.03358186e-039 9.82151243e-014 2.30366093e-054 3.30497962e-055
  1.34346202e-066 2.92691226e-021 9.49634828e-059 7.47022641e-099
  1.33559530e-039 1.00000000e+000 1.01347016e-025 1.38825662e-029
  1.00000000e+000]
 [1.69890839e-043 7.80732903e-047 2.52598662e-032 1.37901804e-019
  6.04169557e-015 1.93462057e-032 6.12255465e-045 3.20710813e-022
  1.56813985e-028 1.15163993e-036 3.31909748e-045 1.46562243e-049
  7.98546348e-061 8.88058476e-037 5.65575080e-053 1.96042502e-060
  3.00696931e-022 1.01347016e-025 1.00000000e+000 2.34917342e-025
  1.00000000e+000]
 [1.20539045e-032 3.03715534e-037 1.42336347e-050 8.94392844e-048
  3.00574659e-062 2.50280959e-067 4.84299441e-014 6.23856822e-048
  5.38334827e-058 5.88436509e-047 3.52703433e-036 1.90961048e-055
  3.94891858e-069 6.44559472e-034 2.72075390e-067 2.08159727e-069
  1.03049240e-040 1.38825662e-029 2.34917342e-025 1.00000000e+000
  1.00000000e+000]
 [1.00000000e+000 1.00000000e+000 1.00000000e+000 1.00000000e+000
  1.00000000e+000 1.00000000e+000 1.00000000e+000 1.00000000e+000
  1.00000000e+000 1.00000000e+000 1.00000000e+000 1.00000000e+000
  1.00000000e+000 1.00000000e+000 1.00000000e+000 1.00000000e+000
  1.00000000e+000 1.00000000e+000 1.00000000e+000 1.00000000e+000
  0.00000000e+000]]
