[[1.00000000e+00 6.22429813e-23 3.38659808e-39 ... 1.11170143e-36
  4.22242887e-29 1.00000000e+00]
 [6.22429813e-23 1.00000000e+00 4.06906555e-47 ... 1.01002790e-50
  1.47299963e-26 1.00000000e+00]
 [3.38659808e-39 4.06906555e-47 1.00000000e+00 ... 8.81813532e-21
  2.97735833e-37 1.00000000e+00]
 ...
 [1.11170143e-36 1.01002790e-50 8.81813532e-21 ... 1.00000000e+00
  8.48021170e-17 1.00000000e+00]
 [4.22242887e-29 1.47299963e-26 2.97735833e-37 ... 8.48021170e-17
  1.00000000e+00 1.00000000e+00]
 [1.00000000e+00 1.00000000e+00 1.00000000e+00 ... 1.00000000e+00
  1.00000000e+00 0.00000000e+00]]
