[[1.00000000e+000 1.94472592e-040 1.19335924e-036 7.56878862e-035
  1.11526440e-044 1.35694224e-057 1.14628336e-044 1.43894039e-039
  5.52035974e-032 2.65698803e-053 3.13302119e-061 1.39057446e-044
  1.18902934e-052 2.19594245e-049 1.08302446e-019 1.39979052e-021
  1.01864623e-048 2.30295211e-048 5.44883284e-045 9.30269838e-059
  1.00000000e+000]
 [1.94472592e-040 1.00000000e+000 3.45441519e-053 7.42807381e-053
  2.99761029e-074 4.52949273e-081 5.97081005e-055 4.76831799e-041
  2.58359461e-045 6.72108320e-018 7.42245779e-047 8.82946070e-025
  9.59375995e-024 2.54594437e-096 4.76040885e-012 1.82324615e-042
  1.32837867e-033 2.44074583e-053 2.61618164e-028 1.78782301e-095
  1.00000000e+000]
 [1.19335924e-036 3.45441519e-053 1.00000000e+000 1.12971671e-061
  2.81063499e-020 3.44415400e-021 2.43348391e-020 1.05512040e-032
  4.27620240e-053 7.51520086e-080 2.91195867e-040 7.81812718e-037
  1.68200041e-037 2.00950392e-049 2.49382928e-030 1.36985543e-013
  1.12406002e-038 3.00957820e-008 2.10498576e-016 3.90521560e-048
  1.00000000e+000]
 [7.56878862e-035 7.42807381e-053 1.12971671e-061 1.00000000e+000
  2.40026739e-041 1.46048887e-046 2.02483938e-085 9.69273166e-034
  4.62225470e-030 2.60986400e-032 2.85889419e-038 1.36406858e-039
  1.44607600e-059 1.33382339e-096 1.23157910e-032 5.51038133e-058
  4.97873432e-034 4.46080605e-079 1.10257394e-067 5.36504228e-062
  1.00000000e+000]
 [1.11526440e-044 2.99761029e-074 2.81063499e-020 2.40026739e-041
  1.00000000e+000 5.54943701e-007 2.15647864e-049 2.82934998e-038
  1.05646520e-063 3.16681381e-080 2.42715063e-044 4.15440358e-027
  3.31679400e-034 2.45048258e-054 3.56763616e-038 2.15722336e-039
  1.47915575e-046 5.65621589e-036 8.04414553e-039 8.02095499e-018
  1.00000000e+000]
 [1.35694224e-057 4.52949273e-081 3.44415400e-021 1.46048887e-046
  5.54943701e-007 1.00000000e+000 2.72789385e-037 4.12631237e-035
  1.43241243e-069 6.18603340e-080 1.11130633e-027 4.26657853e-030
  1.27793638e-041 5.81261842e-057 1.09214767e-048 2.47509242e-034
  2.83110705e-053 3.20017103e-035 4.14074210e-032 2.39061093e-022
  1.00000000e+000]
 [1.14628336e-044 5.97081005e-055 2.43348391e-020 2.02483938e-085
  2.15647864e-049 2.72789385e-037 1.00000000e+000 1.11744350e-045
  2.56342850e-068 1.12843294e-074 1.22001969e-033 2.01519045e-041
  1.63139048e-045 1.45898889e-038 4.91775793e-045 9.50979639e-007
  1.52719002e-067 2.54110938e-020 1.36607784e-010 6.62579014e-057
  1.00000000e+000]
 [1.43894039e-039 4.76831799e-041 1.05512040e-032 9.69273166e-034
  2.82934998e-038 4.12631237e-035 1.11744350e-045 1.00000000e+000
  1.58417732e-071 4.05237557e-056 2.79751984e-039 2.28251207e-038
  2.38457857e-049 1.16817209e-111 4.68365375e-017 1.10184001e-027
  1.56588920e-059 7.24123583e-060 2.09725923e-026 3.02379123e-082
  1.00000000e+000]
 [5.52035974e-032 2.58359461e-045 4.27620240e-053 4.62225470e-030
  1.05646520e-063 1.43241243e-069 2.56342850e-068 1.58417732e-071
  1.00000000e+000 2.65197643e-032 3.95098484e-040 3.07613144e-049
  6.50900671e-061 2.98759175e-056 2.68468849e-045 8.65538400e-049
  1.80736727e-013 5.75249095e-045 9.89560157e-065 2.87007538e-068
  1.00000000e+000]
 [2.65698803e-053 6.72108320e-018 7.51520086e-080 2.60986400e-032
  3.16681381e-080 6.18603340e-080 1.12843294e-074 4.05237557e-056
  2.65197643e-032 1.00000000e+000 3.92544501e-030 1.56846474e-025
  1.10996387e-036 1.47324975e-096 1.43669288e-032 1.18900413e-062
  1.54154717e-030 4.68011644e-076 1.69934709e-051 1.02445538e-083
  1.00000000e+000]
 [3.13302119e-061 7.42245779e-047 2.91195867e-040 2.85889419e-038
  2.42715063e-044 1.11130633e-027 1.22001969e-033 2.79751984e-039
  3.95098484e-040 3.92544501e-030 1.00000000e+000 2.79658512e-024
  2.50649951e-039 2.94986251e-066 1.63909079e-045 4.30943785e-034
  2.08823877e-032 4.47719317e-039 1.74714909e-026 4.14983205e-051
  1.00000000e+000]
 [1.39057446e-044 8.82946070e-025 7.81812718e-037 1.36406858e-039
  4.15440358e-027 4.26657853e-030 2.01519045e-041 2.28251207e-038
  3.07613144e-049 1.56846474e-025 2.79658512e-024 1.00000000e+000
  3.45631042e-004 4.51291767e-058 7.95351119e-020 9.80663291e-039
  1.82469894e-030 8.72986280e-039 1.88130957e-020 2.86408519e-031
  1.00000000e+000]
 [1.18902934e-052 9.59375995e-024 1.68200041e-037 1.44607600e-059
  3.31679400e-034 1.27793638e-041 1.63139048e-045 2.38457857e-049
  6.50900671e-061 1.10996387e-036 2.50649951e-039 3.45631042e-004
  1.00000000e+000 6.36538239e-063 7.76569928e-022 6.61238053e-045
  6.08526821e-035 2.23335603e-036 9.02203711e-021 2.04582048e-040
  1.00000000e+000]
 [2.19594245e-049 2.54594437e-096 2.00950392e-049 1.33382339e-096
  2.45048258e-054 5.81261842e-057 1.45898889e-038 1.16817209e-111
  2.98759175e-056 1.47324975e-096 2.94986251e-066 4.51291767e-058
  6.36538239e-063 1.00000000e+000 5.18172382e-082 1.00785192e-042
  5.15664369e-071 2.53410245e-035 7.79465819e-061 9.16031730e-027
  1.00000000e+000]
 [1.08302446e-019 4.76040885e-012 2.49382928e-030 1.23157910e-032
  3.56763616e-038 1.09214767e-048 4.91775793e-045 4.68365375e-017
  2.68468849e-045 1.43669288e-032 1.63909079e-045 7.95351119e-020
  7.76569928e-022 5.18172382e-082 1.00000000e+000 1.35184301e-026
  8.11543999e-035 2.88221157e-044 2.62582569e-022 1.57637253e-067
  1.00000000e+000]
 [1.39979052e-021 1.82324615e-042 1.36985543e-013 5.51038133e-058
  2.15722336e-039 2.47509242e-034 9.50979639e-007 1.10184001e-027
  8.65538400e-049 1.18900413e-062 4.30943785e-034 9.80663291e-039
  6.61238053e-045 1.00785192e-042 1.35184301e-026 1.00000000e+000
  5.95440050e-053 7.17193190e-021 1.33929125e-012 3.12624876e-057
  1.00000000e+000]
 [1.01864623e-048 1.32837867e-033 1.12406002e-038 4.97873432e-034
  1.47915575e-046 2.83110705e-053 1.52719002e-067 1.56588920e-059
  1.80736727e-013 1.54154717e-030 2.08823877e-032 1.82469894e-030
  6.08526821e-035 5.15664369e-071 8.11543999e-035 5.95440050e-053
  1.00000000e+000 1.24176511e-031 1.22155361e-047 1.01027429e-062
  1.00000000e+000]
 [2.30295211e-048 2.44074583e-053 3.00957820e-008 4.46080605e-079
  5.65621589e-036 3.20017103e-035 2.54110938e-020 7.24123583e-060
  5.75249095e-045 4.68011644e-076 4.47719317e-039 8.72986280e-039
  2.23335603e-036 2.53410245e-035 2.88221157e-044 7.17193190e-021
  1.24176511e-031 1.00000000e+000 2.28645471e-020 1.17622294e-049
  1.00000000e+000]
 [5.44883284e-045 2.61618164e-028 2.10498576e-016 1.10257394e-067
  8.04414553e-039 4.14074210e-032 1.36607784e-010 2.09725923e-026
  9.89560157e-065 1.69934709e-051 1.74714909e-026 1.88130957e-020
  9.02203711e-021 7.79465819e-061 2.62582569e-022 1.33929125e-012
  1.22155361e-047 2.28645471e-020 1.00000000e+000 1.34768880e-058
  1.00000000e+000]
 [9.30269838e-059 1.78782301e-095 3.90521560e-048 5.36504228e-062
  8.02095499e-018 2.39061093e-022 6.62579014e-057 3.02379123e-082
  2.87007538e-068 1.02445538e-083 4.14983205e-051 2.86408519e-031
  2.04582048e-040 9.16031730e-027 1.57637253e-067 3.12624876e-057
  1.01027429e-062 1.17622294e-049 1.34768880e-058 1.00000000e+000
  1.00000000e+000]
 [1.00000000e+000 1.00000000e+000 1.00000000e+000 1.00000000e+000
  1.00000000e+000 1.00000000e+000 1.00000000e+000 1.00000000e+000
  1.00000000e+000 1.00000000e+000 1.00000000e+000 1.00000000e+000
  1.00000000e+000 1.00000000e+000 1.00000000e+000 1.00000000e+000
  1.00000000e+000 1.00000000e+000 1.00000000e+000 1.00000000e+000
  0.00000000e+000]]
