[[1.00000000e+000 4.28631221e-068 2.91979898e-038 1.40468184e-029
  1.84212064e-025 8.49950381e-052 5.25293541e-052 2.06699368e-042
  3.62706541e-053 4.79002647e-039 1.84992096e-012 2.43649054e-044
  4.36544930e-047 3.98276614e-039 8.51733453e-037 2.23819815e-025
  6.37028684e-023 1.16618082e-038 4.39210431e-049 2.74833011e-053
  1.00000000e+000]
 [4.28631221e-068 1.00000000e+000 4.44297290e-041 1.78976897e-041
  3.05741089e-079 8.49810240e-101 5.76278808e-026 1.78936559e-052
  7.14409325e-077 1.11242875e-042 4.00940926e-085 5.59804410e-037
  4.70820883e-028 4.93850773e-043 3.28708191e-020 2.00521922e-059
  5.07456624e-046 3.75849879e-025 2.74960136e-029 1.56790693e-029
  1.00000000e+000]
 [2.91979898e-038 4.44297290e-041 1.00000000e+000 1.63521166e-054
  2.05808193e-068 6.63204130e-065 4.13767175e-015 7.18089266e-083
  5.02929698e-039 6.91702327e-037 1.92277747e-031 1.73493581e-053
  2.41284049e-027 1.63113683e-037 1.52045196e-027 1.88831171e-014
  3.86779089e-031 1.25026708e-018 7.05697454e-019 4.85048781e-011
  1.00000000e+000]
 [1.40468184e-029 1.78976897e-041 1.63521166e-054 1.00000000e+000
  3.20039308e-016 3.06109495e-093 2.77617066e-043 2.29943333e-015
  2.01429670e-075 1.06286086e-031 8.94232601e-034 4.16354619e-037
  4.37867726e-063 6.73991813e-076 8.83568856e-047 9.25040895e-031
  6.83235381e-040 2.74250796e-029 2.24624151e-065 5.24813316e-045
  1.00000000e+000]
 [1.84212064e-025 3.05741089e-079 2.05808193e-068 3.20039308e-016
  1.00000000e+000 4.62718727e-061 1.89532837e-056 9.65440578e-027
  1.27390956e-061 3.25922102e-037 1.92198703e-020 4.84984931e-040
  5.66312399e-086 9.34770860e-080 4.53856005e-061 2.07061650e-033
  1.29006685e-045 1.04539886e-059 1.01080711e-097 5.39737004e-061
  1.00000000e+000]
 [8.49950381e-052 8.49810240e-101 6.63204130e-065 3.06109495e-093
  4.62718727e-061 1.00000000e+000 3.92799789e-064 3.53123156e-078
  6.80639321e-056 2.05256155e-093 1.00611377e-051 2.57088270e-033
  2.51349318e-053 1.84819702e-031 4.51267034e-040 2.15671360e-056
  2.07232805e-035 5.73771052e-080 2.39094420e-078 6.84699727e-083
  1.00000000e+000]
 [5.25293541e-052 5.76278808e-026 4.13767175e-015 2.77617066e-043
  1.89532837e-056 3.92799789e-064 1.00000000e+000 2.51095923e-071
  5.52490996e-022 3.15400490e-023 2.81132083e-047 7.48554975e-031
  9.85443898e-028 1.91416616e-040 2.44999629e-029 4.16956591e-021
  1.77801838e-046 1.67865816e-019 5.49029224e-039 5.56747948e-005
  1.00000000e+000]
 [2.06699368e-042 1.78936559e-052 7.18089266e-083 2.29943333e-015
  9.65440578e-027 3.53123156e-078 2.51095923e-071 1.00000000e+000
  8.36746282e-113 8.24072849e-073 1.93240831e-054 2.01199567e-028
  4.36858983e-065 2.25976048e-072 2.48147497e-041 1.20314373e-055
  2.81457419e-030 6.80784099e-046 6.49774604e-072 1.68000738e-082
  1.00000000e+000]
 [3.62706541e-053 7.14409325e-077 5.02929698e-039 2.01429670e-075
  1.27390956e-061 6.80639321e-056 5.52490996e-022 8.36746282e-113
  1.00000000e+000 8.58626078e-029 2.36264905e-050 2.90212130e-051
  5.66703844e-056 8.81404775e-050 2.11604478e-062 8.86956718e-038
  2.97398304e-078 2.15195139e-059 3.21347230e-084 2.91083813e-029
  1.00000000e+000]
 [4.79002647e-039 1.11242875e-042 6.91702327e-037 1.06286086e-031
  3.25922102e-037 2.05256155e-093 3.15400490e-023 8.24072849e-073
  8.58626078e-029 1.00000000e+000 9.04893984e-040 7.79735478e-058
  9.36791909e-067 1.03572700e-064 2.65855819e-054 1.49785504e-036
  2.36969042e-067 3.77235834e-047 6.48573473e-072 2.84571403e-017
  1.00000000e+000]
 [1.84992096e-012 4.00940926e-085 1.92277747e-031 8.94232601e-034
  1.92198703e-020 1.00611377e-051 2.81132083e-047 1.93240831e-054
  2.36264905e-050 9.04893984e-040 1.00000000e+000 1.21058547e-056
  2.19336063e-067 3.50184747e-063 7.27033397e-052 6.39481583e-012
  6.49036875e-030 1.34544292e-044 5.60758674e-063 5.86399939e-044
  1.00000000e+000]
 [2.43649054e-044 5.59804410e-037 1.73493581e-053 4.16354619e-037
  4.84984931e-040 2.57088270e-033 7.48554975e-031 2.01199567e-028
  2.90212130e-051 7.79735478e-058 1.21058547e-056 1.00000000e+000
  2.22210600e-024 4.02262257e-028 2.35773741e-019 2.75953770e-041
  6.00167947e-028 1.46395105e-031 2.34551842e-052 2.90757172e-051
  1.00000000e+000]
 [4.36544930e-047 4.70820883e-028 2.41284049e-027 4.37867726e-063
  5.66312399e-086 2.51349318e-053 9.85443898e-028 4.36858983e-065
  5.66703844e-056 9.36791909e-067 2.19336063e-067 2.22210600e-024
  1.00000000e+000 1.18374118e-011 9.92124833e-011 2.69233863e-042
  1.25660745e-025 4.79247332e-017 4.58359862e-013 6.23983103e-041
  1.00000000e+000]
 [3.98276614e-039 4.93850773e-043 1.63113683e-037 6.73991813e-076
  9.34770860e-080 1.84819702e-031 1.91416616e-040 2.25976048e-072
  8.81404775e-050 1.03572700e-064 3.50184747e-063 4.02262257e-028
  1.18374118e-011 1.00000000e+000 1.35062430e-010 1.73915189e-055
  1.78627685e-025 9.20047391e-043 8.64217516e-027 3.88334015e-053
  1.00000000e+000]
 [8.51733453e-037 3.28708191e-020 1.52045196e-027 8.83568856e-047
  4.53856005e-061 4.51267034e-040 2.44999629e-029 2.48147497e-041
  2.11604478e-062 2.65855819e-054 7.27033397e-052 2.35773741e-019
  9.92124833e-011 1.35062430e-010 1.00000000e+000 1.28093316e-040
  7.21017891e-011 4.86222602e-024 2.42106035e-014 7.73395781e-038
  1.00000000e+000]
 [2.23819815e-025 2.00521922e-059 1.88831171e-014 9.25040895e-031
  2.07061650e-033 2.15671360e-056 4.16956591e-021 1.20314373e-055
  8.86956718e-038 1.49785504e-036 6.39481583e-012 2.75953770e-041
  2.69233863e-042 1.73915189e-055 1.28093316e-040 1.00000000e+000
  1.98206203e-029 3.27759257e-018 7.50307121e-043 6.72588036e-022
  1.00000000e+000]
 [6.37028684e-023 5.07456624e-046 3.86779089e-031 6.83235381e-040
  1.29006685e-045 2.07232805e-035 1.77801838e-046 2.81457419e-030
  2.97398304e-078 2.36969042e-067 6.49036875e-030 6.00167947e-028
  1.25660745e-025 1.78627685e-025 7.21017891e-011 1.98206203e-029
  1.00000000e+000 3.09995699e-027 1.73964215e-021 8.98796477e-053
  1.00000000e+000]
 [1.16618082e-038 3.75849879e-025 1.25026708e-018 2.74250796e-029
  1.04539886e-059 5.73771052e-080 1.67865816e-019 6.80784099e-046
  2.15195139e-059 3.77235834e-047 1.34544292e-044 1.46395105e-031
  4.79247332e-017 9.20047391e-043 4.86222602e-024 3.27759257e-018
  3.09995699e-027 1.00000000e+000 3.55506815e-018 1.24271818e-024
  1.00000000e+000]
 [4.39210431e-049 2.74960136e-029 7.05697454e-019 2.24624151e-065
  1.01080711e-097 2.39094420e-078 5.49029224e-039 6.49774604e-072
  3.21347230e-084 6.48573473e-072 5.60758674e-063 2.34551842e-052
  4.58359862e-013 8.64217516e-027 2.42106035e-014 7.50307121e-043
  1.73964215e-021 3.55506815e-018 1.00000000e+000 5.54344765e-040
  1.00000000e+000]
 [2.74833011e-053 1.56790693e-029 4.85048781e-011 5.24813316e-045
  5.39737004e-061 6.84699727e-083 5.56747948e-005 1.68000738e-082
  2.91083813e-029 2.84571403e-017 5.86399939e-044 2.90757172e-051
  6.23983103e-041 3.88334015e-053 7.73395781e-038 6.72588036e-022
  8.98796477e-053 1.24271818e-024 5.54344765e-040 1.00000000e+000
  1.00000000e+000]
 [1.00000000e+000 1.00000000e+000 1.00000000e+000 1.00000000e+000
  1.00000000e+000 1.00000000e+000 1.00000000e+000 1.00000000e+000
  1.00000000e+000 1.00000000e+000 1.00000000e+000 1.00000000e+000
  1.00000000e+000 1.00000000e+000 1.00000000e+000 1.00000000e+000
  1.00000000e+000 1.00000000e+000 1.00000000e+000 1.00000000e+000
  0.00000000e+000]]
