[[1.00000000e+000 4.20590800e-043 3.06017496e-071 8.82550057e-046
  4.93999660e-066 5.19031224e-064 6.42691715e-073 1.02563575e-055
  1.22124833e-047 5.27029721e-022 2.69059118e-033 1.55359080e-028
  1.00355590e-025 1.12918534e-014 1.86573737e-074 1.98179679e-065
  1.89728155e-044 2.93815449e-039 1.93809886e-075 3.07431975e-041
  1.00000000e+000]
 [4.20590800e-043 1.00000000e+000 9.83734390e-028 1.79612788e-016
  1.22617295e-040 2.41578738e-020 4.00910715e-042 1.86979393e-021
  4.58189247e-059 1.59526865e-018 9.70156979e-037 1.60810746e-059
  5.45712245e-042 1.31819126e-054 2.89219253e-063 1.87579026e-016
  1.39888318e-027 1.92532444e-037 1.89977723e-040 1.95472432e-048
  1.00000000e+000]
 [3.06017496e-071 9.83734390e-028 1.00000000e+000 3.40765062e-018
  5.73765972e-007 2.71774217e-026 5.80746811e-057 3.85534578e-045
  1.73229166e-050 8.79082806e-042 9.36481710e-022 3.82010484e-065
  1.73830028e-037 8.05275366e-050 5.79492974e-047 2.89810805e-056
  1.37596061e-045 2.60744555e-025 1.87576331e-032 1.54322163e-052
  1.00000000e+000]
 [8.82550057e-046 1.79612788e-016 3.40765062e-018 1.00000000e+000
  1.80780263e-023 2.21366237e-007 8.34762409e-031 7.79992120e-023
  2.97200107e-039 3.70427340e-029 1.52553157e-017 2.96337742e-035
  3.21847860e-033 2.09846742e-041 2.71645168e-018 3.32957869e-018
  1.68032928e-010 6.55752048e-023 1.63439146e-013 8.79254448e-034
  1.00000000e+000]
 [4.93999660e-066 1.22617295e-040 5.73765972e-007 1.80780263e-023
  1.00000000e+000 6.00574867e-035 3.14080845e-080 9.20239794e-054
  2.69087955e-054 1.38573875e-045 1.90224767e-021 5.06372187e-051
  2.78284711e-039 6.48624864e-039 2.07592459e-041 3.97931438e-071
  5.49623916e-055 9.49587193e-023 2.99931736e-035 4.37418469e-043
  1.00000000e+000]
 [5.19031224e-064 2.41578738e-020 2.71774217e-026 2.21366237e-007
  6.00574867e-035 1.00000000e+000 6.51186202e-035 4.79303354e-009
  4.09855046e-075 2.05425755e-053 1.64214790e-025 1.18318180e-060
  3.20065432e-046 2.10775485e-065 2.70091532e-020 3.13431423e-013
  5.58354067e-018 1.41183386e-034 1.59042783e-005 1.78789528e-046
  1.00000000e+000]
 [6.42691715e-073 4.00910715e-042 5.80746811e-057 8.34762409e-031
  3.14080845e-080 6.51186202e-035 1.00000000e+000 2.14082726e-051
  2.53791149e-051 4.53061977e-058 3.09429268e-036 1.36817796e-097
  7.74944016e-036 1.72062810e-069 4.28527538e-058 7.25151048e-035
  5.93273894e-013 4.02375852e-083 2.65866176e-041 3.69384800e-051
  1.00000000e+000]
 [1.02563575e-055 1.86979393e-021 3.85534578e-045 7.79992120e-023
  9.20239794e-054 4.79303354e-009 2.14082726e-051 1.00000000e+000
  2.36721954e-104 1.37031933e-060 1.05725714e-035 2.94813528e-072
  2.28055374e-052 1.29180884e-072 6.54763655e-041 1.87943564e-016
  1.22947846e-032 1.52305915e-041 4.43114767e-018 6.52049155e-058
  1.00000000e+000]
 [1.22124833e-047 4.58189247e-059 1.73229166e-050 2.97200107e-039
  2.69087955e-054 4.09855046e-075 2.53791149e-051 2.36721954e-104
  1.00000000e+000 1.04193337e-024 3.48761250e-039 7.25767087e-041
  1.83176304e-035 5.54695225e-029 8.57161538e-071 7.25138733e-084
  2.50367670e-038 3.70167700e-053 2.89565621e-083 5.87273944e-051
  1.00000000e+000]
 [5.27029721e-022 1.59526865e-018 8.79082806e-042 3.70427340e-029
  1.38573875e-045 2.05425755e-053 4.53061977e-058 1.37031933e-060
  1.04193337e-024 1.00000000e+000 3.53609564e-039 3.49850577e-034
  7.44093656e-034 1.12891093e-026 9.46026677e-079 5.87840212e-048
  7.89071073e-036 3.58839993e-038 3.00878402e-073 1.83214066e-041
  1.00000000e+000]
 [2.69059118e-033 9.70156979e-037 9.36481710e-022 1.52553157e-017
  1.90224767e-021 1.64214790e-025 3.09429268e-036 1.05725714e-035
  3.48761250e-039 3.53609564e-039 1.00000000e+000 4.67362976e-046
  4.23764398e-007 2.97299291e-017 3.24536555e-029 5.57538592e-053
  2.78348066e-024 6.77942876e-028 7.51746039e-023 5.00314476e-022
  1.00000000e+000]
 [1.55359080e-028 1.60810746e-059 3.82010484e-065 2.96337742e-035
  5.06372187e-051 1.18318180e-060 1.36817796e-097 2.94813528e-072
  7.25767087e-041 3.49850577e-034 4.67362976e-046 1.00000000e+000
  6.38893080e-059 1.96547336e-031 5.28988275e-043 4.89909124e-070
  4.87333074e-048 4.42812895e-023 7.12496853e-067 5.75413309e-058
  1.00000000e+000]
 [1.00355590e-025 5.45712245e-042 1.73830028e-037 3.21847860e-033
  2.78284711e-039 3.20065432e-046 7.74944016e-036 2.28055374e-052
  1.83176304e-035 7.44093656e-034 4.23764398e-007 6.38893080e-059
  1.00000000e+000 1.16278754e-011 2.72659869e-057 1.43844696e-066
  4.52383196e-031 5.58961275e-047 8.48895919e-047 3.87043352e-020
  1.00000000e+000]
 [1.12918534e-014 1.31819126e-054 8.05275366e-050 2.09846742e-041
  6.48624864e-039 2.10775485e-065 1.72062810e-069 1.29180884e-072
  5.54695225e-029 1.12891093e-026 2.97299291e-017 1.96547336e-031
  1.16278754e-011 1.00000000e+000 2.25182217e-061 4.71397678e-085
  5.58673072e-045 1.51769899e-039 5.27661649e-066 7.53671830e-022
  1.00000000e+000]
 [1.86573737e-074 2.89219253e-063 5.79492974e-047 2.71645168e-018
  2.07592459e-041 2.70091532e-020 4.28527538e-058 6.54763655e-041
  8.57161538e-071 9.46026677e-079 3.24536555e-029 5.28988275e-043
  2.72659869e-057 2.25182217e-061 1.00000000e+000 4.44383868e-046
  4.65611282e-027 8.73219744e-039 6.31042085e-011 7.08618881e-049
  1.00000000e+000]
 [1.98179679e-065 1.87579026e-016 2.89810805e-056 3.32957869e-018
  3.97931438e-071 3.13431423e-013 7.25151048e-035 1.87943564e-016
  7.25138733e-084 5.87840212e-048 5.57538592e-053 4.89909124e-070
  1.43844696e-066 4.71397678e-085 4.44383868e-046 1.00000000e+000
  4.01468933e-017 1.14031827e-059 1.93909710e-028 7.05779598e-059
  1.00000000e+000]
 [1.89728155e-044 1.39888318e-027 1.37596061e-045 1.68032928e-010
  5.49623916e-055 5.58354067e-018 5.93273894e-013 1.22947846e-032
  2.50367670e-038 7.89071073e-036 2.78348066e-024 4.87333074e-048
  4.52383196e-031 5.58673072e-045 4.65611282e-027 4.01468933e-017
  1.00000000e+000 1.06731157e-050 6.52928822e-023 1.82970796e-029
  1.00000000e+000]
 [2.93815449e-039 1.92532444e-037 2.60744555e-025 6.55752048e-023
  9.49587193e-023 1.41183386e-034 4.02375852e-083 1.52305915e-041
  3.70167700e-053 3.58839993e-038 6.77942876e-028 4.42812895e-023
  5.58961275e-047 1.51769899e-039 8.73219744e-039 1.14031827e-059
  1.06731157e-050 1.00000000e+000 2.49222710e-043 1.36827878e-069
  1.00000000e+000]
 [1.93809886e-075 1.89977723e-040 1.87576331e-032 1.63439146e-013
  2.99931736e-035 1.59042783e-005 2.65866176e-041 4.43114767e-018
  2.89565621e-083 3.00878402e-073 7.51746039e-023 7.12496853e-067
  8.48895919e-047 5.27661649e-066 6.31042085e-011 1.93909710e-028
  6.52928822e-023 2.49222710e-043 1.00000000e+000 9.42023190e-042
  1.00000000e+000]
 [3.07431975e-041 1.95472432e-048 1.54322163e-052 8.79254448e-034
  4.37418469e-043 1.78789528e-046 3.69384800e-051 6.52049155e-058
  5.87273944e-051 1.83214066e-041 5.00314476e-022 5.75413309e-058
  3.87043352e-020 7.53671830e-022 7.08618881e-049 7.05779598e-059
  1.82970796e-029 1.36827878e-069 9.42023190e-042 1.00000000e+000
  1.00000000e+000]
 [1.00000000e+000 1.00000000e+000 1.00000000e+000 1.00000000e+000
  1.00000000e+000 1.00000000e+000 1.00000000e+000 1.00000000e+000
  1.00000000e+000 1.00000000e+000 1.00000000e+000 1.00000000e+000
  1.00000000e+000 1.00000000e+000 1.00000000e+000 1.00000000e+000
  1.00000000e+000 1.00000000e+000 1.00000000e+000 1.00000000e+000
  0.00000000e+000]]
