[[1.00000000e+000 1.39904803e-058 2.57592858e-067 1.27793316e-036
  4.51095358e-018 4.15691851e-057 1.20631577e-041 1.79134701e-042
  7.07459155e-014 2.20621426e-069 8.27741077e-045 7.53430902e-067
  3.60486927e-074 1.65967384e-077 6.42270654e-100 1.46043731e-066
  1.56548196e-038 1.88571397e-059 8.26834846e-040 1.18598351e-043
  1.00000000e+000]
 [1.39904803e-058 1.00000000e+000 1.89913245e-097 1.21383307e-051
  2.11590766e-081 1.68641538e-038 3.74588538e-048 5.63738729e-020
  1.18082911e-045 2.66620545e-073 4.20772532e-029 4.09066507e-032
  2.10521524e-047 6.60738943e-087 5.67383939e-074 8.33179881e-092
  2.28915931e-039 1.17135736e-058 2.18135363e-028 1.54160694e-054
  1.00000000e+000]
 [2.57592858e-067 1.89913245e-097 1.00000000e+000 3.55579868e-023
  2.86804838e-064 3.89699958e-042 1.88018414e-109 1.59119271e-050
  6.14479695e-050 3.44875678e-052 2.28859908e-059 1.91799076e-058
  3.22301781e-020 1.15116613e-083 2.51380402e-035 1.56112046e-052
  6.26472109e-041 4.15776023e-061 4.39839381e-091 4.13355742e-023
  1.00000000e+000]
 [1.27793316e-036 1.21383307e-051 3.55579868e-023 1.00000000e+000
  2.72488107e-054 8.12028882e-045 4.80220441e-066 3.88472201e-023
  1.67957533e-031 2.91358197e-042 1.23221187e-026 1.23283883e-017
  3.84220577e-024 4.53244708e-072 3.26282904e-048 2.97848789e-044
  6.44394021e-007 1.06563397e-065 9.49736902e-049 2.08747052e-006
  1.00000000e+000]
 [4.51095358e-018 2.11590766e-081 2.86804838e-064 2.72488107e-054
  1.00000000e+000 4.46688497e-040 7.98057605e-033 2.47566278e-049
  1.22533188e-032 8.89673614e-050 2.10885380e-050 7.72093121e-101
  2.32657841e-066 2.46834863e-053 7.63631251e-075 2.25071863e-042
  1.41441432e-050 1.03250528e-055 5.04112758e-056 1.21142908e-048
  1.00000000e+000]
 [4.15691851e-057 1.68641538e-038 3.89699958e-042 8.12028882e-045
  4.46688497e-040 1.00000000e+000 5.41069514e-056 6.13282508e-028
  8.97614918e-046 5.65901189e-048 8.02231505e-035 9.82840069e-058
  6.13754880e-016 2.67121084e-066 1.58854281e-028 2.30488438e-049
  4.37759640e-043 5.91614280e-044 6.05499811e-060 2.36126382e-031
  1.00000000e+000]
 [1.20631577e-041 3.74588538e-048 1.88018414e-109 4.80220441e-066
  7.98057605e-033 5.41069514e-056 1.00000000e+000 1.77699133e-025
  9.86346193e-053 3.19016591e-031 5.94235872e-026 2.58493200e-092
  2.42864021e-072 9.46581054e-030 9.60048469e-079 5.84186116e-058
  3.44034468e-039 6.20527871e-057 4.67952028e-023 1.40754279e-070
  1.00000000e+000]
 [1.79134701e-042 5.63738729e-020 1.59119271e-050 3.88472201e-023
  2.47566278e-049 6.13282508e-028 1.77699133e-025 1.00000000e+000
  1.42816927e-033 2.91772678e-020 2.46506261e-006 6.69477108e-034
  1.71303328e-020 1.46357246e-036 5.51064812e-037 4.73605818e-050
  5.84602082e-011 1.46810608e-035 7.97138625e-018 1.40985962e-030
  1.00000000e+000]
 [7.07459155e-014 1.18082911e-045 6.14479695e-050 1.67957533e-031
  1.22533188e-032 8.97614918e-046 9.86346193e-053 1.42816927e-033
  1.00000000e+000 1.14471218e-059 3.25381632e-051 6.31731819e-049
  4.09040406e-052 1.51726722e-060 9.88959708e-066 2.34783171e-050
  2.02467218e-038 1.52057540e-025 2.99484833e-024 2.26185634e-038
  1.00000000e+000]
 [2.20621426e-069 2.66620545e-073 3.44875678e-052 2.91358197e-042
  8.89673614e-050 5.65901189e-048 3.19016591e-031 2.91772678e-020
  1.14471218e-059 1.00000000e+000 3.34774882e-027 4.94106041e-079
  1.43732522e-031 1.78441419e-010 1.47479393e-026 4.44208055e-030
  3.35191605e-026 7.51299513e-042 1.40721719e-038 2.32141326e-047
  1.00000000e+000]
 [8.27741077e-045 4.20772532e-029 2.28859908e-059 1.23221187e-026
  2.10885380e-050 8.02231505e-035 5.94235872e-026 2.46506261e-006
  3.25381632e-051 3.34774882e-027 1.00000000e+000 1.38561703e-043
  7.45271103e-030 2.88275308e-053 2.57969658e-056 9.53693056e-067
  3.83966562e-011 2.82147132e-063 3.58204076e-035 3.57412968e-034
  1.00000000e+000]
 [7.53430902e-067 4.09066507e-032 1.91799076e-058 1.23283883e-017
  7.72093121e-101 9.82840069e-058 2.58493200e-092 6.69477108e-034
  6.31731819e-049 4.94106041e-079 1.38561703e-043 1.00000000e+000
  2.47167638e-036 1.18326831e-109 2.64146320e-065 2.03090831e-073
  6.79692155e-023 3.92676590e-086 5.03522480e-055 6.57421638e-021
  1.00000000e+000]
 [3.60486927e-074 2.10521524e-047 3.22301781e-020 3.84220577e-024
  2.32657841e-066 6.13754880e-016 2.42864021e-072 1.71303328e-020
  4.09040406e-052 1.43732522e-031 7.45271103e-030 2.47167638e-036
  1.00000000e+000 7.47471091e-059 5.51718983e-012 7.15525863e-043
  1.40622568e-025 4.58758150e-046 1.39206975e-059 1.91152410e-019
  1.00000000e+000]
 [1.65967384e-077 6.60738943e-087 1.15116613e-083 4.53244708e-072
  2.46834863e-053 2.67121084e-066 9.46581054e-030 1.46357246e-036
  1.51726722e-060 1.78441419e-010 2.88275308e-053 1.18326831e-109
  7.47471091e-059 1.00000000e+000 2.16246918e-039 6.51140140e-032
  3.87588307e-052 2.19450751e-031 3.71814359e-032 2.29772481e-077
  1.00000000e+000]
 [6.42270654e-100 5.67383939e-074 2.51380402e-035 3.26282904e-048
  7.63631251e-075 1.58854281e-028 9.60048469e-079 5.51064812e-037
  9.88959708e-066 1.47479393e-026 2.57969658e-056 2.64146320e-065
  5.51718983e-012 2.16246918e-039 1.00000000e+000 5.52416452e-026
  1.60429048e-046 4.06844363e-039 7.68537280e-065 1.36220048e-038
  1.00000000e+000]
 [1.46043731e-066 8.33179881e-092 1.56112046e-052 2.97848789e-044
  2.25071863e-042 2.30488438e-049 5.84186116e-058 4.73605818e-050
  2.34783171e-050 4.44208055e-030 9.53693056e-067 2.03090831e-073
  7.15525863e-043 6.51140140e-032 5.52416452e-026 1.00000000e+000
  5.72926675e-042 1.73554826e-053 2.72744104e-056 1.01875546e-032
  1.00000000e+000]
 [1.56548196e-038 2.28915931e-039 6.26472109e-041 6.44394021e-007
  1.41441432e-050 4.37759640e-043 3.44034468e-039 5.84602082e-011
  2.02467218e-038 3.35191605e-026 3.83966562e-011 6.79692155e-023
  1.40622568e-025 3.87588307e-052 1.60429048e-046 5.72926675e-042
  1.00000000e+000 1.61995015e-063 6.94829583e-034 9.43825055e-014
  1.00000000e+000]
 [1.88571397e-059 1.17135736e-058 4.15776023e-061 1.06563397e-065
  1.03250528e-055 5.91614280e-044 6.20527871e-057 1.46810608e-035
  1.52057540e-025 7.51299513e-042 2.82147132e-063 3.92676590e-086
  4.58758150e-046 2.19450751e-031 4.06844363e-039 1.73554826e-053
  1.61995015e-063 1.00000000e+000 8.04301587e-027 5.94407184e-072
  1.00000000e+000]
 [8.26834846e-040 2.18135363e-028 4.39839381e-091 9.49736902e-049
  5.04112758e-056 6.05499811e-060 4.67952028e-023 7.97138625e-018
  2.99484833e-024 1.40721719e-038 3.58204076e-035 5.03522480e-055
  1.39206975e-059 3.71814359e-032 7.68537280e-065 2.72744104e-056
  6.94829583e-034 8.04301587e-027 1.00000000e+000 1.67150518e-061
  1.00000000e+000]
 [1.18598351e-043 1.54160694e-054 4.13355742e-023 2.08747052e-006
  1.21142908e-048 2.36126382e-031 1.40754279e-070 1.40985962e-030
  2.26185634e-038 2.32141326e-047 3.57412968e-034 6.57421638e-021
  1.91152410e-019 2.29772481e-077 1.36220048e-038 1.01875546e-032
  9.43825055e-014 5.94407184e-072 1.67150518e-061 1.00000000e+000
  1.00000000e+000]
 [1.00000000e+000 1.00000000e+000 1.00000000e+000 1.00000000e+000
  1.00000000e+000 1.00000000e+000 1.00000000e+000 1.00000000e+000
  1.00000000e+000 1.00000000e+000 1.00000000e+000 1.00000000e+000
  1.00000000e+000 1.00000000e+000 1.00000000e+000 1.00000000e+000
  1.00000000e+000 1.00000000e+000 1.00000000e+000 1.00000000e+000
  0.00000000e+000]]
