[[1.00000000e+00 6.74173204e-23 1.72664297e-54 ... 4.23523046e-28
  1.79451342e-61 1.00000000e+00]
 [6.74173204e-23 1.00000000e+00 2.95822107e-53 ... 7.47499979e-24
  4.06367701e-70 1.00000000e+00]
 [1.72664297e-54 2.95822107e-53 1.00000000e+00 ... 3.53745534e-19
  7.03575288e-34 1.00000000e+00]
 ...
 [4.23523046e-28 7.47499979e-24 3.53745534e-19 ... 1.00000000e+00
  3.77841471e-44 1.00000000e+00]
 [1.79451342e-61 4.06367701e-70 7.03575288e-34 ... 3.77841471e-44
  1.00000000e+00 1.00000000e+00]
 [1.00000000e+00 1.00000000e+00 1.00000000e+00 ... 1.00000000e+00
  1.00000000e+00 0.00000000e+00]]
