[[1.00000000e+000 1.94696651e-041 1.98183220e-017 1.58264950e-051
  6.52163050e-050 3.10034661e-052 2.36654695e-043 1.80071410e-029
  1.92835565e-033 1.50575580e-028 1.96103999e-047 8.63277666e-030
  6.29514701e-060 7.50926585e-050 1.91676433e-029 3.82123438e-008
  5.26303027e-027 7.83736757e-041 7.61102016e-016 5.63227609e-009
  1.00000000e+000]
 [1.94696651e-041 1.00000000e+000 8.10468285e-039 2.83243110e-007
  3.75760308e-033 4.99259868e-061 1.07590725e-012 2.85695648e-015
  1.09574387e-051 1.55860694e-019 1.51106366e-028 1.78354010e-035
  1.22034171e-033 3.21664079e-015 1.10025467e-067 2.85604328e-048
  5.39136704e-027 2.63618487e-041 6.02521313e-033 6.62061008e-030
  1.00000000e+000]
 [1.98183220e-017 8.10468285e-039 1.00000000e+000 1.47120063e-052
  2.93331673e-063 2.14849141e-041 1.40468100e-035 9.87285756e-023
  5.77180461e-028 1.85227466e-026 1.95632300e-051 2.63349955e-056
  2.16897654e-055 4.45299915e-046 1.97504001e-032 1.26947629e-020
  5.27289412e-053 4.40818894e-016 2.67818861e-018 4.66851130e-013
  1.00000000e+000]
 [1.58264950e-051 2.83243110e-007 1.47120063e-052 1.00000000e+000
  1.97782036e-055 1.96706902e-096 3.74393866e-023 3.28274533e-031
  7.30140169e-081 8.48792660e-028 2.09469858e-058 1.20206584e-035
  2.77429396e-054 4.75908477e-040 3.61635913e-086 7.06377812e-051
  3.42365568e-017 8.00068014e-052 1.14788480e-045 3.84533687e-041
  1.00000000e+000]
 [6.52163050e-050 3.75760308e-033 2.93331673e-063 1.97782036e-055
  1.00000000e+000 7.44563035e-025 2.05735613e-049 7.99189649e-037
  3.61051548e-046 3.78155116e-040 5.48036986e-023 3.22635066e-052
  4.08300251e-047 5.04792023e-025 2.33278482e-064 2.00777934e-072
  3.67504984e-058 1.05942872e-058 7.93063842e-057 2.40581067e-051
  1.00000000e+000]
 [3.10034661e-052 4.99259868e-061 2.14849141e-041 1.96706902e-096
  7.44563035e-025 1.00000000e+000 5.16427337e-067 1.31222998e-035
  2.58117248e-023 1.79756197e-045 2.72542692e-034 3.57581975e-081
  6.79661348e-071 3.25309487e-039 9.74231268e-039 9.46588660e-081
  8.49435471e-101 3.14933053e-036 9.24623389e-048 1.74697357e-055
  1.00000000e+000]
 [2.36654695e-043 1.07590725e-012 1.40468100e-035 3.74393866e-023
  2.05735613e-049 5.16427337e-067 1.00000000e+000 6.28503158e-015
  7.09748342e-035 2.36423841e-017 2.81066830e-043 1.14764722e-069
  5.02837530e-036 7.30749889e-015 7.32383344e-063 1.24258279e-042
  4.25955692e-044 1.02517763e-044 7.86168802e-046 9.00789236e-021
  1.00000000e+000]
 [1.80071410e-029 2.85695648e-015 9.87285756e-023 3.28274533e-031
  7.99189649e-037 1.31222998e-035 6.28503158e-015 1.00000000e+000
  7.25659720e-016 2.60692393e-005 4.11058027e-033 3.81247172e-043
  1.13167372e-057 2.32009406e-016 9.91739806e-025 1.39786001e-045
  2.17770607e-041 1.59227733e-020 2.21516049e-016 2.13235184e-024
  1.00000000e+000]
 [1.92835565e-033 1.09574387e-051 5.77180461e-028 7.30140169e-081
  3.61051548e-046 2.58117248e-023 7.09748342e-035 7.25659720e-016
  1.00000000e+000 2.39102406e-021 3.73870689e-046 5.99695753e-081
  1.24076345e-074 1.27845985e-030 1.83150400e-016 6.95626634e-053
  1.26888025e-079 1.66849805e-032 9.46203542e-034 1.82710139e-029
  1.00000000e+000]
 [1.50575580e-028 1.55860694e-019 1.85227466e-026 8.48792660e-028
  3.78155116e-040 1.79756197e-045 2.36423841e-017 2.60692393e-005
  2.39102406e-021 1.00000000e+000 4.27916052e-053 4.68806828e-043
  5.95907986e-073 1.15190230e-029 2.14467991e-021 1.20533614e-040
  5.29435804e-031 3.01961005e-017 4.96211032e-023 8.76035378e-026
  1.00000000e+000]
 [1.96103999e-047 1.51106366e-028 1.95632300e-051 2.09469858e-058
  5.48036986e-023 2.72542692e-034 2.81066830e-043 4.11058027e-033
  3.73870689e-046 4.27916052e-053 1.00000000e+000 2.38984174e-053
  2.14700020e-023 4.02723937e-012 1.34309388e-077 9.34025813e-069
  2.09657053e-071 2.23665936e-071 3.13964072e-041 6.56437269e-042
  1.00000000e+000]
 [8.63277666e-030 1.78354010e-035 2.63349955e-056 1.20206584e-035
  3.22635066e-052 3.57581975e-081 1.14764722e-069 3.81247172e-043
  5.99695753e-081 4.68806828e-043 2.38984174e-053 1.00000000e+000
  9.46986916e-088 3.47702723e-065 1.08045488e-059 2.31784227e-049
  5.07904924e-016 4.76325127e-062 3.76871013e-021 1.63268738e-050
  1.00000000e+000]
 [6.29514701e-060 1.22034171e-033 2.16897654e-055 2.77429396e-054
  4.08300251e-047 6.79661348e-071 5.02837530e-036 1.13167372e-057
  1.24076345e-074 5.95907986e-073 2.14700020e-023 9.46986916e-088
  1.00000000e+000 5.79288279e-025 4.37254557e-123 2.75210092e-056
  2.20402756e-077 2.11661831e-090 1.20336759e-075 4.43454530e-035
  1.00000000e+000]
 [7.50926585e-050 3.21664079e-015 4.45299915e-046 4.75908477e-040
  5.04792023e-025 3.25309487e-039 7.30749889e-015 2.32009406e-016
  1.27845985e-030 1.15190230e-029 4.02723937e-012 3.47702723e-065
  5.79288279e-025 1.00000000e+000 2.44182957e-066 2.35595873e-064
  5.52968928e-063 7.21058166e-056 2.33274719e-044 2.53370397e-033
  1.00000000e+000]
 [1.91676433e-029 1.10025467e-067 1.97504001e-032 3.61635913e-086
  2.33278482e-064 9.74231268e-039 7.32383344e-063 9.91739806e-025
  1.83150400e-016 2.14467991e-021 1.34309388e-077 1.08045488e-059
  4.37254557e-123 2.44182957e-066 1.00000000e+000 2.66889427e-054
  6.92646900e-066 3.47028704e-025 1.69728777e-023 5.62418696e-044
  1.00000000e+000]
 [3.82123438e-008 2.85604328e-048 1.26947629e-020 7.06377812e-051
  2.00777934e-072 9.46588660e-081 1.24258279e-042 1.39786001e-045
  6.95626634e-053 1.20533614e-040 9.34025813e-069 2.31784227e-049
  2.75210092e-056 2.35595873e-064 2.66889427e-054 1.00000000e+000
  1.68672130e-029 1.71039172e-052 7.03314275e-035 6.64349339e-007
  1.00000000e+000]
 [5.26303027e-027 5.39136704e-027 5.27289412e-053 3.42365568e-017
  3.67504984e-058 8.49435471e-101 4.25955692e-044 2.17770607e-041
  1.26888025e-079 5.29435804e-031 2.09657053e-071 5.07904924e-016
  2.20402756e-077 5.52968928e-063 6.92646900e-066 1.68672130e-029
  1.00000000e+000 3.32029239e-060 3.96738880e-036 3.22508223e-034
  1.00000000e+000]
 [7.83736757e-041 2.63618487e-041 4.40818894e-016 8.00068014e-052
  1.05942872e-058 3.14933053e-036 1.02517763e-044 1.59227733e-020
  1.66849805e-032 3.01961005e-017 2.23665936e-071 4.76325127e-062
  2.11661831e-090 7.21058166e-056 3.47028704e-025 1.71039172e-052
  3.32029239e-060 1.00000000e+000 3.16586707e-028 1.77890527e-040
  1.00000000e+000]
 [7.61102016e-016 6.02521313e-033 2.67818861e-018 1.14788480e-045
  7.93063842e-057 9.24623389e-048 7.86168802e-046 2.21516049e-016
  9.46203542e-034 4.96211032e-023 3.13964072e-041 3.76871013e-021
  1.20336759e-075 2.33274719e-044 1.69728777e-023 7.03314275e-035
  3.96738880e-036 3.16586707e-028 1.00000000e+000 8.68834004e-027
  1.00000000e+000]
 [5.63227609e-009 6.62061008e-030 4.66851130e-013 3.84533687e-041
  2.40581067e-051 1.74697357e-055 9.00789236e-021 2.13235184e-024
  1.82710139e-029 8.76035378e-026 6.56437269e-042 1.63268738e-050
  4.43454530e-035 2.53370397e-033 5.62418696e-044 6.64349339e-007
  3.22508223e-034 1.77890527e-040 8.68834004e-027 1.00000000e+000
  1.00000000e+000]
 [1.00000000e+000 1.00000000e+000 1.00000000e+000 1.00000000e+000
  1.00000000e+000 1.00000000e+000 1.00000000e+000 1.00000000e+000
  1.00000000e+000 1.00000000e+000 1.00000000e+000 1.00000000e+000
  1.00000000e+000 1.00000000e+000 1.00000000e+000 1.00000000e+000
  1.00000000e+000 1.00000000e+000 1.00000000e+000 1.00000000e+000
  0.00000000e+000]]
