[[1.00000000e+000 2.58616061e-071 2.57010731e-058 ... 6.38761187e-057
  1.41976249e-121 1.00000000e+000]
 [2.58616061e-071 1.00000000e+000 2.73100657e-032 ... 3.52395168e-027
  1.39766249e-051 1.00000000e+000]
 [2.57010731e-058 2.73100657e-032 1.00000000e+000 ... 1.40308366e-027
  2.10538272e-054 1.00000000e+000]
 ...
 [6.38761187e-057 3.52395168e-027 1.40308366e-027 ... 1.00000000e+000
  3.11291270e-047 1.00000000e+000]
 [1.41976249e-121 1.39766249e-051 2.10538272e-054 ... 3.11291270e-047
  1.00000000e+000 1.00000000e+000]
 [1.00000000e+000 1.00000000e+000 1.00000000e+000 ... 1.00000000e+000
  1.00000000e+000 0.00000000e+000]]
