[[1.00000000e+000 4.61881137e-011 9.71668018e-049 1.78391779e-075
  1.36957265e-030 8.70025759e-049 2.46659455e-034 4.07523123e-032
  4.89727831e-019 8.51741342e-020 2.05801968e-065 2.98841718e-032
  1.75135479e-010 6.81612656e-022 3.35524577e-031 3.73220705e-059
  1.98362829e-034 2.03274128e-041 2.25404334e-053 4.61177173e-042
  1.00000000e+000]
 [4.61881137e-011 1.00000000e+000 3.66259704e-050 4.96161678e-058
  1.47904416e-020 3.74386766e-033 9.62706537e-033 2.11028610e-025
  3.72586355e-028 2.30083839e-044 1.07408062e-072 8.75463561e-009
  7.41980585e-022 2.84737611e-010 4.84842798e-030 6.54955266e-035
  1.19735600e-011 1.03838883e-052 2.09087511e-062 1.17645707e-024
  1.00000000e+000]
 [9.71668018e-049 3.66259704e-050 1.00000000e+000 2.51700034e-046
  1.58688990e-061 2.07287676e-038 1.02972408e-015 6.10655080e-036
  3.07234951e-079 1.36694595e-060 4.40460282e-019 5.88543542e-074
  1.31651067e-034 1.13658050e-035 1.09310545e-025 4.71176804e-051
  6.11557522e-051 4.73030672e-049 1.58541636e-057 8.95186918e-024
  1.00000000e+000]
 [1.78391779e-075 4.96161678e-058 2.51700034e-046 1.00000000e+000
  1.83982192e-040 7.15650033e-038 6.10994053e-037 6.44447173e-037
  2.30575288e-110 2.66659965e-076 1.92380012e-071 2.07897322e-052
  9.48741026e-096 1.74466752e-062 1.89227435e-045 9.94401750e-029
  4.01162832e-066 8.79263315e-052 2.13755210e-036 5.85774481e-058
  1.00000000e+000]
 [1.36957265e-030 1.47904416e-020 1.58688990e-061 1.83982192e-040
  1.00000000e+000 1.72098281e-049 1.92117227e-040 2.81058586e-044
  3.39974755e-070 3.49307160e-060 4.60543171e-103 1.09301887e-030
  9.91628644e-059 9.04841553e-024 4.43030184e-062 1.54433566e-058
  2.92049121e-038 1.28133773e-078 1.29975314e-073 5.03016205e-053
  1.00000000e+000]
 [8.70025759e-049 3.74386766e-033 2.07287676e-038 7.15650033e-038
  1.72098281e-049 1.00000000e+000 9.07951098e-046 4.10392982e-005
  2.09489446e-047 1.49279785e-050 6.56905680e-065 2.82356816e-037
  1.12204451e-047 5.81540645e-024 2.72105307e-028 1.10081337e-040
  6.47338224e-020 1.37892319e-031 2.71438789e-066 2.03520421e-017
  1.00000000e+000]
 [2.46659455e-034 9.62706537e-033 1.02972408e-015 6.10994053e-037
  1.92117227e-040 9.07951098e-046 1.00000000e+000 1.96208602e-033
  1.33069665e-061 2.64356948e-052 1.40676162e-017 1.04390554e-045
  3.12578288e-035 4.81345958e-034 2.04614512e-033 9.84995383e-030
  1.37951987e-049 1.93565178e-050 1.56582719e-036 4.66812777e-026
  1.00000000e+000]
 [4.07523123e-032 2.11028610e-025 6.10655080e-036 6.44447173e-037
  2.81058586e-044 4.10392982e-005 1.96208602e-033 1.00000000e+000
  7.59129472e-029 6.26174934e-029 5.27202834e-050 8.21258572e-031
  1.43966615e-034 1.36595144e-024 9.15036486e-022 4.00308159e-034
  1.84379176e-024 2.16626055e-017 8.17948311e-044 1.63631774e-019
  1.00000000e+000]
 [4.89727831e-019 3.72586355e-028 3.07234951e-079 2.30575288e-110
  3.39974755e-070 2.09489446e-047 1.33069665e-061 7.59129472e-029
  1.00000000e+000 7.17661146e-024 1.21862896e-077 4.53470368e-043
  6.67985676e-021 2.53613260e-039 1.50589755e-048 2.14671979e-075
  8.62666125e-043 7.28082282e-040 5.02100968e-074 4.35975814e-047
  1.00000000e+000]
 [8.51741342e-020 2.30083839e-044 1.36694595e-060 2.66659965e-076
  3.49307160e-060 1.49279785e-050 2.64356948e-052 6.26174934e-029
  7.17661146e-024 1.00000000e+000 2.40064007e-067 2.54177849e-066
  4.75888335e-031 9.22672672e-056 6.73075777e-038 3.79609607e-080
  2.47866623e-071 5.22788658e-016 3.98236939e-037 3.24240314e-069
  1.00000000e+000]
 [2.05801968e-065 1.07408062e-072 4.40460282e-019 1.92380012e-071
  4.60543171e-103 6.56905680e-065 1.40676162e-017 5.27202834e-050
  1.21862896e-077 2.40064007e-067 1.00000000e+000 2.92236913e-090
  4.86086144e-046 3.05529303e-070 1.30731174e-039 5.53886430e-051
  5.64311523e-084 5.39141950e-051 5.68568760e-047 5.02147044e-040
  1.00000000e+000]
 [2.98841718e-032 8.75463561e-009 5.88543542e-074 2.07897322e-052
  1.09301887e-030 2.82356816e-037 1.04390554e-045 8.21258572e-031
  4.53470368e-043 2.54177849e-066 2.92236913e-090 1.00000000e+000
  1.01261080e-049 3.14310867e-027 3.38577877e-040 1.37788505e-021
  1.10438136e-017 1.14973358e-061 7.65909581e-063 9.76559541e-035
  1.00000000e+000]
 [1.75135479e-010 7.41980585e-022 1.31651067e-034 9.48741026e-096
  9.91628644e-059 1.12204451e-047 3.12578288e-035 1.43966615e-034
  6.67985676e-021 4.75888335e-031 4.86086144e-046 1.01261080e-049
  1.00000000e+000 2.00399272e-022 1.46004377e-026 4.79395216e-067
  1.80082203e-033 1.22039091e-044 4.13161594e-070 5.42403808e-029
  1.00000000e+000]
 [6.81612656e-022 2.84737611e-010 1.13658050e-035 1.74466752e-062
  9.04841553e-024 5.81540645e-024 4.81345958e-034 1.36595144e-024
  2.53613260e-039 9.22672672e-056 3.05529303e-070 3.14310867e-027
  2.00399272e-022 1.00000000e+000 2.31145655e-038 2.29381523e-053
  1.51428267e-007 2.58993082e-064 4.94886969e-089 5.29582107e-013
  1.00000000e+000]
 [3.35524577e-031 4.84842798e-030 1.09310545e-025 1.89227435e-045
  4.43030184e-062 2.72105307e-028 2.04614512e-033 9.15036486e-022
  1.50589755e-048 6.73075777e-038 1.30731174e-039 3.38577877e-040
  1.46004377e-026 2.31145655e-038 1.00000000e+000 5.28999061e-028
  2.65452295e-035 2.83570995e-018 2.58224886e-032 9.11695041e-031
  1.00000000e+000]
 [3.73220705e-059 6.54955266e-035 4.71176804e-051 9.94401750e-029
  1.54433566e-058 1.10081337e-040 9.84995383e-030 4.00308159e-034
  2.14671979e-075 3.79609607e-080 5.53886430e-051 1.37788505e-021
  4.79395216e-067 2.29381523e-053 5.28999061e-028 1.00000000e+000
  2.17659247e-042 3.56776874e-050 2.15634527e-034 8.03428583e-036
  1.00000000e+000]
 [1.98362829e-034 1.19735600e-011 6.11557522e-051 4.01162832e-066
  2.92049121e-038 6.47338224e-020 1.37951987e-049 1.84379176e-024
  8.62666125e-043 2.47866623e-071 5.64311523e-084 1.10438136e-017
  1.80082203e-033 1.51428267e-007 2.65452295e-035 2.17659247e-042
  1.00000000e+000 1.02031966e-065 3.50430936e-095 5.88525713e-013
  1.00000000e+000]
 [2.03274128e-041 1.03838883e-052 4.73030672e-049 8.79263315e-052
  1.28133773e-078 1.37892319e-031 1.93565178e-050 2.16626055e-017
  7.28082282e-040 5.22788658e-016 5.39141950e-051 1.14973358e-061
  1.22039091e-044 2.58993082e-064 2.83570995e-018 3.56776874e-050
  1.02031966e-065 1.00000000e+000 4.75298675e-022 1.13375456e-056
  1.00000000e+000]
 [2.25404334e-053 2.09087511e-062 1.58541636e-057 2.13755210e-036
  1.29975314e-073 2.71438789e-066 1.56582719e-036 8.17948311e-044
  5.02100968e-074 3.98236939e-037 5.68568760e-047 7.65909581e-063
  4.13161594e-070 4.94886969e-089 2.58224886e-032 2.15634527e-034
  3.50430936e-095 4.75298675e-022 1.00000000e+000 2.15039804e-080
  1.00000000e+000]
 [4.61177173e-042 1.17645707e-024 8.95186918e-024 5.85774481e-058
  5.03016205e-053 2.03520421e-017 4.66812777e-026 1.63631774e-019
  4.35975814e-047 3.24240314e-069 5.02147044e-040 9.76559541e-035
  5.42403808e-029 5.29582107e-013 9.11695041e-031 8.03428583e-036
  5.88525713e-013 1.13375456e-056 2.15039804e-080 1.00000000e+000
  1.00000000e+000]
 [1.00000000e+000 1.00000000e+000 1.00000000e+000 1.00000000e+000
  1.00000000e+000 1.00000000e+000 1.00000000e+000 1.00000000e+000
  1.00000000e+000 1.00000000e+000 1.00000000e+000 1.00000000e+000
  1.00000000e+000 1.00000000e+000 1.00000000e+000 1.00000000e+000
  1.00000000e+000 1.00000000e+000 1.00000000e+000 1.00000000e+000
  0.00000000e+000]]
