[[1.00000000e+00 5.62676567e-30 2.01072605e-46 ... 2.80591670e-56
  6.77932268e-52 1.00000000e+00]
 [5.62676567e-30 1.00000000e+00 4.82405849e-47 ... 1.50463474e-28
  2.41359572e-13 1.00000000e+00]
 [2.01072605e-46 4.82405849e-47 1.00000000e+00 ... 5.69084146e-22
  9.20594705e-53 1.00000000e+00]
 ...
 [2.80591670e-56 1.50463474e-28 5.69084146e-22 ... 1.00000000e+00
  1.61061204e-31 1.00000000e+00]
 [6.77932268e-52 2.41359572e-13 9.20594705e-53 ... 1.61061204e-31
  1.00000000e+00 1.00000000e+00]
 [1.00000000e+00 1.00000000e+00 1.00000000e+00 ... 1.00000000e+00
  1.00000000e+00 0.00000000e+00]]
