[[1.00000000e+00 3.39917321e-35 2.19371660e-69 ... 4.37669692e-65
  3.66910128e-24 1.00000000e+00]
 [3.39917321e-35 1.00000000e+00 1.71173546e-46 ... 8.90522797e-38
  1.06093201e-15 1.00000000e+00]
 [2.19371660e-69 1.71173546e-46 1.00000000e+00 ... 3.41749748e-27
  2.35444986e-39 1.00000000e+00]
 ...
 [4.37669692e-65 8.90522797e-38 3.41749748e-27 ... 1.00000000e+00
  2.60861636e-60 1.00000000e+00]
 [3.66910128e-24 1.06093201e-15 2.35444986e-39 ... 2.60861636e-60
  1.00000000e+00 1.00000000e+00]
 [1.00000000e+00 1.00000000e+00 1.00000000e+00 ... 1.00000000e+00
  1.00000000e+00 0.00000000e+00]]
