[[1.00000000e+00 1.10292663e-17 4.04262381e-24 3.40198066e-12
  3.88309205e-17 6.08717393e-18 2.47664041e-24 4.45502244e-29
  6.93459296e-24 2.63140086e-24 3.56529323e-28 6.92306143e-28
  2.84216955e-40 9.96596094e-39 6.82810072e-30 1.59006115e-24
  1.34889028e-47 3.78212768e-39 1.49961327e-04 1.02850433e-17
  1.00000000e+00]
 [1.10292663e-17 1.00000000e+00 5.87273705e-19 5.24314541e-30
  1.73353244e-45 1.30047044e-32 4.35008934e-25 9.69911026e-56
  2.40436589e-31 7.09788502e-21 3.53012975e-28 4.70798673e-64
  1.03220353e-46 6.68333317e-47 5.29462454e-48 8.75451844e-20
  2.14065551e-41 4.80780049e-66 1.72247054e-10 5.30701513e-28
  1.00000000e+00]
 [4.04262381e-24 5.87273705e-19 1.00000000e+00 1.29305316e-29
  4.70758018e-53 1.85973182e-70 3.92725119e-22 1.06428924e-25
  1.16587085e-56 1.51757828e-59 6.66028281e-38 1.55180544e-82
  2.92467929e-63 2.73747155e-64 2.60707186e-56 2.62013758e-57
  2.54544898e-52 5.18865007e-85 8.45675251e-16 3.74500678e-37
  1.00000000e+00]
 [3.40198066e-12 5.24314541e-30 1.29305316e-29 1.00000000e+00
  5.11367792e-05 2.77629719e-40 2.36325104e-20 1.63839147e-32
  1.24135514e-53 4.97309438e-51 5.30486404e-32 1.19161681e-23
  6.89056565e-54 2.97328553e-23 6.43204998e-34 2.61335284e-54
  8.35507031e-72 1.33794698e-36 3.01264190e-16 6.83755603e-30
  1.00000000e+00]
 [3.88309205e-17 1.73353244e-45 4.70758018e-53 5.11367792e-05
  1.00000000e+00 2.23859075e-34 1.51893340e-33 1.03173453e-45
  5.76962975e-54 1.17021476e-54 1.46016661e-36 2.58860210e-13
  2.10294898e-56 7.58019866e-25 1.34012531e-31 2.31243802e-58
  1.33512934e-82 1.01123789e-29 4.18101410e-27 2.31106289e-38
  1.00000000e+00]
 [6.08717393e-18 1.30047044e-32 1.85973182e-70 2.77629719e-40
  2.23859075e-34 1.00000000e+00 1.32472370e-48 1.28596308e-70
  7.72452901e-13 1.36787869e-11 4.69278162e-43 8.75957177e-30
  4.98886098e-39 1.16702663e-45 4.58839948e-33 1.69524363e-18
  1.49104776e-46 2.25184461e-33 8.26367458e-26 2.80401806e-33
  1.00000000e+00]
 [2.47664041e-24 4.35008934e-25 3.92725119e-22 2.36325104e-20
  1.51893340e-33 1.32472370e-48 1.00000000e+00 5.57383859e-19
  2.08570015e-44 3.47210084e-48 5.69190148e-43 5.55290654e-48
  2.63475339e-43 1.22236266e-18 2.73288187e-29 3.46115731e-69
  3.20222461e-29 2.91372808e-32 4.51252902e-19 3.55736564e-28
  1.00000000e+00]
 [4.45502244e-29 9.69911026e-56 1.06428924e-25 1.63839147e-32
  1.03173453e-45 1.28596308e-70 5.57383859e-19 1.00000000e+00
  1.31201153e-58 6.34248834e-78 5.44643769e-63 5.13324856e-60
  4.07592697e-61 1.15642246e-52 6.76853523e-41 2.37306053e-95
  1.32216488e-46 8.70016634e-51 3.26321236e-29 3.18375189e-39
  1.00000000e+00]
 [6.93459296e-24 2.40436589e-31 1.16587085e-56 1.24135514e-53
  5.76962975e-54 7.72452901e-13 2.08570015e-44 1.31201153e-58
  1.00000000e+00 9.35785429e-17 5.97878132e-30 1.06790356e-58
  3.25305390e-24 4.55914847e-62 9.46562043e-21 1.20113658e-24
  1.04208193e-19 7.05397343e-46 7.53944694e-30 4.85292106e-46
  1.00000000e+00]
 [2.63140086e-24 7.09788502e-21 1.51757828e-59 4.97309438e-51
  1.17021476e-54 1.36787869e-11 3.47210084e-48 6.34248834e-78
  9.35785429e-17 1.00000000e+00 4.67977328e-51 4.55337015e-64
  2.17031819e-27 4.66567893e-49 2.50561874e-42 1.66144126e-17
  2.80235139e-44 6.49176667e-45 8.96917979e-29 1.91390015e-47
  1.00000000e+00]
 [3.56529323e-28 3.53012975e-28 6.66028281e-38 5.30486404e-32
  1.46016661e-36 4.69278162e-43 5.69190148e-43 5.44643769e-63
  5.97878132e-30 4.67977328e-51 1.00000000e+00 6.00018896e-62
  5.20817863e-45 4.97335227e-65 1.38059254e-25 9.67533406e-37
  9.93473138e-50 7.53954026e-73 1.86358275e-31 6.28118825e-57
  1.00000000e+00]
 [6.92306143e-28 4.70798673e-64 1.55180544e-82 1.19161681e-23
  2.58860210e-13 8.75957177e-30 5.55290654e-48 5.13324856e-60
  1.06790356e-58 4.55337015e-64 6.00018896e-62 1.00000000e+00
  1.49539736e-86 6.07398428e-38 1.30863495e-50 2.25556579e-64
  5.40629505e-87 4.11062600e-34 2.84657050e-35 1.34379770e-27
  1.00000000e+00]
 [2.84216955e-40 1.03220353e-46 2.92467929e-63 6.89056565e-54
  2.10294898e-56 4.98886098e-39 2.63475339e-43 4.07592697e-61
  3.25305390e-24 2.17031819e-27 5.20817863e-45 1.49539736e-86
  1.00000000e+00 2.26843925e-43 1.08149350e-13 4.40152178e-63
  6.33273495e-38 6.75479731e-32 1.07221464e-53 2.36013390e-88
  1.00000000e+00]
 [9.96596094e-39 6.68333317e-47 2.73747155e-64 2.97328553e-23
  7.58019866e-25 1.16702663e-45 1.22236266e-18 1.15642246e-52
  4.55914847e-62 4.66567893e-49 4.97335227e-65 6.07398428e-38
  2.26843925e-43 1.00000000e+00 6.75157965e-34 5.18501124e-85
  6.43284562e-63 3.59046650e-12 9.86338592e-43 3.11260231e-52
  1.00000000e+00]
 [6.82810072e-30 5.29462454e-48 2.60707186e-56 6.43204998e-34
  1.34012531e-31 4.58839948e-33 2.73288187e-29 6.76853523e-41
  9.46562043e-21 2.50561874e-42 1.38059254e-25 1.30863495e-50
  1.08149350e-13 6.75157965e-34 1.00000000e+00 3.34703978e-64
  2.62876809e-30 1.98592372e-22 7.83670517e-42 2.17919691e-64
  1.00000000e+00]
 [1.59006115e-24 8.75451844e-20 2.62013758e-57 2.61335284e-54
  2.31243802e-58 1.69524363e-18 3.46115731e-69 2.37306053e-95
  1.20113658e-24 1.66144126e-17 9.67533406e-37 2.25556579e-64
  4.40152178e-63 5.18501124e-85 3.34703978e-64 1.00000000e+00
  1.46009838e-65 6.14784401e-87 4.59567866e-25 1.01121085e-40
  1.00000000e+00]
 [1.34889028e-47 2.14065551e-41 2.54544898e-52 8.35507031e-72
  1.33512934e-82 1.49104776e-46 3.20222461e-29 1.32216488e-46
  1.04208193e-19 2.80235139e-44 9.93473138e-50 5.40629505e-87
  6.33273495e-38 6.43284562e-63 2.62876809e-30 1.46009838e-65
  1.00000000e+00 1.98372050e-55 9.65119193e-43 6.58953384e-53
  1.00000000e+00]
 [3.78212768e-39 4.80780049e-66 5.18865007e-85 1.33794698e-36
  1.01123789e-29 2.25184461e-33 2.91372808e-32 8.70016634e-51
  7.05397343e-46 6.49176667e-45 7.53954026e-73 4.11062600e-34
  6.75479731e-32 3.59046650e-12 1.98592372e-22 6.14784401e-87
  1.98372050e-55 1.00000000e+00 7.89899331e-52 1.96754539e-60
  1.00000000e+00]
 [1.49961327e-04 1.72247054e-10 8.45675251e-16 3.01264190e-16
  4.18101410e-27 8.26367458e-26 4.51252902e-19 3.26321236e-29
  7.53944694e-30 8.96917979e-29 1.86358275e-31 2.84657050e-35
  1.07221464e-53 9.86338592e-43 7.83670517e-42 4.59567866e-25
  9.65119193e-43 7.89899331e-52 1.00000000e+00 3.42283944e-09
  1.00000000e+00]
 [1.02850433e-17 5.30701513e-28 3.74500678e-37 6.83755603e-30
  2.31106289e-38 2.80401806e-33 3.55736564e-28 3.18375189e-39
  4.85292106e-46 1.91390015e-47 6.28118825e-57 1.34379770e-27
  2.36013390e-88 3.11260231e-52 2.17919691e-64 1.01121085e-40
  6.58953384e-53 1.96754539e-60 3.42283944e-09 1.00000000e+00
  1.00000000e+00]
 [1.00000000e+00 1.00000000e+00 1.00000000e+00 1.00000000e+00
  1.00000000e+00 1.00000000e+00 1.00000000e+00 1.00000000e+00
  1.00000000e+00 1.00000000e+00 1.00000000e+00 1.00000000e+00
  1.00000000e+00 1.00000000e+00 1.00000000e+00 1.00000000e+00
  1.00000000e+00 1.00000000e+00 1.00000000e+00 1.00000000e+00
  0.00000000e+00]]
