[[1.00000000e+000 9.23723245e-055 1.43324905e-028 7.40346974e-027
  1.77791750e-068 2.62854113e-012 1.26258635e-012 3.64708596e-055
  1.52354719e-053 8.91752944e-037 1.80327711e-028 2.59149067e-050
  7.20859226e-057 1.84906961e-045 1.07174543e-017 7.58836941e-049
  5.62672759e-087 2.37797564e-026 7.51217684e-026 1.03014272e-022
  1.00000000e+000]
 [9.23723245e-055 1.00000000e+000 4.45253787e-086 1.21384191e-029
  1.50294873e-112 6.32306096e-034 2.80968281e-084 2.10454638e-048
  2.13210551e-056 6.33244554e-051 5.10629240e-077 7.01154360e-117
  6.02608192e-023 4.66866190e-051 6.48907052e-047 1.40616813e-088
  2.24275500e-134 5.77142193e-075 1.05245323e-048 3.44331352e-077
  1.00000000e+000]
 [1.43324905e-028 4.45253787e-086 1.00000000e+000 1.00239730e-024
  1.60547420e-047 7.06880852e-036 3.01992870e-047 1.45464678e-055
  4.04300189e-059 1.07784384e-029 3.95874752e-023 1.51202877e-040
  6.76438624e-057 1.02377869e-030 2.05686677e-052 7.29820236e-097
  3.37323713e-068 1.24143852e-048 9.74264474e-051 1.41219023e-013
  1.00000000e+000]
 [7.40346974e-027 1.21384191e-029 1.00239730e-024 1.00000000e+000
  9.86750170e-048 3.47979840e-014 3.76024150e-062 5.02512367e-041
  4.64321745e-052 1.09120126e-021 5.18982561e-034 9.56378911e-062
  3.31031864e-026 2.27291241e-027 5.72266768e-036 3.93167606e-088
  1.57082465e-094 1.09823252e-054 7.64253945e-026 2.05396644e-035
  1.00000000e+000]
 [1.77791750e-068 1.50294873e-112 1.60547420e-047 9.86750170e-048
  1.00000000e+000 3.56357514e-051 2.19866175e-083 1.12661046e-073
  4.28355544e-050 3.35854485e-050 4.12160469e-023 6.99026493e-020
  6.08498817e-072 1.67900772e-035 1.57204700e-052 6.38201771e-092
  2.74786122e-037 1.01728546e-049 3.15800484e-069 4.43717371e-065
  1.00000000e+000]
 [2.62854113e-012 6.32306096e-034 7.06880852e-036 3.47979840e-014
  3.56357514e-051 1.00000000e+000 3.40392276e-034 4.93774659e-036
  4.91595837e-042 3.27444727e-041 6.02492209e-033 8.49081126e-045
  1.03302587e-025 2.46303127e-041 2.37593124e-010 7.65409663e-042
  2.52221073e-078 6.62741252e-028 1.52675721e-036 1.02700756e-027
  1.00000000e+000]
 [1.26258635e-012 2.80968281e-084 3.01992870e-047 3.76024150e-062
  2.19866175e-083 3.40392276e-034 1.00000000e+000 7.18745322e-061
  9.28353125e-053 1.05620387e-050 3.54324167e-028 5.84066462e-043
  4.18104222e-081 3.91811767e-054 5.33881501e-020 1.86172431e-031
  1.40993124e-067 1.15140122e-013 6.88210574e-050 2.33290781e-035
  1.00000000e+000]
 [3.64708596e-055 2.10454638e-048 1.45464678e-055 5.02512367e-041
  1.12661046e-073 4.93774659e-036 7.18745322e-061 1.00000000e+000
  2.40106903e-058 2.29937927e-040 1.38300615e-040 5.41789307e-048
  1.66800602e-026 1.30975272e-043 3.92999848e-029 1.14763789e-040
  8.13968378e-068 8.58883519e-033 3.86115742e-085 3.62836189e-061
  1.00000000e+000]
 [1.52354719e-053 2.13210551e-056 4.04300189e-059 4.64321745e-052
  4.28355544e-050 4.91595837e-042 9.28353125e-053 2.40106903e-058
  1.00000000e+000 1.50255814e-053 8.53501196e-032 3.41352899e-042
  9.69329724e-033 9.16830244e-019 9.21843861e-036 1.18456481e-062
  1.72189273e-028 4.49420793e-031 1.62466672e-066 1.52729800e-040
  1.00000000e+000]
 [8.91752944e-037 6.33244554e-051 1.07784384e-029 1.09120126e-021
  3.35854485e-050 3.27444727e-041 1.05620387e-050 2.29937927e-040
  1.50255814e-053 1.00000000e+000 2.14152643e-016 4.55374948e-054
  5.14633093e-056 1.75435213e-013 6.65721887e-044 4.64972465e-088
  2.05133615e-076 8.74893035e-045 2.46643763e-021 4.19529589e-055
  1.00000000e+000]
 [1.80327711e-028 5.10629240e-077 3.95874752e-023 5.18982561e-034
  4.12160469e-023 6.02492209e-033 3.54324167e-028 1.38300615e-040
  8.53501196e-032 2.14152643e-016 1.00000000e+000 5.35390005e-014
  4.09334825e-057 1.71346912e-013 3.13883927e-025 1.31959297e-053
  8.05765105e-030 7.38071760e-016 1.33306865e-037 2.29528117e-035
  1.00000000e+000]
 [2.59149067e-050 7.01154360e-117 1.51202877e-040 9.56378911e-062
  6.99026493e-020 8.49081126e-045 5.84066462e-043 5.41789307e-048
  3.41352899e-042 4.55374948e-054 5.35390005e-014 1.00000000e+000
  1.08331547e-068 8.79511137e-040 1.20522009e-030 2.21826980e-043
  4.88784352e-015 2.63507997e-016 4.52810387e-085 1.16660450e-044
  1.00000000e+000]
 [7.20859226e-057 6.02608192e-023 6.76438624e-057 3.31031864e-026
  6.08498817e-072 1.03302587e-025 4.18104222e-081 1.66800602e-026
  9.69329724e-033 5.14633093e-056 4.09334825e-057 1.08331547e-068
  1.00000000e+000 1.86652504e-037 4.56885908e-038 3.60013835e-070
  1.13416494e-076 8.11866091e-054 3.92364644e-078 1.65761428e-044
  1.00000000e+000]
 [1.84906961e-045 4.66866190e-051 1.02377869e-030 2.27291241e-027
  1.67900772e-035 2.46303127e-041 3.91811767e-054 1.30975272e-043
  9.16830244e-019 1.75435213e-013 1.71346912e-013 8.79511137e-040
  1.86652504e-037 1.00000000e+000 3.35498302e-042 1.31074258e-083
  2.92597017e-040 3.12721529e-037 3.26835060e-037 1.05404213e-040
  1.00000000e+000]
 [1.07174543e-017 6.48907052e-047 2.05686677e-052 5.72266768e-036
  1.57204700e-052 2.37593124e-010 5.33881501e-020 3.92999848e-029
  9.21843861e-036 6.65721887e-044 3.13883927e-025 1.20522009e-030
  4.56885908e-038 3.35498302e-042 1.00000000e+000 5.54450303e-014
  5.07452021e-056 2.07257740e-008 2.87609061e-047 1.16581837e-041
  1.00000000e+000]
 [7.58836941e-049 1.40616813e-088 7.29820236e-097 3.93167606e-088
  6.38201771e-092 7.65409663e-042 1.86172431e-031 1.14763789e-040
  1.18456481e-062 4.64972465e-088 1.31959297e-053 2.21826980e-043
  3.60013835e-070 1.31074258e-083 5.54450303e-014 1.00000000e+000
  1.56115980e-064 1.10839849e-013 4.27047475e-103 6.87121034e-076
  1.00000000e+000]
 [5.62672759e-087 2.24275500e-134 3.37323713e-068 1.57082465e-094
  2.74786122e-037 2.52221073e-078 1.40993124e-067 8.13968378e-068
  1.72189273e-028 2.05133615e-076 8.05765105e-030 4.88784352e-015
  1.13416494e-076 2.92597017e-040 5.07452021e-056 1.56115980e-064
  1.00000000e+000 8.76316343e-031 7.40459245e-119 1.33085931e-062
  1.00000000e+000]
 [2.37797564e-026 5.77142193e-075 1.24143852e-048 1.09823252e-054
  1.01728546e-049 6.62741252e-028 1.15140122e-013 8.58883519e-033
  4.49420793e-031 8.74893035e-045 7.38071760e-016 2.63507997e-016
  8.11866091e-054 3.12721529e-037 2.07257740e-008 1.10839849e-013
  8.76316343e-031 1.00000000e+000 2.60553128e-062 1.04527976e-039
  1.00000000e+000]
 [7.51217684e-026 1.05245323e-048 9.74264474e-051 7.64253945e-026
  3.15800484e-069 1.52675721e-036 6.88210574e-050 3.86115742e-085
  1.62466672e-066 2.46643763e-021 1.33306865e-037 4.52810387e-085
  3.92364644e-078 3.26835060e-037 2.87609061e-047 4.27047475e-103
  7.40459245e-119 2.60553128e-062 1.00000000e+000 1.11830116e-064
  1.00000000e+000]
 [1.03014272e-022 3.44331352e-077 1.41219023e-013 2.05396644e-035
  4.43717371e-065 1.02700756e-027 2.33290781e-035 3.62836189e-061
  1.52729800e-040 4.19529589e-055 2.29528117e-035 1.16660450e-044
  1.65761428e-044 1.05404213e-040 1.16581837e-041 6.87121034e-076
  1.33085931e-062 1.04527976e-039 1.11830116e-064 1.00000000e+000
  1.00000000e+000]
 [1.00000000e+000 1.00000000e+000 1.00000000e+000 1.00000000e+000
  1.00000000e+000 1.00000000e+000 1.00000000e+000 1.00000000e+000
  1.00000000e+000 1.00000000e+000 1.00000000e+000 1.00000000e+000
  1.00000000e+000 1.00000000e+000 1.00000000e+000 1.00000000e+000
  1.00000000e+000 1.00000000e+000 1.00000000e+000 1.00000000e+000
  0.00000000e+000]]
