[[1.00000000e+00 1.65629319e-34 6.51201114e-18 2.62597526e-19
  5.00641916e-18 5.79469908e-65 3.27796716e-34 6.33378192e-26
  7.87339010e-11 3.37475732e-23 1.12730914e-48 6.83634975e-63
  1.14261479e-25 1.54009688e-24 1.35188339e-34 7.33679557e-27
  6.44583351e-43 1.42476843e-43 1.56728824e-50 1.14214535e-15
  1.00000000e+00]
 [1.65629319e-34 1.00000000e+00 1.11678915e-45 2.69784951e-55
  5.76833238e-43 9.80039498e-57 5.99914366e-15 6.69269901e-48
  1.32610603e-23 6.89609700e-15 5.18643913e-87 3.63875832e-66
  2.16315635e-63 1.38214386e-61 2.73706633e-41 2.17935274e-22
  1.39779054e-43 2.59508542e-46 4.46299527e-30 4.74454960e-29
  1.00000000e+00]
 [6.51201114e-18 1.11678915e-45 1.00000000e+00 7.16336882e-33
  2.32185169e-29 3.66175014e-38 2.09043417e-35 6.70952583e-52
  1.05809084e-18 1.55853479e-49 4.76333163e-24 1.40975457e-57
  5.33064073e-34 4.69013524e-54 2.80858204e-39 7.55785394e-53
  4.07388758e-34 1.75221189e-25 1.12118263e-67 7.59618078e-14
  1.00000000e+00]
 [2.62597526e-19 2.69784951e-55 7.16336882e-33 1.00000000e+00
  7.90465425e-26 6.47514370e-64 9.37328043e-43 5.41485873e-30
  3.05024795e-20 4.92631623e-35 5.07102379e-37 1.20360728e-51
  1.00989688e-21 1.00803016e-16 5.73103514e-31 2.53783410e-40
  2.89878697e-58 4.51042892e-35 1.33163790e-44 1.56151050e-21
  1.00000000e+00]
 [5.00641916e-18 5.76833238e-43 2.32185169e-29 7.90465425e-26
  1.00000000e+00 6.23941188e-71 4.61081225e-58 2.22985582e-20
  1.96539148e-34 9.40660174e-36 3.29597002e-42 2.42840539e-49
  2.57133861e-42 2.73628042e-33 8.66274967e-43 3.90674755e-52
  7.64007944e-87 1.76391041e-45 7.03364975e-51 1.74622365e-32
  1.00000000e+00]
 [5.79469908e-65 9.80039498e-57 3.66175014e-38 6.47514370e-64
  6.23941188e-71 1.00000000e+00 5.71582556e-27 8.98013722e-70
  2.27958447e-39 1.05958027e-94 1.05549538e-24 1.64848342e-18
  5.81729279e-33 7.15183543e-69 4.58989757e-49 2.31172930e-48
  3.48819030e-31 1.08465936e-41 2.17477945e-38 2.88586571e-35
  1.00000000e+00]
 [3.27796716e-34 5.99914366e-15 2.09043417e-35 9.37328043e-43
  4.61081225e-58 5.71582556e-27 1.00000000e+00 2.67720917e-56
  9.44715922e-14 2.16190977e-32 6.41876503e-60 2.16239287e-45
  1.75161133e-36 3.42432442e-52 1.25503433e-37 3.06432452e-12
  6.27187858e-14 5.13597116e-31 1.11832976e-25 1.58916914e-14
  1.00000000e+00]
 [6.33378192e-26 6.69269901e-48 6.70952583e-52 5.41485873e-30
  2.22985582e-20 8.98013722e-70 2.67720917e-56 1.00000000e+00
  1.63468174e-27 1.13681200e-45 1.19899981e-52 1.21617617e-45
  2.81162089e-25 3.53034339e-09 1.04825355e-18 4.02222330e-40
  4.49065056e-75 1.58723939e-84 2.30173035e-24 1.45002031e-52
  1.00000000e+00]
 [7.87339010e-11 1.32610603e-23 1.05809084e-18 3.05024795e-20
  1.96539148e-34 2.27958447e-39 9.44715922e-14 1.63468174e-27
  1.00000000e+00 2.20007841e-24 4.89502836e-43 2.41455160e-51
  5.20231506e-18 2.24278322e-23 4.33220087e-15 6.22931436e-18
  1.27191315e-16 1.12193850e-39 5.16425526e-29 9.84734901e-14
  1.00000000e+00]
 [3.37475732e-23 6.89609700e-15 1.55853479e-49 4.92631623e-35
  9.40660174e-36 1.05958027e-94 2.16190977e-32 1.13681200e-45
  2.20007841e-24 1.00000000e+00 1.47355077e-99 2.82112823e-94
  2.91293629e-67 2.22448936e-50 1.25293439e-45 3.16103043e-31
  3.68918522e-62 1.59975013e-49 1.93644157e-49 5.55011517e-30
  1.00000000e+00]
 [1.12730914e-48 5.18643913e-87 4.76333163e-24 5.07102379e-37
  3.29597002e-42 1.05549538e-24 6.41876503e-60 1.19899981e-52
  4.89502836e-43 1.47355077e-99 1.00000000e+00 1.19476795e-25
  7.02009256e-23 8.84480079e-49 3.05046633e-46 2.95412056e-74
  1.26519146e-60 1.83048276e-41 4.27327671e-62 4.72692341e-37
  1.00000000e+00]
 [6.83634975e-63 3.63875832e-66 1.40975457e-57 1.20360728e-51
  2.42840539e-49 1.64848342e-18 2.16239287e-45 1.21617617e-45
  2.41455160e-51 2.82112823e-94 1.19476795e-25 1.00000000e+00
  8.94865603e-27 1.06891155e-45 1.12317280e-55 4.44883409e-45
  4.80619861e-69 8.48027922e-53 1.55283564e-26 5.38525847e-45
  1.00000000e+00]
 [1.14261479e-25 2.16315635e-63 5.33064073e-34 1.00989688e-21
  2.57133861e-42 5.81729279e-33 1.75161133e-36 2.81162089e-25
  5.20231506e-18 2.91293629e-67 7.02009256e-23 8.94865603e-27
  1.00000000e+00 2.03601451e-12 1.13260564e-26 1.91151235e-29
  1.05226154e-35 3.65777168e-57 5.98821177e-31 2.94019290e-29
  1.00000000e+00]
 [1.54009688e-24 1.38214386e-61 4.69013524e-54 1.00803016e-16
  2.73628042e-33 7.15183543e-69 3.42432442e-52 3.53034339e-09
  2.24278322e-23 2.22448936e-50 8.84480079e-49 1.06891155e-45
  2.03601451e-12 1.00000000e+00 1.51055075e-22 3.38113609e-33
  1.01995187e-63 1.89585035e-78 8.20705340e-28 4.59693165e-45
  1.00000000e+00]
 [1.35188339e-34 2.73706633e-41 2.80858204e-39 5.73103514e-31
  8.66274967e-43 4.58989757e-49 1.25503433e-37 1.04825355e-18
  4.33220087e-15 1.25293439e-45 3.05046633e-46 1.12317280e-55
  1.13260564e-26 1.51055075e-22 1.00000000e+00 2.09563176e-45
  1.07322846e-40 2.32838872e-71 2.60522552e-24 8.37996344e-46
  1.00000000e+00]
 [7.33679557e-27 2.17935274e-22 7.55785394e-53 2.53783410e-40
  3.90674755e-52 2.31172930e-48 3.06432452e-12 4.02222330e-40
  6.22931436e-18 3.16103043e-31 2.95412056e-74 4.44883409e-45
  1.91151235e-29 3.38113609e-33 2.09563176e-45 1.00000000e+00
  2.78356320e-31 1.51530890e-53 3.34907813e-21 2.32256087e-23
  1.00000000e+00]
 [6.44583351e-43 1.39779054e-43 4.07388758e-34 2.89878697e-58
  7.64007944e-87 3.48819030e-31 6.27187858e-14 4.49065056e-75
  1.27191315e-16 3.68918522e-62 1.26519146e-60 4.80619861e-69
  1.05226154e-35 1.01995187e-63 1.07322846e-40 2.78356320e-31
  1.00000000e+00 8.86828051e-54 1.57096394e-51 2.44383447e-27
  1.00000000e+00]
 [1.42476843e-43 2.59508542e-46 1.75221189e-25 4.51042892e-35
  1.76391041e-45 1.08465936e-41 5.13597116e-31 1.58723939e-84
  1.12193850e-39 1.59975013e-49 1.83048276e-41 8.48027922e-53
  3.65777168e-57 1.89585035e-78 2.32838872e-71 1.51530890e-53
  8.86828051e-54 1.00000000e+00 9.97790576e-70 8.23970322e-11
  1.00000000e+00]
 [1.56728824e-50 4.46299527e-30 1.12118263e-67 1.33163790e-44
  7.03364975e-51 2.17477945e-38 1.11832976e-25 2.30173035e-24
  5.16425526e-29 1.93644157e-49 4.27327671e-62 1.55283564e-26
  5.98821177e-31 8.20705340e-28 2.60522552e-24 3.34907813e-21
  1.57096394e-51 9.97790576e-70 1.00000000e+00 2.63420880e-47
  1.00000000e+00]
 [1.14214535e-15 4.74454960e-29 7.59618078e-14 1.56151050e-21
  1.74622365e-32 2.88586571e-35 1.58916914e-14 1.45002031e-52
  9.84734901e-14 5.55011517e-30 4.72692341e-37 5.38525847e-45
  2.94019290e-29 4.59693165e-45 8.37996344e-46 2.32256087e-23
  2.44383447e-27 8.23970322e-11 2.63420880e-47 1.00000000e+00
  1.00000000e+00]
 [1.00000000e+00 1.00000000e+00 1.00000000e+00 1.00000000e+00
  1.00000000e+00 1.00000000e+00 1.00000000e+00 1.00000000e+00
  1.00000000e+00 1.00000000e+00 1.00000000e+00 1.00000000e+00
  1.00000000e+00 1.00000000e+00 1.00000000e+00 1.00000000e+00
  1.00000000e+00 1.00000000e+00 1.00000000e+00 1.00000000e+00
  0.00000000e+00]]
