[[1.00000000e+000 5.30888121e-008 9.12976108e-044 2.70341968e-077
  7.25552381e-052 6.25079869e-063 6.25381398e-083 2.74445009e-012
  5.71777255e-046 1.07227729e-049 1.37695625e-044 8.57149648e-062
  4.20825855e-042 1.52052961e-039 5.12582728e-043 2.81234274e-047
  3.30019279e-041 2.25257592e-037 2.04988593e-045 2.99843701e-074
  1.66514263e-019 1.30599479e-013 1.00000000e+000]
 [5.30888121e-008 1.00000000e+000 6.13482621e-030 5.93961922e-073
  1.75318340e-031 1.84723497e-076 4.68559175e-054 3.69540892e-017
  1.16253734e-040 1.83613124e-027 2.81020766e-023 1.24708261e-063
  2.54062497e-035 8.09109378e-037 1.92067309e-029 9.67577306e-036
  7.16975764e-035 7.31616289e-015 1.89061067e-047 3.43594779e-068
  1.48328008e-017 6.47912530e-007 1.00000000e+000]
 [9.12976108e-044 6.13482621e-030 1.00000000e+000 2.33358935e-078
  2.94184142e-052 4.60565078e-096 2.63688655e-068 2.24560877e-033
  6.82222220e-028 9.65849527e-022 2.38313662e-033 3.21442410e-035
  4.64241592e-020 1.17301051e-036 1.43110654e-042 1.17606221e-047
  2.95924281e-040 2.44400890e-035 7.31467352e-050 9.79340506e-073
  3.99580704e-030 5.44838419e-049 1.00000000e+000]
 [2.70341968e-077 5.93961922e-073 2.33358935e-078 1.00000000e+000
  2.06364014e-045 1.25564674e-016 4.16788474e-071 3.26916737e-058
  6.17055746e-045 5.18894891e-110 8.86742940e-041 7.29467631e-054
  7.99973478e-059 5.35312982e-058 5.53854746e-017 2.41614491e-032
  2.58833880e-016 8.53878831e-086 4.19241677e-011 2.02938140e-010
  1.63337295e-057 4.40732095e-055 1.00000000e+000]
 [7.25552381e-052 1.75318340e-031 2.94184142e-052 2.06364014e-045
  1.00000000e+000 7.17760194e-069 5.78036981e-018 1.60878090e-043
  9.64148518e-027 2.13727802e-031 4.20334339e-007 6.27146567e-055
  2.64072422e-031 5.54356476e-024 2.98977513e-014 6.65680607e-022
  6.26273171e-031 4.54704770e-034 1.16302545e-044 5.06076944e-052
  4.06854345e-033 9.90286954e-029 1.00000000e+000]
 [6.25079869e-063 1.84723497e-076 4.60565078e-096 1.25564674e-016
  7.17760194e-069 1.00000000e+000 3.88228089e-092 2.84435861e-045
  1.98218091e-046 2.17987801e-133 1.43132036e-063 1.78567571e-055
  4.76193466e-065 4.23179060e-055 1.49450193e-034 3.85430942e-036
  4.77619392e-037 3.00567315e-113 5.22705463e-011 2.51794589e-017
  1.17231395e-061 1.45438021e-055 1.00000000e+000]
 [6.25381398e-083 4.68559175e-054 2.63688655e-068 4.16788474e-071
  5.78036981e-018 3.88228089e-092 1.00000000e+000 1.70462882e-056
  2.80076583e-038 6.96919947e-050 2.23563447e-020 1.56047087e-072
  2.86998426e-042 1.34779330e-043 3.94745132e-026 2.13753068e-026
  3.33327628e-071 8.90560959e-063 3.84392512e-068 1.53994802e-061
  8.93842776e-076 1.19333026e-045 1.00000000e+000]
 [2.74445009e-012 3.69540892e-017 2.24560877e-033 3.26916737e-058
  1.60878090e-043 2.84435861e-045 1.70462882e-056 1.00000000e+000
  4.10823764e-023 9.82749876e-048 8.41231660e-039 8.52461412e-029
  2.32289022e-017 4.14554850e-025 7.36553212e-028 3.88228013e-035
  6.42801535e-040 1.44638022e-055 8.58437036e-033 2.21569140e-055
  5.15145737e-032 9.52308518e-021 1.00000000e+000]
 [5.71777255e-046 1.16253734e-040 6.82222220e-028 6.17055746e-045
  9.64148518e-027 1.98218091e-046 2.80076583e-038 4.10823764e-023
  1.00000000e+000 4.70022484e-036 2.41374061e-023 7.63909408e-013
  5.72990434e-007 1.49770296e-004 1.59112384e-024 1.10816557e-019
  1.13648172e-035 1.17059413e-062 8.24141871e-026 3.34669132e-043
  2.43812807e-029 2.22702366e-045 1.00000000e+000]
 [1.07227729e-049 1.83613124e-027 9.65849527e-022 5.18894891e-110
  2.13727802e-031 2.17987801e-133 6.96919947e-050 9.82749876e-048
  4.70022484e-036 1.00000000e+000 5.35940586e-028 1.62683860e-057
  9.66812306e-027 4.73575204e-031 4.55392274e-053 1.70847719e-056
  1.12601543e-060 9.32293383e-027 1.48848842e-084 1.32524047e-110
  1.08676831e-032 1.07353226e-049 1.00000000e+000]
 [1.37695625e-044 2.81020766e-023 2.38313662e-033 8.86742940e-041
  4.20334339e-007 1.43132036e-063 2.23563447e-020 8.41231660e-039
  2.41374061e-023 5.35940586e-028 1.00000000e+000 4.27185798e-055
  1.14097644e-030 1.03525934e-025 1.18597421e-010 5.08720657e-011
  1.19234168e-023 3.10655652e-020 6.62512837e-032 2.40684959e-036
  7.33066679e-024 7.65449441e-021 1.00000000e+000]
 [8.57149648e-062 1.24708261e-063 3.21442410e-035 7.29467631e-054
  6.27146567e-055 1.78567571e-055 1.56047087e-072 8.52461412e-029
  7.63909408e-013 1.62683860e-057 4.27185798e-055 1.00000000e+000
  2.28592825e-008 3.86513914e-021 3.56396239e-042 4.85198229e-054
  1.68425040e-045 1.20448261e-097 4.18615267e-039 3.13549579e-065
  5.69435525e-052 5.78083541e-075 1.00000000e+000]
 [4.20825855e-042 2.54062497e-035 4.64241592e-020 7.99973478e-059
  2.64072422e-031 4.76193466e-065 2.86998426e-042 2.32289022e-017
  5.72990434e-007 9.66812306e-027 1.14097644e-030 2.28592825e-008
  1.00000000e+000 1.84039554e-011 1.16101814e-028 6.39286201e-037
  1.34377610e-040 5.03369470e-061 1.31279318e-040 2.32375927e-063
  3.44040045e-036 2.80002856e-047 1.00000000e+000]
 [1.52052961e-039 8.09109378e-037 1.17301051e-036 5.35312982e-058
  5.54356476e-024 4.23179060e-055 1.34779330e-043 4.14554850e-025
  1.49770296e-004 4.73575204e-031 1.03525934e-025 3.86513914e-021
  1.84039554e-011 1.00000000e+000 1.12044922e-032 4.25681957e-025
  3.61940252e-041 1.24904131e-059 9.34523783e-036 4.59245189e-059
  4.17902727e-023 1.04523469e-043 1.00000000e+000]
 [5.12582728e-043 1.92067309e-029 1.43110654e-042 5.53854746e-017
  2.98977513e-014 1.49450193e-034 3.94745132e-026 7.36553212e-028
  1.59112384e-024 4.55392274e-053 1.18597421e-010 3.56396239e-042
  1.16101814e-028 1.12044922e-032 1.00000000e+000 1.50929773e-013
  4.90249576e-015 1.55899074e-040 3.66890689e-017 6.22854956e-019
  1.33112073e-035 4.01687100e-020 1.00000000e+000]
 [2.81234274e-047 9.67577306e-036 1.17606221e-047 2.41614491e-032
  6.65680607e-022 3.85430942e-036 2.13753068e-026 3.88228013e-035
  1.10816557e-019 1.70847719e-056 5.08720657e-011 4.85198229e-054
  6.39286201e-037 4.25681957e-025 1.50929773e-013 1.00000000e+000
  3.87964420e-032 6.64978750e-046 1.79366429e-017 2.70874471e-017
  2.88994339e-032 4.21612012e-024 1.00000000e+000]
 [3.30019279e-041 7.16975764e-035 2.95924281e-040 2.58833880e-016
  6.26273171e-031 4.77619392e-037 3.33327628e-071 6.42801535e-040
  1.13648172e-035 1.12601543e-060 1.19234168e-023 1.68425040e-045
  1.34377610e-040 3.61940252e-041 4.90249576e-015 3.87964420e-032
  1.00000000e+000 3.64548802e-038 1.36319002e-014 2.86623404e-028
  1.62282032e-020 1.38071685e-032 1.00000000e+000]
 [2.25257592e-037 7.31616289e-015 2.44400890e-035 8.53878831e-086
  4.54704770e-034 3.00567315e-113 8.90560959e-063 1.44638022e-055
  1.17059413e-062 9.32293383e-027 3.10655652e-020 1.20448261e-097
  5.03369470e-061 1.24904131e-059 1.55899074e-040 6.64978750e-046
  3.64548802e-038 1.00000000e+000 4.19924447e-066 1.47446920e-080
  2.17867268e-023 7.90509832e-023 1.00000000e+000]
 [2.04988593e-045 1.89061067e-047 7.31467352e-050 4.19241677e-011
  1.16302545e-044 5.22705463e-011 3.84392512e-068 8.58437036e-033
  8.24141871e-026 1.48848842e-084 6.62512837e-032 4.18615267e-039
  1.31279318e-040 9.34523783e-036 3.66890689e-017 1.79366429e-017
  1.36319002e-014 4.19924447e-066 1.00000000e+000 2.56634067e-008
  9.65796057e-032 1.76925008e-036 1.00000000e+000]
 [2.99843701e-074 3.43594779e-068 9.79340506e-073 2.02938140e-010
  5.06076944e-052 2.51794589e-017 1.53994802e-061 2.21569140e-055
  3.34669132e-043 1.32524047e-110 2.40684959e-036 3.13549579e-065
  2.32375927e-063 4.59245189e-059 6.22854956e-019 2.70874471e-017
  2.86623404e-028 1.47446920e-080 2.56634067e-008 1.00000000e+000
  1.66838759e-058 1.03430486e-046 1.00000000e+000]
 [1.66514263e-019 1.48328008e-017 3.99580704e-030 1.63337295e-057
  4.06854345e-033 1.17231395e-061 8.93842776e-076 5.15145737e-032
  2.43812807e-029 1.08676831e-032 7.33066679e-024 5.69435525e-052
  3.44040045e-036 4.17902727e-023 1.33112073e-035 2.88994339e-032
  1.62282032e-020 2.17867268e-023 9.65796057e-032 1.66838759e-058
  1.00000000e+000 7.32316508e-026 1.00000000e+000]
 [1.30599479e-013 6.47912530e-007 5.44838419e-049 4.40732095e-055
  9.90286954e-029 1.45438021e-055 1.19333026e-045 9.52308518e-021
  2.22702366e-045 1.07353226e-049 7.65449441e-021 5.78083541e-075
  2.80002856e-047 1.04523469e-043 4.01687100e-020 4.21612012e-024
  1.38071685e-032 7.90509832e-023 1.76925008e-036 1.03430486e-046
  7.32316508e-026 1.00000000e+000 1.00000000e+000]
 [1.00000000e+000 1.00000000e+000 1.00000000e+000 1.00000000e+000
  1.00000000e+000 1.00000000e+000 1.00000000e+000 1.00000000e+000
  1.00000000e+000 1.00000000e+000 1.00000000e+000 1.00000000e+000
  1.00000000e+000 1.00000000e+000 1.00000000e+000 1.00000000e+000
  1.00000000e+000 1.00000000e+000 1.00000000e+000 1.00000000e+000
  1.00000000e+000 1.00000000e+000 0.00000000e+000]]
