[[1.00000000e+00 6.94357983e-60 3.00861427e-59 5.91114555e-26
  1.17769712e-27 4.62976656e-36 4.04624536e-38 6.23902143e-45
  2.69284989e-48 1.01402615e-45 4.07017013e-44 1.28268050e-61
  1.09511795e-24 1.03925517e-81 5.62232651e-88 1.48981309e-50
  1.22870761e-71 1.51950877e-74 2.76949817e-36 9.69115819e-03
  1.00000000e+00]
 [6.94357983e-60 1.00000000e+00 1.17715929e-68 1.69960297e-20
  6.13400694e-25 5.72165855e-63 4.26531416e-57 1.99077703e-76
  1.25921355e-10 5.81834631e-36 5.40550692e-26 5.76084927e-69
  7.63468713e-63 2.03619497e-59 1.38208413e-48 2.05040705e-55
  3.45886888e-44 7.46701414e-26 1.71797057e-22 4.27526284e-45
  1.00000000e+00]
 [3.00861427e-59 1.17715929e-68 1.00000000e+00 3.29609553e-35
  4.96925467e-67 1.47696654e-60 6.22415406e-18 3.02772977e-41
  6.02135409e-79 2.84299179e-70 5.63436258e-27 2.77310721e-12
  7.77270052e-67 3.17056299e-46 4.27337129e-51 6.36197270e-36
  4.31659123e-54 3.14835746e-48 2.51133461e-39 6.15309001e-61
  1.00000000e+00]
 [5.91114555e-26 1.69960297e-20 3.29609553e-35 1.00000000e+00
  2.45294695e-17 5.67147633e-29 2.39709740e-27 1.18479712e-48
  6.67964187e-14 5.69889951e-37 1.18671493e-23 8.02251664e-30
  1.45679149e-27 3.11153954e-36 5.97228058e-36 4.49612308e-25
  3.75688906e-25 1.08557627e-22 1.59057090e-21 1.03469588e-19
  1.00000000e+00]
 [1.17769712e-27 6.13400694e-25 4.96925467e-67 2.45294695e-17
  1.00000000e+00 2.98775637e-37 2.96622253e-60 2.89142080e-59
  5.92125425e-20 6.92915467e-15 1.59570713e-35 2.84508190e-65
  3.13380256e-21 3.17093022e-62 2.54262894e-38 1.84912315e-45
  1.98640544e-26 9.66267092e-33 1.41273101e-33 7.48529823e-18
  1.00000000e+00]
 [4.62976656e-36 5.72165855e-63 1.47696654e-60 5.67147633e-29
  2.98775637e-37 1.00000000e+00 5.83862616e-36 1.40699327e-49
  3.59217111e-41 9.75479879e-68 2.03322757e-41 1.75833240e-43
  3.66204276e-60 2.16324085e-40 7.54646253e-90 6.38069063e-08
  6.97589714e-37 4.33480420e-44 1.27371490e-78 3.65234910e-35
  1.00000000e+00]
 [4.04624536e-38 4.26531416e-57 6.22415406e-18 2.39709740e-27
  2.96622253e-60 5.83862616e-36 1.00000000e+00 2.37283548e-17
  3.42973976e-53 4.28643708e-63 3.96989415e-14 5.09924987e-12
  1.66100857e-60 2.56142387e-28 3.46226884e-76 5.73067052e-22
  8.72984594e-69 1.07097979e-41 3.60339724e-36 2.25820070e-38
  1.00000000e+00]
 [6.23902143e-45 1.99077703e-76 3.02772977e-41 1.18479712e-48
  2.89142080e-59 1.40699327e-49 2.37283548e-17 1.00000000e+00
  1.97472058e-66 2.46871351e-40 2.39586076e-19 1.71680211e-26
  8.15924145e-49 8.23980971e-31 1.08205434e-76 3.51067370e-41
  9.76752534e-87 7.71664566e-46 1.53042598e-48 4.72032830e-41
  1.00000000e+00]
 [2.69284989e-48 1.25921355e-10 6.02135409e-79 6.67964187e-14
  5.92125425e-20 3.59217111e-41 3.42973976e-53 1.97472058e-66
  1.00000000e+00 2.06232087e-36 1.65254918e-32 1.58055225e-61
  6.59414233e-46 1.46146968e-42 4.08664564e-52 5.72695981e-42
  6.19688969e-39 6.55837210e-21 1.23480051e-35 8.93767896e-34
  1.00000000e+00]
 [1.01402615e-45 5.81834631e-36 2.84299179e-70 5.69889951e-37
  6.92915467e-15 9.75479879e-68 4.28643708e-63 2.46871351e-40
  2.06232087e-36 1.00000000e+00 1.26221992e-29 2.56943487e-66
  1.85373244e-23 2.70618839e-59 8.99630365e-34 3.73220224e-68
  1.70952873e-53 3.27881129e-33 9.72303841e-30 8.78394492e-32
  1.00000000e+00]
 [4.07017013e-44 5.40550692e-26 5.63436258e-27 1.18671493e-23
  1.59570713e-35 2.03322757e-41 3.96989415e-14 2.39586076e-19
  1.65254918e-32 1.26221992e-29 1.00000000e+00 6.92369140e-25
  1.66637043e-54 4.87709578e-27 5.71580260e-51 2.11408571e-27
  2.21693112e-51 1.88483223e-20 2.13545242e-21 1.73114570e-36
  1.00000000e+00]
 [1.28268050e-61 5.76084927e-69 2.77310721e-12 8.02251664e-30
  2.84508190e-65 1.75833240e-43 5.09924987e-12 1.71680211e-26
  1.58055225e-61 2.56943487e-66 6.92369140e-25 1.00000000e+00
  4.74622072e-58 1.99953856e-15 2.65103335e-48 3.31493169e-21
  6.41896756e-49 1.75234772e-29 2.24020276e-50 2.21857202e-59
  1.00000000e+00]
 [1.09511795e-24 7.63468713e-63 7.77270052e-67 1.45679149e-27
  3.13380256e-21 3.66204276e-60 1.66100857e-60 8.15924145e-49
  6.59414233e-46 1.85373244e-23 1.66637043e-54 4.74622072e-58
  1.00000000e+00 2.59448332e-67 7.86166248e-40 5.57219420e-68
  1.40716719e-55 6.60817428e-54 4.58913040e-38 4.45096395e-18
  1.00000000e+00]
 [1.03925517e-81 2.03619497e-59 3.17056299e-46 3.11153954e-36
  3.17093022e-62 2.16324085e-40 2.56142387e-28 8.23980971e-31
  1.46146968e-42 2.70618839e-59 4.87709578e-27 1.99953856e-15
  2.59448332e-67 1.00000000e+00 1.04323021e-51 1.90211558e-21
  1.58084533e-47 8.20453935e-13 3.37338618e-67 7.19573270e-71
  1.00000000e+00]
 [5.62232651e-88 1.38208413e-48 4.27337129e-51 5.97228058e-36
  2.54262894e-38 7.54646253e-90 3.46226884e-76 1.08205434e-76
  4.08664564e-52 8.99630365e-34 5.71580260e-51 2.65103335e-48
  7.86166248e-40 1.04323021e-51 1.00000000e+00 1.77573352e-70
  1.72783704e-28 5.87938887e-25 9.92387379e-45 2.53519850e-73
  1.00000000e+00]
 [1.48981309e-50 2.05040705e-55 6.36197270e-36 4.49612308e-25
  1.84912315e-45 6.38069063e-08 5.73067052e-22 3.51067370e-41
  5.72695981e-42 3.73220224e-68 2.11408571e-27 3.31493169e-21
  5.57219420e-68 1.90211558e-21 1.77573352e-70 1.00000000e+00
  1.74917632e-29 9.26557598e-28 3.49226740e-68 2.11759055e-48
  1.00000000e+00]
 [1.22870761e-71 3.45886888e-44 4.31659123e-54 3.75688906e-25
  1.98640544e-26 6.97589714e-37 8.72984594e-69 9.76752534e-87
  6.19688969e-39 1.70952873e-53 2.21693112e-51 6.41896756e-49
  1.40716719e-55 1.58084533e-47 1.72783704e-28 1.74917632e-29
  1.00000000e+00 7.15203812e-24 1.77268281e-68 1.39833801e-62
  1.00000000e+00]
 [1.51950877e-74 7.46701414e-26 3.14835746e-48 1.08557627e-22
  9.66267092e-33 4.33480420e-44 1.07097979e-41 7.71664566e-46
  6.55837210e-21 3.27881129e-33 1.88483223e-20 1.75234772e-29
  6.60817428e-54 8.20453935e-13 5.87938887e-25 9.26557598e-28
  7.15203812e-24 1.00000000e+00 6.94655442e-45 2.15723326e-59
  1.00000000e+00]
 [2.76949817e-36 1.71797057e-22 2.51133461e-39 1.59057090e-21
  1.41273101e-33 1.27371490e-78 3.60339724e-36 1.53042598e-48
  1.23480051e-35 9.72303841e-30 2.13545242e-21 2.24020276e-50
  4.58913040e-38 3.37338618e-67 9.92387379e-45 3.49226740e-68
  1.77268281e-68 6.94655442e-45 1.00000000e+00 1.64091631e-28
  1.00000000e+00]
 [9.69115819e-03 4.27526284e-45 6.15309001e-61 1.03469588e-19
  7.48529823e-18 3.65234910e-35 2.25820070e-38 4.72032830e-41
  8.93767896e-34 8.78394492e-32 1.73114570e-36 2.21857202e-59
  4.45096395e-18 7.19573270e-71 2.53519850e-73 2.11759055e-48
  1.39833801e-62 2.15723326e-59 1.64091631e-28 1.00000000e+00
  1.00000000e+00]
 [1.00000000e+00 1.00000000e+00 1.00000000e+00 1.00000000e+00
  1.00000000e+00 1.00000000e+00 1.00000000e+00 1.00000000e+00
  1.00000000e+00 1.00000000e+00 1.00000000e+00 1.00000000e+00
  1.00000000e+00 1.00000000e+00 1.00000000e+00 1.00000000e+00
  1.00000000e+00 1.00000000e+00 1.00000000e+00 1.00000000e+00
  0.00000000e+00]]
