[[1.00000000e+00 2.54192247e-19 9.11562682e-31 ... 6.24517903e-56
  5.91069549e-50 1.00000000e+00]
 [2.54192247e-19 1.00000000e+00 1.46075151e-22 ... 3.42203561e-35
  1.30519611e-40 1.00000000e+00]
 [9.11562682e-31 1.46075151e-22 1.00000000e+00 ... 3.42466601e-46
  3.06051173e-38 1.00000000e+00]
 ...
 [6.24517903e-56 3.42203561e-35 3.42466601e-46 ... 1.00000000e+00
  3.01209473e-14 1.00000000e+00]
 [5.91069549e-50 1.30519611e-40 3.06051173e-38 ... 3.01209473e-14
  1.00000000e+00 1.00000000e+00]
 [1.00000000e+00 1.00000000e+00 1.00000000e+00 ... 1.00000000e+00
  1.00000000e+00 0.00000000e+00]]
