[[1.00000000e+000 1.08073344e-017 1.25921244e-047 1.38684646e-049
  5.04634223e-029 6.60140158e-038 4.27366095e-025 4.13587963e-048
  1.50469159e-029 1.38646974e-012 1.02925643e-028 7.64508650e-032
  8.02273815e-059 1.92102279e-018 7.21980851e-062 2.30598007e-031
  5.80396423e-035 1.16649526e-022 1.97893396e-012 4.59753919e-037
  1.00000000e+000]
 [1.08073344e-017 1.00000000e+000 3.60140350e-076 2.78094855e-060
  6.52188371e-024 4.81422814e-044 1.49563051e-028 1.15933260e-044
  1.55750445e-037 4.91621369e-034 5.21439845e-021 5.04001114e-042
  2.27076378e-035 7.64247038e-050 1.24986863e-080 1.44882633e-050
  1.20579951e-043 2.00192981e-047 3.57690066e-010 2.40674995e-035
  1.00000000e+000]
 [1.25921244e-047 3.60140350e-076 1.00000000e+000 1.56216260e-092
  1.99448854e-051 2.13228712e-068 3.52235112e-035 6.00342572e-064
  2.07259334e-024 1.24777386e-064 1.30958600e-072 5.63043650e-039
  2.85772077e-069 4.08152025e-059 3.62194372e-045 3.49797633e-069
  3.85058003e-015 4.22134867e-061 9.54081576e-077 1.86439000e-023
  1.00000000e+000]
 [1.38684646e-049 2.78094855e-060 1.56216260e-092 1.00000000e+000
  3.02478662e-065 7.91356053e-101 4.09687135e-032 2.82940230e-110
  1.46163006e-047 2.32136923e-043 6.80394629e-061 2.09270779e-046
  2.04451193e-102 6.14696208e-028 1.23993489e-063 4.08751461e-016
  2.09067043e-096 3.53223458e-023 9.28996150e-079 6.12127416e-088
  1.00000000e+000]
 [5.04634223e-029 6.52188371e-024 1.99448854e-051 3.02478662e-065
  1.00000000e+000 9.56588932e-041 2.95694255e-033 1.37409319e-013
  1.14677744e-031 7.30887796e-030 4.76367066e-059 4.13415566e-013
  1.66562182e-011 3.67211241e-040 3.03909096e-040 8.11885322e-039
  3.61917096e-037 2.96023770e-038 1.95001063e-040 4.88822023e-012
  1.00000000e+000]
 [6.60140158e-038 4.81422814e-044 2.13228712e-068 7.91356053e-101
  9.56588932e-041 1.00000000e+000 2.87526064e-037 1.62550829e-023
  7.58678121e-030 1.06521261e-043 1.62318182e-053 3.13090263e-058
  2.92467519e-043 6.45948216e-048 7.42999993e-055 1.35871756e-049
  1.34460343e-038 2.39516356e-039 2.26837272e-056 5.65261146e-037
  1.00000000e+000]
 [4.27366095e-025 1.49563051e-028 3.52235112e-035 4.09687135e-032
  2.95694255e-033 2.87526064e-037 1.00000000e+000 3.31947385e-054
  6.06337440e-008 8.39443943e-040 5.04507213e-019 4.90185043e-034
  2.01004169e-049 1.79393896e-031 1.32909393e-043 9.39780257e-022
  2.00243479e-029 6.38853966e-022 5.06113217e-047 1.10648614e-027
  1.00000000e+000]
 [4.13587963e-048 1.15933260e-044 6.00342572e-064 2.82940230e-110
  1.37409319e-013 1.62550829e-023 3.31947385e-054 1.00000000e+000
  5.19993744e-039 3.81804391e-042 2.56979735e-087 2.36209001e-029
  1.60779092e-010 2.02064830e-057 8.17821706e-039 8.67659223e-062
  5.21916728e-037 4.54443419e-055 1.46915624e-059 1.36477089e-017
  1.00000000e+000]
 [1.50469159e-029 1.55750445e-037 2.07259334e-024 1.46163006e-047
  1.14677744e-031 7.58678121e-030 6.06337440e-008 5.19993744e-039
  1.00000000e+000 4.81162593e-034 3.77697900e-040 9.88965558e-024
  2.24559935e-039 1.00167412e-030 1.46408204e-021 3.57317797e-030
  4.37890923e-014 8.57157084e-026 2.21689320e-050 4.28909937e-020
  1.00000000e+000]
 [1.38646974e-012 4.91621369e-034 1.24777386e-064 2.32136923e-043
  7.30887796e-030 1.06521261e-043 8.39443943e-040 3.81804391e-042
  4.81162593e-034 1.00000000e+000 7.79956113e-065 1.47511005e-019
  3.39529251e-058 1.74319548e-007 6.14131300e-038 5.47452918e-024
  4.62199206e-049 1.90084440e-015 4.75123950e-029 3.57611539e-049
  1.00000000e+000]
 [1.02925643e-028 5.21439845e-021 1.30958600e-072 6.80394629e-061
  4.76367066e-059 1.62318182e-053 5.04507213e-019 2.56979735e-087
  3.77697900e-040 7.79956113e-065 1.00000000e+000 1.53885274e-078
  1.12444704e-078 1.20039424e-063 1.00272568e-109 1.82051890e-054
  2.14379684e-054 9.30401668e-053 2.37325324e-034 1.73080574e-055
  1.00000000e+000]
 [7.64508650e-032 5.04001114e-042 5.63043650e-039 2.09270779e-046
  4.13415566e-013 3.13090263e-058 4.90185043e-034 2.36209001e-029
  9.88965558e-024 1.47511005e-019 1.53885274e-078 1.00000000e+000
  1.16668541e-029 6.24278097e-025 1.99440941e-016 1.07073376e-031
  4.56271513e-034 1.42816890e-029 1.76535671e-050 2.86456630e-022
  1.00000000e+000]
 [8.02273815e-059 2.27076378e-035 2.85772077e-069 2.04451193e-102
  1.66562182e-011 2.92467519e-043 2.01004169e-049 1.60779092e-010
  2.24559935e-039 3.39529251e-058 1.12444704e-078 1.16668541e-029
  1.00000000e+000 3.80286129e-076 1.89543373e-047 2.82689821e-071
  6.11248632e-039 1.77165943e-070 9.37435813e-060 1.51168991e-014
  1.00000000e+000]
 [1.92102279e-018 7.64247038e-050 4.08152025e-059 6.14696208e-028
  3.67211241e-040 6.45948216e-048 1.79393896e-031 2.02064830e-057
  1.00167412e-030 1.74319548e-007 1.20039424e-063 6.24278097e-025
  3.80286129e-076 1.00000000e+000 2.14076024e-034 1.67230080e-009
  6.60249937e-058 4.50164637e-004 1.63284557e-050 5.04535431e-057
  1.00000000e+000]
 [7.21980851e-062 1.24986863e-080 3.62194372e-045 1.23993489e-063
  3.03909096e-040 7.42999993e-055 1.32909393e-043 8.17821706e-039
  1.46408204e-021 6.14131300e-038 1.00272568e-109 1.99440941e-016
  1.89543373e-047 2.14076024e-034 1.00000000e+000 8.00694587e-039
  8.52860092e-041 5.99103062e-035 3.98885677e-094 8.41165036e-039
  1.00000000e+000]
 [2.30598007e-031 1.44882633e-050 3.49797633e-069 4.08751461e-016
  8.11885322e-039 1.35871756e-049 9.39780257e-022 8.67659223e-062
  3.57317797e-030 5.47452918e-024 1.82051890e-054 1.07073376e-031
  2.82689821e-071 1.67230080e-009 8.00694587e-039 1.00000000e+000
  7.34698480e-071 6.97224894e-003 1.27556380e-068 1.92019173e-057
  1.00000000e+000]
 [5.80396423e-035 1.20579951e-043 3.85058003e-015 2.09067043e-096
  3.61917096e-037 1.34460343e-038 2.00243479e-029 5.21916728e-037
  4.37890923e-014 4.62199206e-049 2.14379684e-054 4.56271513e-034
  6.11248632e-039 6.60249937e-058 8.52860092e-041 7.34698480e-071
  1.00000000e+000 1.05040864e-059 4.61345395e-044 1.99169208e-013
  1.00000000e+000]
 [1.16649526e-022 2.00192981e-047 4.22134867e-061 3.53223458e-023
  2.96023770e-038 2.39516356e-039 6.38853966e-022 4.54443419e-055
  8.57157084e-026 1.90084440e-015 9.30401668e-053 1.42816890e-029
  1.77165943e-070 4.50164637e-004 5.99103062e-035 6.97224894e-003
  1.05040864e-059 1.00000000e+000 5.96366741e-058 1.39933338e-053
  1.00000000e+000]
 [1.97893396e-012 3.57690066e-010 9.54081576e-077 9.28996150e-079
  1.95001063e-040 2.26837272e-056 5.06113217e-047 1.46915624e-059
  2.21689320e-050 4.75123950e-029 2.37325324e-034 1.76535671e-050
  9.37435813e-060 1.63284557e-050 3.98885677e-094 1.27556380e-068
  4.61345395e-044 5.96366741e-058 1.00000000e+000 5.94180678e-050
  1.00000000e+000]
 [4.59753919e-037 2.40674995e-035 1.86439000e-023 6.12127416e-088
  4.88822023e-012 5.65261146e-037 1.10648614e-027 1.36477089e-017
  4.28909937e-020 3.57611539e-049 1.73080574e-055 2.86456630e-022
  1.51168991e-014 5.04535431e-057 8.41165036e-039 1.92019173e-057
  1.99169208e-013 1.39933338e-053 5.94180678e-050 1.00000000e+000
  1.00000000e+000]
 [1.00000000e+000 1.00000000e+000 1.00000000e+000 1.00000000e+000
  1.00000000e+000 1.00000000e+000 1.00000000e+000 1.00000000e+000
  1.00000000e+000 1.00000000e+000 1.00000000e+000 1.00000000e+000
  1.00000000e+000 1.00000000e+000 1.00000000e+000 1.00000000e+000
  1.00000000e+000 1.00000000e+000 1.00000000e+000 1.00000000e+000
  0.00000000e+000]]
