[[1.00000000e+00 8.93839371e-55 5.40799186e-90 ... 6.24937921e-79
  1.49478861e-33 1.00000000e+00]
 [8.93839371e-55 1.00000000e+00 1.50026291e-25 ... 2.17090682e-55
  5.20180338e-16 1.00000000e+00]
 [5.40799186e-90 1.50026291e-25 1.00000000e+00 ... 8.49796301e-25
  1.59135211e-33 1.00000000e+00]
 ...
 [6.24937921e-79 2.17090682e-55 8.49796301e-25 ... 1.00000000e+00
  1.08398190e-51 1.00000000e+00]
 [1.49478861e-33 5.20180338e-16 1.59135211e-33 ... 1.08398190e-51
  1.00000000e+00 1.00000000e+00]
 [1.00000000e+00 1.00000000e+00 1.00000000e+00 ... 1.00000000e+00
  1.00000000e+00 0.00000000e+00]]
