[[1.00000000e+000 3.96190020e-072 1.37598755e-041 2.01982437e-040
  3.78943995e-029 1.10208423e-049 2.46646977e-054 3.58273925e-014
  6.09405269e-055 8.29862787e-055 4.53119082e-027 1.25225818e-047
  2.71913627e-012 1.02056602e-032 3.88832721e-069 1.09533462e-032
  1.55541651e-023 7.30656498e-051 5.94096960e-022 4.36444138e-029
  1.00000000e+000]
 [3.96190020e-072 1.00000000e+000 5.42099051e-052 1.00787698e-034
  2.48930157e-093 2.30381182e-064 1.69670529e-108 1.58833611e-067
  2.80807728e-041 3.27939826e-040 4.33815169e-074 1.71154350e-048
  8.34627558e-041 3.02380023e-101 3.59952035e-014 3.09154127e-050
  5.91147503e-032 4.46027617e-105 3.73113421e-039 2.24092453e-038
  1.00000000e+000]
 [1.37598755e-041 5.42099051e-052 1.00000000e+000 3.05840307e-029
  2.17202322e-068 3.13601860e-053 2.15613168e-028 1.38897596e-026
  1.99877933e-051 5.79771283e-064 5.82335803e-017 1.43979837e-052
  2.08673441e-048 1.62137196e-026 2.36636548e-045 3.63424137e-020
  2.77179440e-032 3.31028843e-033 6.65460734e-013 5.81288191e-045
  1.00000000e+000]
 [2.01982437e-040 1.00787698e-034 3.05840307e-029 1.00000000e+000
  1.32225230e-048 3.68891463e-016 3.25898437e-046 2.82607581e-036
  2.47836186e-051 1.37519517e-048 1.44075602e-051 2.84964249e-051
  4.93679875e-037 9.63497173e-052 5.88402220e-021 9.15924971e-023
  4.41303145e-036 2.39810973e-047 2.79136049e-034 2.15670124e-008
  1.00000000e+000]
 [3.78943995e-029 2.48930157e-093 2.17202322e-068 1.32225230e-048
  1.00000000e+000 9.39848331e-032 3.91757450e-036 4.20801074e-039
  1.01412348e-044 1.67907097e-061 4.38002643e-066 2.50952907e-047
  1.01818884e-045 5.57320546e-045 1.61774026e-067 2.23110040e-036
  8.38251499e-067 2.44334791e-037 2.97139709e-067 2.43821090e-041
  1.00000000e+000]
 [1.10208423e-049 2.30381182e-064 3.13601860e-053 3.68891463e-016
  9.39848331e-032 1.00000000e+000 1.94092360e-038 4.63148053e-035
  1.26200645e-039 7.50570883e-046 4.11767301e-069 1.54396579e-037
  3.98883618e-061 1.32585526e-049 1.51461111e-026 1.71250848e-035
  6.52183626e-054 2.15348070e-030 2.77654597e-062 4.89183489e-018
  1.00000000e+000]
 [2.46646977e-054 1.69670529e-108 2.15613168e-028 3.25898437e-046
  3.91757450e-036 1.94092360e-038 1.00000000e+000 6.61394775e-039
  6.10083587e-061 1.65316571e-081 4.61085131e-041 1.96845335e-064
  4.35787564e-082 8.81742272e-024 4.60169075e-072 1.74870978e-025
  6.93565889e-079 1.47297160e-006 7.05174519e-058 5.65830842e-060
  1.00000000e+000]
 [3.58273925e-014 1.58833611e-067 1.38897596e-026 2.82607581e-036
  4.20801074e-039 4.63148053e-035 6.61394775e-039 1.00000000e+000
  8.96746657e-032 2.38341292e-054 2.64947807e-025 4.15764051e-022
  2.87171269e-035 3.10203353e-012 1.93812566e-049 1.75791154e-037
  8.15990690e-015 2.44701881e-031 1.25373053e-016 8.34811581e-036
  1.00000000e+000]
 [6.09405269e-055 2.80807728e-041 1.99877933e-051 2.47836186e-051
  1.01412348e-044 1.26200645e-039 6.10083587e-061 8.96746657e-032
  1.00000000e+000 1.81011917e-042 2.86119976e-066 1.55256546e-003
  9.34867871e-059 5.07562574e-047 1.39346416e-022 1.27472896e-052
  9.72345379e-032 7.01046619e-053 2.12376129e-044 1.32010517e-054
  1.00000000e+000]
 [8.29862787e-055 3.27939826e-040 5.79771283e-064 1.37519517e-048
  1.67907097e-061 7.50570883e-046 1.65316571e-081 2.38341292e-054
  1.81011917e-042 1.00000000e+000 9.44080689e-047 5.21753424e-047
  8.97604104e-039 9.13311272e-098 2.31804624e-031 2.25809830e-030
  3.06618868e-048 6.74615015e-059 3.50863739e-057 5.10141490e-029
  1.00000000e+000]
 [4.53119082e-027 4.33815169e-074 5.82335803e-017 1.44075602e-051
  4.38002643e-066 4.11767301e-069 4.61085131e-041 2.64947807e-025
  2.86119976e-066 9.44080689e-047 1.00000000e+000 4.07648869e-064
  2.27876261e-035 1.62583247e-039 3.43791520e-071 1.44294576e-019
  4.81001716e-036 4.05829861e-034 2.54328141e-018 2.16984134e-047
  1.00000000e+000]
 [1.25225818e-047 1.71154350e-048 1.43979837e-052 2.84964249e-051
  2.50952907e-047 1.54396579e-037 1.96845335e-064 4.15764051e-022
  1.55256546e-003 5.21753424e-047 4.07648869e-064 1.00000000e+000
  1.65300518e-057 2.37323003e-039 2.72861066e-027 2.42010083e-059
  4.49359780e-024 3.18636090e-053 2.75996794e-040 9.98807517e-053
  1.00000000e+000]
 [2.71913627e-012 8.34627558e-041 2.08673441e-048 4.93679875e-037
  1.01818884e-045 3.98883618e-061 4.35787564e-082 2.87171269e-035
  9.34867871e-059 8.97604104e-039 2.27876261e-035 1.65300518e-057
  1.00000000e+000 2.21967599e-067 5.64896907e-055 2.36795550e-030
  4.94073609e-023 2.21904789e-078 2.35502634e-023 2.84865211e-022
  1.00000000e+000]
 [1.02056602e-032 3.02380023e-101 1.62137196e-026 9.63497173e-052
  5.57320546e-045 1.32585526e-049 8.81742272e-024 3.10203353e-012
  5.07562574e-047 9.13311272e-098 1.62583247e-039 2.37323003e-039
  2.21967599e-067 1.00000000e+000 7.34209940e-075 5.29546776e-050
  1.12820989e-040 3.30750467e-028 6.40383102e-031 1.20888028e-065
  1.00000000e+000]
 [3.88832721e-069 3.59952035e-014 2.36636548e-045 5.88402220e-021
  1.61774026e-067 1.51461111e-026 4.60169075e-072 1.93812566e-049
  1.39346416e-022 2.31804624e-031 3.43791520e-071 2.72861066e-027
  5.64896907e-055 7.34209940e-075 1.00000000e+000 8.18255489e-041
  1.81908513e-035 3.86625203e-064 3.64040647e-046 1.68068832e-027
  1.00000000e+000]
 [1.09533462e-032 3.09154127e-050 3.63424137e-020 9.15924971e-023
  2.23110040e-036 1.71250848e-035 1.74870978e-025 1.75791154e-037
  1.27472896e-052 2.25809830e-030 1.44294576e-019 2.42010083e-059
  2.36795550e-030 5.29546776e-050 8.18255489e-041 1.00000000e+000
  6.58663358e-048 6.18072317e-025 2.20319646e-032 5.99291096e-022
  1.00000000e+000]
 [1.55541651e-023 5.91147503e-032 2.77179440e-032 4.41303145e-036
  8.38251499e-067 6.52183626e-054 6.93565889e-079 8.15990690e-015
  9.72345379e-032 3.06618868e-048 4.81001716e-036 4.49359780e-024
  4.94073609e-023 1.12820989e-040 1.81908513e-035 6.58663358e-048
  1.00000000e+000 5.10405079e-071 1.97705511e-008 1.14814728e-034
  1.00000000e+000]
 [7.30656498e-051 4.46027617e-105 3.31028843e-033 2.39810973e-047
  2.44334791e-037 2.15348070e-030 1.47297160e-006 2.44701881e-031
  7.01046619e-053 6.74615015e-059 4.05829861e-034 3.18636090e-053
  2.21904789e-078 3.30750467e-028 3.86625203e-064 6.18072317e-025
  5.10405079e-071 1.00000000e+000 5.28534576e-058 4.27340584e-052
  1.00000000e+000]
 [5.94096960e-022 3.73113421e-039 6.65460734e-013 2.79136049e-034
  2.97139709e-067 2.77654597e-062 7.05174519e-058 1.25373053e-016
  2.12376129e-044 3.50863739e-057 2.54328141e-018 2.75996794e-040
  2.35502634e-023 6.40383102e-031 3.64040647e-046 2.20319646e-032
  1.97705511e-008 5.28534576e-058 1.00000000e+000 2.78215975e-039
  1.00000000e+000]
 [4.36444138e-029 2.24092453e-038 5.81288191e-045 2.15670124e-008
  2.43821090e-041 4.89183489e-018 5.65830842e-060 8.34811581e-036
  1.32010517e-054 5.10141490e-029 2.16984134e-047 9.98807517e-053
  2.84865211e-022 1.20888028e-065 1.68068832e-027 5.99291096e-022
  1.14814728e-034 4.27340584e-052 2.78215975e-039 1.00000000e+000
  1.00000000e+000]
 [1.00000000e+000 1.00000000e+000 1.00000000e+000 1.00000000e+000
  1.00000000e+000 1.00000000e+000 1.00000000e+000 1.00000000e+000
  1.00000000e+000 1.00000000e+000 1.00000000e+000 1.00000000e+000
  1.00000000e+000 1.00000000e+000 1.00000000e+000 1.00000000e+000
  1.00000000e+000 1.00000000e+000 1.00000000e+000 1.00000000e+000
  0.00000000e+000]]
