[[1.00000000e+000 2.18609705e-033 2.83729423e-080 3.14543361e-084
  6.59447931e-040 6.95801477e-069 1.52688011e-072 1.07936161e-061
  5.77910989e-034 8.05196359e-020 7.01917915e-029 8.63015688e-040
  1.75840879e-018 1.63877582e-023 1.06838152e-008 1.24498443e-018
  1.40094663e-031 2.00449411e-041 4.52462517e-031 5.92048621e-091
  1.00000000e+000]
 [2.18609705e-033 1.00000000e+000 2.39474859e-050 9.70797475e-020
  3.51679397e-009 1.23141538e-037 1.03348800e-019 1.29134660e-045
  5.57958581e-013 1.41253234e-026 1.33923981e-032 2.88846681e-015
  6.45242291e-023 3.51116583e-042 1.91832333e-019 8.39550417e-035
  1.42237190e-017 4.73434006e-050 9.66753389e-026 1.79183195e-028
  1.00000000e+000]
 [2.83729423e-080 2.39474859e-050 1.00000000e+000 1.25606107e-053
  2.46544089e-033 1.45115832e-025 2.22475288e-034 7.20448635e-082
  9.16257159e-086 4.83178733e-077 2.32410816e-050 1.81717169e-027
  3.76428458e-057 3.65488294e-092 7.82829605e-073 1.17783310e-102
  5.26787797e-039 1.00698376e-029 4.47604926e-018 7.79579409e-026
  1.00000000e+000]
 [3.14543361e-084 9.70797475e-020 1.25606107e-053 1.00000000e+000
  2.83708808e-028 1.37118208e-026 3.36090813e-027 8.81533676e-044
  1.51860075e-027 6.55660075e-062 2.30001499e-049 5.98184735e-016
  4.79264791e-062 8.54654841e-087 3.38165905e-064 3.41775154e-078
  5.75377512e-025 1.74729626e-065 5.24086865e-048 3.03886354e-008
  1.00000000e+000]
 [6.59447931e-040 3.51679397e-009 2.46544089e-033 2.83708808e-028
  1.00000000e+000 2.89003917e-037 1.59331208e-025 1.30872242e-075
  2.48638296e-036 1.62770140e-050 4.63671919e-041 2.17735816e-013
  1.24771674e-020 7.02596206e-041 1.33409906e-024 1.63092634e-044
  8.53434145e-023 4.86932090e-039 8.89282350e-022 3.21313439e-026
  1.00000000e+000]
 [6.95801477e-069 1.23141538e-037 1.45115832e-025 1.37118208e-026
  2.89003917e-037 1.00000000e+000 3.54273397e-044 2.69198663e-046
  1.70552600e-046 1.10082649e-050 1.41043910e-018 1.04917958e-013
  2.28217157e-051 1.97706232e-070 6.62802883e-067 6.67216754e-070
  1.69707218e-012 7.54936171e-040 1.36175117e-020 4.93190619e-014
  1.00000000e+000]
 [1.52688011e-072 1.03348800e-019 2.22475288e-034 3.36090813e-027
  1.59331208e-025 3.54273397e-044 1.00000000e+000 1.53046616e-050
  1.98990310e-047 7.83091629e-048 1.51290110e-051 8.82315128e-029
  6.57822493e-042 9.43105459e-076 1.03470427e-045 1.76181320e-072
  1.72724623e-033 8.73936214e-047 5.17233251e-040 8.04717978e-025
  1.00000000e+000]
 [1.07936161e-061 1.29134660e-045 7.20448635e-082 8.81533676e-044
  1.30872242e-075 2.69198663e-046 1.53046616e-050 1.00000000e+000
  2.51630883e-026 5.42417556e-026 7.88377709e-036 1.04949824e-038
  1.14170873e-072 1.49724507e-094 7.94213295e-061 7.29950464e-074
  3.25547327e-031 2.78417328e-058 7.97012294e-055 6.69780706e-056
  1.00000000e+000]
 [5.77910989e-034 5.57958581e-013 9.16257159e-086 1.51860075e-027
  2.48638296e-036 1.70552600e-046 1.98990310e-047 2.51630883e-026
  1.00000000e+000 1.96795618e-019 1.08083668e-032 5.28966133e-026
  1.19084876e-043 1.44669109e-056 1.02593441e-030 3.21284962e-038
  2.21724265e-022 5.20112504e-070 2.83529714e-041 1.09764347e-047
  1.00000000e+000]
 [8.05196359e-020 1.41253234e-026 4.83178733e-077 6.55660075e-062
  1.62770140e-050 1.10082649e-050 7.83091629e-048 5.42417556e-026
  1.96795618e-019 1.00000000e+000 1.12498697e-017 1.18691824e-039
  1.02373016e-029 1.72526298e-041 1.81525920e-022 1.54102460e-026
  3.37096541e-023 6.73810122e-054 1.45684315e-032 3.68433876e-071
  1.00000000e+000]
 [7.01917915e-029 1.33923981e-032 2.32410816e-050 2.30001499e-049
  4.63671919e-041 1.41043910e-018 1.51290110e-051 7.88377709e-036
  1.08083668e-032 1.12498697e-017 1.00000000e+000 6.25695200e-021
  1.88952609e-022 9.21042972e-029 2.07309813e-031 8.78757203e-025
  6.23234529e-006 1.34881581e-030 3.08085828e-022 1.88565159e-046
  1.00000000e+000]
 [8.63015688e-040 2.88846681e-015 1.81717169e-027 5.98184735e-016
  2.17735816e-013 1.04917958e-013 8.82315128e-029 1.04949824e-038
  5.28966133e-026 1.18691824e-039 6.25695200e-021 1.00000000e+000
  1.62646288e-028 3.62179995e-047 3.98082282e-032 1.72608670e-046
  1.22333413e-006 1.87364592e-022 6.66266207e-017 6.94769550e-014
  1.00000000e+000]
 [1.75840879e-018 6.45242291e-023 3.76428458e-057 4.79264791e-062
  1.24771674e-020 2.28217157e-051 6.57822493e-042 1.14170873e-072
  1.19084876e-043 1.02373016e-029 1.88952609e-022 1.62646288e-028
  1.00000000e+000 6.67772196e-007 3.55232000e-007 1.29020126e-010
  1.21624120e-019 4.06734950e-029 6.60656833e-032 1.86068175e-062
  1.00000000e+000]
 [1.63877582e-023 3.51116583e-042 3.65488294e-092 8.54654841e-087
  7.02596206e-041 1.97706232e-070 9.43105459e-076 1.49724507e-094
  1.44669109e-056 1.72526298e-041 9.21042972e-029 3.62179995e-047
  6.67772196e-007 1.00000000e+000 2.64934446e-015 1.12631277e-004
  6.40433474e-031 1.81250486e-047 1.54577920e-054 5.56569529e-092
  1.00000000e+000]
 [1.06838152e-008 1.91832333e-019 7.82829605e-073 3.38165905e-064
  1.33409906e-024 6.62802883e-067 1.03470427e-045 7.94213295e-061
  1.02593441e-030 1.81525920e-022 2.07309813e-031 3.98082282e-032
  3.55232000e-007 2.64934446e-015 1.00000000e+000 1.94679113e-012
  3.01145383e-026 8.47525398e-036 1.67985955e-036 1.09074001e-073
  1.00000000e+000]
 [1.24498443e-018 8.39550417e-035 1.17783310e-102 3.41775154e-078
  1.63092634e-044 6.67216754e-070 1.76181320e-072 7.29950464e-074
  3.21284962e-038 1.54102460e-026 8.78757203e-025 1.72608670e-046
  1.29020126e-010 1.12631277e-004 1.94679113e-012 1.00000000e+000
  1.16072584e-027 5.36617214e-056 1.95847230e-055 3.70861542e-091
  1.00000000e+000]
 [1.40094663e-031 1.42237190e-017 5.26787797e-039 5.75377512e-025
  8.53434145e-023 1.69707218e-012 1.72724623e-033 3.25547327e-031
  2.21724265e-022 3.37096541e-023 6.23234529e-006 1.22333413e-006
  1.21624120e-019 6.40433474e-031 3.01145383e-026 1.16072584e-027
  1.00000000e+000 1.68896160e-024 2.98244878e-019 5.53564036e-025
  1.00000000e+000]
 [2.00449411e-041 4.73434006e-050 1.00698376e-029 1.74729626e-065
  4.86932090e-039 7.54936171e-040 8.73936214e-047 2.78417328e-058
  5.20112504e-070 6.73810122e-054 1.34881581e-030 1.87364592e-022
  4.06734950e-029 1.81250486e-047 8.47525398e-036 5.36617214e-056
  1.68896160e-024 1.00000000e+000 6.37479472e-030 3.42207178e-052
  1.00000000e+000]
 [4.52462517e-031 9.66753389e-026 4.47604926e-018 5.24086865e-048
  8.89282350e-022 1.36175117e-020 5.17233251e-040 7.97012294e-055
  2.83529714e-041 1.45684315e-032 3.08085828e-022 6.66266207e-017
  6.60656833e-032 1.54577920e-054 1.67985955e-036 1.95847230e-055
  2.98244878e-019 6.37479472e-030 1.00000000e+000 3.63538580e-034
  1.00000000e+000]
 [5.92048621e-091 1.79183195e-028 7.79579409e-026 3.03886354e-008
  3.21313439e-026 4.93190619e-014 8.04717978e-025 6.69780706e-056
  1.09764347e-047 3.68433876e-071 1.88565159e-046 6.94769550e-014
  1.86068175e-062 5.56569529e-092 1.09074001e-073 3.70861542e-091
  5.53564036e-025 3.42207178e-052 3.63538580e-034 1.00000000e+000
  1.00000000e+000]
 [1.00000000e+000 1.00000000e+000 1.00000000e+000 1.00000000e+000
  1.00000000e+000 1.00000000e+000 1.00000000e+000 1.00000000e+000
  1.00000000e+000 1.00000000e+000 1.00000000e+000 1.00000000e+000
  1.00000000e+000 1.00000000e+000 1.00000000e+000 1.00000000e+000
  1.00000000e+000 1.00000000e+000 1.00000000e+000 1.00000000e+000
  0.00000000e+000]]
