[[1.         0.0837382  0.45183498 ... 0.00636804 0.36958977 0.08462618]
 [0.0837382  1.         0.04913042 ... 0.06674008 0.03974911 0.01724422]
 [0.45183498 0.04913042 1.         ... 0.03490676 0.38686866 0.27685362]
 ...
 [0.00636804 0.06674008 0.03490676 ... 1.         0.01316697 0.02012119]
 [0.36958977 0.03974911 0.38686866 ... 0.01316697 1.         0.04134816]
 [0.08462618 0.01724422 0.27685362 ... 0.02012119 0.04134816 1.        ]]
