[[1.00000000e+000 1.11301430e-036 1.67250506e-029 2.71309016e-041
  4.88217445e-047 3.72297778e-017 8.61720783e-037 4.58141390e-028
  2.48495825e-043 4.39939253e-029 3.08651017e-058 1.44304304e-016
  4.48264697e-032 2.44292943e-054 4.40717145e-054 2.26546802e-011
  2.76215822e-023 3.61013935e-034 8.63553698e-036 3.39535849e-036
  1.00000000e+000]
 [1.11301430e-036 1.00000000e+000 3.01128367e-020 2.08747721e-095
  1.53194365e-040 2.56424232e-023 8.06520278e-064 4.19557188e-034
  1.04091975e-076 8.28096025e-052 3.92968814e-062 1.95432502e-057
  1.29327965e-023 6.51387376e-080 1.74572198e-042 2.96427713e-054
  2.21141414e-020 5.17343524e-044 8.48082733e-028 9.91503871e-015
  1.00000000e+000]
 [1.67250506e-029 3.01128367e-020 1.00000000e+000 2.33897141e-055
  2.13344337e-065 1.33846850e-031 1.57522935e-037 1.26368076e-008
  7.16176159e-048 5.92542283e-015 8.26115039e-022 5.74033424e-022
  7.04660757e-008 1.39324608e-022 5.98215980e-011 8.27863118e-024
  3.96491861e-002 1.11769973e-012 8.45718863e-007 1.50952719e-007
  1.00000000e+000]
 [2.71309016e-041 2.08747721e-095 2.33897141e-055 1.00000000e+000
  5.61219429e-124 1.62526943e-055 1.02106688e-076 4.83727886e-055
  1.00767618e-051 8.13684039e-035 1.34910989e-055 7.59993842e-048
  1.74454205e-049 5.73109714e-033 3.24822780e-082 5.81183722e-045
  3.25353013e-057 9.12208231e-039 3.85355283e-041 2.23346279e-055
  1.00000000e+000]
 [4.88217445e-047 1.53194365e-040 2.13344337e-065 5.61219429e-124
  1.00000000e+000 6.12867240e-021 1.35437510e-052 1.74704798e-084
  6.03373103e-081 7.21246705e-095 7.41663985e-078 6.41437995e-069
  4.05512442e-075 1.20375229e-132 1.27370156e-088 1.97003997e-077
  4.21567738e-061 2.11335594e-102 9.89053967e-081 8.02445885e-071
  1.00000000e+000]
 [3.72297778e-017 2.56424232e-023 1.33846850e-031 1.62526943e-055
  6.12867240e-021 1.00000000e+000 5.93682184e-033 2.52897380e-037
  2.92138958e-045 8.04498360e-039 1.28457533e-053 6.49421520e-042
  2.02627026e-037 1.28073762e-071 2.09947180e-051 5.80014679e-042
  5.39571235e-032 2.40922991e-054 2.40286350e-032 7.16526954e-035
  1.00000000e+000]
 [8.61720783e-037 8.06520278e-064 1.57522935e-037 1.02106688e-076
  1.35437510e-052 5.93682184e-033 1.00000000e+000 2.79990344e-028
  1.50133340e-021 2.05373216e-029 3.07562147e-039 8.07906891e-028
  8.82339547e-049 1.47043383e-052 3.01473059e-034 8.38862932e-039
  1.39639326e-037 1.04789083e-071 3.60806881e-052 5.72816083e-066
  1.00000000e+000]
 [4.58141390e-028 4.19557188e-034 1.26368076e-008 4.83727886e-055
  1.74704798e-084 2.52897380e-037 2.79990344e-028 1.00000000e+000
  1.41335747e-039 7.83240003e-006 1.52011035e-038 5.79632772e-023
  1.25609196e-016 9.40308299e-022 8.69679077e-011 2.97083748e-021
  2.00708581e-010 1.13666077e-023 5.65890860e-014 1.85209550e-023
  1.00000000e+000]
 [2.48495825e-043 1.04091975e-076 7.16176159e-048 1.00767618e-051
  6.03373103e-081 2.92138958e-045 1.50133340e-021 1.41335747e-039
  1.00000000e+000 6.16396608e-040 9.73076034e-038 8.56320480e-042
  5.17325947e-036 3.88287976e-049 5.43859417e-064 3.82671239e-053
  4.69856734e-048 8.33944447e-073 4.47508046e-061 2.14335908e-062
  1.00000000e+000]
 [4.39939253e-029 8.28096025e-052 5.92542283e-015 8.13684039e-035
  7.21246705e-095 8.04498360e-039 2.05373216e-029 7.83240003e-006
  6.16396608e-040 1.00000000e+000 4.22187579e-036 1.71303258e-021
  8.11340591e-026 1.53451206e-012 4.10483178e-015 6.38885842e-020
  3.08513041e-018 2.37483490e-022 9.44270756e-013 7.66741279e-032
  1.00000000e+000]
 [3.08651017e-058 3.92968814e-062 8.26115039e-022 1.34910989e-055
  7.41663985e-078 1.28457533e-053 3.07562147e-039 1.52011035e-038
  9.73076034e-038 4.22187579e-036 1.00000000e+000 2.65543619e-031
  1.42724286e-024 2.44966998e-023 9.98863171e-033 1.26042803e-047
  2.11287906e-024 1.42910094e-034 3.85115868e-031 1.07463151e-032
  1.00000000e+000]
 [1.44304304e-016 1.95432502e-057 5.74033424e-022 7.59993842e-048
  6.41437995e-069 6.49421520e-042 8.07906891e-028 5.79632772e-023
  8.56320480e-042 1.71303258e-021 2.65543619e-031 1.00000000e+000
  5.35992526e-031 8.35513063e-028 3.48130323e-034 4.94116048e-004
  8.85553931e-016 6.98318818e-024 6.88909542e-035 2.23631941e-040
  1.00000000e+000]
 [4.48264697e-032 1.29327965e-023 7.04660757e-008 1.74454205e-049
  4.05512442e-075 2.02627026e-037 8.82339547e-049 1.25609196e-016
  5.17325947e-036 8.11340591e-026 1.42724286e-024 5.35992526e-031
  1.00000000e+000 2.64272799e-028 8.17389586e-031 3.63972653e-033
  3.31563300e-008 1.21895987e-017 2.34879239e-016 2.31445713e-006
  1.00000000e+000]
 [2.44292943e-054 6.51387376e-080 1.39324608e-022 5.73109714e-033
  1.20375229e-132 1.28073762e-071 1.47043383e-052 9.40308299e-022
  3.88287976e-049 1.53451206e-012 2.44966998e-023 8.35513063e-028
  2.64272799e-028 1.00000000e+000 2.97924956e-026 7.81268023e-032
  3.18978309e-026 3.90702867e-018 3.63951874e-021 3.87442686e-037
  1.00000000e+000]
 [4.40717145e-054 1.74572198e-042 5.98215980e-011 3.24822780e-082
  1.27370156e-088 2.09947180e-051 3.01473059e-034 8.69679077e-011
  5.43859417e-064 4.10483178e-015 9.98863171e-033 3.48130323e-034
  8.17389586e-031 2.97924956e-026 1.00000000e+000 2.96593316e-038
  6.69485138e-016 4.78927729e-032 3.90421925e-016 2.04670664e-031
  1.00000000e+000]
 [2.26546802e-011 2.96427713e-054 8.27863118e-024 5.81183722e-045
  1.97003997e-077 5.80014679e-042 8.38862932e-039 2.97083748e-021
  3.82671239e-053 6.38885842e-020 1.26042803e-047 4.94116048e-004
  3.63972653e-033 7.81268023e-032 2.96593316e-038 1.00000000e+000
  4.46308832e-017 3.21677250e-020 1.04603719e-032 3.62249512e-039
  1.00000000e+000]
 [2.76215822e-023 2.21141414e-020 3.96491861e-002 3.25353013e-057
  4.21567738e-061 5.39571235e-032 1.39639326e-037 2.00708581e-010
  4.69856734e-048 3.08513041e-018 2.11287906e-024 8.85553931e-016
  3.31563300e-008 3.18978309e-026 6.69485138e-016 4.46308832e-017
  1.00000000e+000 1.04404985e-011 7.89821889e-012 4.26181862e-009
  1.00000000e+000]
 [3.61013935e-034 5.17343524e-044 1.11769973e-012 9.12208231e-039
  2.11335594e-102 2.40922991e-054 1.04789083e-071 1.13666077e-023
  8.33944447e-073 2.37483490e-022 1.42910094e-034 6.98318818e-024
  1.21895987e-017 3.90702867e-018 4.78927729e-032 3.21677250e-020
  1.04404985e-011 1.00000000e+000 3.53351038e-012 1.40966029e-013
  1.00000000e+000]
 [8.63553698e-036 8.48082733e-028 8.45718863e-007 3.85355283e-041
  9.89053967e-081 2.40286350e-032 3.60806881e-052 5.65890860e-014
  4.47508046e-061 9.44270756e-013 3.85115868e-031 6.88909542e-035
  2.34879239e-016 3.63951874e-021 3.90421925e-016 1.04603719e-032
  7.89821889e-012 3.53351038e-012 1.00000000e+000 7.28631681e-010
  1.00000000e+000]
 [3.39535849e-036 9.91503871e-015 1.50952719e-007 2.23346279e-055
  8.02445885e-071 7.16526954e-035 5.72816083e-066 1.85209550e-023
  2.14335908e-062 7.66741279e-032 1.07463151e-032 2.23631941e-040
  2.31445713e-006 3.87442686e-037 2.04670664e-031 3.62249512e-039
  4.26181862e-009 1.40966029e-013 7.28631681e-010 1.00000000e+000
  1.00000000e+000]
 [1.00000000e+000 1.00000000e+000 1.00000000e+000 1.00000000e+000
  1.00000000e+000 1.00000000e+000 1.00000000e+000 1.00000000e+000
  1.00000000e+000 1.00000000e+000 1.00000000e+000 1.00000000e+000
  1.00000000e+000 1.00000000e+000 1.00000000e+000 1.00000000e+000
  1.00000000e+000 1.00000000e+000 1.00000000e+000 1.00000000e+000
  0.00000000e+000]]
