[[1.00000000e+000 1.42370401e-076 3.66510285e-026 1.18686053e-050
  2.90412715e-036 5.39629572e-045 4.71241628e-018 1.15492851e-040
  1.76819255e-028 2.39001189e-046 1.03744233e-061 2.14050136e-031
  6.03424757e-049 1.22483442e-056 6.69364026e-027 2.39147645e-066
  1.95898580e-029 5.64010490e-060 3.00289652e-030 2.28339268e-057
  1.00000000e+000]
 [1.42370401e-076 1.00000000e+000 2.73532317e-078 7.01513576e-041
  2.19003252e-040 2.65462340e-085 1.15779681e-040 1.71467254e-071
  4.12766404e-044 9.81668844e-022 5.75139384e-049 9.06319785e-049
  1.78007676e-046 4.14956680e-037 2.80527393e-043 9.91637815e-095
  2.30745666e-042 1.59933902e-053 7.12858169e-052 1.17844148e-101
  1.00000000e+000]
 [3.66510285e-026 2.73532317e-078 1.00000000e+000 1.00252993e-023
  8.71269285e-063 1.51674213e-035 7.30170121e-039 4.56536801e-051
  2.58613784e-027 2.16702272e-041 9.09006732e-047 1.59056667e-044
  1.06005172e-037 1.00066950e-060 1.24387726e-017 1.41360194e-015
  1.06718523e-008 4.18665094e-065 7.05143771e-013 6.52645162e-025
  1.00000000e+000]
 [1.18686053e-050 7.01513576e-041 1.00252993e-023 1.00000000e+000
  1.32195455e-042 1.28553236e-056 1.20945809e-040 2.23241824e-064
  2.05960586e-024 1.65135882e-021 1.76845024e-037 1.26660663e-045
  2.66287284e-059 2.77851257e-027 1.20005637e-034 1.35868900e-032
  3.53793929e-011 1.74419075e-043 2.80238109e-019 4.44491645e-029
  1.00000000e+000]
 [2.90412715e-036 2.19003252e-040 8.71269285e-063 1.32195455e-042
  1.00000000e+000 7.90884297e-084 5.71983763e-015 9.43725635e-080
  3.46208448e-021 8.78387316e-033 1.20600519e-047 1.64702368e-035
  1.25325027e-081 1.09097336e-021 4.40825882e-053 1.38960012e-100
  3.40433656e-048 3.61278466e-055 1.79263110e-064 2.02141876e-076
  1.00000000e+000]
 [5.39629572e-045 2.65462340e-085 1.51674213e-035 1.28553236e-056
  7.90884297e-084 1.00000000e+000 4.37789416e-036 4.24097665e-036
  3.41054577e-068 1.79754586e-056 3.80794408e-022 4.52101093e-070
  3.73931602e-041 4.82744349e-049 2.38881256e-052 3.90982051e-038
  1.57578534e-029 3.07835220e-055 7.60012421e-048 5.66252211e-049
  1.00000000e+000]
 [4.71241628e-018 1.15779681e-040 7.30170121e-039 1.20945809e-040
  5.71983763e-015 4.37789416e-036 1.00000000e+000 1.43634652e-033
  1.10524384e-028 8.31070742e-021 2.76649357e-023 9.43475039e-020
  1.06691840e-047 1.03365928e-021 1.44981042e-030 8.95611434e-063
  9.27915961e-030 3.25898499e-031 5.02457643e-045 7.40269481e-051
  1.00000000e+000]
 [1.15492851e-040 1.71467254e-071 4.56536801e-051 2.23241824e-064
  9.43725635e-080 4.24097665e-036 1.43634652e-033 1.00000000e+000
  1.63326618e-087 6.24834476e-029 5.67833454e-051 2.40123193e-023
  9.96142501e-058 6.26856307e-069 8.18266539e-036 1.36813588e-050
  1.39460205e-045 7.87926550e-019 1.86065304e-046 4.21124992e-047
  1.00000000e+000]
 [1.76819255e-028 4.12766404e-044 2.58613784e-027 2.05960586e-024
  3.46208448e-021 3.41054577e-068 1.10524384e-028 1.63326618e-087
  1.00000000e+000 1.39060701e-041 1.65900812e-052 1.42113101e-050
  4.83258146e-044 8.00241418e-038 3.10846059e-029 3.93348363e-067
  5.75614321e-019 6.94231283e-082 7.63073607e-028 1.00182536e-067
  1.00000000e+000]
 [2.39001189e-046 9.81668844e-022 2.16702272e-041 1.65135882e-021
  8.78387316e-033 1.79754586e-056 8.31070742e-021 6.24834476e-029
  1.39060701e-041 1.00000000e+000 2.70396599e-030 5.71903901e-012
  4.07319821e-053 6.34863644e-029 1.16396003e-023 1.62307867e-044
  7.20036575e-026 1.32244085e-013 1.10053339e-033 2.32749619e-037
  1.00000000e+000]
 [1.03744233e-061 5.75139384e-049 9.09006732e-047 1.76845024e-037
  1.20600519e-047 3.80794408e-022 2.76649357e-023 5.67833454e-051
  1.65900812e-052 2.70396599e-030 1.00000000e+000 3.54495561e-054
  1.59523358e-055 1.11086781e-016 1.16795853e-054 8.08222401e-043
  8.06002452e-032 5.11579609e-037 5.75606851e-061 9.02107992e-043
  1.00000000e+000]
 [2.14050136e-031 9.06319785e-049 1.59056667e-044 1.26660663e-045
  1.64702368e-035 4.52101093e-070 9.43475039e-020 2.40123193e-023
  1.42113101e-050 5.71903901e-012 3.54495561e-054 1.00000000e+000
  1.39681028e-065 1.40092214e-054 7.31877848e-022 6.37189586e-058
  6.08126318e-042 1.36609027e-021 1.40359171e-043 1.84567142e-043
  1.00000000e+000]
 [6.03424757e-049 1.78007676e-046 1.06005172e-037 2.66287284e-059
  1.25325027e-081 3.73931602e-041 1.06691840e-047 9.96142501e-058
  4.83258146e-044 4.07319821e-053 1.59523358e-055 1.39681028e-065
  1.00000000e+000 1.08214835e-078 1.45496339e-019 1.15150321e-058
  5.10246986e-024 2.27081764e-090 1.26942790e-027 5.64155596e-095
  1.00000000e+000]
 [1.22483442e-056 4.14956680e-037 1.00066950e-060 2.77851257e-027
  1.09097336e-021 4.82744349e-049 1.03365928e-021 6.26856307e-069
  8.00241418e-038 6.34863644e-029 1.11086781e-016 1.40092214e-054
  1.08214835e-078 1.00000000e+000 2.71206869e-067 1.74152830e-074
  6.69364862e-037 1.48407779e-036 6.73693872e-062 3.18219895e-056
  1.00000000e+000]
 [6.69364026e-027 2.80527393e-043 1.24387726e-017 1.20005637e-034
  4.40825882e-053 2.38881256e-052 1.44981042e-030 8.18266539e-036
  3.10846059e-029 1.16396003e-023 1.16795853e-054 7.31877848e-022
  1.45496339e-019 2.71206869e-067 1.00000000e+000 2.70549579e-036
  1.18017661e-015 1.27427931e-054 3.21506044e-013 3.70171516e-051
  1.00000000e+000]
 [2.39147645e-066 9.91637815e-095 1.41360194e-015 1.35868900e-032
  1.38960012e-100 3.90982051e-038 8.95611434e-063 1.36813588e-050
  3.93348363e-067 1.62307867e-044 8.08222401e-043 6.37189586e-058
  1.15150321e-058 1.74152830e-074 2.70549579e-036 1.00000000e+000
  1.93832202e-023 1.57939414e-057 6.38073262e-033 3.34420814e-014
  1.00000000e+000]
 [1.95898580e-029 2.30745666e-042 1.06718523e-008 3.53793929e-011
  3.40433656e-048 1.57578534e-029 9.27915961e-030 1.39460205e-045
  5.75614321e-019 7.20036575e-026 8.06002452e-032 6.08126318e-042
  5.10246986e-024 6.69364862e-037 1.18017661e-015 1.93832202e-023
  1.00000000e+000 1.63533977e-050 1.32526348e-006 1.73520171e-034
  1.00000000e+000]
 [5.64010490e-060 1.59933902e-053 4.18665094e-065 1.74419075e-043
  3.61278466e-055 3.07835220e-055 3.25898499e-031 7.87926550e-019
  6.94231283e-082 1.32244085e-013 5.11579609e-037 1.36609027e-021
  2.27081764e-090 1.48407779e-036 1.27427931e-054 1.57939414e-057
  1.63533977e-050 1.00000000e+000 1.92864840e-060 9.64218390e-036
  1.00000000e+000]
 [3.00289652e-030 7.12858169e-052 7.05143771e-013 2.80238109e-019
  1.79263110e-064 7.60012421e-048 5.02457643e-045 1.86065304e-046
  7.63073607e-028 1.10053339e-033 5.75606851e-061 1.40359171e-043
  1.26942790e-027 6.73693872e-062 3.21506044e-013 6.38073262e-033
  1.32526348e-006 1.92864840e-060 1.00000000e+000 4.54956843e-046
  1.00000000e+000]
 [2.28339268e-057 1.17844148e-101 6.52645162e-025 4.44491645e-029
  2.02141876e-076 5.66252211e-049 7.40269481e-051 4.21124992e-047
  1.00182536e-067 2.32749619e-037 9.02107992e-043 1.84567142e-043
  5.64155596e-095 3.18219895e-056 3.70171516e-051 3.34420814e-014
  1.73520171e-034 9.64218390e-036 4.54956843e-046 1.00000000e+000
  1.00000000e+000]
 [1.00000000e+000 1.00000000e+000 1.00000000e+000 1.00000000e+000
  1.00000000e+000 1.00000000e+000 1.00000000e+000 1.00000000e+000
  1.00000000e+000 1.00000000e+000 1.00000000e+000 1.00000000e+000
  1.00000000e+000 1.00000000e+000 1.00000000e+000 1.00000000e+000
  1.00000000e+000 1.00000000e+000 1.00000000e+000 1.00000000e+000
  0.00000000e+000]]
