[[1.00000000e+000 8.64495625e-056 2.51121355e-075 9.23201473e-080
  5.81062340e-043 2.08650542e-044 1.12572393e-067 3.70556303e-083
  4.72015918e-078 1.76740523e-023 5.32248832e-047 9.51853125e-050
  2.69101766e-119 2.32804848e-068 1.97717514e-045 2.90876123e-043
  2.87841814e-083 1.77032555e-104 7.20849721e-004 1.05927574e-058
  1.00000000e+000]
 [8.64495625e-056 1.00000000e+000 3.59915406e-026 6.12588896e-058
  1.95277030e-026 1.33555199e-058 3.60910474e-022 2.70336969e-037
  1.05404312e-076 1.61222755e-031 1.22538175e-024 7.86656761e-032
  1.34829594e-036 1.58060649e-051 1.38033926e-034 1.45420792e-054
  3.15254710e-021 3.39387771e-060 1.93575581e-055 4.72976995e-014
  1.00000000e+000]
 [2.51121355e-075 3.59915406e-026 1.00000000e+000 5.81663326e-090
  3.47634989e-051 2.27149636e-094 1.79442337e-060 2.52151567e-097
  1.21212166e-088 3.67960856e-051 2.46697760e-040 2.65767432e-024
  6.27675487e-063 6.87986716e-052 1.58673659e-062 4.36979092e-078
  1.57404873e-027 2.15549436e-053 2.17534063e-077 2.59094928e-050
  1.00000000e+000]
 [9.23201473e-080 6.12588896e-058 5.81663326e-090 1.00000000e+000
  1.98360674e-021 3.19013383e-038 1.42109468e-029 2.58343137e-028
  3.70614057e-035 1.57006321e-072 6.80940421e-034 4.15412379e-052
  2.13906337e-026 2.12050684e-015 4.46156002e-014 8.06459430e-030
  5.83764540e-036 1.31443449e-047 7.54098019e-064 2.88801732e-072
  1.00000000e+000]
 [5.81062340e-043 1.95277030e-026 3.47634989e-051 1.98360674e-021
  1.00000000e+000 8.29010492e-019 5.91401289e-007 1.24564617e-026
  1.17267878e-037 9.52555516e-033 2.14612287e-031 1.50214387e-032
  1.45582046e-027 9.14804525e-017 1.15254660e-015 5.49119663e-030
  1.57998891e-024 8.43407904e-031 3.63417482e-032 1.78575600e-042
  1.00000000e+000]
 [2.08650542e-044 1.33555199e-058 2.27149636e-094 3.19013383e-038
  8.29010492e-019 1.00000000e+000 4.56965420e-028 8.97155572e-027
  8.76373587e-043 1.46210181e-023 1.96103799e-050 7.28975398e-059
  1.53487302e-074 1.38304198e-045 1.83460677e-034 1.38021774e-052
  4.17947852e-046 5.64168542e-042 6.78480872e-027 7.11384729e-049
  1.00000000e+000]
 [1.12572393e-067 3.60910474e-022 1.79442337e-060 1.42109468e-029
  5.91401289e-007 4.56965420e-028 1.00000000e+000 2.51476933e-016
  1.77590444e-045 3.45292832e-043 1.25047001e-037 3.45487881e-052
  1.02869684e-020 2.03486550e-030 2.91124474e-029 2.51109471e-042
  6.17955963e-025 1.60470315e-033 3.11834829e-056 6.04649192e-039
  1.00000000e+000]
 [3.70556303e-083 2.70336969e-037 2.52151567e-097 2.58343137e-028
  1.24564617e-026 8.97155572e-027 2.51476933e-016 1.00000000e+000
  2.94593778e-052 5.77247028e-047 3.42335398e-038 3.80302262e-073
  1.16526986e-039 1.72817267e-053 3.72783208e-034 1.47681253e-054
  7.10485430e-034 1.27379430e-053 1.18039104e-067 4.66072200e-033
  1.00000000e+000]
 [4.72015918e-078 1.05404312e-076 1.21212166e-088 3.70614057e-035
  1.17267878e-037 8.76373587e-043 1.77590444e-045 2.94593778e-052
  1.00000000e+000 5.83874564e-068 2.96919342e-030 2.72598720e-089
  7.04655618e-070 2.24895701e-022 2.20267368e-061 2.37677147e-020
  2.02884349e-055 1.12582600e-031 6.64999294e-069 1.45153005e-098
  1.00000000e+000]
 [1.76740523e-023 1.61222755e-031 3.67960856e-051 1.57006321e-072
  9.52555516e-033 1.46210181e-023 3.45292832e-043 5.77247028e-047
  5.83874564e-068 1.00000000e+000 4.37288364e-036 1.51513151e-037
  2.97178266e-093 1.34537404e-065 7.26318987e-044 8.52635224e-063
  5.25776998e-040 2.64151721e-059 4.21931025e-018 3.90580395e-019
  1.00000000e+000]
 [5.32248832e-047 1.22538175e-024 2.46697760e-040 6.80940421e-034
  2.14612287e-031 1.96103799e-050 1.25047001e-037 3.42335398e-038
  2.96919342e-030 4.37288364e-036 1.00000000e+000 2.08743988e-040
  3.28712225e-050 2.00858240e-028 1.07224361e-030 3.34264218e-019
  6.63818072e-027 2.88644452e-050 1.02773738e-046 6.77139710e-038
  1.00000000e+000]
 [9.51853125e-050 7.86656761e-032 2.65767432e-024 4.15412379e-052
  1.50214387e-032 7.28975398e-059 3.45487881e-052 3.80302262e-073
  2.72598720e-089 1.51513151e-037 2.08743988e-040 1.00000000e+000
  1.74898518e-053 2.73185912e-039 2.21722540e-020 5.60239310e-069
  1.82495112e-023 3.47682294e-059 8.87340408e-043 1.89490476e-038
  1.00000000e+000]
 [2.69101766e-119 1.34829594e-036 6.27675487e-063 2.13906337e-026
  1.45582046e-027 1.53487302e-074 1.02869684e-020 1.16526986e-039
  7.04655618e-070 2.97178266e-093 3.28712225e-050 1.74898518e-053
  1.00000000e+000 3.99859326e-029 4.90498533e-033 2.42623892e-061
  5.59790307e-025 5.42481587e-047 3.05892276e-106 7.52966076e-067
  1.00000000e+000]
 [2.32804848e-068 1.58060649e-051 6.87986716e-052 2.12050684e-015
  9.14804525e-017 1.38304198e-045 2.03486550e-030 1.72817267e-053
  2.24895701e-022 1.34537404e-065 2.00858240e-028 2.73185912e-039
  3.99859326e-029 1.00000000e+000 4.21709741e-025 3.31499043e-022
  8.70294822e-030 4.10367722e-026 4.13818239e-058 3.89010438e-081
  1.00000000e+000]
 [1.97717514e-045 1.38033926e-034 1.58673659e-062 4.46156002e-014
  1.15254660e-015 1.83460677e-034 2.91124474e-029 3.72783208e-034
  2.20267368e-061 7.26318987e-044 1.07224361e-030 2.21722540e-020
  4.90498533e-033 4.21709741e-025 1.00000000e+000 2.61330381e-037
  1.58146604e-029 3.16628515e-061 1.71828055e-034 1.83335204e-041
  1.00000000e+000]
 [2.90876123e-043 1.45420792e-054 4.36979092e-078 8.06459430e-030
  5.49119663e-030 1.38021774e-052 2.51109471e-042 1.47681253e-054
  2.37677147e-020 8.52635224e-063 3.34264218e-019 5.60239310e-069
  2.42623892e-061 3.31499043e-022 2.61330381e-037 1.00000000e+000
  2.78853242e-063 1.66808635e-067 9.53080586e-044 5.46658510e-084
  1.00000000e+000]
 [2.87841814e-083 3.15254710e-021 1.57404873e-027 5.83764540e-036
  1.57998891e-024 4.17947852e-046 6.17955963e-025 7.10485430e-034
  2.02884349e-055 5.25776998e-040 6.63818072e-027 1.82495112e-023
  5.59790307e-025 8.70294822e-030 1.58146604e-029 2.78853242e-063
  1.00000000e+000 1.65767405e-021 1.07675015e-070 3.96167315e-028
  1.00000000e+000]
 [1.77032555e-104 3.39387771e-060 2.15549436e-053 1.31443449e-047
  8.43407904e-031 5.64168542e-042 1.60470315e-033 1.27379430e-053
  1.12582600e-031 2.64151721e-059 2.88644452e-050 3.47682294e-059
  5.42481587e-047 4.10367722e-026 3.16628515e-061 1.66808635e-067
  1.65767405e-021 1.00000000e+000 1.28517043e-086 2.50985940e-075
  1.00000000e+000]
 [7.20849721e-004 1.93575581e-055 2.17534063e-077 7.54098019e-064
  3.63417482e-032 6.78480872e-027 3.11834829e-056 1.18039104e-067
  6.64999294e-069 4.21931025e-018 1.02773738e-046 8.87340408e-043
  3.05892276e-106 4.13818239e-058 1.71828055e-034 9.53080586e-044
  1.07675015e-070 1.28517043e-086 1.00000000e+000 6.48378957e-053
  1.00000000e+000]
 [1.05927574e-058 4.72976995e-014 2.59094928e-050 2.88801732e-072
  1.78575600e-042 7.11384729e-049 6.04649192e-039 4.66072200e-033
  1.45153005e-098 3.90580395e-019 6.77139710e-038 1.89490476e-038
  7.52966076e-067 3.89010438e-081 1.83335204e-041 5.46658510e-084
  3.96167315e-028 2.50985940e-075 6.48378957e-053 1.00000000e+000
  1.00000000e+000]
 [1.00000000e+000 1.00000000e+000 1.00000000e+000 1.00000000e+000
  1.00000000e+000 1.00000000e+000 1.00000000e+000 1.00000000e+000
  1.00000000e+000 1.00000000e+000 1.00000000e+000 1.00000000e+000
  1.00000000e+000 1.00000000e+000 1.00000000e+000 1.00000000e+000
  1.00000000e+000 1.00000000e+000 1.00000000e+000 1.00000000e+000
  0.00000000e+000]]
