[[1.00000000e+000 2.26765414e-073 4.15552002e-079 1.65921152e-085
  1.89429791e-065 5.82751893e-034 3.67526808e-075 9.43185271e-059
  2.44141728e-038 1.92413888e-060 9.62766623e-009 1.13132512e-028
  2.99904673e-103 4.32415012e-092 2.40325079e-095 1.98204173e-021
  1.05303330e-074 5.08482468e-071 7.60437497e-041 2.45523751e-033
  1.00000000e+000]
 [2.26765414e-073 1.00000000e+000 9.97201046e-026 1.23736292e-045
  3.28460003e-075 8.74865745e-042 5.49860214e-040 5.15086458e-039
  1.89523964e-017 8.29584355e-039 8.89854338e-069 1.83488717e-033
  1.74496473e-027 2.18126316e-035 9.50162801e-025 6.85296613e-044
  1.72376478e-042 8.32107445e-022 3.43994608e-076 1.34642733e-043
  1.00000000e+000]
 [4.15552002e-079 9.97201046e-026 1.00000000e+000 3.35924259e-039
  5.37624332e-038 1.97241266e-049 5.62264314e-020 3.70647595e-028
  4.72190273e-036 7.80789269e-028 8.68811318e-077 8.97941878e-048
  1.21907576e-051 6.28542966e-027 1.83183882e-016 3.50148660e-074
  1.87941686e-038 1.53611644e-010 1.62680477e-081 2.08883892e-027
  1.00000000e+000]
 [1.65921152e-085 1.23736292e-045 3.35924259e-039 1.00000000e+000
  1.03141592e-059 9.59093286e-036 2.55469406e-079 1.29549862e-082
  8.91915379e-075 3.69269329e-045 7.50019737e-098 2.01348900e-080
  8.47994008e-077 1.41234367e-070 3.65004359e-030 4.30699383e-064
  8.62265781e-004 5.85320954e-030 8.39094776e-066 7.12170351e-080
  1.00000000e+000]
 [1.89429791e-065 3.28460003e-075 5.37624332e-038 1.03141592e-059
  1.00000000e+000 8.11649534e-027 3.59997969e-035 1.29077041e-023
  1.94004521e-077 2.19366644e-013 4.84356277e-079 7.03983890e-067
  3.44536980e-064 6.82484381e-057 4.31922945e-049 1.26978579e-094
  5.41762348e-061 1.25520340e-038 4.00151020e-061 2.17927554e-061
  1.00000000e+000]
 [5.82751893e-034 8.74865745e-042 1.97241266e-049 9.59093286e-036
  8.11649534e-027 1.00000000e+000 2.11480487e-047 6.63407485e-035
  9.97767000e-049 1.56129405e-020 3.18900776e-045 5.91007907e-044
  1.15959755e-050 1.12617074e-056 1.63504778e-041 8.71043954e-039
  3.61854775e-037 9.80671319e-037 9.83663517e-033 1.40779329e-059
  1.00000000e+000]
 [3.67526808e-075 5.49860214e-040 5.62264314e-020 2.55469406e-079
  3.59997969e-035 2.11480487e-047 1.00000000e+000 1.06147898e-010
  6.67195361e-047 1.19198983e-033 8.90420619e-060 1.00588509e-044
  4.55786032e-056 6.20004022e-012 1.89093737e-023 2.47149906e-077
  8.10835790e-085 1.54293735e-040 5.24861523e-068 7.35219933e-033
  1.00000000e+000]
 [9.43185271e-059 5.15086458e-039 3.70647595e-028 1.29549862e-082
  1.29077041e-023 6.63407485e-035 1.06147898e-010 1.00000000e+000
  3.98767992e-038 7.62936993e-015 8.89995118e-055 6.58034732e-029
  1.83448321e-031 4.10618594e-024 4.47441325e-037 2.94135673e-068
  1.48092765e-080 1.20419265e-037 2.83900828e-057 2.17841421e-034
  1.00000000e+000]
 [2.44141728e-038 1.89523964e-017 4.72190273e-036 8.91915379e-075
  1.94004521e-077 9.97767000e-049 6.67195361e-047 3.98767992e-038
  1.00000000e+000 2.02219330e-048 2.11011531e-038 1.19956730e-018
  4.48346431e-051 2.31551792e-058 6.45760097e-059 7.23883682e-034
  2.45432711e-062 1.99729106e-029 5.46024317e-081 2.73002317e-018
  1.00000000e+000]
 [1.92413888e-060 8.29584355e-039 7.80789269e-028 3.69269329e-045
  2.19366644e-013 1.56129405e-020 1.19198983e-033 7.62936993e-015
  2.02219330e-048 1.00000000e+000 1.08440921e-071 3.14416250e-037
  3.75461432e-022 2.06225596e-040 3.89630801e-033 1.91553326e-065
  2.90887095e-041 1.46164020e-024 4.47593035e-048 2.38425701e-051
  1.00000000e+000]
 [9.62766623e-009 8.89854338e-069 8.68811318e-077 7.50019737e-098
  4.84356277e-079 3.18900776e-045 8.90420619e-060 8.89995118e-055
  2.11011531e-038 1.08440921e-071 1.00000000e+000 1.17103896e-022
  4.31371188e-107 1.37753060e-068 1.06929201e-083 6.78284794e-017
  1.80877387e-091 2.61325445e-083 6.21208634e-035 2.91015181e-026
  1.00000000e+000]
 [1.13132512e-028 1.83488717e-033 8.97941878e-048 2.01348900e-080
  7.03983890e-067 5.91007907e-044 1.00588509e-044 6.58034732e-029
  1.19956730e-018 3.14416250e-037 1.17103896e-022 1.00000000e+000
  7.68730799e-044 2.52185562e-041 4.55393574e-056 1.01485329e-018
  1.23817403e-068 4.71275469e-054 2.35438817e-035 5.85389314e-020
  1.00000000e+000]
 [2.99904673e-103 1.74496473e-027 1.21907576e-051 8.47994008e-077
  3.44536980e-064 1.15959755e-050 4.55786032e-056 1.83448321e-031
  4.48346431e-051 3.75461432e-022 4.31371188e-107 7.68730799e-044
  1.00000000e+000 1.54533846e-048 2.22488044e-046 2.29008341e-079
  3.08026946e-070 1.67848879e-045 1.31328332e-079 6.80646329e-082
  1.00000000e+000]
 [4.32415012e-092 2.18126316e-035 6.28542966e-027 1.41234367e-070
  6.82484381e-057 1.12617074e-056 6.20004022e-012 4.10618594e-024
  2.31551792e-058 2.06225596e-040 1.37753060e-068 2.52185562e-041
  1.54533846e-048 1.00000000e+000 2.09965764e-012 7.81479829e-067
  8.48162453e-078 1.00606687e-054 5.04466012e-052 1.79669642e-045
  1.00000000e+000]
 [2.40325079e-095 9.50162801e-025 1.83183882e-016 3.65004359e-030
  4.31922945e-049 1.63504778e-041 1.89093737e-023 4.47441325e-037
  6.45760097e-059 3.89630801e-033 1.06929201e-083 4.55393574e-056
  2.22488044e-046 2.09965764e-012 1.00000000e+000 5.72590445e-067
  6.53150102e-039 5.13700543e-031 1.08868461e-057 1.05021725e-055
  1.00000000e+000]
 [1.98204173e-021 6.85296613e-044 3.50148660e-074 4.30699383e-064
  1.26978579e-094 8.71043954e-039 2.47149906e-077 2.94135673e-068
  7.23883682e-034 1.91553326e-065 6.78284794e-017 1.01485329e-018
  2.29008341e-079 7.81479829e-067 5.72590445e-067 1.00000000e+000
  1.21388244e-056 4.32764526e-072 6.24205373e-027 2.90011568e-041
  1.00000000e+000]
 [1.05303330e-074 1.72376478e-042 1.87941686e-038 8.62265781e-004
  5.41762348e-061 3.61854775e-037 8.10835790e-085 1.48092765e-080
  2.45432711e-062 2.90887095e-041 1.80877387e-091 1.23817403e-068
  3.08026946e-070 8.48162453e-078 6.53150102e-039 1.21388244e-056
  1.00000000e+000 2.98597427e-025 8.46616094e-067 3.91570336e-070
  1.00000000e+000]
 [5.08482468e-071 8.32107445e-022 1.53611644e-010 5.85320954e-030
  1.25520340e-038 9.80671319e-037 1.54293735e-040 1.20419265e-037
  1.99729106e-029 1.46164020e-024 2.61325445e-083 4.71275469e-054
  1.67848879e-045 1.00606687e-054 5.13700543e-031 4.32764526e-072
  2.98597427e-025 1.00000000e+000 1.78434530e-092 4.72792971e-040
  1.00000000e+000]
 [7.60437497e-041 3.43994608e-076 1.62680477e-081 8.39094776e-066
  4.00151020e-061 9.83663517e-033 5.24861523e-068 2.83900828e-057
  5.46024317e-081 4.47593035e-048 6.21208634e-035 2.35438817e-035
  1.31328332e-079 5.04466012e-052 1.08868461e-057 6.24205373e-027
  8.46616094e-067 1.78434530e-092 1.00000000e+000 1.63006316e-066
  1.00000000e+000]
 [2.45523751e-033 1.34642733e-043 2.08883892e-027 7.12170351e-080
  2.17927554e-061 1.40779329e-059 7.35219933e-033 2.17841421e-034
  2.73002317e-018 2.38425701e-051 2.91015181e-026 5.85389314e-020
  6.80646329e-082 1.79669642e-045 1.05021725e-055 2.90011568e-041
  3.91570336e-070 4.72792971e-040 1.63006316e-066 1.00000000e+000
  1.00000000e+000]
 [1.00000000e+000 1.00000000e+000 1.00000000e+000 1.00000000e+000
  1.00000000e+000 1.00000000e+000 1.00000000e+000 1.00000000e+000
  1.00000000e+000 1.00000000e+000 1.00000000e+000 1.00000000e+000
  1.00000000e+000 1.00000000e+000 1.00000000e+000 1.00000000e+000
  1.00000000e+000 1.00000000e+000 1.00000000e+000 1.00000000e+000
  0.00000000e+000]]
