[[1.00000000e+000 3.42196345e-039 1.65467002e-054 2.68583458e-063
  6.63440104e-055 1.09569448e-036 3.46251349e-022 4.31474048e-050
  3.93139738e-023 1.57244976e-044 1.06690579e-067 2.08566108e-034
  1.31247969e-022 6.58635430e-023 2.68131783e-029 8.79739056e-038
  2.24732753e-014 1.46097342e-074 7.56129843e-027 3.29143869e-033
  8.60728538e-064 1.09226714e-023 5.08241795e-045 1.08197319e-010
  1.87527294e-062 9.17627458e-038 1.46213863e-031 8.03804964e-049
  1.42052754e-062 1.00000000e+000]
 [3.42196345e-039 1.00000000e+000 2.53716157e-061 1.41557248e-038
  1.14888916e-040 1.66199789e-023 1.70032757e-026 4.67682837e-022
  4.20241188e-028 2.10069023e-003 1.94363837e-062 2.01099958e-047
  3.01646357e-028 7.20533730e-015 1.11138246e-051 1.95306732e-030
  3.38605012e-060 3.21851479e-056 8.25207249e-030 8.05446586e-033
  2.42208415e-033 4.41881338e-012 1.96487827e-038 1.00428516e-067
  4.09071544e-033 2.79700175e-052 6.81063454e-035 2.06964998e-027
  6.14669532e-026 1.00000000e+000]
 [1.65467002e-054 2.53716157e-061 1.00000000e+000 1.36415160e-044
  1.71927377e-051 3.47074474e-067 6.27040747e-085 5.07109874e-030
  2.83669067e-070 3.30554198e-049 1.85590754e-024 9.29795223e-010
  2.81851460e-033 6.98962131e-038 5.27359378e-044 2.42362925e-024
  2.07087066e-039 1.72990191e-021 7.02843589e-050 1.23405378e-036
  9.36127834e-067 5.93942656e-050 2.87529462e-043 1.99014019e-089
  1.17512701e-044 4.97088493e-030 6.06228362e-009 9.52247731e-012
  7.84218243e-077 1.00000000e+000]
 [2.68583458e-063 1.41557248e-038 1.36415160e-044 1.00000000e+000
  1.30872373e-034 8.89571384e-019 1.82587729e-048 8.04266155e-007
  9.83677952e-039 2.22765797e-027 6.44709074e-058 3.80161317e-062
  3.04452728e-033 6.06904701e-052 6.68606235e-043 3.71282276e-027
  1.86449889e-052 2.03694677e-039 2.20577532e-071 6.71058083e-058
  5.51515980e-018 3.78938683e-040 1.98583857e-064 5.37889386e-096
  9.17595268e-006 2.89459255e-047 1.58013412e-033 4.95210522e-035
  2.68771649e-073 1.00000000e+000]
 [6.63440104e-055 1.14888916e-040 1.71927377e-051 1.30872373e-034
  1.00000000e+000 4.14019371e-059 2.90822563e-059 1.89384502e-038
  2.60957504e-072 5.46103255e-035 6.55256690e-028 1.53039772e-047
  5.16938303e-025 2.49503215e-045 1.99788018e-018 6.84061230e-058
  2.02299852e-052 1.99283244e-055 1.22621715e-080 2.15440544e-023
  6.85547596e-017 1.56382854e-023 3.65009080e-026 1.92021906e-079
  6.83322845e-044 8.60144340e-018 1.48985013e-050 1.84096900e-043
  2.22278588e-104 1.00000000e+000]
 [1.09569448e-036 1.66199789e-023 3.47074474e-067 8.89571384e-019
  4.14019371e-059 1.00000000e+000 5.77020799e-021 1.04804432e-014
  7.77065097e-012 1.35036675e-021 4.65248404e-089 2.96969164e-068
  6.22879549e-030 4.53377178e-034 3.64292260e-056 5.55059967e-028
  1.11021623e-042 3.43812460e-057 5.60532582e-046 3.79913990e-061
  1.26296547e-037 9.51367979e-029 2.26641530e-069 3.22662376e-057
  1.51395715e-019 3.64999217e-065 2.15892876e-035 4.83816653e-046
  3.22015465e-042 1.00000000e+000]
 [3.46251349e-022 1.70032757e-026 6.27040747e-085 1.82587729e-048
  2.90822563e-059 5.77020799e-021 1.00000000e+000 6.45168050e-042
  5.91326338e-014 1.29384800e-029 8.70428881e-108 2.80386171e-074
  3.61574626e-037 1.08247514e-039 9.32166703e-050 1.96512525e-033
  2.93599414e-036 1.07116368e-104 4.10080240e-026 5.45193488e-046
  1.47187183e-036 2.35225427e-031 1.04766351e-059 2.48857085e-036
  9.68909926e-049 1.18541306e-051 7.62663502e-049 8.84804650e-065
  7.83504514e-042 1.00000000e+000]
 [4.31474048e-050 4.67682837e-022 5.07109874e-030 8.04266155e-007
  1.89384502e-038 1.04804432e-014 6.45168050e-042 1.00000000e+000
  5.96752431e-031 5.77539269e-013 2.16248386e-049 2.05739838e-040
  4.41746425e-023 2.99579341e-028 1.72396734e-046 6.32557155e-015
  8.86472017e-045 5.92974978e-025 6.51894646e-045 2.19619606e-042
  1.57993556e-026 6.86889775e-027 9.56716050e-048 1.80487587e-082
  4.90930985e-008 1.32888034e-042 4.18644289e-016 9.34729062e-017
  3.11257573e-042 1.00000000e+000]
 [3.93139738e-023 4.20241188e-028 2.83669067e-070 9.83677952e-039
  2.60957504e-072 7.77065097e-012 5.91326338e-014 5.96752431e-031
  1.00000000e+000 4.97258587e-033 4.35958475e-093 1.34286985e-063
  1.09784161e-044 4.99383801e-039 6.37963850e-047 4.47137165e-022
  9.94529846e-044 2.51820488e-082 1.26947025e-030 1.88222306e-067
  5.73042689e-049 6.48587547e-039 1.09639213e-083 6.04698650e-050
  5.27052533e-029 2.80793044e-071 5.10592572e-039 4.50156492e-048
  2.31536588e-046 1.00000000e+000]
 [1.57244976e-044 2.10069023e-003 3.30554198e-049 2.22765797e-027
  5.46103255e-035 1.35036675e-021 1.29384800e-029 5.77539269e-013
  4.97258587e-033 1.00000000e+000 1.73308328e-057 1.58685498e-043
  1.83734665e-022 1.51769743e-015 2.89575362e-052 1.64864862e-024
  3.81238353e-054 2.52883288e-044 9.81971332e-031 1.93273573e-027
  2.39603852e-026 8.94077984e-013 2.11564945e-031 7.45244874e-073
  2.04028220e-026 1.80441585e-042 1.38728743e-026 7.39035214e-022
  1.04206704e-023 1.00000000e+000]
 [1.06690579e-067 1.94363837e-062 1.85590754e-024 6.44709074e-058
  6.55256690e-028 4.65248404e-089 8.70428881e-108 2.16248386e-049
  4.35958475e-093 1.73308328e-057 1.00000000e+000 1.44100876e-019
  4.23823772e-042 1.39096156e-046 5.04993475e-028 1.27655139e-059
  3.17937934e-069 1.52011097e-029 1.74658855e-089 1.50383440e-041
  2.80351873e-063 4.00888302e-044 7.66538193e-045 5.41777967e-107
  1.82854229e-055 5.48650768e-038 4.06604110e-040 3.61705995e-023
  8.86800510e-123 1.00000000e+000]
 [2.08566108e-034 2.01099958e-047 9.29795223e-010 3.80161317e-062
  1.53039772e-047 2.96969164e-068 2.80386171e-074 2.05739838e-040
  1.34286985e-063 1.58685498e-043 1.44100876e-019 1.00000000e+000
  9.87917688e-026 6.60104805e-020 1.37561464e-036 3.49981902e-032
  4.06589350e-035 1.18009721e-027 6.42431445e-038 4.14537907e-024
  2.44929198e-074 1.38041519e-032 4.53568881e-030 4.09644657e-063
  6.60371065e-059 1.04029808e-028 5.89422087e-012 2.88842580e-012
  5.16848165e-069 1.00000000e+000]
 [1.31247969e-022 3.01646357e-028 2.81851460e-033 3.04452728e-033
  5.16938303e-025 6.22879549e-030 3.61574626e-037 4.41746425e-023
  1.09784161e-044 1.83734665e-022 4.23823772e-042 9.87917688e-026
  1.00000000e+000 4.98066924e-012 1.09203734e-033 4.37320741e-037
  3.73795480e-015 1.32282531e-030 2.81186124e-041 1.90999234e-012
  4.29728035e-040 1.38444332e-007 2.27132754e-013 1.25037545e-031
  1.09121677e-044 1.01996159e-016 5.87450020e-018 1.70751002e-030
  8.33072660e-054 1.00000000e+000]
 [6.58635430e-023 7.20533730e-015 6.98962131e-038 6.06904701e-052
  2.49503215e-045 4.53377178e-034 1.08247514e-039 2.99579341e-028
  4.99383801e-039 1.51769743e-015 1.39096156e-046 6.60104805e-020
  4.98066924e-012 1.00000000e+000 4.75644105e-049 1.38993961e-033
  1.47965367e-033 5.37559692e-034 2.02401909e-024 1.34664017e-018
  1.54272376e-059 1.79814935e-007 6.33626601e-021 6.65796096e-040
  1.03160936e-051 1.17587373e-037 2.28605767e-017 7.27492783e-021
  1.53322136e-030 1.00000000e+000]
 [2.68131783e-029 1.11138246e-051 5.27359378e-044 6.68606235e-043
  1.99788018e-018 3.64292260e-056 9.32166703e-050 1.72396734e-046
  6.37963850e-047 2.89575362e-052 5.04993475e-028 1.37561464e-036
  1.09203734e-033 4.75644105e-049 1.00000000e+000 2.51575511e-044
  2.51486224e-037 6.26308399e-067 1.39251021e-066 9.31167683e-038
  9.33659237e-033 8.96910168e-035 5.19903162e-050 5.88138616e-058
  7.44932036e-042 2.57390839e-025 3.88030465e-044 2.91366164e-042
  2.49046756e-114 1.00000000e+000]
 [8.79739056e-038 1.95306732e-030 2.42362925e-024 3.71282276e-027
  6.84061230e-058 5.55059967e-028 1.96512525e-033 6.32557155e-015
  4.47137165e-022 1.64864862e-024 1.27655139e-059 3.49981902e-032
  4.37320741e-037 1.38993961e-033 2.51575511e-044 1.00000000e+000
  4.77903446e-039 5.43669286e-050 5.16484148e-019 4.23437238e-044
  6.66874926e-040 5.59331948e-042 5.33785834e-058 1.77486598e-075
  6.68584009e-020 1.35380785e-042 1.70109292e-011 3.54930961e-016
  2.05786278e-035 1.00000000e+000]
 [2.24732753e-014 3.38605012e-060 2.07087066e-039 1.86449889e-052
  2.02299852e-052 1.11021623e-042 2.93599414e-036 8.86472017e-045
  9.94529846e-044 3.81238353e-054 3.17937934e-069 4.06589350e-035
  3.73795480e-015 1.47965367e-033 2.51486224e-037 4.77903446e-039
  1.00000000e+000 6.68751400e-061 1.57346434e-039 1.06526999e-028
  1.61780470e-062 1.92694974e-033 1.19967940e-036 2.96501875e-017
  1.77119128e-064 6.39552670e-022 1.13868278e-023 9.60932356e-053
  4.74524894e-073 1.00000000e+000]
 [1.46097342e-074 3.21851479e-056 1.72990191e-021 2.03694677e-039
  1.99283244e-055 3.43812460e-057 1.07116368e-104 5.92974978e-025
  2.51820488e-082 2.52883288e-044 1.52011097e-029 1.18009721e-027
  1.32282531e-030 5.37559692e-034 6.26308399e-067 5.43669286e-050
  6.68751400e-061 1.00000000e+000 1.76884156e-082 7.30181573e-053
  2.50070675e-077 9.89347748e-042 5.81231520e-050 5.06090208e-104
  7.33677153e-044 4.16347480e-056 9.62918289e-023 6.58186531e-020
  3.75376566e-082 1.00000000e+000]
 [7.56129843e-027 8.25207249e-030 7.02843589e-050 2.20577532e-071
  1.22621715e-080 5.60532582e-046 4.10080240e-026 6.51894646e-045
  1.26947025e-030 9.81971332e-031 1.74658855e-089 6.42431445e-038
  2.81186124e-041 2.02401909e-024 1.39251021e-066 5.16484148e-019
  1.57346434e-039 1.76884156e-082 1.00000000e+000 1.19177689e-035
  1.35201922e-069 4.45001421e-039 7.37121024e-049 2.08069984e-050
  5.45471038e-064 1.95781018e-050 4.90668777e-024 5.82446253e-036
  2.81037526e-018 1.00000000e+000]
 [3.29143869e-033 8.05446586e-033 1.23405378e-036 6.71058083e-058
  2.15440544e-023 3.79913990e-061 5.45193488e-046 2.19619606e-042
  1.88222306e-067 1.93273573e-027 1.50383440e-041 4.14537907e-024
  1.90999234e-012 1.34664017e-018 9.31167683e-038 4.23437238e-044
  1.06526999e-028 7.30181573e-053 1.19177689e-035 1.00000000e+000
  4.61066028e-043 4.69653650e-015 9.09755191e-003 2.09919537e-046
  1.25983814e-067 1.98827799e-008 4.39904015e-027 1.10928530e-033
  6.03039029e-057 1.00000000e+000]
 [8.60728538e-064 2.42208415e-033 9.36127834e-067 5.51515980e-018
  6.85547596e-017 1.26296547e-037 1.47187183e-036 1.57993556e-026
  5.73042689e-049 2.39603852e-026 2.80351873e-063 2.44929198e-074
  4.29728035e-040 1.54272376e-059 9.33659237e-033 6.66874926e-040
  1.61780470e-062 2.50070675e-077 1.35201922e-069 4.61066028e-043
  1.00000000e+000 1.14263692e-036 1.34487715e-051 1.38015999e-095
  2.02235628e-023 9.58628300e-035 8.75090908e-055 2.30564720e-050
  6.04682435e-082 1.00000000e+000]
 [1.09226714e-023 4.41881338e-012 5.93942656e-050 3.78938683e-040
  1.56382854e-023 9.51367979e-029 2.35225427e-031 6.86889775e-027
  6.48587547e-039 8.94077984e-013 4.00888302e-044 1.38041519e-032
  1.38444332e-007 1.79814935e-007 8.96910168e-035 5.59331948e-042
  1.92694974e-033 9.89347748e-042 4.45001421e-039 4.69653650e-015
  1.14263692e-036 1.00000000e+000 1.55926129e-016 9.25827431e-038
  7.72494556e-045 6.72012094e-029 3.40037360e-029 6.03952905e-031
  1.57520462e-046 1.00000000e+000]
 [5.08241795e-045 1.96487827e-038 2.87529462e-043 1.98583857e-064
  3.65009080e-026 2.26641530e-069 1.04766351e-059 9.56716050e-048
  1.09639213e-083 2.11564945e-031 7.66538193e-045 4.53568881e-030
  2.27132754e-013 6.33626601e-021 5.19903162e-050 5.33785834e-058
  1.19967940e-036 5.81231520e-050 7.37121024e-049 9.09755191e-003
  1.34487715e-051 1.55926129e-016 1.00000000e+000 1.84867154e-054
  4.54410113e-078 2.66923531e-013 7.04051375e-034 3.30872202e-040
  2.92413350e-063 1.00000000e+000]
 [1.08197319e-010 1.00428516e-067 1.99014019e-089 5.37889386e-096
  1.92021906e-079 3.22662376e-057 2.48857085e-036 1.80487587e-082
  6.04698650e-050 7.45244874e-073 5.41777967e-107 4.09644657e-063
  1.25037545e-031 6.65796096e-040 5.88138616e-058 1.77486598e-075
  2.96501875e-017 5.06090208e-104 2.08069984e-050 2.09919537e-046
  1.38015999e-095 9.25827431e-038 1.84867154e-054 1.00000000e+000
  1.54808231e-105 5.47268754e-053 4.01200446e-058 5.29320328e-090
  2.55840448e-085 1.00000000e+000]
 [1.87527294e-062 4.09071544e-033 1.17512701e-044 9.17595268e-006
  6.83322845e-044 1.51395715e-019 9.68909926e-049 4.90930985e-008
  5.27052533e-029 2.04028220e-026 1.82854229e-055 6.60371065e-059
  1.09121677e-044 1.03160936e-051 7.44932036e-042 6.68584009e-020
  1.77119128e-064 7.33677153e-044 5.45471038e-064 1.25983814e-067
  2.02235628e-023 7.72494556e-045 4.54410113e-078 1.54808231e-105
  1.00000000e+000 2.14562147e-060 8.41050414e-034 1.99299900e-027
  9.39571790e-069 1.00000000e+000]
 [9.17627458e-038 2.79700175e-052 4.97088493e-030 2.89459255e-047
  8.60144340e-018 3.64999217e-065 1.18541306e-051 1.32888034e-042
  2.80793044e-071 1.80441585e-042 5.48650768e-038 1.04029808e-028
  1.01996159e-016 1.17587373e-037 2.57390839e-025 1.35380785e-042
  6.39552670e-022 4.16347480e-056 1.95781018e-050 1.98827799e-008
  9.58628300e-035 6.72012094e-029 2.66923531e-013 5.47268754e-053
  2.14562147e-060 1.00000000e+000 6.41535087e-029 8.73567360e-040
  4.44989843e-084 1.00000000e+000]
 [1.46213863e-031 6.81063454e-035 6.06228362e-009 1.58013412e-033
  1.48985013e-050 2.15892876e-035 7.62663502e-049 4.18644289e-016
  5.10592572e-039 1.38728743e-026 4.06604110e-040 5.89422087e-012
  5.87450020e-018 2.28605767e-017 3.88030465e-044 1.70109292e-011
  1.13868278e-023 9.62918289e-023 4.90668777e-024 4.39904015e-027
  8.75090908e-055 3.40037360e-029 7.04051375e-034 4.01200446e-058
  8.41050414e-034 6.41535087e-029 1.00000000e+000 6.43096676e-010
  1.96143674e-039 1.00000000e+000]
 [8.03804964e-049 2.06964998e-027 9.52247731e-012 4.95210522e-035
  1.84096900e-043 4.83816653e-046 8.84804650e-065 9.34729062e-017
  4.50156492e-048 7.39035214e-022 3.61705995e-023 2.88842580e-012
  1.70751002e-030 7.27492783e-021 2.91366164e-042 3.54930961e-016
  9.60932356e-053 6.58186531e-020 5.82446253e-036 1.10928530e-033
  2.30564720e-050 6.03952905e-031 3.30872202e-040 5.29320328e-090
  1.99299900e-027 8.73567360e-040 6.43096676e-010 1.00000000e+000
  2.82817984e-048 1.00000000e+000]
 [1.42052754e-062 6.14669532e-026 7.84218243e-077 2.68771649e-073
  2.22278588e-104 3.22015465e-042 7.83504514e-042 3.11257573e-042
  2.31536588e-046 1.04206704e-023 8.86800510e-123 5.16848165e-069
  8.33072660e-054 1.53322136e-030 2.49046756e-114 2.05786278e-035
  4.74524894e-073 3.75376566e-082 2.81037526e-018 6.03039029e-057
  6.04682435e-082 1.57520462e-046 2.92413350e-063 2.55840448e-085
  9.39571790e-069 4.44989843e-084 1.96143674e-039 2.82817984e-048
  1.00000000e+000 1.00000000e+000]
 [1.00000000e+000 1.00000000e+000 1.00000000e+000 1.00000000e+000
  1.00000000e+000 1.00000000e+000 1.00000000e+000 1.00000000e+000
  1.00000000e+000 1.00000000e+000 1.00000000e+000 1.00000000e+000
  1.00000000e+000 1.00000000e+000 1.00000000e+000 1.00000000e+000
  1.00000000e+000 1.00000000e+000 1.00000000e+000 1.00000000e+000
  1.00000000e+000 1.00000000e+000 1.00000000e+000 1.00000000e+000
  1.00000000e+000 1.00000000e+000 1.00000000e+000 1.00000000e+000
  1.00000000e+000 0.00000000e+000]]
