[[1.00000000e+00 6.75838489e-68 4.07760113e-66 7.11484035e-35
  1.74363629e-55 4.48684944e-52 1.09995269e-18 1.16462627e-27
  5.89996330e-67 9.89450866e-45 7.83221474e-10 1.08211439e-48
  3.18308910e-34 2.22074368e-18 8.95538946e-28 6.70557959e-51
  6.07246927e-48 2.39268605e-48 8.22576452e-73 1.29338681e-85
  1.00000000e+00]
 [6.75838489e-68 1.00000000e+00 1.97639777e-27 7.30813725e-17
  1.03661697e-54 1.10036313e-68 2.17225947e-65 9.47933981e-40
  2.36762545e-79 8.87021682e-65 2.63369277e-65 9.38758470e-49
  2.36794040e-51 1.64526658e-82 1.67381792e-72 3.40009242e-64
  8.08487433e-39 1.20446735e-19 3.74151068e-61 1.47986533e-39
  1.00000000e+00]
 [4.07760113e-66 1.97639777e-27 1.00000000e+00 1.63179893e-23
  2.88082058e-35 6.80660994e-47 5.16765129e-41 2.07205215e-28
  2.80243220e-61 5.89225233e-32 7.86360376e-67 2.54733925e-23
  4.96029836e-58 7.10260226e-67 1.21853626e-52 8.47597318e-21
  1.10682491e-22 1.34233948e-24 8.50574268e-27 1.39466938e-07
  1.00000000e+00]
 [7.11484035e-35 7.30813725e-17 1.63179893e-23 1.00000000e+00
  1.44924260e-55 8.23677784e-42 1.34593842e-38 1.64513454e-15
  3.85834561e-65 8.60794187e-48 8.24113986e-42 3.00921708e-38
  2.30543341e-27 3.27759845e-55 3.93529889e-57 5.87657120e-39
  7.88224234e-26 4.51101718e-20 3.71161437e-56 1.86841023e-40
  1.00000000e+00]
 [1.74363629e-55 1.03661697e-54 2.88082058e-35 1.44924260e-55
  1.00000000e+00 4.26602421e-45 1.28953952e-27 3.81147083e-70
  1.36415875e-35 4.33769495e-47 1.19687960e-33 9.88563527e-44
  3.18692819e-82 1.01903693e-44 1.17689382e-41 2.24584207e-67
  7.99785206e-48 1.00839582e-45 2.71118128e-13 3.81111082e-40
  1.00000000e+00]
 [4.48684944e-52 1.10036313e-68 6.80660994e-47 8.23677784e-42
  4.26602421e-45 1.00000000e+00 1.36898655e-54 3.01272287e-41
  1.49704859e-07 3.44890258e-26 3.23849642e-56 1.52112312e-45
  5.09021810e-29 3.38032701e-31 4.51038303e-38 3.92546171e-52
  7.39893425e-16 5.91693399e-46 2.81175844e-22 2.11102647e-58
  1.00000000e+00]
 [1.09995269e-18 2.17225947e-65 5.16765129e-41 1.34593842e-38
  1.28953952e-27 1.36898655e-54 1.00000000e+00 8.06628053e-39
  4.03000107e-65 3.22222762e-49 6.44095440e-11 3.38424509e-27
  7.07700640e-56 2.97465650e-24 1.11682685e-41 1.36847461e-44
  5.21249921e-55 1.37055129e-36 9.48899779e-48 1.09391751e-45
  1.00000000e+00]
 [1.16462627e-27 9.47933981e-40 2.07205215e-28 1.64513454e-15
  3.81147083e-70 3.01272287e-41 8.06628053e-39 1.00000000e+00
  1.50192828e-66 7.56723130e-23 1.73272603e-49 5.46538081e-24
  5.43075792e-16 5.95503373e-37 1.34759908e-33 1.23544430e-13
  4.07004617e-17 3.74488594e-24 1.75304074e-61 4.12354910e-43
  1.00000000e+00]
 [5.89996330e-67 2.36762545e-79 2.80243220e-61 3.85834561e-65
  1.36415875e-35 1.49704859e-07 4.03000107e-65 1.50192828e-66
  1.00000000e+00 7.16895636e-34 1.90366374e-61 2.78079484e-56
  1.10487534e-47 2.55323647e-34 4.67023054e-39 1.58001794e-75
  1.69477287e-27 9.38167294e-57 6.16809429e-17 3.58040717e-69
  1.00000000e+00]
 [9.89450866e-45 8.87021682e-65 5.89225233e-32 8.60794187e-48
  4.33769495e-47 3.44890258e-26 3.22222762e-49 7.56723130e-23
  7.16895636e-34 1.00000000e+00 4.43172673e-62 9.10705813e-31
  2.06148779e-37 5.41452363e-31 1.25180654e-09 1.49999311e-15
  9.66109146e-09 1.05671185e-45 6.63166519e-28 2.53077390e-46
  1.00000000e+00]
 [7.83221474e-10 2.63369277e-65 7.86360376e-67 8.24113986e-42
  1.19687960e-33 3.23849642e-56 6.44095440e-11 1.73272603e-49
  1.90366374e-61 4.43172673e-62 1.00000000e+00 2.21550161e-49
  1.54301845e-51 3.08075222e-21 4.31157238e-41 3.02026104e-73
  6.49038964e-63 2.36247134e-45 9.56607396e-62 1.39974993e-78
  1.00000000e+00]
 [1.08211439e-48 9.38758470e-49 2.54733925e-23 3.00921708e-38
  9.88563527e-44 1.52112312e-45 3.38424509e-27 5.46538081e-24
  2.78079484e-56 9.10705813e-31 2.21550161e-49 1.00000000e+00
  1.04057390e-33 2.34717183e-29 3.92082869e-44 1.38936901e-25
  2.13717359e-32 2.03510491e-11 8.35527115e-41 1.83478088e-15
  1.00000000e+00]
 [3.18308910e-34 2.36794040e-51 4.96029836e-58 2.30543341e-27
  3.18692819e-82 5.09021810e-29 7.07700640e-56 5.43075792e-16
  1.10487534e-47 2.06148779e-37 1.54301845e-51 1.04057390e-33
  1.00000000e+00 6.63015815e-27 6.51845383e-45 1.14294789e-47
  2.02749752e-24 1.39037526e-24 3.62680698e-70 3.24108614e-67
  1.00000000e+00]
 [2.22074368e-18 1.64526658e-82 7.10260226e-67 3.27759845e-55
  1.01903693e-44 3.38032701e-31 2.97465650e-24 5.95503373e-37
  2.55323647e-34 5.41452363e-31 3.08075222e-21 2.34717183e-29
  6.63015815e-27 1.00000000e+00 1.85533706e-21 1.32943157e-52
  5.12068906e-40 8.78137490e-40 5.68657551e-49 6.73771740e-71
  1.00000000e+00]
 [8.95538946e-28 1.67381792e-72 1.21853626e-52 3.93529889e-57
  1.17689382e-41 4.51038303e-38 1.11682685e-41 1.34759908e-33
  4.67023054e-39 1.25180654e-09 4.31157238e-41 3.92082869e-44
  6.51845383e-45 1.85533706e-21 1.00000000e+00 6.45093294e-34
  2.29082312e-23 2.98720706e-56 9.37206697e-39 1.87108070e-71
  1.00000000e+00]
 [6.70557959e-51 3.40009242e-64 8.47597318e-21 5.87657120e-39
  2.24584207e-67 3.92546171e-52 1.36847461e-44 1.23544430e-13
  1.58001794e-75 1.49999311e-15 3.02026104e-73 1.38936901e-25
  1.14294789e-47 1.32943157e-52 6.45093294e-34 1.00000000e+00
  6.23965112e-22 3.32536218e-44 5.72704731e-51 3.28253782e-33
  1.00000000e+00]
 [6.07246927e-48 8.08487433e-39 1.10682491e-22 7.88224234e-26
  7.99785206e-48 7.39893425e-16 5.21249921e-55 4.07004617e-17
  1.69477287e-27 9.66109146e-09 6.49038964e-63 2.13717359e-32
  2.02749752e-24 5.12068906e-40 2.29082312e-23 6.23965112e-22
  1.00000000e+00 1.29156223e-31 7.18236756e-26 7.73577016e-39
  1.00000000e+00]
 [2.39268605e-48 1.20446735e-19 1.34233948e-24 4.51101718e-20
  1.00839582e-45 5.91693399e-46 1.37055129e-36 3.74488594e-24
  9.38167294e-57 1.05671185e-45 2.36247134e-45 2.03510491e-11
  1.39037526e-24 8.78137490e-40 2.98720706e-56 3.32536218e-44
  1.29156223e-31 1.00000000e+00 3.26022258e-48 2.65637268e-21
  1.00000000e+00]
 [8.22576452e-73 3.74151068e-61 8.50574268e-27 3.71161437e-56
  2.71118128e-13 2.81175844e-22 9.48899779e-48 1.75304074e-61
  6.16809429e-17 6.63166519e-28 9.56607396e-62 8.35527115e-41
  3.62680698e-70 5.68657551e-49 9.37206697e-39 5.72704731e-51
  7.18236756e-26 3.26022258e-48 1.00000000e+00 2.01325770e-32
  1.00000000e+00]
 [1.29338681e-85 1.47986533e-39 1.39466938e-07 1.86841023e-40
  3.81111082e-40 2.11102647e-58 1.09391751e-45 4.12354910e-43
  3.58040717e-69 2.53077390e-46 1.39974993e-78 1.83478088e-15
  3.24108614e-67 6.73771740e-71 1.87108070e-71 3.28253782e-33
  7.73577016e-39 2.65637268e-21 2.01325770e-32 1.00000000e+00
  1.00000000e+00]
 [1.00000000e+00 1.00000000e+00 1.00000000e+00 1.00000000e+00
  1.00000000e+00 1.00000000e+00 1.00000000e+00 1.00000000e+00
  1.00000000e+00 1.00000000e+00 1.00000000e+00 1.00000000e+00
  1.00000000e+00 1.00000000e+00 1.00000000e+00 1.00000000e+00
  1.00000000e+00 1.00000000e+00 1.00000000e+00 1.00000000e+00
  0.00000000e+00]]
