[[1.00000000e+00 5.69916962e-44 4.71299915e-49 ... 2.17907535e-61
  1.08410277e-30 1.00000000e+00]
 [5.69916962e-44 1.00000000e+00 2.38666344e-53 ... 8.29651350e-68
  5.29412499e-28 1.00000000e+00]
 [4.71299915e-49 2.38666344e-53 1.00000000e+00 ... 2.65427671e-39
  1.11378473e-54 1.00000000e+00]
 ...
 [2.17907535e-61 8.29651350e-68 2.65427671e-39 ... 1.00000000e+00
  7.42709548e-78 1.00000000e+00]
 [1.08410277e-30 5.29412499e-28 1.11378473e-54 ... 7.42709548e-78
  1.00000000e+00 1.00000000e+00]
 [1.00000000e+00 1.00000000e+00 1.00000000e+00 ... 1.00000000e+00
  1.00000000e+00 0.00000000e+00]]
