[[1.00000000e+00 1.93257104e-30 7.52525028e-54 ... 1.69797259e-49
  5.47716805e-51 1.00000000e+00]
 [1.93257104e-30 1.00000000e+00 2.08081374e-35 ... 1.35758172e-53
  4.72846904e-63 1.00000000e+00]
 [7.52525028e-54 2.08081374e-35 1.00000000e+00 ... 1.54567156e-43
  1.28737183e-36 1.00000000e+00]
 ...
 [1.69797259e-49 1.35758172e-53 1.54567156e-43 ... 1.00000000e+00
  8.62471157e-18 1.00000000e+00]
 [5.47716805e-51 4.72846904e-63 1.28737183e-36 ... 8.62471157e-18
  1.00000000e+00 1.00000000e+00]
 [1.00000000e+00 1.00000000e+00 1.00000000e+00 ... 1.00000000e+00
  1.00000000e+00 0.00000000e+00]]
