[[1.00000000e+00 3.26542815e-21 1.76916847e-26 ... 3.01124743e-44
  3.25541323e-33 1.00000000e+00]
 [3.26542815e-21 1.00000000e+00 5.78951320e-23 ... 1.10226766e-24
  1.28542185e-46 1.00000000e+00]
 [1.76916847e-26 5.78951320e-23 1.00000000e+00 ... 3.79220810e-16
  1.20855446e-14 1.00000000e+00]
 ...
 [3.01124743e-44 1.10226766e-24 3.79220810e-16 ... 1.00000000e+00
  1.03620950e-18 1.00000000e+00]
 [3.25541323e-33 1.28542185e-46 1.20855446e-14 ... 1.03620950e-18
  1.00000000e+00 1.00000000e+00]
 [1.00000000e+00 1.00000000e+00 1.00000000e+00 ... 1.00000000e+00
  1.00000000e+00 0.00000000e+00]]
