[[1.00000000e+00 7.84665741e-40 4.59136006e-65 ... 9.37284575e-83
  5.44578637e-33 1.00000000e+00]
 [7.84665741e-40 1.00000000e+00 4.38014630e-22 ... 5.39919173e-23
  2.52974613e-35 1.00000000e+00]
 [4.59136006e-65 4.38014630e-22 1.00000000e+00 ... 7.96209463e-10
  1.72885855e-42 1.00000000e+00]
 ...
 [9.37284575e-83 5.39919173e-23 7.96209463e-10 ... 1.00000000e+00
  1.40656562e-48 1.00000000e+00]
 [5.44578637e-33 2.52974613e-35 1.72885855e-42 ... 1.40656562e-48
  1.00000000e+00 1.00000000e+00]
 [1.00000000e+00 1.00000000e+00 1.00000000e+00 ... 1.00000000e+00
  1.00000000e+00 0.00000000e+00]]
