[[1.00000000e+00 1.06466371e-31 4.61311494e-64 1.18687274e-31
  5.64093268e-46 1.43073176e-67 2.53505526e-59 5.02385793e-35
  1.45340587e-40 2.27494958e-38 5.45234669e-37 1.10753504e-34
  4.55733955e-33 3.61566341e-49 8.69634308e-29 1.04999649e-45
  3.29398567e-36 2.73494890e-37 6.49052654e-78 2.88500181e-62
  3.01058238e-38 1.00000000e+00]
 [1.06466371e-31 1.00000000e+00 2.95730772e-48 2.07151750e-37
  1.34553730e-48 1.19028798e-38 1.97333031e-69 3.37817943e-66
  3.33439438e-78 3.58030984e-46 5.22465926e-38 2.07932012e-71
  2.43800525e-43 3.79069205e-33 2.18709857e-47 2.12604201e-35
  3.87786411e-60 1.62656472e-30 1.47105247e-78 2.42607060e-33
  2.03802638e-29 1.00000000e+00]
 [4.61311494e-64 2.95730772e-48 1.00000000e+00 4.47369821e-31
  1.07627677e-34 1.09373964e-31 3.15028972e-37 1.50679297e-50
  5.90796743e-26 4.93148672e-47 8.72116989e-74 3.92838278e-63
  5.76950789e-35 8.62608819e-62 2.53360100e-65 1.87163923e-59
  4.43439150e-54 6.69120678e-40 7.57895925e-35 1.15926302e-29
  4.23085135e-29 1.00000000e+00]
 [1.18687274e-31 2.07151750e-37 4.47369821e-31 1.00000000e+00
  4.08867720e-35 2.82504034e-68 2.25351383e-77 2.34069512e-58
  2.18747964e-35 2.39550054e-38 8.33810313e-77 3.72949155e-37
  2.76358388e-47 4.11236824e-45 3.86375414e-66 7.76741740e-40
  1.48715319e-33 2.71739998e-67 5.75826278e-54 1.25479219e-48
  2.37060652e-30 1.00000000e+00]
 [5.64093268e-46 1.34553730e-48 1.07627677e-34 4.08867720e-35
  1.00000000e+00 4.59382084e-28 5.15520279e-63 4.23331935e-29
  4.72740301e-40 3.98447995e-73 5.21245256e-69 3.04909773e-31
  8.96043662e-78 5.69101182e-43 6.44958189e-41 1.08451796e-32
  1.20203490e-64 1.69171204e-41 3.66243316e-42 8.36778070e-66
  5.39953745e-42 1.00000000e+00]
 [1.43073176e-67 1.19028798e-38 1.09373964e-31 2.82504034e-68
  4.59382084e-28 1.00000000e+00 2.40603888e-29 2.06551624e-44
  5.86276489e-57 9.00029512e-56 1.23593682e-38 1.32946477e-56
  2.31453832e-65 5.06184951e-32 2.73802649e-33 1.24895896e-41
  3.23808544e-74 1.61300558e-28 3.31202362e-33 1.29931986e-36
  9.66247167e-41 1.00000000e+00]
 [2.53505526e-59 1.97333031e-69 3.15028972e-37 2.25351383e-77
  5.15520279e-63 2.40603888e-29 1.00000000e+00 6.75949538e-40
  4.50205508e-27 1.31308259e-29 2.37477409e-32 3.10889089e-51
  3.15045821e-34 8.77623111e-56 2.83309729e-31 3.15554471e-73
  1.50736271e-51 2.63697851e-39 2.11734837e-31 1.21010127e-39
  2.45063353e-48 1.00000000e+00]
 [5.02385793e-35 3.37817943e-66 1.50679297e-50 2.34069512e-58
  4.23331935e-29 2.06551624e-44 6.75949538e-40 1.00000000e+00
  6.53825916e-31 5.50202006e-67 3.72811428e-37 1.66628792e-34
  1.04571077e-46 5.44511233e-70 4.90163617e-45 3.32365237e-35
  3.13177817e-34 9.20678029e-29 1.38638681e-39 1.54397682e-52
  7.93690167e-76 1.00000000e+00]
 [1.45340587e-40 3.33439438e-78 5.90796743e-26 2.18747964e-35
  4.72740301e-40 5.86276489e-57 4.50205508e-27 6.53825916e-31
  1.00000000e+00 7.65464911e-36 1.69731183e-67 6.00409267e-29
  8.72639841e-35 1.01531727e-67 1.38382788e-43 1.67734736e-70
  4.17793890e-37 4.41756845e-54 9.14451904e-35 2.95343581e-59
  1.20599037e-39 1.00000000e+00]
 [2.27494958e-38 3.58030984e-46 4.93148672e-47 2.39550054e-38
  3.98447995e-73 9.00029512e-56 1.31308259e-29 5.50202006e-67
  7.65464911e-36 1.00000000e+00 7.90046641e-35 6.82544147e-36
  8.55483464e-34 7.00235173e-28 1.46991152e-38 1.32223173e-56
  2.14437330e-28 1.97041531e-69 1.00678795e-39 8.68369093e-35
  1.75151185e-32 1.00000000e+00]
 [5.45234669e-37 5.22465926e-38 8.72116989e-74 8.33810313e-77
  5.21245256e-69 1.23593682e-38 2.37477409e-32 3.72811428e-37
  1.69731183e-67 7.90046641e-35 1.00000000e+00 6.01815637e-51
  1.99162271e-42 2.77973008e-37 3.19169100e-34 1.13120998e-33
  5.72052133e-36 4.33654000e-36 3.97205204e-50 6.93728445e-31
  2.31272848e-69 1.00000000e+00]
 [1.10753504e-34 2.07932012e-71 3.92838278e-63 3.72949155e-37
  3.04909773e-31 1.32946477e-56 3.10889089e-51 1.66628792e-34
  6.00409267e-29 6.82544147e-36 6.01815637e-51 1.00000000e+00
  3.31793438e-76 4.60857069e-29 1.00363573e-31 5.02513399e-36
  1.06853285e-32 4.45453205e-78 9.48785818e-30 9.24761617e-72
  8.78574236e-55 1.00000000e+00]
 [4.55733955e-33 2.43800525e-43 5.76950789e-35 2.76358388e-47
  8.96043662e-78 2.31453832e-65 3.15045821e-34 1.04571077e-46
  8.72639841e-35 8.55483464e-34 1.99162271e-42 3.31793438e-76
  1.00000000e+00 9.05241760e-82 3.83512315e-61 5.02752027e-72
  6.95691088e-35 8.20285729e-30 3.52365998e-69 3.46657548e-29
  1.46802351e-45 1.00000000e+00]
 [3.61566341e-49 3.79069205e-33 8.62608819e-62 4.11236824e-45
  5.69101182e-43 5.06184951e-32 8.77623111e-56 5.44511233e-70
  1.01531727e-67 7.00235173e-28 2.77973008e-37 4.60857069e-29
  9.05241760e-82 1.00000000e+00 1.23723648e-30 1.83171556e-29
  1.32079976e-54 9.42267679e-72 9.53853589e-40 5.13849966e-49
  4.80841803e-37 1.00000000e+00]
 [8.69634308e-29 2.18709857e-47 2.53360100e-65 3.86375414e-66
  6.44958189e-41 2.73802649e-33 2.83309729e-31 4.90163617e-45
  1.38382788e-43 1.46991152e-38 3.19169100e-34 1.00363573e-31
  3.83512315e-61 1.23723648e-30 1.00000000e+00 2.83724960e-63
  2.71732234e-71 7.86317926e-40 4.26159016e-62 8.95503630e-76
  6.00947781e-30 1.00000000e+00]
 [1.04999649e-45 2.12604201e-35 1.87163923e-59 7.76741740e-40
  1.08451796e-32 1.24895896e-41 3.15554471e-73 3.32365237e-35
  1.67734736e-70 1.32223173e-56 1.13120998e-33 5.02513399e-36
  5.02752027e-72 1.83171556e-29 2.83724960e-63 1.00000000e+00
  4.20622480e-29 7.37523994e-56 3.77629361e-35 1.62188779e-32
  3.87504679e-74 1.00000000e+00]
 [3.29398567e-36 3.87786411e-60 4.43439150e-54 1.48715319e-33
  1.20203490e-64 3.23808544e-74 1.50736271e-51 3.13177817e-34
  4.17793890e-37 2.14437330e-28 5.72052133e-36 1.06853285e-32
  6.95691088e-35 1.32079976e-54 2.71732234e-71 4.20622480e-29
  1.00000000e+00 2.04404080e-68 1.17772328e-32 7.74693399e-29
  1.32063558e-75 1.00000000e+00]
 [2.73494890e-37 1.62656472e-30 6.69120678e-40 2.71739998e-67
  1.69171204e-41 1.61300558e-28 2.63697851e-39 9.20678029e-29
  4.41756845e-54 1.97041531e-69 4.33654000e-36 4.45453205e-78
  8.20285729e-30 9.42267679e-72 7.86317926e-40 7.37523994e-56
  2.04404080e-68 1.00000000e+00 1.54635226e-73 1.33993788e-42
  1.01105112e-46 1.00000000e+00]
 [6.49052654e-78 1.47105247e-78 7.57895925e-35 5.75826278e-54
  3.66243316e-42 3.31202362e-33 2.11734837e-31 1.38638681e-39
  9.14451904e-35 1.00678795e-39 3.97205204e-50 9.48785818e-30
  3.52365998e-69 9.53853589e-40 4.26159016e-62 3.77629361e-35
  1.17772328e-32 1.54635226e-73 1.00000000e+00 2.49669590e-33
  9.31138591e-70 1.00000000e+00]
 [2.88500181e-62 2.42607060e-33 1.15926302e-29 1.25479219e-48
  8.36778070e-66 1.29931986e-36 1.21010127e-39 1.54397682e-52
  2.95343581e-59 8.68369093e-35 6.93728445e-31 9.24761617e-72
  3.46657548e-29 5.13849966e-49 8.95503630e-76 1.62188779e-32
  7.74693399e-29 1.33993788e-42 2.49669590e-33 1.00000000e+00
  7.24455588e-60 1.00000000e+00]
 [3.01058238e-38 2.03802638e-29 4.23085135e-29 2.37060652e-30
  5.39953745e-42 9.66247167e-41 2.45063353e-48 7.93690167e-76
  1.20599037e-39 1.75151185e-32 2.31272848e-69 8.78574236e-55
  1.46802351e-45 4.80841803e-37 6.00947781e-30 3.87504679e-74
  1.32063558e-75 1.01105112e-46 9.31138591e-70 7.24455588e-60
  1.00000000e+00 1.00000000e+00]
 [1.00000000e+00 1.00000000e+00 1.00000000e+00 1.00000000e+00
  1.00000000e+00 1.00000000e+00 1.00000000e+00 1.00000000e+00
  1.00000000e+00 1.00000000e+00 1.00000000e+00 1.00000000e+00
  1.00000000e+00 1.00000000e+00 1.00000000e+00 1.00000000e+00
  1.00000000e+00 1.00000000e+00 1.00000000e+00 1.00000000e+00
  1.00000000e+00 0.00000000e+00]]
