[[1.00000000e+00 6.68616761e-44 1.26506144e-07 1.48169600e-18
  4.71560469e-34 1.12712768e-52 4.45697611e-23 8.65504304e-39
  1.07817328e-35 3.10858039e-52 3.72451035e-34 4.18568679e-51
  1.57153418e-71 2.62359127e-35 3.02414304e-36 1.54647226e-50
  1.44070748e-17 1.16955192e-34 7.10828696e-57 3.22513996e-64
  1.00000000e+00]
 [6.68616761e-44 1.00000000e+00 7.39931565e-44 1.00241651e-21
  3.55734574e-46 3.69034750e-47 1.29327073e-15 9.03626608e-64
  3.52499270e-45 4.49285154e-51 4.39903717e-37 4.09516039e-30
  3.78295746e-32 5.33459410e-27 4.05618005e-15 7.48803568e-37
  5.01963475e-23 5.02781533e-32 6.50870730e-21 1.71411214e-39
  1.00000000e+00]
 [1.26506144e-07 7.39931565e-44 1.00000000e+00 1.30776942e-25
  3.18074757e-41 2.61813308e-56 2.93342211e-18 2.97706615e-47
  9.41568754e-46 1.17716004e-49 8.22872911e-47 1.78837778e-36
  1.08892937e-54 9.86491803e-33 4.71533909e-22 1.39163588e-38
  5.22431177e-33 7.88487112e-37 1.18901899e-52 2.13897273e-74
  1.00000000e+00]
 [1.48169600e-18 1.00241651e-21 1.30776942e-25 1.00000000e+00
  4.53058660e-16 4.80632112e-28 1.31792287e-29 9.93490515e-21
  9.62315115e-26 2.05149722e-37 1.45113307e-31 1.54418571e-27
  1.11158404e-35 2.77720434e-23 2.00894181e-31 6.02566147e-23
  3.62732409e-19 2.11999925e-25 1.23452782e-30 8.83761000e-32
  1.00000000e+00]
 [4.71560469e-34 3.55734574e-46 3.18074757e-41 4.53058660e-16
  1.00000000e+00 9.38903305e-21 1.11384929e-44 5.81517648e-09
  1.17011117e-26 3.78777242e-51 1.06900428e-51 1.59478596e-31
  1.68848573e-39 3.18839092e-15 4.92779452e-49 2.75515077e-21
  2.91398757e-43 5.98424513e-32 1.61524513e-30 2.05007829e-58
  1.00000000e+00]
 [1.12712768e-52 3.69034750e-47 2.61813308e-56 4.80632112e-28
  9.38903305e-21 1.00000000e+00 7.45888977e-54 5.39326280e-50
  2.64513832e-77 1.03265750e-40 9.98931452e-68 8.81964834e-19
  1.01806911e-32 3.01867189e-39 9.92508090e-50 7.45650383e-32
  2.87144740e-42 8.82625161e-79 5.79220369e-45 1.00671227e-83
  1.00000000e+00]
 [4.45697611e-23 1.29327073e-15 2.93342211e-18 1.31792287e-29
  1.11384929e-44 7.45888977e-54 1.00000000e+00 1.55183540e-62
  3.56115497e-46 1.32342885e-63 2.37237091e-46 3.22964655e-34
  8.02177715e-48 4.36923413e-24 2.01995221e-06 3.42671429e-44
  8.75355235e-22 1.70820937e-30 1.29012605e-34 3.10305289e-72
  1.00000000e+00]
 [8.65504304e-39 9.03626608e-64 2.97706615e-47 9.93490515e-21
  5.81517648e-09 5.39326280e-50 1.55183540e-62 1.00000000e+00
  2.77373548e-16 2.09455541e-67 2.72829255e-58 6.93977817e-54
  1.22654973e-57 1.45761522e-24 5.37858654e-68 7.09053777e-29
  1.11709020e-61 2.62059079e-24 2.11419060e-43 2.66342301e-52
  1.00000000e+00]
 [1.07817328e-35 3.52499270e-45 9.41568754e-46 9.62315115e-26
  1.17011117e-26 2.64513832e-77 3.56115497e-46 2.77373548e-16
  1.00000000e+00 5.08301195e-65 1.65932267e-30 5.85575561e-68
  5.64669214e-65 1.03065942e-17 2.72580994e-59 2.61210013e-39
  6.29822214e-52 5.61194258e-05 5.26780152e-29 1.31862974e-28
  1.00000000e+00]
 [3.10858039e-52 4.49285154e-51 1.17716004e-49 2.05149722e-37
  3.78777242e-51 1.03265750e-40 1.32342885e-63 2.09455541e-67
  5.08301195e-65 1.00000000e+00 1.49255408e-24 6.70209643e-31
  2.34855086e-30 9.86623954e-40 2.12888871e-59 5.82005604e-29
  3.66951464e-58 3.49061097e-68 8.33234539e-32 2.01982766e-38
  1.00000000e+00]
 [3.72451035e-34 4.39903717e-37 8.22872911e-47 1.45113307e-31
  1.06900428e-51 9.98931452e-68 2.37237091e-46 2.72829255e-58
  1.65932267e-30 1.49255408e-24 1.00000000e+00 1.64963153e-63
  3.51042170e-63 4.43759949e-33 9.98776391e-61 3.71275890e-52
  3.56759380e-33 3.84604245e-36 3.30498543e-30 5.73665069e-19
  1.00000000e+00]
 [4.18568679e-51 4.09516039e-30 1.78837778e-36 1.54418571e-27
  1.59478596e-31 8.81964834e-19 3.22964655e-34 6.93977817e-54
  5.85575561e-68 6.70209643e-31 1.64963153e-63 1.00000000e+00
  4.12916308e-06 1.13585880e-25 1.59541465e-19 3.81102254e-10
  2.80290133e-53 9.18650805e-57 1.34447482e-25 6.77064170e-69
  1.00000000e+00]
 [1.57153418e-71 3.78295746e-32 1.08892937e-54 1.11158404e-35
  1.68848573e-39 1.01806911e-32 8.02177715e-48 1.22654973e-57
  5.64669214e-65 2.34855086e-30 3.51042170e-63 4.12916308e-06
  1.00000000e+00 2.73434574e-25 1.37469915e-29 5.90226751e-07
  1.19602290e-72 4.91691161e-54 8.90905816e-17 3.54914393e-55
  1.00000000e+00]
 [2.62359127e-35 5.33459410e-27 9.86491803e-33 2.77720434e-23
  3.18839092e-15 3.01867189e-39 4.36923413e-24 1.45761522e-24
  1.03065942e-17 9.86623954e-40 4.43759949e-33 1.13585880e-25
  2.73434574e-25 1.00000000e+00 1.96188841e-27 1.93243049e-14
  4.23401206e-45 2.19402164e-14 1.82050540e-07 1.56181411e-42
  1.00000000e+00]
 [3.02414304e-36 4.05618005e-15 4.71533909e-22 2.00894181e-31
  4.92779452e-49 9.92508090e-50 2.01995221e-06 5.37858654e-68
  2.72580994e-59 2.12888871e-59 9.98776391e-61 1.59541465e-19
  1.37469915e-29 1.96188841e-27 1.00000000e+00 5.13062273e-32
  5.23996420e-36 8.37020611e-39 9.68640755e-33 2.43104069e-75
  1.00000000e+00]
 [1.54647226e-50 7.48803568e-37 1.39163588e-38 6.02566147e-23
  2.75515077e-21 7.45650383e-32 3.42671429e-44 7.09053777e-29
  2.61210013e-39 5.82005604e-29 3.71275890e-52 3.81102254e-10
  5.90226751e-07 1.93243049e-14 5.13062273e-32 1.00000000e+00
  2.66877773e-65 4.61206328e-34 1.80308180e-15 6.02423555e-45
  1.00000000e+00]
 [1.44070748e-17 5.01963475e-23 5.22431177e-33 3.62732409e-19
  2.91398757e-43 2.87144740e-42 8.75355235e-22 1.11709020e-61
  6.29822214e-52 3.66951464e-58 3.56759380e-33 2.80290133e-53
  1.19602290e-72 4.23401206e-45 5.23996420e-36 2.66877773e-65
  1.00000000e+00 3.19158776e-49 1.78977399e-54 2.17536107e-60
  1.00000000e+00]
 [1.16955192e-34 5.02781533e-32 7.88487112e-37 2.11999925e-25
  5.98424513e-32 8.82625161e-79 1.70820937e-30 2.62059079e-24
  5.61194258e-05 3.49061097e-68 3.84604245e-36 9.18650805e-57
  4.91691161e-54 2.19402164e-14 8.37020611e-39 4.61206328e-34
  3.19158776e-49 1.00000000e+00 4.73130024e-24 3.14515298e-33
  1.00000000e+00]
 [7.10828696e-57 6.50870730e-21 1.18901899e-52 1.23452782e-30
  1.61524513e-30 5.79220369e-45 1.29012605e-34 2.11419060e-43
  5.26780152e-29 8.33234539e-32 3.30498543e-30 1.34447482e-25
  8.90905816e-17 1.82050540e-07 9.68640755e-33 1.80308180e-15
  1.78977399e-54 4.73130024e-24 1.00000000e+00 7.14400531e-30
  1.00000000e+00]
 [3.22513996e-64 1.71411214e-39 2.13897273e-74 8.83761000e-32
  2.05007829e-58 1.00671227e-83 3.10305289e-72 2.66342301e-52
  1.31862974e-28 2.01982766e-38 5.73665069e-19 6.77064170e-69
  3.54914393e-55 1.56181411e-42 2.43104069e-75 6.02423555e-45
  2.17536107e-60 3.14515298e-33 7.14400531e-30 1.00000000e+00
  1.00000000e+00]
 [1.00000000e+00 1.00000000e+00 1.00000000e+00 1.00000000e+00
  1.00000000e+00 1.00000000e+00 1.00000000e+00 1.00000000e+00
  1.00000000e+00 1.00000000e+00 1.00000000e+00 1.00000000e+00
  1.00000000e+00 1.00000000e+00 1.00000000e+00 1.00000000e+00
  1.00000000e+00 1.00000000e+00 1.00000000e+00 1.00000000e+00
  0.00000000e+00]]
