[[1.00000000e+00 1.16325892e-82 1.14730657e-82 ... 4.57731410e-81
  8.43209070e-59 1.00000000e+00]
 [1.16325892e-82 1.00000000e+00 5.17449657e-46 ... 1.05301697e-18
  1.17373990e-17 1.00000000e+00]
 [1.14730657e-82 5.17449657e-46 1.00000000e+00 ... 3.10086563e-42
  1.30141780e-59 1.00000000e+00]
 ...
 [4.57731410e-81 1.05301697e-18 3.10086563e-42 ... 1.00000000e+00
  5.11785106e-22 1.00000000e+00]
 [8.43209070e-59 1.17373990e-17 1.30141780e-59 ... 5.11785106e-22
  1.00000000e+00 1.00000000e+00]
 [1.00000000e+00 1.00000000e+00 1.00000000e+00 ... 1.00000000e+00
  1.00000000e+00 0.00000000e+00]]
