[[1.00000000e+000 2.25231668e-041 1.07414786e-030 3.11810687e-047
  2.16803867e-071 9.54861680e-026 1.54363695e-042 3.99450731e-024
  2.71320271e-054 6.11465296e-055 1.14892464e-035 9.23444761e-030
  7.82691279e-057 2.57392449e-039 2.55374243e-033 8.91202564e-007
  3.23134979e-010 9.36784843e-010 1.20442536e-020 3.71044060e-046
  1.00000000e+000]
 [2.25231668e-041 1.00000000e+000 3.96078343e-077 3.46105867e-080
  2.12337438e-055 3.47415967e-027 6.12263944e-047 7.59309919e-048
  5.67205721e-041 9.10155838e-044 4.81469249e-066 4.90967950e-040
  5.81263322e-039 6.53171614e-026 2.95592589e-036 2.21363713e-059
  3.73304440e-051 7.75676129e-040 1.60152866e-029 9.52412233e-027
  1.00000000e+000]
 [1.07414786e-030 3.96078343e-077 1.00000000e+000 5.09211357e-060
  6.76019844e-101 4.24072467e-034 2.36138181e-069 1.93560308e-065
  5.85690862e-044 8.07831613e-066 1.17114366e-042 1.64511180e-058
  9.12787977e-075 1.66220570e-035 4.32206006e-077 1.47699137e-032
  9.43041052e-039 8.39855719e-055 3.54463900e-069 5.93961553e-058
  1.00000000e+000]
 [3.11810687e-047 3.46105867e-080 5.09211357e-060 1.00000000e+000
  3.80312830e-057 6.47002138e-048 1.80177996e-068 3.95442457e-031
  9.47298892e-039 1.85117553e-044 1.27146489e-006 1.15582090e-086
  4.25160399e-079 9.14937662e-045 1.66761106e-057 2.69059416e-036
  2.06111478e-066 4.19265294e-078 5.23978072e-049 5.85305850e-070
  1.00000000e+000]
 [2.16803867e-071 2.12337438e-055 6.76019844e-101 3.80312830e-057
  1.00000000e+000 8.21226314e-035 3.08272140e-030 8.23524308e-032
  9.49678560e-037 2.22001733e-045 7.75010574e-062 4.28536744e-066
  2.79324345e-014 6.19289677e-030 6.61267492e-035 2.69174907e-066
  1.67637395e-112 4.35603571e-072 3.23420759e-031 8.78007892e-087
  1.00000000e+000]
 [9.54861680e-026 3.47415967e-027 4.24072467e-034 6.47002138e-048
  8.21226314e-035 1.00000000e+000 6.24984432e-045 9.14074294e-028
  5.11004961e-011 3.03363242e-013 4.93367974e-033 2.29566379e-022
  1.27947564e-026 7.05012877e-007 3.52005450e-047 8.73797826e-038
  2.63963375e-054 7.40634721e-035 9.24274433e-033 2.92581983e-053
  1.00000000e+000]
 [1.54363695e-042 6.12263944e-047 2.36138181e-069 1.80177996e-068
  3.08272140e-030 6.24984432e-045 1.00000000e+000 1.06723059e-028
  1.08865253e-060 3.97417854e-087 1.49492777e-066 6.21396576e-051
  9.03408937e-023 2.35334825e-039 1.40290282e-010 7.28850502e-035
  1.36305607e-055 1.84593817e-045 7.49962714e-017 5.12634685e-041
  1.00000000e+000]
 [3.99450731e-024 7.59309919e-048 1.93560308e-065 3.95442457e-031
  8.23524308e-032 9.14074294e-028 1.06723059e-028 1.00000000e+000
  1.41113612e-041 5.92074483e-044 3.26859778e-024 1.80283562e-026
  1.57162619e-047 6.93718764e-039 8.60133865e-031 9.06740547e-026
  4.23718758e-047 8.70080598e-041 6.52456971e-020 3.18611600e-055
  1.00000000e+000]
 [2.71320271e-054 5.67205721e-041 5.85690862e-044 9.47298892e-039
  9.49678560e-037 5.11004961e-011 1.08865253e-060 1.41113612e-041
  1.00000000e+000 1.02582426e-010 1.35012087e-026 2.73434061e-047
  2.09933151e-039 1.59651475e-006 5.24177024e-067 2.38161316e-062
  1.00436923e-083 3.00177545e-075 3.63380872e-056 3.21830572e-056
  1.00000000e+000]
 [6.11465296e-055 9.10155838e-044 8.07831613e-066 1.85117553e-044
  2.22001733e-045 3.03363242e-013 3.97417854e-087 5.92074483e-044
  1.02582426e-010 1.00000000e+000 1.74953565e-032 4.32239147e-049
  2.30630031e-053 3.40962106e-019 3.03860371e-081 4.29358174e-070
  1.06542292e-092 4.49270877e-070 4.28322694e-060 2.13343432e-083
  1.00000000e+000]
 [1.14892464e-035 4.81469249e-066 1.17114366e-042 1.27146489e-006
  7.75010574e-062 4.93367974e-033 1.49492777e-066 3.26859778e-024
  1.35012087e-026 1.74953565e-032 1.00000000e+000 1.42382032e-057
  5.61763340e-079 2.17944143e-035 3.53386442e-063 2.09307209e-034
  1.27855676e-052 2.49185781e-070 4.00946730e-051 2.88272795e-055
  1.00000000e+000]
 [9.23444761e-030 4.90967950e-040 1.64511180e-058 1.15582090e-086
  4.28536744e-066 2.29566379e-022 6.21396576e-051 1.80283562e-026
  2.73434061e-047 4.32239147e-049 1.42382032e-057 1.00000000e+000
  5.88349337e-060 1.32847973e-042 8.08890037e-065 8.25693812e-052
  9.59451009e-051 1.80261287e-042 1.11260794e-047 1.65483178e-058
  1.00000000e+000]
 [7.82691279e-057 5.81263322e-039 9.12787977e-075 4.25160399e-079
  2.79324345e-014 1.27947564e-026 9.03408937e-023 1.57162619e-047
  2.09933151e-039 2.30630031e-053 5.61763340e-079 5.88349337e-060
  1.00000000e+000 8.25580544e-020 6.11107905e-026 1.74795724e-055
  2.52886105e-089 6.93516602e-047 5.27968672e-025 1.37447690e-070
  1.00000000e+000]
 [2.57392449e-039 6.53171614e-026 1.66220570e-035 9.14937662e-045
  6.19289677e-030 7.05012877e-007 2.35334825e-039 6.93718764e-039
  1.59651475e-006 3.40962106e-019 2.17944143e-035 1.32847973e-042
  8.25580544e-020 1.00000000e+000 8.26076500e-042 4.00150164e-045
  1.14237905e-063 2.73355327e-049 3.57991701e-035 2.76617124e-042
  1.00000000e+000]
 [2.55374243e-033 2.95592589e-036 4.32206006e-077 1.66761106e-057
  6.61267492e-035 3.52005450e-047 1.40290282e-010 8.60133865e-031
  5.24177024e-067 3.03860371e-081 3.53386442e-063 8.08890037e-065
  6.11107905e-026 8.26076500e-042 1.00000000e+000 3.26445894e-025
  1.42334123e-043 4.60494579e-029 1.82005446e-004 4.30187433e-041
  1.00000000e+000]
 [8.91202564e-007 2.21363713e-059 1.47699137e-032 2.69059416e-036
  2.69174907e-066 8.73797826e-038 7.28850502e-035 9.06740547e-026
  2.38161316e-062 4.29358174e-070 2.09307209e-034 8.25693812e-052
  1.74795724e-055 4.00150164e-045 3.26445894e-025 1.00000000e+000
  8.86471060e-016 3.75916184e-017 2.65502372e-018 1.20567104e-052
  1.00000000e+000]
 [3.23134979e-010 3.73304440e-051 9.43041052e-039 2.06111478e-066
  1.67637395e-112 2.63963375e-054 1.36305607e-055 4.23718758e-047
  1.00436923e-083 1.06542292e-092 1.27855676e-052 9.59451009e-051
  2.52886105e-089 1.14237905e-063 1.42334123e-043 8.86471060e-016
  1.00000000e+000 1.55088479e-023 1.02947593e-036 8.03962697e-034
  1.00000000e+000]
 [9.36784843e-010 7.75676129e-040 8.39855719e-055 4.19265294e-078
  4.35603571e-072 7.40634721e-035 1.84593817e-045 8.70080598e-041
  3.00177545e-075 4.49270877e-070 2.49185781e-070 1.80261287e-042
  6.93516602e-047 2.73355327e-049 4.60494579e-029 3.75916184e-017
  1.55088479e-023 1.00000000e+000 1.02989408e-016 3.01185865e-065
  1.00000000e+000]
 [1.20442536e-020 1.60152866e-029 3.54463900e-069 5.23978072e-049
  3.23420759e-031 9.24274433e-033 7.49962714e-017 6.52456971e-020
  3.63380872e-056 4.28322694e-060 4.00946730e-051 1.11260794e-047
  5.27968672e-025 3.57991701e-035 1.82005446e-004 2.65502372e-018
  1.02947593e-036 1.02989408e-016 1.00000000e+000 4.47243000e-046
  1.00000000e+000]
 [3.71044060e-046 9.52412233e-027 5.93961553e-058 5.85305850e-070
  8.78007892e-087 2.92581983e-053 5.12634685e-041 3.18611600e-055
  3.21830572e-056 2.13343432e-083 2.88272795e-055 1.65483178e-058
  1.37447690e-070 2.76617124e-042 4.30187433e-041 1.20567104e-052
  8.03962697e-034 3.01185865e-065 4.47243000e-046 1.00000000e+000
  1.00000000e+000]
 [1.00000000e+000 1.00000000e+000 1.00000000e+000 1.00000000e+000
  1.00000000e+000 1.00000000e+000 1.00000000e+000 1.00000000e+000
  1.00000000e+000 1.00000000e+000 1.00000000e+000 1.00000000e+000
  1.00000000e+000 1.00000000e+000 1.00000000e+000 1.00000000e+000
  1.00000000e+000 1.00000000e+000 1.00000000e+000 1.00000000e+000
  0.00000000e+000]]
