[[1.00000000e+000 2.83890306e-063 1.08709540e-056 5.62163381e-078
  5.33559955e-033 4.75012577e-049 6.56447124e-050 9.83105853e-031
  2.47967584e-056 1.77711041e-064 7.60742453e-052 5.85712896e-027
  3.25280667e-066 8.18230215e-038 6.98875377e-054 1.02068843e-051
  5.87578435e-018 1.49907607e-045 2.00375386e-024 3.66536429e-026
  1.00000000e+000]
 [2.83890306e-063 1.00000000e+000 3.30133426e-037 1.25586955e-032
  5.46621247e-036 2.79424381e-017 2.53237955e-020 8.18893808e-035
  1.96237394e-014 1.11369114e-029 2.49128903e-025 6.10585701e-020
  3.44650731e-021 1.29006814e-048 1.48213826e-042 2.38231278e-031
  1.47137821e-029 2.39708055e-026 7.72751674e-037 2.87480528e-030
  1.00000000e+000]
 [1.08709540e-056 3.30133426e-037 1.00000000e+000 4.98107564e-039
  5.26296830e-073 2.34852951e-033 4.09039465e-066 3.72357842e-063
  3.05381069e-048 1.51601048e-104 2.55313430e-070 3.03281059e-040
  6.15566463e-032 3.20308313e-068 1.12029605e-048 3.86624489e-056
  8.48817213e-037 6.42720443e-012 1.05950176e-063 4.74656914e-032
  1.00000000e+000]
 [5.62163381e-078 1.25586955e-032 4.98107564e-039 1.00000000e+000
  9.84326453e-060 1.46629350e-064 3.33357865e-047 2.00318585e-069
  1.50019921e-052 1.00165591e-084 1.02437920e-067 2.02525793e-031
  3.82358599e-034 1.15943575e-068 8.42599673e-033 5.10737219e-058
  1.97548886e-042 1.47071871e-046 9.56066916e-096 1.00534325e-017
  1.00000000e+000]
 [5.33559955e-033 5.46621247e-036 5.26296830e-073 9.84326453e-060
  1.00000000e+000 9.35836518e-062 1.13789277e-046 4.38800508e-029
  2.25344271e-029 1.59281614e-032 2.28308591e-015 5.43910959e-025
  1.28120817e-064 3.54078074e-005 1.44298387e-077 1.46767080e-075
  2.92163902e-036 1.10195564e-060 8.00447249e-040 2.57035618e-026
  1.00000000e+000]
 [4.75012577e-049 2.79424381e-017 2.34852951e-033 1.46629350e-064
  9.35836518e-062 1.00000000e+000 4.24312710e-027 9.07376602e-040
  1.27441393e-029 9.53589742e-043 1.55163148e-049 1.92789434e-030
  3.04486481e-023 1.98707088e-075 1.66153562e-042 1.00581586e-018
  6.75493872e-026 3.60764491e-016 1.41944282e-018 1.85268357e-043
  1.00000000e+000]
 [6.56447124e-050 2.53237955e-020 4.09039465e-066 3.33357865e-047
  1.13789277e-046 4.24312710e-027 1.00000000e+000 9.18030725e-020
  2.42671136e-031 2.36826934e-032 2.92410212e-036 6.91795485e-012
  2.41564911e-040 4.51811248e-071 1.32552271e-023 1.40189084e-008
  2.88239548e-015 1.27770945e-047 4.89131979e-028 9.20317228e-038
  1.00000000e+000]
 [9.83105853e-031 8.18893808e-035 3.72357842e-063 2.00318585e-069
  4.38800508e-029 9.07376602e-040 9.18030725e-020 1.00000000e+000
  7.28549183e-019 1.68456028e-052 1.08547609e-031 6.06510732e-009
  1.74021402e-050 5.84523560e-042 2.29104342e-057 7.46644733e-032
  6.37911448e-011 4.88035676e-042 4.46170469e-017 7.47892243e-039
  1.00000000e+000]
 [2.47967584e-056 1.96237394e-014 3.05381069e-048 1.50019921e-052
  2.25344271e-029 1.27441393e-029 2.42671136e-031 7.28549183e-019
  1.00000000e+000 1.01694234e-047 1.47147645e-035 3.53347137e-017
  2.36862844e-021 4.99271893e-039 6.45428627e-075 1.37564205e-045
  1.99099293e-026 4.98046453e-024 8.11096633e-030 2.37299683e-034
  1.00000000e+000]
 [1.77711041e-064 1.11369114e-029 1.51601048e-104 1.00165591e-084
  1.59281614e-032 9.53589742e-043 2.36826934e-032 1.68456028e-052
  1.01694234e-047 1.00000000e+000 5.99308176e-024 7.69241986e-046
  3.31812000e-071 5.72706001e-054 1.65598489e-069 1.89275323e-054
  2.24717132e-055 2.21579819e-080 2.54791285e-036 6.33236637e-058
  1.00000000e+000]
 [7.60742453e-052 2.49128903e-025 2.55313430e-070 1.02437920e-067
  2.28308591e-015 1.55163148e-049 2.92410212e-036 1.08547609e-031
  1.47147645e-035 5.99308176e-024 1.00000000e+000 9.47082427e-031
  3.09597357e-077 3.90868689e-022 5.12919381e-065 1.91102905e-062
  1.98498392e-042 2.54649046e-067 4.46971164e-038 4.33185971e-047
  1.00000000e+000]
 [5.85712896e-027 6.10585701e-020 3.03281059e-040 2.02525793e-031
  5.43910959e-025 1.92789434e-030 6.91795485e-012 6.06510732e-009
  3.53347137e-017 7.69241986e-046 9.47082427e-031 1.00000000e+000
  1.50274577e-028 9.18123521e-038 8.02732638e-030 1.25936678e-021
  4.36152102e-004 1.62019892e-027 1.70440055e-025 1.36847839e-014
  1.00000000e+000]
 [3.25280667e-066 3.44650731e-021 6.15566463e-032 3.82358599e-034
  1.28120817e-064 3.04486481e-023 2.41564911e-040 1.74021402e-050
  2.36862844e-021 3.31812000e-071 3.09597357e-077 1.50274577e-028
  1.00000000e+000 3.91795286e-077 2.00181378e-055 3.24083322e-037
  4.95648858e-031 6.56968976e-011 2.10423772e-050 5.99849548e-027
  1.00000000e+000]
 [8.18230215e-038 1.29006814e-048 3.20308313e-068 1.15943575e-068
  3.54078074e-005 1.98707088e-075 4.51811248e-071 5.84523560e-042
  4.99271893e-039 5.72706001e-054 3.90868689e-022 9.18123521e-038
  3.91795286e-077 1.00000000e+000 4.53263462e-096 4.10528551e-100
  8.01715668e-049 5.22257092e-064 1.23049601e-053 2.50573985e-032
  1.00000000e+000]
 [6.98875377e-054 1.48213826e-042 1.12029605e-048 8.42599673e-033
  1.44298387e-077 1.66153562e-042 1.32552271e-023 2.29104342e-057
  6.45428627e-075 1.65598489e-069 5.12919381e-065 8.02732638e-030
  2.00181378e-055 4.53263462e-096 1.00000000e+000 8.52402248e-019
  2.13871455e-026 1.81101429e-054 9.78924667e-063 1.41484874e-034
  1.00000000e+000]
 [1.02068843e-051 2.38231278e-031 3.86624489e-056 5.10737219e-058
  1.46767080e-075 1.00581586e-018 1.40189084e-008 7.46644733e-032
  1.37564205e-045 1.89275323e-054 1.91102905e-062 1.25936678e-021
  3.24083322e-037 4.10528551e-100 8.52402248e-019 1.00000000e+000
  3.49005635e-016 2.06704309e-038 4.57619826e-029 1.66600026e-046
  1.00000000e+000]
 [5.87578435e-018 1.47137821e-029 8.48817213e-037 1.97548886e-042
  2.92163902e-036 6.75493872e-026 2.88239548e-015 6.37911448e-011
  1.99099293e-026 2.24717132e-055 1.98498392e-042 4.36152102e-004
  4.95648858e-031 8.01715668e-049 2.13871455e-026 3.49005635e-016
  1.00000000e+000 1.28966751e-023 1.42316804e-019 7.22030048e-018
  1.00000000e+000]
 [1.49907607e-045 2.39708055e-026 6.42720443e-012 1.47071871e-046
  1.10195564e-060 3.60764491e-016 1.27770945e-047 4.88035676e-042
  4.98046453e-024 2.21579819e-080 2.54649046e-067 1.62019892e-027
  6.56968976e-011 5.22257092e-064 1.81101429e-054 2.06704309e-038
  1.28966751e-023 1.00000000e+000 2.18266940e-036 1.25587363e-027
  1.00000000e+000]
 [2.00375386e-024 7.72751674e-037 1.05950176e-063 9.56066916e-096
  8.00447249e-040 1.41944282e-018 4.89131979e-028 4.46170469e-017
  8.11096633e-030 2.54791285e-036 4.46971164e-038 1.70440055e-025
  2.10423772e-050 1.23049601e-053 9.78924667e-063 4.57619826e-029
  1.42316804e-019 2.18266940e-036 1.00000000e+000 4.19424372e-049
  1.00000000e+000]
 [3.66536429e-026 2.87480528e-030 4.74656914e-032 1.00534325e-017
  2.57035618e-026 1.85268357e-043 9.20317228e-038 7.47892243e-039
  2.37299683e-034 6.33236637e-058 4.33185971e-047 1.36847839e-014
  5.99849548e-027 2.50573985e-032 1.41484874e-034 1.66600026e-046
  7.22030048e-018 1.25587363e-027 4.19424372e-049 1.00000000e+000
  1.00000000e+000]
 [1.00000000e+000 1.00000000e+000 1.00000000e+000 1.00000000e+000
  1.00000000e+000 1.00000000e+000 1.00000000e+000 1.00000000e+000
  1.00000000e+000 1.00000000e+000 1.00000000e+000 1.00000000e+000
  1.00000000e+000 1.00000000e+000 1.00000000e+000 1.00000000e+000
  1.00000000e+000 1.00000000e+000 1.00000000e+000 1.00000000e+000
  0.00000000e+000]]
