[[1.00000000e+000 3.96786994e-036 9.02962249e-025 1.32375949e-031
  1.03078570e-085 2.68532299e-064 8.29601730e-068 2.42330476e-078
  2.34908103e-047 1.48442384e-054 1.38280962e-041 4.17152987e-010
  3.16600599e-021 2.08967414e-053 1.51266904e-064 9.13727243e-016
  1.18643211e-063 6.14369281e-100 5.80354361e-044 4.47663413e-033
  1.00000000e+000]
 [3.96786994e-036 1.00000000e+000 2.23781975e-035 4.07237785e-063
  6.55820228e-040 1.80554381e-028 4.90923163e-051 4.16205856e-044
  5.29664736e-047 5.33281399e-024 1.74755765e-029 4.33609792e-035
  4.53826311e-024 1.90780081e-066 4.83334040e-067 2.09337766e-037
  4.67451725e-072 5.60567886e-059 6.79706200e-048 1.98169924e-005
  1.00000000e+000]
 [9.02962249e-025 2.23781975e-035 1.00000000e+000 1.03986415e-022
  1.13386264e-053 2.39251159e-025 3.34110042e-043 2.68455562e-026
  5.75458494e-030 3.97266173e-034 6.73915364e-013 2.86867373e-017
  1.15869230e-033 4.27319523e-020 7.67657348e-043 6.58859077e-020
  8.50802906e-049 3.16018023e-070 2.02689322e-009 2.39031919e-033
  1.00000000e+000]
 [1.32375949e-031 4.07237785e-063 1.03986415e-022 1.00000000e+000
  5.63382463e-060 2.06991255e-051 3.51093480e-025 2.25055316e-072
  1.00027893e-037 3.29356420e-031 1.35444715e-043 3.90055599e-032
  3.47260355e-034 1.43096775e-052 4.33780115e-071 3.04149313e-042
  1.42370515e-049 3.56151594e-070 8.26429078e-021 4.13942702e-068
  1.00000000e+000]
 [1.03078570e-085 6.55820228e-040 1.13386264e-053 5.63382463e-060
  1.00000000e+000 2.07446819e-031 3.37162982e-038 2.49564456e-049
  5.22643091e-048 1.04490923e-022 5.93080743e-035 5.33069668e-082
  2.65770632e-079 6.70076360e-090 6.34930609e-073 1.36114067e-090
  1.15592811e-087 8.73159672e-031 6.41002577e-064 2.86487881e-053
  1.00000000e+000]
 [2.68532299e-064 1.80554381e-028 2.39251159e-025 2.06991255e-051
  2.07446819e-031 1.00000000e+000 1.57114994e-045 2.01978224e-025
  3.27920561e-051 5.34675609e-015 1.07188549e-012 7.69619006e-065
  2.80475645e-051 8.66004431e-033 1.57353494e-077 3.08443618e-070
  9.82737889e-092 5.94659176e-058 6.05131580e-025 1.73544473e-028
  1.00000000e+000]
 [8.29601730e-068 4.90923163e-051 3.34110042e-043 3.51093480e-025
  3.37162982e-038 1.57114994e-045 1.00000000e+000 4.44422660e-053
  6.07408015e-025 4.35597318e-018 1.57730959e-049 1.58105786e-053
  1.64564867e-042 1.04788551e-072 1.51633240e-060 2.19032544e-062
  1.78089813e-030 7.59986855e-024 6.56406434e-035 4.54468123e-060
  1.00000000e+000]
 [2.42330476e-078 4.16205856e-044 2.68455562e-026 2.25055316e-072
  2.49564456e-049 2.01978224e-025 4.44422660e-053 1.00000000e+000
  7.55878680e-028 2.92295292e-049 1.09982607e-014 3.16891127e-057
  3.84606775e-078 6.99619347e-028 2.59646350e-029 1.56288448e-057
  5.00449934e-053 3.07876053e-043 1.74546529e-038 1.00482834e-036
  1.00000000e+000]
 [2.34908103e-047 5.29664736e-047 5.75458494e-030 1.00027893e-037
  5.22643091e-048 3.27920561e-051 6.07408015e-025 7.55878680e-028
  1.00000000e+000 1.57368509e-044 4.82366988e-026 2.01792792e-034
  5.51830146e-058 5.40803919e-041 4.72206488e-010 1.80811810e-041
  2.72216083e-014 4.35386262e-019 6.28665417e-047 1.20844321e-040
  1.00000000e+000]
 [1.48442384e-054 5.33281399e-024 3.97266173e-034 3.29356420e-031
  1.04490923e-022 5.34675609e-015 4.35597318e-018 2.92295292e-049
  1.57368509e-044 1.00000000e+000 7.72135874e-031 2.33508975e-055
  1.83833681e-029 1.89489898e-061 4.27432794e-084 9.57499281e-064
  2.38690895e-071 2.19954679e-042 1.90503228e-027 1.36193786e-033
  1.00000000e+000]
 [1.38280962e-041 1.74755765e-029 6.73915364e-013 1.35444715e-043
  5.93080743e-035 1.07188549e-012 1.57730959e-049 1.09982607e-014
  4.82366988e-026 7.72135874e-031 1.00000000e+000 2.09420325e-041
  2.58912033e-055 2.24154827e-016 2.13099143e-036 9.51229570e-047
  1.11341905e-064 2.12925839e-048 3.55443210e-029 3.74254491e-022
  1.00000000e+000]
 [4.17152987e-010 4.33609792e-035 2.86867373e-017 3.90055599e-032
  5.33069668e-082 7.69619006e-065 1.58105786e-053 3.16891127e-057
  2.01792792e-034 2.33508975e-055 2.09420325e-041 1.00000000e+000
  6.82816171e-021 3.61675444e-053 1.74036964e-044 6.83054206e-002
  3.13626040e-035 2.83337117e-085 6.35379724e-033 2.50191726e-035
  1.00000000e+000]
 [3.16600599e-021 4.53826311e-024 1.15869230e-033 3.47260355e-034
  2.65770632e-079 2.80475645e-051 1.64564867e-042 3.84606775e-078
  5.51830146e-058 1.83833681e-029 2.58912033e-055 6.82816171e-021
  1.00000000e+000 2.94496529e-071 3.86919408e-092 1.35759236e-024
  1.22035203e-061 1.27400367e-090 9.47257347e-031 9.20998855e-031
  1.00000000e+000]
 [2.08967414e-053 1.90780081e-066 4.27319523e-020 1.43096775e-052
  6.70076360e-090 8.66004431e-033 1.04788551e-072 6.99619347e-028
  5.40803919e-041 1.89489898e-061 2.24154827e-016 3.61675444e-053
  2.94496529e-071 1.00000000e+000 4.15378716e-050 2.35538495e-058
  1.49357460e-073 1.20307824e-084 1.38195361e-030 3.06297204e-047
  1.00000000e+000]
 [1.51266904e-064 4.83334040e-067 7.67657348e-043 4.33780115e-071
  6.34930609e-073 1.57353494e-077 1.51633240e-060 2.59646350e-029
  4.72206488e-010 4.27432794e-084 2.13099143e-036 1.74036964e-044
  3.86919408e-092 4.15378716e-050 1.00000000e+000 5.18506109e-048
  2.19571902e-023 1.59571863e-038 2.07037623e-073 4.02235385e-055
  1.00000000e+000]
 [9.13727243e-016 2.09337766e-037 6.58859077e-020 3.04149313e-042
  1.36114067e-090 3.08443618e-070 2.19032544e-062 1.56288448e-057
  1.80811810e-041 9.57499281e-064 9.51229570e-047 6.83054206e-002
  1.35759236e-024 2.35538495e-058 5.18506109e-048 1.00000000e+000
  8.49019853e-039 3.90690424e-095 9.54320106e-036 3.22784373e-038
  1.00000000e+000]
 [1.18643211e-063 4.67451725e-072 8.50802906e-049 1.42370515e-049
  1.15592811e-087 9.82737889e-092 1.78089813e-030 5.00449934e-053
  2.72216083e-014 2.38690895e-071 1.11341905e-064 3.13626040e-035
  1.22035203e-061 1.49357460e-073 2.19571902e-023 8.49019853e-039
  1.00000000e+000 5.90573309e-041 1.50114391e-058 4.76986509e-070
  1.00000000e+000]
 [6.14369281e-100 5.60567886e-059 3.16018023e-070 3.56151594e-070
  8.73159672e-031 5.94659176e-058 7.59986855e-024 3.07876053e-043
  4.35386262e-019 2.19954679e-042 2.12925839e-048 2.83337117e-085
  1.27400367e-090 1.20307824e-084 1.59571863e-038 3.90690424e-095
  5.90573309e-041 1.00000000e+000 5.00450381e-081 3.32101325e-060
  1.00000000e+000]
 [5.80354361e-044 6.79706200e-048 2.02689322e-009 8.26429078e-021
  6.41002577e-064 6.05131580e-025 6.56406434e-035 1.74546529e-038
  6.28665417e-047 1.90503228e-027 3.55443210e-029 6.35379724e-033
  9.47257347e-031 1.38195361e-030 2.07037623e-073 9.54320106e-036
  1.50114391e-058 5.00450381e-081 1.00000000e+000 1.16639213e-050
  1.00000000e+000]
 [4.47663413e-033 1.98169924e-005 2.39031919e-033 4.13942702e-068
  2.86487881e-053 1.73544473e-028 4.54468123e-060 1.00482834e-036
  1.20844321e-040 1.36193786e-033 3.74254491e-022 2.50191726e-035
  9.20998855e-031 3.06297204e-047 4.02235385e-055 3.22784373e-038
  4.76986509e-070 3.32101325e-060 1.16639213e-050 1.00000000e+000
  1.00000000e+000]
 [1.00000000e+000 1.00000000e+000 1.00000000e+000 1.00000000e+000
  1.00000000e+000 1.00000000e+000 1.00000000e+000 1.00000000e+000
  1.00000000e+000 1.00000000e+000 1.00000000e+000 1.00000000e+000
  1.00000000e+000 1.00000000e+000 1.00000000e+000 1.00000000e+000
  1.00000000e+000 1.00000000e+000 1.00000000e+000 1.00000000e+000
  0.00000000e+000]]
