[[1.00000000e+000 8.78062940e-035 2.52026947e-020 5.98804797e-025
  3.49341856e-009 1.39865543e-032 1.59317540e-028 3.35864199e-048
  3.37847004e-017 1.90541410e-034 2.87107306e-032 1.64748342e-022
  3.46816329e-012 1.79187851e-014 7.54556340e-051 8.81652101e-044
  2.08298926e-019 4.77054507e-016 1.73310194e-045 4.89492960e-018
  1.00000000e+000]
 [8.78062940e-035 1.00000000e+000 1.26432628e-058 6.36045312e-037
  1.09779657e-029 6.64656871e-090 1.78737253e-032 7.05319658e-077
  1.19703023e-069 1.14683019e-082 5.90786279e-072 9.22459495e-066
  5.69931296e-036 1.31914351e-067 7.63634497e-107 2.82208600e-054
  8.68768372e-067 2.00449741e-090 2.73335410e-090 1.05164024e-058
  1.00000000e+000]
 [2.52026947e-020 1.26432628e-058 1.00000000e+000 1.34455033e-040
  1.22926563e-016 7.78654995e-045 4.90376922e-026 1.99020362e-022
  5.46490811e-041 4.50703890e-043 1.06067759e-033 4.78230650e-016
  3.16169588e-029 8.56485625e-043 2.27241025e-093 3.50154016e-014
  6.60310277e-023 1.32365018e-028 1.58568309e-039 1.35406974e-027
  1.00000000e+000]
 [5.98804797e-025 6.36045312e-037 1.34455033e-040 1.00000000e+000
  7.60437021e-017 5.22735192e-042 2.88307834e-033 2.61864842e-025
  1.54816843e-063 5.18041902e-051 9.86576872e-052 5.03461750e-030
  5.22411248e-015 8.79542170e-060 6.93447313e-061 1.76324831e-044
  2.30009194e-031 7.50956364e-039 7.14865646e-070 2.68774409e-066
  1.00000000e+000]
 [3.49341856e-009 1.09779657e-029 1.22926563e-016 7.60437021e-017
  1.00000000e+000 2.13696769e-034 3.02673649e-032 5.21600616e-027
  6.66711203e-024 2.78538181e-037 2.83927924e-052 1.85820077e-031
  6.51292224e-005 4.81051947e-042 3.84089495e-073 1.60306759e-020
  6.12378974e-014 9.29951641e-027 3.28432203e-064 2.16598788e-040
  1.00000000e+000]
 [1.39865543e-032 6.64656871e-090 7.78654995e-045 5.22735192e-042
  2.13696769e-034 1.00000000e+000 7.50407711e-051 1.35575941e-060
  3.64974438e-053 3.67468883e-006 4.62842092e-077 5.08914921e-052
  4.12224830e-046 3.30742749e-040 1.11431216e-088 4.74058816e-074
  2.14908335e-008 1.67359012e-018 4.23790823e-050 3.56163922e-064
  1.00000000e+000]
 [1.59317540e-028 1.78737253e-032 4.90376922e-026 2.88307834e-033
  3.02673649e-032 7.50407711e-051 1.00000000e+000 1.12399707e-047
  1.31467549e-076 5.08658431e-040 3.02816896e-025 8.66036993e-022
  1.31566584e-047 9.37311019e-042 2.16314132e-105 1.36650040e-042
  1.04868161e-043 4.20750809e-055 1.62840817e-030 6.73788300e-029
  1.00000000e+000]
 [3.35864199e-048 7.05319658e-077 1.99020362e-022 2.61864842e-025
  5.21600616e-027 1.35575941e-060 1.12399707e-047 1.00000000e+000
  1.80832173e-080 1.82509724e-068 1.08784907e-060 7.59283094e-029
  8.77714276e-032 9.79680144e-095 9.84666645e-106 3.09278443e-016
  2.20647333e-037 3.63890687e-049 2.19633711e-078 3.56837032e-081
  1.00000000e+000]
 [3.37847004e-017 1.19703023e-069 5.46490811e-041 1.54816843e-063
  6.66711203e-024 3.64974438e-053 1.31467549e-076 1.80832173e-080
  1.00000000e+000 2.72337957e-053 4.23117858e-071 1.07183141e-061
  1.14037777e-022 1.86106206e-036 1.33148825e-087 1.38287935e-062
  6.79916760e-034 1.99767506e-028 2.28187306e-099 1.48437844e-036
  1.00000000e+000]
 [1.90541410e-034 1.14683019e-082 4.50703890e-043 5.18041902e-051
  2.78538181e-037 3.67468883e-006 5.08658431e-040 1.82509724e-068
  2.72337957e-053 1.00000000e+000 1.52209166e-069 2.35677082e-054
  1.36051538e-052 4.24364999e-041 3.18706369e-119 1.08158998e-070
  4.40579952e-015 4.02649332e-029 1.22361101e-052 1.12149439e-052
  1.00000000e+000]
 [2.87107306e-032 5.90786279e-072 1.06067759e-033 9.86576872e-052
  2.83927924e-052 4.62842092e-077 3.02816896e-025 1.08784907e-060
  4.23117858e-071 1.52209166e-069 1.00000000e+000 1.22453429e-009
  1.63693702e-055 3.86908637e-036 1.63605850e-086 2.30109088e-068
  1.80416593e-069 1.31397443e-045 3.12436845e-044 2.20834382e-016
  1.00000000e+000]
 [1.64748342e-022 9.22459495e-066 4.78230650e-016 5.03461750e-030
  1.85820077e-031 5.08914921e-052 8.66036993e-022 7.59283094e-029
  1.07183141e-061 2.35677082e-054 1.22453429e-009 1.00000000e+000
  2.03872005e-036 7.71513794e-035 6.18683129e-063 8.25593744e-043
  1.91620207e-040 2.03667522e-026 2.51488768e-030 1.51332925e-025
  1.00000000e+000]
 [3.46816329e-012 5.69931296e-036 3.16169588e-029 5.22411248e-015
  6.51292224e-005 4.12224830e-046 1.31566584e-047 8.77714276e-032
  1.14037777e-022 1.36051538e-052 1.63693702e-055 2.03872005e-036
  1.00000000e+000 1.02190635e-049 1.64058322e-064 2.70613084e-032
  1.00962677e-024 6.83293461e-029 2.28058210e-086 3.78235601e-049
  1.00000000e+000]
 [1.79187851e-014 1.31914351e-067 8.56485625e-043 8.79542170e-060
  4.81051947e-042 3.30742749e-040 9.37311019e-042 9.79680144e-095
  1.86106206e-036 4.24364999e-041 3.86908637e-036 7.71513794e-035
  1.02190635e-049 1.00000000e+000 3.30886488e-050 4.61223421e-092
  8.26774681e-039 1.83847670e-022 2.38461408e-030 2.05532990e-015
  1.00000000e+000]
 [7.54556340e-051 7.63634497e-107 2.27241025e-093 6.93447313e-061
  3.84089495e-073 1.11431216e-088 2.16314132e-105 9.84666645e-106
  1.33148825e-087 3.18706369e-119 1.63605850e-086 6.18683129e-063
  1.64058322e-064 3.30886488e-050 1.00000000e+000 3.30877535e-137
  3.21570743e-078 1.03548033e-048 8.95439793e-077 1.82498714e-090
  1.00000000e+000]
 [8.81652101e-044 2.82208600e-054 3.50154016e-014 1.76324831e-044
  1.60306759e-020 4.74058816e-074 1.36650040e-042 3.09278443e-016
  1.38287935e-062 1.08158998e-070 2.30109088e-068 8.25593744e-043
  2.70613084e-032 4.61223421e-092 3.30877535e-137 1.00000000e+000
  2.86813750e-040 8.44362298e-065 6.67499730e-085 3.73580859e-065
  1.00000000e+000]
 [2.08298926e-019 8.68768372e-067 6.60310277e-023 2.30009194e-031
  6.12378974e-014 2.14908335e-008 1.04868161e-043 2.20647333e-037
  6.79916760e-034 4.40579952e-015 1.80416593e-069 1.91620207e-040
  1.00962677e-024 8.26774681e-039 3.21570743e-078 2.86813750e-040
  1.00000000e+000 1.07025946e-014 2.38170549e-049 4.10722458e-053
  1.00000000e+000]
 [4.77054507e-016 2.00449741e-090 1.32365018e-028 7.50956364e-039
  9.29951641e-027 1.67359012e-018 4.20750809e-055 3.63890687e-049
  1.99767506e-028 4.02649332e-029 1.31397443e-045 2.03667522e-026
  6.83293461e-029 1.83847670e-022 1.03548033e-048 8.44362298e-065
  1.07025946e-014 1.00000000e+000 1.40048528e-046 2.96498902e-038
  1.00000000e+000]
 [1.73310194e-045 2.73335410e-090 1.58568309e-039 7.14865646e-070
  3.28432203e-064 4.23790823e-050 1.62840817e-030 2.19633711e-078
  2.28187306e-099 1.22361101e-052 3.12436845e-044 2.51488768e-030
  2.28058210e-086 2.38461408e-030 8.95439793e-077 6.67499730e-085
  2.38170549e-049 1.40048528e-046 1.00000000e+000 4.23366970e-042
  1.00000000e+000]
 [4.89492960e-018 1.05164024e-058 1.35406974e-027 2.68774409e-066
  2.16598788e-040 3.56163922e-064 6.73788300e-029 3.56837032e-081
  1.48437844e-036 1.12149439e-052 2.20834382e-016 1.51332925e-025
  3.78235601e-049 2.05532990e-015 1.82498714e-090 3.73580859e-065
  4.10722458e-053 2.96498902e-038 4.23366970e-042 1.00000000e+000
  1.00000000e+000]
 [1.00000000e+000 1.00000000e+000 1.00000000e+000 1.00000000e+000
  1.00000000e+000 1.00000000e+000 1.00000000e+000 1.00000000e+000
  1.00000000e+000 1.00000000e+000 1.00000000e+000 1.00000000e+000
  1.00000000e+000 1.00000000e+000 1.00000000e+000 1.00000000e+000
  1.00000000e+000 1.00000000e+000 1.00000000e+000 1.00000000e+000
  0.00000000e+000]]
