[[1.00000000e+000 3.28021104e-023 1.59582195e-022 5.21896766e-038
  2.55897828e-039 5.28901711e-064 2.37788161e-026 1.28771987e-056
  1.94346860e-022 4.86744950e-054 5.02325932e-026 4.84055559e-042
  1.74742849e-018 1.13404597e-065 4.77063516e-017 1.68078109e-095
  8.87426797e-060 1.24061263e-040 1.35809065e-026 1.23624659e-083
  1.00000000e+000]
 [3.28021104e-023 1.00000000e+000 3.99981819e-059 6.88939552e-037
  6.41935741e-041 5.83273205e-071 3.92612217e-011 6.96174217e-021
  1.14702281e-018 2.33405496e-052 6.37759209e-013 2.43094049e-015
  6.64505195e-018 2.24621552e-030 5.71767500e-023 2.33750489e-043
  4.85123763e-032 1.20906099e-016 4.36012437e-030 6.76726401e-047
  1.00000000e+000]
 [1.59582195e-022 3.99981819e-059 1.00000000e+000 1.96032107e-083
  4.30433792e-017 8.28585094e-045 3.74271130e-057 4.84470485e-085
  1.32640859e-037 4.87319727e-026 1.04948721e-032 2.96425042e-076
  5.94528023e-028 1.19805212e-085 5.88683184e-038 8.53037441e-104
  1.28765914e-077 9.58737501e-062 1.27202032e-038 5.83930377e-087
  1.00000000e+000]
 [5.21896766e-038 6.88939552e-037 1.96032107e-083 1.00000000e+000
  7.57854642e-079 2.01878889e-070 9.90565293e-016 6.61122876e-045
  5.76592343e-027 2.69180484e-087 8.52625388e-070 1.10717499e-046
  3.61656848e-041 2.67545537e-090 5.07726675e-023 8.56642152e-107
  8.20221972e-089 8.60995048e-084 1.67654761e-062 3.96523774e-071
  1.00000000e+000]
 [2.55897828e-039 6.41935741e-041 4.30433792e-017 7.57854642e-079
  1.00000000e+000 1.34832355e-035 4.09586969e-039 6.60332984e-050
  4.22701505e-028 3.14574642e-003 5.53226247e-016 6.43712283e-054
  1.39369168e-021 4.44596755e-056 1.97936139e-035 1.66319114e-051
  1.56393108e-052 2.82573833e-039 3.05657644e-040 3.16631579e-046
  1.00000000e+000]
 [5.28901711e-064 5.83273205e-071 8.28585094e-045 2.01878889e-070
  1.34832355e-035 1.00000000e+000 9.99005505e-053 8.60671952e-071
  1.67012680e-034 1.54450497e-041 4.84165668e-061 1.50108590e-056
  2.73676493e-024 1.46794865e-059 6.33608198e-052 3.02703081e-079
  3.45269013e-096 2.42593345e-089 6.79325078e-035 1.44404759e-031
  1.00000000e+000]
 [2.37788161e-026 3.92612217e-011 3.74271130e-057 9.90565293e-016
  4.09586969e-039 9.99005505e-053 1.00000000e+000 1.01904906e-011
  1.14804795e-008 4.84326338e-044 5.53415829e-028 6.05863134e-021
  2.56327091e-016 5.86876146e-042 1.44577466e-007 1.33475200e-044
  1.54650098e-039 2.13861320e-032 2.23438926e-031 1.09600913e-033
  1.00000000e+000]
 [1.28771987e-056 6.96174217e-021 4.84470485e-085 6.61122876e-045
  6.60332984e-050 8.60671952e-071 1.01904906e-011 1.00000000e+000
  8.61811410e-017 8.03157780e-049 9.94727043e-034 7.57435985e-035
  8.97809765e-033 5.32623935e-039 8.52483207e-023 1.41700895e-021
  6.90108282e-020 1.05888209e-032 4.20608082e-043 1.37299541e-021
  1.00000000e+000]
 [1.94346860e-022 1.14702281e-018 1.32640859e-037 5.76592343e-027
  4.22701505e-028 1.67012680e-034 1.14804795e-008 8.61811410e-017
  1.00000000e+000 7.51816888e-033 1.02629816e-022 8.04404742e-035
  1.93821045e-012 3.02928641e-046 1.33533307e-009 1.00773160e-049
  7.64115203e-028 3.12187117e-041 1.31568340e-022 5.23154921e-027
  1.00000000e+000]
 [4.86744950e-054 2.33405496e-052 4.87319727e-026 2.69180484e-087
  3.14574642e-003 1.54450497e-041 4.84326338e-044 8.03157780e-049
  7.51816888e-033 1.00000000e+000 6.33647335e-025 2.89191472e-067
  7.15428474e-032 4.82044890e-067 2.07365959e-039 3.41987570e-049
  1.21912393e-053 8.01900968e-048 1.58893738e-052 2.83612504e-045
  1.00000000e+000]
 [5.02325932e-026 6.37759209e-013 1.04948721e-032 8.52625388e-070
  5.53226247e-016 4.84165668e-061 5.53415829e-028 9.94727043e-034
  1.02629816e-022 6.33647335e-025 1.00000000e+000 6.60544293e-034
  2.34800364e-018 8.37919598e-036 1.63923936e-032 1.01731023e-040
  7.98057489e-026 2.45003117e-015 1.34624679e-030 1.03692061e-048
  1.00000000e+000]
 [4.84055559e-042 2.43094049e-015 2.96425042e-076 1.10717499e-046
  6.43712283e-054 1.50108590e-056 6.05863134e-021 7.57435985e-035
  8.04404742e-035 2.89191472e-067 6.60544293e-034 1.00000000e+000
  2.41162605e-015 1.86705827e-012 8.08741705e-035 1.02688381e-039
  1.13727021e-067 4.05414603e-023 5.33789032e-023 9.19525089e-040
  1.00000000e+000]
 [1.74742849e-018 6.64505195e-018 5.94528023e-028 3.61656848e-041
  1.39369168e-021 2.73676493e-024 2.56327091e-016 8.97809765e-033
  1.93821045e-012 7.15428474e-032 2.34800364e-018 2.41162605e-015
  1.00000000e+000 5.20396184e-023 4.02959123e-016 4.04925334e-045
  5.96132310e-049 2.54318226e-026 3.56912548e-007 6.38603534e-031
  1.00000000e+000]
 [1.13404597e-065 2.24621552e-030 1.19805212e-085 2.67545537e-090
  4.44596755e-056 1.46794865e-059 5.86876146e-042 5.32623935e-039
  3.02928641e-046 4.82044890e-067 8.37919598e-036 1.86705827e-012
  5.20396184e-023 1.00000000e+000 3.06494205e-054 2.51989589e-021
  1.43277806e-056 7.30634822e-021 3.27453496e-020 2.66705055e-030
  1.00000000e+000]
 [4.77063516e-017 5.71767500e-023 5.88683184e-038 5.07726675e-023
  1.97936139e-035 6.33608198e-052 1.44577466e-007 8.52483207e-023
  1.33533307e-009 2.07365959e-039 1.63923936e-032 8.08741705e-035
  4.02959123e-016 3.06494205e-054 1.00000000e+000 1.18771512e-058
  2.68913699e-044 2.68369786e-036 8.98991533e-026 2.27643410e-047
  1.00000000e+000]
 [1.68078109e-095 2.33750489e-043 8.53037441e-104 8.56642152e-107
  1.66319114e-051 3.02703081e-079 1.33475200e-044 1.41700895e-021
  1.00773160e-049 3.41987570e-049 1.01731023e-040 1.02688381e-039
  4.04925334e-045 2.51989589e-021 1.18771512e-058 1.00000000e+000
  1.29760598e-037 7.34941510e-027 1.28696321e-050 2.29465183e-021
  1.00000000e+000]
 [8.87426797e-060 4.85123763e-032 1.28765914e-077 8.20221972e-089
  1.56393108e-052 3.45269013e-096 1.54650098e-039 6.90108282e-020
  7.64115203e-028 1.21912393e-053 7.98057489e-026 1.13727021e-067
  5.96132310e-049 1.43277806e-056 2.68913699e-044 1.29760598e-037
  1.00000000e+000 5.99001116e-037 2.26892026e-051 5.50975151e-046
  1.00000000e+000]
 [1.24061263e-040 1.20906099e-016 9.58737501e-062 8.60995048e-084
  2.82573833e-039 2.42593345e-089 2.13861320e-032 1.05888209e-032
  3.12187117e-041 8.01900968e-048 2.45003117e-015 4.05414603e-023
  2.54318226e-026 7.30634822e-021 2.68369786e-036 7.34941510e-027
  5.99001116e-037 1.00000000e+000 1.89335371e-030 3.07255598e-057
  1.00000000e+000]
 [1.35809065e-026 4.36012437e-030 1.27202032e-038 1.67654761e-062
  3.05657644e-040 6.79325078e-035 2.23438926e-031 4.20608082e-043
  1.31568340e-022 1.58893738e-052 1.34624679e-030 5.33789032e-023
  3.56912548e-007 3.27453496e-020 8.98991533e-026 1.28696321e-050
  2.26892026e-051 1.89335371e-030 1.00000000e+000 8.92475553e-039
  1.00000000e+000]
 [1.23624659e-083 6.76726401e-047 5.83930377e-087 3.96523774e-071
  3.16631579e-046 1.44404759e-031 1.09600913e-033 1.37299541e-021
  5.23154921e-027 2.83612504e-045 1.03692061e-048 9.19525089e-040
  6.38603534e-031 2.66705055e-030 2.27643410e-047 2.29465183e-021
  5.50975151e-046 3.07255598e-057 8.92475553e-039 1.00000000e+000
  1.00000000e+000]
 [1.00000000e+000 1.00000000e+000 1.00000000e+000 1.00000000e+000
  1.00000000e+000 1.00000000e+000 1.00000000e+000 1.00000000e+000
  1.00000000e+000 1.00000000e+000 1.00000000e+000 1.00000000e+000
  1.00000000e+000 1.00000000e+000 1.00000000e+000 1.00000000e+000
  1.00000000e+000 1.00000000e+000 1.00000000e+000 1.00000000e+000
  0.00000000e+000]]
