[[1.00000000e+00 2.67710171e-64 1.71315637e-34 ... 2.21744288e-75
  2.22669552e-33 1.00000000e+00]
 [2.67710171e-64 1.00000000e+00 6.28890602e-38 ... 2.98725494e-22
  1.06043991e-44 1.00000000e+00]
 [1.71315637e-34 6.28890602e-38 1.00000000e+00 ... 5.63880113e-47
  2.19859301e-32 1.00000000e+00]
 ...
 [2.21744288e-75 2.98725494e-22 5.63880113e-47 ... 1.00000000e+00
  3.36396568e-30 1.00000000e+00]
 [2.22669552e-33 1.06043991e-44 2.19859301e-32 ... 3.36396568e-30
  1.00000000e+00 1.00000000e+00]
 [1.00000000e+00 1.00000000e+00 1.00000000e+00 ... 1.00000000e+00
  1.00000000e+00 0.00000000e+00]]
