[[1.00000000e+000 1.82076504e-008 7.44268271e-084 4.06498096e-047
  8.55888740e-074 1.17589459e-053 2.37612446e-030 8.55820146e-062
  3.74597056e-047 1.90788629e-013 1.11235393e-060 2.30748538e-029
  3.16883286e-021 6.55328798e-051 1.35692822e-053 2.72632136e-054
  6.91761549e-055 1.97990650e-049 1.54028359e-028 3.42345159e-087
  1.00000000e+000]
 [1.82076504e-008 1.00000000e+000 4.75059958e-067 3.17936297e-023
  4.62398401e-052 7.73943745e-024 3.36499198e-010 3.52422047e-039
  2.57050495e-043 2.64691721e-019 4.09262515e-043 6.01800143e-014
  3.60186400e-025 8.84757293e-027 1.10140681e-033 2.83148624e-031
  1.62912372e-029 4.14317087e-033 3.90849812e-008 1.72570451e-054
  1.00000000e+000]
 [7.44268271e-084 4.75059958e-067 1.00000000e+000 2.10819671e-119
  1.44160555e-067 3.02262085e-102 6.53156719e-084 1.13800870e-083
  1.63223020e-028 5.30237755e-098 7.91422592e-090 1.35066046e-087
  5.52177423e-084 2.53153435e-022 5.02399563e-106 1.83448078e-064
  1.45087652e-054 1.66254190e-027 1.13020835e-074 3.75251810e-065
  1.00000000e+000]
 [4.06498096e-047 3.17936297e-023 2.10819671e-119 1.00000000e+000
  4.30317499e-068 1.61666644e-006 1.10585876e-019 5.20408152e-049
  1.06326688e-080 3.08782040e-054 2.98131442e-062 2.28430065e-013
  2.46369037e-057 8.55341956e-058 1.16411539e-017 4.90615533e-047
  1.63786325e-047 8.93423021e-057 9.60002795e-010 9.31154549e-071
  1.00000000e+000]
 [8.55888740e-074 4.62398401e-052 1.44160555e-067 4.30317499e-068
  1.00000000e+000 4.20470075e-070 8.26551618e-039 1.88596359e-067
  1.80414306e-047 4.98453992e-077 1.76176553e-058 5.46138665e-040
  3.60515746e-074 4.76877680e-055 5.44985467e-048 1.19829971e-062
  3.29137389e-023 7.64365166e-038 1.53319711e-057 1.81823335e-100
  1.00000000e+000]
 [1.17589459e-053 7.73943745e-024 3.02262085e-102 1.61666644e-006
  4.20470075e-070 1.00000000e+000 4.44926235e-019 3.15669929e-052
  1.63765880e-087 4.05091929e-058 3.32689929e-047 2.74637629e-014
  1.95067065e-060 1.84554587e-040 3.41270189e-035 3.77556606e-050
  5.70262650e-039 5.87973336e-060 2.64167472e-008 2.35688981e-044
  1.00000000e+000]
 [2.37612446e-030 3.36499198e-010 6.53156719e-084 1.10585876e-019
  8.26551618e-039 4.44926235e-019 1.00000000e+000 5.38834772e-027
  4.14349055e-061 2.21798204e-034 5.21213535e-040 1.22559928e-017
  2.38997212e-042 6.44977452e-030 9.38326942e-028 3.17136390e-025
  5.44952474e-016 6.84680151e-039 9.92870454e-009 1.00306861e-050
  1.00000000e+000]
 [8.55820146e-062 3.52422047e-039 1.13800870e-083 5.20408152e-049
  1.88596359e-067 3.15669929e-052 5.38834772e-027 1.00000000e+000
  2.36428768e-050 1.03693412e-050 2.41880563e-066 3.19397340e-061
  3.97347530e-048 2.06756247e-039 3.98085309e-033 4.37508918e-020
  2.26197378e-025 1.29921542e-030 4.57619660e-027 2.74029241e-048
  1.00000000e+000]
 [3.74597056e-047 2.57050495e-043 1.63223020e-028 1.06326688e-080
  1.80414306e-047 1.63765880e-087 4.14349055e-061 2.36428768e-050
  1.00000000e+000 2.19647042e-056 7.12683714e-085 3.28580002e-060
  6.21535851e-044 2.84034511e-041 2.08322637e-048 7.95863241e-045
  1.88514007e-047 2.37485856e-008 4.02658348e-053 8.44990457e-090
  1.00000000e+000]
 [1.90788629e-013 2.64691721e-019 5.30237755e-098 3.08782040e-054
  4.98453992e-077 4.05091929e-058 2.21798204e-034 1.03693412e-050
  2.19647042e-056 1.00000000e+000 1.38761193e-032 4.47057922e-034
  4.57670472e-004 9.04057564e-058 1.53735442e-062 5.54192483e-074
  2.49501751e-043 2.40308285e-062 2.87774773e-034 1.13573815e-068
  1.00000000e+000]
 [1.11235393e-060 4.09262515e-043 7.91422592e-090 2.98131442e-062
  1.76176553e-058 3.32689929e-047 5.21213535e-040 2.41880563e-066
  7.12683714e-085 1.38761193e-032 1.00000000e+000 3.32306636e-033
  1.00681131e-029 9.30839407e-047 5.69494887e-087 2.66825828e-100
  8.82421489e-023 1.53513530e-079 6.00339980e-044 4.84664841e-035
  1.00000000e+000]
 [2.30748538e-029 6.01800143e-014 1.35066046e-087 2.28430065e-013
  5.46138665e-040 2.74637629e-014 1.22559928e-017 3.19397340e-061
  3.28580002e-060 4.47057922e-034 3.32306636e-033 1.00000000e+000
  5.45919195e-036 1.36813080e-044 1.34426721e-030 1.67529031e-059
  3.77296781e-032 4.72302110e-049 1.75778370e-014 2.68767509e-065
  1.00000000e+000]
 [3.16883286e-021 3.60186400e-025 5.52177423e-084 2.46369037e-057
  3.60515746e-074 1.95067065e-060 2.38997212e-042 3.97347530e-048
  6.21535851e-044 4.57670472e-004 1.00681131e-029 5.45919195e-036
  1.00000000e+000 3.97953428e-054 1.00558401e-060 9.76707848e-077
  3.53515662e-041 1.67450049e-053 1.59094046e-036 9.18423064e-062
  1.00000000e+000]
 [6.55328798e-051 8.84757293e-027 2.53153435e-022 8.55341956e-058
  4.76877680e-055 1.84554587e-040 6.44977452e-030 2.06756247e-039
  2.84034511e-041 9.04057564e-058 9.30839407e-047 1.36813080e-044
  3.97953428e-054 1.00000000e+000 8.64652405e-066 3.72220867e-030
  1.20397549e-020 2.59440042e-024 1.43985136e-024 6.42680980e-021
  1.00000000e+000]
 [1.35692822e-053 1.10140681e-033 5.02399563e-106 1.16411539e-017
  5.44985467e-048 3.41270189e-035 9.38326942e-028 3.98085309e-033
  2.08322637e-048 1.53735442e-062 5.69494887e-087 1.34426721e-030
  1.00558401e-060 8.64652405e-066 1.00000000e+000 8.77319902e-031
  6.16934858e-046 5.07127848e-031 3.36292635e-023 1.24167134e-098
  1.00000000e+000]
 [2.72632136e-054 2.83148624e-031 1.83448078e-064 4.90615533e-047
  1.19829971e-062 3.77556606e-050 3.17136390e-025 4.37508918e-020
  7.95863241e-045 5.54192483e-074 2.66825828e-100 1.67529031e-059
  9.76707848e-077 3.72220867e-030 8.77319902e-031 1.00000000e+000
  4.97912963e-039 5.61352128e-019 4.57823710e-025 1.76493848e-069
  1.00000000e+000]
 [6.91761549e-055 1.62912372e-029 1.45087652e-054 1.63786325e-047
  3.29137389e-023 5.70262650e-039 5.44952474e-016 2.26197378e-025
  1.88514007e-047 2.49501751e-043 8.82421489e-023 3.77296781e-032
  3.53515662e-041 1.20397549e-020 6.16934858e-046 4.97912963e-039
  1.00000000e+000 2.23750999e-031 5.86257553e-026 2.18024640e-033
  1.00000000e+000]
 [1.97990650e-049 4.14317087e-033 1.66254190e-027 8.93423021e-057
  7.64365166e-038 5.87973336e-060 6.84680151e-039 1.29921542e-030
  2.37485856e-008 2.40308285e-062 1.53513530e-079 4.72302110e-049
  1.67450049e-053 2.59440042e-024 5.07127848e-031 5.61352128e-019
  2.23750999e-031 1.00000000e+000 5.51377833e-033 4.80426336e-068
  1.00000000e+000]
 [1.54028359e-028 3.90849812e-008 1.13020835e-074 9.60002795e-010
  1.53319711e-057 2.64167472e-008 9.92870454e-009 4.57619660e-027
  4.02658348e-053 2.87774773e-034 6.00339980e-044 1.75778370e-014
  1.59094046e-036 1.43985136e-024 3.36292635e-023 4.57823710e-025
  5.86257553e-026 5.51377833e-033 1.00000000e+000 1.26530723e-038
  1.00000000e+000]
 [3.42345159e-087 1.72570451e-054 3.75251810e-065 9.31154549e-071
  1.81823335e-100 2.35688981e-044 1.00306861e-050 2.74029241e-048
  8.44990457e-090 1.13573815e-068 4.84664841e-035 2.68767509e-065
  9.18423064e-062 6.42680980e-021 1.24167134e-098 1.76493848e-069
  2.18024640e-033 4.80426336e-068 1.26530723e-038 1.00000000e+000
  1.00000000e+000]
 [1.00000000e+000 1.00000000e+000 1.00000000e+000 1.00000000e+000
  1.00000000e+000 1.00000000e+000 1.00000000e+000 1.00000000e+000
  1.00000000e+000 1.00000000e+000 1.00000000e+000 1.00000000e+000
  1.00000000e+000 1.00000000e+000 1.00000000e+000 1.00000000e+000
  1.00000000e+000 1.00000000e+000 1.00000000e+000 1.00000000e+000
  0.00000000e+000]]
