[[1.00000000e+000 4.06396496e-041 3.52808206e-079 4.61723299e-065
  2.61773542e-048 2.44117894e-083 1.74908929e-020 1.18468886e-082
  7.60571246e-037 9.73128780e-062 8.74826404e-038 1.24690974e-073
  2.32616022e-035 4.13623180e-086 3.30247150e-049 2.09087635e-043
  4.68984742e-030 1.24773337e-063 7.23322204e-058 3.44305589e-056
  1.00000000e+000]
 [4.06396496e-041 1.00000000e+000 1.23939807e-042 4.29712803e-043
  6.04855065e-017 4.49930076e-041 5.52901449e-035 1.87941595e-045
  3.38168268e-019 1.19725575e-045 3.68408858e-040 3.63086850e-056
  9.15448592e-029 6.39512711e-073 1.07670211e-049 1.17212379e-034
  1.22052707e-021 2.06803515e-047 1.14491161e-021 8.06683931e-035
  1.00000000e+000]
 [3.52808206e-079 1.23939807e-042 1.00000000e+000 3.60917693e-094
  1.69349461e-052 1.47904996e-027 2.47177825e-045 2.74566328e-027
  6.31450302e-047 2.32210392e-039 1.35099479e-064 1.06552559e-063
  7.70982009e-060 1.67171453e-032 7.86071105e-073 4.59911563e-053
  3.51350197e-028 1.94524735e-035 1.13803732e-022 1.73524815e-056
  1.00000000e+000]
 [4.61723299e-065 4.29712803e-043 3.60917693e-094 1.00000000e+000
  8.70877904e-027 1.51103390e-114 4.08209471e-042 7.84295868e-124
  1.04904455e-023 6.49001276e-047 1.70939383e-013 4.24903258e-021
  9.52065086e-013 8.97407007e-088 6.76774312e-075 4.69633902e-070
  1.65597395e-047 4.33388984e-094 6.76618811e-052 9.19819721e-099
  1.00000000e+000]
 [2.61773542e-048 6.04855065e-017 1.69349461e-052 8.70877904e-027
  1.00000000e+000 9.63789895e-082 8.13011577e-036 1.04620014e-091
  2.64926712e-008 1.06192813e-042 7.42781046e-016 1.63534620e-038
  1.53748737e-016 9.73125767e-048 3.67139031e-057 2.10122199e-029
  3.67476215e-024 1.55177633e-085 6.64203334e-018 8.12448261e-056
  1.00000000e+000]
 [2.44117894e-083 4.49930076e-041 1.47904996e-027 1.51103390e-114
  9.63789895e-082 1.00000000e+000 2.12539260e-054 9.37258936e-006
  5.80366254e-079 5.98538665e-050 2.55561632e-098 2.04571321e-079
  1.42671044e-084 3.63218109e-070 1.69739416e-046 1.57744800e-053
  1.43943755e-038 8.76820379e-010 2.31209682e-035 1.17357246e-027
  1.00000000e+000]
 [1.74908929e-020 5.52901449e-035 2.47177825e-045 4.08209471e-042
  8.13011577e-036 2.12539260e-054 1.00000000e+000 7.44459918e-054
  3.95394335e-020 3.21886572e-040 2.18790111e-020 2.87000120e-032
  2.31284088e-028 4.16439956e-043 4.43738529e-027 2.05397656e-024
  9.88175506e-024 9.68597824e-039 7.76120395e-031 2.88736327e-051
  1.00000000e+000]
 [1.18468886e-082 1.87941595e-045 2.74566328e-027 7.84295868e-124
  1.04620014e-091 9.37258936e-006 7.44459918e-054 1.00000000e+000
  4.31832287e-078 1.24385958e-068 8.39102327e-107 3.26380703e-096
  1.78281321e-094 1.22615357e-084 4.97953156e-064 5.90468551e-067
  2.24373232e-050 8.43700378e-013 6.67116109e-050 1.02182905e-047
  1.00000000e+000]
 [7.60571246e-037 3.38168268e-019 6.31450302e-047 1.04904455e-023
  2.64926712e-008 5.80366254e-079 3.95394335e-020 4.31832287e-078
  1.00000000e+000 1.67623324e-050 1.35802338e-012 3.62197524e-039
  3.58957171e-017 8.60987906e-053 7.55277104e-061 1.90164778e-035
  5.58628981e-029 1.35759602e-074 1.60185642e-027 3.20425241e-071
  1.00000000e+000]
 [9.73128780e-062 1.19725575e-045 2.32210392e-039 6.49001276e-047
  1.06192813e-042 5.98538665e-050 3.21886572e-040 1.24385958e-068
  1.67623324e-050 1.00000000e+000 2.77188289e-032 6.67105270e-018
  1.59602817e-021 4.34399733e-038 4.79991380e-045 5.89955554e-050
  1.81233296e-010 6.47041430e-037 3.21760851e-020 5.21875798e-041
  1.00000000e+000]
 [8.74826404e-038 3.68408858e-040 1.35099479e-064 1.70939383e-013
  7.42781046e-016 2.55561632e-098 2.18790111e-020 8.39102327e-107
  1.35802338e-012 2.77188289e-032 1.00000000e+000 3.38348899e-017
  4.84779443e-007 3.62869266e-045 4.68856744e-053 9.99010296e-040
  1.32809245e-025 1.47853266e-080 1.70654953e-031 4.05805221e-075
  1.00000000e+000]
 [1.24690974e-073 3.63086850e-056 1.06552559e-063 4.24903258e-021
  1.63534620e-038 2.04571321e-079 2.87000120e-032 3.26380703e-096
  3.62197524e-039 6.67105270e-018 3.38348899e-017 1.00000000e+000
  4.01297219e-021 1.30607288e-040 2.61414586e-043 5.66884977e-049
  1.00182034e-031 3.90037407e-061 1.22756459e-029 1.03616207e-069
  1.00000000e+000]
 [2.32616022e-035 9.15448592e-029 7.70982009e-060 9.52065086e-013
  1.53748737e-016 1.42671044e-084 2.31284088e-028 1.78281321e-094
  3.58957171e-017 1.59602817e-021 4.84779443e-007 4.01297219e-021
  1.00000000e+000 1.03330664e-059 4.22530443e-059 3.86324454e-050
  1.60381723e-016 9.59259742e-067 1.78537484e-030 9.88150620e-065
  1.00000000e+000]
 [4.13623180e-086 6.39512711e-073 1.67171453e-032 8.97407007e-088
  9.73125767e-048 3.63218109e-070 4.16439956e-043 1.22615357e-084
  8.60987906e-053 4.34399733e-038 3.62869266e-045 1.30607288e-040
  1.03330664e-059 1.00000000e+000 1.12837718e-048 2.88061090e-029
  2.78295941e-035 2.51205083e-074 1.91774237e-019 1.97923038e-059
  1.00000000e+000]
 [3.30247150e-049 1.07670211e-049 7.86071105e-073 6.76774312e-075
  3.67139031e-057 1.69739416e-046 4.43738529e-027 4.97953156e-064
  7.55277104e-061 4.79991380e-045 4.68856744e-053 2.61414586e-043
  4.22530443e-059 1.12837718e-048 1.00000000e+000 5.02160766e-013
  3.61164246e-034 9.50865331e-043 3.45258847e-030 6.27580988e-019
  1.00000000e+000]
 [2.09087635e-043 1.17212379e-034 4.59911563e-053 4.69633902e-070
  2.10122199e-029 1.57744800e-053 2.05397656e-024 5.90468551e-067
  1.90164778e-035 5.89955554e-050 9.99010296e-040 5.66884977e-049
  3.86324454e-050 2.88061090e-029 5.02160766e-013 1.00000000e+000
  1.27788777e-027 4.68343240e-061 5.71109685e-016 1.33908417e-022
  1.00000000e+000]
 [4.68984742e-030 1.22052707e-021 3.51350197e-028 1.65597395e-047
  3.67476215e-024 1.43943755e-038 9.88175506e-024 2.24373232e-050
  5.58628981e-029 1.81233296e-010 1.32809245e-025 1.00182034e-031
  1.60381723e-016 2.78295941e-035 3.61164246e-034 1.27788777e-027
  1.00000000e+000 1.61677281e-032 1.91810037e-011 4.86283168e-024
  1.00000000e+000]
 [1.24773337e-063 2.06803515e-047 1.94524735e-035 4.33388984e-094
  1.55177633e-085 8.76820379e-010 9.68597824e-039 8.43700378e-013
  1.35759602e-074 6.47041430e-037 1.47853266e-080 3.90037407e-061
  9.59259742e-067 2.51205083e-074 9.50865331e-043 4.68343240e-061
  1.61677281e-032 1.00000000e+000 1.50939669e-043 2.50830074e-037
  1.00000000e+000]
 [7.23322204e-058 1.14491161e-021 1.13803732e-022 6.76618811e-052
  6.64203334e-018 2.31209682e-035 7.76120395e-031 6.67116109e-050
  1.60185642e-027 3.21760851e-020 1.70654953e-031 1.22756459e-029
  1.78537484e-030 1.91774237e-019 3.45258847e-030 5.71109685e-016
  1.91810037e-011 1.50939669e-043 1.00000000e+000 7.87674858e-024
  1.00000000e+000]
 [3.44305589e-056 8.06683931e-035 1.73524815e-056 9.19819721e-099
  8.12448261e-056 1.17357246e-027 2.88736327e-051 1.02182905e-047
  3.20425241e-071 5.21875798e-041 4.05805221e-075 1.03616207e-069
  9.88150620e-065 1.97923038e-059 6.27580988e-019 1.33908417e-022
  4.86283168e-024 2.50830074e-037 7.87674858e-024 1.00000000e+000
  1.00000000e+000]
 [1.00000000e+000 1.00000000e+000 1.00000000e+000 1.00000000e+000
  1.00000000e+000 1.00000000e+000 1.00000000e+000 1.00000000e+000
  1.00000000e+000 1.00000000e+000 1.00000000e+000 1.00000000e+000
  1.00000000e+000 1.00000000e+000 1.00000000e+000 1.00000000e+000
  1.00000000e+000 1.00000000e+000 1.00000000e+000 1.00000000e+000
  0.00000000e+000]]
