[[1.00000000e+000 1.98362169e-054 3.61306911e-048 4.68938495e-042
  3.47670598e-059 7.11603900e-052 1.92940285e-045 3.17333652e-051
  5.09903656e-082 1.66242993e-022 6.42920933e-034 5.19756836e-082
  2.47489397e-029 2.59049819e-027 6.83480475e-013 1.25951189e-021
  3.33844342e-035 4.86468758e-065 5.59563254e-045 1.66799259e-054
  1.00000000e+000]
 [1.98362169e-054 1.00000000e+000 2.14701157e-016 3.85426796e-045
  3.96845196e-058 1.52691117e-019 2.35186436e-065 1.05455795e-053
  1.29388360e-065 1.75358575e-060 7.59257403e-028 4.88738026e-078
  2.24554207e-033 8.07665691e-049 3.41274248e-044 3.17506956e-049
  2.17631550e-020 2.09599829e-045 4.80296933e-065 5.32699394e-039
  1.00000000e+000]
 [3.61306911e-048 2.14701157e-016 1.00000000e+000 1.17937635e-055
  8.61803158e-057 3.02670628e-042 1.38178080e-049 1.02516501e-066
  2.02908826e-060 1.03593003e-042 6.28105307e-022 1.13822005e-048
  3.17682327e-041 4.51384544e-033 3.84920889e-050 1.39946288e-076
  9.82650241e-019 3.97533180e-033 3.68872487e-059 2.97216254e-053
  1.00000000e+000]
 [4.68938495e-042 3.85426796e-045 1.17937635e-055 1.00000000e+000
  3.13775444e-030 6.74790028e-023 6.89438100e-030 2.76584167e-021
  5.73724124e-067 2.13816872e-063 6.17771393e-033 1.13752375e-048
  6.64166526e-043 6.70837251e-016 2.94118988e-037 5.74229071e-042
  2.20857729e-017 1.75582729e-024 1.31321955e-031 5.30145017e-020
  1.00000000e+000]
 [3.47670598e-059 3.96845196e-058 8.61803158e-057 3.13775444e-030
  1.00000000e+000 8.16000984e-029 4.45158087e-044 1.64863476e-016
  1.81794873e-040 1.95430163e-035 2.82768990e-024 1.50355605e-019
  1.60480420e-070 5.65971519e-044 3.16586491e-052 8.26517949e-067
  7.80678388e-016 9.68554005e-031 6.32381142e-026 2.36842988e-017
  1.00000000e+000]
 [7.11603900e-052 1.52691117e-019 3.02670628e-042 6.74790028e-023
  8.16000984e-029 1.00000000e+000 2.87024071e-047 1.63277558e-035
  1.10850306e-055 7.99277825e-049 1.78269796e-031 6.29204238e-060
  2.29324352e-027 1.16262888e-043 5.30434464e-036 1.32318742e-034
  4.54308539e-018 8.80099020e-046 7.45823301e-041 1.42116518e-007
  1.00000000e+000]
 [1.92940285e-045 2.35186436e-065 1.38178080e-049 6.89438100e-030
  4.45158087e-044 2.87024071e-047 1.00000000e+000 1.78344638e-048
  1.02155157e-030 5.62371220e-055 1.55101344e-024 2.29102586e-048
  1.00112064e-030 6.90393429e-014 2.31662410e-028 9.33257011e-083
  1.08592284e-027 5.05823296e-052 1.20898226e-009 1.65753585e-050
  1.00000000e+000]
 [3.17333652e-051 1.05455795e-053 1.02516501e-066 2.76584167e-021
  1.64863476e-016 1.63277558e-035 1.78344638e-048 1.00000000e+000
  3.69601786e-043 3.42860291e-059 7.28956625e-021 1.59750345e-051
  1.50885918e-070 1.31814007e-041 1.18497233e-039 3.61778238e-052
  1.80670324e-017 6.30414195e-036 3.56732204e-026 1.82983526e-034
  1.00000000e+000]
 [5.09903656e-082 1.29388360e-065 2.02908826e-060 5.73724124e-067
  1.81794873e-040 1.10850306e-055 1.02155157e-030 3.69601786e-043
  1.00000000e+000 1.79915341e-068 1.73815854e-018 1.41748818e-064
  4.62425490e-060 1.66806281e-060 2.41199091e-044 3.63290628e-112
  8.61129109e-035 1.30704041e-078 2.05424977e-014 1.61069663e-069
  1.00000000e+000]
 [1.66242993e-022 1.75358575e-060 1.03593003e-042 2.13816872e-063
  1.95430163e-035 7.99277825e-049 5.62371220e-055 3.42860291e-059
  1.79915341e-068 1.00000000e+000 1.33678667e-033 8.03842217e-049
  3.66385927e-047 2.00454574e-047 2.38618438e-034 2.87844690e-047
  1.12531538e-033 7.91146911e-064 1.63739317e-046 7.13268965e-042
  1.00000000e+000]
 [6.42920933e-034 7.59257403e-028 6.28105307e-022 6.17771393e-033
  2.82768990e-024 1.78269796e-031 1.55101344e-024 7.28956625e-021
  1.73815854e-018 1.33678667e-033 1.00000000e+000 9.76659675e-041
  1.17875067e-036 1.17292151e-024 1.84956352e-021 1.65136199e-058
  1.43445254e-006 9.15366258e-034 1.40491539e-015 2.56633364e-040
  1.00000000e+000]
 [5.19756836e-082 4.88738026e-078 1.13822005e-048 1.13752375e-048
  1.50355605e-019 6.29204238e-060 2.29102586e-048 1.59750345e-051
  1.41748818e-064 8.03842217e-049 9.76659675e-041 1.00000000e+000
  3.11438254e-096 1.65465157e-040 8.55140097e-089 2.07076022e-116
  2.88325867e-027 3.00747768e-019 1.15782363e-048 4.52138489e-040
  1.00000000e+000]
 [2.47489397e-029 2.24554207e-033 3.17682327e-041 6.64166526e-043
  1.60480420e-070 2.29324352e-027 1.00112064e-030 1.50885918e-070
  4.62425490e-060 3.66385927e-047 1.17875067e-036 3.11438254e-096
  1.00000000e+000 3.43056352e-034 5.19924933e-014 7.29112968e-038
  2.81316528e-037 4.42948968e-081 2.66235525e-039 4.90498868e-045
  1.00000000e+000]
 [2.59049819e-027 8.07665691e-049 4.51384544e-033 6.70837251e-016
  5.65971519e-044 1.16262888e-043 6.90393429e-014 1.31814007e-041
  1.66806281e-060 2.00454574e-047 1.17292151e-024 1.65465157e-040
  3.43056352e-034 1.00000000e+000 9.48580280e-031 2.80758701e-059
  5.07847824e-018 1.46845561e-024 8.44591221e-028 2.87058211e-042
  1.00000000e+000]
 [6.83480475e-013 3.41274248e-044 3.84920889e-050 2.94118988e-037
  3.16586491e-052 5.30434464e-036 2.31662410e-028 1.18497233e-039
  2.41199091e-044 2.38618438e-034 1.84956352e-021 8.55140097e-089
  5.19924933e-014 9.48580280e-031 1.00000000e+000 3.54546850e-027
  1.03238328e-029 2.75761733e-075 4.25457494e-022 2.38133727e-049
  1.00000000e+000]
 [1.25951189e-021 3.17506956e-049 1.39946288e-076 5.74229071e-042
  8.26517949e-067 1.32318742e-034 9.33257011e-083 3.61778238e-052
  3.63290628e-112 2.87844690e-047 1.65136199e-058 2.07076022e-116
  7.29112968e-038 2.80758701e-059 3.54546850e-027 1.00000000e+000
  9.89762623e-049 3.96727814e-084 4.51860166e-072 1.69800854e-040
  1.00000000e+000]
 [3.33844342e-035 2.17631550e-020 9.82650241e-019 2.20857729e-017
  7.80678388e-016 4.54308539e-018 1.08592284e-027 1.80670324e-017
  8.61129109e-035 1.12531538e-033 1.43445254e-006 2.88325867e-027
  2.81316528e-037 5.07847824e-018 1.03238328e-029 9.89762623e-049
  1.00000000e+000 2.39391252e-015 3.35050748e-023 1.71134998e-020
  1.00000000e+000]
 [4.86468758e-065 2.09599829e-045 3.97533180e-033 1.75582729e-024
  9.68554005e-031 8.80099020e-046 5.05823296e-052 6.30414195e-036
  1.30704041e-078 7.91146911e-064 9.15366258e-034 3.00747768e-019
  4.42948968e-081 1.46845561e-024 2.75761733e-075 3.96727814e-084
  2.39391252e-015 1.00000000e+000 4.36482923e-057 3.97504544e-036
  1.00000000e+000]
 [5.59563254e-045 4.80296933e-065 3.68872487e-059 1.31321955e-031
  6.32381142e-026 7.45823301e-041 1.20898226e-009 3.56732204e-026
  2.05424977e-014 1.63739317e-046 1.40491539e-015 1.15782363e-048
  2.66235525e-039 8.44591221e-028 4.25457494e-022 4.51860166e-072
  3.35050748e-023 4.36482923e-057 1.00000000e+000 4.77024360e-044
  1.00000000e+000]
 [1.66799259e-054 5.32699394e-039 2.97216254e-053 5.30145017e-020
  2.36842988e-017 1.42116518e-007 1.65753585e-050 1.82983526e-034
  1.61069663e-069 7.13268965e-042 2.56633364e-040 4.52138489e-040
  4.90498868e-045 2.87058211e-042 2.38133727e-049 1.69800854e-040
  1.71134998e-020 3.97504544e-036 4.77024360e-044 1.00000000e+000
  1.00000000e+000]
 [1.00000000e+000 1.00000000e+000 1.00000000e+000 1.00000000e+000
  1.00000000e+000 1.00000000e+000 1.00000000e+000 1.00000000e+000
  1.00000000e+000 1.00000000e+000 1.00000000e+000 1.00000000e+000
  1.00000000e+000 1.00000000e+000 1.00000000e+000 1.00000000e+000
  1.00000000e+000 1.00000000e+000 1.00000000e+000 1.00000000e+000
  0.00000000e+000]]
