[[1.         0.01570952 0.02236632 ... 0.07047331 0.0096648  0.01379514]
 [0.01570952 1.         0.00240023 ... 0.04310193 0.01514294 0.14055105]
 [0.02236632 0.00240023 1.         ... 0.09445285 0.35892847 0.02272155]
 ...
 [0.07047331 0.04310193 0.09445285 ... 1.         0.24533473 0.01866933]
 [0.0096648  0.01514294 0.35892847 ... 0.24533473 1.         0.05707107]
 [0.01379514 0.14055105 0.02272155 ... 0.01866933 0.05707107 1.        ]]
