[[ 4.87486066 -2.89928228 -0.1655138   3.73747116  4.55519182 -2.21188889]
 [ 4.61783859 -1.11147305  0.36646438 -2.67126261 -0.06793244 -1.13279508]
 [ 0.21294996  3.04759067 -0.27885485 -4.19489234 -1.06806652 -2.1521953 ]
 [-0.71281111 -2.27098601  3.5523163   1.16004022 -4.94036861 -2.9642171 ]
 [-3.73756927 -4.13013849 -2.33587131 -2.17347806 -3.45054654 -0.11933452]
 [-1.17174996 -1.6739543   0.94846052 -1.92835244  4.19530638 -3.82548326]
 [-1.49435685  0.90590818 -2.95713045  4.34687768 -0.49430657  4.44625046]
 [-2.53516296  4.89166218  3.39927566  4.25394051  4.25790395 -0.67487781]
 [ 3.21572341 -2.80493243  0.7443582  -1.45052082 -4.28024691 -1.20507088]
 [-2.13231697  1.66271658 -3.55675902 -2.1037868  -3.45138773  4.15083785]
 [ 0.34947426  1.03995941 -2.73496841 -2.50049095  4.16917472 -0.1331366 ]
 [-4.33959495  3.47699199 -2.07662757  3.59253269 -0.96822297  4.41437293]
 [ 2.82741582 -1.41508428 -4.18914189  1.40959578 -1.34991437 -3.87078193]
 [-1.21061967  1.65981492  3.78779476  3.53850187 -1.02157419  4.05079378]
 [-2.13490098 -1.50208469  1.26579038  3.54624236  1.71143765 -3.33148417]
 [ 4.78607645 -2.62086383 -1.89966404  0.38198776 -1.21026609  3.0544749 ]
 [-2.32971083 -2.80915735  1.70787083  3.93424936 -4.93845487  1.37780473]
 [ 2.98251397  3.11247235  2.5972836  -3.62612243 -2.03728613 -4.15722722]
 [-1.70394135 -4.91704314  4.5025868  -3.06754246  3.16425541 -0.42770788]
 [-2.02141838  3.72039717  3.09745755  2.01857055  4.05642889 -2.22676837]],[[87340.39845934]
 [55632.66577444]
 [44924.17604353]
 [ 4995.06999868]
 [77112.97733512]
 [ 1315.17037059]
 [39216.61508879]
 [61567.61589941]
 [26456.62002351]
 [11052.85115643]
 [ 1987.4795426 ]
 [62937.30958544]
 [13810.02492321]
 [18462.32699129]
 [15596.40970289]
 [73065.34126525]
 [52326.56702719]
 [31462.71293547]
 [48785.01539038]
 [11574.10983328]],[[ 50359.3214485 ]
 [ 18651.5887671 ]
 [  7943.09904025]
 [-31986.00700392]
 [ 40131.9003253 ]
 [-35665.90663165]
 [  2235.53586581]
 [ 24589.17724305]
 [-10524.45698181]
 [-25928.22584678]
 [-34993.5974597 ]
 [ 25956.2323861 ]
 [-23171.05208028]
 [-18518.75001266]
 [-21384.66730078]
 [ 36084.26425583]
 [ 15345.49001985]
 [ -5518.36407457]
 [ 11803.9383834 ]
 [-25409.52034303]
 [ 36981.0770058 ]],[[1.00000000e+00 6.83898998e-30 1.36625369e-66 9.47780120e-63
  1.48802285e-80 6.33873520e-33 1.66658379e-58 1.23966008e-57
  2.56166709e-48 2.52275295e-96 4.55851938e-38 3.59012840e-89
  3.15598811e-29 3.50668895e-63 7.08395058e-28 1.93144876e-33
  1.49313700e-69 2.32843097e-65 4.33896471e-53 1.99273183e-46
  1.00000000e+00]
 [6.83898998e-30 1.00000000e+00 9.68843025e-19 3.35178191e-36
  1.06864280e-43 7.52075724e-27 1.67038727e-58 1.22329325e-71
  3.04308904e-11 8.89152883e-48 4.53315844e-23 4.60242971e-78
  2.25257789e-22 1.03848161e-52 3.27845648e-41 3.45203937e-16
  1.03494207e-55 7.51330068e-18 1.26752399e-36 1.04347752e-50
  1.00000000e+00]
 [1.36625369e-66 9.68843025e-19 1.00000000e+00 5.20307167e-39
  9.44673408e-38 2.25448981e-27 7.72570256e-58 1.25810522e-55
  4.09603750e-28 3.10674197e-30 4.92190637e-20 2.79813214e-56
  6.07015164e-34 2.61089425e-52 3.94223606e-43 8.75445619e-46
  9.20953636e-61 6.02516749e-10 2.00831855e-49 3.23934789e-36
  1.00000000e+00]
 [9.47780120e-63 3.35178191e-36 5.20307167e-39 1.00000000e+00
  1.45632891e-30 1.25370244e-44 1.27164077e-60 1.22601965e-67
  1.80449439e-15 7.60140191e-58 1.74497902e-68 1.29282346e-67
  1.69347860e-38 4.56933161e-38 7.02932376e-26 7.37958341e-49
  5.38388725e-15 7.24448422e-34 1.14216165e-43 7.37221153e-53
  1.00000000e+00]
 [1.48802285e-80 1.06864280e-43 9.44673408e-38 1.45632891e-30
  1.00000000e+00 2.85987197e-42 2.09099155e-45 7.20271463e-95
  1.20639926e-27 5.47847123e-25 6.39766864e-45 4.36245487e-52
  9.66626296e-38 1.25235172e-58 9.77298221e-41 9.66110045e-43
  1.39272060e-27 1.48775742e-62 1.71455407e-42 1.25546539e-75
  1.00000000e+00]
 [6.33873520e-33 7.52075724e-27 2.25448981e-27 1.25370244e-44
  2.85987197e-42 1.00000000e+00 1.17897828e-66 8.93570522e-44
  6.12981396e-44 8.15242276e-68 6.92680029e-17 6.94343301e-75
  2.33246523e-37 8.51870756e-61 5.48064077e-17 1.27931343e-55
  4.91291377e-65 1.60248497e-37 6.08351435e-17 1.44329292e-23
  1.00000000e+00]
 [1.66658379e-58 1.67038727e-58 7.72570256e-58 1.27164077e-60
  2.09099155e-45 1.17897828e-66 1.00000000e+00 7.61402146e-47
  5.53189977e-57 3.24618607e-23 3.79486645e-41 8.54113866e-08
  6.07158500e-46 3.07566194e-21 7.86275113e-40 1.23361643e-31
  3.24503822e-29 9.87651695e-86 1.21164822e-79 6.78879903e-51
  1.00000000e+00]
 [1.23966008e-57 1.22329325e-71 1.25810522e-55 1.22601965e-67
  7.20271463e-95 8.93570522e-44 7.61402146e-47 1.00000000e+00
  8.60036880e-90 8.08983205e-80 4.53625664e-47 2.47861483e-39
  4.18264052e-77 4.07744279e-28 1.26157339e-26 3.01617436e-86
  2.40178012e-66 4.77310537e-65 3.64371393e-67 1.03833204e-04
  1.00000000e+00]
 [2.56166709e-48 3.04308904e-11 4.09603750e-28 1.80449439e-15
  1.20639926e-27 6.12981396e-44 5.53189977e-57 8.60036880e-90
  1.00000000e+00 8.59004218e-43 5.90374526e-48 1.23425941e-75
  1.43599366e-22 2.47013521e-49 2.05552047e-42 2.79879199e-18
  3.65868351e-30 1.78941082e-25 8.91974102e-45 2.12780330e-69
  1.00000000e+00]
 [2.52275295e-96 8.89152883e-48 3.10674197e-30 7.60140191e-58
  5.47847123e-25 8.15242276e-68 3.24618607e-23 8.08983205e-80
  8.59004218e-43 1.00000000e+00 4.01650101e-37 5.04701941e-22
  6.38334817e-51 6.45309745e-41 6.24846843e-65 4.61890560e-36
  1.34188919e-41 2.66719822e-61 2.47942915e-76 2.51832473e-71
  1.00000000e+00]
 [4.55851938e-38 4.53315844e-23 4.92190637e-20 1.74497902e-68
  6.39766864e-45 6.92680029e-17 3.79486645e-41 4.53625664e-47
  5.90374526e-48 4.01650101e-37 1.00000000e+00 1.30881741e-49
  7.27277794e-33 1.43196114e-55 4.13712678e-36 5.48671753e-36
  7.54587075e-74 2.90649092e-42 2.46750125e-41 7.70392073e-32
  1.00000000e+00]
 [3.59012840e-89 4.60242971e-78 2.79813214e-56 1.29282346e-67
  4.36245487e-52 6.94343301e-75 8.54113866e-08 2.47861483e-39
  1.23425941e-75 5.04701941e-22 1.30881741e-49 1.00000000e+00
  2.60475300e-67 2.07978284e-21 1.24213980e-47 2.31958639e-58
  9.18576039e-37 1.36572037e-88 5.26128871e-90 6.58851390e-46
  1.00000000e+00]
 [3.15598811e-29 2.25257789e-22 6.07015164e-34 1.69347860e-38
  9.66626296e-38 2.33246523e-37 6.07158500e-46 4.18264052e-77
  1.43599366e-22 6.38334817e-51 7.27277794e-33 2.60475300e-67
  1.00000000e+00 8.12306411e-69 1.58586926e-30 1.35064991e-26
  1.50797849e-48 6.78425610e-41 1.75179463e-70 1.77082905e-59
  1.00000000e+00]
 [3.50668895e-63 1.03848161e-52 2.61089425e-52 4.56933161e-38
  1.25235172e-58 8.51870756e-61 3.07566194e-21 4.07744279e-28
  2.47013521e-49 6.45309745e-41 1.43196114e-55 2.07978284e-21
  8.12306411e-69 1.00000000e+00 4.09851967e-35 4.00506283e-43
  1.17431433e-21 6.78866861e-62 4.11589403e-55 2.22258449e-32
  1.00000000e+00]
 [7.08395058e-28 3.27845648e-41 3.94223606e-43 7.02932376e-26
  9.77298221e-41 5.48064077e-17 7.86275113e-40 1.26157339e-26
  2.05552047e-42 6.24846843e-65 4.13712678e-36 1.24213980e-47
  1.58586926e-30 4.09851967e-35 1.00000000e+00 3.43286328e-52
  1.79805588e-30 7.38384725e-51 5.35820491e-34 5.76133879e-18
  1.00000000e+00]
 [1.93144876e-33 3.45203937e-16 8.75445619e-46 7.37958341e-49
  9.66110045e-43 1.27931343e-55 1.23361643e-31 3.01617436e-86
  2.79879199e-18 4.61890560e-36 5.48671753e-36 2.31958639e-58
  1.35064991e-26 4.00506283e-43 3.43286328e-52 1.00000000e+00
  4.02538663e-41 4.65575392e-55 7.44137113e-58 1.74802401e-74
  1.00000000e+00]
 [1.49313700e-69 1.03494207e-55 9.20953636e-61 5.38388725e-15
  1.39272060e-27 4.91291377e-65 3.24503822e-29 2.40178012e-66
  3.65868351e-30 1.34188919e-41 7.54587075e-74 9.18576039e-37
  1.50797849e-48 1.17431433e-21 1.79805588e-30 4.02538663e-41
  1.00000000e+00 2.43973766e-70 1.94111921e-57 1.69637154e-62
  1.00000000e+00]
 [2.32843097e-65 7.51330068e-18 6.02516749e-10 7.24448422e-34
  1.48775742e-62 1.60248497e-37 9.87651695e-86 4.77310537e-65
  1.78941082e-25 2.66719822e-61 2.90649092e-42 1.36572037e-88
  6.78425610e-41 6.78866861e-62 7.38384725e-51 4.65575392e-55
  2.43973766e-70 1.00000000e+00 9.08306944e-58 1.87663534e-43
  1.00000000e+00]
 [4.33896471e-53 1.26752399e-36 2.00831855e-49 1.14216165e-43
  1.71455407e-42 6.08351435e-17 1.21164822e-79 3.64371393e-67
  8.91974102e-45 2.47942915e-76 2.46750125e-41 5.26128871e-90
  1.75179463e-70 4.11589403e-55 5.35820491e-34 7.44137113e-58
  1.94111921e-57 9.08306944e-58 1.00000000e+00 5.15417347e-47
  1.00000000e+00]
 [1.99273183e-46 1.04347752e-50 3.23934789e-36 7.37221153e-53
  1.25546539e-75 1.44329292e-23 6.78879903e-51 1.03833204e-04
  2.12780330e-69 2.51832473e-71 7.70392073e-32 6.58851390e-46
  1.77082905e-59 2.22258449e-32 5.76133879e-18 1.74802401e-74
  1.69637154e-62 1.87663534e-43 5.15417347e-47 1.00000000e+00
  1.00000000e+00]
 [1.00000000e+00 1.00000000e+00 1.00000000e+00 1.00000000e+00
  1.00000000e+00 1.00000000e+00 1.00000000e+00 1.00000000e+00
  1.00000000e+00 1.00000000e+00 1.00000000e+00 1.00000000e+00
  1.00000000e+00 1.00000000e+00 1.00000000e+00 1.00000000e+00
  1.00000000e+00 1.00000000e+00 1.00000000e+00 1.00000000e+00
  0.00000000e+00]]
