[[1.00000000e+000 5.72607795e-082 3.59825426e-103 2.75933764e-073
  2.29026055e-061 3.21433347e-045 6.05130486e-049 4.74001768e-079
  2.77357679e-057 5.76882067e-052 9.61718005e-107 1.14706094e-091
  2.97518865e-040 3.35101079e-072 1.00133632e-046 2.90284932e-033
  7.61633809e-022 5.58890805e-082 4.78963663e-010 3.94812385e-016
  1.00000000e+000]
 [5.72607795e-082 1.00000000e+000 3.05885915e-028 2.88492420e-060
  3.91748574e-043 1.74484814e-075 6.10115943e-029 5.54682614e-022
  1.01956826e-049 2.73124695e-029 1.03764241e-031 1.34170158e-023
  3.10700777e-047 1.66856044e-027 4.63973382e-039 4.87207762e-064
  6.28847217e-043 8.12294475e-013 5.96814250e-051 6.96150307e-050
  1.00000000e+000]
 [3.59825426e-103 3.05885915e-028 1.00000000e+000 9.76911476e-065
  2.38705074e-043 1.19187034e-097 5.16252451e-016 4.99864717e-044
  2.40884774e-033 9.18827726e-059 1.51396058e-027 9.00842832e-030
  3.52767511e-060 1.55534137e-032 3.74228185e-039 6.94760307e-051
  2.05755379e-068 8.40853060e-034 1.36138633e-067 5.84318043e-074
  1.00000000e+000]
 [2.75933764e-073 2.88492420e-060 9.76911476e-065 1.00000000e+000
  1.50172824e-043 3.40565967e-023 1.78137205e-043 8.09585244e-028
  1.28700992e-089 6.36967509e-017 7.43427821e-052 2.81864869e-041
  8.63633442e-096 3.48387575e-043 3.29369616e-032 3.22380967e-050
  1.18840602e-089 9.68156621e-024 2.36670853e-062 4.09953345e-048
  1.00000000e+000]
 [2.29026055e-061 3.91748574e-043 2.38705074e-043 1.50172824e-043
  1.00000000e+000 7.75555167e-029 3.74140009e-014 2.57652200e-062
  2.32373162e-027 6.60274653e-046 2.06295775e-020 7.00170684e-020
  1.51380041e-034 3.37492138e-041 1.15883540e-044 6.48341794e-054
  4.34011802e-052 1.74130321e-044 1.75886879e-039 1.49646254e-041
  1.00000000e+000]
 [3.21433347e-045 1.74484814e-075 1.19187034e-097 3.40565967e-023
  7.75555167e-029 1.00000000e+000 5.09178348e-045 3.35291304e-066
  3.90544212e-076 1.49451030e-036 5.40389696e-070 1.35220256e-053
  4.03560101e-078 2.74813130e-049 2.42506944e-038 6.11413678e-068
  9.80388511e-064 7.21943267e-051 1.71943449e-043 1.96166427e-033
  1.00000000e+000]
 [6.05130486e-049 6.10115943e-029 5.16252451e-016 1.78137205e-043
  3.74140009e-014 5.09178348e-045 1.00000000e+000 1.17315086e-044
  3.25307510e-012 7.07594372e-041 4.74606145e-026 1.26929313e-021
  2.64105174e-031 1.14426402e-021 1.23765384e-019 1.08668750e-031
  2.43938723e-031 6.72862271e-032 1.62780148e-026 8.93311462e-032
  1.00000000e+000]
 [4.74001768e-079 5.54682614e-022 4.99864717e-044 8.09585244e-028
  2.57652200e-062 3.35291304e-066 1.17315086e-044 1.00000000e+000
  1.96547427e-080 7.10194395e-008 9.71968089e-042 4.90911746e-032
  7.46156680e-071 1.93361226e-045 3.22722772e-040 6.35547143e-042
  1.08521843e-067 4.27992803e-008 7.61170512e-055 4.22358741e-044
  1.00000000e+000]
 [2.77357679e-057 1.01956826e-049 2.40884774e-033 1.28700992e-089
  2.32373162e-027 3.90544212e-076 3.25307510e-012 1.96547427e-080
  1.00000000e+000 2.35297165e-077 1.51319419e-039 1.70066629e-035
  3.19157222e-021 1.67177429e-054 2.30220084e-049 1.41779058e-043
  1.68755398e-027 2.49859388e-069 3.53526039e-027 4.26543383e-038
  1.00000000e+000]
 [5.76882067e-052 2.73124695e-029 9.18827726e-059 6.36967509e-017
  6.60274653e-046 1.49451030e-036 7.07594372e-041 7.10194395e-008
  2.35297165e-077 1.00000000e+000 6.11090045e-045 5.30340395e-035
  4.55791463e-059 7.78134259e-044 1.37265126e-035 1.03235291e-035
  3.94150189e-057 8.96343860e-013 2.48892815e-039 1.76909615e-029
  1.00000000e+000]
 [9.61718005e-107 1.03764241e-031 1.51396058e-027 7.43427821e-052
  2.06295775e-020 5.40389696e-070 4.74606145e-026 9.71968089e-042
  1.51319419e-039 6.11090045e-045 1.00000000e+000 1.02147840e-005
  1.64334720e-044 1.32919696e-060 5.66331993e-068 6.08639906e-057
  1.41901804e-079 5.07660634e-035 2.24884625e-064 5.04990276e-062
  1.00000000e+000]
 [1.14706094e-091 1.34170158e-023 9.00842832e-030 2.81864869e-041
  7.00170684e-020 1.35220256e-053 1.26929313e-021 4.90911746e-032
  1.70066629e-035 5.30340395e-035 1.02147840e-005 1.00000000e+000
  4.43228814e-046 2.27938106e-045 2.01357604e-049 4.56889678e-056
  7.11993895e-061 4.13418474e-023 9.06212676e-051 8.55446022e-044
  1.00000000e+000]
 [2.97518865e-040 3.10700777e-047 3.52767511e-060 8.63633442e-096
  1.51380041e-034 4.03560101e-078 2.64105174e-031 7.46156680e-071
  3.19157222e-021 4.55791463e-059 1.64334720e-044 4.43228814e-046
  1.00000000e+000 7.68044970e-082 6.45980697e-075 3.29349293e-034
  1.66739756e-026 1.12636755e-073 6.28038708e-019 7.51089401e-031
  1.00000000e+000]
 [3.35101079e-072 1.66856044e-027 1.55534137e-032 3.48387575e-043
  3.37492138e-041 2.74813130e-049 1.14426402e-021 1.93361226e-045
  1.67177429e-054 7.78134259e-044 1.32919696e-060 2.27938106e-045
  7.68044970e-082 1.00000000e+000 8.06110872e-008 7.37709489e-074
  1.55488320e-048 5.51673417e-021 3.48129739e-057 1.83821599e-056
  1.00000000e+000]
 [1.00133632e-046 4.63973382e-039 3.74228185e-039 3.29369616e-032
  1.15883540e-044 2.42506944e-038 1.23765384e-019 3.22722772e-040
  2.30220084e-049 1.37265126e-035 5.66331993e-068 2.01357604e-049
  6.45980697e-075 8.06110872e-008 1.00000000e+000 5.53116467e-049
  2.60030880e-037 5.47330634e-025 1.40972756e-037 2.29454346e-035
  1.00000000e+000]
 [2.90284932e-033 4.87207762e-064 6.94760307e-051 3.22380967e-050
  6.48341794e-054 6.11413678e-068 1.08668750e-031 6.35547143e-042
  1.41779058e-043 1.03235291e-035 6.08639906e-057 4.56889678e-056
  3.29349293e-034 7.37709489e-074 5.53116467e-049 1.00000000e+000
  9.88894811e-048 9.47473133e-058 2.70714792e-022 5.76461811e-027
  1.00000000e+000]
 [7.61633809e-022 6.28847217e-043 2.05755379e-068 1.18840602e-089
  4.34011802e-052 9.80388511e-064 2.43938723e-031 1.08521843e-067
  1.68755398e-027 3.94150189e-057 1.41901804e-079 7.11993895e-061
  1.66739756e-026 1.55488320e-048 2.60030880e-037 9.88894811e-048
  1.00000000e+000 2.22089616e-061 2.29312199e-009 5.71154722e-016
  1.00000000e+000]
 [5.58890805e-082 8.12294475e-013 8.40853060e-034 9.68156621e-024
  1.74130321e-044 7.21943267e-051 6.72862271e-032 4.27992803e-008
  2.49859388e-069 8.96343860e-013 5.07660634e-035 4.13418474e-023
  1.12636755e-073 5.51673417e-021 5.47330634e-025 9.47473133e-058
  2.22089616e-061 1.00000000e+000 4.15160571e-057 3.45084740e-047
  1.00000000e+000]
 [4.78963663e-010 5.96814250e-051 1.36138633e-067 2.36670853e-062
  1.75886879e-039 1.71943449e-043 1.62780148e-026 7.61170512e-055
  3.53526039e-027 2.48892815e-039 2.24884625e-064 9.06212676e-051
  6.28038708e-019 3.48129739e-057 1.40972756e-037 2.70714792e-022
  2.29312199e-009 4.15160571e-057 1.00000000e+000 2.28823046e-004
  1.00000000e+000]
 [3.94812385e-016 6.96150307e-050 5.84318043e-074 4.09953345e-048
  1.49646254e-041 1.96166427e-033 8.93311462e-032 4.22358741e-044
  4.26543383e-038 1.76909615e-029 5.04990276e-062 8.55446022e-044
  7.51089401e-031 1.83821599e-056 2.29454346e-035 5.76461811e-027
  5.71154722e-016 3.45084740e-047 2.28823046e-004 1.00000000e+000
  1.00000000e+000]
 [1.00000000e+000 1.00000000e+000 1.00000000e+000 1.00000000e+000
  1.00000000e+000 1.00000000e+000 1.00000000e+000 1.00000000e+000
  1.00000000e+000 1.00000000e+000 1.00000000e+000 1.00000000e+000
  1.00000000e+000 1.00000000e+000 1.00000000e+000 1.00000000e+000
  1.00000000e+000 1.00000000e+000 1.00000000e+000 1.00000000e+000
  0.00000000e+000]]
