[[1.00000000e+000 1.17372175e-046 5.00189822e-022 1.95963400e-026
  5.82184702e-043 2.54525962e-059 8.91716621e-053 8.26059199e-031
  3.14440078e-016 3.86449804e-037 2.05554691e-040 8.55550985e-057
  7.46393937e-046 2.12125782e-008 5.12623782e-050 6.24165970e-021
  5.03761471e-044 1.89192060e-046 3.00197335e-064 5.04798679e-032
  1.00000000e+000]
 [1.17372175e-046 1.00000000e+000 5.73340727e-052 3.61135846e-029
  2.98789533e-047 5.55303484e-055 1.28595720e-041 6.50886721e-034
  2.50632753e-028 6.29746991e-050 1.06859561e-028 1.50015894e-038
  1.36651201e-046 8.96377340e-045 1.07545161e-043 1.44021268e-071
  4.02537461e-068 3.47019985e-020 1.08081609e-020 1.93646504e-030
  1.00000000e+000]
 [5.00189822e-022 5.73340727e-052 1.00000000e+000 2.88054901e-043
  4.82309150e-031 7.61791553e-077 2.42207026e-046 1.75253402e-013
  3.91478822e-014 7.62354244e-054 1.26572169e-051 6.98851380e-080
  4.21535867e-039 1.63292942e-028 7.71831337e-047 4.14064346e-022
  2.11608469e-033 4.50220269e-036 2.95794120e-060 6.89206479e-024
  1.00000000e+000]
 [1.95963400e-026 3.61135846e-029 2.88054901e-043 1.00000000e+000
  2.65719821e-085 8.25855683e-075 2.10700763e-022 9.56770195e-054
  1.11181465e-016 1.77061018e-022 5.95316495e-064 2.68578131e-062
  3.44171892e-067 1.44400808e-017 8.05528558e-031 1.76662930e-032
  1.39203120e-085 9.08329420e-033 6.59372154e-025 7.73828655e-035
  1.00000000e+000]
 [5.82184702e-043 2.98789533e-047 4.82309150e-031 2.65719821e-085
  1.00000000e+000 5.08318538e-069 3.86099798e-104 6.52993640e-025
  7.05456137e-038 2.03767752e-082 2.44767677e-019 6.13022141e-075
  3.57550181e-038 8.47600038e-059 1.00177011e-076 1.94158597e-072
  5.34219818e-019 3.24939302e-065 1.79658054e-084 6.49886797e-038
  1.00000000e+000]
 [2.54525962e-059 5.55303484e-055 7.61791553e-077 8.25855683e-075
  5.08318538e-069 1.00000000e+000 1.20880133e-086 5.18111660e-065
  3.72359685e-081 2.45128862e-045 6.36409236e-027 4.10744719e-013
  3.31245924e-022 2.34497936e-065 6.06414728e-102 5.34898070e-076
  9.85601368e-038 4.25695512e-055 1.30733402e-050 8.19199976e-066
  1.00000000e+000]
 [8.91716621e-053 1.28595720e-041 2.42207026e-046 2.10700763e-022
  3.86099798e-104 1.20880133e-086 1.00000000e+000 3.39912870e-042
  1.51439451e-033 7.74538164e-063 2.81694101e-096 7.71891139e-083
  1.80329174e-055 7.59855934e-056 2.70216761e-074 2.22139262e-061
  3.18148473e-104 2.41449211e-013 3.14313544e-039 4.41834880e-066
  1.00000000e+000]
 [8.26059199e-031 6.50886721e-034 1.75253402e-013 9.56770195e-054
  6.52993640e-025 5.18111660e-065 3.39912870e-042 1.00000000e+000
  2.17053268e-024 4.22104035e-078 1.76818620e-042 2.84546067e-062
  1.21522542e-027 1.30673265e-045 1.37632933e-067 3.26039277e-051
  7.52934338e-042 2.39096980e-018 5.61621058e-062 1.96969876e-034
  1.00000000e+000]
 [3.14440078e-016 2.50632753e-028 3.91478822e-014 1.11181465e-016
  7.05456137e-038 3.72359685e-081 1.51439451e-033 2.17053268e-024
  1.00000000e+000 1.76125650e-038 4.94168934e-046 1.89880579e-077
  9.39192437e-049 6.27721800e-019 5.22204420e-033 5.76876953e-030
  1.56435233e-050 5.40419185e-033 1.89073295e-042 3.29498064e-023
  1.00000000e+000]
 [3.86449804e-037 6.29746991e-050 7.62354244e-054 1.77061018e-022
  2.03767752e-082 2.45128862e-045 7.74538164e-063 4.22104035e-078
  1.76125650e-038 1.00000000e+000 1.50019987e-045 4.70039037e-046
  1.11220753e-060 1.22974709e-021 1.97164940e-033 6.97213917e-027
  2.05120495e-054 7.78101898e-063 8.28610773e-024 3.20938499e-032
  1.00000000e+000]
 [2.05554691e-040 1.06859561e-028 1.26572169e-051 5.95316495e-064
  2.44767677e-019 6.36409236e-027 2.81694101e-096 1.76818620e-042
  4.94168934e-046 1.50019987e-045 1.00000000e+000 1.76289083e-027
  1.12623999e-031 4.88955106e-045 5.33741190e-062 3.64137735e-066
  3.20747801e-021 5.58916015e-057 5.73229783e-049 3.26261836e-031
  1.00000000e+000]
 [8.55550985e-057 1.50015894e-038 6.98851380e-080 2.68578131e-062
  6.13022141e-075 4.10744719e-013 7.71891139e-083 2.84546067e-062
  1.89880579e-077 4.70039037e-046 1.76289083e-027 1.00000000e+000
  7.64317305e-046 1.43267969e-051 3.44363108e-072 1.78449200e-068
  2.53575450e-061 4.01124358e-046 5.61942598e-039 5.66335625e-047
  1.00000000e+000]
 [7.46393937e-046 1.36651201e-046 4.21535867e-039 3.44171892e-067
  3.57550181e-038 3.31245924e-022 1.80329174e-055 1.21522542e-027
  9.39192437e-049 1.11220753e-060 1.12623999e-031 7.64317305e-046
  1.00000000e+000 3.49393878e-066 4.00415419e-105 1.32406619e-071
  1.25873190e-021 4.76574315e-033 1.93749316e-057 1.70740342e-062
  1.00000000e+000]
 [2.12125782e-008 8.96377340e-045 1.63292942e-028 1.44400808e-017
  8.47600038e-059 2.34497936e-065 7.59855934e-056 1.30673265e-045
  6.27721800e-019 1.22974709e-021 4.88955106e-045 1.43267969e-051
  3.49393878e-066 1.00000000e+000 2.95844000e-023 5.41683055e-010
  7.25801704e-057 4.13613235e-051 2.03286684e-046 3.48662807e-018
  1.00000000e+000]
 [5.12623782e-050 1.07545161e-043 7.71831337e-047 8.05528558e-031
  1.00177011e-076 6.06414728e-102 2.70216761e-074 1.37632933e-067
  5.22204420e-033 1.97164940e-033 5.33741190e-062 3.44363108e-072
  4.00415419e-105 2.95844000e-023 1.00000000e+000 1.12708791e-028
  4.48700403e-086 9.35027469e-064 1.85367108e-032 9.65056448e-010
  1.00000000e+000]
 [6.24165970e-021 1.44021268e-071 4.14064346e-022 1.76662930e-032
  1.94158597e-072 5.34898070e-076 2.22139262e-061 3.26039277e-051
  5.76876953e-030 6.97213917e-027 3.64137735e-066 1.78449200e-068
  1.32406619e-071 5.41683055e-010 1.12708791e-028 1.00000000e+000
  4.27176083e-056 7.08420819e-060 2.17154908e-055 3.34437493e-022
  1.00000000e+000]
 [5.03761471e-044 4.02537461e-068 2.11608469e-033 1.39203120e-085
  5.34219818e-019 9.85601368e-038 3.18148473e-104 7.52934338e-042
  1.56435233e-050 2.05120495e-054 3.20747801e-021 2.53575450e-061
  1.25873190e-021 7.25801704e-057 4.48700403e-086 4.27176083e-056
  1.00000000e+000 4.42743744e-073 1.46461584e-075 2.36378773e-045
  1.00000000e+000]
 [1.89192060e-046 3.47019985e-020 4.50220269e-036 9.08329420e-033
  3.24939302e-065 4.25695512e-055 2.41449211e-013 2.39096980e-018
  5.40419185e-033 7.78101898e-063 5.58916015e-057 4.01124358e-046
  4.76574315e-033 4.13613235e-051 9.35027469e-064 7.08420819e-060
  4.42743744e-073 1.00000000e+000 1.10233674e-029 3.44925020e-043
  1.00000000e+000]
 [3.00197335e-064 1.08081609e-020 2.95794120e-060 6.59372154e-025
  1.79658054e-084 1.30733402e-050 3.14313544e-039 5.61621058e-062
  1.89073295e-042 8.28610773e-024 5.73229783e-049 5.61942598e-039
  1.93749316e-057 2.03286684e-046 1.85367108e-032 2.17154908e-055
  1.46461584e-075 1.10233674e-029 1.00000000e+000 1.15499652e-030
  1.00000000e+000]
 [5.04798679e-032 1.93646504e-030 6.89206479e-024 7.73828655e-035
  6.49886797e-038 8.19199976e-066 4.41834880e-066 1.96969876e-034
  3.29498064e-023 3.20938499e-032 3.26261836e-031 5.66335625e-047
  1.70740342e-062 3.48662807e-018 9.65056448e-010 3.34437493e-022
  2.36378773e-045 3.44925020e-043 1.15499652e-030 1.00000000e+000
  1.00000000e+000]
 [1.00000000e+000 1.00000000e+000 1.00000000e+000 1.00000000e+000
  1.00000000e+000 1.00000000e+000 1.00000000e+000 1.00000000e+000
  1.00000000e+000 1.00000000e+000 1.00000000e+000 1.00000000e+000
  1.00000000e+000 1.00000000e+000 1.00000000e+000 1.00000000e+000
  1.00000000e+000 1.00000000e+000 1.00000000e+000 1.00000000e+000
  0.00000000e+000]]
