[[1.00000000e+00 1.23699251e-43 1.78477185e-53 2.80494277e-38
  1.62432386e-42 2.32377959e-63 9.13608550e-41 8.76621528e-66
  7.28377123e-51 1.29886014e-58 8.43310814e-47 5.96088670e-21
  1.06596377e-58 7.24323173e-10 7.41398459e-13 7.45730350e-56
  6.49755522e-47 1.78210425e-34 1.43869476e-21 3.00496182e-36
  1.00000000e+00]
 [1.23699251e-43 1.00000000e+00 1.07100015e-30 8.39728633e-47
  1.33591985e-18 7.50806298e-48 3.55323847e-55 9.30007028e-51
  1.94974912e-33 2.26265520e-80 1.28365204e-20 3.54732723e-26
  5.54035776e-37 4.75551057e-41 7.04367643e-33 2.20489022e-54
  1.60113173e-27 2.87005101e-29 3.03812090e-40 2.75515475e-23
  1.00000000e+00]
 [1.78477185e-53 1.07100015e-30 1.00000000e+00 1.58899217e-24
  1.02675292e-20 8.12855799e-56 5.06973739e-78 3.01449184e-64
  4.40312306e-06 1.24220338e-66 9.30506686e-22 8.43100636e-44
  1.90997506e-40 1.64470271e-55 6.44582885e-67 3.93044065e-69
  5.63682118e-40 2.80240420e-56 1.28567166e-41 2.57285062e-68
  1.00000000e+00]
 [2.80494277e-38 8.39728633e-47 1.58899217e-24 1.00000000e+00
  2.22965514e-17 3.77899729e-26 7.89574706e-57 1.14854033e-77
  1.07985728e-28 3.52168117e-41 3.23061087e-33 1.14780189e-56
  2.23830493e-30 8.94927130e-63 8.92615641e-39 7.76756687e-31
  2.17775950e-60 2.26574737e-49 2.72361749e-24 3.72591650e-82
  1.00000000e+00]
 [1.62432386e-42 1.33591985e-18 1.02675292e-20 2.22965514e-17
  1.00000000e+00 1.84369656e-34 7.05244862e-35 8.20790453e-45
  1.06182678e-23 4.97608258e-48 1.58260260e-16 1.05715334e-28
  1.70587344e-27 6.23725014e-62 8.37467916e-35 1.03633490e-21
  1.85353073e-38 9.30155954e-23 5.69203587e-24 9.77196268e-53
  1.00000000e+00]
 [2.32377959e-63 7.50806298e-48 8.12855799e-56 3.77899729e-26
  1.84369656e-34 1.00000000e+00 2.71202400e-57 3.29569411e-58
  4.11674385e-51 6.53772678e-27 6.76522674e-43 9.88838452e-86
  1.81667253e-06 3.68367011e-84 4.55147238e-51 2.74159674e-23
  2.06518204e-45 1.83155001e-39 1.40244186e-67 1.39132348e-65
  1.00000000e+00]
 [9.13608550e-41 3.55323847e-55 5.06973739e-78 7.89574706e-57
  7.05244862e-35 2.71202400e-57 1.00000000e+00 7.47919011e-25
  3.19912016e-78 3.09453433e-33 1.02170532e-33 2.50282143e-40
  3.41388321e-46 2.11863562e-66 5.89513780e-33 3.06951758e-22
  8.02115151e-37 6.80097254e-12 2.02639828e-40 3.46156762e-40
  1.00000000e+00]
 [8.76621528e-66 9.30007028e-51 3.01449184e-64 1.14854033e-77
  8.20790453e-45 3.29569411e-58 7.47919011e-25 1.00000000e+00
  1.83138283e-54 2.49384694e-29 1.29118109e-34 2.06437602e-48
  2.04913060e-31 1.30451120e-74 5.76741030e-73 1.40939744e-44
  1.40690942e-12 2.89892879e-13 4.53701145e-84 6.74144102e-33
  1.00000000e+00]
 [7.28377123e-51 1.94974912e-33 4.40312306e-06 1.07985728e-28
  1.06182678e-23 4.11674385e-51 3.19912016e-78 1.83138283e-54
  1.00000000e+00 5.77768864e-56 8.54265230e-34 3.75035700e-39
  5.36024092e-34 2.57722263e-54 3.37685776e-71 2.32526673e-63
  1.89663385e-37 2.11324450e-47 2.02003620e-55 2.48786298e-66
  1.00000000e+00]
 [1.29886014e-58 2.26265520e-80 1.24220338e-66 3.52168117e-41
  4.97608258e-48 6.53772678e-27 3.09453433e-33 2.49384694e-29
  5.77768864e-56 1.00000000e+00 2.12150655e-49 8.90096645e-79
  1.68811626e-18 1.20857866e-85 1.86019474e-68 4.79674699e-25
  3.08483744e-38 8.81125654e-30 4.25624481e-76 5.06894624e-71
  1.00000000e+00]
 [8.43310814e-47 1.28365204e-20 9.30506686e-22 3.23061087e-33
  1.58260260e-16 6.76522674e-43 1.02170532e-33 1.29118109e-34
  8.54265230e-34 2.12150655e-49 1.00000000e+00 6.43856260e-41
  8.80176199e-29 1.43621815e-51 1.00433995e-40 2.81168810e-45
  1.74464333e-17 6.39670018e-30 1.26349795e-29 1.16141243e-33
  1.00000000e+00]
 [5.96088670e-21 3.54732723e-26 8.43100636e-44 1.14780189e-56
  1.05715334e-28 9.88838452e-86 2.50282143e-40 2.06437602e-48
  3.75035700e-39 8.90096645e-79 6.43856260e-41 1.00000000e+00
  1.40496674e-67 1.30572468e-26 3.41640922e-31 1.58910549e-59
  1.57467936e-41 2.15281038e-24 2.48772527e-31 7.36022510e-33
  1.00000000e+00]
 [1.06596377e-58 5.54035776e-37 1.90997506e-40 2.23830493e-30
  1.70587344e-27 1.81667253e-06 3.41388321e-46 2.04913060e-31
  5.36024092e-34 1.68811626e-18 8.80176199e-29 1.40496674e-67
  1.00000000e+00 1.62778788e-72 3.49138398e-55 3.20221814e-25
  6.11636960e-23 9.18511001e-26 1.74056652e-67 5.47800329e-48
  1.00000000e+00]
 [7.24323173e-10 4.75551057e-41 1.64470271e-55 8.94927130e-63
  6.23725014e-62 3.68367011e-84 2.11863562e-66 1.30451120e-74
  2.57722263e-54 1.20857866e-85 1.43621815e-51 1.30572468e-26
  1.62778788e-72 1.00000000e+00 1.99386967e-27 2.22422092e-93
  3.61825777e-42 6.78236946e-51 7.23152541e-40 8.06155652e-27
  1.00000000e+00]
 [7.41398459e-13 7.04367643e-33 6.44582885e-67 8.92615641e-39
  8.37467916e-35 4.55147238e-51 5.89513780e-33 5.76741030e-73
  3.37685776e-71 1.86019474e-68 1.00433995e-40 3.41640922e-31
  3.49138398e-55 1.99386967e-27 1.00000000e+00 7.88611907e-41
  1.79701564e-53 8.99256875e-32 4.73706994e-16 1.35870373e-33
  1.00000000e+00]
 [7.45730350e-56 2.20489022e-54 3.93044065e-69 7.76756687e-31
  1.03633490e-21 2.74159674e-23 3.06951758e-22 1.40939744e-44
  2.32526673e-63 4.79674699e-25 2.81168810e-45 1.58910549e-59
  3.20221814e-25 2.22422092e-93 7.88611907e-41 1.00000000e+00
  2.54170257e-56 2.01149332e-19 3.43225421e-49 2.23022512e-70
  1.00000000e+00]
 [6.49755522e-47 1.60113173e-27 5.63682118e-40 2.17775950e-60
  1.85353073e-38 2.06518204e-45 8.02115151e-37 1.40690942e-12
  1.89663385e-37 3.08483744e-38 1.74464333e-17 1.57467936e-41
  6.11636960e-23 3.61825777e-42 1.79701564e-53 2.54170257e-56
  1.00000000e+00 3.91932012e-20 2.85936768e-64 1.33332153e-14
  1.00000000e+00]
 [1.78210425e-34 2.87005101e-29 2.80240420e-56 2.26574737e-49
  9.30155954e-23 1.83155001e-39 6.80097254e-12 2.89892879e-13
  2.11324450e-47 8.81125654e-30 6.39670018e-30 2.15281038e-24
  9.18511001e-26 6.78236946e-51 8.99256875e-32 2.01149332e-19
  3.91932012e-20 1.00000000e+00 1.23967363e-47 1.20746177e-23
  1.00000000e+00]
 [1.43869476e-21 3.03812090e-40 1.28567166e-41 2.72361749e-24
  5.69203587e-24 1.40244186e-67 2.02639828e-40 4.53701145e-84
  2.02003620e-55 4.25624481e-76 1.26349795e-29 2.48772527e-31
  1.74056652e-67 7.23152541e-40 4.73706994e-16 3.43225421e-49
  2.85936768e-64 1.23967363e-47 1.00000000e+00 1.36787962e-60
  1.00000000e+00]
 [3.00496182e-36 2.75515475e-23 2.57285062e-68 3.72591650e-82
  9.77196268e-53 1.39132348e-65 3.46156762e-40 6.74144102e-33
  2.48786298e-66 5.06894624e-71 1.16141243e-33 7.36022510e-33
  5.47800329e-48 8.06155652e-27 1.35870373e-33 2.23022512e-70
  1.33332153e-14 1.20746177e-23 1.36787962e-60 1.00000000e+00
  1.00000000e+00]
 [1.00000000e+00 1.00000000e+00 1.00000000e+00 1.00000000e+00
  1.00000000e+00 1.00000000e+00 1.00000000e+00 1.00000000e+00
  1.00000000e+00 1.00000000e+00 1.00000000e+00 1.00000000e+00
  1.00000000e+00 1.00000000e+00 1.00000000e+00 1.00000000e+00
  1.00000000e+00 1.00000000e+00 1.00000000e+00 1.00000000e+00
  0.00000000e+00]]
