[[1.00000000e+00 3.92696048e-17 6.04379974e-53 ... 1.65250028e-57
  6.93724470e-20 1.00000000e+00]
 [3.92696048e-17 1.00000000e+00 4.05736533e-69 ... 5.87115062e-56
  4.98630880e-31 1.00000000e+00]
 [6.04379974e-53 4.05736533e-69 1.00000000e+00 ... 7.92902082e-61
  8.41519421e-46 1.00000000e+00]
 ...
 [1.65250028e-57 5.87115062e-56 7.92902082e-61 ... 1.00000000e+00
  5.69679230e-56 1.00000000e+00]
 [6.93724470e-20 4.98630880e-31 8.41519421e-46 ... 5.69679230e-56
  1.00000000e+00 1.00000000e+00]
 [1.00000000e+00 1.00000000e+00 1.00000000e+00 ... 1.00000000e+00
  1.00000000e+00 0.00000000e+00]]
