[[1.00000000e+000 9.06193493e-040 2.54999138e-031 2.24765351e-035
  2.78400938e-009 2.16170547e-035 1.14376365e-018 4.89191301e-040
  1.13621869e-046 8.46587431e-029 1.06592903e-049 8.30517663e-044
  7.57006678e-014 2.48743413e-036 5.56744438e-025 5.18185219e-038
  6.06560156e-007 3.65381641e-031 2.35133165e-031 2.53489576e-035
  1.00000000e+000]
 [9.06193493e-040 1.00000000e+000 2.61356109e-020 7.42814308e-043
  6.93869461e-021 3.12466389e-064 4.46676862e-035 8.11224312e-020
  3.75667397e-023 4.07511155e-061 3.49292691e-057 3.29791855e-041
  4.71806501e-055 1.11697830e-018 3.90335439e-048 1.74947937e-012
  2.20313093e-046 2.89680573e-032 1.79009566e-056 1.26248579e-039
  1.00000000e+000]
 [2.54999138e-031 2.61356109e-020 1.00000000e+000 7.45690385e-043
  1.22371021e-016 2.72246358e-052 4.65472807e-025 2.46226405e-032
  1.96823790e-034 1.70897453e-055 1.21280062e-058 8.49338221e-050
  8.49527958e-047 1.77467062e-023 4.56989634e-027 1.62540881e-024
  1.62978469e-028 3.30648222e-019 3.61742704e-020 4.99341902e-009
  1.00000000e+000]
 [2.24765351e-035 7.42814308e-043 7.45690385e-043 1.00000000e+000
  6.32707978e-035 6.79137069e-011 4.26108102e-014 2.45910566e-079
  3.10624241e-034 1.63756465e-061 1.54343395e-006 1.22422787e-024
  6.11528888e-064 2.67523439e-052 4.34527071e-024 1.81234908e-036
  4.15115899e-036 4.39576639e-026 4.25259245e-060 3.46833357e-069
  1.00000000e+000]
 [2.78400938e-009 6.93869461e-021 1.22371021e-016 6.32707978e-035
  1.00000000e+000 2.69317028e-035 8.18704066e-014 1.57518889e-026
  8.76174382e-045 7.02721870e-023 8.25154743e-049 1.72151854e-055
  8.27119251e-026 2.79350356e-026 6.81988420e-021 3.05493931e-020
  1.76413395e-015 1.62712488e-014 8.54546819e-033 6.35754955e-027
  1.00000000e+000]
 [2.16170547e-035 3.12466389e-064 2.72246358e-052 6.79137069e-011
  2.69317028e-035 1.00000000e+000 4.50153049e-021 1.10940641e-106
  8.69494886e-073 1.80353783e-062 5.85241728e-017 3.58496068e-053
  5.53583546e-075 1.09162067e-067 9.74959878e-030 6.37950554e-055
  8.23467042e-031 1.10500458e-023 3.79306442e-075 1.56729396e-075
  1.00000000e+000]
 [1.14376365e-018 4.46676862e-035 4.65472807e-025 4.26108102e-014
  8.18704066e-014 4.50153049e-021 1.00000000e+000 1.65035939e-046
  3.62380264e-034 7.15157660e-021 3.51939011e-018 3.26070430e-044
  2.24428247e-040 2.73418537e-034 1.27863111e-003 3.12727620e-019
  3.17058738e-028 3.40255665e-018 7.74186958e-030 5.81220458e-039
  1.00000000e+000]
 [4.89191301e-040 8.11224312e-020 2.46226405e-032 2.45910566e-079
  1.57518889e-026 1.10940641e-106 1.65035939e-046 1.00000000e+000
  1.80485947e-033 1.13520838e-046 7.32845131e-098 6.36124396e-070
  3.14169778e-032 1.13590052e-034 8.80746912e-055 8.44377711e-028
  1.31350261e-056 1.12081463e-054 2.46785121e-039 1.18298477e-040
  1.00000000e+000]
 [1.13621869e-046 3.75667397e-023 1.96823790e-034 3.10624241e-034
  8.76174382e-045 8.69494886e-073 3.62380264e-034 1.80485947e-033
  1.00000000e+000 5.85963447e-074 2.64628854e-044 4.61747407e-015
  7.17534795e-052 3.34102742e-032 2.44219454e-042 2.30373984e-026
  1.47733483e-056 1.07546288e-056 6.08556034e-041 1.69019720e-050
  1.00000000e+000]
 [8.46587431e-029 4.07511155e-061 1.70897453e-055 1.63756465e-061
  7.02721870e-023 1.80353783e-062 7.15157660e-021 1.13520838e-046
  5.85963447e-074 1.00000000e+000 4.27026962e-060 4.71839567e-101
  1.08691472e-047 5.98881350e-048 7.60929248e-020 2.95732813e-032
  1.13642123e-054 2.98346013e-051 6.59133512e-050 1.59975126e-056
  1.00000000e+000]
 [1.06592903e-049 3.49292691e-057 1.21280062e-058 1.54343395e-006
  8.25154743e-049 5.85241728e-017 3.51939011e-018 7.32845131e-098
  2.64628854e-044 4.27026962e-060 1.00000000e+000 1.75408382e-037
  3.23377511e-090 2.05314258e-052 4.84732825e-024 3.13382269e-036
  5.28801720e-058 5.95058068e-045 2.81687609e-076 2.12987727e-080
  1.00000000e+000]
 [8.30517663e-044 3.29791855e-041 8.49338221e-050 1.22422787e-024
  1.72151854e-055 3.58496068e-053 3.26070430e-044 6.36124396e-070
  4.61747407e-015 4.71839567e-101 1.75408382e-037 1.00000000e+000
  3.27853152e-058 4.30332843e-048 2.85288460e-056 3.83976223e-051
  3.80082266e-043 1.57937235e-062 1.30920052e-060 9.98019708e-068
  1.00000000e+000]
 [7.57006678e-014 4.71806501e-055 8.49527958e-047 6.11528888e-064
  8.27119251e-026 5.53583546e-075 2.24428247e-040 3.14169778e-032
  7.17534795e-052 1.08691472e-047 3.23377511e-090 3.27853152e-058
  1.00000000e+000 3.10734129e-067 4.28575601e-049 1.28146756e-064
  5.07659385e-020 2.32269938e-049 7.35916313e-029 2.16314064e-053
  1.00000000e+000]
 [2.48743413e-036 1.11697830e-018 1.77467062e-023 2.67523439e-052
  2.79350356e-026 1.09162067e-067 2.73418537e-034 1.13590052e-034
  3.34102742e-032 5.98881350e-048 2.05314258e-052 4.30332843e-048
  3.10734129e-067 1.00000000e+000 5.43417334e-036 3.65085619e-010
  2.81829097e-050 8.91271479e-055 5.71167272e-050 1.54627465e-021
  1.00000000e+000]
 [5.56744438e-025 3.90335439e-048 4.56989634e-027 4.34527071e-024
  6.81988420e-021 9.74959878e-030 1.27863111e-003 8.80746912e-055
  2.44219454e-042 7.60929248e-020 4.84732825e-024 2.85288460e-056
  4.28575601e-049 5.43417334e-036 1.00000000e+000 4.55854202e-024
  2.32959234e-036 9.42637047e-028 6.44263722e-025 1.02704230e-033
  1.00000000e+000]
 [5.18185219e-038 1.74947937e-012 1.62540881e-024 1.81234908e-036
  3.05493931e-020 6.37950554e-055 3.12727620e-019 8.44377711e-028
  2.30373984e-026 2.95732813e-032 3.13382269e-036 3.83976223e-051
  1.28146756e-064 3.65085619e-010 4.55854202e-024 1.00000000e+000
  2.85811652e-055 1.97911806e-037 1.41501540e-050 1.16893993e-035
  1.00000000e+000]
 [6.06560156e-007 2.20313093e-046 1.62978469e-028 4.15115899e-036
  1.76413395e-015 8.23467042e-031 3.17058738e-028 1.31350261e-056
  1.47733483e-056 1.13642123e-054 5.28801720e-058 3.80082266e-043
  5.07659385e-020 2.81829097e-050 2.32959234e-036 2.85811652e-055
  1.00000000e+000 7.46413400e-025 1.06528548e-034 7.65143520e-037
  1.00000000e+000]
 [3.65381641e-031 2.89680573e-032 3.30648222e-019 4.39576639e-026
  1.62712488e-014 1.10500458e-023 3.40255665e-018 1.12081463e-054
  1.07546288e-056 2.98346013e-051 5.95058068e-045 1.57937235e-062
  2.32269938e-049 8.91271479e-055 9.42637047e-028 1.97911806e-037
  7.46413400e-025 1.00000000e+000 3.32275928e-044 6.57402221e-045
  1.00000000e+000]
 [2.35133165e-031 1.79009566e-056 3.61742704e-020 4.25259245e-060
  8.54546819e-033 3.79306442e-075 7.74186958e-030 2.46785121e-039
  6.08556034e-041 6.59133512e-050 2.81687609e-076 1.30920052e-060
  7.35916313e-029 5.71167272e-050 6.44263722e-025 1.41501540e-050
  1.06528548e-034 3.32275928e-044 1.00000000e+000 1.41037984e-018
  1.00000000e+000]
 [2.53489576e-035 1.26248579e-039 4.99341902e-009 3.46833357e-069
  6.35754955e-027 1.56729396e-075 5.81220458e-039 1.18298477e-040
  1.69019720e-050 1.59975126e-056 2.12987727e-080 9.98019708e-068
  2.16314064e-053 1.54627465e-021 1.02704230e-033 1.16893993e-035
  7.65143520e-037 6.57402221e-045 1.41037984e-018 1.00000000e+000
  1.00000000e+000]
 [1.00000000e+000 1.00000000e+000 1.00000000e+000 1.00000000e+000
  1.00000000e+000 1.00000000e+000 1.00000000e+000 1.00000000e+000
  1.00000000e+000 1.00000000e+000 1.00000000e+000 1.00000000e+000
  1.00000000e+000 1.00000000e+000 1.00000000e+000 1.00000000e+000
  1.00000000e+000 1.00000000e+000 1.00000000e+000 1.00000000e+000
  0.00000000e+000]]
