[[1.00000000e+000 2.85526447e-086 7.42547498e-092 2.59325723e-041
  3.40851235e-057 2.47670803e-016 7.02503250e-030 8.79768154e-077
  7.63513515e-098 2.44113849e-034 7.93396158e-057 1.49726900e-074
  5.57852042e-070 8.47634449e-042 1.46133929e-089 1.95522488e-064
  5.22504275e-050 5.28724913e-022 5.97724918e-040 9.77674034e-044
  1.00000000e+000]
 [2.85526447e-086 1.00000000e+000 4.53150633e-042 1.85671590e-061
  8.19019358e-048 6.31456016e-072 2.85450813e-094 1.40630346e-053
  1.65782108e-024 4.79958312e-032 2.10997638e-020 1.11041167e-076
  3.37817668e-032 1.58742741e-062 5.62783195e-014 2.00812475e-067
  3.78496812e-036 4.42244902e-100 4.85877638e-063 1.19166828e-042
  1.00000000e+000]
 [7.42547498e-092 4.53150633e-042 1.00000000e+000 1.49755370e-083
  1.80729566e-036 5.19669191e-047 2.54386269e-056 7.48168511e-052
  7.07524431e-026 9.46024535e-057 2.00119900e-050 1.91821282e-022
  6.13991154e-015 5.57011763e-066 6.46096471e-018 7.10321708e-012
  6.88790436e-024 2.30651548e-092 9.96985619e-058 4.94347095e-053
  1.00000000e+000]
 [2.59325723e-041 1.85671590e-061 1.49755370e-083 1.00000000e+000
  2.22812909e-062 5.06349464e-065 3.08023186e-076 1.31647552e-054
  4.17901702e-052 4.12288708e-035 9.68461141e-026 8.90548397e-052
  6.83133829e-063 2.13346357e-018 5.74309320e-084 5.60229249e-075
  7.63231842e-067 1.81026093e-045 6.62402828e-022 3.62581404e-008
  1.00000000e+000]
 [3.40851235e-057 8.19019358e-048 1.80729566e-036 2.22812909e-062
  1.00000000e+000 2.19645273e-047 9.97018781e-060 4.60706595e-022
  1.83337820e-045 9.36455630e-048 1.62584162e-057 5.00958940e-063
  4.54431472e-045 9.85983854e-054 1.53542691e-025 2.74212224e-037
  1.55877481e-044 3.00271714e-085 1.36761513e-018 1.71125459e-058
  1.00000000e+000]
 [2.47670803e-016 6.31456016e-072 5.19669191e-047 5.06349464e-065
  2.19645273e-047 1.00000000e+000 2.49771602e-012 4.20813509e-074
  5.02923371e-075 4.06501308e-037 3.46600767e-057 1.84470602e-045
  5.16782405e-037 1.50292097e-053 1.53359620e-058 4.65898419e-028
  4.03067807e-021 3.00457271e-031 5.36180547e-051 2.95897018e-049
  1.00000000e+000]
 [7.02503250e-030 2.85450813e-094 2.54386269e-056 3.08023186e-076
  9.97018781e-060 2.49771602e-012 1.00000000e+000 1.93494579e-061
  2.60516600e-079 9.71926970e-040 6.25026967e-067 2.93439576e-050
  2.60469466e-053 2.94346644e-057 1.82054996e-074 2.95849965e-024
  6.79105445e-027 8.61534947e-023 1.00233623e-066 3.64982353e-066
  1.00000000e+000]
 [8.79768154e-077 1.40630346e-053 7.48168511e-052 1.31647552e-054
  4.60706595e-022 4.20813509e-074 1.93494579e-061 1.00000000e+000
  8.63674834e-040 2.50720707e-034 1.00862116e-042 2.37055313e-069
  8.54264249e-067 6.88753207e-039 6.32163418e-039 2.99159528e-043
  2.34357000e-057 9.73195401e-070 9.82272488e-035 5.80070620e-059
  1.00000000e+000]
 [7.63513515e-098 1.65782108e-024 7.07524431e-026 4.17901702e-052
  1.83337820e-045 5.02923371e-075 2.60516600e-079 8.63674834e-040
  1.00000000e+000 1.83035097e-051 1.09753231e-034 6.83640932e-041
  1.05252746e-016 3.30220833e-065 5.36293801e-028 1.52527502e-044
  1.46991687e-027 5.45269799e-101 2.93192050e-050 7.01300861e-038
  1.00000000e+000]
 [2.44113849e-034 4.79958312e-032 9.46024535e-057 4.12288708e-035
  9.36455630e-048 4.06501308e-037 9.71926970e-040 2.50720707e-034
  1.83035097e-051 1.00000000e+000 1.92138945e-009 1.03116798e-061
  7.47956307e-054 7.26512367e-018 1.53533777e-039 1.06238702e-045
  7.03741285e-037 3.08138961e-024 8.67769821e-048 1.30827548e-028
  1.00000000e+000]
 [7.93396158e-057 2.10997638e-020 2.00119900e-050 9.68461141e-026
  1.62584162e-057 3.46600767e-057 6.25026967e-067 1.00862116e-042
  1.09753231e-034 1.92138945e-009 1.00000000e+000 1.48352814e-050
  4.58940112e-045 5.38718419e-018 2.72732758e-037 2.69727855e-053
  7.65332932e-043 6.18733710e-045 6.54124103e-048 9.55514555e-015
  1.00000000e+000]
 [1.49726900e-074 1.11041167e-076 1.91821282e-022 8.90548397e-052
  5.00958940e-063 1.84470602e-045 2.93439576e-050 2.37055313e-069
  6.83640932e-041 1.03116798e-061 1.48352814e-050 1.00000000e+000
  1.05574409e-027 2.25240064e-044 8.83627557e-063 2.29878359e-017
  9.61449969e-040 1.36516330e-062 3.12677180e-048 2.77724703e-029
  1.00000000e+000]
 [5.57852042e-070 3.37817668e-032 6.13991154e-015 6.83133829e-063
  4.54431472e-045 5.16782405e-037 2.60469466e-053 8.54264249e-067
  1.05252746e-016 7.47956307e-054 4.58940112e-045 1.05574409e-027
  1.00000000e+000 1.42370425e-072 3.42068653e-028 3.15744428e-029
  4.68931907e-009 1.44197733e-086 1.18846645e-052 5.18181506e-038
  1.00000000e+000]
 [8.47634449e-042 1.58742741e-062 5.57011763e-066 2.13346357e-018
  9.85983854e-054 1.50292097e-053 2.94346644e-057 6.88753207e-039
  3.30220833e-065 7.26512367e-018 5.38718419e-018 2.25240064e-044
  1.42370425e-072 1.00000000e+000 1.65475447e-066 1.71441842e-048
  4.57126850e-068 2.65026325e-025 1.92026773e-030 3.02321815e-017
  1.00000000e+000]
 [1.46133929e-089 5.62783195e-014 6.46096471e-018 5.74309320e-084
  1.53542691e-025 1.53359620e-058 1.82054996e-074 6.32163418e-039
  5.36293801e-028 1.53533777e-039 2.72732758e-037 8.83627557e-063
  3.42068653e-028 1.65475447e-066 1.00000000e+000 3.30027263e-037
  2.76144723e-030 1.43628902e-101 2.11379347e-058 5.71843236e-060
  1.00000000e+000]
 [1.95522488e-064 2.00812475e-067 7.10321708e-012 5.60229249e-075
  2.74212224e-037 4.65898419e-028 2.95849965e-024 2.99159528e-043
  1.52527502e-044 1.06238702e-045 2.69727855e-053 2.29878359e-017
  3.15744428e-029 1.71441842e-048 3.30027263e-037 1.00000000e+000
  4.38616745e-025 1.39492005e-053 1.17071357e-051 1.88600371e-052
  1.00000000e+000]
 [5.22504275e-050 3.78496812e-036 6.88790436e-024 7.63231842e-067
  1.55877481e-044 4.03067807e-021 6.79105445e-027 2.34357000e-057
  1.46991687e-027 7.03741285e-037 7.65332932e-043 9.61449969e-040
  4.68931907e-009 4.57126850e-068 2.76144723e-030 4.38616745e-025
  1.00000000e+000 4.85568684e-060 2.04896645e-059 2.31755536e-046
  1.00000000e+000]
 [5.28724913e-022 4.42244902e-100 2.30651548e-092 1.81026093e-045
  3.00271714e-085 3.00457271e-031 8.61534947e-023 9.73195401e-070
  5.45269799e-101 3.08138961e-024 6.18733710e-045 1.36516330e-062
  1.44197733e-086 2.65026325e-025 1.43628902e-101 1.39492005e-053
  4.85568684e-060 1.00000000e+000 3.52062803e-065 1.87759621e-044
  1.00000000e+000]
 [5.97724918e-040 4.85877638e-063 9.96985619e-058 6.62402828e-022
  1.36761513e-018 5.36180547e-051 1.00233623e-066 9.82272488e-035
  2.93192050e-050 8.67769821e-048 6.54124103e-048 3.12677180e-048
  1.18846645e-052 1.92026773e-030 2.11379347e-058 1.17071357e-051
  2.04896645e-059 3.52062803e-065 1.00000000e+000 1.56109229e-027
  1.00000000e+000]
 [9.77674034e-044 1.19166828e-042 4.94347095e-053 3.62581404e-008
  1.71125459e-058 2.95897018e-049 3.64982353e-066 5.80070620e-059
  7.01300861e-038 1.30827548e-028 9.55514555e-015 2.77724703e-029
  5.18181506e-038 3.02321815e-017 5.71843236e-060 1.88600371e-052
  2.31755536e-046 1.87759621e-044 1.56109229e-027 1.00000000e+000
  1.00000000e+000]
 [1.00000000e+000 1.00000000e+000 1.00000000e+000 1.00000000e+000
  1.00000000e+000 1.00000000e+000 1.00000000e+000 1.00000000e+000
  1.00000000e+000 1.00000000e+000 1.00000000e+000 1.00000000e+000
  1.00000000e+000 1.00000000e+000 1.00000000e+000 1.00000000e+000
  1.00000000e+000 1.00000000e+000 1.00000000e+000 1.00000000e+000
  0.00000000e+000]]
