[[1.00000000e+000 7.81729366e-077 1.19503535e-052 8.75907967e-018
  5.58276111e-030 4.22264405e-058 2.41322455e-056 2.85607958e-074
  6.13902695e-069 1.30952047e-024 2.21447193e-095 6.28752511e-085
  3.85390753e-073 3.47811406e-041 3.59028824e-060 4.26521540e-051
  8.92859537e-079 8.37642417e-039 7.74009787e-056 1.10310658e-027
  1.00000000e+000]
 [7.81729366e-077 1.00000000e+000 1.80324673e-062 4.01628039e-069
  3.44317405e-044 3.24629788e-037 2.01465275e-027 4.92140932e-094
  1.34209629e-034 3.52211266e-075 2.73748579e-072 6.57671789e-010
  2.38022310e-058 6.63015280e-036 2.60261202e-053 7.61348387e-012
  8.24132599e-046 4.44030496e-052 7.23165049e-041 5.76597485e-071
  1.00000000e+000]
 [1.19503535e-052 1.80324673e-062 1.00000000e+000 4.35170992e-027
  1.18262811e-082 2.30850490e-023 9.76237106e-080 5.69840827e-021
  2.23252237e-057 1.51885927e-032 5.87986010e-023 2.99824560e-052
  2.58726180e-028 4.78188048e-017 1.12647776e-054 3.96372287e-078
  2.57638811e-065 1.03524656e-025 4.81019585e-049 2.35251583e-015
  1.00000000e+000]
 [8.75907967e-018 4.01628039e-069 4.35170992e-027 1.00000000e+000
  1.61831917e-042 5.59634449e-041 1.64501906e-076 1.39350598e-060
  1.95661652e-075 1.37083651e-023 1.48310086e-070 3.97635077e-076
  5.95260878e-067 3.57548182e-043 3.25326520e-065 4.26439280e-064
  8.55498001e-070 4.45467095e-009 2.80799480e-067 4.32750441e-018
  1.00000000e+000]
 [5.58276111e-030 3.44317405e-044 1.18262811e-082 1.61831917e-042
  1.00000000e+000 1.85012135e-057 2.06168364e-038 3.34589801e-109
  2.57931686e-071 1.41107602e-051 3.67722043e-129 2.39535924e-075
  4.61964596e-093 6.59036647e-059 1.04690340e-055 4.07522470e-034
  2.90949568e-083 8.02862556e-046 9.11170106e-081 1.13843078e-060
  1.00000000e+000]
 [4.22264405e-058 3.24629788e-037 2.30850490e-023 5.59634449e-041
  1.85012135e-057 1.00000000e+000 3.45826480e-078 4.87624174e-043
  1.23498059e-023 1.06919339e-026 2.89532614e-022 7.01833145e-035
  1.49941272e-025 4.53704305e-027 1.40459562e-017 2.72331416e-053
  1.02826946e-042 1.69570584e-022 8.76637508e-032 5.66578045e-034
  1.00000000e+000]
 [2.41322455e-056 2.01465275e-027 9.76237106e-080 1.64501906e-076
  2.06168364e-038 3.45826480e-078 1.00000000e+000 1.61782291e-091
  5.51075025e-059 1.88367640e-079 1.18942184e-113 1.10521426e-043
  7.95896328e-070 1.71973736e-034 3.22812927e-074 5.16247893e-018
  4.61353374e-069 1.08845228e-086 2.07134134e-061 2.14752233e-065
  1.00000000e+000]
 [2.85607958e-074 4.92140932e-094 5.69840827e-021 1.39350598e-060
  3.34589801e-109 4.87624174e-043 1.61782291e-091 1.00000000e+000
  5.00782616e-055 4.31753455e-030 1.72403808e-028 1.16404099e-087
  6.08004072e-012 8.35922964e-032 4.73665692e-044 5.25840988e-106
  3.37558814e-057 8.40869797e-066 4.10382273e-072 1.11899454e-015
  1.00000000e+000]
 [6.13902695e-069 1.34209629e-034 2.23252237e-057 1.95661652e-075
  2.57931686e-071 1.23498059e-023 5.51075025e-059 5.00782616e-055
  1.00000000e+000 2.34776402e-036 1.39398212e-032 7.34700663e-030
  6.82430423e-019 6.47703178e-035 4.77303361e-013 2.96281280e-033
  6.38012877e-016 5.75566915e-063 1.73271131e-018 3.65914254e-049
  1.00000000e+000]
 [1.30952047e-024 3.52211266e-075 1.51885927e-032 1.37083651e-023
  1.41107602e-051 1.06919339e-026 1.88367640e-079 4.31753455e-030
  2.34776402e-036 1.00000000e+000 2.31538055e-044 9.01354603e-080
  5.61240591e-028 1.21452440e-038 3.11179010e-020 7.93921371e-067
  4.22840498e-038 1.96633531e-029 5.70134486e-051 9.22660108e-010
  1.00000000e+000]
 [2.21447193e-095 2.73748579e-072 5.87986010e-023 1.48310086e-070
  3.67722043e-129 2.89532614e-022 1.18942184e-113 1.72403808e-028
  1.39398212e-032 2.31538055e-044 1.00000000e+000 1.37057993e-048
  1.08836414e-015 2.00618132e-035 5.78169497e-042 1.37847063e-090
  1.93268030e-044 3.44485416e-055 4.39849396e-036 4.02927582e-040
  1.00000000e+000]
 [6.28752511e-085 6.57671789e-010 2.99824560e-052 3.97635077e-076
  2.39535924e-075 7.01833145e-035 1.10521426e-043 1.16404099e-087
  7.34700663e-030 9.01354603e-080 1.37057993e-048 1.00000000e+000
  1.71489191e-050 5.83129193e-028 4.40735403e-060 7.08530532e-021
  9.84690879e-049 1.56286960e-058 8.49282881e-021 1.27862926e-072
  1.00000000e+000]
 [3.85390753e-073 2.38022310e-058 2.58726180e-028 5.95260878e-067
  4.61964596e-093 1.49941272e-025 7.95896328e-070 6.08004072e-012
  6.82430423e-019 5.61240591e-028 1.08836414e-015 1.71489191e-050
  1.00000000e+000 1.18826028e-023 1.27644166e-020 1.19642015e-067
  3.77226800e-027 3.76361429e-062 7.90446069e-039 3.77998824e-024
  1.00000000e+000]
 [3.47811406e-041 6.63015280e-036 4.78188048e-017 3.57548182e-043
  6.59036647e-059 4.53704305e-027 1.71973736e-034 8.35922964e-032
  6.47703178e-035 1.21452440e-038 2.00618132e-035 5.83129193e-028
  1.18826028e-023 1.00000000e+000 1.12884442e-042 1.05731086e-039
  1.60783572e-057 2.39090876e-046 1.94028409e-023 4.30745670e-025
  1.00000000e+000]
 [3.59028824e-060 2.60261202e-053 1.12647776e-054 3.25326520e-065
  1.04690340e-055 1.40459562e-017 3.22812927e-074 4.73665692e-044
  4.77303361e-013 3.11179010e-020 5.78169497e-042 4.40735403e-060
  1.27644166e-020 1.12884442e-042 1.00000000e+000 9.12794518e-056
  5.29938906e-030 8.66249369e-054 1.30600295e-042 2.97385959e-039
  1.00000000e+000]
 [4.26521540e-051 7.61348387e-012 3.96372287e-078 4.26439280e-064
  4.07522470e-034 2.72331416e-053 5.16247893e-018 5.25840988e-106
  2.96281280e-033 7.93921371e-067 1.37847063e-090 7.08530532e-021
  1.19642015e-067 1.05731086e-039 9.12794518e-056 1.00000000e+000
  6.40435099e-044 5.92897250e-061 1.28927452e-032 9.25306120e-069
  1.00000000e+000]
 [8.92859537e-079 8.24132599e-046 2.57638811e-065 8.55498001e-070
  2.90949568e-083 1.02826946e-042 4.61353374e-069 3.37558814e-057
  6.38012877e-016 4.22840498e-038 1.93268030e-044 9.84690879e-049
  3.77226800e-027 1.60783572e-057 5.29938906e-030 6.40435099e-044
  1.00000000e+000 1.65551510e-060 3.46204175e-048 1.38761232e-044
  1.00000000e+000]
 [8.37642417e-039 4.44030496e-052 1.03524656e-025 4.45467095e-009
  8.02862556e-046 1.69570584e-022 1.08845228e-086 8.40869797e-066
  5.75566915e-063 1.96633531e-029 3.44485416e-055 1.56286960e-058
  3.76361429e-062 2.39090876e-046 8.66249369e-054 5.92897250e-061
  1.65551510e-060 1.00000000e+000 6.81169220e-062 3.61455681e-029
  1.00000000e+000]
 [7.74009787e-056 7.23165049e-041 4.81019585e-049 2.80799480e-067
  9.11170106e-081 8.76637508e-032 2.07134134e-061 4.10382273e-072
  1.73271131e-018 5.70134486e-051 4.39849396e-036 8.49282881e-021
  7.90446069e-039 1.94028409e-023 1.30600295e-042 1.28927452e-032
  3.46204175e-048 6.81169220e-062 1.00000000e+000 2.83940512e-056
  1.00000000e+000]
 [1.10310658e-027 5.76597485e-071 2.35251583e-015 4.32750441e-018
  1.13843078e-060 5.66578045e-034 2.14752233e-065 1.11899454e-015
  3.65914254e-049 9.22660108e-010 4.02927582e-040 1.27862926e-072
  3.77998824e-024 4.30745670e-025 2.97385959e-039 9.25306120e-069
  1.38761232e-044 3.61455681e-029 2.83940512e-056 1.00000000e+000
  1.00000000e+000]
 [1.00000000e+000 1.00000000e+000 1.00000000e+000 1.00000000e+000
  1.00000000e+000 1.00000000e+000 1.00000000e+000 1.00000000e+000
  1.00000000e+000 1.00000000e+000 1.00000000e+000 1.00000000e+000
  1.00000000e+000 1.00000000e+000 1.00000000e+000 1.00000000e+000
  1.00000000e+000 1.00000000e+000 1.00000000e+000 1.00000000e+000
  0.00000000e+000]]
