[[1.00000000e+00 9.07203225e-21 3.67646318e-60 ... 5.58721252e-55
  1.94429758e-26 1.00000000e+00]
 [9.07203225e-21 1.00000000e+00 7.43839255e-38 ... 4.85899853e-57
  9.67485816e-24 1.00000000e+00]
 [3.67646318e-60 7.43839255e-38 1.00000000e+00 ... 4.27431089e-67
  8.01122417e-45 1.00000000e+00]
 ...
 [5.58721252e-55 4.85899853e-57 4.27431089e-67 ... 1.00000000e+00
  8.93430672e-57 1.00000000e+00]
 [1.94429758e-26 9.67485816e-24 8.01122417e-45 ... 8.93430672e-57
  1.00000000e+00 1.00000000e+00]
 [1.00000000e+00 1.00000000e+00 1.00000000e+00 ... 1.00000000e+00
  1.00000000e+00 0.00000000e+00]]
