[[1.00000000e+000 3.85561251e-027 8.13418090e-035 2.57287130e-053
  1.02207802e-028 1.50177140e-027 3.66867486e-047 5.22901588e-077
  3.72369907e-013 1.92843700e-038 7.31403208e-023 3.75239237e-053
  2.50982410e-073 1.56316415e-062 1.11165119e-050 1.27800052e-036
  6.27230307e-048 4.69953891e-038 2.89275932e-032 1.22085242e-051
  1.00000000e+000]
 [3.85561251e-027 1.00000000e+000 7.70740876e-049 2.26508591e-052
  8.48388250e-050 7.16457315e-061 1.73621827e-071 1.16147666e-029
  1.00906829e-004 5.34969862e-040 1.49544098e-030 2.97654918e-029
  2.99138489e-041 3.15014167e-022 1.02269234e-064 1.78682885e-042
  2.73954371e-019 6.55958632e-052 1.57833507e-084 1.74604194e-038
  1.00000000e+000]
 [8.13418090e-035 7.70740876e-049 1.00000000e+000 5.04236369e-026
  1.69822170e-037 6.54373407e-031 3.26574113e-044 7.60764383e-070
  1.45185370e-038 3.23602176e-021 3.88820586e-043 3.07692878e-020
  3.96637863e-047 2.63465274e-085 1.96903974e-027 3.05131788e-041
  4.26636717e-039 1.63082078e-032 2.02205321e-033 8.14213911e-027
  1.00000000e+000]
 [2.57287130e-053 2.26508591e-052 5.04236369e-026 1.00000000e+000
  2.15316826e-061 9.16282467e-047 3.39159072e-104 1.17324373e-045
  1.03728778e-045 3.64958718e-018 9.57172769e-047 6.22888491e-023
  6.26726352e-071 1.10948576e-053 5.21505796e-013 1.72347195e-047
  3.93622036e-031 4.30914093e-072 1.30825558e-047 5.22379760e-058
  1.00000000e+000]
 [1.02207802e-028 8.48388250e-050 1.69822170e-037 2.15316826e-061
  1.00000000e+000 7.90376779e-039 2.20795537e-019 1.28852886e-092
  1.75729783e-042 1.18833980e-071 1.11394827e-046 1.26728395e-068
  1.45675146e-069 2.13822439e-097 2.00300792e-077 9.75637575e-024
  4.65503983e-048 1.78229825e-019 2.57309722e-020 1.83489791e-058
  1.00000000e+000]
 [1.50177140e-027 7.16457315e-061 6.54373407e-031 9.16282467e-047
  7.90376779e-039 1.00000000e+000 1.36680351e-044 7.97536946e-090
  6.42372445e-051 4.75384777e-026 1.88402953e-061 9.20955046e-054
  3.49517271e-075 7.66935968e-094 7.98842323e-060 3.23684849e-059
  5.62662881e-074 1.63190249e-044 1.35277979e-034 7.79462972e-033
  1.00000000e+000]
 [3.66867486e-047 1.73621827e-071 3.26574113e-044 3.39159072e-104
  2.20795537e-019 1.36680351e-044 1.00000000e+000 4.04693285e-118
  1.77761258e-065 4.12027419e-087 1.62219890e-070 7.28343452e-080
  2.46532115e-057 1.97389633e-134 8.20223325e-113 2.61521029e-046
  7.54078685e-077 4.24202108e-012 9.24689029e-051 1.79680339e-047
  1.00000000e+000]
 [5.22901588e-077 1.16147666e-029 7.60764383e-070 1.17324373e-045
  1.28852886e-092 7.97536946e-090 4.04693285e-118 1.00000000e+000
  4.58525903e-039 6.64294476e-044 4.04307935e-041 1.28961512e-021
  7.14000847e-027 3.66438713e-009 2.26103898e-056 1.92865322e-046
  2.81015541e-014 4.71340650e-071 1.61483841e-125 1.02989070e-064
  1.00000000e+000]
 [3.72369907e-013 1.00906829e-004 1.45185370e-038 1.03728778e-045
  1.75729783e-042 6.42372445e-051 1.77761258e-065 4.58525903e-039
  1.00000000e+000 3.57506390e-034 1.00853913e-017 1.47993208e-030
  2.54836454e-048 9.35797724e-028 6.52425949e-048 2.86388391e-034
  2.69976920e-021 5.59531390e-045 5.09589350e-063 5.70879122e-044
  1.00000000e+000]
 [1.92843700e-038 5.34969862e-040 3.23602176e-021 3.64958718e-018
  1.18833980e-071 4.75384777e-026 4.12027419e-087 6.64294476e-044
  3.57506390e-034 1.00000000e+000 5.79520362e-046 4.15619817e-014
  1.31727012e-052 1.30995884e-049 1.33795656e-023 3.17480003e-061
  3.06684747e-042 4.11425965e-064 1.92505961e-064 2.65657309e-027
  1.00000000e+000]
 [7.31403208e-023 1.49544098e-030 3.88820586e-043 9.57172769e-047
  1.11394827e-046 1.88402953e-061 1.62219890e-070 4.04307935e-041
  1.00853913e-017 5.79520362e-046 1.00000000e+000 4.76301821e-039
  1.94881766e-046 3.23481851e-034 9.06110468e-031 3.60600138e-013
  1.88471467e-020 3.64516010e-033 8.16006604e-054 4.17246577e-078
  1.00000000e+000]
 [3.75239237e-053 2.97654918e-029 3.07692878e-020 6.22888491e-023
  1.26728395e-068 9.20955046e-054 7.28343452e-080 1.28961512e-021
  1.47993208e-030 4.15619817e-014 4.76301821e-039 1.00000000e+000
  3.69111142e-022 2.64631757e-037 1.57646038e-028 2.61809938e-045
  1.72455300e-017 8.96461986e-050 5.50620274e-082 5.22518006e-026
  1.00000000e+000]
 [2.50982410e-073 2.99138489e-041 3.96637863e-047 6.26726352e-071
  1.45675146e-069 3.49517271e-075 2.46532115e-057 7.14000847e-027
  2.54836454e-048 1.31727012e-052 1.94881766e-046 3.69111142e-022
  1.00000000e+000 4.38971087e-051 3.16064888e-074 7.99682315e-039
  9.92351346e-026 4.69044982e-029 3.78837473e-112 2.53177330e-038
  1.00000000e+000]
 [1.56316415e-062 3.15014167e-022 2.63465274e-085 1.10948576e-053
  2.13822439e-097 7.66935968e-094 1.97389633e-134 3.66438713e-009
  9.35797724e-028 1.30995884e-049 3.23481851e-034 2.64631757e-037
  4.38971087e-051 1.00000000e+000 2.01997084e-060 1.22478856e-052
  1.10973549e-021 1.33676548e-086 6.28117802e-126 6.68409596e-082
  1.00000000e+000]
 [1.11165119e-050 1.02269234e-064 1.96903974e-027 5.21505796e-013
  2.00300792e-077 7.98842323e-060 8.20223325e-113 2.26103898e-056
  6.52425949e-048 1.33795656e-023 9.06110468e-031 1.57646038e-028
  3.16064888e-074 2.01997084e-060 1.00000000e+000 6.68778898e-045
  7.20047722e-038 1.13030349e-070 7.94454692e-051 1.36025115e-079
  1.00000000e+000]
 [1.27800052e-036 1.78682885e-042 3.05131788e-041 1.72347195e-047
  9.75637575e-024 3.23684849e-059 2.61521029e-046 1.92865322e-046
  2.86388391e-034 3.17480003e-061 3.60600138e-013 2.61809938e-045
  7.99682315e-039 1.22478856e-052 6.68778898e-045 1.00000000e+000
  2.96159856e-018 1.24091763e-015 4.37875516e-041 2.97454676e-076
  1.00000000e+000]
 [6.27230307e-048 2.73954371e-019 4.26636717e-039 3.93622036e-031
  4.65503983e-048 5.62662881e-074 7.54078685e-077 2.81015541e-014
  2.69976920e-021 3.06684747e-042 1.88471467e-020 1.72455300e-017
  9.92351346e-026 1.10973549e-021 7.20047722e-038 2.96159856e-018
  1.00000000e+000 7.23303443e-040 3.48802106e-074 4.74924471e-056
  1.00000000e+000]
 [4.69953891e-038 6.55958632e-052 1.63082078e-032 4.30914093e-072
  1.78229825e-019 1.63190249e-044 4.24202108e-012 4.71340650e-071
  5.59531390e-045 4.11425965e-064 3.64516010e-033 8.96461986e-050
  4.69044982e-029 1.33676548e-086 1.13030349e-070 1.24091763e-015
  7.23303443e-040 1.00000000e+000 2.06770813e-045 1.42501514e-049
  1.00000000e+000]
 [2.89275932e-032 1.57833507e-084 2.02205321e-033 1.30825558e-047
  2.57309722e-020 1.35277979e-034 9.24689029e-051 1.61483841e-125
  5.09589350e-063 1.92505961e-064 8.16006604e-054 5.50620274e-082
  3.78837473e-112 6.28117802e-126 7.94454692e-051 4.37875516e-041
  3.48802106e-074 2.06770813e-045 1.00000000e+000 3.29022349e-085
  1.00000000e+000]
 [1.22085242e-051 1.74604194e-038 8.14213911e-027 5.22379760e-058
  1.83489791e-058 7.79462972e-033 1.79680339e-047 1.02989070e-064
  5.70879122e-044 2.65657309e-027 4.17246577e-078 5.22518006e-026
  2.53177330e-038 6.68409596e-082 1.36025115e-079 2.97454676e-076
  4.74924471e-056 1.42501514e-049 3.29022349e-085 1.00000000e+000
  1.00000000e+000]
 [1.00000000e+000 1.00000000e+000 1.00000000e+000 1.00000000e+000
  1.00000000e+000 1.00000000e+000 1.00000000e+000 1.00000000e+000
  1.00000000e+000 1.00000000e+000 1.00000000e+000 1.00000000e+000
  1.00000000e+000 1.00000000e+000 1.00000000e+000 1.00000000e+000
  1.00000000e+000 1.00000000e+000 1.00000000e+000 1.00000000e+000
  0.00000000e+000]]
