[[1.00000000e+00 2.54875309e-47 3.80026184e-50 8.58013987e-14
  5.57028864e-35 3.36879650e-52 1.73519754e-35 7.24368514e-63
  1.05548431e-44 3.89978758e-28 1.66666126e-22 1.66927749e-35
  3.04338292e-20 1.10316311e-53 2.23232133e-14 4.62845392e-13
  1.26684589e-43 2.36410895e-33 2.65349974e-32 1.23241491e-52
  1.00000000e+00]
 [2.54875309e-47 1.00000000e+00 7.19318274e-81 2.31971889e-58
  2.75253326e-49 2.21908360e-03 1.90194091e-40 4.31644070e-61
  1.67178841e-16 1.12201525e-32 2.42235534e-38 5.65848369e-20
  5.76919918e-23 6.13840845e-52 9.75010409e-37 3.13680378e-22
  2.01096658e-38 2.83194326e-51 1.26046086e-58 1.78081508e-14
  1.00000000e+00]
 [3.80026184e-50 7.19318274e-81 1.00000000e+00 2.80138225e-67
  8.99926816e-59 4.33618821e-75 1.46375007e-55 1.36794481e-52
  5.21031111e-73 3.03007680e-55 9.97238651e-55 1.22370955e-80
  1.05804130e-33 2.38733165e-21 2.18884354e-55 2.58876097e-67
  1.49150048e-42 4.94934323e-60 6.09537100e-38 7.94731099e-82
  1.00000000e+00]
 [8.58013987e-14 2.31971889e-58 2.80138225e-67 1.00000000e+00
  1.15223645e-48 8.84862578e-61 2.55199389e-58 2.56583251e-51
  8.42775213e-55 2.67527461e-32 6.15103024e-23 2.80883431e-51
  1.59930145e-43 2.51937838e-60 1.10244564e-19 7.16426407e-33
  1.40520362e-49 7.58849179e-14 1.15421192e-24 7.89141380e-56
  1.00000000e+00]
 [5.57028864e-35 2.75253326e-49 8.99926816e-59 1.15223645e-48
  1.00000000e+00 1.45642577e-43 1.99293155e-40 1.41595502e-27
  3.82065943e-47 4.58121615e-56 1.04355251e-54 1.42854347e-63
  9.46059946e-39 1.84820875e-28 4.29412990e-39 6.26352176e-30
  3.80990505e-14 5.25008496e-47 5.62273215e-27 5.93776659e-37
  1.00000000e+00]
 [3.36879650e-52 2.21908360e-03 4.33618821e-75 8.84862578e-61
  1.45642577e-43 1.00000000e+00 2.22037493e-39 1.55524989e-55
  5.47409478e-25 4.57907035e-38 1.34463577e-40 1.50958801e-30
  3.49579430e-24 7.86726017e-39 3.11076213e-45 1.49965751e-29
  1.52697272e-32 2.31422845e-50 3.42386705e-57 1.25198938e-13
  1.00000000e+00]
 [1.73519754e-35 1.90194091e-40 1.46375007e-55 2.55199389e-58
  1.99293155e-40 2.22037493e-39 1.00000000e+00 2.60242514e-62
  1.85774225e-67 2.24323988e-16 7.47080352e-77 3.95236651e-74
  2.03836014e-11 2.34148319e-52 1.28076723e-27 4.14057656e-20
  6.83554703e-23 1.47040349e-82 1.33495949e-68 2.91798068e-73
  1.00000000e+00]
 [7.24368514e-63 4.31644070e-61 1.36794481e-52 2.56583251e-51
  1.41595502e-27 1.55524989e-55 2.60242514e-62 1.00000000e+00
  3.23383500e-48 1.37454641e-49 5.37491033e-66 8.67954536e-82
  7.38529945e-59 5.31114890e-30 8.54655220e-40 4.65656450e-58
  1.05448518e-12 3.67813903e-33 2.04155525e-14 1.71609417e-47
  1.00000000e+00]
 [1.05548431e-44 1.67178841e-16 5.21031111e-73 8.42775213e-55
  3.82065943e-47 5.47409478e-25 1.85774225e-67 3.23383500e-48
  1.00000000e+00 1.63284028e-45 5.20172051e-29 3.33556854e-09
  9.29553827e-38 1.29178082e-56 2.49290328e-31 2.34035175e-27
  8.32861433e-45 4.88005815e-37 1.86697783e-35 1.29117712e-12
  1.00000000e+00]
 [3.89978758e-28 1.12201525e-32 3.03007680e-55 2.67527461e-32
  4.58121615e-56 4.57907035e-38 2.24323988e-16 1.37454641e-49
  1.63284028e-45 1.00000000e+00 5.62412947e-53 5.49370159e-52
  1.10428005e-15 1.51242222e-60 6.53616251e-09 2.27649427e-18
  3.49950858e-29 4.46124441e-50 2.53149498e-48 3.00554623e-62
  1.00000000e+00]
 [1.66666126e-22 2.42235534e-38 9.97238651e-55 6.15103024e-23
  1.04355251e-54 1.34463577e-40 7.47080352e-77 5.37491033e-66
  5.20172051e-29 5.62412947e-53 1.00000000e+00 9.48350498e-18
  9.07508985e-38 1.36392570e-44 6.97290732e-39 1.91339209e-38
  1.44302921e-62 1.65622507e-14 3.81634849e-28 2.50347232e-26
  1.00000000e+00]
 [1.66927749e-35 5.65848369e-20 1.22370955e-80 2.80883431e-51
  1.42854347e-63 1.50958801e-30 3.95236651e-74 8.67954536e-82
  3.33556854e-09 5.49370159e-52 9.48350498e-18 1.00000000e+00
  8.21792207e-36 1.74514328e-70 7.40414166e-38 8.52089354e-27
  3.56368052e-69 2.18282449e-42 2.94555717e-51 6.02183709e-20
  1.00000000e+00]
 [3.04338292e-20 5.76919918e-23 1.05804130e-33 1.59930145e-43
  9.46059946e-39 3.49579430e-24 2.03836014e-11 7.38529945e-59
  9.29553827e-38 1.10428005e-15 9.07508985e-38 8.21792207e-36
  1.00000000e+00 2.08194933e-35 3.78220369e-21 3.44905158e-13
  4.48911650e-27 5.30600462e-55 3.01342013e-48 5.64682110e-45
  1.00000000e+00]
 [1.10316311e-53 6.13840845e-52 2.38733165e-21 2.51937838e-60
  1.84820875e-28 7.86726017e-39 2.34148319e-52 5.31114890e-30
  1.29178082e-56 1.51242222e-60 1.36392570e-44 1.74514328e-70
  2.08194933e-35 1.00000000e+00 2.48737751e-60 6.14402240e-60
  1.16526157e-21 2.95369747e-41 6.93036761e-28 2.77991516e-40
  1.00000000e+00]
 [2.23232133e-14 9.75010409e-37 2.18884354e-55 1.10244564e-19
  4.29412990e-39 3.11076213e-45 1.28076723e-27 8.54655220e-40
  2.49290328e-31 6.53616251e-09 6.97290732e-39 7.40414166e-38
  3.78220369e-21 2.48737751e-60 1.00000000e+00 2.13121849e-10
  2.26815958e-28 1.23150506e-34 9.65830635e-29 4.24482936e-51
  1.00000000e+00]
 [4.62845392e-13 3.13680378e-22 2.58876097e-67 7.16426407e-33
  6.26352176e-30 1.49965751e-29 4.14057656e-20 4.65656450e-58
  2.34035175e-27 2.27649427e-18 1.91339209e-38 8.52089354e-27
  3.44905158e-13 6.14402240e-60 2.13121849e-10 1.00000000e+00
  3.38797353e-31 7.20822919e-50 4.93952244e-45 1.89914285e-38
  1.00000000e+00]
 [1.26684589e-43 2.01096658e-38 1.49150048e-42 1.40520362e-49
  3.80990505e-14 1.52697272e-32 6.83554703e-23 1.05448518e-12
  8.32861433e-45 3.49950858e-29 1.44302921e-62 3.56368052e-69
  4.48911650e-27 1.16526157e-21 2.26815958e-28 3.38797353e-31
  1.00000000e+00 1.60639555e-46 5.13904443e-27 3.26745787e-42
  1.00000000e+00]
 [2.36410895e-33 2.83194326e-51 4.94934323e-60 7.58849179e-14
  5.25008496e-47 2.31422845e-50 1.47040349e-82 3.67813903e-33
  4.88005815e-37 4.46124441e-50 1.65622507e-14 2.18282449e-42
  5.30600462e-55 2.95369747e-41 1.23150506e-34 7.20822919e-50
  1.60639555e-46 1.00000000e+00 7.48209899e-11 7.26053808e-32
  1.00000000e+00]
 [2.65349974e-32 1.26046086e-58 6.09537100e-38 1.15421192e-24
  5.62273215e-27 3.42386705e-57 1.33495949e-68 2.04155525e-14
  1.86697783e-35 2.53149498e-48 3.81634849e-28 2.94555717e-51
  3.01342013e-48 6.93036761e-28 9.65830635e-29 4.93952244e-45
  5.13904443e-27 7.48209899e-11 1.00000000e+00 7.21642456e-38
  1.00000000e+00]
 [1.23241491e-52 1.78081508e-14 7.94731099e-82 7.89141380e-56
  5.93776659e-37 1.25198938e-13 2.91798068e-73 1.71609417e-47
  1.29117712e-12 3.00554623e-62 2.50347232e-26 6.02183709e-20
  5.64682110e-45 2.77991516e-40 4.24482936e-51 1.89914285e-38
  3.26745787e-42 7.26053808e-32 7.21642456e-38 1.00000000e+00
  1.00000000e+00]
 [1.00000000e+00 1.00000000e+00 1.00000000e+00 1.00000000e+00
  1.00000000e+00 1.00000000e+00 1.00000000e+00 1.00000000e+00
  1.00000000e+00 1.00000000e+00 1.00000000e+00 1.00000000e+00
  1.00000000e+00 1.00000000e+00 1.00000000e+00 1.00000000e+00
  1.00000000e+00 1.00000000e+00 1.00000000e+00 1.00000000e+00
  0.00000000e+00]]
