[[1.00000000e+00 5.36001420e-45 1.64799310e-47 ... 2.23998156e-26
  1.73229698e-34 1.00000000e+00]
 [5.36001420e-45 1.00000000e+00 4.45830558e-53 ... 2.35308445e-33
  2.37129318e-57 1.00000000e+00]
 [1.64799310e-47 4.45830558e-53 1.00000000e+00 ... 9.00918496e-56
  6.66995719e-19 1.00000000e+00]
 ...
 [2.23998156e-26 2.35308445e-33 9.00918496e-56 ... 1.00000000e+00
  3.67039258e-46 1.00000000e+00]
 [1.73229698e-34 2.37129318e-57 6.66995719e-19 ... 3.67039258e-46
  1.00000000e+00 1.00000000e+00]
 [1.00000000e+00 1.00000000e+00 1.00000000e+00 ... 1.00000000e+00
  1.00000000e+00 0.00000000e+00]]
