[[1.00000000e+00 1.51247785e-20 1.32029378e-31 ... 2.43409481e-42
  1.22829392e-23 1.00000000e+00]
 [1.51247785e-20 1.00000000e+00 1.79301236e-24 ... 4.66754015e-62
  3.01883916e-39 1.00000000e+00]
 [1.32029378e-31 1.79301236e-24 1.00000000e+00 ... 6.62607334e-66
  3.37812997e-68 1.00000000e+00]
 ...
 [2.43409481e-42 4.66754015e-62 6.62607334e-66 ... 1.00000000e+00
  1.58618750e-40 1.00000000e+00]
 [1.22829392e-23 3.01883916e-39 3.37812997e-68 ... 1.58618750e-40
  1.00000000e+00 1.00000000e+00]
 [1.00000000e+00 1.00000000e+00 1.00000000e+00 ... 1.00000000e+00
  1.00000000e+00 0.00000000e+00]]
