[[1.00000000e+00 1.82870627e-26 6.61948562e-51 ... 8.36935930e-29
  2.50028786e-53 1.00000000e+00]
 [1.82870627e-26 1.00000000e+00 2.31348745e-63 ... 8.04199953e-46
  2.19661358e-65 1.00000000e+00]
 [6.61948562e-51 2.31348745e-63 1.00000000e+00 ... 6.30287596e-22
  1.41071920e-48 1.00000000e+00]
 ...
 [8.36935930e-29 8.04199953e-46 6.30287596e-22 ... 1.00000000e+00
  8.96956042e-65 1.00000000e+00]
 [2.50028786e-53 2.19661358e-65 1.41071920e-48 ... 8.96956042e-65
  1.00000000e+00 1.00000000e+00]
 [1.00000000e+00 1.00000000e+00 1.00000000e+00 ... 1.00000000e+00
  1.00000000e+00 0.00000000e+00]]
