[[1.00000000e+00 7.13852479e-33 6.46758184e-16 5.63956631e-35
  2.33876311e-36 8.29311018e-25 2.30877742e-39 3.42648295e-75
  7.19405139e-85 7.06730398e-30 3.04065476e-60 2.27225164e-48
  1.53936650e-20 1.34219526e-23 1.42264048e-30 1.31141041e-16
  4.16490895e-68 1.22630128e-68 6.01798334e-75 2.31983314e-43
  1.00000000e+00]
 [7.13852479e-33 1.00000000e+00 2.81298893e-34 5.53563823e-50
  6.66486146e-26 4.03593037e-24 1.53145521e-46 1.77222594e-51
  5.16456235e-56 7.81144184e-35 4.86532889e-45 8.73883397e-23
  1.57676315e-64 2.83737237e-39 1.94079439e-53 1.32224411e-48
  2.58528311e-58 5.88644544e-71 3.53964400e-51 1.41247055e-45
  1.00000000e+00]
 [6.46758184e-16 2.81298893e-34 1.00000000e+00 7.60444821e-22
  7.84044889e-25 1.48770080e-27 1.45094163e-36 3.11225784e-83
  1.64451480e-38 5.26445546e-12 1.63420941e-52 4.26730376e-34
  7.03299769e-24 1.09120319e-03 9.92595968e-47 4.22658150e-32
  4.65580053e-74 3.56154317e-38 8.42487619e-67 4.18065716e-10
  1.00000000e+00]
 [5.63956631e-35 5.53563823e-50 7.60444821e-22 1.00000000e+00
  6.70522101e-33 2.96342222e-21 1.85059754e-22 1.55676329e-39
  8.44874565e-35 3.48824951e-07 4.06278386e-18 7.84630452e-48
  9.46505066e-14 1.29830025e-22 6.66784969e-26 3.76117138e-41
  6.25509919e-40 1.74205998e-09 1.61056285e-29 2.98544229e-24
  1.00000000e+00]
 [2.33876311e-36 6.66486146e-26 7.84044889e-25 6.70522101e-33
  1.00000000e+00 4.08881640e-08 5.83450336e-59 8.87438434e-75
  4.00065860e-57 6.86895640e-17 1.37579859e-59 2.37133610e-33
  9.85051749e-51 1.09425266e-16 8.42922578e-61 3.87001344e-63
  3.54158842e-40 1.42607794e-48 1.16878687e-27 1.17030673e-18
  1.00000000e+00]
 [8.29311018e-25 4.03593037e-24 1.48770080e-27 2.96342222e-21
  4.08881640e-08 1.00000000e+00 1.99102020e-37 2.76338943e-43
  5.50028508e-66 2.27734693e-14 3.90144325e-41 2.78926118e-41
  4.90166795e-30 7.24011830e-24 4.65738702e-32 1.28189067e-49
  3.70665794e-24 3.08291821e-44 1.59293102e-18 6.33987089e-31
  1.00000000e+00]
 [2.30877742e-39 1.53145521e-46 1.45094163e-36 1.85059754e-22
  5.83450336e-59 1.99102020e-37 1.00000000e+00 1.38588055e-27
  4.38996606e-51 4.62592685e-21 4.66230616e-32 3.01761557e-53
  2.29669012e-25 5.75369570e-42 5.28791352e-10 5.05691097e-60
  2.36388208e-42 1.86984814e-39 2.74666853e-51 1.23802659e-54
  1.00000000e+00]
 [3.42648295e-75 1.77222594e-51 3.11225784e-83 1.55676329e-39
  8.87438434e-75 2.76338943e-43 1.38588055e-27 1.00000000e+00
  6.86302325e-78 1.01170090e-49 7.27554588e-20 7.10216806e-81
  4.32990244e-55 3.14096376e-90 1.07172262e-29 1.07635706e-85
  4.55071001e-40 1.13751207e-57 4.45328936e-35 1.79180091e-93
  1.00000000e+00]
 [7.19405139e-85 5.16456235e-56 1.64451480e-38 8.44874565e-35
  4.00065860e-57 5.50028508e-66 4.38996606e-51 6.86302325e-78
  1.00000000e+00 3.80145041e-28 3.01139132e-36 4.08472429e-35
  1.29246033e-74 4.92757646e-39 1.28833609e-82 6.65320460e-83
  1.47727566e-88 1.67899428e-20 1.00330333e-64 2.78231647e-27
  1.00000000e+00]
 [7.06730398e-30 7.81144184e-35 5.26445546e-12 3.48824951e-07
  6.86895640e-17 2.27734693e-14 4.62592685e-21 1.01170090e-49
  3.80145041e-28 1.00000000e+00 2.50249106e-31 1.69942524e-30
  4.64415716e-22 7.11807337e-09 1.06199566e-29 2.45995592e-48
  9.00770817e-35 4.48073971e-16 8.01643027e-28 3.90387822e-12
  1.00000000e+00]
 [3.04065476e-60 4.86532889e-45 1.63420941e-52 4.06278386e-18
  1.37579859e-59 3.90144325e-41 4.66230616e-32 7.27554588e-20
  3.01139132e-36 2.50249106e-31 1.00000000e+00 2.97462655e-48
  3.64182453e-44 6.33521525e-60 1.16015282e-36 2.89394599e-47
  5.07656372e-50 2.41891187e-21 3.72437048e-35 5.70690580e-58
  1.00000000e+00]
 [2.27225164e-48 8.73883397e-23 4.26730376e-34 7.84630452e-48
  2.37133610e-33 2.78926118e-41 3.01761557e-53 7.10216806e-81
  4.08472429e-35 1.69942524e-30 2.97462655e-48 1.00000000e+00
  1.16271819e-79 3.76064248e-32 5.23659165e-60 8.63153370e-49
  7.26679398e-54 2.18245320e-47 7.49620859e-54 2.28312582e-41
  1.00000000e+00]
 [1.53936650e-20 1.57676315e-64 7.03299769e-24 9.46505066e-14
  9.85051749e-51 4.90166795e-30 2.29669012e-25 4.32990244e-55
  1.29246033e-74 4.64415716e-22 3.64182453e-44 1.16271819e-79
  1.00000000e+00 1.98879019e-30 2.09528565e-22 3.23186767e-37
  8.78356469e-64 3.48159897e-41 1.38100787e-62 2.60930300e-41
  1.00000000e+00]
 [1.34219526e-23 2.83737237e-39 1.09120319e-03 1.29830025e-22
  1.09425266e-16 7.24011830e-24 5.75369570e-42 3.14096376e-90
  4.92757646e-39 7.11807337e-09 6.33521525e-60 3.76064248e-32
  1.98879019e-30 1.00000000e+00 2.00414702e-51 4.11520057e-45
  3.42979488e-63 3.77913492e-35 2.35009916e-56 2.17760194e-06
  1.00000000e+00]
 [1.42264048e-30 1.94079439e-53 9.92595968e-47 6.66784969e-26
  8.42922578e-61 4.65738702e-32 5.28791352e-10 1.07172262e-29
  1.28833609e-82 1.06199566e-29 1.16015282e-36 5.23659165e-60
  2.09528565e-22 2.00414702e-51 1.00000000e+00 4.16605131e-46
  1.08508097e-29 4.24925387e-50 1.25170523e-47 3.90040139e-73
  1.00000000e+00]
 [1.31141041e-16 1.32224411e-48 4.22658150e-32 3.76117138e-41
  3.87001344e-63 1.28189067e-49 5.05691097e-60 1.07635706e-85
  6.65320460e-83 2.45995592e-48 2.89394599e-47 8.63153370e-49
  3.23186767e-37 4.11520057e-45 4.16605131e-46 1.00000000e+00
  4.83262307e-90 7.27769047e-64 1.04979665e-91 6.63162205e-63
  1.00000000e+00]
 [4.16490895e-68 2.58528311e-58 4.65580053e-74 6.25509919e-40
  3.54158842e-40 3.70665794e-24 2.36388208e-42 4.55071001e-40
  1.47727566e-88 9.00770817e-35 5.07656372e-50 7.26679398e-54
  8.78356469e-64 3.42979488e-63 1.08508097e-29 4.83262307e-90
  1.00000000e+00 2.34044944e-51 3.57264218e-11 3.23677956e-77
  1.00000000e+00]
 [1.22630128e-68 5.88644544e-71 3.56154317e-38 1.74205998e-09
  1.42607794e-48 3.08291821e-44 1.86984814e-39 1.13751207e-57
  1.67899428e-20 4.48073971e-16 2.41891187e-21 2.18245320e-47
  3.48159897e-41 3.77913492e-35 4.24925387e-50 7.27769047e-64
  2.34044944e-51 1.00000000e+00 3.28121978e-35 3.10852549e-30
  1.00000000e+00]
 [6.01798334e-75 3.53964400e-51 8.42487619e-67 1.61056285e-29
  1.16878687e-27 1.59293102e-18 2.74666853e-51 4.45328936e-35
  1.00330333e-64 8.01643027e-28 3.72437048e-35 7.49620859e-54
  1.38100787e-62 2.35009916e-56 1.25170523e-47 1.04979665e-91
  3.57264218e-11 3.28121978e-35 1.00000000e+00 8.77867019e-56
  1.00000000e+00]
 [2.31983314e-43 1.41247055e-45 4.18065716e-10 2.98544229e-24
  1.17030673e-18 6.33987089e-31 1.23802659e-54 1.79180091e-93
  2.78231647e-27 3.90387822e-12 5.70690580e-58 2.28312582e-41
  2.60930300e-41 2.17760194e-06 3.90040139e-73 6.63162205e-63
  3.23677956e-77 3.10852549e-30 8.77867019e-56 1.00000000e+00
  1.00000000e+00]
 [1.00000000e+00 1.00000000e+00 1.00000000e+00 1.00000000e+00
  1.00000000e+00 1.00000000e+00 1.00000000e+00 1.00000000e+00
  1.00000000e+00 1.00000000e+00 1.00000000e+00 1.00000000e+00
  1.00000000e+00 1.00000000e+00 1.00000000e+00 1.00000000e+00
  1.00000000e+00 1.00000000e+00 1.00000000e+00 1.00000000e+00
  0.00000000e+00]]
