[[1.00000000e+000 9.88943438e-061 9.19269235e-037 1.35255059e-040
  1.65570398e-031 5.48078560e-019 1.03780751e-025 4.02334594e-056
  2.07242045e-020 3.24887219e-044 2.54384594e-035 2.36730739e-035
  1.07524025e-030 2.91873924e-024 2.95943348e-005 7.66850335e-052
  3.81178951e-033 4.53119381e-014 2.47615324e-040 3.40576344e-028
  1.00000000e+000]
 [9.88943438e-061 1.00000000e+000 3.69503962e-084 1.12612135e-044
  5.87498272e-057 6.57739722e-060 4.76070495e-015 1.32713964e-076
  1.49833369e-057 7.34189757e-052 2.61019243e-049 4.88254319e-045
  6.77206183e-081 2.19965652e-098 1.17829800e-046 1.54885551e-066
  2.47206010e-025 2.08311879e-032 3.02735518e-041 3.25671923e-075
  1.00000000e+000]
 [9.19269235e-037 3.69503962e-084 1.00000000e+000 1.33260684e-059
  2.16342392e-117 6.39672126e-060 2.97345516e-068 1.61480345e-026
  6.38880886e-060 2.35873383e-061 1.10676759e-052 1.67453152e-045
  1.01072617e-063 4.00327393e-041 1.05437847e-026 8.38790075e-016
  3.02026093e-083 1.38248560e-053 2.19238154e-087 2.11612987e-014
  1.00000000e+000]
 [1.35255059e-040 1.12612135e-044 1.33260684e-059 1.00000000e+000
  6.88886128e-061 5.98457974e-052 5.08094396e-046 3.88099261e-027
  4.10951667e-038 1.09995775e-040 1.19532254e-038 1.02246561e-042
  1.88070838e-020 2.76642227e-025 8.27518348e-039 1.04573039e-058
  1.84390061e-032 1.24277374e-026 1.23763299e-020 8.30069760e-047
  1.00000000e+000]
 [1.65570398e-031 5.87498272e-057 2.16342392e-117 6.88886128e-061
  1.00000000e+000 2.86549492e-020 9.43775952e-029 1.51181435e-122
  7.87860781e-039 9.97480409e-067 3.70484964e-079 8.13641078e-062
  8.68738255e-052 8.26995329e-073 2.68697976e-040 3.76340337e-117
  7.85393326e-031 2.21115524e-030 2.66479220e-039 1.78597193e-104
  1.00000000e+000]
 [5.48078560e-019 6.57739722e-060 6.39672126e-060 5.98457974e-052
  2.86549492e-020 1.00000000e+000 1.89549385e-036 2.93458553e-082
  1.22216824e-031 6.63115686e-049 9.42719096e-080 4.55304003e-044
  4.19874693e-035 5.69266563e-049 3.24746173e-020 2.37005424e-060
  1.43736483e-041 2.30846824e-032 4.66304626e-048 1.23917769e-070
  1.00000000e+000]
 [1.03780751e-025 4.76070495e-015 2.97345516e-068 5.08094396e-046
  9.43775952e-029 1.89549385e-036 1.00000000e+000 3.55956464e-074
  4.53511989e-042 8.87737829e-042 1.12532680e-029 3.04965515e-029
  4.40525791e-067 1.11094174e-071 2.22730166e-021 2.26278319e-069
  9.59534612e-017 3.79129756e-010 1.25311456e-029 4.80438471e-053
  1.00000000e+000]
 [4.02334594e-056 1.32713964e-076 1.61480345e-026 3.88099261e-027
  1.51181435e-122 2.93458553e-082 3.55956464e-074 1.00000000e+000
  2.16050562e-071 2.43794260e-070 1.13127972e-033 9.55450841e-032
  1.56114969e-060 1.67688867e-029 2.98674210e-052 6.27182331e-049
  4.10965272e-085 1.48389653e-052 1.97968243e-065 1.12671721e-031
  1.00000000e+000]
 [2.07242045e-020 1.49833369e-057 6.38880886e-060 4.10951667e-038
  7.87860781e-039 1.22216824e-031 4.53511989e-042 2.16050562e-071
  1.00000000e+000 1.58620085e-076 1.39396973e-055 4.79000074e-063
  2.55889972e-023 2.11951220e-030 1.15556669e-025 9.54038442e-059
  4.31842899e-041 5.06114294e-039 1.79512887e-062 1.60898439e-054
  1.00000000e+000]
 [3.24887219e-044 7.34189757e-052 2.35873383e-061 1.09995775e-040
  9.97480409e-067 6.63115686e-049 8.87737829e-042 2.43794260e-070
  1.58620085e-076 1.00000000e+000 1.03378637e-071 1.50492590e-067
  2.45996824e-046 3.17299216e-073 5.63661463e-027 1.10520782e-044
  4.95049829e-020 3.28106952e-022 1.74766740e-017 1.45242085e-042
  1.00000000e+000]
 [2.54384594e-035 2.61019243e-049 1.10676759e-052 1.19532254e-038
  3.70484964e-079 9.42719096e-080 1.12532680e-029 1.13127972e-033
  1.39396973e-055 1.03378637e-071 1.00000000e+000 2.04384758e-024
  1.10002479e-076 2.46536582e-044 1.45305672e-038 7.13861884e-081
  1.16952270e-052 1.90237150e-023 1.09630273e-048 8.60640787e-032
  1.00000000e+000]
 [2.36730739e-035 4.88254319e-045 1.67453152e-045 1.02246561e-042
  8.13641078e-062 4.55304003e-044 3.04965515e-029 9.55450841e-032
  4.79000074e-063 1.50492590e-067 2.04384758e-024 1.00000000e+000
  5.18100002e-078 5.01903107e-049 1.41033236e-037 5.58654774e-074
  1.31152434e-063 7.25387482e-029 1.30521149e-050 6.95020201e-054
  1.00000000e+000]
 [1.07524025e-030 6.77206183e-081 1.01072617e-063 1.88070838e-020
  8.68738255e-052 4.19874693e-035 4.40525791e-067 1.56114969e-060
  2.55889972e-023 2.45996824e-046 1.10002479e-076 5.18100002e-078
  1.00000000e+000 2.21441576e-020 3.68181207e-032 6.01516372e-056
  3.25519382e-039 3.76997606e-040 4.90337345e-039 1.18721178e-053
  1.00000000e+000]
 [2.91873924e-024 2.19965652e-098 4.00327393e-041 2.76642227e-025
  8.26995329e-073 5.69266563e-049 1.11094174e-071 1.67688867e-029
  2.11951220e-030 3.17299216e-073 2.46536582e-044 5.01903107e-049
  2.21441576e-020 1.00000000e+000 1.20812246e-034 3.22908637e-065
  3.92406242e-069 2.63253907e-042 1.57404420e-057 5.81476345e-037
  1.00000000e+000]
 [2.95943348e-005 1.17829800e-046 1.05437847e-026 8.27518348e-039
  2.68697976e-040 3.24746173e-020 2.22730166e-021 2.98674210e-052
  1.15556669e-025 5.63661463e-027 1.45305672e-038 1.41033236e-037
  3.68181207e-032 1.20812246e-034 1.00000000e+000 2.44396249e-030
  2.10933832e-024 4.03137676e-012 7.42802406e-036 1.95193237e-019
  1.00000000e+000]
 [7.66850335e-052 1.54885551e-066 8.38790075e-016 1.04573039e-058
  3.76340337e-117 2.37005424e-060 2.26278319e-069 6.27182331e-049
  9.54038442e-059 1.10520782e-044 7.13861884e-081 5.58654774e-074
  6.01516372e-056 3.22908637e-065 2.44396249e-030 1.00000000e+000
  9.10047987e-065 6.57224728e-060 4.40237653e-082 6.99534260e-027
  1.00000000e+000]
 [3.81178951e-033 2.47206010e-025 3.02026093e-083 1.84390061e-032
  7.85393326e-031 1.43736483e-041 9.59534612e-017 4.10965272e-085
  4.31842899e-041 4.95049829e-020 1.16952270e-052 1.31152434e-063
  3.25519382e-039 3.92406242e-069 2.10933832e-024 9.10047987e-065
  1.00000000e+000 5.18929472e-012 9.02944303e-013 8.61600756e-055
  1.00000000e+000]
 [4.53119381e-014 2.08311879e-032 1.38248560e-053 1.24277374e-026
  2.21115524e-030 2.30846824e-032 3.79129756e-010 1.48389653e-052
  5.06114294e-039 3.28106952e-022 1.90237150e-023 7.25387482e-029
  3.76997606e-040 2.63253907e-042 4.03137676e-012 6.57224728e-060
  5.18929472e-012 1.00000000e+000 6.60135556e-012 2.57278395e-032
  1.00000000e+000]
 [2.47615324e-040 3.02735518e-041 2.19238154e-087 1.23763299e-020
  2.66479220e-039 4.66304626e-048 1.25311456e-029 1.97968243e-065
  1.79512887e-062 1.74766740e-017 1.09630273e-048 1.30521149e-050
  4.90337345e-039 1.57404420e-057 7.42802406e-036 4.40237653e-082
  9.02944303e-013 6.60135556e-012 1.00000000e+000 1.01592615e-059
  1.00000000e+000]
 [3.40576344e-028 3.25671923e-075 2.11612987e-014 8.30069760e-047
  1.78597193e-104 1.23917769e-070 4.80438471e-053 1.12671721e-031
  1.60898439e-054 1.45242085e-042 8.60640787e-032 6.95020201e-054
  1.18721178e-053 5.81476345e-037 1.95193237e-019 6.99534260e-027
  8.61600756e-055 2.57278395e-032 1.01592615e-059 1.00000000e+000
  1.00000000e+000]
 [1.00000000e+000 1.00000000e+000 1.00000000e+000 1.00000000e+000
  1.00000000e+000 1.00000000e+000 1.00000000e+000 1.00000000e+000
  1.00000000e+000 1.00000000e+000 1.00000000e+000 1.00000000e+000
  1.00000000e+000 1.00000000e+000 1.00000000e+000 1.00000000e+000
  1.00000000e+000 1.00000000e+000 1.00000000e+000 1.00000000e+000
  0.00000000e+000]]
