[[1.00000000e+000 2.22006892e-059 2.39898026e-032 1.16882626e-030
  3.17274627e-063 3.84030926e-067 1.80827161e-059 9.01161119e-051
  2.53393631e-038 3.47695967e-030 1.00909679e-055 2.23253733e-017
  2.11723981e-095 1.12888358e-049 2.16299695e-046 5.20146072e-048
  3.09866942e-045 2.08061919e-035 5.06346983e-049 8.95485223e-055
  1.00000000e+000]
 [2.22006892e-059 1.00000000e+000 2.07674930e-081 1.62641322e-052
  1.24303837e-038 3.68886315e-045 2.15618420e-013 1.46582686e-058
  9.09688865e-056 1.59524102e-067 5.14373244e-064 8.88481386e-029
  2.87144226e-071 6.94308066e-068 2.07965428e-069 9.14443008e-028
  6.79286185e-092 1.17554448e-073 4.58218163e-028 1.98211145e-062
  1.00000000e+000]
 [2.39898026e-032 2.07674930e-081 1.00000000e+000 1.76138242e-019
  8.95647223e-049 2.31385370e-050 1.84006330e-085 4.42147362e-058
  1.01171561e-050 1.95344782e-045 4.55030968e-039 8.85553659e-049
  3.95488639e-062 1.91090258e-054 9.00430895e-009 6.26842431e-028
  9.89401792e-055 4.29657529e-006 4.10029204e-041 3.30624008e-035
  1.00000000e+000]
 [1.16882626e-030 1.62641322e-052 1.76138242e-019 1.00000000e+000
  2.00147309e-012 4.77406555e-034 3.11322168e-039 1.89484465e-052
  2.54952692e-037 9.44881051e-038 4.34791855e-022 4.71064445e-030
  1.64729784e-041 9.51100723e-041 8.95523384e-026 3.42042699e-017
  2.70726089e-058 1.45022560e-020 5.20962939e-025 4.70504115e-038
  1.00000000e+000]
 [3.17274627e-063 1.24303837e-038 8.95647223e-049 2.00147309e-012
  1.00000000e+000 1.68487767e-021 4.73389815e-029 5.12771656e-075
  1.96515276e-060 9.87944778e-069 2.05512862e-036 2.50921653e-037
  5.81969126e-045 1.64048420e-064 5.40348950e-045 5.18209541e-020
  9.36292720e-095 4.70914573e-050 3.05185952e-032 1.45285962e-052
  1.00000000e+000]
 [3.84030926e-067 3.68886315e-045 2.31385370e-050 4.77406555e-034
  1.68487767e-021 1.00000000e+000 1.77927923e-058 4.98967961e-089
  2.19640599e-077 1.56338630e-096 1.06751814e-056 7.97152167e-040
  1.32364445e-072 1.16010482e-087 1.50606752e-034 1.45381604e-036
  1.84486738e-113 6.10498722e-066 1.05189911e-062 2.67183007e-055
  1.00000000e+000]
 [1.80827161e-059 2.15618420e-013 1.84006330e-085 3.11322168e-039
  4.73389815e-029 1.77927923e-058 1.00000000e+000 3.21199876e-043
  1.10060487e-035 2.12214146e-047 2.83754509e-041 2.17358604e-037
  1.03557851e-045 6.79095043e-042 4.91363754e-076 7.28524021e-030
  1.38534170e-073 7.73649143e-074 1.57682022e-019 6.22058610e-058
  1.00000000e+000]
 [9.01161119e-051 1.46582686e-058 4.42147362e-058 1.89484465e-052
  5.12771656e-075 4.98967961e-089 3.21199876e-043 1.00000000e+000
  1.24252418e-006 3.89896527e-013 3.07403649e-026 8.14062304e-068
  3.99150249e-028 1.11664283e-004 1.29698270e-043 4.65119216e-047
  2.24137732e-015 2.25393405e-052 4.26428025e-025 2.11217708e-021
  1.00000000e+000]
 [2.53393631e-038 9.09688865e-056 1.01171561e-050 2.54952692e-037
  1.96515276e-060 2.19640599e-077 1.10060487e-035 1.24252418e-006
  1.00000000e+000 1.47831304e-016 5.17452098e-013 1.22106163e-059
  1.62335311e-026 2.13461652e-003 3.46885312e-041 1.35411380e-037
  1.00026590e-026 1.33984508e-043 9.84031058e-023 1.83745225e-033
  1.00000000e+000]
 [3.47695967e-030 1.59524102e-067 1.95344782e-045 9.44881051e-038
  9.87944778e-069 1.56338630e-096 2.12214146e-047 3.89896527e-013
  1.47831304e-016 1.00000000e+000 9.34754512e-038 5.44740849e-048
  2.44256602e-047 8.63730754e-013 1.04909234e-048 1.09651864e-050
  9.86469837e-006 2.62818685e-041 1.25955753e-027 4.24677490e-023
  1.00000000e+000]
 [1.00909679e-055 5.14373244e-064 4.55030968e-039 4.34791855e-022
  2.05512862e-036 1.06751814e-056 2.83754509e-041 3.07403649e-026
  5.17452098e-013 9.34754512e-038 1.00000000e+000 2.56631787e-071
  8.58014826e-012 5.96422617e-015 6.90202292e-029 2.65275703e-023
  1.61489123e-053 8.41178257e-033 1.05710619e-021 2.68426676e-039
  1.00000000e+000]
 [2.23253733e-017 8.88481386e-029 8.85553659e-049 4.71064445e-030
  2.50921653e-037 7.97152167e-040 2.17358604e-037 8.14062304e-068
  1.22106163e-059 5.44740849e-048 2.56631787e-071 1.00000000e+000
  9.97463613e-099 9.58942996e-071 4.33840513e-056 2.01662930e-041
  1.55815228e-067 7.30767355e-055 1.16418209e-046 1.59754097e-053
  1.00000000e+000]
 [2.11723981e-095 2.87144226e-071 3.95488639e-062 1.64729784e-041
  5.81969126e-045 1.32364445e-072 1.03557851e-045 3.99150249e-028
  1.62335311e-026 2.44256602e-047 8.58014826e-012 9.97463613e-099
  1.00000000e+000 1.56503002e-020 8.71127746e-042 1.31749482e-033
  4.45791239e-058 7.71427918e-054 1.39225646e-023 4.82565613e-034
  1.00000000e+000]
 [1.12888358e-049 6.94308066e-068 1.91090258e-054 9.51100723e-041
  1.64048420e-064 1.16010482e-087 6.79095043e-042 1.11664283e-004
  2.13461652e-003 8.63730754e-013 5.96422617e-015 9.58942996e-071
  1.56503002e-020 1.00000000e+000 7.42725281e-044 6.57033352e-045
  5.03850459e-019 4.82693239e-048 9.17761148e-025 1.05198192e-026
  1.00000000e+000]
 [2.16299695e-046 2.07965428e-069 9.00430895e-009 8.95523384e-026
  5.40348950e-045 1.50606752e-034 4.91363754e-076 1.29698270e-043
  3.46885312e-041 1.04909234e-048 6.90202292e-029 4.33840513e-056
  8.71127746e-042 7.42725281e-044 1.00000000e+000 5.40485181e-025
  3.48426015e-053 6.24600234e-017 1.40923574e-037 1.02828275e-021
  1.00000000e+000]
 [5.20146072e-048 9.14443008e-028 6.26842431e-028 3.42042699e-017
  5.18209541e-020 1.45381604e-036 7.28524021e-030 4.65119216e-047
  1.35411380e-037 1.09651864e-050 2.65275703e-023 2.01662930e-041
  1.31749482e-033 6.57033352e-045 5.40485181e-025 1.00000000e+000
  9.89239946e-074 9.70746138e-019 3.13071991e-009 3.22815938e-043
  1.00000000e+000]
 [3.09866942e-045 6.79286185e-092 9.89401792e-055 2.70726089e-058
  9.36292720e-095 1.84486738e-113 1.38534170e-073 2.24137732e-015
  1.00026590e-026 9.86469837e-006 1.61489123e-053 1.55815228e-067
  4.45791239e-058 5.03850459e-019 3.48426015e-053 9.89239946e-074
  1.00000000e+000 2.99453667e-056 8.82262249e-047 1.17563166e-019
  1.00000000e+000]
 [2.08061919e-035 1.17554448e-073 4.29657529e-006 1.45022560e-020
  4.70914573e-050 6.10498722e-066 7.73649143e-074 2.25393405e-052
  1.33984508e-043 2.62818685e-041 8.41178257e-033 7.30767355e-055
  7.71427918e-054 4.82693239e-048 6.24600234e-017 9.70746138e-019
  2.99453667e-056 1.00000000e+000 9.69217820e-027 1.35637564e-043
  1.00000000e+000]
 [5.06346983e-049 4.58218163e-028 4.10029204e-041 5.20962939e-025
  3.05185952e-032 1.05189911e-062 1.57682022e-019 4.26428025e-025
  9.84031058e-023 1.25955753e-027 1.05710619e-021 1.16418209e-046
  1.39225646e-023 9.17761148e-025 1.40923574e-037 3.13071991e-009
  8.82262249e-047 9.69217820e-027 1.00000000e+000 1.81359162e-033
  1.00000000e+000]
 [8.95485223e-055 1.98211145e-062 3.30624008e-035 4.70504115e-038
  1.45285962e-052 2.67183007e-055 6.22058610e-058 2.11217708e-021
  1.83745225e-033 4.24677490e-023 2.68426676e-039 1.59754097e-053
  4.82565613e-034 1.05198192e-026 1.02828275e-021 3.22815938e-043
  1.17563166e-019 1.35637564e-043 1.81359162e-033 1.00000000e+000
  1.00000000e+000]
 [1.00000000e+000 1.00000000e+000 1.00000000e+000 1.00000000e+000
  1.00000000e+000 1.00000000e+000 1.00000000e+000 1.00000000e+000
  1.00000000e+000 1.00000000e+000 1.00000000e+000 1.00000000e+000
  1.00000000e+000 1.00000000e+000 1.00000000e+000 1.00000000e+000
  1.00000000e+000 1.00000000e+000 1.00000000e+000 1.00000000e+000
  0.00000000e+000]]
