[[1.00000000e+000 1.30725483e-020 1.60583285e-034 2.26145674e-024
  2.28002257e-021 1.82069919e-013 2.86259018e-027 3.57468641e-040
  1.90314070e-018 1.91651009e-012 4.38716546e-012 2.44085939e-020
  3.63173511e-024 5.31721061e-035 1.16459734e-013 4.29671192e-033
  2.99678765e-020 1.66540949e-043 3.78527934e-028 6.38310342e-038
  3.23892487e-036 4.97665044e-026 1.13776740e-023 6.76804549e-017
  1.57550453e-014 1.00000000e+000]
 [1.30725483e-020 1.00000000e+000 1.57921598e-044 5.54177177e-035
  9.26866403e-041 1.44964837e-041 2.94496361e-034 1.14051950e-024
  1.89071663e-014 6.04192792e-032 6.27571108e-041 1.97377677e-020
  9.47707558e-051 1.58799000e-049 1.79337387e-037 2.88220254e-031
  1.13791737e-045 2.12073763e-070 4.57809338e-024 1.15740354e-053
  5.12246151e-043 3.59955743e-043 8.27435340e-022 1.19999295e-024
  3.40419884e-055 1.00000000e+000]
 [1.60583285e-034 1.57921598e-044 1.00000000e+000 2.73768669e-063
  1.48970510e-020 9.59649991e-034 2.74275462e-076 2.38871258e-045
  9.89313594e-023 6.98068764e-059 1.36396414e-026 4.16269223e-014
  6.95006360e-065 6.50836135e-058 3.37528011e-087 1.11639687e-070
  9.62334111e-059 2.47692174e-083 5.44034624e-046 1.25417761e-109
  3.92695603e-005 6.78942996e-030 2.91549238e-038 3.63879727e-063
  5.82138176e-074 1.00000000e+000]
 [2.26145674e-024 5.54177177e-035 2.73768669e-063 1.00000000e+000
  2.81639983e-042 6.67988049e-038 3.96312054e-033 1.65487638e-095
  5.15552031e-048 1.14985007e-033 1.03883722e-043 8.45173086e-041
  3.76228088e-090 2.98296354e-053 1.35512727e-028 1.31620063e-051
  5.39195321e-052 2.63212331e-025 3.82364072e-044 6.24332769e-049
  8.25293736e-059 4.33791040e-035 8.39019496e-025 3.23885484e-030
  3.14146786e-058 1.00000000e+000]
 [2.28002257e-021 9.26866403e-041 1.48970510e-020 2.81639983e-042
  1.00000000e+000 2.81601677e-021 2.78567538e-028 2.07254106e-061
  9.75992089e-021 1.02374643e-033 7.71856717e-029 4.28703626e-009
  7.03352689e-057 1.12527262e-064 6.27403812e-060 1.19471799e-026
  1.34277748e-033 2.32309885e-045 9.51061744e-044 1.48059347e-063
  1.77764966e-014 4.33311390e-028 1.09844385e-019 1.18880563e-030
  1.39774676e-050 1.00000000e+000]
 [1.82069919e-013 1.44964837e-041 9.59649991e-034 6.67988049e-038
  2.81601677e-021 1.00000000e+000 1.91698584e-047 2.73220206e-047
  9.47884859e-035 2.48231854e-045 8.58113400e-009 1.93240494e-033
  1.14227260e-046 4.61005935e-079 1.97255404e-033 5.28490814e-056
  2.91706826e-032 1.83043565e-073 1.01301267e-040 3.98495199e-085
  6.60679765e-026 3.51642025e-055 4.62738449e-030 5.17666589e-020
  4.57605725e-025 1.00000000e+000]
 [2.86259018e-027 2.94496361e-034 2.74275462e-076 3.96312054e-033
  2.78567538e-028 1.91698584e-047 1.00000000e+000 2.97847164e-084
  1.43889120e-041 4.70515584e-024 3.32416985e-056 2.00630194e-032
  9.34878862e-069 1.64225542e-063 4.73637967e-037 9.34837708e-006
  6.42410120e-048 1.25362091e-028 8.64076291e-039 1.46639298e-022
  1.56249815e-066 1.98833435e-045 5.11974412e-018 1.79712554e-025
  1.19650358e-047 1.00000000e+000]
 [3.57468641e-040 1.14051950e-024 2.38871258e-045 1.65487638e-095
  2.07254106e-061 2.73220206e-047 2.97847164e-084 1.00000000e+000
  2.64937723e-025 2.72614152e-068 5.50748801e-043 2.56172271e-041
  5.09310433e-038 1.52482371e-087 7.00900275e-070 2.85025542e-070
  1.54102003e-059 1.01179399e-146 1.00892602e-047 9.55951381e-113
  2.27557246e-046 3.99034736e-084 1.41102055e-059 1.74845500e-049
  1.44436038e-061 1.00000000e+000]
 [1.90314070e-018 1.89071663e-014 9.89313594e-023 5.15552031e-048
  9.75992089e-021 9.47884859e-035 1.43889120e-041 2.64937723e-025
  1.00000000e+000 2.20420863e-024 7.00756243e-038 8.62536541e-007
  2.01742383e-033 8.14714261e-052 4.00564628e-051 6.78955510e-031
  3.20370859e-022 4.17409675e-070 2.76203721e-046 5.18146023e-057
  1.77174436e-024 1.70713406e-029 2.08346669e-033 5.18502764e-026
  2.14758288e-054 1.00000000e+000]
 [1.91651009e-012 6.04192792e-032 6.98068764e-059 1.14985007e-033
  1.02374643e-033 2.48231854e-045 4.70515584e-024 2.72614152e-068
  2.20420863e-024 1.00000000e+000 2.72480026e-043 1.28640521e-027
  1.40583694e-027 8.86492192e-028 2.23755012e-021 3.12973560e-026
  5.39452807e-020 6.48831729e-030 8.86805256e-053 1.52590567e-011
  5.06925370e-066 1.93120972e-020 6.30425596e-042 3.28135971e-030
  2.16162471e-029 1.00000000e+000]
 [4.38716546e-012 6.27571108e-041 1.36396414e-026 1.03883722e-043
  7.71856717e-029 8.58113400e-009 3.32416985e-056 5.50748801e-043
  7.00756243e-038 2.72480026e-043 1.00000000e+000 6.98367625e-034
  8.18538799e-040 4.47403249e-050 2.28989735e-034 1.66269427e-065
  9.79787001e-048 4.05021404e-071 8.05415187e-026 2.02353414e-083
  3.11907301e-028 2.36251288e-042 5.13842984e-031 8.13066450e-040
  3.12003872e-020 1.00000000e+000]
 [2.44085939e-020 1.97377677e-020 4.16269223e-014 8.45173086e-041
  4.28703626e-009 1.93240494e-033 2.00630194e-032 2.56172271e-041
  8.62536541e-007 1.28640521e-027 6.98367625e-034 1.00000000e+000
  1.22492029e-050 4.67213697e-045 5.37695707e-060 2.15940510e-025
  8.68462627e-036 5.70048337e-050 6.89389813e-035 3.47528216e-057
  3.55581023e-014 3.28726262e-018 7.59375298e-019 5.40426399e-034
  6.81242004e-060 1.00000000e+000]
 [3.63173511e-024 9.47707558e-051 6.95006360e-065 3.76228088e-090
  7.03352689e-057 1.14227260e-046 9.34878862e-069 5.09310433e-038
  2.01742383e-033 1.40583694e-027 8.18538799e-040 1.22492029e-050
  1.00000000e+000 2.08309683e-058 4.61098804e-038 1.87941752e-061
  1.59942717e-025 1.71180673e-103 1.61315701e-072 3.07211351e-058
  5.97599622e-076 5.92648884e-061 4.64755376e-080 1.06985128e-047
  1.17821519e-020 1.00000000e+000]
 [5.31721061e-035 1.58799000e-049 6.50836135e-058 2.98296354e-053
  1.12527262e-064 4.61005935e-079 1.64225542e-063 1.52482371e-087
  8.14714261e-052 8.86492192e-028 4.47403249e-050 4.67213697e-045
  2.08309683e-058 1.00000000e+000 3.86552656e-053 9.55490966e-070
  2.18378867e-078 7.23874461e-042 8.68052871e-043 7.96457575e-043
  4.09197297e-079 5.29539342e-015 2.38755625e-055 2.80057972e-088
  7.82149592e-058 1.00000000e+000]
 [1.16459734e-013 1.79337387e-037 3.37528011e-087 1.35512727e-028
  6.27403812e-060 1.97255404e-033 4.73637967e-037 7.00900275e-070
  4.00564628e-051 2.23755012e-021 2.28989735e-034 5.37695707e-060
  4.61098804e-038 3.86552656e-053 1.00000000e+000 2.32297881e-052
  3.73288093e-034 8.57777516e-055 1.26445650e-048 2.94659301e-034
  7.89124051e-088 1.55299271e-057 3.45442420e-048 2.61736472e-023
  2.20675309e-014 1.00000000e+000]
 [4.29671192e-033 2.88220254e-031 1.11639687e-070 1.31620063e-051
  1.19471799e-026 5.28490814e-056 9.34837708e-006 2.85025542e-070
  6.78955510e-031 3.12973560e-026 1.66269427e-065 2.15940510e-025
  1.87941752e-061 9.55490966e-070 2.32297881e-052 1.00000000e+000
  7.72876780e-045 3.29409992e-045 3.30881870e-046 7.67596057e-028
  5.76216610e-062 3.17479386e-048 1.59267187e-024 5.60563876e-029
  3.03013925e-058 1.00000000e+000]
 [2.99678765e-020 1.13791737e-045 9.62334111e-059 5.39195321e-052
  1.34277748e-033 2.91706826e-032 6.42410120e-048 1.54102003e-059
  3.20370859e-022 5.39452807e-020 9.79787001e-048 8.68462627e-036
  1.59942717e-025 2.18378867e-078 3.73288093e-034 7.72876780e-045
  1.00000000e+000 9.83505795e-072 1.00321571e-087 4.14564800e-049
  3.57916225e-058 9.55165291e-051 3.86996651e-064 8.45305613e-018
  7.66513160e-037 1.00000000e+000]
 [1.66540949e-043 2.12073763e-070 2.47692174e-083 2.63212331e-025
  2.32309885e-045 1.83043565e-073 1.25362091e-028 1.01179399e-146
  4.17409675e-070 6.48831729e-030 4.05021404e-071 5.70048337e-050
  1.71180673e-103 7.23874461e-042 8.57777516e-055 3.29409992e-045
  9.83505795e-072 1.00000000e+000 1.36470301e-064 2.84930585e-028
  1.74064601e-085 6.59472522e-024 1.95027556e-040 1.92532090e-066
  9.19023792e-073 1.00000000e+000]
 [3.78527934e-028 4.57809338e-024 5.44034624e-046 3.82364072e-044
  9.51061744e-044 1.01301267e-040 8.64076291e-039 1.00892602e-047
  2.76203721e-046 8.86805256e-053 8.05415187e-026 6.89389813e-035
  1.61315701e-072 8.68052871e-043 1.26445650e-048 3.30881870e-046
  1.00321571e-087 1.36470301e-064 1.00000000e+000 1.15301306e-072
  7.87129975e-045 3.72248982e-047 2.57358525e-012 8.14497070e-054
  6.69801932e-049 1.00000000e+000]
 [6.38310342e-038 1.15740354e-053 1.25417761e-109 6.24332769e-049
  1.48059347e-063 3.98495199e-085 1.46639298e-022 9.55951381e-113
  5.18146023e-057 1.52590567e-011 2.02353414e-083 3.47528216e-057
  3.07211351e-058 7.96457575e-043 2.94659301e-034 7.67596057e-028
  4.14564800e-049 2.84930585e-028 1.15301306e-072 1.00000000e+000
  2.83431908e-115 2.05252707e-042 2.26585740e-059 6.73090129e-052
  8.89206708e-052 1.00000000e+000]
 [3.23892487e-036 5.12246151e-043 3.92695603e-005 8.25293736e-059
  1.77764966e-014 6.60679765e-026 1.56249815e-066 2.27557246e-046
  1.77174436e-024 5.06925370e-066 3.11907301e-028 3.55581023e-014
  5.97599622e-076 4.09197297e-079 7.89124051e-088 5.76216610e-062
  3.57916225e-058 1.74064601e-085 7.87129975e-045 2.83431908e-115
  1.00000000e+000 4.03150403e-042 2.84377717e-029 7.80971958e-051
  7.81088667e-077 1.00000000e+000]
 [4.97665044e-026 3.59955743e-043 6.78942996e-030 4.33791040e-035
  4.33311390e-028 3.51642025e-055 1.98833435e-045 3.99034736e-084
  1.70713406e-029 1.93120972e-020 2.36251288e-042 3.28726262e-018
  5.92648884e-061 5.29539342e-015 1.55299271e-057 3.17479386e-048
  9.55165291e-051 6.59472522e-024 3.72248982e-047 2.05252707e-042
  4.03150403e-042 1.00000000e+000 1.26024271e-036 8.07986112e-063
  3.54430823e-062 1.00000000e+000]
 [1.13776740e-023 8.27435340e-022 2.91549238e-038 8.39019496e-025
  1.09844385e-019 4.62738449e-030 5.11974412e-018 1.41102055e-059
  2.08346669e-033 6.30425596e-042 5.13842984e-031 7.59375298e-019
  4.64755376e-080 2.38755625e-055 3.45442420e-048 1.59267187e-024
  3.86996651e-064 1.95027556e-040 2.57358525e-012 2.26585740e-059
  2.84377717e-029 1.26024271e-036 1.00000000e+000 6.37556443e-032
  1.38607493e-055 1.00000000e+000]
 [6.76804549e-017 1.19999295e-024 3.63879727e-063 3.23885484e-030
  1.18880563e-030 5.17666589e-020 1.79712554e-025 1.74845500e-049
  5.18502764e-026 3.28135971e-030 8.13066450e-040 5.40426399e-034
  1.06985128e-047 2.80057972e-088 2.61736472e-023 5.60563876e-029
  8.45305613e-018 1.92532090e-066 8.14497070e-054 6.73090129e-052
  7.80971958e-051 8.07986112e-063 6.37556443e-032 1.00000000e+000
  1.42772373e-036 1.00000000e+000]
 [1.57550453e-014 3.40419884e-055 5.82138176e-074 3.14146786e-058
  1.39774676e-050 4.57605725e-025 1.19650358e-047 1.44436038e-061
  2.14758288e-054 2.16162471e-029 3.12003872e-020 6.81242004e-060
  1.17821519e-020 7.82149592e-058 2.20675309e-014 3.03013925e-058
  7.66513160e-037 9.19023792e-073 6.69801932e-049 8.89206708e-052
  7.81088667e-077 3.54430823e-062 1.38607493e-055 1.42772373e-036
  1.00000000e+000 1.00000000e+000]
 [1.00000000e+000 1.00000000e+000 1.00000000e+000 1.00000000e+000
  1.00000000e+000 1.00000000e+000 1.00000000e+000 1.00000000e+000
  1.00000000e+000 1.00000000e+000 1.00000000e+000 1.00000000e+000
  1.00000000e+000 1.00000000e+000 1.00000000e+000 1.00000000e+000
  1.00000000e+000 1.00000000e+000 1.00000000e+000 1.00000000e+000
  1.00000000e+000 1.00000000e+000 1.00000000e+000 1.00000000e+000
  1.00000000e+000 0.00000000e+000]]
