[[1.00000000e+00 3.55001748e-35 1.32274978e-79 1.94763627e-32
  2.30012814e-17 4.17598805e-50 1.59934188e-52 2.47345452e-49
  2.36606568e-65 9.52430873e-46 2.43169216e-47 1.72673635e-50
  9.51060121e-52 1.30352234e-64 3.54805200e-66 4.81478470e-33
  2.55063538e-40 5.38800202e-51 2.02858019e-27 1.38030390e-34
  1.00000000e+00]
 [3.55001748e-35 1.00000000e+00 1.75276619e-42 1.25245936e-68
  1.60952603e-28 8.42070476e-25 3.52665043e-43 4.08631466e-75
  3.79768007e-82 2.62953304e-28 7.60528206e-26 1.38700710e-19
  1.98702532e-42 8.16922397e-60 3.49697764e-59 4.82504037e-53
  1.94972452e-61 8.15097106e-40 2.33369408e-18 1.91106724e-41
  1.00000000e+00]
 [1.32274978e-79 1.75276619e-42 1.00000000e+00 3.39949426e-61
  3.75149638e-71 1.23503388e-07 3.95817366e-47 2.12569628e-48
  2.89668796e-67 7.37301901e-23 4.71048840e-30 1.92857917e-31
  8.35404967e-19 7.15101708e-29 6.92349109e-29 1.11455856e-53
  1.71234148e-69 4.29848768e-55 1.12941211e-35 3.35999695e-62
  1.00000000e+00]
 [1.94763627e-32 1.25245936e-68 3.39949426e-61 1.00000000e+00
  4.67961641e-60 1.19524601e-47 2.47617598e-55 6.46511021e-57
  1.46735843e-42 3.52464273e-61 8.80211630e-33 2.07232320e-61
  1.37495681e-30 3.65401776e-29 3.39151653e-47 6.34324446e-28
  9.49853314e-59 8.94545372e-47 1.24137386e-45 1.50242416e-21
  1.00000000e+00]
 [2.30012814e-17 1.60952603e-28 3.75149638e-71 4.67961641e-60
  1.00000000e+00 6.79861854e-40 3.16277875e-41 2.57738533e-36
  1.65373555e-48 7.54787991e-47 5.05331314e-41 9.23528244e-51
  3.73846139e-44 2.16232382e-66 7.98714938e-55 2.58841695e-28
  3.65871586e-43 5.78504289e-45 4.68686085e-16 2.49417879e-50
  1.00000000e+00]
 [4.17598805e-50 8.42070476e-25 1.23503388e-07 1.19524601e-47
  6.79861854e-40 1.00000000e+00 1.93108178e-21 4.22238030e-39
  1.84113300e-57 6.64769422e-24 3.75029453e-15 1.22052296e-22
  1.62805546e-15 2.98025757e-26 2.38756013e-19 9.77823100e-31
  3.45261929e-48 2.20485409e-37 5.23473656e-14 2.12075694e-52
  1.00000000e+00]
 [1.59934188e-52 3.52665043e-43 3.95817366e-47 2.47617598e-55
  3.16277875e-41 1.93108178e-21 1.00000000e+00 8.88566744e-71
  2.52839759e-83 3.79017263e-66 1.16135959e-17 2.42680147e-61
  8.85379981e-49 3.32224370e-60 8.28812112e-44 1.24017716e-37
  2.06761740e-76 3.11907047e-61 5.54906449e-26 3.24130072e-76
  1.00000000e+00]
 [2.47345452e-49 4.08631466e-75 2.12569628e-48 6.46511021e-57
  2.57738533e-36 4.22238030e-39 8.88566744e-71 1.00000000e+00
  1.26947661e-32 1.82697129e-40 6.59423792e-67 1.64655688e-65
  1.87178200e-28 1.85558622e-45 1.99085923e-36 1.54145857e-31
  1.05786498e-38 1.79339600e-63 8.90254873e-38 1.00475389e-69
  1.00000000e+00]
 [2.36606568e-65 3.79768007e-82 2.89668796e-67 1.46735843e-42
  1.65373555e-48 1.84113300e-57 2.52839759e-83 1.26947661e-32
  1.00000000e+00 9.71594303e-70 3.64673636e-48 9.81555961e-75
  2.01265720e-20 2.85888533e-32 4.37354455e-43 5.01916473e-29
  3.47105178e-65 1.82436007e-42 4.38600583e-48 1.01555249e-36
  1.00000000e+00]
 [9.52430873e-46 2.62953304e-28 7.37301901e-23 3.52464273e-61
  7.54787991e-47 6.64769422e-24 3.79017263e-66 1.82697129e-40
  9.71594303e-70 1.00000000e+00 1.50095599e-47 7.55631996e-40
  4.92600184e-35 1.11041626e-57 1.18875278e-63 3.84492421e-67
  1.24291981e-72 1.61259264e-72 8.39252112e-41 9.13295272e-43
  1.00000000e+00]
 [2.43169216e-47 7.60528206e-26 4.71048840e-30 8.80211630e-33
  5.05331314e-41 3.75029453e-15 1.16135959e-17 6.59423792e-67
  3.64673636e-48 1.50095599e-47 1.00000000e+00 1.24239729e-33
  2.86538625e-20 1.15699624e-27 4.00396505e-31 5.40615608e-28
  2.09073603e-66 1.22296951e-28 6.52062311e-19 1.56963459e-31
  1.00000000e+00]
 [1.72673635e-50 1.38700710e-19 1.92857917e-31 2.07232320e-61
  9.23528244e-51 1.22052296e-22 2.42680147e-61 1.64655688e-65
  9.81555961e-75 7.55631996e-40 1.24239729e-33 1.00000000e+00
  3.52969478e-25 5.69346511e-27 6.54375424e-28 1.88850716e-37
  3.46110324e-29 7.98192337e-17 4.45103178e-16 2.43102583e-50
  1.00000000e+00]
 [9.51060121e-52 1.98702532e-42 8.35404967e-19 1.37495681e-30
  3.73846139e-44 1.62805546e-15 8.85379981e-49 1.87178200e-28
  2.01265720e-20 4.92600184e-35 2.86538625e-20 3.52969478e-25
  1.00000000e+00 5.63272892e-06 8.17579129e-12 1.22762786e-17
  2.10554454e-37 1.73295674e-19 1.68321908e-19 3.02387882e-31
  1.00000000e+00]
 [1.30352234e-64 8.16922397e-60 7.15101708e-29 3.65401776e-29
  2.16232382e-66 2.98025757e-26 3.32224370e-60 1.85558622e-45
  2.85888533e-32 1.11041626e-57 1.15699624e-27 5.69346511e-27
  5.63272892e-06 1.00000000e+00 2.67844063e-09 1.47564263e-18
  4.79318877e-35 2.27055051e-16 3.07326389e-28 4.69807669e-41
  1.00000000e+00]
 [3.54805200e-66 3.49697764e-59 6.92349109e-29 3.39151653e-47
  7.98714938e-55 2.38756013e-19 8.28812112e-44 1.99085923e-36
  4.37354455e-43 1.18875278e-63 4.00396505e-31 6.54375424e-28
  8.17579129e-12 2.67844063e-09 1.00000000e+00 8.33481255e-13
  2.02809351e-24 2.77067675e-19 4.07627366e-18 1.68690672e-68
  1.00000000e+00]
 [4.81478470e-33 4.82504037e-53 1.11455856e-53 6.34324446e-28
  2.58841695e-28 9.77823100e-31 1.24017716e-37 1.54145857e-31
  5.01916473e-29 3.84492421e-67 5.40615608e-28 1.88850716e-37
  1.22762786e-17 1.47564263e-18 8.33481255e-13 1.00000000e+00
  1.87404780e-18 7.79845538e-16 1.15719736e-12 2.79831424e-47
  1.00000000e+00]
 [2.55063538e-40 1.94972452e-61 1.71234148e-69 9.49853314e-59
  3.65871586e-43 3.45261929e-48 2.06761740e-76 1.05786498e-38
  3.47105178e-65 1.24291981e-72 2.09073603e-66 3.46110324e-29
  2.10554454e-37 4.79318877e-35 2.02809351e-24 1.87404780e-18
  1.00000000e+00 1.26307196e-24 7.86409395e-22 1.11051476e-76
  1.00000000e+00]
 [5.38800202e-51 8.15097106e-40 4.29848768e-55 8.94545372e-47
  5.78504289e-45 2.20485409e-37 3.11907047e-61 1.79339600e-63
  1.82436007e-42 1.61259264e-72 1.22296951e-28 7.98192337e-17
  1.73295674e-19 2.27055051e-16 2.77067675e-19 7.79845538e-16
  1.26307196e-24 1.00000000e+00 8.96000533e-16 9.77296309e-43
  1.00000000e+00]
 [2.02858019e-27 2.33369408e-18 1.12941211e-35 1.24137386e-45
  4.68686085e-16 5.23473656e-14 5.54906449e-26 8.90254873e-38
  4.38600583e-48 8.39252112e-41 6.52062311e-19 4.45103178e-16
  1.68321908e-19 3.07326389e-28 4.07627366e-18 1.15719736e-12
  7.86409395e-22 8.96000533e-16 1.00000000e+00 1.31199772e-46
  1.00000000e+00]
 [1.38030390e-34 1.91106724e-41 3.35999695e-62 1.50242416e-21
  2.49417879e-50 2.12075694e-52 3.24130072e-76 1.00475389e-69
  1.01555249e-36 9.13295272e-43 1.56963459e-31 2.43102583e-50
  3.02387882e-31 4.69807669e-41 1.68690672e-68 2.79831424e-47
  1.11051476e-76 9.77296309e-43 1.31199772e-46 1.00000000e+00
  1.00000000e+00]
 [1.00000000e+00 1.00000000e+00 1.00000000e+00 1.00000000e+00
  1.00000000e+00 1.00000000e+00 1.00000000e+00 1.00000000e+00
  1.00000000e+00 1.00000000e+00 1.00000000e+00 1.00000000e+00
  1.00000000e+00 1.00000000e+00 1.00000000e+00 1.00000000e+00
  1.00000000e+00 1.00000000e+00 1.00000000e+00 1.00000000e+00
  0.00000000e+00]]
