[[1.00000000e+00 2.38088741e-36 5.19945753e-26 4.69207272e-34
  6.24459455e-50 4.91654414e-47 5.90636380e-38 2.60158820e-53
  3.87892115e-47 3.20165734e-43 6.58709517e-35 6.17384312e-37
  1.83035071e-31 1.16597483e-31 7.84960821e-10 7.45303573e-63
  1.87554122e-55 8.43137641e-61 4.49665062e-15 3.84952458e-40
  1.00000000e+00]
 [2.38088741e-36 1.00000000e+00 1.78572866e-30 1.59703503e-60
  1.34883191e-49 4.48925367e-48 2.69162347e-34 1.46623808e-38
  5.62624207e-16 1.64437504e-23 2.14024339e-29 1.22547625e-11
  1.97454949e-20 3.39012689e-06 6.32318746e-25 4.10715648e-46
  1.42202623e-25 4.29775304e-10 3.63028682e-36 1.48946867e-61
  1.00000000e+00]
 [5.19945753e-26 1.78572866e-30 1.00000000e+00 1.43271102e-22
  9.35678946e-35 5.22844283e-48 2.57861819e-15 1.25862804e-28
  9.36982507e-16 2.38924696e-66 9.65502140e-39 7.47983879e-32
  1.32912344e-38 2.41389994e-33 1.30057821e-20 2.43019438e-46
  1.01286171e-26 1.93453372e-28 1.61786560e-30 7.66997400e-38
  1.00000000e+00]
 [4.69207272e-34 1.59703503e-60 1.43271102e-22 1.00000000e+00
  1.30477869e-13 1.96936093e-44 3.28031578e-43 8.42703203e-61
  1.11852998e-50 1.46326154e-62 5.73985722e-37 9.56153980e-46
  2.25870171e-34 2.83190862e-65 7.39773691e-18 1.75072611e-46
  1.61875579e-57 2.33955272e-67 1.79903906e-48 8.17155154e-34
  1.00000000e+00]
 [6.24459455e-50 1.34883191e-49 9.35678946e-35 1.30477869e-13
  1.00000000e+00 4.99956450e-40 6.90722112e-46 2.76793849e-81
  6.25099102e-45 5.40881929e-51 8.72837287e-34 1.19572352e-40
  2.82244209e-22 4.57982852e-58 8.67168518e-28 2.12019553e-29
  1.91365684e-38 2.00737465e-59 1.81224835e-68 6.03719405e-47
  1.00000000e+00]
 [4.91654414e-47 4.48925367e-48 5.22844283e-48 1.96936093e-44
  4.99956450e-40 1.00000000e+00 3.65064491e-60 1.65608923e-40
  2.49361456e-42 1.76396245e-30 8.94314064e-17 2.31726078e-20
  2.75986712e-40 2.21590902e-71 8.49785641e-37 1.37345217e-28
  9.80444864e-38 7.74040781e-62 1.07949541e-78 1.71073202e-10
  1.00000000e+00]
 [5.90636380e-38 2.69162347e-34 2.57861819e-15 3.28031578e-43
  6.90722112e-46 3.65064491e-60 1.00000000e+00 2.59101321e-53
  1.80749172e-11 3.51178095e-70 2.45012063e-69 1.66215220e-33
  2.18107720e-60 3.11827204e-43 4.50191310e-41 9.75033313e-81
  1.73055628e-40 1.85915232e-26 1.11450069e-61 3.55092865e-68
  1.00000000e+00]
 [2.60158820e-53 1.46623808e-38 1.25862804e-28 8.42703203e-61
  2.76793849e-81 1.65608923e-40 2.59101321e-53 1.00000000e+00
  1.92801997e-29 1.40938569e-59 6.26394627e-36 5.03046763e-26
  2.60178763e-62 3.17031704e-54 2.86594879e-41 3.25892874e-59
  1.77771722e-47 4.77614088e-33 2.60370375e-52 3.34861266e-30
  1.00000000e+00]
 [3.87892115e-47 5.62624207e-16 9.36982507e-16 1.11852998e-50
  6.25099102e-45 2.49361456e-42 1.80749172e-11 1.92801997e-29
  1.00000000e+00 1.57269565e-50 3.62220020e-45 9.30282886e-16
  3.81964762e-45 2.59314195e-30 7.65140842e-39 2.21137166e-52
  3.04101345e-19 1.78841884e-07 6.18663952e-60 2.21657413e-53
  1.00000000e+00]
 [3.20165734e-43 1.64437504e-23 2.38924696e-66 1.46326154e-62
  5.40881929e-51 1.76396245e-30 3.51178095e-70 1.40938569e-59
  1.57269565e-50 1.00000000e+00 1.76992806e-22 7.57536611e-13
  6.56945262e-22 3.32325671e-37 1.71597063e-27 1.21021015e-52
  8.71858901e-60 8.18317885e-47 4.94898343e-60 9.02944846e-52
  1.00000000e+00]
 [6.58709517e-35 2.14024339e-29 9.65502140e-39 5.73985722e-37
  8.72837287e-34 8.94314064e-17 2.45012063e-69 6.26394627e-36
  3.62220020e-45 1.76992806e-22 1.00000000e+00 7.38727351e-21
  3.87749545e-12 2.26906527e-38 1.46501172e-16 2.37108203e-12
  6.30656490e-30 3.77260272e-51 3.86710160e-39 1.88523433e-16
  1.00000000e+00]
 [6.17384312e-37 1.22547625e-11 7.47983879e-32 9.56153980e-46
  1.19572352e-40 2.31726078e-20 1.66215220e-33 5.03046763e-26
  9.30282886e-16 7.57536611e-13 7.38727351e-21 1.00000000e+00
  2.07388068e-26 6.84019991e-29 2.92199995e-23 1.08032540e-42
  1.15927118e-32 3.98004147e-17 1.12174971e-52 2.08135488e-35
  1.00000000e+00]
 [1.83035071e-31 1.97454949e-20 1.32912344e-38 2.25870171e-34
  2.82244209e-22 2.75986712e-40 2.18107720e-60 2.60178763e-62
  3.81964762e-45 6.56945262e-22 3.87749545e-12 2.07388068e-26
  1.00000000e+00 2.20584061e-20 3.90077864e-12 2.20045093e-21
  2.65524251e-32 5.37840874e-45 6.44608411e-31 8.68435911e-46
  1.00000000e+00]
 [1.16597483e-31 3.39012689e-06 2.41389994e-33 2.83190862e-65
  4.57982852e-58 2.21590902e-71 3.11827204e-43 3.17031704e-54
  2.59314195e-30 3.32325671e-37 2.26906527e-38 6.84019991e-29
  2.20584061e-20 1.00000000e+00 6.07815698e-24 9.95225345e-56
  4.33714885e-35 2.65913752e-22 9.15733244e-22 1.13145759e-77
  1.00000000e+00]
 [7.84960821e-10 6.32318746e-25 1.30057821e-20 7.39773691e-18
  8.67168518e-28 8.49785641e-37 4.50191310e-41 2.86594879e-41
  7.65140842e-39 1.71597063e-27 1.46501172e-16 2.92199995e-23
  3.90077864e-12 6.07815698e-24 1.00000000e+00 4.56374596e-39
  3.81988599e-44 3.40704287e-44 2.74215281e-14 4.44468075e-31
  1.00000000e+00]
 [7.45303573e-63 4.10715648e-46 2.43019438e-46 1.75072611e-46
  2.12019553e-29 1.37345217e-28 9.75033313e-81 3.25892874e-59
  2.21137166e-52 1.21021015e-52 2.37108203e-12 1.08032540e-42
  2.20045093e-21 9.95225345e-56 4.56374596e-39 1.00000000e+00
  8.87766262e-18 3.06407013e-64 1.43458271e-65 3.04751908e-29
  1.00000000e+00]
 [1.87554122e-55 1.42202623e-25 1.01286171e-26 1.61875579e-57
  1.91365684e-38 9.80444864e-38 1.73055628e-40 1.77771722e-47
  3.04101345e-19 8.71858901e-60 6.30656490e-30 1.15927118e-32
  2.65524251e-32 4.33714885e-35 3.81988599e-44 8.87766262e-18
  1.00000000e+00 2.10222042e-31 9.32907602e-62 3.79373721e-45
  1.00000000e+00]
 [8.43137641e-61 4.29775304e-10 1.93453372e-28 2.33955272e-67
  2.00737465e-59 7.74040781e-62 1.85915232e-26 4.77614088e-33
  1.78841884e-07 8.18317885e-47 3.77260272e-51 3.98004147e-17
  5.37840874e-45 2.65913752e-22 3.40704287e-44 3.06407013e-64
  2.10222042e-31 1.00000000e+00 3.76618048e-60 2.63696797e-75
  1.00000000e+00]
 [4.49665062e-15 3.63028682e-36 1.61786560e-30 1.79903906e-48
  1.81224835e-68 1.07949541e-78 1.11450069e-61 2.60370375e-52
  6.18663952e-60 4.94898343e-60 3.86710160e-39 1.12174971e-52
  6.44608411e-31 9.15733244e-22 2.74215281e-14 1.43458271e-65
  9.32907602e-62 3.76618048e-60 1.00000000e+00 4.61345576e-60
  1.00000000e+00]
 [3.84952458e-40 1.48946867e-61 7.66997400e-38 8.17155154e-34
  6.03719405e-47 1.71073202e-10 3.55092865e-68 3.34861266e-30
  2.21657413e-53 9.02944846e-52 1.88523433e-16 2.08135488e-35
  8.68435911e-46 1.13145759e-77 4.44468075e-31 3.04751908e-29
  3.79373721e-45 2.63696797e-75 4.61345576e-60 1.00000000e+00
  1.00000000e+00]
 [1.00000000e+00 1.00000000e+00 1.00000000e+00 1.00000000e+00
  1.00000000e+00 1.00000000e+00 1.00000000e+00 1.00000000e+00
  1.00000000e+00 1.00000000e+00 1.00000000e+00 1.00000000e+00
  1.00000000e+00 1.00000000e+00 1.00000000e+00 1.00000000e+00
  1.00000000e+00 1.00000000e+00 1.00000000e+00 1.00000000e+00
  0.00000000e+00]]
