[[1.00000000e+000 7.42191602e-027 3.03620208e-085 6.82332019e-053
  2.24984112e-086 3.83944982e-044 1.30269451e-038 1.58436083e-019
  1.37473913e-030 3.75539591e-041 3.83242876e-024 4.44873143e-023
  2.24078006e-014 1.92498333e-030 4.55321591e-037 3.51420400e-012
  1.01404234e-022 1.68657516e-054 4.78710165e-078 1.68478884e-023
  1.00000000e+000]
 [7.42191602e-027 1.00000000e+000 2.37555858e-022 4.80149350e-020
  1.20723300e-031 2.26118332e-021 1.21751905e-025 1.93346960e-025
  5.49966904e-014 1.16700367e-055 7.50794303e-007 5.04974356e-012
  1.17498450e-018 2.02826361e-028 3.06526728e-037 2.66243552e-032
  1.84463490e-017 6.33238913e-033 1.63408228e-049 2.83719056e-003
  1.00000000e+000]
 [3.03620208e-085 2.37555858e-022 1.00000000e+000 4.07562281e-036
  1.38027301e-033 4.43486122e-026 2.75743328e-035 2.67340386e-063
  2.99739256e-034 2.95426707e-082 4.57769931e-035 6.30335668e-039
  2.68910261e-073 1.49927155e-057 1.97206990e-062 1.48558240e-071
  4.26843436e-068 1.82013946e-037 1.48886963e-046 1.07402401e-028
  1.00000000e+000]
 [6.82332019e-053 4.80149350e-020 4.07562281e-036 1.00000000e+000
  1.01165544e-056 3.87463935e-041 7.02178026e-052 3.28631184e-028
  5.22607593e-038 3.38477963e-096 1.59761826e-024 1.41440662e-032
  1.68236911e-042 3.65087392e-080 2.41860541e-025 7.79723728e-064
  7.15452039e-056 4.68461395e-067 2.85323213e-051 1.04372750e-019
  1.00000000e+000]
 [2.24984112e-086 1.20723300e-031 1.38027301e-033 1.01165544e-056
  1.00000000e+000 2.97616362e-043 3.59690128e-074 1.47759590e-090
  3.64343459e-038 2.05401653e-086 1.56508370e-053 3.52998764e-057
  2.10782151e-076 1.05685333e-050 2.40873157e-100 8.95413881e-104
  1.87236150e-062 3.44618247e-057 1.59386597e-087 1.70156840e-036
  1.00000000e+000]
 [3.83944982e-044 2.26118332e-021 4.43486122e-026 3.87463935e-041
  2.97616362e-043 1.00000000e+000 2.21593258e-020 1.42544034e-050
  4.23537560e-034 2.53103197e-023 3.07194291e-021 1.47613486e-025
  5.01777428e-052 5.89381710e-043 3.11390839e-058 1.63479389e-032
  1.95192413e-053 1.18556298e-049 2.89987815e-057 3.70846738e-028
  1.00000000e+000]
 [1.30269451e-038 1.21751905e-025 2.75743328e-035 7.02178026e-052
  3.59690128e-074 2.21593258e-020 1.00000000e+000 2.98442360e-048
  5.87254866e-020 1.52884317e-050 5.13050757e-033 3.37179362e-009
  3.97020684e-036 1.92835945e-045 8.17202913e-042 3.45077268e-018
  2.04678623e-059 3.16446480e-047 3.77930442e-080 1.22396682e-034
  1.00000000e+000]
 [1.58436083e-019 1.93346960e-025 2.67340386e-063 3.28631184e-028
  1.47759590e-090 1.42544034e-050 2.98442360e-048 1.00000000e+000
  4.82284465e-036 2.79893799e-064 3.15246443e-022 1.22941292e-035
  2.16482347e-034 6.93039194e-043 2.68634751e-012 2.32612036e-027
  3.84620322e-035 4.40607024e-037 2.91715810e-031 2.05514678e-015
  1.00000000e+000]
 [1.37473913e-030 5.49966904e-014 2.99739256e-034 5.22607593e-038
  3.64343459e-038 4.23537560e-034 5.87254866e-020 4.82284465e-036
  1.00000000e+000 1.18346672e-066 1.43159255e-033 1.03174109e-010
  1.60064958e-026 4.18023691e-025 1.75269641e-031 2.15736492e-035
  2.16523621e-041 9.86148062e-027 1.31800343e-069 5.82400503e-016
  1.00000000e+000]
 [3.75539591e-041 1.16700367e-055 2.95426707e-082 3.38477963e-096
  2.05401653e-086 2.53103197e-023 1.52884317e-050 2.79893799e-064
  1.18346672e-066 1.00000000e+000 1.69197632e-045 1.32360139e-060
  1.36765155e-077 1.85784993e-037 3.97523526e-090 3.43414990e-031
  1.14607857e-063 2.47942775e-062 9.49800791e-075 1.48430582e-055
  1.00000000e+000]
 [3.83242876e-024 7.50794303e-007 4.57769931e-035 1.59761826e-024
  1.56508370e-053 3.07194291e-021 5.13050757e-033 3.15246443e-022
  1.43159255e-033 1.69197632e-045 1.00000000e+000 6.08749633e-021
  8.79766706e-022 9.29903771e-038 5.69939718e-044 3.85872081e-026
  1.72474671e-014 1.06521613e-046 2.10582081e-046 1.59238651e-008
  1.00000000e+000]
 [4.44873143e-023 5.04974356e-012 6.30335668e-039 1.41440662e-032
  3.52998764e-057 1.47613486e-025 3.37179362e-009 1.22941292e-035
  1.03174109e-010 1.32360139e-060 6.08749633e-021 1.00000000e+000
  3.41088178e-012 1.89388077e-041 1.07582515e-033 1.19056672e-020
  9.32529190e-036 7.20651355e-051 1.01571664e-083 1.80800518e-019
  1.00000000e+000]
 [2.24078006e-014 1.17498450e-018 2.68910261e-073 1.68236911e-042
  2.10782151e-076 5.01777428e-052 3.97020684e-036 2.16482347e-034
  1.60064958e-026 1.36765155e-077 8.79766706e-022 3.41088178e-012
  1.00000000e+000 1.79932483e-048 1.11827845e-046 2.60650649e-027
  1.33936069e-018 4.36092347e-072 3.39148357e-104 5.97620473e-023
  1.00000000e+000]
 [1.92498333e-030 2.02826361e-028 1.49927155e-057 3.65087392e-080
  1.05685333e-050 5.89381710e-043 1.92835945e-045 6.93039194e-043
  4.18023691e-025 1.85784993e-037 9.29903771e-038 1.89388077e-041
  1.79932483e-048 1.00000000e+000 2.80067480e-066 6.04365441e-035
  1.24009496e-028 6.61320370e-015 5.80929855e-058 7.78091902e-024
  1.00000000e+000]
 [4.55321591e-037 3.06526728e-037 1.97206990e-062 2.41860541e-025
  2.40873157e-100 3.11390839e-058 8.17202913e-042 2.68634751e-012
  1.75269641e-031 3.97523526e-090 5.69939718e-044 1.07582515e-033
  1.11827845e-046 2.80067480e-066 1.00000000e+000 9.30752214e-040
  1.23636651e-070 2.19314258e-047 4.31364885e-047 1.08360181e-029
  1.00000000e+000]
 [3.51420400e-012 2.66243552e-032 1.48558240e-071 7.79723728e-064
  8.95413881e-104 1.63479389e-032 3.45077268e-018 2.32612036e-027
  2.15736492e-035 3.43414990e-031 3.85872081e-026 1.19056672e-020
  2.60650649e-027 6.04365441e-035 9.30752214e-040 1.00000000e+000
  1.32070221e-038 2.41653267e-050 7.30705177e-073 3.29702089e-033
  1.00000000e+000]
 [1.01404234e-022 1.84463490e-017 4.26843436e-068 7.15452039e-056
  1.87236150e-062 1.95192413e-053 2.04678623e-059 3.84620322e-035
  2.16523621e-041 1.14607857e-063 1.72474671e-014 9.32529190e-036
  1.33936069e-018 1.24009496e-028 1.23636651e-070 1.32070221e-038
  1.00000000e+000 3.26242838e-053 2.60028756e-075 2.35183496e-016
  1.00000000e+000]
 [1.68657516e-054 6.33238913e-033 1.82013946e-037 4.68461395e-067
  3.44618247e-057 1.18556298e-049 3.16446480e-047 4.40607024e-037
  9.86148062e-027 2.47942775e-062 1.06521613e-046 7.20651355e-051
  4.36092347e-072 6.61320370e-015 2.19314258e-047 2.41653267e-050
  3.26242838e-053 1.00000000e+000 2.81929895e-028 6.88027916e-025
  1.00000000e+000]
 [4.78710165e-078 1.63408228e-049 1.48886963e-046 2.85323213e-051
  1.59386597e-087 2.89987815e-057 3.77930442e-080 2.91715810e-031
  1.31800343e-069 9.49800791e-075 2.10582081e-046 1.01571664e-083
  3.39148357e-104 5.80929855e-058 4.31364885e-047 7.30705177e-073
  2.60028756e-075 2.81929895e-028 1.00000000e+000 5.33893223e-036
  1.00000000e+000]
 [1.68478884e-023 2.83719056e-003 1.07402401e-028 1.04372750e-019
  1.70156840e-036 3.70846738e-028 1.22396682e-034 2.05514678e-015
  5.82400503e-016 1.48430582e-055 1.59238651e-008 1.80800518e-019
  5.97620473e-023 7.78091902e-024 1.08360181e-029 3.29702089e-033
  2.35183496e-016 6.88027916e-025 5.33893223e-036 1.00000000e+000
  1.00000000e+000]
 [1.00000000e+000 1.00000000e+000 1.00000000e+000 1.00000000e+000
  1.00000000e+000 1.00000000e+000 1.00000000e+000 1.00000000e+000
  1.00000000e+000 1.00000000e+000 1.00000000e+000 1.00000000e+000
  1.00000000e+000 1.00000000e+000 1.00000000e+000 1.00000000e+000
  1.00000000e+000 1.00000000e+000 1.00000000e+000 1.00000000e+000
  0.00000000e+000]]
