[[1.00000000e+000 2.05025625e-019 6.84665085e-033 2.01967658e-022
  6.81043113e-038 1.46655321e-010 4.10627098e-051 2.95321870e-057
  1.33623394e-061 3.09193773e-038 2.64631730e-032 7.16236181e-017
  7.35576466e-040 4.25844525e-027 5.55244340e-020 8.71033160e-037
  1.69576813e-010 3.48586067e-045 2.27527764e-020 1.03503479e-041
  1.00000000e+000]
 [2.05025625e-019 1.00000000e+000 1.28122479e-058 4.49457875e-051
  1.21010809e-034 2.70104484e-047 2.44650003e-050 1.83407037e-067
  3.01677988e-063 5.08213233e-044 1.42849410e-026 7.59156454e-044
  1.28626852e-040 5.25371610e-059 4.22902056e-029 2.49456544e-058
  1.26133436e-034 2.26152612e-054 3.52513559e-050 1.00840777e-083
  1.00000000e+000]
 [6.84665085e-033 1.28122479e-058 1.00000000e+000 4.78535616e-023
  2.74480661e-031 7.33783421e-033 2.02995192e-045 1.66790212e-057
  2.06248281e-046 9.50019111e-028 1.30633666e-056 6.96771452e-027
  1.18085165e-073 2.69394463e-011 2.62909205e-065 4.74082417e-039
  4.70594971e-025 1.03062822e-028 2.07485279e-020 2.18205893e-028
  1.00000000e+000]
 [2.01967658e-022 4.49457875e-051 4.78535616e-023 1.00000000e+000
  1.40749594e-038 1.07323027e-031 2.46803013e-020 8.32943065e-062
  9.44678908e-024 3.07108677e-010 1.03480504e-040 6.45279086e-007
  1.45593003e-026 6.05636616e-014 4.06295776e-064 1.40110584e-020
  1.08600680e-015 3.55355310e-035 7.71144439e-010 8.73949533e-013
  1.00000000e+000]
 [6.81043113e-038 1.21010809e-034 2.74480661e-031 1.40749594e-038
  1.00000000e+000 5.14720875e-070 4.70811295e-038 3.28963591e-044
  2.52479995e-030 6.27519574e-032 1.91585480e-033 3.37857725e-042
  7.70339101e-048 2.26750599e-037 2.60613493e-086 5.04843645e-029
  6.63499249e-032 5.43935263e-055 4.33279458e-029 1.45495237e-050
  1.00000000e+000]
 [1.46655321e-010 2.70104484e-047 7.33783421e-033 1.07323027e-031
  5.14720875e-070 1.00000000e+000 2.34964833e-075 5.06625404e-068
  2.36140644e-091 4.42072431e-057 1.34766909e-053 3.63492978e-028
  2.86452918e-068 2.69577718e-033 9.67853832e-018 4.13986216e-052
  2.10058657e-020 7.46813556e-045 3.47698653e-031 3.86444213e-042
  1.00000000e+000]
 [4.10627098e-051 2.44650003e-050 2.02995192e-045 2.46803013e-020
  4.70811295e-038 2.34964833e-075 1.00000000e+000 9.08771366e-072
  4.50376906e-018 2.17824656e-006 8.17352546e-037 9.12899300e-029
  3.14063064e-018 1.41116146e-041 6.50928722e-087 9.79142576e-031
  7.47493827e-033 1.63303796e-026 7.47124328e-027 6.88353307e-042
  1.00000000e+000]
 [2.95321870e-057 1.83407037e-067 1.66790212e-057 8.32943065e-062
  3.28963591e-044 5.06625404e-068 9.08771366e-072 1.00000000e+000
  1.90886302e-061 8.15176656e-066 8.89639387e-017 9.96993340e-089
  6.09748810e-055 3.74971005e-090 1.04431586e-083 2.14068147e-018
  4.69095031e-061 2.06561461e-057 1.16492940e-063 4.43602960e-039
  1.00000000e+000]
 [1.33623394e-061 3.01677988e-063 2.06248281e-046 9.44678908e-024
  2.52479995e-030 2.36140644e-091 4.50376906e-018 1.90886302e-061
  1.00000000e+000 1.08495760e-010 1.70752742e-041 1.53735822e-041
  5.93368758e-029 4.04905673e-046 3.25770933e-121 4.15613769e-027
  3.74730286e-055 1.60517503e-060 3.39594439e-042 9.85711859e-033
  1.00000000e+000]
 [3.09193773e-038 5.08213233e-044 9.50019111e-028 3.07108677e-010
  6.27519574e-032 4.42072431e-057 2.17824656e-006 8.15176656e-066
  1.08495760e-010 1.00000000e+000 7.83465912e-037 1.58503731e-018
  4.61539635e-024 8.71044854e-025 2.98464955e-077 2.20457749e-028
  2.39467407e-029 9.71251734e-029 1.15788940e-022 5.67555638e-029
  1.00000000e+000]
 [2.64631730e-032 1.42849410e-026 1.30633666e-056 1.03480504e-040
  1.91585480e-033 1.34766909e-053 8.17352546e-037 8.89639387e-017
  1.70752742e-041 7.83465912e-037 1.00000000e+000 2.34366066e-056
  2.18529828e-018 1.80686263e-072 1.04365726e-050 4.05558622e-017
  2.19693408e-038 1.96701390e-039 4.65401535e-046 2.70379817e-043
  1.00000000e+000]
 [7.16236181e-017 7.59156454e-044 6.96771452e-027 6.45279086e-007
  3.37857725e-042 3.63492978e-028 9.12899300e-029 9.96993340e-089
  1.53735822e-041 1.58503731e-018 2.34366066e-056 1.00000000e+000
  1.89803973e-038 2.11197102e-008 3.81684362e-054 4.01237964e-040
  2.56627117e-010 4.20973257e-042 2.13232098e-008 5.46387618e-033
  1.00000000e+000]
 [7.35576466e-040 1.28626852e-040 1.18085165e-073 1.45593003e-026
  7.70339101e-048 2.86452918e-068 3.14063064e-018 6.09748810e-055
  5.93368758e-029 4.61539635e-024 2.18529828e-018 1.89803973e-038
  1.00000000e+000 1.78751798e-066 2.27036388e-073 7.68927114e-022
  7.79026925e-037 1.04451123e-050 4.70825361e-038 1.88364633e-042
  1.00000000e+000]
 [4.25844525e-027 5.25371610e-059 2.69394463e-011 6.05636616e-014
  2.26750599e-037 2.69577718e-033 1.41116146e-041 3.74971005e-090
  4.04905673e-046 8.71044854e-025 1.80686263e-072 2.11197102e-008
  1.78751798e-066 1.00000000e+000 4.44248831e-070 1.00983158e-047
  1.79994916e-017 1.06835165e-044 2.57403834e-011 1.44370614e-033
  1.00000000e+000]
 [5.55244340e-020 4.22902056e-029 2.62909205e-065 4.06295776e-064
  2.60613493e-086 9.67853832e-018 6.50928722e-087 1.04431586e-083
  3.25770933e-121 2.98464955e-077 1.04365726e-050 3.81684362e-054
  2.27036388e-073 4.44248831e-070 1.00000000e+000 2.51614353e-080
  2.23035838e-036 1.39890658e-048 9.34282537e-060 4.90692049e-089
  1.00000000e+000]
 [8.71033160e-037 2.49456544e-058 4.74082417e-039 1.40110584e-020
  5.04843645e-029 4.13986216e-052 9.79142576e-031 2.14068147e-018
  4.15613769e-027 2.20457749e-028 4.05558622e-017 4.01237964e-040
  7.68927114e-022 1.00983158e-047 2.51614353e-080 1.00000000e+000
  1.07282826e-028 1.80025941e-041 9.24868681e-024 4.18625883e-012
  1.00000000e+000]
 [1.69576813e-010 1.26133436e-034 4.70594971e-025 1.08600680e-015
  6.63499249e-032 2.10058657e-020 7.47493827e-033 4.69095031e-061
  3.74730286e-055 2.39467407e-029 2.19693408e-038 2.56627117e-010
  7.79026925e-037 1.79994916e-017 2.23035838e-036 1.07282826e-028
  1.00000000e+000 2.54516809e-028 2.66442994e-004 2.57066233e-034
  1.00000000e+000]
 [3.48586067e-045 2.26152612e-054 1.03062822e-028 3.55355310e-035
  5.43935263e-055 7.46813556e-045 1.63303796e-026 2.06561461e-057
  1.60517503e-060 9.71251734e-029 1.96701390e-039 4.20973257e-042
  1.04451123e-050 1.06835165e-044 1.39890658e-048 1.80025941e-041
  2.54516809e-028 1.00000000e+000 1.98967672e-031 2.26493347e-046
  1.00000000e+000]
 [2.27527764e-020 3.52513559e-050 2.07485279e-020 7.71144439e-010
  4.33279458e-029 3.47698653e-031 7.47124328e-027 1.16492940e-063
  3.39594439e-042 1.15788940e-022 4.65401535e-046 2.13232098e-008
  4.70825361e-038 2.57403834e-011 9.34282537e-060 9.24868681e-024
  2.66442994e-004 1.98967672e-031 1.00000000e+000 2.75860783e-024
  1.00000000e+000]
 [1.03503479e-041 1.00840777e-083 2.18205893e-028 8.73949533e-013
  1.45495237e-050 3.86444213e-042 6.88353307e-042 4.43602960e-039
  9.85711859e-033 5.67555638e-029 2.70379817e-043 5.46387618e-033
  1.88364633e-042 1.44370614e-033 4.90692049e-089 4.18625883e-012
  2.57066233e-034 2.26493347e-046 2.75860783e-024 1.00000000e+000
  1.00000000e+000]
 [1.00000000e+000 1.00000000e+000 1.00000000e+000 1.00000000e+000
  1.00000000e+000 1.00000000e+000 1.00000000e+000 1.00000000e+000
  1.00000000e+000 1.00000000e+000 1.00000000e+000 1.00000000e+000
  1.00000000e+000 1.00000000e+000 1.00000000e+000 1.00000000e+000
  1.00000000e+000 1.00000000e+000 1.00000000e+000 1.00000000e+000
  0.00000000e+000]]
