[[1.00000000e+000 3.68484302e-031 1.17637226e-058 4.97635254e-051
  1.39355021e-050 3.99778446e-051 1.58472839e-046 1.67929676e-027
  2.98193453e-044 8.75571105e-074 5.81329472e-077 5.34170550e-061
  1.50770268e-050 2.09350955e-007 1.37320705e-025 6.89918176e-051
  1.83763290e-013 3.15561809e-060 2.10260654e-040 3.18296714e-067
  1.00000000e+000]
 [3.68484302e-031 1.00000000e+000 2.35404560e-015 3.81866298e-011
  1.49110052e-028 1.43142654e-048 7.06156648e-024 2.58047512e-023
  7.64776149e-043 5.89269907e-017 3.20009188e-031 1.69904245e-040
  1.41189640e-015 5.93097083e-017 1.89392355e-029 7.19811743e-027
  8.03710581e-034 3.28028829e-047 5.35306489e-047 5.51381371e-037
  1.00000000e+000]
 [1.17637226e-058 2.35404560e-015 1.00000000e+000 4.70033633e-004
  1.83825321e-042 5.75447981e-060 1.11107242e-038 2.21372572e-041
  2.49307110e-053 3.80362022e-038 2.72352381e-038 8.85691119e-047
  1.14120834e-007 5.47139670e-033 6.37141453e-043 3.11386900e-015
  1.12201049e-054 8.40151884e-060 3.68793803e-078 1.47732773e-045
  1.00000000e+000]
 [4.97635254e-051 3.81866298e-011 4.70033633e-004 1.00000000e+000
  7.53097215e-031 4.61208376e-055 9.54507656e-031 1.77159355e-046
  1.08809734e-060 1.56528272e-035 3.87378262e-033 1.20946657e-038
  1.16557693e-011 2.31784795e-029 4.13469950e-029 3.66844402e-011
  9.41965749e-058 1.72238989e-067 4.36233709e-068 3.58452362e-055
  1.00000000e+000]
 [1.39355021e-050 1.49110052e-028 1.83825321e-042 7.53097215e-031
  1.00000000e+000 1.66418005e-021 1.03691629e-002 4.62705101e-055
  4.76143190e-051 6.81120147e-042 4.40947348e-039 2.05082647e-061
  5.08894770e-055 3.76474861e-034 5.73683246e-030 3.34918158e-026
  2.11285432e-056 1.38067353e-069 2.49711201e-028 5.52443882e-068
  1.00000000e+000]
 [3.99778446e-051 1.43142654e-048 5.75447981e-060 4.61208376e-055
  1.66418005e-021 1.00000000e+000 1.49101915e-021 7.97742432e-057
  6.92927954e-063 2.05074592e-059 4.91331657e-036 4.34136981e-109
  3.55658792e-055 5.28280815e-044 6.83285884e-044 5.29368572e-052
  2.55825273e-053 1.91138931e-045 1.78203720e-013 1.80066947e-081
  1.00000000e+000]
 [1.58472839e-046 7.06156648e-024 1.11107242e-038 9.54507656e-031
  1.03691629e-002 1.49101915e-021 1.00000000e+000 1.27876164e-043
  7.77929142e-036 2.32455358e-036 2.02489883e-042 1.16206599e-063
  4.78680260e-050 1.95612920e-029 5.66891690e-037 6.76927919e-029
  1.96184281e-044 1.05697218e-061 1.69489958e-029 2.47262180e-055
  1.00000000e+000]
 [1.67929676e-027 2.58047512e-023 2.21372572e-041 1.77159355e-046
  4.62705101e-055 7.97742432e-057 1.27876164e-043 1.00000000e+000
  8.23126956e-020 3.04283591e-036 4.72985635e-057 2.10206050e-048
  2.15170209e-040 2.51134486e-013 4.32915377e-047 5.73314637e-047
  1.14735555e-009 9.47473630e-020 1.48877089e-044 2.42809687e-011
  1.00000000e+000]
 [2.98193453e-044 7.64776149e-043 2.49307110e-053 1.08809734e-060
  4.76143190e-051 6.92927954e-063 7.77929142e-036 8.23126956e-020
  1.00000000e+000 7.90954201e-068 2.08521523e-099 3.52219599e-073
  1.06354488e-064 1.89184628e-025 9.55954690e-076 1.87466674e-053
  2.67508863e-014 1.07207891e-057 4.39885510e-069 1.19073328e-028
  1.00000000e+000]
 [8.75571105e-074 5.89269907e-017 3.80362022e-038 1.56528272e-035
  6.81120147e-042 2.05074592e-059 2.32455358e-036 3.04283591e-036
  7.90954201e-068 1.00000000e+000 3.20102591e-020 4.82109640e-063
  1.67717776e-038 4.26391915e-050 2.42989227e-058 6.74576638e-055
  7.14292422e-066 4.09489129e-038 6.09994554e-049 9.98053879e-034
  1.00000000e+000]
 [5.81329472e-077 3.20009188e-031 2.72352381e-038 3.87378262e-033
  4.40947348e-039 4.91331657e-036 2.02489883e-042 4.72985635e-057
  2.08521523e-099 3.20102591e-020 1.00000000e+000 3.56648554e-073
  5.77906888e-034 4.62371037e-057 8.64566290e-039 3.99525067e-044
  2.62366914e-084 1.04550483e-034 6.69196705e-034 2.98971696e-062
  1.00000000e+000]
 [5.34170550e-061 1.69904245e-040 8.85691119e-047 1.20946657e-038
  2.05082647e-061 4.34136981e-109 1.16206599e-063 2.10206050e-048
  3.52219599e-073 4.82109640e-063 3.56648554e-073 1.00000000e+000
  7.01876843e-069 3.99100853e-035 2.83902085e-030 3.02055816e-024
  4.73592243e-067 1.06195581e-081 1.89172971e-088 2.53883142e-046
  1.00000000e+000]
 [1.50770268e-050 1.41189640e-015 1.14120834e-007 1.16557693e-011
  5.08894770e-055 3.55658792e-055 4.78680260e-050 2.15170209e-040
  1.06354488e-064 1.67717776e-038 5.77906888e-034 7.01876843e-069
  1.00000000e+000 1.46933479e-034 1.37722188e-046 7.03961780e-033
  2.22382241e-051 2.97918907e-051 1.61569642e-071 9.65765108e-056
  1.00000000e+000]
 [2.09350955e-007 5.93097083e-017 5.47139670e-033 2.31784795e-029
  3.76474861e-034 5.28280815e-044 1.95612920e-029 2.51134486e-013
  1.89184628e-025 4.26391915e-050 4.62371037e-057 3.99100853e-035
  1.46933479e-034 1.00000000e+000 5.23524942e-019 9.83513121e-026
  1.99798094e-009 5.47073624e-043 1.39909635e-037 8.85503910e-037
  1.00000000e+000]
 [1.37320705e-025 1.89392355e-029 6.37141453e-043 4.13469950e-029
  5.73683246e-030 6.83285884e-044 5.66891690e-037 4.32915377e-047
  9.55954690e-076 2.42989227e-058 8.64566290e-039 2.83902085e-030
  1.37722188e-046 5.23524942e-019 1.00000000e+000 3.87696974e-020
  7.23981492e-050 2.50734645e-060 6.84979263e-033 4.95619386e-071
  1.00000000e+000]
 [6.89918176e-051 7.19811743e-027 3.11386900e-015 3.66844402e-011
  3.34918158e-026 5.29368572e-052 6.76927919e-029 5.73314637e-047
  1.87466674e-053 6.74576638e-055 3.99525067e-044 3.02055816e-024
  7.03961780e-033 9.83513121e-026 3.87696974e-020 1.00000000e+000
  4.62370421e-055 1.44895272e-066 8.02758749e-062 1.31405011e-051
  1.00000000e+000]
 [1.83763290e-013 8.03710581e-034 1.12201049e-054 9.41965749e-058
  2.11285432e-056 2.55825273e-053 1.96184281e-044 1.14735555e-009
  2.67508863e-014 7.14292422e-066 2.62366914e-084 4.73592243e-067
  2.22382241e-051 1.99798094e-009 7.23981492e-050 4.62370421e-055
  1.00000000e+000 3.85555272e-041 1.09274668e-047 2.48642257e-035
  1.00000000e+000]
 [3.15561809e-060 3.28028829e-047 8.40151884e-060 1.72238989e-067
  1.38067353e-069 1.91138931e-045 1.05697218e-061 9.47473630e-020
  1.07207891e-057 4.09489129e-038 1.04550483e-034 1.06195581e-081
  2.97918907e-051 5.47073624e-043 2.50734645e-060 1.44895272e-066
  3.85555272e-041 1.00000000e+000 2.49994145e-033 4.35875913e-025
  1.00000000e+000]
 [2.10260654e-040 5.35306489e-047 3.68793803e-078 4.36233709e-068
  2.49711201e-028 1.78203720e-013 1.69489958e-029 1.48877089e-044
  4.39885510e-069 6.09994554e-049 6.69196705e-034 1.89172971e-088
  1.61569642e-071 1.39909635e-037 6.84979263e-033 8.02758749e-062
  1.09274668e-047 2.49994145e-033 1.00000000e+000 3.29725100e-069
  1.00000000e+000]
 [3.18296714e-067 5.51381371e-037 1.47732773e-045 3.58452362e-055
  5.52443882e-068 1.80066947e-081 2.47262180e-055 2.42809687e-011
  1.19073328e-028 9.98053879e-034 2.98971696e-062 2.53883142e-046
  9.65765108e-056 8.85503910e-037 4.95619386e-071 1.31405011e-051
  2.48642257e-035 4.35875913e-025 3.29725100e-069 1.00000000e+000
  1.00000000e+000]
 [1.00000000e+000 1.00000000e+000 1.00000000e+000 1.00000000e+000
  1.00000000e+000 1.00000000e+000 1.00000000e+000 1.00000000e+000
  1.00000000e+000 1.00000000e+000 1.00000000e+000 1.00000000e+000
  1.00000000e+000 1.00000000e+000 1.00000000e+000 1.00000000e+000
  1.00000000e+000 1.00000000e+000 1.00000000e+000 1.00000000e+000
  0.00000000e+000]]
