[[1.00000000e+000 8.50359511e-053 1.19169338e-025 3.42132226e-066
  9.80161926e-040 8.04332833e-075 1.97404873e-024 6.46560705e-028
  3.14140430e-043 4.64848789e-053 9.54585197e-044 1.28737315e-005
  6.17177676e-045 1.30826003e-057 2.53027267e-026 6.33483129e-037
  1.05536899e-039 6.26347841e-032 4.67567174e-030 3.11483199e-033
  1.00000000e+000]
 [8.50359511e-053 1.00000000e+000 4.64370094e-036 5.64541555e-027
  1.24840523e-015 6.62946285e-046 4.57733397e-064 1.82750398e-080
  1.30583551e-071 7.00616059e-070 1.75841152e-056 3.86551678e-038
  7.45387500e-014 6.85992336e-051 8.35233529e-029 6.19976808e-032
  1.27583660e-065 6.59166567e-049 1.68456416e-026 2.86003106e-053
  1.00000000e+000]
 [1.19169338e-025 4.64370094e-036 1.00000000e+000 2.10062204e-078
  2.05876437e-042 2.19582106e-050 1.57674631e-035 2.09089159e-027
  1.87839774e-079 1.29918036e-065 1.07464206e-025 2.80012006e-028
  3.95050633e-041 1.50389976e-052 3.42148162e-022 6.03022422e-026
  2.94428190e-024 1.02676433e-026 6.55405603e-019 1.00878894e-066
  1.00000000e+000]
 [3.42132226e-066 5.64541555e-027 2.10062204e-078 1.00000000e+000
  1.61780172e-019 1.02678379e-033 3.72701651e-052 3.11976718e-130
  3.94042975e-061 2.42899993e-081 2.45398057e-078 2.17968737e-049
  3.05469321e-016 1.21782502e-046 6.30371869e-052 2.34663599e-052
  1.03233854e-099 1.39089504e-068 1.70097265e-050 1.60834764e-032
  1.00000000e+000]
 [9.80161926e-040 1.24840523e-015 2.05876437e-042 1.61780172e-019
  1.00000000e+000 1.87954797e-034 4.81548885e-042 1.52050841e-071
  2.01939421e-036 3.05365809e-028 1.73949019e-033 4.16404144e-031
  1.49052498e-023 2.90865318e-027 1.29334709e-036 5.60178246e-041
  1.88442540e-055 1.76525773e-032 9.51230896e-048 1.53410214e-026
  1.00000000e+000]
 [8.04332833e-075 6.62946285e-046 2.19582106e-050 1.02678379e-033
  1.87954797e-034 1.00000000e+000 2.38115614e-035 2.54062209e-121
  6.08942619e-071 2.29238796e-073 3.71723345e-037 9.67419819e-067
  2.02446269e-038 9.84890912e-029 3.57694608e-061 5.82777547e-044
  9.58443237e-065 3.46302393e-039 3.10614092e-052 9.77348635e-069
  1.00000000e+000]
 [1.97404873e-024 4.57733397e-064 1.57674631e-035 3.72701651e-052
  4.81548885e-042 2.38115614e-035 1.00000000e+000 9.55603579e-057
  3.11146836e-043 3.55294516e-057 2.94655617e-027 5.49783869e-021
  3.27071021e-051 1.48386650e-022 3.10269028e-027 2.19683217e-024
  1.21664289e-065 5.11137187e-041 1.25037312e-038 7.42297985e-031
  1.00000000e+000]
 [6.46560705e-028 1.82750398e-080 2.09089159e-027 3.11976718e-130
  1.52050841e-071 2.54062209e-121 9.55603579e-057 1.00000000e+000
  5.30135548e-097 7.74953883e-069 3.92314492e-048 2.40062152e-035
  1.13764173e-089 1.02399946e-082 1.36677039e-034 5.80842352e-061
  1.40102602e-058 5.76427600e-068 1.62000904e-060 9.34544464e-064
  1.00000000e+000]
 [3.14140430e-043 1.30583551e-071 1.87839774e-079 3.94042975e-061
  2.01939421e-036 6.08942619e-071 3.11146836e-043 5.30135548e-097
  1.00000000e+000 1.01455940e-022 4.17228785e-043 5.92221580e-035
  1.77319567e-084 1.68205675e-031 3.37725928e-070 1.73449315e-053
  1.67410865e-090 5.32511113e-037 4.69675438e-088 1.96347593e-053
  1.00000000e+000]
 [4.64848789e-053 7.00616059e-070 1.29918036e-065 2.42899993e-081
  3.05365809e-028 2.29238796e-073 3.55294516e-057 7.74953883e-069
  1.01455940e-022 1.00000000e+000 8.85733326e-023 3.83228930e-052
  2.67887442e-093 1.58477903e-032 4.57228118e-075 2.55439718e-072
  2.33278993e-067 1.08586465e-033 1.01593903e-105 4.87855850e-057
  1.00000000e+000]
 [9.54585197e-044 1.75841152e-056 1.07464206e-025 2.45398057e-078
  1.73949019e-033 3.71723345e-037 2.94655617e-027 3.92314492e-048
  4.17228785e-043 8.85733326e-023 1.00000000e+000 3.44581059e-042
  9.12192703e-073 3.23439163e-016 1.60362399e-043 1.21541308e-034
  4.80637681e-046 2.96280023e-022 1.97436997e-062 4.22990401e-062
  1.00000000e+000]
 [1.28737315e-005 3.86551678e-038 2.80012006e-028 2.17968737e-049
  4.16404144e-031 9.67419819e-067 5.49783869e-021 2.40062152e-035
  5.92221580e-035 3.83228930e-052 3.44581059e-042 1.00000000e+000
  4.54396298e-037 5.41559053e-042 5.08908880e-014 1.88659930e-020
  1.18133299e-058 1.89473620e-038 2.60415745e-023 6.64180069e-026
  1.00000000e+000]
 [6.17177676e-045 7.45387500e-014 3.95050633e-041 3.05469321e-016
  1.49052498e-023 2.02446269e-038 3.27071021e-051 1.13764173e-089
  1.77319567e-084 2.67887442e-093 9.12192703e-073 4.54396298e-037
  1.00000000e+000 8.86721308e-065 5.80811796e-033 1.03207818e-042
  1.37378260e-059 1.65769646e-054 7.52876187e-019 4.18510951e-040
  1.00000000e+000]
 [1.30826003e-057 6.85992336e-051 1.50389976e-052 1.21782502e-046
  2.90865318e-027 9.84890912e-029 1.48386650e-022 1.02399946e-082
  1.68205675e-031 1.58477903e-032 3.23439163e-016 5.41559053e-042
  8.86721308e-065 1.00000000e+000 1.01840110e-039 5.26347414e-026
  3.61800826e-091 2.49408623e-045 6.00105446e-066 1.59133045e-044
  1.00000000e+000]
 [2.53027267e-026 8.35233529e-029 3.42148162e-022 6.30371869e-052
  1.29334709e-036 3.57694608e-061 3.10269028e-027 1.36677039e-034
  3.37725928e-070 4.57228118e-075 1.60362399e-043 5.08908880e-014
  5.80811796e-033 1.01840110e-039 1.00000000e+000 1.20419383e-011
  2.93296554e-076 2.88276331e-061 4.45458981e-016 6.53418682e-033
  1.00000000e+000]
 [6.33483129e-037 6.19976808e-032 6.03022422e-026 2.34663599e-052
  5.60178246e-041 5.82777547e-044 2.19683217e-024 5.80842352e-061
  1.73449315e-053 2.55439718e-072 1.21541308e-034 1.88659930e-020
  1.03207818e-042 5.26347414e-026 1.20419383e-011 1.00000000e+000
  3.65778756e-080 2.29208751e-047 1.03331694e-018 1.04246860e-055
  1.00000000e+000]
 [1.05536899e-039 1.27583660e-065 2.94428190e-024 1.03233854e-099
  1.88442540e-055 9.58443237e-065 1.21664289e-065 1.40102602e-058
  1.67410865e-090 2.33278993e-067 4.80637681e-046 1.18133299e-058
  1.37378260e-059 3.61800826e-091 2.93296554e-076 3.65778756e-080
  1.00000000e+000 5.59136439e-017 2.36601610e-055 2.81399598e-094
  1.00000000e+000]
 [6.26347841e-032 6.59166567e-049 1.02676433e-026 1.39089504e-068
  1.76525773e-032 3.46302393e-039 5.11137187e-041 5.76427600e-068
  5.32511113e-037 1.08586465e-033 2.96280023e-022 1.89473620e-038
  1.65769646e-054 2.49408623e-045 2.88276331e-061 2.29208751e-047
  5.59136439e-017 1.00000000e+000 3.07015524e-050 1.84598693e-075
  1.00000000e+000]
 [4.67567174e-030 1.68456416e-026 6.55405603e-019 1.70097265e-050
  9.51230896e-048 3.10614092e-052 1.25037312e-038 1.62000904e-060
  4.69675438e-088 1.01593903e-105 1.97436997e-062 2.60415745e-023
  7.52876187e-019 6.00105446e-066 4.45458981e-016 1.03331694e-018
  2.36601610e-055 3.07015524e-050 1.00000000e+000 1.26228421e-059
  1.00000000e+000]
 [3.11483199e-033 2.86003106e-053 1.00878894e-066 1.60834764e-032
  1.53410214e-026 9.77348635e-069 7.42297985e-031 9.34544464e-064
  1.96347593e-053 4.87855850e-057 4.22990401e-062 6.64180069e-026
  4.18510951e-040 1.59133045e-044 6.53418682e-033 1.04246860e-055
  2.81399598e-094 1.84598693e-075 1.26228421e-059 1.00000000e+000
  1.00000000e+000]
 [1.00000000e+000 1.00000000e+000 1.00000000e+000 1.00000000e+000
  1.00000000e+000 1.00000000e+000 1.00000000e+000 1.00000000e+000
  1.00000000e+000 1.00000000e+000 1.00000000e+000 1.00000000e+000
  1.00000000e+000 1.00000000e+000 1.00000000e+000 1.00000000e+000
  1.00000000e+000 1.00000000e+000 1.00000000e+000 1.00000000e+000
  0.00000000e+000]]
