[[1.00000000e+00 6.73607820e-16 1.05709596e-44 ... 3.09067650e-40
  7.04916338e-30 1.00000000e+00]
 [6.73607820e-16 1.00000000e+00 5.82873177e-53 ... 1.26384814e-43
  2.44761993e-28 1.00000000e+00]
 [1.05709596e-44 5.82873177e-53 1.00000000e+00 ... 6.38722599e-26
  9.51823413e-30 1.00000000e+00]
 ...
 [3.09067650e-40 1.26384814e-43 6.38722599e-26 ... 1.00000000e+00
  5.95293018e-44 1.00000000e+00]
 [7.04916338e-30 2.44761993e-28 9.51823413e-30 ... 5.95293018e-44
  1.00000000e+00 1.00000000e+00]
 [1.00000000e+00 1.00000000e+00 1.00000000e+00 ... 1.00000000e+00
  1.00000000e+00 0.00000000e+00]]
