[[1.00000000e+00 2.27374770e-42 7.70267273e-67 ... 1.99495517e-71
  5.92517895e-64 1.00000000e+00]
 [2.27374770e-42 1.00000000e+00 1.29887668e-40 ... 4.29616554e-87
  3.71075008e-85 1.00000000e+00]
 [7.70267273e-67 1.29887668e-40 1.00000000e+00 ... 1.56342851e-44
  3.98746934e-53 1.00000000e+00]
 ...
 [1.99495517e-71 4.29616554e-87 1.56342851e-44 ... 1.00000000e+00
  8.90001673e-20 1.00000000e+00]
 [5.92517895e-64 3.71075008e-85 3.98746934e-53 ... 8.90001673e-20
  1.00000000e+00 1.00000000e+00]
 [1.00000000e+00 1.00000000e+00 1.00000000e+00 ... 1.00000000e+00
  1.00000000e+00 0.00000000e+00]]
