[[1.00000000e+00 2.51687895e-33 1.26248204e-49 9.36496534e-36
  3.99673546e-32 1.52504056e-09 4.06196105e-27 1.27937405e-69
  4.02492657e-40 1.10909173e-59 1.84566154e-45 4.14493670e-17
  5.99362493e-30 3.05224951e-52 4.55823924e-27 1.22993456e-35
  6.38848620e-48 1.89795295e-31 1.75137165e-39 6.96323453e-67
  1.00000000e+00]
 [2.51687895e-33 1.00000000e+00 2.05155850e-44 9.21351917e-39
  9.40947227e-32 5.71478894e-23 1.47381738e-16 5.87791650e-18
  3.12669073e-32 3.00255895e-16 1.32216696e-29 3.38625041e-15
  1.74970001e-35 4.79870880e-10 2.78132853e-34 3.64298051e-14
  6.50824740e-41 3.06717368e-21 4.78572881e-14 2.13967870e-12
  1.00000000e+00]
 [1.26248204e-49 2.05155850e-44 1.00000000e+00 2.17562697e-15
  2.20925000e-41 7.25158246e-28 7.37547823e-63 4.15719981e-69
  5.79248301e-82 1.08860417e-40 1.16665004e-38 1.07442536e-42
  5.66872904e-46 3.04082536e-34 9.55597915e-52 6.74951231e-42
  1.39754644e-75 2.00269717e-36 1.71061909e-63 9.97502167e-40
  1.00000000e+00]
 [9.36496534e-36 9.21351917e-39 2.17562697e-15 1.00000000e+00
  1.47383399e-20 6.58546574e-19 2.31971935e-33 1.20333908e-85
  1.95240080e-60 5.62415976e-39 2.16893673e-22 3.66536751e-20
  1.73362148e-24 6.12834802e-25 9.36229437e-40 1.04002393e-57
  1.26187567e-39 3.99752965e-54 1.11893315e-55 1.59661078e-48
  1.00000000e+00]
 [3.99673546e-32 9.40947227e-32 2.20925000e-41 1.47383399e-20
  1.00000000e+00 7.67311478e-13 2.56174761e-21 1.99812451e-84
  4.79903478e-67 4.83709448e-33 7.31946867e-28 1.67524324e-24
  2.99324353e-38 2.45054807e-33 3.90454715e-54 1.61595041e-56
  1.59079459e-48 2.84918601e-62 1.54126655e-36 7.25921948e-51
  1.00000000e+00]
 [1.52504056e-09 5.71478894e-23 7.25158246e-28 6.58546574e-19
  7.67311478e-13 1.00000000e+00 8.21603680e-19 1.64062014e-59
  3.68537624e-54 4.68065243e-42 7.90459202e-27 8.71060710e-14
  3.15728201e-35 6.21395767e-32 2.29798915e-35 9.32022156e-28
  7.61297910e-45 1.02537912e-29 5.66327237e-25 4.19649860e-47
  1.00000000e+00]
 [4.06196105e-27 1.47381738e-16 7.37547823e-63 2.31971935e-33
  2.56174761e-21 8.21603680e-19 1.00000000e+00 7.34532533e-52
  4.16201167e-35 3.87516253e-43 1.06379114e-16 9.25682550e-06
  2.81291557e-38 3.23305157e-25 1.81002745e-32 3.61874371e-44
  5.87544029e-16 3.87575599e-55 2.18160784e-13 2.12865808e-42
  1.00000000e+00]
 [1.27937405e-69 5.87791650e-18 4.15719981e-69 1.20333908e-85
  1.99812451e-84 1.64062014e-59 7.34532533e-52 1.00000000e+00
  1.35278914e-51 4.72642629e-43 1.34481807e-54 1.70205313e-47
  2.69653221e-79 2.07621502e-37 2.10371099e-51 3.23260551e-17
  3.40466073e-72 2.91646987e-28 8.50564111e-25 4.99012452e-16
  1.00000000e+00]
 [4.02492657e-40 3.12669073e-32 5.79248301e-82 1.95240080e-60
  4.79903478e-67 3.68537624e-54 4.16201167e-35 1.35278914e-51
  1.00000000e+00 3.62903419e-45 1.54067143e-43 1.71106609e-23
  3.39143828e-19 7.79540515e-50 7.60290945e-10 1.87190389e-61
  1.20621202e-25 1.47055912e-58 5.72030404e-52 1.22820966e-43
  1.00000000e+00]
 [1.10909173e-59 3.00255895e-16 1.08860417e-40 5.62415976e-39
  4.83709448e-33 4.68065243e-42 3.87516253e-43 4.72642629e-43
  3.62903419e-45 1.00000000e+00 8.80477121e-44 7.02068530e-38
  6.05521361e-30 7.93366072e-16 1.25771365e-49 8.48637586e-40
  3.41703743e-64 3.42317314e-41 2.23591966e-47 2.30897767e-11
  1.00000000e+00]
 [1.84566154e-45 1.32216696e-29 1.16665004e-38 2.16893673e-22
  7.31946867e-28 7.90459202e-27 1.06379114e-16 1.34481807e-54
  1.54067143e-43 8.80477121e-44 1.00000000e+00 3.39670016e-14
  5.81391190e-42 7.27993057e-30 1.66422681e-25 2.77187243e-57
  2.05389161e-13 3.42726788e-67 1.68625492e-23 2.97447051e-33
  1.00000000e+00]
 [4.14493670e-17 3.38625041e-15 1.07442536e-42 3.66536751e-20
  1.67524324e-24 8.71060710e-14 9.25682550e-06 1.70205313e-47
  1.71106609e-23 7.02068530e-38 3.39670016e-14 1.00000000e+00
  1.58070201e-21 7.67296452e-21 7.92372709e-17 3.29193573e-36
  4.16084836e-13 1.06183652e-39 1.00296688e-20 1.65914141e-36
  1.00000000e+00]
 [5.99362493e-30 1.74970001e-35 5.66872904e-46 1.73362148e-24
  2.99324353e-38 3.15728201e-35 2.81291557e-38 2.69653221e-79
  3.39143828e-19 6.05521361e-30 5.81391190e-42 1.58070201e-21
  1.00000000e+00 2.47140805e-36 1.54915153e-19 5.74850592e-63
  8.11656885e-37 3.03672303e-52 2.79174583e-68 2.49502315e-47
  1.00000000e+00]
 [3.05224951e-52 4.79870880e-10 3.04082536e-34 6.12834802e-25
  2.45054807e-33 6.21395767e-32 3.23305157e-25 2.07621502e-37
  7.79540515e-50 7.93366072e-16 7.27993057e-30 7.67296452e-21
  2.47140805e-36 1.00000000e+00 1.32677279e-49 9.12777936e-30
  7.37320111e-45 6.01027233e-35 2.23881941e-32 5.36972351e-16
  1.00000000e+00]
 [4.55823924e-27 2.78132853e-34 9.55597915e-52 9.36229437e-40
  3.90454715e-54 2.29798915e-35 1.81002745e-32 2.10371099e-51
  7.60290945e-10 1.25771365e-49 1.66422681e-25 7.92372709e-17
  1.54915153e-19 1.32677279e-49 1.00000000e+00 3.80923176e-53
  2.97905088e-20 1.06626604e-49 1.02751011e-43 2.75175540e-42
  1.00000000e+00]
 [1.22993456e-35 3.64298051e-14 6.74951231e-42 1.04002393e-57
  1.61595041e-56 9.32022156e-28 3.61874371e-44 3.23260551e-17
  1.87190389e-61 8.48637586e-40 2.77187243e-57 3.29193573e-36
  5.74850592e-63 9.12777936e-30 3.80923176e-53 1.00000000e+00
  1.15259742e-80 1.73920627e-04 7.17028951e-26 5.80964819e-28
  1.00000000e+00]
 [6.38848620e-48 6.50824740e-41 1.39754644e-75 1.26187567e-39
  1.59079459e-48 7.61297910e-45 5.87544029e-16 3.40466073e-72
  1.20621202e-25 3.41703743e-64 2.05389161e-13 4.16084836e-13
  8.11656885e-37 7.37320111e-45 2.97905088e-20 1.15259742e-80
  1.00000000e+00 3.87369887e-88 3.88641681e-38 3.99285075e-56
  1.00000000e+00]
 [1.89795295e-31 3.06717368e-21 2.00269717e-36 3.99752965e-54
  2.84918601e-62 1.02537912e-29 3.87575599e-55 2.91646987e-28
  1.47055912e-58 3.42317314e-41 3.42726788e-67 1.06183652e-39
  3.03672303e-52 6.01027233e-35 1.06626604e-49 1.73920627e-04
  3.87369887e-88 1.00000000e+00 4.97623661e-43 5.77395062e-35
  1.00000000e+00]
 [1.75137165e-39 4.78572881e-14 1.71061909e-63 1.11893315e-55
  1.54126655e-36 5.66327237e-25 2.18160784e-13 8.50564111e-25
  5.72030404e-52 2.23591966e-47 1.68625492e-23 1.00296688e-20
  2.79174583e-68 2.23881941e-32 1.02751011e-43 7.17028951e-26
  3.88641681e-38 4.97623661e-43 1.00000000e+00 3.78537273e-31
  1.00000000e+00]
 [6.96323453e-67 2.13967870e-12 9.97502167e-40 1.59661078e-48
  7.25921948e-51 4.19649860e-47 2.12865808e-42 4.99012452e-16
  1.22820966e-43 2.30897767e-11 2.97447051e-33 1.65914141e-36
  2.49502315e-47 5.36972351e-16 2.75175540e-42 5.80964819e-28
  3.99285075e-56 5.77395062e-35 3.78537273e-31 1.00000000e+00
  1.00000000e+00]
 [1.00000000e+00 1.00000000e+00 1.00000000e+00 1.00000000e+00
  1.00000000e+00 1.00000000e+00 1.00000000e+00 1.00000000e+00
  1.00000000e+00 1.00000000e+00 1.00000000e+00 1.00000000e+00
  1.00000000e+00 1.00000000e+00 1.00000000e+00 1.00000000e+00
  1.00000000e+00 1.00000000e+00 1.00000000e+00 1.00000000e+00
  0.00000000e+00]]
