[[1.00000000e+00 1.38047642e-38 1.50234675e-43 ... 1.31641355e-86
  3.66406375e-39 1.00000000e+00]
 [1.38047642e-38 1.00000000e+00 2.22063360e-45 ... 2.13885467e-87
  5.02683027e-59 1.00000000e+00]
 [1.50234675e-43 2.22063360e-45 1.00000000e+00 ... 1.87028163e-91
  4.00830488e-80 1.00000000e+00]
 ...
 [1.31641355e-86 2.13885467e-87 1.87028163e-91 ... 1.00000000e+00
  7.84534054e-75 1.00000000e+00]
 [3.66406375e-39 5.02683027e-59 4.00830488e-80 ... 7.84534054e-75
  1.00000000e+00 1.00000000e+00]
 [1.00000000e+00 1.00000000e+00 1.00000000e+00 ... 1.00000000e+00
  1.00000000e+00 0.00000000e+00]]
