[[1.00000000e+000 2.89448079e-015 1.55981715e-071 4.48918580e-065
  1.03519646e-054 3.94334348e-049 1.55368538e-055 5.91813812e-059
  2.44757969e-031 6.01809704e-018 2.93374890e-010 1.03797941e-038
  1.15941455e-036 9.55706320e-072 1.80217400e-057 2.01985303e-025
  1.14529634e-030 3.58287327e-054 1.43609863e-020 3.05133812e-051
  1.00000000e+000]
 [2.89448079e-015 1.00000000e+000 4.40638030e-062 7.18926597e-081
  1.33135255e-029 1.51192103e-040 3.05258839e-043 1.34456849e-053
  1.67643656e-023 1.66061641e-023 1.08217462e-030 6.52939609e-023
  4.92169424e-032 1.72673362e-072 6.97842893e-071 8.67723460e-026
  1.04748495e-028 3.98023233e-050 1.10807536e-031 5.23028119e-045
  1.00000000e+000]
 [1.55981715e-071 4.40638030e-062 1.00000000e+000 3.00802094e-043
  1.26884610e-037 6.46038621e-051 6.50392092e-026 1.29327545e-061
  7.02946395e-062 3.20903922e-046 6.48553299e-050 4.61074390e-057
  5.76175675e-035 1.60514914e-029 5.93382783e-067 1.81352200e-044
  9.30384863e-052 1.01018291e-035 4.00169271e-021 9.72918626e-027
  1.00000000e+000]
 [4.48918580e-065 7.18926597e-081 3.00802094e-043 1.00000000e+000
  4.10670375e-041 1.47021518e-046 2.02467500e-045 4.69624759e-061
  1.56941342e-051 3.97928164e-061 2.27644114e-031 9.31546963e-076
  4.29985048e-026 3.74153597e-064 6.07035230e-045 1.95327377e-032
  6.05573262e-045 4.60598604e-074 8.51907296e-032 1.18011939e-051
  1.00000000e+000]
 [1.03519646e-054 1.33135255e-029 1.26884610e-037 4.10670375e-041
  1.00000000e+000 2.30286199e-022 1.64578969e-024 1.61791322e-034
  3.88927101e-020 1.06027535e-050 1.01783158e-048 1.13477599e-024
  1.13825732e-018 7.12153540e-069 5.67808900e-060 1.76069116e-021
  1.90683687e-024 4.13381901e-058 1.07821200e-038 1.36467241e-042
  1.00000000e+000]
 [3.94334348e-049 1.51192103e-040 6.46038621e-051 1.47021518e-046
  2.30286199e-022 1.00000000e+000 3.94700568e-064 1.24524788e-058
  4.04322095e-005 1.52997132e-064 8.60301908e-039 2.18599573e-009
  4.13379873e-037 1.04297303e-073 2.28121315e-031 3.65173549e-048
  1.30475386e-006 3.42428467e-086 1.02909669e-032 2.97048420e-024
  1.00000000e+000]
 [1.55368538e-055 3.05258839e-043 6.50392092e-026 2.02467500e-045
  1.64578969e-024 3.94700568e-064 1.00000000e+000 1.77184647e-018
  4.94478243e-060 3.32961938e-045 2.48627594e-050 6.24203803e-060
  1.64159586e-033 8.51599652e-073 1.44813322e-102 3.43595985e-012
  4.56703528e-050 4.62765841e-045 4.22380563e-031 1.79194510e-065
  1.00000000e+000]
 [5.91813812e-059 1.34456849e-053 1.29327545e-061 4.69624759e-061
  1.61791322e-034 1.24524788e-058 1.77184647e-018 1.00000000e+000
  1.69761624e-052 9.67831319e-077 5.05163662e-063 3.57376753e-051
  1.77663308e-060 6.57430785e-126 4.71103878e-118 2.23833813e-019
  1.96293765e-039 1.78459487e-089 1.96287969e-047 9.17289222e-095
  1.00000000e+000]
 [2.44757969e-031 1.67643656e-023 7.02946395e-062 1.56941342e-051
  3.88927101e-020 4.04322095e-005 4.94478243e-060 1.69761624e-052
  1.00000000e+000 1.71040822e-050 1.96499066e-030 6.71990276e-007
  4.17768275e-031 4.30866641e-078 1.14196420e-034 2.87742890e-036
  1.16282060e-005 5.89859168e-079 3.65196322e-032 6.28974172e-032
  1.00000000e+000]
 [6.01809704e-018 1.66061641e-023 3.20903922e-046 3.97928164e-061
  1.06027535e-050 1.52997132e-064 3.32961938e-045 9.67831319e-077
  1.71040822e-050 1.00000000e+000 9.75153426e-021 7.55053911e-055
  4.38470741e-018 1.53727513e-027 5.24147195e-049 5.77900454e-028
  2.08156848e-056 8.68468268e-013 7.58112059e-023 6.10415894e-047
  1.00000000e+000]
 [2.93374890e-010 1.08217462e-030 6.48553299e-050 2.27644114e-031
  1.01783158e-048 8.60301908e-039 2.48627594e-050 5.05163662e-063
  1.96499066e-030 9.75153426e-021 1.00000000e+000 2.59797555e-045
  2.76804943e-025 3.17823828e-052 5.80583508e-037 1.73183448e-024
  6.77993518e-026 1.92140235e-052 4.13938447e-009 1.65952580e-031
  1.00000000e+000]
 [1.03797941e-038 6.52939609e-023 4.61074390e-057 9.31546963e-076
  1.13477599e-024 2.18599573e-009 6.24203803e-060 3.57376753e-051
  6.71990276e-007 7.55053911e-055 2.59797555e-045 1.00000000e+000
  8.83608105e-044 4.84679627e-079 3.76214358e-049 4.94894862e-046
  2.27897813e-010 1.67198633e-075 5.09721307e-036 1.57371024e-034
  1.00000000e+000]
 [1.15941455e-036 4.92169424e-032 5.76175675e-035 4.29985048e-026
  1.13825732e-018 4.13379873e-037 1.64159586e-033 1.77663308e-060
  4.17768275e-031 4.38470741e-018 2.76804943e-025 8.83608105e-044
  1.00000000e+000 1.37174634e-029 2.06682640e-030 6.94253523e-019
  7.20342310e-040 8.18771397e-025 1.81221926e-026 7.37596413e-038
  1.00000000e+000]
 [9.55706320e-072 1.72673362e-072 1.60514914e-029 3.74153597e-064
  7.12153540e-069 1.04297303e-073 8.51599652e-073 6.57430785e-126
  4.30866641e-078 1.53727513e-027 3.17823828e-052 4.84679627e-079
  1.37174634e-029 1.00000000e+000 1.26332009e-037 1.43861225e-071
  4.58886634e-085 7.33747801e-016 3.11895576e-039 2.98349477e-037
  1.00000000e+000]
 [1.80217400e-057 6.97842893e-071 5.93382783e-067 6.07035230e-045
  5.67808900e-060 2.28121315e-031 1.44813322e-102 4.71103878e-118
  1.14196420e-034 5.24147195e-049 5.80583508e-037 3.76214358e-049
  2.06682640e-030 1.26332009e-037 1.00000000e+000 1.03299308e-071
  1.90491423e-046 8.07363109e-064 9.21757724e-044 8.00388604e-037
  1.00000000e+000]
 [2.01985303e-025 8.67723460e-026 1.81352200e-044 1.95327377e-032
  1.76069116e-021 3.65173549e-048 3.43595985e-012 2.23833813e-019
  2.87742890e-036 5.77900454e-028 1.73183448e-024 4.94894862e-046
  6.94253523e-019 1.43861225e-071 1.03299308e-071 1.00000000e+000
  5.77513872e-033 1.57105874e-044 1.46714975e-023 2.36287082e-061
  1.00000000e+000]
 [1.14529634e-030 1.04748495e-028 9.30384863e-052 6.05573262e-045
  1.90683687e-024 1.30475386e-006 4.56703528e-050 1.96293765e-039
  1.16282060e-005 2.08156848e-056 6.77993518e-026 2.27897813e-010
  7.20342310e-040 4.58886634e-085 1.90491423e-046 5.77513872e-033
  1.00000000e+000 1.39389794e-086 3.90074331e-022 2.01289779e-028
  1.00000000e+000]
 [3.58287327e-054 3.98023233e-050 1.01018291e-035 4.60598604e-074
  4.13381901e-058 3.42428467e-086 4.62765841e-045 1.78459487e-089
  5.89859168e-079 8.68468268e-013 1.92140235e-052 1.67198633e-075
  8.18771397e-025 7.33747801e-016 8.07363109e-064 1.57105874e-044
  1.39389794e-086 1.00000000e+000 2.36676802e-040 1.30505632e-062
  1.00000000e+000]
 [1.43609863e-020 1.10807536e-031 4.00169271e-021 8.51907296e-032
  1.07821200e-038 1.02909669e-032 4.22380563e-031 1.96287969e-047
  3.65196322e-032 7.58112059e-023 4.13938447e-009 5.09721307e-036
  1.81221926e-026 3.11895576e-039 9.21757724e-044 1.46714975e-023
  3.90074331e-022 2.36676802e-040 1.00000000e+000 1.17496769e-019
  1.00000000e+000]
 [3.05133812e-051 5.23028119e-045 9.72918626e-027 1.18011939e-051
  1.36467241e-042 2.97048420e-024 1.79194510e-065 9.17289222e-095
  6.28974172e-032 6.10415894e-047 1.65952580e-031 1.57371024e-034
  7.37596413e-038 2.98349477e-037 8.00388604e-037 2.36287082e-061
  2.01289779e-028 1.30505632e-062 1.17496769e-019 1.00000000e+000
  1.00000000e+000]
 [1.00000000e+000 1.00000000e+000 1.00000000e+000 1.00000000e+000
  1.00000000e+000 1.00000000e+000 1.00000000e+000 1.00000000e+000
  1.00000000e+000 1.00000000e+000 1.00000000e+000 1.00000000e+000
  1.00000000e+000 1.00000000e+000 1.00000000e+000 1.00000000e+000
  1.00000000e+000 1.00000000e+000 1.00000000e+000 1.00000000e+000
  0.00000000e+000]]
