[[1.00000000e+00 6.96157814e-50 7.55596750e-58 ... 9.79185333e-64
  1.59558126e-19 1.00000000e+00]
 [6.96157814e-50 1.00000000e+00 6.10679059e-32 ... 3.52988036e-22
  1.24666816e-34 1.00000000e+00]
 [7.55596750e-58 6.10679059e-32 1.00000000e+00 ... 4.05847028e-34
  2.01647233e-38 1.00000000e+00]
 ...
 [9.79185333e-64 3.52988036e-22 4.05847028e-34 ... 1.00000000e+00
  1.12388235e-38 1.00000000e+00]
 [1.59558126e-19 1.24666816e-34 2.01647233e-38 ... 1.12388235e-38
  1.00000000e+00 1.00000000e+00]
 [1.00000000e+00 1.00000000e+00 1.00000000e+00 ... 1.00000000e+00
  1.00000000e+00 0.00000000e+00]]
