[[1.00000000e+00 1.42707383e-49 1.55479579e-22 ... 1.82997165e-17
  1.31988197e-27 1.00000000e+00]
 [1.42707383e-49 1.00000000e+00 5.55532905e-28 ... 2.30035889e-62
  8.69508596e-54 1.00000000e+00]
 [1.55479579e-22 5.55532905e-28 1.00000000e+00 ... 1.85351353e-21
  9.71322855e-29 1.00000000e+00]
 ...
 [1.82997165e-17 2.30035889e-62 1.85351353e-21 ... 1.00000000e+00
  2.30040900e-25 1.00000000e+00]
 [1.31988197e-27 8.69508596e-54 9.71322855e-29 ... 2.30040900e-25
  1.00000000e+00 1.00000000e+00]
 [1.00000000e+00 1.00000000e+00 1.00000000e+00 ... 1.00000000e+00
  1.00000000e+00 0.00000000e+00]]
