[[1.00000000e+000 2.90238062e-047 2.24948732e-033 2.21007368e-046
  3.51102089e-056 4.91936720e-030 2.93114084e-030 3.90125295e-051
  7.41233828e-031 2.69506397e-080 2.94763460e-037 2.39728940e-020
  1.65055418e-079 7.48373894e-050 8.07861049e-014 5.66394249e-071
  4.49460446e-056 9.84719130e-059 4.70297913e-053 3.05515856e-024
  1.00000000e+000]
 [2.90238062e-047 1.00000000e+000 1.35570936e-056 9.09131906e-080
  2.08139868e-021 1.03941783e-052 1.35515576e-040 5.80655389e-023
  4.83358190e-074 1.19905075e-065 2.31241537e-023 2.38132716e-067
  1.66125605e-087 2.57004210e-038 3.77462714e-041 5.50738515e-036
  5.21055506e-029 8.89174539e-057 2.08554380e-050 2.43324948e-018
  1.00000000e+000]
 [2.24948732e-033 1.35570936e-056 1.00000000e+000 6.05455138e-086
  3.79412288e-057 5.37717835e-055 2.77303312e-054 4.01957318e-031
  3.79732964e-044 5.64969826e-080 1.03843446e-037 9.60682495e-016
  5.44262059e-043 1.17422508e-023 6.24400861e-049 7.06610880e-046
  1.00601448e-080 1.20751159e-080 2.70124686e-070 5.47787809e-045
  1.00000000e+000]
 [2.21007368e-046 9.09131906e-080 6.05455138e-086 1.00000000e+000
  3.45661228e-054 2.91143426e-032 2.13323723e-076 8.16162817e-088
  1.04851995e-026 3.87502655e-051 1.77874832e-100 4.17234382e-057
  4.36283602e-063 7.30527858e-093 1.34817254e-050 2.69805933e-057
  1.22017668e-060 1.11374951e-054 2.41958253e-013 1.19195527e-072
  1.00000000e+000]
 [3.51102089e-056 2.08139868e-021 3.79412288e-057 3.45661228e-054
  1.00000000e+000 5.52828841e-036 5.12954236e-043 2.07456553e-013
  2.25794596e-037 1.52938523e-016 9.17891642e-027 1.37202282e-066
  1.50188715e-041 4.08777561e-029 2.81182737e-036 8.40710522e-030
  2.16863732e-028 3.47563111e-029 1.48082534e-032 2.50848391e-025
  1.00000000e+000]
 [4.91936720e-030 1.03941783e-052 5.37717835e-055 2.91143426e-032
  5.52828841e-036 1.00000000e+000 3.16598702e-014 2.39872410e-047
  7.52039304e-027 2.49969482e-032 1.31308049e-040 1.08268828e-055
  8.15610273e-071 2.80362229e-046 1.19896468e-035 3.52821591e-068
  1.46197271e-016 3.38443296e-009 9.14254225e-024 5.21456520e-030
  1.00000000e+000]
 [2.93114084e-030 1.35515576e-040 2.77303312e-054 2.13323723e-076
  5.12954236e-043 3.16598702e-014 1.00000000e+000 2.39132856e-037
  8.89014666e-054 2.18150214e-054 3.51669359e-017 5.55870380e-069
  9.08075439e-104 9.80143886e-041 3.89505941e-036 4.07829259e-088
  4.66190390e-017 1.02056194e-017 4.12118772e-059 1.19691574e-013
  1.00000000e+000]
 [3.90125295e-051 5.80655389e-023 4.01957318e-031 8.16162817e-088
  2.07456553e-013 2.39872410e-047 2.39132856e-037 1.00000000e+000
  5.13812080e-051 2.81494153e-034 4.43924561e-011 4.88813564e-058
  1.11445183e-048 9.72899739e-020 1.46283985e-043 3.79031105e-033
  8.62628745e-044 2.29009172e-044 5.50120513e-063 4.93138230e-017
  1.00000000e+000]
 [7.41233828e-031 4.83358190e-074 3.79732964e-044 1.04851995e-026
  2.25794596e-037 7.52039304e-027 8.89014666e-054 5.13812080e-051
  1.00000000e+000 1.77654878e-036 9.27178749e-057 6.84340824e-027
  2.82184590e-025 2.19433093e-040 1.05765749e-021 5.31148425e-063
  1.16184583e-063 4.49722856e-043 6.28147418e-032 2.37289332e-052
  1.00000000e+000]
 [2.69506397e-080 1.19905075e-065 5.64969826e-080 3.87502655e-051
  1.52938523e-016 2.49969482e-032 2.18150214e-054 2.81494153e-034
  1.77654878e-036 1.00000000e+000 1.89316656e-054 4.39623019e-094
  4.31829383e-045 4.54290837e-056 2.59128336e-064 7.73995552e-052
  5.87751303e-041 1.26456998e-019 6.78689077e-039 3.10326611e-049
  1.00000000e+000]
 [2.94763460e-037 2.31241537e-023 1.03843446e-037 1.77874832e-100
  9.17891642e-027 1.31308049e-040 3.51669359e-017 4.43924561e-011
  9.27178749e-057 1.89316656e-054 1.00000000e+000 9.31644987e-060
  2.12688967e-079 8.63148501e-020 2.48624012e-030 8.12041668e-067
  1.01502771e-035 1.28552377e-039 3.72898198e-076 5.25741393e-008
  1.00000000e+000]
 [2.39728940e-020 2.38132716e-067 9.60682495e-016 4.17234382e-057
  1.37202282e-066 1.08268828e-055 5.55870380e-069 4.88813564e-058
  6.84340824e-027 4.39623019e-094 9.31644987e-060 1.00000000e+000
  2.43897445e-041 1.22253531e-037 1.13971733e-029 2.84911627e-058
  5.74301667e-092 1.73966930e-092 2.73901602e-056 4.38428050e-059
  1.00000000e+000]
 [1.65055418e-079 1.66125605e-087 5.44262059e-043 4.36283602e-063
  1.50188715e-041 8.15610273e-071 9.08075439e-104 1.11445183e-048
  2.82184590e-025 4.31829383e-045 2.12688967e-079 2.43897445e-041
  1.00000000e+000 3.62435394e-038 2.36961549e-063 6.11294207e-042
  9.80324072e-101 2.10176912e-082 1.11084925e-050 3.20655929e-088
  1.00000000e+000]
 [7.48373894e-050 2.57004210e-038 1.17422508e-023 7.30527858e-093
  4.08777561e-029 2.80362229e-046 9.80143886e-041 9.72899739e-020
  2.19433093e-040 4.54290837e-056 8.63148501e-020 1.22253531e-037
  3.62435394e-038 1.00000000e+000 1.00619622e-035 1.74361172e-056
  5.88549523e-050 1.27544781e-051 5.37364031e-059 1.56110075e-038
  1.00000000e+000]
 [8.07861049e-014 3.77462714e-041 6.24400861e-049 1.34817254e-050
  2.81182737e-036 1.19896468e-035 3.89505941e-036 1.46283985e-043
  1.05765749e-021 2.59128336e-064 2.48624012e-030 1.13971733e-029
  2.36961549e-063 1.00619622e-035 1.00000000e+000 4.30487687e-076
  1.57896834e-052 1.21538525e-051 5.74847334e-051 6.17780494e-026
  1.00000000e+000]
 [5.66394249e-071 5.50738515e-036 7.06610880e-046 2.69805933e-057
  8.40710522e-030 3.52821591e-068 4.07829259e-088 3.79031105e-033
  5.31148425e-063 7.73995552e-052 8.12041668e-067 2.84911627e-058
  6.11294207e-042 1.74361172e-056 4.30487687e-076 1.00000000e+000
  1.78205002e-067 9.37913477e-081 7.41667317e-038 6.35572151e-057
  1.00000000e+000]
 [4.49460446e-056 5.21055506e-029 1.00601448e-080 1.22017668e-060
  2.16863732e-028 1.46197271e-016 4.66190390e-017 8.62628745e-044
  1.16184583e-063 5.87751303e-041 1.01502771e-035 5.74301667e-092
  9.80324072e-101 5.88549523e-050 1.57896834e-052 1.78205002e-067
  1.00000000e+000 2.16591742e-012 6.19194514e-032 1.24040476e-027
  1.00000000e+000]
 [9.84719130e-059 8.89174539e-057 1.20751159e-080 1.11374951e-054
  3.47563111e-029 3.38443296e-009 1.02056194e-017 2.29009172e-044
  4.49722856e-043 1.26456998e-019 1.28552377e-039 1.73966930e-092
  2.10176912e-082 1.27544781e-051 1.21538525e-051 9.37913477e-081
  2.16591742e-012 1.00000000e+000 2.29770320e-037 1.00686354e-033
  1.00000000e+000]
 [4.70297913e-053 2.08554380e-050 2.70124686e-070 2.41958253e-013
  1.48082534e-032 9.14254225e-024 4.12118772e-059 5.50120513e-063
  6.28147418e-032 6.78689077e-039 3.72898198e-076 2.73901602e-056
  1.11084925e-050 5.37364031e-059 5.74847334e-051 7.41667317e-038
  6.19194514e-032 2.29770320e-037 1.00000000e+000 9.47583654e-061
  1.00000000e+000]
 [3.05515856e-024 2.43324948e-018 5.47787809e-045 1.19195527e-072
  2.50848391e-025 5.21456520e-030 1.19691574e-013 4.93138230e-017
  2.37289332e-052 3.10326611e-049 5.25741393e-008 4.38428050e-059
  3.20655929e-088 1.56110075e-038 6.17780494e-026 6.35572151e-057
  1.24040476e-027 1.00686354e-033 9.47583654e-061 1.00000000e+000
  1.00000000e+000]
 [1.00000000e+000 1.00000000e+000 1.00000000e+000 1.00000000e+000
  1.00000000e+000 1.00000000e+000 1.00000000e+000 1.00000000e+000
  1.00000000e+000 1.00000000e+000 1.00000000e+000 1.00000000e+000
  1.00000000e+000 1.00000000e+000 1.00000000e+000 1.00000000e+000
  1.00000000e+000 1.00000000e+000 1.00000000e+000 1.00000000e+000
  0.00000000e+000]]
