[[1.00000000e+000 3.32848266e-076 4.87602362e-137 ... 8.66077599e-012
  1.34062629e-049 1.00000000e+000]
 [3.32848266e-076 1.00000000e+000 1.37028609e-015 ... 5.99576525e-067
  6.48132368e-054 1.00000000e+000]
 [4.87602362e-137 1.37028609e-015 1.00000000e+000 ... 1.77838630e-120
  4.44070402e-076 1.00000000e+000]
 ...
 [8.66077599e-012 5.99576525e-067 1.77838630e-120 ... 1.00000000e+000
  1.11190911e-067 1.00000000e+000]
 [1.34062629e-049 6.48132368e-054 4.44070402e-076 ... 1.11190911e-067
  1.00000000e+000 1.00000000e+000]
 [1.00000000e+000 1.00000000e+000 1.00000000e+000 ... 1.00000000e+000
  1.00000000e+000 0.00000000e+000]]
