[[1.00000000e+000 1.68501079e-033 1.69717635e-030 1.79918421e-023
  6.40288255e-040 3.32498139e-013 2.62597087e-034 2.57497385e-035
  1.53086458e-008 7.10380804e-033 2.89652811e-036 1.67366322e-019
  5.57465527e-018 1.62655761e-018 6.69170802e-038 4.76812106e-053
  9.31628025e-005 4.80952208e-026 7.70215535e-055 4.68917130e-034
  1.00000000e+000]
 [1.68501079e-033 1.00000000e+000 8.63419695e-072 9.84169305e-032
  1.43955641e-060 6.92172713e-044 2.79256407e-023 3.32894747e-036
  1.45415907e-025 2.20264267e-046 1.84876357e-059 5.00961731e-041
  4.37392810e-039 7.43879240e-070 3.95349174e-068 5.81247317e-038
  1.49261860e-024 3.85551432e-050 4.61396543e-021 5.98425552e-066
  1.00000000e+000]
 [1.69717635e-030 8.63419695e-072 1.00000000e+000 1.78989130e-073
  5.47843805e-067 5.96949950e-049 3.44617989e-073 1.66433013e-017
  1.64049740e-033 2.70020071e-048 1.01192058e-059 6.38256189e-042
  1.97420594e-033 1.75561028e-023 9.21308148e-034 4.60643360e-064
  1.93755982e-040 3.01565111e-047 6.10469629e-053 2.05971340e-042
  1.00000000e+000]
 [1.79918421e-023 9.84169305e-032 1.78989130e-073 1.00000000e+000
  2.60373514e-035 4.38446181e-053 2.61156151e-049 5.11278372e-062
  1.04283099e-032 7.15255071e-037 4.42799866e-059 5.76027134e-023
  4.41631205e-039 2.29511840e-049 5.84990052e-064 4.27003816e-044
  1.18042672e-022 1.99187022e-032 1.65864541e-067 1.78507912e-051
  1.00000000e+000]
 [6.40288255e-040 1.43955641e-060 5.47843805e-067 2.60373514e-035
  1.00000000e+000 2.44830815e-059 6.08639359e-032 7.92989593e-059
  8.98539682e-040 4.72532324e-067 8.17608857e-026 2.68294437e-009
  2.17250415e-045 2.78383470e-040 1.31845840e-062 1.13601306e-077
  1.75548597e-035 1.07642216e-033 3.18511351e-070 2.45175916e-010
  1.00000000e+000]
 [3.32498139e-013 6.92172713e-044 5.96949950e-049 4.38446181e-053
  2.44830815e-059 1.00000000e+000 1.29256704e-025 2.54221682e-057
  4.58785474e-008 2.36896214e-079 7.71720459e-059 4.45240242e-044
  2.55216614e-031 5.01614485e-023 4.34956876e-060 2.42624891e-101
  3.62021242e-015 1.05718843e-062 4.54171886e-063 1.84587258e-053
  1.00000000e+000]
 [2.62597087e-034 2.79256407e-023 3.44617989e-073 2.61156151e-049
  6.08639359e-032 1.29256704e-025 1.00000000e+000 2.35681199e-050
  2.61065203e-018 3.89793231e-083 7.83128245e-041 2.50227745e-031
  3.43278556e-040 1.89172153e-048 1.56092922e-071 2.07787694e-085
  2.69515841e-024 5.27348537e-058 6.25516505e-036 1.14449785e-037
  1.00000000e+000]
 [2.57497385e-035 3.32894747e-036 1.66433013e-017 5.11278372e-062
  7.92989593e-059 2.54221682e-057 2.35681199e-050 1.00000000e+000
  4.14989230e-036 2.28915506e-034 5.40771361e-043 2.07055981e-031
  4.96526252e-041 1.74604702e-051 1.40187526e-049 1.70703316e-035
  6.60254413e-039 1.35225540e-030 7.28082206e-027 9.32295605e-037
  1.00000000e+000]
 [1.53086458e-008 1.45415907e-025 1.64049740e-033 1.04283099e-032
  8.98539682e-040 4.58785474e-008 2.61065203e-018 4.14989230e-036
  1.00000000e+000 7.41032460e-053 6.62771786e-047 4.15018336e-028
  2.04995024e-012 1.32771170e-014 1.22824273e-033 4.86556081e-064
  4.16610826e-006 3.17354670e-048 3.67171225e-033 3.39515837e-040
  1.00000000e+000]
 [7.10380804e-033 2.20264267e-046 2.70020071e-048 7.15255071e-037
  4.72532324e-067 2.36896214e-079 3.89793231e-083 2.28915506e-034
  7.41032460e-053 1.00000000e+000 3.03509156e-041 3.22809535e-036
  1.83280499e-035 6.38647934e-070 2.23029302e-039 3.00475261e-008
  2.92676759e-032 5.76364942e-023 7.68033629e-060 2.61217811e-058
  1.00000000e+000]
 [2.89652811e-036 1.84876357e-059 1.01192058e-059 4.42799866e-059
  8.17608857e-026 7.71720459e-059 7.83128245e-041 5.40771361e-043
  6.62771786e-047 3.03509156e-041 1.00000000e+000 7.63965732e-017
  2.36935350e-044 2.97855637e-060 3.48782815e-056 9.94193055e-058
  1.21706818e-031 2.58254869e-020 4.94538343e-070 1.18013400e-014
  1.00000000e+000]
 [1.67366322e-019 5.00961731e-041 6.38256189e-042 5.76027134e-023
  2.68294437e-009 4.45240242e-044 2.50227745e-031 2.07055981e-031
  4.15018336e-028 3.22809535e-036 7.63965732e-017 1.00000000e+000
  4.77836832e-036 2.65545713e-034 1.36509210e-053 2.17746152e-049
  1.73226481e-021 7.61574206e-010 5.96256269e-058 6.34449666e-007
  1.00000000e+000]
 [5.57465527e-018 4.37392810e-039 1.97420594e-033 4.41631205e-039
  2.17250415e-045 2.55216614e-031 3.43278556e-040 4.96526252e-041
  2.04995024e-012 1.83280499e-035 2.36935350e-044 4.77836832e-036
  1.00000000e+000 3.79428096e-020 3.20086413e-007 1.02596266e-043
  2.06979397e-009 1.76066766e-054 1.05416141e-031 5.89761626e-049
  1.00000000e+000]
 [1.62655761e-018 7.43879240e-070 1.75561028e-023 2.29511840e-049
  2.78383470e-040 5.01614485e-023 1.89172153e-048 1.74604702e-051
  1.32771170e-014 6.38647934e-070 2.97855637e-060 2.65545713e-034
  3.79428096e-020 1.00000000e+000 8.47078291e-031 1.23738757e-091
  8.99186864e-023 2.16422257e-059 1.00478816e-064 9.76523324e-038
  1.00000000e+000]
 [6.69170802e-038 3.95349174e-068 9.21308148e-034 5.84990052e-064
  1.31845840e-062 4.34956876e-060 1.56092922e-071 1.40187526e-049
  1.22824273e-033 2.23029302e-039 3.48782815e-056 1.36509210e-053
  3.20086413e-007 8.47078291e-031 1.00000000e+000 2.80619877e-047
  1.89567982e-028 1.05105366e-070 1.49603766e-043 1.62656768e-062
  1.00000000e+000]
 [4.76812106e-053 5.81247317e-038 4.60643360e-064 4.27003816e-044
  1.13601306e-077 2.42624891e-101 2.07787694e-085 1.70703316e-035
  4.86556081e-064 3.00475261e-008 9.94193055e-058 2.17746152e-049
  1.02596266e-043 1.23738757e-091 2.80619877e-047 1.00000000e+000
  6.82362486e-046 8.97277305e-040 5.37940227e-043 1.92507457e-075
  1.00000000e+000]
 [9.31628025e-005 1.49261860e-024 1.93755982e-040 1.18042672e-022
  1.75548597e-035 3.62021242e-015 2.69515841e-024 6.60254413e-039
  4.16610826e-006 2.92676759e-032 1.21706818e-031 1.73226481e-021
  2.06979397e-009 8.99186864e-023 1.89567982e-028 6.82362486e-046
  1.00000000e+000 1.30807337e-033 7.98310642e-041 4.79990721e-037
  1.00000000e+000]
 [4.80952208e-026 3.85551432e-050 3.01565111e-047 1.99187022e-032
  1.07642216e-033 1.05718843e-062 5.27348537e-058 1.35225540e-030
  3.17354670e-048 5.76364942e-023 2.58254869e-020 7.61574206e-010
  1.76066766e-054 2.16422257e-059 1.05105366e-070 8.97277305e-040
  1.30807337e-033 1.00000000e+000 1.97699441e-077 6.39333949e-020
  1.00000000e+000]
 [7.70215535e-055 4.61396543e-021 6.10469629e-053 1.65864541e-067
  3.18511351e-070 4.54171886e-063 6.25516505e-036 7.28082206e-027
  3.67171225e-033 7.68033629e-060 4.94538343e-070 5.96256269e-058
  1.05416141e-031 1.00478816e-064 1.49603766e-043 5.37940227e-043
  7.98310642e-041 1.97699441e-077 1.00000000e+000 3.99568013e-071
  1.00000000e+000]
 [4.68917130e-034 5.98425552e-066 2.05971340e-042 1.78507912e-051
  2.45175916e-010 1.84587258e-053 1.14449785e-037 9.32295605e-037
  3.39515837e-040 2.61217811e-058 1.18013400e-014 6.34449666e-007
  5.89761626e-049 9.76523324e-038 1.62656768e-062 1.92507457e-075
  4.79990721e-037 6.39333949e-020 3.99568013e-071 1.00000000e+000
  1.00000000e+000]
 [1.00000000e+000 1.00000000e+000 1.00000000e+000 1.00000000e+000
  1.00000000e+000 1.00000000e+000 1.00000000e+000 1.00000000e+000
  1.00000000e+000 1.00000000e+000 1.00000000e+000 1.00000000e+000
  1.00000000e+000 1.00000000e+000 1.00000000e+000 1.00000000e+000
  1.00000000e+000 1.00000000e+000 1.00000000e+000 1.00000000e+000
  0.00000000e+000]]
