[[1.00000000e+000 6.73695841e-070 9.46048611e-064 ... 3.05736741e-102
  1.93596666e-043 1.00000000e+000]
 [6.73695841e-070 1.00000000e+000 3.70320606e-044 ... 2.83516232e-049
  7.26124620e-036 1.00000000e+000]
 [9.46048611e-064 3.70320606e-044 1.00000000e+000 ... 4.15350429e-051
  2.79017556e-059 1.00000000e+000]
 ...
 [3.05736741e-102 2.83516232e-049 4.15350429e-051 ... 1.00000000e+000
  2.68700667e-055 1.00000000e+000]
 [1.93596666e-043 7.26124620e-036 2.79017556e-059 ... 2.68700667e-055
  1.00000000e+000 1.00000000e+000]
 [1.00000000e+000 1.00000000e+000 1.00000000e+000 ... 1.00000000e+000
  1.00000000e+000 0.00000000e+000]]
