[[1.00000000e+000 8.06405263e-053 8.26370487e-075 1.86399967e-085
  2.02524413e-048 2.99286152e-076 1.41420868e-021 1.15578597e-066
  7.08393223e-057 1.10651205e-031 2.20478438e-030 1.11136064e-064
  3.10203669e-092 1.27637435e-096 3.96363245e-093 2.90290702e-076
  2.35774255e-052 2.87265473e-042 1.66617565e-038 3.04525239e-046
  1.00000000e+000]
 [8.06405263e-053 1.00000000e+000 7.90308354e-084 5.31097637e-049
  2.77203728e-053 6.37058811e-057 8.31282259e-058 9.40984689e-056
  8.59540338e-025 1.81401722e-105 3.20189152e-063 1.86320722e-042
  1.56251112e-048 7.20921688e-068 3.12121821e-110 8.74682923e-049
  4.71905220e-059 1.10345119e-054 2.18031611e-087 3.80179844e-034
  1.00000000e+000]
 [8.26370487e-075 7.90308354e-084 1.00000000e+000 4.94067000e-027
  3.14186572e-040 1.17515631e-021 5.00136364e-068 5.64180727e-030
  9.66165383e-061 4.94235626e-049 1.35912158e-036 1.51585565e-057
  1.31553255e-063 1.01694618e-073 9.08096914e-057 1.22593599e-062
  1.70398728e-063 2.47858411e-035 6.90115264e-035 1.17204198e-067
  1.00000000e+000]
 [1.86399967e-085 5.31097637e-049 4.94067000e-027 1.00000000e+000
  2.92576456e-028 6.72357141e-005 1.80917611e-073 4.53214673e-017
  1.78046863e-033 1.34585088e-076 3.48592987e-046 1.66545262e-057
  2.16043913e-028 6.58181933e-047 4.15645882e-041 1.19115183e-024
  2.71219498e-049 3.17347893e-066 8.66204279e-075 6.66284946e-027
  1.00000000e+000]
 [2.02524413e-048 2.77203728e-053 3.14186572e-040 2.92576456e-028
  1.00000000e+000 2.96625132e-014 7.66675553e-018 7.52752961e-013
  1.24788794e-066 4.71736240e-031 6.88690370e-023 3.24685029e-035
  9.12442902e-024 1.95804644e-029 1.89617054e-049 2.20368440e-026
  1.48898593e-075 3.52019845e-039 9.64390089e-051 1.47017452e-036
  1.00000000e+000]
 [2.99286152e-076 6.37058811e-057 1.17515631e-021 6.72357141e-005
  2.96625132e-014 1.00000000e+000 1.60107819e-053 7.55052728e-008
  1.70060068e-048 8.19951517e-056 1.35563372e-037 9.44744709e-051
  1.56357646e-020 2.58017125e-038 2.59702362e-040 7.06450587e-027
  7.52053278e-059 2.78055742e-053 2.10678894e-062 1.03331876e-031
  1.00000000e+000]
 [1.41420868e-021 8.31282259e-058 5.00136364e-068 1.80917611e-073
  7.66675553e-018 1.60107819e-053 1.00000000e+000 1.34393505e-044
  5.56694492e-081 1.94069199e-020 1.22750684e-029 1.18715838e-035
  3.81247166e-057 1.48625902e-048 5.80253574e-082 7.76441970e-058
  1.43485965e-081 4.61442152e-027 3.34732017e-036 3.61611580e-059
  1.00000000e+000]
 [1.15578597e-066 9.40984689e-056 5.64180727e-030 4.53214673e-017
  7.52752961e-013 7.55052728e-008 1.34393505e-044 1.00000000e+000
  1.01308419e-063 2.25249285e-058 1.05673299e-040 1.22189573e-063
  4.00659751e-011 1.06507856e-058 8.46772087e-072 2.64387471e-046
  3.55408301e-075 1.44942804e-052 4.14360044e-073 8.16097141e-030
  1.00000000e+000]
 [7.08393223e-057 8.59540338e-025 9.66165383e-061 1.78046863e-033
  1.24788794e-066 1.70060068e-048 5.56694492e-081 1.01308419e-063
  1.00000000e+000 5.84479650e-092 2.48328659e-063 8.26330754e-061
  7.79388919e-073 6.93808233e-072 8.94217552e-065 8.18458962e-046
  4.28254297e-013 2.32949030e-066 4.21534280e-067 9.93518099e-029
  1.00000000e+000]
 [1.10651205e-031 1.81401722e-105 4.94235626e-049 1.34585088e-076
  4.71736240e-031 8.19951517e-056 1.94069199e-020 2.25249285e-058
  5.84479650e-092 1.00000000e+000 6.81612491e-024 7.38198701e-058
  1.25769542e-094 3.12562802e-064 1.67302675e-049 2.21176773e-066
  3.99003665e-072 1.32572656e-039 2.11521348e-018 2.30992750e-076
  1.00000000e+000]
 [2.20478438e-030 3.20189152e-063 1.35912158e-036 3.48592987e-046
  6.88690370e-023 1.35563372e-037 1.22750684e-029 1.05673299e-040
  2.48328659e-063 6.81612491e-024 1.00000000e+000 4.01235327e-042
  1.68123649e-075 2.56258804e-065 4.52275117e-045 7.09479464e-032
  2.25416918e-072 8.56735800e-042 5.44073912e-036 1.27389330e-045
  1.00000000e+000]
 [1.11136064e-064 1.86320722e-042 1.51585565e-057 1.66545262e-057
  3.24685029e-035 9.44744709e-051 1.18715838e-035 1.22189573e-063
  8.26330754e-061 7.38198701e-058 4.01235327e-042 1.00000000e+000
  1.23976476e-069 1.80591362e-022 1.95743312e-070 6.59685748e-037
  8.56439250e-085 1.87218544e-020 2.61603453e-037 2.50086568e-084
  1.00000000e+000]
 [3.10203669e-092 1.56251112e-048 1.31553255e-063 2.16043913e-028
  9.12442902e-024 1.56357646e-020 3.81247166e-057 4.00659751e-011
  7.79388919e-073 1.25769542e-094 1.68123649e-075 1.23976476e-069
  1.00000000e+000 9.37203078e-055 1.46339736e-102 7.18564698e-057
  1.52716458e-093 1.19554826e-069 3.04209324e-107 4.46411856e-039
  1.00000000e+000]
 [1.27637435e-096 7.20921688e-068 1.01694618e-073 6.58181933e-047
  1.95804644e-029 2.58017125e-038 1.48625902e-048 1.06507856e-058
  6.93808233e-072 3.12562802e-064 2.56258804e-065 1.80591362e-022
  9.37203078e-055 1.00000000e+000 3.17480716e-045 4.67386854e-027
  1.15094761e-083 9.45828018e-056 6.15040790e-063 1.54989889e-079
  1.00000000e+000]
 [3.96363245e-093 3.12121821e-110 9.08096914e-057 4.15645882e-041
  1.89617054e-049 2.59702362e-040 5.80253574e-082 8.46772087e-072
  8.94217552e-065 1.67302675e-049 4.52275117e-045 1.95743312e-070
  1.46339736e-102 3.17480716e-045 1.00000000e+000 1.39765455e-025
  1.85761782e-056 1.32078541e-094 2.69423337e-060 3.70968017e-066
  1.00000000e+000]
 [2.90290702e-076 8.74682923e-049 1.22593599e-062 1.19115183e-024
  2.20368440e-026 7.06450587e-027 7.76441970e-058 2.64387471e-046
  8.18458962e-046 2.21176773e-066 7.09479464e-032 6.59685748e-037
  7.18564698e-057 4.67386854e-027 1.39765455e-025 1.00000000e+000
  1.37502861e-067 2.74072122e-075 2.09739503e-075 1.85148459e-037
  1.00000000e+000]
 [2.35774255e-052 4.71905220e-059 1.70398728e-063 2.71219498e-049
  1.48898593e-075 7.52053278e-059 1.43485965e-081 3.55408301e-075
  4.28254297e-013 3.99003665e-072 2.25416918e-072 8.56439250e-085
  1.52716458e-093 1.15094761e-083 1.85761782e-056 1.37502861e-067
  1.00000000e+000 2.43189250e-074 8.62423606e-055 2.59085018e-039
  1.00000000e+000]
 [2.87265473e-042 1.10345119e-054 2.47858411e-035 3.17347893e-066
  3.52019845e-039 2.78055742e-053 4.61442152e-027 1.44942804e-052
  2.32949030e-066 1.32572656e-039 8.56735800e-042 1.87218544e-020
  1.19554826e-069 9.45828018e-056 1.32078541e-094 2.74072122e-075
  2.43189250e-074 1.00000000e+000 2.59029954e-016 1.89923135e-086
  1.00000000e+000]
 [1.66617565e-038 2.18031611e-087 6.90115264e-035 8.66204279e-075
  9.64390089e-051 2.10678894e-062 3.34732017e-036 4.14360044e-073
  4.21534280e-067 2.11521348e-018 5.44073912e-036 2.61603453e-037
  3.04209324e-107 6.15040790e-063 2.69423337e-060 2.09739503e-075
  8.62423606e-055 2.59029954e-016 1.00000000e+000 8.22247512e-093
  1.00000000e+000]
 [3.04525239e-046 3.80179844e-034 1.17204198e-067 6.66284946e-027
  1.47017452e-036 1.03331876e-031 3.61611580e-059 8.16097141e-030
  9.93518099e-029 2.30992750e-076 1.27389330e-045 2.50086568e-084
  4.46411856e-039 1.54989889e-079 3.70968017e-066 1.85148459e-037
  2.59085018e-039 1.89923135e-086 8.22247512e-093 1.00000000e+000
  1.00000000e+000]
 [1.00000000e+000 1.00000000e+000 1.00000000e+000 1.00000000e+000
  1.00000000e+000 1.00000000e+000 1.00000000e+000 1.00000000e+000
  1.00000000e+000 1.00000000e+000 1.00000000e+000 1.00000000e+000
  1.00000000e+000 1.00000000e+000 1.00000000e+000 1.00000000e+000
  1.00000000e+000 1.00000000e+000 1.00000000e+000 1.00000000e+000
  0.00000000e+000]]
