[[1.00000000e+000 5.60863823e-023 3.72970320e-048 1.00564411e-041
  1.97227021e-056 5.13164368e-027 7.90137128e-057 2.89072226e-076
  7.16413953e-020 6.11247751e-029 1.02228046e-046 2.48473037e-023
  6.00857131e-054 8.91440913e-039 3.63119229e-027 2.03480253e-043
  3.30865159e-017 2.29368576e-027 2.79038326e-049 1.22734592e-031
  5.42921242e-017 4.82593024e-021 8.82473025e-015 1.31382644e-061
  1.00000000e+000]
 [5.60863823e-023 1.00000000e+000 6.25368578e-055 5.06877665e-065
  6.92386753e-073 6.28320020e-046 3.06723479e-068 3.57700831e-062
  1.01675820e-015 5.59009497e-028 1.07950609e-036 4.09703985e-066
  1.39376360e-065 1.16682123e-048 6.81131103e-049 2.71999741e-055
  1.77979179e-042 1.94180629e-052 1.00061189e-083 9.45640587e-047
  1.86182857e-055 2.35595441e-045 9.88928395e-014 1.04198067e-057
  1.00000000e+000]
 [3.72970320e-048 6.25368578e-055 1.00000000e+000 7.39196974e-027
  1.05588264e-048 6.78180351e-024 8.20634051e-073 8.40481382e-020
  1.68003252e-065 1.17678113e-033 8.03442085e-027 9.13765795e-063
  5.68131476e-028 1.06701566e-025 1.68628040e-070 8.21124357e-030
  1.81709565e-055 2.54030845e-068 8.30325199e-041 5.38268446e-033
  1.34762585e-049 1.08546369e-017 7.15024612e-031 1.46583104e-012
  1.00000000e+000]
 [1.00564411e-041 5.06877665e-065 7.39196974e-027 1.00000000e+000
  2.62176453e-021 1.61094382e-010 1.43405920e-025 1.90059322e-047
  2.36495838e-050 2.53344015e-013 1.62229069e-053 2.48807619e-060
  2.24864717e-045 5.27054411e-029 1.36353447e-046 1.41734223e-066
  2.85548393e-034 9.72177865e-028 2.72703870e-014 7.23597825e-021
  2.94860263e-017 4.01742236e-035 3.59912163e-037 1.81822882e-052
  1.00000000e+000]
 [1.97227021e-056 6.92386753e-073 1.05588264e-048 2.62176453e-021
  1.00000000e+000 3.37436135e-019 1.22222808e-016 2.12762322e-037
  4.34310800e-057 2.02488547e-031 6.89047177e-036 3.20814572e-047
  1.01794374e-036 1.32260961e-043 1.49182325e-023 1.45410383e-069
  5.88446421e-063 5.40819601e-037 2.57146102e-032 3.35944010e-006
  1.08246675e-040 7.73228603e-050 3.91455146e-041 2.86845654e-069
  1.00000000e+000]
 [5.13164368e-027 6.28320020e-046 6.78180351e-024 1.61094382e-010
  3.37436135e-019 1.00000000e+000 1.59690033e-018 7.79397169e-032
  1.80744137e-039 8.97613522e-020 1.85584010e-031 1.52805718e-032
  2.97429209e-041 1.01807612e-013 7.01888680e-029 5.00929698e-042
  2.07026553e-031 1.21112106e-027 3.02150040e-016 3.35335829e-011
  1.03110805e-021 3.41420272e-015 4.28290960e-030 1.01229092e-032
  1.00000000e+000]
 [7.90137128e-057 3.06723479e-068 8.20634051e-073 1.43405920e-025
  1.22222808e-016 1.59690033e-018 1.00000000e+000 6.75437308e-062
  1.20404335e-047 2.61782407e-030 5.27850232e-060 7.53033330e-063
  2.18863204e-079 2.49065943e-044 7.69518808e-033 1.86348614e-092
  3.80109183e-053 9.43225315e-028 2.52657411e-031 1.50317822e-022
  1.15357335e-041 8.02484006e-062 7.53709291e-058 1.94321618e-085
  1.00000000e+000]
 [2.89072226e-076 3.57700831e-062 8.40481382e-020 1.90059322e-047
  2.12762322e-037 7.79397169e-032 6.75437308e-062 1.00000000e+000
  9.07794097e-083 2.50502631e-050 5.30649735e-016 1.41206767e-072
  2.43673209e-028 2.91850224e-028 5.83327132e-063 4.94462430e-047
  3.19441773e-097 2.55174108e-093 2.99227256e-066 8.10257944e-028
  9.66668263e-084 2.01494005e-036 3.92471230e-045 1.33001687e-015
  1.00000000e+000]
 [7.16413953e-020 1.01675820e-015 1.68003252e-065 2.36495838e-050
  4.34310800e-057 1.80744137e-039 1.20404335e-047 9.07794097e-083
  1.00000000e+000 1.63708167e-022 6.87349186e-044 1.56119296e-059
  4.20242956e-085 1.37489776e-068 5.83278821e-046 1.12420515e-051
  1.11172704e-015 1.24949498e-016 2.44418862e-050 1.33805921e-041
  4.24400778e-042 1.35293905e-053 7.06878816e-020 1.48552398e-087
  1.00000000e+000]
 [6.11247751e-029 5.59009497e-028 1.17678113e-033 2.53344015e-013
  2.02488547e-031 8.97613522e-020 2.61782407e-030 2.50502631e-050
  1.63708167e-022 1.00000000e+000 1.24077507e-044 6.86296654e-069
  1.21606074e-047 1.24636401e-034 7.73831583e-042 6.32931230e-067
  3.05199159e-027 6.70138524e-024 8.38105229e-035 1.58765410e-024
  2.66596497e-021 8.09784621e-043 1.65281936e-016 7.99001099e-057
  1.00000000e+000]
 [1.02228046e-046 1.07950609e-036 8.03442085e-027 1.62229069e-053
  6.89047177e-036 1.85584010e-031 5.27850232e-060 5.30649735e-016
  6.87349186e-044 1.24077507e-044 1.00000000e+000 2.84333367e-045
  2.52534143e-034 3.54459840e-044 3.91243470e-045 1.83448778e-018
  3.51652524e-063 1.57213843e-061 9.57934194e-057 4.79545894e-021
  1.00140125e-072 1.36179210e-029 4.94835110e-024 1.09620577e-031
  1.00000000e+000]
 [2.48473037e-023 4.09703985e-066 9.13765795e-063 2.48807619e-060
  3.20814572e-047 1.52805718e-032 7.53033330e-063 1.41206767e-072
  1.56119296e-059 6.86296654e-069 2.84333367e-045 1.00000000e+000
  1.69201484e-049 1.04994770e-046 2.40641600e-019 4.42515192e-042
  1.56377973e-052 1.71358370e-051 8.91799312e-057 3.73122339e-026
  7.53300888e-039 2.07766331e-021 4.54247867e-042 2.13522723e-068
  1.00000000e+000]
 [6.00857131e-054 1.39376360e-065 5.68131476e-028 2.24864717e-045
  1.01794374e-036 2.97429209e-041 2.18863204e-079 2.43673209e-028
  4.20242956e-085 1.21606074e-047 2.52534143e-034 1.69201484e-049
  1.00000000e+000 1.98818572e-034 3.30142896e-038 3.07911108e-063
  5.48680978e-092 1.43200474e-088 9.94962364e-080 4.09443195e-022
  5.98436029e-051 5.83106187e-035 9.43829096e-028 1.92478326e-038
  1.00000000e+000]
 [8.91440913e-039 1.16682123e-048 1.06701566e-025 5.27054411e-029
  1.32260961e-043 1.01807612e-013 2.49065943e-044 2.91850224e-028
  1.37489776e-068 1.24636401e-034 3.54459840e-044 1.04994770e-046
  1.98818572e-034 1.00000000e+000 3.76514330e-040 4.38587224e-063
  4.37580664e-065 1.28125596e-069 1.42295801e-053 1.89082489e-026
  2.81800262e-036 5.49907137e-016 9.33869439e-039 9.20748138e-017
  1.00000000e+000]
 [3.63119229e-027 6.81131103e-049 1.68628040e-070 1.36353447e-046
  1.49182325e-023 7.01888680e-029 7.69518808e-033 5.83327132e-063
  5.83278821e-046 7.73831583e-042 3.91243470e-045 2.40641600e-019
  3.30142896e-038 3.76514330e-040 1.00000000e+000 2.10977652e-074
  3.40140348e-059 5.02900397e-042 1.49546793e-063 2.48255103e-012
  1.43332263e-030 5.70574517e-041 1.95228833e-029 3.02055608e-078
  1.00000000e+000]
 [2.03480253e-043 2.71999741e-055 8.21124357e-030 1.41734223e-066
  1.45410383e-069 5.00929698e-042 1.86348614e-092 4.94462430e-047
  1.12420515e-051 6.32931230e-067 1.83448778e-018 4.42515192e-042
  3.07911108e-063 4.38587224e-063 2.10977652e-074 1.00000000e+000
  2.27059338e-047 4.17143272e-063 1.52730361e-049 2.40298006e-046
  9.14215414e-077 5.38028703e-023 2.63210563e-040 9.92942158e-041
  1.00000000e+000]
 [3.30865159e-017 1.77979179e-042 1.81709565e-055 2.85548393e-034
  5.88446421e-063 2.07026553e-031 3.80109183e-053 3.19441773e-097
  1.11172704e-015 3.05199159e-027 3.51652524e-063 1.56377973e-052
  5.48680978e-092 4.37580664e-065 3.40140348e-059 2.27059338e-047
  1.00000000e+000 8.26254435e-010 5.76663614e-025 4.44311867e-048
  3.27847817e-024 7.41295492e-041 1.24136393e-033 6.19890254e-086
  1.00000000e+000]
 [2.29368576e-027 1.94180629e-052 2.54030845e-068 9.72177865e-028
  5.40819601e-037 1.21112106e-027 9.43225315e-028 2.55174108e-093
  1.24949498e-016 6.70138524e-024 1.57213843e-061 1.71358370e-051
  1.43200474e-088 1.28125596e-069 5.02900397e-042 4.17143272e-063
  8.26254435e-010 1.00000000e+000 9.95714994e-020 1.36810619e-033
  3.96630440e-024 9.43113086e-055 9.09635652e-038 1.25876918e-102
  1.00000000e+000]
 [2.79038326e-049 1.00061189e-083 8.30325199e-041 2.72703870e-014
  2.57146102e-032 3.02150040e-016 2.52657411e-031 2.99227256e-066
  2.44418862e-050 8.38105229e-035 9.57934194e-057 8.91799312e-057
  9.94962364e-080 1.42295801e-053 1.49546793e-063 1.52730361e-049
  5.76663614e-025 9.95714994e-020 1.00000000e+000 3.32434680e-033
  5.91459209e-034 6.81373351e-040 2.21073724e-057 1.25728595e-070
  1.00000000e+000]
 [1.22734592e-031 9.45640587e-047 5.38268446e-033 7.23597825e-021
  3.35944010e-006 3.35335829e-011 1.50317822e-022 8.10257944e-028
  1.33805921e-041 1.58765410e-024 4.79545894e-021 3.73122339e-026
  4.09443195e-022 1.89082489e-026 2.48255103e-012 2.40298006e-046
  4.44311867e-048 1.36810619e-033 3.32434680e-033 1.00000000e+000
  6.19374504e-029 3.73629904e-026 1.55970409e-021 3.30515399e-046
  1.00000000e+000]
 [5.42921242e-017 1.86182857e-055 1.34762585e-049 2.94860263e-017
  1.08246675e-040 1.03110805e-021 1.15357335e-041 9.66668263e-084
  4.24400778e-042 2.66596497e-021 1.00140125e-072 7.53300888e-039
  5.98436029e-051 2.81800262e-036 1.43332263e-030 9.14215414e-077
  3.27847817e-024 3.96630440e-024 5.91459209e-034 6.19374504e-029
  1.00000000e+000 2.35268740e-033 4.37407091e-030 6.31242499e-075
  1.00000000e+000]
 [4.82593024e-021 2.35595441e-045 1.08546369e-017 4.01742236e-035
  7.73228603e-050 3.41420272e-015 8.02484006e-062 2.01494005e-036
  1.35293905e-053 8.09784621e-043 1.36179210e-029 2.07766331e-021
  5.83106187e-035 5.49907137e-016 5.70574517e-041 5.38028703e-023
  7.41295492e-041 9.43113086e-055 6.81373351e-040 3.73629904e-026
  2.35268740e-033 1.00000000e+000 5.81298616e-029 1.45988287e-018
  1.00000000e+000]
 [8.82473025e-015 9.88928395e-014 7.15024612e-031 3.59912163e-037
  3.91455146e-041 4.28290960e-030 7.53709291e-058 3.92471230e-045
  7.06878816e-020 1.65281936e-016 4.94835110e-024 4.54247867e-042
  9.43829096e-028 9.33869439e-039 1.95228833e-029 2.63210563e-040
  1.24136393e-033 9.09635652e-038 2.21073724e-057 1.55970409e-021
  4.37407091e-030 5.81298616e-029 1.00000000e+000 6.32419283e-048
  1.00000000e+000]
 [1.31382644e-061 1.04198067e-057 1.46583104e-012 1.81822882e-052
  2.86845654e-069 1.01229092e-032 1.94321618e-085 1.33001687e-015
  1.48552398e-087 7.99001099e-057 1.09620577e-031 2.13522723e-068
  1.92478326e-038 9.20748138e-017 3.02055608e-078 9.92942158e-041
  6.19890254e-086 1.25876918e-102 1.25728595e-070 3.30515399e-046
  6.31242499e-075 1.45988287e-018 6.32419283e-048 1.00000000e+000
  1.00000000e+000]
 [1.00000000e+000 1.00000000e+000 1.00000000e+000 1.00000000e+000
  1.00000000e+000 1.00000000e+000 1.00000000e+000 1.00000000e+000
  1.00000000e+000 1.00000000e+000 1.00000000e+000 1.00000000e+000
  1.00000000e+000 1.00000000e+000 1.00000000e+000 1.00000000e+000
  1.00000000e+000 1.00000000e+000 1.00000000e+000 1.00000000e+000
  1.00000000e+000 1.00000000e+000 1.00000000e+000 1.00000000e+000
  0.00000000e+000]]
