[[1.00000000e+000 8.05009775e-007 7.20019687e-025 7.43267281e-055
  5.88259045e-060 4.22022681e-028 3.74732406e-033 6.39716857e-044
  1.47859181e-044 2.31821599e-049 4.50514604e-019 1.18579989e-051
  9.25863041e-049 1.80516515e-043 3.31607651e-025 1.98829904e-053
  7.04527078e-088 2.72556884e-068 7.22184772e-024 6.62345526e-039
  1.00000000e+000]
 [8.05009775e-007 1.00000000e+000 1.58222630e-021 1.78030956e-052
  2.19743319e-080 6.56514566e-019 1.45810890e-029 3.18811157e-035
  2.11326120e-052 4.84021375e-046 7.43068692e-013 5.14432422e-043
  5.64161632e-045 5.56504934e-062 5.15593454e-032 1.88046531e-057
  1.00222023e-103 2.10025977e-060 5.58087438e-009 1.46579358e-054
  1.00000000e+000]
 [7.20019687e-025 1.58222630e-021 1.00000000e+000 7.96269277e-076
  1.40206758e-079 1.89086750e-013 4.35637707e-068 4.85534113e-050
  3.63642188e-076 1.73924910e-050 1.32510729e-019 1.59774696e-037
  5.51741479e-079 1.35187602e-057 7.21372581e-043 1.10193175e-058
  7.53438084e-081 1.81767977e-046 1.90363823e-019 2.60027403e-065
  1.00000000e+000]
 [7.43267281e-055 1.78030956e-052 7.96269277e-076 1.00000000e+000
  5.10436870e-071 4.85639255e-070 6.73380221e-053 6.97058791e-040
  1.03835466e-087 2.37710400e-078 3.63892814e-040 5.49449333e-062
  3.23266773e-082 5.51230242e-068 3.61305361e-051 1.66606629e-057
  3.72647017e-086 1.10226552e-061 2.53052950e-044 1.55273545e-101
  1.00000000e+000]
 [5.88259045e-060 2.19743319e-080 1.40206758e-079 5.10436870e-071
  1.00000000e+000 7.36806306e-062 7.24387500e-067 6.54534911e-060
  8.33368208e-027 6.42597565e-039 4.98444451e-045 1.83420278e-056
  7.84335865e-055 1.31072200e-004 2.74220973e-015 1.17557617e-013
  2.55997606e-014 3.46548014e-052 1.87075630e-098 6.54961136e-028
  1.00000000e+000]
 [4.22022681e-028 6.56514566e-019 1.89086750e-013 4.85639255e-070
  7.36806306e-062 1.00000000e+000 6.09409346e-051 2.93657846e-037
  4.19257544e-039 8.30074621e-028 2.13410349e-006 1.53971279e-028
  4.25684120e-041 1.43100336e-047 2.54872638e-026 1.00999032e-033
  9.52323908e-062 1.69984821e-025 4.44456336e-018 2.14796614e-055
  1.00000000e+000]
 [3.74732406e-033 1.45810890e-029 4.35637707e-068 6.73380221e-053
  7.24387500e-067 6.09409346e-051 1.00000000e+000 2.09514338e-049
  1.62887291e-048 8.47064582e-057 7.93391630e-028 1.28322169e-059
  1.25271476e-058 1.10799536e-064 1.28704376e-024 1.49476874e-055
  1.80317422e-113 4.17319378e-095 2.25632750e-038 1.96746195e-046
  1.00000000e+000]
 [6.39716857e-044 3.18811157e-035 4.85534113e-050 6.97058791e-040
  6.54534911e-060 2.93657846e-037 2.09514338e-049 1.00000000e+000
  1.83173789e-062 3.33481739e-015 4.38520149e-023 8.55334651e-008
  6.27195513e-029 2.52777586e-044 8.49738912e-030 1.41753119e-025
  1.11190649e-069 3.82847794e-029 3.65922504e-040 1.92237841e-048
  1.00000000e+000]
 [1.47859181e-044 2.11326120e-052 3.63642188e-076 1.03835466e-087
  8.33368208e-027 4.19257544e-039 1.62887291e-048 1.83173789e-062
  1.00000000e+000 1.55510643e-034 2.40740735e-031 1.88892218e-065
  4.37909631e-022 3.94733397e-028 2.22741966e-016 1.52165341e-023
  1.28642414e-045 1.66799065e-054 9.30745622e-075 6.00726187e-034
  1.00000000e+000]
 [2.31821599e-049 4.84021375e-046 1.73924910e-050 2.37710400e-078
  6.42597565e-039 8.30074621e-028 8.47064582e-057 3.33481739e-015
  1.55510643e-034 1.00000000e+000 2.15859958e-023 1.64353464e-009
  5.97913908e-017 1.59628173e-026 2.51413563e-018 5.51408684e-011
  3.40855702e-045 2.75235420e-024 2.33325651e-059 2.20981020e-025
  1.00000000e+000]
 [4.50514604e-019 7.43068692e-013 1.32510729e-019 3.63892814e-040
  4.98444451e-045 2.13410349e-006 7.93391630e-028 4.38520149e-023
  2.40740735e-031 2.15859958e-023 1.00000000e+000 1.24572674e-022
  2.08738510e-033 3.24695250e-035 3.99206941e-013 5.47055490e-023
  3.10950655e-055 1.86797453e-026 2.23678812e-013 2.23424990e-043
  1.00000000e+000]
 [1.18579989e-051 5.14432422e-043 1.59774696e-037 5.49449333e-062
  1.83420278e-056 1.53971279e-028 1.28322169e-059 8.55334651e-008
  1.88892218e-065 1.64353464e-009 1.24572674e-022 1.00000000e+000
  1.10536401e-039 8.94168061e-040 8.06375256e-029 7.02980803e-022
  1.04894329e-058 1.81245894e-023 1.47850683e-044 8.56209271e-043
  1.00000000e+000]
 [9.25863041e-049 5.64161632e-045 5.51741479e-079 3.23266773e-082
  7.84335865e-055 4.25684120e-041 1.25271476e-058 6.27195513e-029
  4.37909631e-022 5.97913908e-017 2.08738510e-033 1.10536401e-039
  1.00000000e+000 1.23629204e-044 1.14716145e-029 1.44506954e-026
  1.21185203e-068 1.85931418e-041 7.22530329e-068 6.59167072e-042
  1.00000000e+000]
 [1.80516515e-043 5.56504934e-062 1.35187602e-057 5.51230242e-068
  1.31072200e-004 1.43100336e-047 1.10799536e-064 2.52777586e-044
  3.94733397e-028 1.59628173e-026 3.24695250e-035 8.94168061e-040
  1.23629204e-044 1.00000000e+000 7.27025216e-012 2.42617282e-011
  6.57910796e-016 1.57761657e-041 1.37732580e-081 1.34316512e-018
  1.00000000e+000]
 [3.31607651e-025 5.15593454e-032 7.21372581e-043 3.61305361e-051
  2.74220973e-015 2.54872638e-026 1.28704376e-024 8.49738912e-030
  2.22741966e-016 2.51413563e-018 3.99206941e-013 8.06375256e-029
  1.14716145e-029 7.27025216e-012 1.00000000e+000 1.27269410e-010
  5.47347370e-037 1.00469167e-040 9.47931144e-046 3.99826532e-015
  1.00000000e+000]
 [1.98829904e-053 1.88046531e-057 1.10193175e-058 1.66606629e-057
  1.17557617e-013 1.00999032e-033 1.49476874e-055 1.41753119e-025
  1.52165341e-023 5.51408684e-011 5.47055490e-023 7.02980803e-022
  1.44506954e-026 2.42617282e-011 1.27269410e-010 1.00000000e+000
  2.11164468e-017 1.16369596e-019 9.70601912e-067 9.09855301e-030
  1.00000000e+000]
 [7.04527078e-088 1.00222023e-103 7.53438084e-081 3.72647017e-086
  2.55997606e-014 9.52323908e-062 1.80317422e-113 1.11190649e-069
  1.28642414e-045 3.40855702e-045 3.10950655e-055 1.04894329e-058
  1.21185203e-068 6.57910796e-016 5.47347370e-037 2.11164468e-017
  1.00000000e+000 2.30974046e-030 2.32421289e-111 3.72857209e-061
  1.00000000e+000]
 [2.72556884e-068 2.10025977e-060 1.81767977e-046 1.10226552e-061
  3.46548014e-052 1.69984821e-025 4.17319378e-095 3.82847794e-029
  1.66799065e-054 2.75235420e-024 1.86797453e-026 1.81245894e-023
  1.85931418e-041 1.57761657e-041 1.00469167e-040 1.16369596e-019
  2.30974046e-030 1.00000000e+000 4.51251929e-055 2.12378929e-077
  1.00000000e+000]
 [7.22184772e-024 5.58087438e-009 1.90363823e-019 2.53052950e-044
  1.87075630e-098 4.44456336e-018 2.25632750e-038 3.65922504e-040
  9.30745622e-075 2.33325651e-059 2.23678812e-013 1.47850683e-044
  7.22530329e-068 1.37732580e-081 9.47931144e-046 9.70601912e-067
  2.32421289e-111 4.51251929e-055 1.00000000e+000 1.45468847e-085
  1.00000000e+000]
 [6.62345526e-039 1.46579358e-054 2.60027403e-065 1.55273545e-101
  6.54961136e-028 2.14796614e-055 1.96746195e-046 1.92237841e-048
  6.00726187e-034 2.20981020e-025 2.23424990e-043 8.56209271e-043
  6.59167072e-042 1.34316512e-018 3.99826532e-015 9.09855301e-030
  3.72857209e-061 2.12378929e-077 1.45468847e-085 1.00000000e+000
  1.00000000e+000]
 [1.00000000e+000 1.00000000e+000 1.00000000e+000 1.00000000e+000
  1.00000000e+000 1.00000000e+000 1.00000000e+000 1.00000000e+000
  1.00000000e+000 1.00000000e+000 1.00000000e+000 1.00000000e+000
  1.00000000e+000 1.00000000e+000 1.00000000e+000 1.00000000e+000
  1.00000000e+000 1.00000000e+000 1.00000000e+000 1.00000000e+000
  0.00000000e+000]]
