[[1.00000000e+00 3.91704292e-59 2.39199291e-36 ... 9.46624505e-44
  1.56403734e-11 1.00000000e+00]
 [3.91704292e-59 1.00000000e+00 5.65752664e-59 ... 1.88400389e-46
  2.42852942e-38 1.00000000e+00]
 [2.39199291e-36 5.65752664e-59 1.00000000e+00 ... 3.01307346e-51
  3.92541100e-14 1.00000000e+00]
 ...
 [9.46624505e-44 1.88400389e-46 3.01307346e-51 ... 1.00000000e+00
  2.52906094e-37 1.00000000e+00]
 [1.56403734e-11 2.42852942e-38 3.92541100e-14 ... 2.52906094e-37
  1.00000000e+00 1.00000000e+00]
 [1.00000000e+00 1.00000000e+00 1.00000000e+00 ... 1.00000000e+00
  1.00000000e+00 0.00000000e+00]]
