[[1.00000000e+000 4.80406605e-039 1.16797709e-013 2.12284614e-056
  5.78261236e-067 5.09959675e-028 4.27410805e-046 3.96121143e-022
  1.25607592e-031 6.91443893e-069 1.55066384e-055 1.25916528e-053
  1.09372640e-040 5.29998773e-062 2.02970786e-030 1.52669968e-086
  2.73669014e-030 3.10983332e-074 3.15778859e-013 6.43257010e-003
  1.00000000e+000]
 [4.80406605e-039 1.00000000e+000 1.04711405e-029 1.04140506e-066
  1.30947885e-059 2.24832569e-047 1.42853807e-031 3.44901304e-063
  5.43156486e-011 4.44963670e-012 1.04872115e-045 6.38925735e-037
  1.11711557e-026 1.21415881e-045 2.50097550e-040 1.38114895e-059
  4.62118550e-007 3.29308032e-050 3.93407952e-020 1.44602147e-034
  1.00000000e+000]
 [1.16797709e-013 1.04711405e-029 1.00000000e+000 3.05259408e-076
  7.57442768e-058 4.01763028e-012 4.77214567e-021 1.80208703e-034
  1.25542269e-032 2.74104956e-043 2.69578557e-049 2.99300063e-034
  4.42973896e-056 2.69297269e-051 9.12746080e-043 5.92682218e-066
  5.83375894e-022 5.36472441e-047 4.93141830e-014 8.08623027e-020
  1.00000000e+000]
 [2.12284614e-056 1.04140506e-066 3.05259408e-076 1.00000000e+000
  1.66729311e-022 2.38747186e-064 1.92393241e-082 7.21444307e-079
  4.76249329e-054 6.19808738e-082 3.50940117e-039 1.00673077e-045
  5.15119346e-031 2.34261222e-024 1.30959621e-031 9.32081673e-042
  8.27649703e-061 3.16601492e-092 2.96435518e-035 3.14739455e-050
  1.00000000e+000]
 [5.78261236e-067 1.30947885e-059 7.57442768e-058 1.66729311e-022
  1.00000000e+000 3.13237851e-037 1.37269538e-048 3.93274340e-089
  3.95537027e-067 3.09355360e-053 2.34674684e-037 5.20863593e-022
  8.01436829e-054 4.88131593e-012 2.75835741e-043 9.11544472e-018
  1.81811122e-054 5.33775458e-068 1.19511280e-029 2.77084409e-065
  1.00000000e+000]
 [5.09959675e-028 2.24832569e-047 4.01763028e-012 2.38747186e-064
  3.13237851e-037 1.00000000e+000 5.51793987e-036 1.08067026e-059
  7.98156395e-054 2.18035990e-057 2.08271596e-044 1.43718542e-039
  1.23746863e-077 1.11970922e-029 4.87144671e-063 2.14348074e-037
  1.69124631e-039 3.41082604e-064 1.54781666e-017 1.52878219e-030
  1.00000000e+000]
 [4.27410805e-046 1.42853807e-031 4.77214567e-021 1.92393241e-082
  1.37269538e-048 5.51793987e-036 1.00000000e+000 6.01000669e-073
  4.64951186e-036 6.94848435e-033 3.48939412e-075 8.83466587e-024
  6.96186801e-048 2.59746364e-054 3.07311130e-038 2.28291854e-071
  5.69812056e-017 3.38900574e-013 9.93071853e-023 3.80417771e-055
  1.00000000e+000]
 [3.96121143e-022 3.44901304e-063 1.80208703e-034 7.21444307e-079
  3.93274340e-089 1.08067026e-059 6.01000669e-073 1.00000000e+000
  1.72958342e-064 6.81179385e-075 5.01391500e-048 1.08154202e-051
  1.10549419e-059 6.49730715e-098 2.02434791e-033 1.63059074e-114
  5.57463031e-066 3.25104909e-114 3.07165774e-045 9.08307096e-029
  1.00000000e+000]
 [1.25607592e-031 5.43156486e-011 1.25542269e-032 4.76249329e-054
  3.95537027e-067 7.98156395e-054 4.64951186e-036 1.72958342e-064
  1.00000000e+000 8.11934132e-036 6.71751007e-054 8.23872507e-045
  8.90453173e-016 8.86563487e-047 1.47489895e-032 6.12485333e-070
  2.52913673e-006 5.40880436e-038 2.47478063e-020 2.42933545e-029
  1.00000000e+000]
 [6.91443893e-069 4.44963670e-012 2.74104956e-043 6.19808738e-082
  3.09355360e-053 2.18035990e-057 6.94848435e-033 6.81179385e-075
  8.11934132e-036 1.00000000e+000 2.12154942e-040 1.79893319e-023
  1.66692174e-046 1.21653983e-049 2.34355449e-051 3.32872710e-052
  7.12953324e-025 8.56218333e-057 2.08821883e-038 4.15200240e-067
  1.00000000e+000]
 [1.55066384e-055 1.04872115e-045 2.69578557e-049 3.50940117e-039
  2.34674684e-037 2.08271596e-044 3.48939412e-075 5.01391500e-048
  6.71751007e-054 2.12154942e-040 1.00000000e+000 1.51588611e-025
  7.33744240e-057 1.25329132e-028 3.35842569e-050 1.67706188e-026
  6.75720606e-059 4.65676802e-100 3.85621901e-043 2.01890118e-052
  1.00000000e+000]
 [1.25916528e-053 6.38925735e-037 2.99300063e-034 1.00673077e-045
  5.20863593e-022 1.43718542e-039 8.83466587e-024 1.08154202e-051
  8.23872507e-045 1.79893319e-023 1.51588611e-025 1.00000000e+000
  3.68612394e-040 7.79200619e-032 3.21712184e-025 4.08660008e-037
  2.08759641e-035 6.19412915e-041 2.44265565e-029 1.33804694e-059
  1.00000000e+000]
 [1.09372640e-040 1.11711557e-026 4.42973896e-056 5.15119346e-031
  8.01436829e-054 1.23746863e-077 6.96186801e-048 1.10549419e-059
  8.90453173e-016 1.66692174e-046 7.33744240e-057 3.68612394e-040
  1.00000000e+000 1.79647952e-053 7.20487245e-011 1.89291470e-080
  7.18796595e-022 6.16942572e-054 6.24393580e-026 5.54956818e-038
  1.00000000e+000]
 [5.29998773e-062 1.21415881e-045 2.69297269e-051 2.34261222e-024
  4.88131593e-012 1.11970922e-029 2.59746364e-054 6.49730715e-098
  8.86563487e-047 1.21653983e-049 1.25329132e-028 7.79200619e-032
  1.79647952e-053 1.00000000e+000 1.33169658e-057 1.40302594e-005
  1.12471809e-042 1.43317156e-063 2.63972519e-027 1.64348626e-056
  1.00000000e+000]
 [2.02970786e-030 2.50097550e-040 9.12746080e-043 1.30959621e-031
  2.75835741e-043 4.87144671e-063 3.07311130e-038 2.02434791e-033
  1.47489895e-032 2.34355449e-051 3.35842569e-050 3.21712184e-025
  7.20487245e-011 1.33169658e-057 1.00000000e+000 4.96459175e-082
  3.02438341e-032 9.05736376e-055 3.32541405e-023 2.56368101e-034
  1.00000000e+000]
 [1.52669968e-086 1.38114895e-059 5.92682218e-066 9.32081673e-042
  9.11544472e-018 2.14348074e-037 2.28291854e-071 1.63059074e-114
  6.12485333e-070 3.32872710e-052 1.67706188e-026 4.08660008e-037
  1.89291470e-080 1.40302594e-005 4.96459175e-082 1.00000000e+000
  1.34809891e-063 1.49420796e-085 1.52992160e-046 2.43359476e-080
  1.00000000e+000]
 [2.73669014e-030 4.62118550e-007 5.83375894e-022 8.27649703e-061
  1.81811122e-054 1.69124631e-039 5.69812056e-017 5.57463031e-066
  2.52913673e-006 7.12953324e-025 6.75720606e-059 2.08759641e-035
  7.18796595e-022 1.12471809e-042 3.02438341e-032 1.34809891e-063
  1.00000000e+000 2.55409661e-026 2.99899644e-012 6.90729007e-030
  1.00000000e+000]
 [3.10983332e-074 3.29308032e-050 5.36472441e-047 3.16601492e-092
  5.33775458e-068 3.41082604e-064 3.38900574e-013 3.25104909e-114
  5.40880436e-038 8.56218333e-057 4.65676802e-100 6.19412915e-041
  6.16942572e-054 1.43317156e-063 9.05736376e-055 1.49420796e-085
  2.55409661e-026 1.00000000e+000 2.48479393e-044 7.78262461e-085
  1.00000000e+000]
 [3.15778859e-013 3.93407952e-020 4.93141830e-014 2.96435518e-035
  1.19511280e-029 1.54781666e-017 9.93071853e-023 3.07165774e-045
  2.47478063e-020 2.08821883e-038 3.85621901e-043 2.44265565e-029
  6.24393580e-026 2.63972519e-027 3.32541405e-023 1.52992160e-046
  2.99899644e-012 2.48479393e-044 1.00000000e+000 1.72397667e-012
  1.00000000e+000]
 [6.43257010e-003 1.44602147e-034 8.08623027e-020 3.14739455e-050
  2.77084409e-065 1.52878219e-030 3.80417771e-055 9.08307096e-029
  2.42933545e-029 4.15200240e-067 2.01890118e-052 1.33804694e-059
  5.54956818e-038 1.64348626e-056 2.56368101e-034 2.43359476e-080
  6.90729007e-030 7.78262461e-085 1.72397667e-012 1.00000000e+000
  1.00000000e+000]
 [1.00000000e+000 1.00000000e+000 1.00000000e+000 1.00000000e+000
  1.00000000e+000 1.00000000e+000 1.00000000e+000 1.00000000e+000
  1.00000000e+000 1.00000000e+000 1.00000000e+000 1.00000000e+000
  1.00000000e+000 1.00000000e+000 1.00000000e+000 1.00000000e+000
  1.00000000e+000 1.00000000e+000 1.00000000e+000 1.00000000e+000
  0.00000000e+000]]
