[[1.00000000e+000 4.76520371e-066 3.07030514e-043 1.45221259e-064
  1.66547372e-056 6.83707947e-066 1.40731292e-034 1.44113981e-054
  1.09174014e-047 1.44227146e-046 2.40105193e-038 8.78933330e-020
  6.44781765e-072 1.68583919e-040 5.92067357e-072 1.81547972e-058
  3.58937944e-073 1.35443742e-081 6.58904874e-081 1.44031267e-089
  1.00000000e+000]
 [4.76520371e-066 1.00000000e+000 1.20530235e-018 8.10508132e-030
  3.06881016e-019 2.85119236e-036 6.33651185e-036 2.07910997e-031
  3.71943778e-040 1.00830828e-052 3.72500719e-017 8.30039169e-038
  1.45912504e-021 3.36521107e-060 7.27937828e-044 1.56404603e-034
  1.66579876e-045 3.54998469e-020 1.25089129e-022 1.63674927e-050
  1.00000000e+000]
 [3.07030514e-043 1.20530235e-018 1.00000000e+000 2.40774271e-043
  1.52384891e-031 1.81750510e-057 2.06418053e-038 1.31846393e-054
  5.89376400e-073 3.60482763e-066 1.03508921e-001 1.91073867e-037
  1.25401481e-043 4.11955886e-036 1.22357630e-054 2.18123204e-038
  5.09877956e-062 4.34392616e-051 3.26048328e-028 5.46289561e-080
  1.00000000e+000]
 [1.45221259e-064 8.10508132e-030 2.40774271e-043 1.00000000e+000
  1.62686653e-014 4.39750030e-045 1.15289809e-065 1.92839200e-061
  5.92976910e-042 2.77007500e-047 2.70178952e-040 1.04696382e-045
  1.71202524e-064 3.39413528e-119 4.86263458e-102 1.99794405e-053
  1.07453923e-093 2.17057645e-073 1.53454719e-047 1.21744639e-040
  1.00000000e+000]
 [1.66547372e-056 3.06881016e-019 1.52384891e-031 1.62686653e-014
  1.00000000e+000 1.79709197e-031 1.16670111e-055 3.47442647e-050
  2.12634950e-040 1.80387107e-039 8.19339541e-026 8.88364644e-049
  4.59531984e-030 2.06528519e-099 2.30616160e-084 1.42237827e-038
  3.66581793e-096 1.59504437e-063 1.35010483e-034 9.54038824e-038
  1.00000000e+000]
 [6.83707947e-066 2.85119236e-036 1.81750510e-057 4.39750030e-045
  1.79709197e-031 1.00000000e+000 8.39498778e-045 1.18607828e-015
  2.87202355e-040 3.55353852e-008 1.04437220e-048 2.08006894e-030
  5.14881676e-024 5.76927402e-090 2.74883238e-068 2.86502909e-050
  6.74502088e-072 1.42231490e-063 1.54501097e-022 2.32134901e-006
  1.00000000e+000]
 [1.40731292e-034 6.33651185e-036 2.06418053e-038 1.15289809e-065
  1.16670111e-055 8.39498778e-045 1.00000000e+000 8.94923787e-035
  1.01447588e-028 1.08904569e-052 7.48801935e-039 6.57775468e-021
  5.26815306e-030 2.53968678e-031 1.10734378e-009 2.61164586e-015
  2.70565506e-017 1.10339168e-045 1.94208770e-063 3.01503703e-072
  1.00000000e+000]
 [1.44113981e-054 2.07910997e-031 1.31846393e-054 1.92839200e-061
  3.47442647e-050 1.18607828e-015 8.94923787e-035 1.00000000e+000
  1.15918272e-032 7.72213800e-017 1.50118551e-046 4.87010576e-016
  2.22975262e-030 1.91334984e-054 1.99836152e-049 4.63039842e-064
  2.09493396e-039 2.44658080e-027 2.86801893e-029 9.93566180e-029
  1.00000000e+000]
 [1.09174014e-047 3.71943778e-040 5.89376400e-073 5.92976910e-042
  2.12634950e-040 2.87202355e-040 1.01447588e-028 1.15918272e-032
  1.00000000e+000 1.84809730e-039 3.13789728e-067 9.60260204e-030
  1.19303179e-040 3.58708772e-088 1.92351259e-050 3.35116739e-041
  3.86112346e-046 3.68690587e-044 2.37704520e-080 1.03068961e-050
  1.00000000e+000]
 [1.44227146e-046 1.00830828e-052 3.60482763e-066 2.77007500e-047
  1.80387107e-039 3.55353852e-008 1.08904569e-052 7.72213800e-017
  1.84809730e-039 1.00000000e+000 5.10761247e-055 2.58680885e-021
  3.11568884e-045 3.53290638e-089 2.24903270e-088 3.09397042e-070
  2.42395460e-083 6.15581543e-074 2.26300829e-035 7.26366806e-012
  1.00000000e+000]
 [2.40105193e-038 3.72500719e-017 1.03508921e-001 2.70178952e-040
  8.19339541e-026 1.04437220e-048 7.48801935e-039 1.50118551e-046
  3.13789728e-067 5.10761247e-055 1.00000000e+000 4.30658802e-033
  1.51803226e-038 8.24813388e-037 1.34986692e-057 1.82235702e-040
  5.91609472e-065 2.07200680e-048 3.68965587e-023 7.50266598e-070
  1.00000000e+000]
 [8.78933330e-020 8.30039169e-038 1.91073867e-037 1.04696382e-045
  8.88364644e-049 2.08006894e-030 6.57775468e-021 4.87010576e-016
  9.60260204e-030 2.58680885e-021 4.30658802e-033 1.00000000e+000
  4.80856480e-050 1.47871463e-036 2.57934116e-047 1.73582171e-050
  6.47627383e-034 5.40621325e-043 3.39876347e-042 4.12565746e-045
  1.00000000e+000]
 [6.44781765e-072 1.45912504e-021 1.25401481e-043 1.71202524e-064
  4.59531984e-030 5.14881676e-024 5.26815306e-030 2.22975262e-030
  1.19303179e-040 3.11568884e-045 1.51803226e-038 4.80856480e-050
  1.00000000e+000 1.10393161e-067 1.04504997e-033 2.96318618e-025
  4.08175405e-057 1.05127046e-043 4.28051105e-037 1.48723764e-046
  1.00000000e+000]
 [1.68583919e-040 3.36521107e-060 4.11955886e-036 3.39413528e-119
  2.06528519e-099 5.76927402e-090 2.53968678e-031 1.91334984e-054
  3.58708772e-088 3.53290638e-089 8.24813388e-037 1.47871463e-036
  1.10393161e-067 1.00000000e+000 9.25273623e-036 1.99549061e-068
  8.60643674e-038 1.98167471e-052 5.60532753e-073 9.10645195e-131
  1.00000000e+000]
 [5.92067357e-072 7.27937828e-044 1.22357630e-054 4.86263458e-102
  2.30616160e-084 2.74883238e-068 1.10734378e-009 1.99836152e-049
  1.92351259e-050 2.24903270e-088 1.34986692e-057 2.57934116e-047
  1.04504997e-033 9.25273623e-036 1.00000000e+000 3.79848951e-025
  1.54039686e-012 6.77750498e-043 5.17626338e-080 2.21285687e-103
  1.00000000e+000]
 [1.81547972e-058 1.56404603e-034 2.18123204e-038 1.99794405e-053
  1.42237827e-038 2.86502909e-050 2.61164586e-015 4.63039842e-064
  3.35116739e-041 3.09397042e-070 1.82235702e-040 1.73582171e-050
  2.96318618e-025 1.99549061e-068 3.79848951e-025 1.00000000e+000
  4.93128134e-049 1.14404470e-072 2.45859575e-067 4.51913754e-074
  1.00000000e+000]
 [3.58937944e-073 1.66579876e-045 5.09877956e-062 1.07453923e-093
  3.66581793e-096 6.74502088e-072 2.70565506e-017 2.09493396e-039
  3.86112346e-046 2.42395460e-083 5.91609472e-065 6.47627383e-034
  4.08175405e-057 8.60643674e-038 1.54039686e-012 4.93128134e-049
  1.00000000e+000 2.41845659e-029 2.74967792e-079 1.15143349e-098
  1.00000000e+000]
 [1.35443742e-081 3.54998469e-020 4.34392616e-051 2.17057645e-073
  1.59504437e-063 1.42231490e-063 1.10339168e-045 2.44658080e-027
  3.68690587e-044 6.15581543e-074 2.07200680e-048 5.40621325e-043
  1.05127046e-043 1.98167471e-052 6.77750498e-043 1.14404470e-072
  2.41845659e-029 1.00000000e+000 3.49258136e-053 7.92079457e-084
  1.00000000e+000]
 [6.58904874e-081 1.25089129e-022 3.26048328e-028 1.53454719e-047
  1.35010483e-034 1.54501097e-022 1.94208770e-063 2.86801893e-029
  2.37704520e-080 2.26300829e-035 3.68965587e-023 3.39876347e-042
  4.28051105e-037 5.60532753e-073 5.17626338e-080 2.45859575e-067
  2.74967792e-079 3.49258136e-053 1.00000000e+000 2.91065398e-031
  1.00000000e+000]
 [1.44031267e-089 1.63674927e-050 5.46289561e-080 1.21744639e-040
  9.54038824e-038 2.32134901e-006 3.01503703e-072 9.93566180e-029
  1.03068961e-050 7.26366806e-012 7.50266598e-070 4.12565746e-045
  1.48723764e-046 9.10645195e-131 2.21285687e-103 4.51913754e-074
  1.15143349e-098 7.92079457e-084 2.91065398e-031 1.00000000e+000
  1.00000000e+000]
 [1.00000000e+000 1.00000000e+000 1.00000000e+000 1.00000000e+000
  1.00000000e+000 1.00000000e+000 1.00000000e+000 1.00000000e+000
  1.00000000e+000 1.00000000e+000 1.00000000e+000 1.00000000e+000
  1.00000000e+000 1.00000000e+000 1.00000000e+000 1.00000000e+000
  1.00000000e+000 1.00000000e+000 1.00000000e+000 1.00000000e+000
  0.00000000e+000]]
