[[1.00000000e+00 3.29525375e-28 1.92843399e-50 ... 1.03827530e-28
  2.48752780e-39 1.00000000e+00]
 [3.29525375e-28 1.00000000e+00 7.63225820e-49 ... 4.26419971e-10
  5.34309112e-18 1.00000000e+00]
 [1.92843399e-50 7.63225820e-49 1.00000000e+00 ... 1.04127886e-72
  1.07600513e-24 1.00000000e+00]
 ...
 [1.03827530e-28 4.26419971e-10 1.04127886e-72 ... 1.00000000e+00
  2.09889145e-40 1.00000000e+00]
 [2.48752780e-39 5.34309112e-18 1.07600513e-24 ... 2.09889145e-40
  1.00000000e+00 1.00000000e+00]
 [1.00000000e+00 1.00000000e+00 1.00000000e+00 ... 1.00000000e+00
  1.00000000e+00 0.00000000e+00]]
