[[1.00000000e+000 9.73427078e-083 2.71766622e-066 7.68653944e-012
  7.10855890e-036 3.80476119e-063 7.24780113e-081 6.17083910e-045
  1.02645700e-051 2.15395029e-077 7.87687190e-074 1.34164993e-028
  1.10094065e-054 1.12287118e-055 1.26308974e-031 4.94510097e-009
  7.21929534e-045 1.84427907e-068 3.62972863e-095 2.83081108e-062
  1.00000000e+000]
 [9.73427078e-083 1.00000000e+000 4.77578166e-008 5.16508954e-057
  3.49450162e-040 4.14751025e-026 9.51655744e-017 7.20924180e-082
  1.10647652e-033 2.61128352e-098 1.57242763e-039 3.51765948e-024
  6.57980069e-080 1.84823613e-037 1.62877213e-061 6.93534242e-048
  5.29103532e-032 6.56511835e-047 1.50646623e-019 7.62648660e-014
  1.00000000e+000]
 [2.71766622e-066 4.77578166e-008 1.00000000e+000 1.11593323e-048
  7.09080311e-039 1.47306136e-017 7.95093713e-015 1.08812545e-049
  8.02246816e-033 4.55530583e-070 1.35959290e-020 2.63695678e-023
  7.13369555e-063 1.23662473e-037 1.04120417e-037 1.73368195e-033
  1.83984431e-019 1.79242308e-046 1.89086874e-021 5.49500731e-013
  1.00000000e+000]
 [7.68653944e-012 5.16508954e-057 1.11593323e-048 1.00000000e+000
  1.61102415e-030 6.06656277e-039 2.19538596e-050 3.55319355e-053
  7.44115154e-034 2.75475820e-080 4.75557871e-060 1.31109270e-024
  5.02319828e-075 2.81559262e-040 1.72182387e-040 1.71066421e-013
  1.95459413e-042 2.02161295e-041 3.10195218e-075 6.03464098e-047
  1.00000000e+000]
 [7.10855890e-036 3.49450162e-040 7.09080311e-039 1.61102415e-030
  1.00000000e+000 6.71722401e-027 5.99991196e-036 1.36419647e-040
  7.19922520e-047 2.61261406e-043 1.06954364e-048 3.28137823e-031
  1.30100280e-044 5.44404100e-023 2.41790507e-052 6.54592356e-017
  5.70800238e-024 3.76723664e-025 6.15749397e-027 3.34632489e-034
  1.00000000e+000]
 [3.80476119e-063 4.14751025e-026 1.47306136e-017 6.06656277e-039
  6.71722401e-027 1.00000000e+000 4.98227521e-004 1.22464664e-051
  2.00939652e-034 6.37274988e-062 1.81435000e-039 6.74715050e-043
  1.10481951e-089 7.53979866e-017 1.12585333e-055 9.04049561e-030
  1.39281504e-014 8.24125900e-040 2.43867370e-025 2.46013348e-021
  1.00000000e+000]
 [7.24780113e-081 9.51655744e-017 7.95093713e-015 2.19538596e-050
  5.99991196e-036 4.98227521e-004 1.00000000e+000 4.79091209e-072
  3.02493172e-038 1.65250456e-081 1.20600751e-044 2.15313325e-045
  3.24255721e-106 1.95029098e-022 5.35998940e-064 1.54153488e-042
  4.86510167e-019 1.50596410e-046 6.43506666e-025 2.33337636e-015
  1.00000000e+000]
 [6.17083910e-045 7.20924180e-082 1.08812545e-049 3.55319355e-053
  1.36419647e-040 1.22464664e-051 4.79091209e-072 1.00000000e+000
  8.68271015e-085 1.27496831e-011 2.03938128e-022 5.34161966e-061
  1.38697254e-030 5.88031494e-077 5.07769151e-032 3.76539383e-030
  4.32532884e-044 4.25737124e-047 7.33348621e-061 1.39589112e-068
  1.00000000e+000]
 [1.02645700e-051 1.10647652e-033 8.02246816e-033 7.44115154e-034
  7.19922520e-047 2.00939652e-034 3.02493172e-038 8.68271015e-085
  1.00000000e+000 8.27098794e-125 5.48448560e-076 6.03316978e-017
  2.29452814e-078 3.24759818e-018 1.53551121e-081 7.81572823e-033
  1.16178576e-044 7.91383462e-069 1.79338792e-045 2.06545210e-051
  1.00000000e+000]
 [2.15395029e-077 2.61128352e-098 4.55530583e-070 2.75475820e-080
  2.61261406e-043 6.37274988e-062 1.65250456e-081 1.27496831e-011
  8.27098794e-125 1.00000000e+000 3.41455723e-030 1.25942421e-095
  2.36206853e-050 2.43966763e-096 5.77408787e-056 3.09384053e-055
  5.88076430e-060 1.52136220e-041 3.21785091e-063 1.02811746e-081
  1.00000000e+000]
 [7.87687190e-074 1.57242763e-039 1.35959290e-020 4.75557871e-060
  1.06954364e-048 1.81435000e-039 1.20600751e-044 2.03938128e-022
  5.48448560e-076 3.41455723e-030 1.00000000e+000 1.70477883e-051
  4.33409462e-050 2.05466257e-080 7.50430722e-034 1.85391959e-047
  3.94405741e-045 1.35949308e-030 5.55862786e-039 6.12560494e-041
  1.00000000e+000]
 [1.34164993e-028 3.51765948e-024 2.63695678e-023 1.31109270e-024
  3.28137823e-031 6.74715050e-043 2.15313325e-045 5.34161966e-061
  6.03316978e-017 1.25942421e-095 1.70477883e-051 1.00000000e+000
  9.29376353e-044 7.09077289e-034 2.35918552e-040 2.99734850e-017
  6.45556837e-033 3.73810295e-055 4.02890996e-044 1.19590880e-030
  1.00000000e+000]
 [1.10094065e-054 6.57980069e-080 7.13369555e-063 5.02319828e-075
  1.30100280e-044 1.10481951e-089 3.24255721e-106 1.38697254e-030
  2.29452814e-078 2.36206853e-050 4.33409462e-050 9.29376353e-044
  1.00000000e+000 1.05521403e-084 2.71665843e-060 1.58633827e-042
  3.84626016e-068 3.53677488e-066 9.07353555e-057 6.05968989e-088
  1.00000000e+000]
 [1.12287118e-055 1.84823613e-037 1.23662473e-037 2.81559262e-040
  5.44404100e-023 7.53979866e-017 1.95029098e-022 5.88031494e-077
  3.24759818e-018 2.43966763e-096 2.05466257e-080 7.09077289e-034
  1.05521403e-084 1.00000000e+000 2.63433060e-083 1.52832721e-027
  1.50798235e-023 1.03595520e-060 5.08935354e-031 1.05878876e-039
  1.00000000e+000]
 [1.26308974e-031 1.62877213e-061 1.04120417e-037 1.72182387e-040
  2.41790507e-052 1.12585333e-055 5.35998940e-064 5.07769151e-032
  1.53551121e-081 5.77408787e-056 7.50430722e-034 2.35918552e-040
  2.71665843e-060 2.63433060e-083 1.00000000e+000 1.48502168e-023
  1.11658447e-029 3.06272908e-073 4.33312068e-085 2.43020770e-032
  1.00000000e+000]
 [4.94510097e-009 6.93534242e-048 1.73368195e-033 1.71066421e-013
  6.54592356e-017 9.04049561e-030 1.54153488e-042 3.76539383e-030
  7.81572823e-033 3.09384053e-055 1.85391959e-047 2.99734850e-017
  1.58633827e-042 1.52832721e-027 1.48502168e-023 1.00000000e+000
  2.55893383e-016 7.07973859e-050 1.86350319e-052 1.22269317e-032
  1.00000000e+000]
 [7.21929534e-045 5.29103532e-032 1.83984431e-019 1.95459413e-042
  5.70800238e-024 1.39281504e-014 4.86510167e-019 4.32532884e-044
  1.16178576e-044 5.88076430e-060 3.94405741e-045 6.45556837e-033
  3.84626016e-068 1.50798235e-023 1.11658447e-029 2.55893383e-016
  1.00000000e+000 1.25216596e-063 1.99797765e-036 1.23833645e-012
  1.00000000e+000]
 [1.84427907e-068 6.56511835e-047 1.79242308e-046 2.02161295e-041
  3.76723664e-025 8.24125900e-040 1.50596410e-046 4.25737124e-047
  7.91383462e-069 1.52136220e-041 1.35949308e-030 3.73810295e-055
  3.53677488e-066 1.03595520e-060 3.06272908e-073 7.07973859e-050
  1.25216596e-063 1.00000000e+000 4.66800441e-036 1.09484593e-056
  1.00000000e+000]
 [3.62972863e-095 1.50646623e-019 1.89086874e-021 3.10195218e-075
  6.15749397e-027 2.43867370e-025 6.43506666e-025 7.33348621e-061
  1.79338792e-045 3.21785091e-063 5.55862786e-039 4.02890996e-044
  9.07353555e-057 5.08935354e-031 4.33312068e-085 1.86350319e-052
  1.99797765e-036 4.66800441e-036 1.00000000e+000 3.79994814e-038
  1.00000000e+000]
 [2.83081108e-062 7.62648660e-014 5.49500731e-013 6.03464098e-047
  3.34632489e-034 2.46013348e-021 2.33337636e-015 1.39589112e-068
  2.06545210e-051 1.02811746e-081 6.12560494e-041 1.19590880e-030
  6.05968989e-088 1.05878876e-039 2.43020770e-032 1.22269317e-032
  1.23833645e-012 1.09484593e-056 3.79994814e-038 1.00000000e+000
  1.00000000e+000]
 [1.00000000e+000 1.00000000e+000 1.00000000e+000 1.00000000e+000
  1.00000000e+000 1.00000000e+000 1.00000000e+000 1.00000000e+000
  1.00000000e+000 1.00000000e+000 1.00000000e+000 1.00000000e+000
  1.00000000e+000 1.00000000e+000 1.00000000e+000 1.00000000e+000
  1.00000000e+000 1.00000000e+000 1.00000000e+000 1.00000000e+000
  0.00000000e+000]]
