[[1.00000000e+000 3.54900336e-024 1.99928471e-051 1.56066286e-006
  1.22817798e-037 4.23975037e-010 1.11812818e-066 1.16063675e-022
  3.25594557e-042 4.13626909e-069 1.00793622e-012 8.82086847e-050
  1.97647071e-027 1.16431644e-020 1.24866504e-057 6.18067045e-029
  1.12721993e-018 1.20977961e-022 3.44941358e-026 9.64220219e-051
  1.00000000e+000]
 [3.54900336e-024 1.00000000e+000 1.54481191e-046 8.92177073e-015
  7.37034388e-035 4.90467163e-045 3.11451628e-019 5.07345070e-057
  4.08391206e-010 6.93754765e-018 1.50341839e-025 1.47793975e-058
  4.67855250e-013 1.10807965e-022 3.06719525e-034 1.17186602e-015
  4.81582172e-022 1.77310949e-028 1.80908725e-026 5.20490660e-032
  1.00000000e+000]
 [1.99928471e-051 1.54481191e-046 1.00000000e+000 9.49606461e-035
  1.02391361e-039 6.66361328e-055 5.49173396e-059 3.53650577e-073
  4.53333037e-025 4.99953815e-087 6.61808914e-048 4.17147499e-007
  6.27030806e-052 5.98029561e-082 4.77451175e-036 2.07468483e-036
  7.10939597e-027 2.71189364e-019 1.30320164e-014 3.72877157e-038
  1.00000000e+000]
 [1.56066286e-006 8.92177073e-015 9.49606461e-035 1.00000000e+000
  1.38200003e-025 1.13013132e-014 4.86254082e-053 7.02378425e-036
  1.22698849e-022 4.01354198e-059 2.26063175e-017 5.07186440e-039
  4.10694709e-015 7.89252162e-015 4.14154916e-043 4.71788327e-016
  1.92424955e-011 1.38298236e-016 2.97083414e-016 1.01083378e-049
  1.00000000e+000]
 [1.22817798e-037 7.37034388e-035 1.02391361e-039 1.38200003e-025
  1.00000000e+000 3.24196625e-049 2.53460531e-079 7.09924603e-066
  2.96646048e-036 1.71500788e-062 4.45532384e-039 2.54818036e-033
  9.11142032e-057 5.12376595e-040 1.80823864e-024 5.48146215e-045
  1.05970207e-051 4.04753234e-019 2.26339982e-014 2.08520403e-062
  1.00000000e+000]
 [4.23975037e-010 4.90467163e-045 6.66361328e-055 1.13013132e-014
  3.24196625e-049 1.00000000e+000 2.14414371e-089 7.36080913e-017
  7.92830587e-054 3.51694613e-102 3.22003413e-025 2.86510551e-051
  3.56851993e-032 3.21763037e-039 2.42339075e-083 4.81531911e-042
  3.16227766e-018 4.63158713e-038 6.50973729e-031 1.25087515e-064
  1.00000000e+000]
 [1.11812818e-066 3.11451628e-019 5.49173396e-059 4.86254082e-053
  2.53460531e-079 2.14414371e-089 1.00000000e+000 3.08479320e-082
  4.82491915e-019 1.28011310e-015 5.02321544e-068 7.34826354e-086
  4.49564490e-029 1.76524207e-068 1.02730655e-044 9.57108380e-026
  3.26195813e-043 1.73793368e-054 5.70320858e-059 1.02020471e-030
  1.00000000e+000]
 [1.16063675e-022 5.07345070e-057 3.53650577e-073 7.02378425e-036
  7.09924603e-066 7.36080913e-017 3.08479320e-082 1.00000000e+000
  3.52340196e-073 1.00418560e-092 3.62625782e-048 2.36834734e-073
  6.07815714e-049 8.87194422e-056 3.89882492e-076 2.65504572e-046
  1.26116279e-040 3.97500151e-042 4.16657761e-053 2.03499793e-063
  1.00000000e+000]
 [3.25594557e-042 4.08391206e-010 4.53333037e-025 1.22698849e-022
  2.96646048e-036 7.92830587e-054 4.82491915e-019 3.52340196e-073
  1.00000000e+000 2.70473033e-031 3.77626424e-037 7.89197809e-040
  2.26780488e-016 1.46309032e-046 2.02358679e-034 8.14195071e-019
  3.29212863e-018 4.35310990e-031 6.51210555e-019 5.54147478e-028
  1.00000000e+000]
 [4.13626909e-069 6.93754765e-018 4.99953815e-087 4.01354198e-059
  1.71500788e-062 3.51694613e-102 1.28011310e-015 1.00418560e-092
  2.70473033e-031 1.00000000e+000 4.65897627e-066 2.44927470e-104
  4.10835745e-046 3.36758797e-058 1.52603061e-040 5.22868308e-043
  7.44445361e-069 9.12798281e-061 8.33428457e-064 4.85303669e-042
  1.00000000e+000]
 [1.00793622e-012 1.50341839e-025 6.61808914e-048 2.26063175e-017
  4.45532384e-039 3.22003413e-025 5.02321544e-068 3.62625782e-048
  3.77626424e-037 4.65897627e-066 1.00000000e+000 1.58710538e-038
  2.43912395e-041 9.92874901e-046 2.52246167e-068 2.46242723e-051
  1.17316022e-021 1.45362653e-034 7.46362809e-018 2.40551329e-030
  1.00000000e+000]
 [8.82086847e-050 1.47793975e-058 4.17147499e-007 5.07186440e-039
  2.54818036e-033 2.86510551e-051 7.34826354e-086 2.36834734e-073
  7.89197809e-040 2.44927470e-104 1.58710538e-038 1.00000000e+000
  2.61345163e-071 1.13050680e-091 3.64191589e-047 3.40644556e-058
  8.52131388e-036 4.80364251e-023 2.60464144e-010 1.20739883e-040
  1.00000000e+000]
 [1.97647071e-027 4.67855250e-013 6.27030806e-052 4.10694709e-015
  9.11142032e-057 3.56851993e-032 4.49564490e-029 6.07815714e-049
  2.26780488e-016 4.10835745e-046 2.43912395e-041 2.61345163e-071
  1.00000000e+000 1.56841003e-025 1.55074260e-060 8.58220162e-012
  2.06492271e-012 1.23014177e-042 6.77244337e-039 9.09730412e-053
  1.00000000e+000]
 [1.16431644e-020 1.10807965e-022 5.98029561e-082 7.89252162e-015
  5.12376595e-040 3.21763037e-039 1.76524207e-068 8.87194422e-056
  1.46309032e-046 3.36758797e-058 9.92874901e-046 1.13050680e-091
  1.56841003e-025 1.00000000e+000 4.25534568e-054 4.24232181e-024
  1.36254740e-043 2.87021081e-037 2.90440991e-051 2.27058590e-093
  1.00000000e+000]
 [1.24866504e-057 3.06719525e-034 4.77451175e-036 4.14154916e-043
  1.80823864e-024 2.42339075e-083 1.02730655e-044 3.89882492e-076
  2.02358679e-034 1.52603061e-040 2.52246167e-068 3.64191589e-047
  1.55074260e-060 4.25534568e-054 1.00000000e+000 2.36532970e-028
  1.06964317e-063 3.98176288e-014 1.64112632e-035 1.38012444e-055
  1.00000000e+000]
 [6.18067045e-029 1.17186602e-015 2.07468483e-036 4.71788327e-016
  5.48146215e-045 4.81531911e-042 9.57108380e-026 2.65504572e-046
  8.14195071e-019 5.22868308e-043 2.46242723e-051 3.40644556e-058
  8.58220162e-012 4.24232181e-024 2.36532970e-028 1.00000000e+000
  8.73979236e-022 9.94768337e-020 1.17163133e-036 2.08084685e-054
  1.00000000e+000]
 [1.12721993e-018 4.81582172e-022 7.10939597e-027 1.92424955e-011
  1.05970207e-051 3.16227766e-018 3.26195813e-043 1.26116279e-040
  3.29212863e-018 7.44445361e-069 1.17316022e-021 8.52131388e-036
  2.06492271e-012 1.36254740e-043 1.06964317e-063 8.73979236e-022
  1.00000000e+000 2.26041515e-031 4.40605636e-020 3.48701002e-034
  1.00000000e+000]
 [1.20977961e-022 1.77310949e-028 2.71189364e-019 1.38298236e-016
  4.04753234e-019 4.63158713e-038 1.73793368e-054 3.97500151e-042
  4.35310990e-031 9.12798281e-061 1.45362653e-034 4.80364251e-023
  1.23014177e-042 2.87021081e-037 3.98176288e-014 9.94768337e-020
  2.26041515e-031 1.00000000e+000 2.51324479e-016 3.08543999e-045
  1.00000000e+000]
 [3.44941358e-026 1.80908725e-026 1.30320164e-014 2.97083414e-016
  2.26339982e-014 6.50973729e-031 5.70320858e-059 4.16657761e-053
  6.51210555e-019 8.33428457e-064 7.46362809e-018 2.60464144e-010
  6.77244337e-039 2.90440991e-051 1.64112632e-035 1.17163133e-036
  4.40605636e-020 2.51324479e-016 1.00000000e+000 2.27982040e-029
  1.00000000e+000]
 [9.64220219e-051 5.20490660e-032 3.72877157e-038 1.01083378e-049
  2.08520403e-062 1.25087515e-064 1.02020471e-030 2.03499793e-063
  5.54147478e-028 4.85303669e-042 2.40551329e-030 1.20739883e-040
  9.09730412e-053 2.27058590e-093 1.38012444e-055 2.08084685e-054
  3.48701002e-034 3.08543999e-045 2.27982040e-029 1.00000000e+000
  1.00000000e+000]
 [1.00000000e+000 1.00000000e+000 1.00000000e+000 1.00000000e+000
  1.00000000e+000 1.00000000e+000 1.00000000e+000 1.00000000e+000
  1.00000000e+000 1.00000000e+000 1.00000000e+000 1.00000000e+000
  1.00000000e+000 1.00000000e+000 1.00000000e+000 1.00000000e+000
  1.00000000e+000 1.00000000e+000 1.00000000e+000 1.00000000e+000
  0.00000000e+000]]
