[[1.00000000e+00 1.64135217e-44 1.13112219e-54 5.89421847e-27
  7.76781165e-14 8.73786630e-52 3.04478238e-23 2.63366585e-63
  5.06467764e-65 1.80706192e-44 4.73319762e-43 3.78550768e-40
  7.36426073e-37 6.06008354e-22 1.78580223e-53 1.33186618e-69
  4.10500830e-26 1.56126121e-43 1.58227757e-30 1.28128841e-25
  1.00000000e+00]
 [1.64135217e-44 1.00000000e+00 2.41467887e-38 2.87093832e-31
  4.12560591e-42 7.94250175e-29 2.72309108e-41 1.26415683e-10
  1.30771631e-16 7.90228687e-43 3.25855907e-40 8.42212530e-35
  1.33566544e-25 4.14031062e-43 6.25783685e-55 1.55703696e-60
  1.90516432e-31 2.85497646e-10 2.70135382e-55 6.93603756e-31
  1.00000000e+00]
 [1.13112219e-54 2.41467887e-38 1.00000000e+00 1.39503337e-19
  1.18963015e-48 7.62191169e-28 1.40254679e-40 1.61888779e-56
  3.65963281e-43 5.90440429e-55 3.39127481e-70 2.77290392e-37
  8.68515263e-44 3.91288068e-25 3.40136899e-46 1.59321050e-65
  1.36370069e-43 8.37402721e-56 1.87988487e-53 8.54205567e-17
  1.00000000e+00]
 [5.89421847e-27 2.87093832e-31 1.39503337e-19 1.00000000e+00
  4.80275703e-26 6.59517002e-43 2.12607639e-33 9.53503949e-59
  6.29185484e-24 5.38546227e-55 4.54061493e-37 8.65195532e-14
  3.43747917e-16 3.08637765e-09 2.37009991e-54 3.68086759e-52
  2.08058478e-49 2.01570377e-29 8.76680260e-41 3.45529407e-26
  1.00000000e+00]
 [7.76781165e-14 4.12560591e-42 1.18963015e-48 4.80275703e-26
  1.00000000e+00 1.30917576e-41 6.71008066e-11 6.43378199e-51
  2.52796845e-53 5.81806308e-28 2.68692074e-35 2.78422377e-28
  2.44319310e-25 3.46967048e-11 4.19994640e-52 5.27413197e-36
  2.10094358e-19 4.89999624e-37 1.05576885e-25 1.45576155e-34
  1.00000000e+00]
 [8.73786630e-52 7.94250175e-29 7.62191169e-28 6.59517002e-43
  1.30917576e-41 1.00000000e+00 3.51664755e-49 8.14292066e-30
  4.92597145e-49 2.18949244e-42 5.02128102e-49 6.99393489e-35
  5.81481024e-33 2.09380657e-37 1.11419233e-21 1.53272376e-36
  7.37660308e-24 1.37888683e-33 7.42614096e-29 1.12674164e-34
  1.00000000e+00]
 [3.04478238e-23 2.72309108e-41 1.40254679e-40 2.12607639e-33
  6.71008066e-11 3.51664755e-49 1.00000000e+00 7.54431209e-43
  1.12829722e-55 8.17632682e-14 3.85861874e-47 1.48430084e-42
  2.26237656e-42 6.37072663e-24 3.99573554e-52 2.82939010e-51
  2.03043393e-15 6.29575074e-53 5.88699497e-36 8.03919589e-20
  1.00000000e+00]
 [2.63366585e-63 1.26415683e-10 1.61888779e-56 9.53503949e-59
  6.43378199e-51 8.14292066e-30 7.54431209e-43 1.00000000e+00
  2.64737020e-29 3.88940744e-26 1.21364971e-39 5.66660055e-47
  1.05342851e-37 6.12500851e-66 1.91435545e-45 1.41152858e-50
  9.33695102e-29 2.49472984e-22 1.44213973e-51 4.55283852e-43
  1.00000000e+00]
 [5.06467764e-65 1.30771631e-16 3.65963281e-43 6.29185484e-24
  2.52796845e-53 4.92597145e-49 1.12829722e-55 2.64737020e-29
  1.00000000e+00 2.88668688e-53 5.11631152e-26 4.40506620e-17
  5.68704214e-14 4.43035123e-45 6.01489783e-61 1.21883115e-45
  1.18962401e-67 2.03357806e-13 1.33987828e-57 7.88955200e-53
  1.00000000e+00]
 [1.80706192e-44 7.90228687e-43 5.90440429e-55 5.38546227e-55
  5.81806308e-28 2.18949244e-42 8.17632682e-14 3.88940744e-26
  2.88668688e-53 1.00000000e+00 1.49246816e-32 1.40421032e-42
  6.45241228e-43 3.71619736e-50 2.26849517e-29 9.00374974e-35
  7.67106682e-21 2.55725282e-52 5.95018676e-25 8.69490122e-33
  1.00000000e+00]
 [4.73319762e-43 3.25855907e-40 3.39127481e-70 4.54061493e-37
  2.68692074e-35 5.02128102e-49 3.85861874e-47 1.21364971e-39
  5.11631152e-26 1.49246816e-32 1.00000000e+00 2.49255707e-11
  3.71227344e-10 3.30227106e-46 2.82004128e-31 9.07690319e-21
  2.22041881e-57 4.69692805e-22 1.13426144e-17 6.81094821e-61
  1.00000000e+00]
 [3.78550768e-40 8.42212530e-35 2.77290392e-37 8.65195532e-14
  2.78422377e-28 6.99393489e-35 1.48430084e-42 5.66660055e-47
  4.40506620e-17 1.40421032e-42 2.49255707e-11 1.00000000e+00
  6.78134881e-03 6.53031765e-21 1.31334329e-33 2.28765036e-18
  6.92331007e-55 1.17706795e-19 3.81100658e-21 2.17517862e-47
  1.00000000e+00]
 [7.36426073e-37 1.33566544e-25 8.68515263e-44 3.43747917e-16
  2.44319310e-25 5.81481024e-33 2.26237656e-42 1.05342851e-37
  5.68704214e-14 6.45241228e-43 3.71227344e-10 6.78134881e-03
  1.00000000e+00 2.41715862e-22 2.91783050e-39 3.36087231e-20
  2.84340472e-49 7.98674211e-10 1.30767633e-24 1.37578698e-49
  1.00000000e+00]
 [6.06008354e-22 4.14031062e-43 3.91288068e-25 3.08637765e-09
  3.46967048e-11 2.09380657e-37 6.37072663e-24 6.12500851e-66
  4.43035123e-45 3.71619736e-50 3.30227106e-46 6.53031765e-21
  2.41715862e-22 1.00000000e+00 2.13445007e-56 3.31839943e-43
  5.08599449e-35 5.88118331e-39 3.51625500e-35 9.22765225e-31
  1.00000000e+00]
 [1.78580223e-53 6.25783685e-55 3.40136899e-46 2.37009991e-54
  4.19994640e-52 1.11419233e-21 3.99573554e-52 1.91435545e-45
  6.01489783e-61 2.26849517e-29 2.82004128e-31 1.31334329e-33
  2.91783050e-39 2.13445007e-56 1.00000000e+00 9.39510113e-33
  6.47767963e-41 4.20265330e-55 7.57386585e-10 6.37129155e-40
  1.00000000e+00]
 [1.33186618e-69 1.55703696e-60 1.59321050e-65 3.68086759e-52
  5.27413197e-36 1.53272376e-36 2.82939010e-51 1.41152858e-50
  1.21883115e-45 9.00374974e-35 9.07690319e-21 2.28765036e-18
  3.36087231e-20 3.31839943e-43 9.39510113e-33 1.00000000e+00
  2.61823578e-56 4.18226327e-41 1.72644639e-20 1.21535828e-77
  1.00000000e+00]
 [4.10500830e-26 1.90516432e-31 1.36370069e-43 2.08058478e-49
  2.10094358e-19 7.37660308e-24 2.03043393e-15 9.33695102e-29
  1.18962401e-67 7.67106682e-21 2.22041881e-57 6.92331007e-55
  2.84340472e-49 5.08599449e-35 6.47767963e-41 2.61823578e-56
  1.00000000e+00 4.17190197e-46 1.59591276e-34 1.60810147e-20
  1.00000000e+00]
 [1.56126121e-43 2.85497646e-10 8.37402721e-56 2.01570377e-29
  4.89999624e-37 1.37888683e-33 6.29575074e-53 2.49472984e-22
  2.03357806e-13 2.55725282e-52 4.69692805e-22 1.17706795e-19
  7.98674211e-10 5.88118331e-39 4.20265330e-55 4.18226327e-41
  4.17190197e-46 1.00000000e+00 1.53816866e-44 8.40397240e-54
  1.00000000e+00]
 [1.58227757e-30 2.70135382e-55 1.87988487e-53 8.76680260e-41
  1.05576885e-25 7.42614096e-29 5.88699497e-36 1.44213973e-51
  1.33987828e-57 5.95018676e-25 1.13426144e-17 3.81100658e-21
  1.30767633e-24 3.51625500e-35 7.57386585e-10 1.72644639e-20
  1.59591276e-34 1.53816866e-44 1.00000000e+00 1.89537814e-42
  1.00000000e+00]
 [1.28128841e-25 6.93603756e-31 8.54205567e-17 3.45529407e-26
  1.45576155e-34 1.12674164e-34 8.03919589e-20 4.55283852e-43
  7.88955200e-53 8.69490122e-33 6.81094821e-61 2.17517862e-47
  1.37578698e-49 9.22765225e-31 6.37129155e-40 1.21535828e-77
  1.60810147e-20 8.40397240e-54 1.89537814e-42 1.00000000e+00
  1.00000000e+00]
 [1.00000000e+00 1.00000000e+00 1.00000000e+00 1.00000000e+00
  1.00000000e+00 1.00000000e+00 1.00000000e+00 1.00000000e+00
  1.00000000e+00 1.00000000e+00 1.00000000e+00 1.00000000e+00
  1.00000000e+00 1.00000000e+00 1.00000000e+00 1.00000000e+00
  1.00000000e+00 1.00000000e+00 1.00000000e+00 1.00000000e+00
  0.00000000e+00]]
