[[1.00000000e+000 2.19156579e-022 1.15093898e-030 4.79943025e-020
  1.23495534e-026 1.12445339e-058 6.55077646e-046 9.18980326e-005
  3.14773842e-030 4.53495862e-023 5.38943435e-054 1.92584519e-028
  2.09143422e-034 7.44386725e-032 1.47549930e-038 1.67806171e-015
  5.13231465e-031 9.40400020e-008 2.32669439e-034 1.49605307e-064
  1.00000000e+000]
 [2.19156579e-022 1.00000000e+000 2.78308706e-041 2.33735697e-024
  2.61686664e-010 1.06374305e-039 5.51700598e-035 1.57978344e-037
  4.52922686e-022 1.98482177e-046 2.50468739e-022 8.66191630e-049
  4.97041132e-032 2.09027899e-009 5.80453332e-038 2.06283569e-016
  9.56799314e-017 3.12538135e-024 3.94460544e-016 9.78241469e-086
  1.00000000e+000]
 [1.15093898e-030 2.78308706e-041 1.00000000e+000 6.75591671e-063
  2.03992202e-025 9.73265793e-054 1.78703800e-042 6.10730362e-041
  1.04450993e-021 9.91636515e-032 1.37624659e-055 6.70224016e-036
  9.36800676e-010 9.36957324e-035 1.86052364e-053 3.26435681e-014
  1.72870239e-053 4.94871372e-038 5.98842321e-057 1.01836050e-011
  1.00000000e+000]
 [4.79943025e-020 2.33735697e-024 6.75591671e-063 1.00000000e+000
  1.07749592e-036 2.16970961e-065 8.04007661e-048 1.56622615e-019
  9.39918922e-054 5.85307480e-037 2.28893251e-044 4.91031232e-072
  1.07530779e-046 6.46345827e-024 1.31058466e-011 2.01406331e-025
  1.09929782e-045 2.28732798e-015 2.02758077e-028 2.57804627e-103
  1.00000000e+000]
 [1.23495534e-026 2.61686664e-010 2.03992202e-025 1.07749592e-036
  1.00000000e+000 2.88298713e-044 3.76574360e-019 3.40991570e-043
  2.38932351e-027 2.44416262e-053 4.53206780e-031 7.38517201e-063
  6.41268566e-014 1.57811396e-013 2.35783290e-037 4.21245996e-018
  3.66615139e-027 3.72659797e-021 4.03098037e-035 9.14991217e-065
  1.00000000e+000]
 [1.12445339e-058 1.06374305e-039 9.73265793e-054 2.16970961e-065
  2.88298713e-044 1.00000000e+000 3.79969491e-024 2.90727022e-067
  6.13149049e-061 7.30447923e-038 2.24556681e-052 2.01304768e-064
  3.27476243e-039 1.27619405e-054 2.03284306e-067 6.34091226e-029
  5.70214534e-067 1.76191194e-052 1.85577525e-073 2.18240541e-068
  1.00000000e+000]
 [6.55077646e-046 5.51700598e-035 1.78703800e-042 8.04007661e-048
  3.76574360e-019 3.79969491e-024 1.00000000e+000 3.96618164e-056
  1.41904691e-068 9.44418012e-049 2.09097392e-047 1.34081847e-089
  4.82981805e-017 1.11745022e-042 1.16517470e-039 1.66952964e-028
  5.99690441e-067 2.74798520e-025 3.57839207e-071 8.59462386e-069
  1.00000000e+000]
 [9.18980326e-005 1.57978344e-037 6.10730362e-041 1.56622615e-019
  3.40991570e-043 2.90727022e-067 3.96618164e-056 1.00000000e+000
  7.12884132e-042 4.35793754e-023 6.29785793e-076 4.77623867e-039
  2.42434336e-045 2.47757878e-043 2.72434757e-038 2.71122318e-023
  4.85847921e-041 2.69838617e-012 3.56041364e-051 4.18638093e-070
  1.00000000e+000]
 [3.14773842e-030 4.52922686e-022 1.04450993e-021 9.39918922e-054
  2.38932351e-027 6.13149049e-061 1.41904691e-068 7.12884132e-042
  1.00000000e+000 9.69776259e-050 2.24206787e-054 6.85319912e-033
  1.04845243e-035 4.21394567e-018 9.09421329e-063 3.12918064e-020
  2.03966964e-016 1.85226344e-050 1.49985629e-036 6.84803674e-050
  1.00000000e+000]
 [4.53495862e-023 1.98482177e-046 9.91636515e-032 5.85307480e-037
  2.44416262e-053 7.30447923e-038 9.44418012e-049 4.35793754e-023
  9.69776259e-050 1.00000000e+000 2.39218111e-050 1.22670284e-024
  1.05716912e-033 8.51134450e-052 1.02647282e-040 1.74204404e-012
  2.48431209e-075 8.05653563e-028 1.76271039e-047 2.36837769e-039
  1.00000000e+000]
 [5.38943435e-054 2.50468739e-022 1.37624659e-055 2.28893251e-044
  4.53206780e-031 2.24556681e-052 2.09097392e-047 6.29785793e-076
  2.24206787e-054 2.39218111e-050 1.00000000e+000 3.79368236e-065
  3.60355154e-037 1.77484879e-026 1.01009750e-040 1.01747760e-025
  2.11758404e-072 2.23961226e-047 5.89073256e-013 4.68858702e-090
  1.00000000e+000]
 [1.92584519e-028 8.66191630e-049 6.70224016e-036 4.91031232e-072
  7.38517201e-063 2.01304768e-064 1.34081847e-089 4.77623867e-039
  6.85319912e-033 1.22670284e-024 3.79368236e-065 1.00000000e+000
  2.08417653e-059 1.23948472e-064 2.22286235e-093 1.18216007e-027
  6.60700433e-061 6.99010530e-053 1.34777633e-047 4.65856173e-052
  1.00000000e+000]
 [2.09143422e-034 4.97041132e-032 9.36800676e-010 1.07530779e-046
  6.41268566e-014 3.27476243e-039 4.82981805e-017 2.42434336e-045
  1.04845243e-035 1.05716912e-033 3.60355154e-037 2.08417653e-059
  1.00000000e+000 2.73191957e-025 1.07613519e-030 5.11535583e-012
  4.86633192e-058 3.68527863e-027 8.98723802e-051 2.04823660e-026
  1.00000000e+000]
 [7.44386725e-032 2.09027899e-009 9.36957324e-035 6.46345827e-024
  1.57811396e-013 1.27619405e-054 1.11745022e-042 2.47757878e-043
  4.21394567e-018 8.51134450e-052 1.77484879e-026 1.23948472e-064
  2.73191957e-025 1.00000000e+000 1.31294923e-023 1.07580116e-016
  3.56388976e-023 8.00223956e-034 2.65659346e-019 1.05363251e-072
  1.00000000e+000]
 [1.47549930e-038 5.80453332e-038 1.86052364e-053 1.31058466e-011
  2.35783290e-037 2.03284306e-067 1.16517470e-039 2.72434757e-038
  9.09421329e-063 1.02647282e-040 1.01009750e-040 2.22286235e-093
  1.07613519e-030 1.31294923e-023 1.00000000e+000 1.30669572e-025
  3.15392461e-070 7.16407814e-026 1.84284856e-039 6.09246907e-082
  1.00000000e+000]
 [1.67806171e-015 2.06283569e-016 3.26435681e-014 2.01406331e-025
  4.21245996e-018 6.34091226e-029 1.66952964e-028 2.71122318e-023
  3.12918064e-020 1.74204404e-012 1.01747760e-025 1.18216007e-027
  5.11535583e-012 1.07580116e-016 1.30669572e-025 1.00000000e+000
  1.38792313e-038 1.18138720e-018 8.96445518e-025 2.56217317e-034
  1.00000000e+000]
 [5.13231465e-031 9.56799314e-017 1.72870239e-053 1.09929782e-045
  3.66615139e-027 5.70214534e-067 5.99690441e-067 4.85847921e-041
  2.03966964e-016 2.48431209e-075 2.11758404e-072 6.60700433e-061
  4.86633192e-058 3.56388976e-023 3.15392461e-070 1.38792313e-038
  1.00000000e+000 1.03965130e-045 5.02417214e-048 6.89454807e-102
  1.00000000e+000]
 [9.40400020e-008 3.12538135e-024 4.94871372e-038 2.28732798e-015
  3.72659797e-021 1.76191194e-052 2.74798520e-025 2.69838617e-012
  1.85226344e-050 8.05653563e-028 2.23961226e-047 6.99010530e-053
  3.68527863e-027 8.00223956e-034 7.16407814e-026 1.18138720e-018
  1.03965130e-045 1.00000000e+000 1.13243438e-040 6.12049918e-074
  1.00000000e+000]
 [2.32669439e-034 3.94460544e-016 5.98842321e-057 2.02758077e-028
  4.03098037e-035 1.85577525e-073 3.57839207e-071 3.56041364e-051
  1.49985629e-036 1.76271039e-047 5.89073256e-013 1.34777633e-047
  8.98723802e-051 2.65659346e-019 1.84284856e-039 8.96445518e-025
  5.02417214e-048 1.13243438e-040 1.00000000e+000 2.43871478e-099
  1.00000000e+000]
 [1.49605307e-064 9.78241469e-086 1.01836050e-011 2.57804627e-103
  9.14991217e-065 2.18240541e-068 8.59462386e-069 4.18638093e-070
  6.84803674e-050 2.36837769e-039 4.68858702e-090 4.65856173e-052
  2.04823660e-026 1.05363251e-072 6.09246907e-082 2.56217317e-034
  6.89454807e-102 6.12049918e-074 2.43871478e-099 1.00000000e+000
  1.00000000e+000]
 [1.00000000e+000 1.00000000e+000 1.00000000e+000 1.00000000e+000
  1.00000000e+000 1.00000000e+000 1.00000000e+000 1.00000000e+000
  1.00000000e+000 1.00000000e+000 1.00000000e+000 1.00000000e+000
  1.00000000e+000 1.00000000e+000 1.00000000e+000 1.00000000e+000
  1.00000000e+000 1.00000000e+000 1.00000000e+000 1.00000000e+000
  0.00000000e+000]]
