[[1.00000000e+000 1.08495089e-017 9.62370236e-017 3.59683699e-011
  4.68190836e-011 1.00651748e-007 1.99122861e-025 1.08977322e-054
  3.02249872e-068 1.84361820e-032 2.51651482e-009 1.17851857e-031
  1.22423337e-037 1.00299221e-019 9.40005242e-047 1.76933879e-036
  8.62612595e-022 1.81640180e-012 3.46053420e-016 2.32058453e-046
  1.00000000e+000]
 [1.08495089e-017 1.00000000e+000 2.30192243e-021 3.49959839e-017
  9.88454171e-039 9.92503672e-038 9.71548417e-010 7.27305016e-044
  1.15818927e-067 1.13286450e-065 2.56020143e-031 2.66350483e-057
  9.45805086e-059 9.69296673e-037 2.76110754e-070 5.79175473e-010
  5.21061844e-021 1.08251710e-041 1.05497075e-014 1.72080992e-071
  1.00000000e+000]
 [9.62370236e-017 2.30192243e-021 1.00000000e+000 4.67954114e-040
  1.12007524e-042 6.34761122e-021 5.29000890e-037 6.28873039e-066
  3.02557354e-093 1.31211093e-074 5.02120351e-034 6.79715325e-051
  2.06133625e-076 3.19697708e-059 4.39788019e-089 9.28870008e-030
  1.29315900e-049 6.63579376e-034 1.31422042e-019 2.73123225e-097
  1.00000000e+000]
 [3.59683699e-011 3.49959839e-017 4.67954114e-040 1.00000000e+000
  5.99647437e-021 3.70102225e-022 1.84411509e-027 1.84128277e-053
  3.37218181e-065 1.64423346e-038 9.78722226e-021 2.31048315e-049
  2.55213132e-020 9.80113519e-005 2.13568517e-027 8.07528493e-033
  1.39045780e-024 1.10121800e-022 8.52992518e-021 1.27553605e-026
  1.00000000e+000]
 [4.68190836e-011 9.88454171e-039 1.12007524e-042 5.99647437e-021
  1.00000000e+000 1.57892826e-020 4.30856680e-038 5.64981857e-081
  4.48440162e-089 2.04813921e-018 5.12107413e-013 7.45683664e-039
  7.54926648e-042 1.13506900e-022 9.43359650e-045 2.61064020e-058
  3.12778513e-022 1.46508340e-028 1.03415341e-028 1.03894624e-042
  1.00000000e+000]
 [1.00651748e-007 9.92503672e-038 6.34761122e-021 3.70102225e-022
  1.57892826e-020 1.00000000e+000 1.78103525e-057 1.09011450e-069
  3.69004572e-067 3.01481065e-036 1.94377336e-012 4.79253368e-040
  4.59388442e-030 1.21721287e-025 2.83488455e-038 2.78664354e-051
  1.28969339e-049 1.55236673e-015 1.67806914e-021 7.24787265e-041
  1.00000000e+000]
 [1.99122861e-025 9.71548417e-010 5.29000890e-037 1.84411509e-027
  4.30856680e-038 1.78103525e-057 1.00000000e+000 9.13207977e-059
  1.89069819e-103 1.41636280e-072 6.98303702e-044 1.98480433e-058
  1.06431703e-088 1.78930203e-048 1.76541139e-100 4.59498301e-032
  1.16324764e-011 2.74418357e-047 8.09615873e-036 8.76472317e-098
  1.00000000e+000]
 [1.08977322e-054 7.27305016e-044 6.28873039e-066 1.84128277e-053
  5.64981857e-081 1.09011450e-069 9.13207977e-059 1.00000000e+000
  9.19179394e-068 7.71388777e-058 1.56250969e-069 1.88820062e-029
  1.70593720e-081 6.77523856e-073 5.76143296e-093 1.75191598e-057
  1.12595339e-041 5.88163244e-052 4.28253052e-073 4.91716853e-092
  1.00000000e+000]
 [3.02249872e-068 1.15818927e-067 3.02557354e-093 3.37218181e-065
  4.48440162e-089 3.69004572e-067 1.89069819e-103 9.19179394e-068
  1.00000000e+000 3.22444541e-073 8.12254818e-042 3.02764800e-104
  7.75067130e-058 1.05461481e-078 1.00346452e-069 8.00480067e-068
  5.58365696e-082 1.62698751e-096 1.03650996e-057 1.01392099e-055
  1.00000000e+000]
 [1.84361820e-032 1.13286450e-065 1.31211093e-074 1.64423346e-038
  2.04813921e-018 3.01481065e-036 1.41636280e-072 7.71388777e-058
  3.22444541e-073 1.00000000e+000 3.57797020e-027 5.74618594e-026
  1.01221799e-039 9.56807176e-037 1.48096917e-039 1.03938281e-081
  9.54602079e-034 1.20891325e-040 1.34022973e-055 1.32796227e-035
  1.00000000e+000]
 [2.51651482e-009 2.56020143e-031 5.02120351e-034 9.78722226e-021
  5.12107413e-013 1.94377336e-012 6.98303702e-044 1.56250969e-069
  8.12254818e-042 3.57797020e-027 1.00000000e+000 1.58361755e-048
  3.96760970e-034 1.38529336e-027 3.51326413e-042 3.28929867e-046
  1.64463291e-030 2.70746765e-031 6.06757204e-018 1.83437037e-035
  1.00000000e+000]
 [1.17851857e-031 2.66350483e-057 6.79715325e-051 2.31048315e-049
  7.45683664e-039 4.79253368e-040 1.98480433e-058 1.88820062e-029
  3.02764800e-104 5.74618594e-026 1.58361755e-048 1.00000000e+000
  8.15522839e-078 7.59425088e-059 2.57729520e-085 1.80206682e-084
  1.71829406e-032 1.01364700e-020 9.74618768e-072 8.49459093e-086
  1.00000000e+000]
 [1.22423337e-037 9.45805086e-059 2.06133625e-076 2.55213132e-020
  7.54926648e-042 4.59388442e-030 1.06431703e-088 1.70593720e-081
  7.75067130e-058 1.01221799e-039 3.96760970e-034 8.15522839e-078
  1.00000000e+000 2.85722415e-012 3.28027484e-002 6.90426418e-061
  1.12540118e-070 6.48594821e-049 8.92852140e-038 6.50740539e-004
  1.00000000e+000]
 [1.00299221e-019 9.69296673e-037 3.19697708e-059 9.80113519e-005
  1.13506900e-022 1.21721287e-025 1.78930203e-048 6.77523856e-073
  1.05461481e-078 9.56807176e-037 1.38529336e-027 7.59425088e-059
  2.85722415e-012 1.00000000e+000 3.29231446e-016 6.09926063e-053
  2.18673119e-039 3.46668123e-027 1.11579339e-032 4.29381379e-016
  1.00000000e+000]
 [9.40005242e-047 2.76110754e-070 4.39788019e-089 2.13568517e-027
  9.43359650e-045 2.83488455e-038 1.76541139e-100 5.76143296e-093
  1.00346452e-069 1.48096917e-039 3.51326413e-042 2.57729520e-085
  3.28027484e-002 3.29231446e-016 1.00000000e+000 2.85130540e-069
  1.22963810e-078 8.45884668e-060 9.94497449e-045 4.29951863e-004
  1.00000000e+000]
 [1.76933879e-036 5.79175473e-010 9.28870008e-030 8.07528493e-033
  2.61064020e-058 2.78664354e-051 4.59498301e-032 1.75191598e-057
  8.00480067e-068 1.03938281e-081 3.28929867e-046 1.80206682e-084
  6.90426418e-061 6.09926063e-053 2.85130540e-069 1.00000000e+000
  1.06000777e-045 7.55440488e-073 6.81125638e-012 8.75381493e-077
  1.00000000e+000]
 [8.62612595e-022 5.21061844e-021 1.29315900e-049 1.39045780e-024
  3.12778513e-022 1.28969339e-049 1.16324764e-011 1.12595339e-041
  5.58365696e-082 9.54602079e-034 1.64463291e-030 1.71829406e-032
  1.12540118e-070 2.18673119e-039 1.22963810e-078 1.06000777e-045
  1.00000000e+000 3.32792011e-038 1.25647126e-041 9.85189376e-072
  1.00000000e+000]
 [1.81640180e-012 1.08251710e-041 6.63579376e-034 1.10121800e-022
  1.46508340e-028 1.55236673e-015 2.74418357e-047 5.88163244e-052
  1.62698751e-096 1.20891325e-040 2.70746765e-031 1.01364700e-020
  6.48594821e-049 3.46668123e-027 8.45884668e-060 7.55440488e-073
  3.32792011e-038 1.00000000e+000 6.56560930e-050 7.91287519e-060
  1.00000000e+000]
 [3.46053420e-016 1.05497075e-014 1.31422042e-019 8.52992518e-021
  1.03415341e-028 1.67806914e-021 8.09615873e-036 4.28253052e-073
  1.03650996e-057 1.34022973e-055 6.06757204e-018 9.74618768e-072
  8.92852140e-038 1.11579339e-032 9.94497449e-045 6.81125638e-012
  1.25647126e-041 6.56560930e-050 1.00000000e+000 2.65510163e-049
  1.00000000e+000]
 [2.32058453e-046 1.72080992e-071 2.73123225e-097 1.27553605e-026
  1.03894624e-042 7.24787265e-041 8.76472317e-098 4.91716853e-092
  1.01392099e-055 1.32796227e-035 1.83437037e-035 8.49459093e-086
  6.50740539e-004 4.29381379e-016 4.29951863e-004 8.75381493e-077
  9.85189376e-072 7.91287519e-060 2.65510163e-049 1.00000000e+000
  1.00000000e+000]
 [1.00000000e+000 1.00000000e+000 1.00000000e+000 1.00000000e+000
  1.00000000e+000 1.00000000e+000 1.00000000e+000 1.00000000e+000
  1.00000000e+000 1.00000000e+000 1.00000000e+000 1.00000000e+000
  1.00000000e+000 1.00000000e+000 1.00000000e+000 1.00000000e+000
  1.00000000e+000 1.00000000e+000 1.00000000e+000 1.00000000e+000
  0.00000000e+000]]
