[[1.00000000e+000 9.05018538e-057 2.81352475e-051 1.65988674e-106
  8.42112500e-037 1.23318996e-070 2.51227492e-039 6.71849116e-060
  1.25271438e-021 5.61806208e-055 2.82456551e-062 1.09335715e-045
  1.56595343e-053 3.71753848e-050 9.42394646e-046 6.68482704e-038
  5.56331671e-039 5.19410587e-034 7.04941524e-041 1.47541773e-059
  1.00000000e+000]
 [9.05018538e-057 1.00000000e+000 5.89965793e-028 3.92624485e-031
  5.35826419e-076 2.41110950e-041 1.94827012e-060 1.93754514e-029
  4.36326360e-022 3.71406550e-035 1.71091208e-048 2.32693484e-042
  4.03575732e-032 4.41190551e-067 4.18918632e-048 1.60680684e-050
  2.12622344e-051 1.25342925e-037 2.13518199e-064 5.33313619e-016
  1.00000000e+000]
 [2.81352475e-051 5.89965793e-028 1.00000000e+000 2.36402887e-035
  4.87334889e-070 1.78260730e-025 7.97961929e-034 6.89377985e-054
  3.30444331e-028 3.21588984e-021 1.27856768e-053 3.08092480e-010
  6.92641648e-012 3.05643765e-036 2.08753078e-052 1.03647998e-050
  2.84705041e-023 8.13850709e-050 3.44681048e-014 3.15533673e-029
  1.00000000e+000]
 [1.65988674e-106 3.92624485e-031 2.36402887e-035 1.00000000e+000
  4.65532183e-096 3.85582440e-033 1.62427969e-074 4.45183169e-026
  9.50088901e-058 4.67867108e-042 5.92453351e-036 3.14417991e-055
  3.19685814e-031 2.01438556e-055 7.66073724e-054 3.12446641e-065
  7.92213022e-058 2.51824174e-057 3.52995865e-068 1.71276237e-011
  1.00000000e+000]
 [8.42112500e-037 5.35826419e-076 4.87334889e-070 4.65532183e-096
  1.00000000e+000 6.71001669e-047 2.49395693e-047 8.12438230e-059
  9.63575230e-032 6.45617338e-057 4.47749520e-023 7.52732684e-052
  9.53099497e-046 2.78361287e-041 9.00453727e-075 8.23718762e-064
  1.59043983e-046 4.83683927e-077 1.07381442e-058 2.83362162e-050
  1.00000000e+000]
 [1.23318996e-070 2.41110950e-041 1.78260730e-025 3.85582440e-033
  6.71001669e-047 1.00000000e+000 2.60904362e-071 1.03795612e-057
  1.04466560e-027 1.68323870e-007 1.63279942e-022 5.51161798e-015
  1.87636407e-023 2.43487383e-019 1.73357494e-040 9.02993624e-062
  1.54534256e-046 4.39043638e-073 3.37747934e-030 2.89310314e-019
  1.00000000e+000]
 [2.51227492e-039 1.94827012e-060 7.97961929e-034 1.62427969e-074
  2.49395693e-047 2.60904362e-071 1.00000000e+000 2.81416313e-050
  2.44653876e-051 2.05291586e-077 2.17401185e-056 2.27524645e-051
  1.31455663e-019 2.88140696e-054 3.22824250e-095 4.87061239e-043
  1.72104705e-009 3.77616487e-046 2.47723015e-038 1.36947007e-055
  1.00000000e+000]
 [6.71849116e-060 1.93754514e-029 6.89377985e-054 4.45183169e-026
  8.12438230e-059 1.03795612e-057 2.81416313e-050 1.00000000e+000
  4.44475549e-040 6.40337900e-061 4.35091919e-026 1.16222666e-071
  1.28826712e-040 8.66565278e-063 4.66905290e-046 2.17759347e-045
  1.71703396e-050 2.60388852e-029 2.72287314e-080 2.92412093e-013
  1.00000000e+000]
 [1.25271438e-021 4.36326360e-022 3.30444331e-028 9.50088901e-058
  9.63575230e-032 1.04466560e-027 2.44653876e-051 4.44475549e-040
  1.00000000e+000 5.57812936e-017 1.40086088e-035 5.96681130e-019
  6.89741965e-035 8.47600873e-043 1.14644375e-031 2.78063234e-053
  3.65857357e-046 7.59290717e-047 1.72965749e-037 2.33514650e-023
  1.00000000e+000]
 [5.61806208e-055 3.71406550e-035 3.21588984e-021 4.67867108e-042
  6.45617338e-057 1.68323870e-007 2.05291586e-077 6.40337900e-061
  5.57812936e-017 1.00000000e+000 1.32485648e-038 1.09707043e-008
  3.90285152e-034 3.69651580e-027 1.24901664e-025 1.96225701e-064
  7.08714208e-055 3.22878222e-066 1.17169456e-025 1.39427413e-023
  1.00000000e+000]
 [2.82456551e-062 1.71091208e-048 1.27856768e-053 5.92453351e-036
  4.47749520e-023 1.63279942e-022 2.17401185e-056 4.35091919e-026
  1.40086088e-035 1.32485648e-038 1.00000000e+000 1.05609734e-049
  1.28821848e-028 3.56777001e-025 2.33078069e-046 1.72323782e-044
  9.56830226e-042 1.35021546e-053 2.14496154e-058 2.33507934e-014
  1.00000000e+000]
 [1.09335715e-045 2.32693484e-042 3.08092480e-010 3.14417991e-055
  7.52732684e-052 5.51161798e-015 2.27524645e-051 1.16222666e-071
  5.96681130e-019 1.09707043e-008 1.05609734e-049 1.00000000e+000
  1.09249847e-023 3.95770954e-029 1.43931638e-046 4.07760659e-066
  1.33470626e-037 6.59976811e-071 8.82150579e-011 1.80639960e-036
  1.00000000e+000]
 [1.56595343e-053 4.03575732e-032 6.92641648e-012 3.19685814e-031
  9.53099497e-046 1.87636407e-023 1.31455663e-019 1.28826712e-040
  6.89741965e-035 3.90285152e-034 1.28821848e-028 1.09249847e-023
  1.00000000e+000 2.57325720e-025 1.27888330e-063 3.72597530e-034
  9.53915082e-009 1.54429109e-043 3.52943986e-023 1.94238111e-022
  1.00000000e+000]
 [3.71753848e-050 4.41190551e-067 3.05643765e-036 2.01438556e-055
  2.78361287e-041 2.43487383e-019 2.88140696e-054 8.66565278e-063
  8.47600873e-043 3.69651580e-027 3.56777001e-025 3.95770954e-029
  2.57325720e-025 1.00000000e+000 7.18566517e-035 8.46668315e-029
  9.76394624e-026 6.46003380e-048 8.08816541e-019 1.60478372e-035
  1.00000000e+000]
 [9.42394646e-046 4.18918632e-048 2.08753078e-052 7.66073724e-054
  9.00453727e-075 1.73357494e-040 3.22824250e-095 4.66905290e-046
  1.14644375e-031 1.24901664e-025 2.33078069e-046 1.43931638e-046
  1.27888330e-063 7.18566517e-035 1.00000000e+000 4.26537950e-043
  1.27263887e-069 2.97813152e-034 2.62224572e-050 3.75910848e-030
  1.00000000e+000]
 [6.68482704e-038 1.60680684e-050 1.03647998e-050 3.12446641e-065
  8.23718762e-064 9.02993624e-062 4.87061239e-043 2.17759347e-045
  2.78063234e-053 1.96225701e-064 1.72323782e-044 4.07760659e-066
  3.72597530e-034 8.46668315e-029 4.26537950e-043 1.00000000e+000
  7.66227342e-021 9.23269102e-009 5.75394498e-048 6.92638845e-042
  1.00000000e+000]
 [5.56331671e-039 2.12622344e-051 2.84705041e-023 7.92213022e-058
  1.59043983e-046 1.54534256e-046 1.72104705e-009 1.71703396e-050
  3.65857357e-046 7.08714208e-055 9.56830226e-042 1.33470626e-037
  9.53915082e-009 9.76394624e-026 1.27263887e-069 7.66227342e-021
  1.00000000e+000 1.24248935e-032 5.29147205e-022 6.50346762e-042
  1.00000000e+000]
 [5.19410587e-034 1.25342925e-037 8.13850709e-050 2.51824174e-057
  4.83683927e-077 4.39043638e-073 3.77616487e-046 2.60388852e-029
  7.59290717e-047 3.22878222e-066 1.35021546e-053 6.59976811e-071
  1.54429109e-043 6.46003380e-048 2.97813152e-034 9.23269102e-009
  1.24248935e-032 1.00000000e+000 2.00533998e-058 1.77284932e-036
  1.00000000e+000]
 [7.04941524e-041 2.13518199e-064 3.44681048e-014 3.52995865e-068
  1.07381442e-058 3.37747934e-030 2.47723015e-038 2.72287314e-080
  1.72965749e-037 1.17169456e-025 2.14496154e-058 8.82150579e-011
  3.52943986e-023 8.08816541e-019 2.62224572e-050 5.75394498e-048
  5.29147205e-022 2.00533998e-058 1.00000000e+000 1.32701282e-051
  1.00000000e+000]
 [1.47541773e-059 5.33313619e-016 3.15533673e-029 1.71276237e-011
  2.83362162e-050 2.89310314e-019 1.36947007e-055 2.92412093e-013
  2.33514650e-023 1.39427413e-023 2.33507934e-014 1.80639960e-036
  1.94238111e-022 1.60478372e-035 3.75910848e-030 6.92638845e-042
  6.50346762e-042 1.77284932e-036 1.32701282e-051 1.00000000e+000
  1.00000000e+000]
 [1.00000000e+000 1.00000000e+000 1.00000000e+000 1.00000000e+000
  1.00000000e+000 1.00000000e+000 1.00000000e+000 1.00000000e+000
  1.00000000e+000 1.00000000e+000 1.00000000e+000 1.00000000e+000
  1.00000000e+000 1.00000000e+000 1.00000000e+000 1.00000000e+000
  1.00000000e+000 1.00000000e+000 1.00000000e+000 1.00000000e+000
  0.00000000e+000]]
