[[1.00000000e+00 4.21089418e-60 1.63468890e-25 ... 5.51982965e-59
  6.66531699e-37 1.00000000e+00]
 [4.21089418e-60 1.00000000e+00 9.45250476e-37 ... 1.32038333e-36
  1.05202170e-41 1.00000000e+00]
 [1.63468890e-25 9.45250476e-37 1.00000000e+00 ... 2.22342240e-46
  2.93039983e-41 1.00000000e+00]
 ...
 [5.51982965e-59 1.32038333e-36 2.22342240e-46 ... 1.00000000e+00
  1.10817048e-59 1.00000000e+00]
 [6.66531699e-37 1.05202170e-41 2.93039983e-41 ... 1.10817048e-59
  1.00000000e+00 1.00000000e+00]
 [1.00000000e+00 1.00000000e+00 1.00000000e+00 ... 1.00000000e+00
  1.00000000e+00 0.00000000e+00]]
