[[1.00000000e+00 5.57346993e-22 1.69607120e-24 ... 7.20620673e-55
  4.11090584e-52 1.00000000e+00]
 [5.57346993e-22 1.00000000e+00 1.64545205e-47 ... 1.65259188e-43
  9.53720220e-50 1.00000000e+00]
 [1.69607120e-24 1.64545205e-47 1.00000000e+00 ... 2.57776519e-21
  5.03193980e-59 1.00000000e+00]
 ...
 [7.20620673e-55 1.65259188e-43 2.57776519e-21 ... 1.00000000e+00
  2.14388222e-52 1.00000000e+00]
 [4.11090584e-52 9.53720220e-50 5.03193980e-59 ... 2.14388222e-52
  1.00000000e+00 1.00000000e+00]
 [1.00000000e+00 1.00000000e+00 1.00000000e+00 ... 1.00000000e+00
  1.00000000e+00 0.00000000e+00]]
