[[1.00000000e+00 9.27806263e-50 7.95866953e-68 ... 1.93210393e-30
  1.27280960e-18 1.00000000e+00]
 [9.27806263e-50 1.00000000e+00 7.35672511e-40 ... 1.26684180e-42
  4.20081057e-73 1.00000000e+00]
 [7.95866953e-68 7.35672511e-40 1.00000000e+00 ... 7.09091441e-98
  9.79443305e-47 1.00000000e+00]
 ...
 [1.93210393e-30 1.26684180e-42 7.09091441e-98 ... 1.00000000e+00
  1.53924631e-62 1.00000000e+00]
 [1.27280960e-18 4.20081057e-73 9.79443305e-47 ... 1.53924631e-62
  1.00000000e+00 1.00000000e+00]
 [1.00000000e+00 1.00000000e+00 1.00000000e+00 ... 1.00000000e+00
  1.00000000e+00 0.00000000e+00]]
