[[-2.72594297  0.23711462 -3.03592385 -4.6257058  -2.72800589 -4.88845606
  -2.95313208  3.07207059 -3.55716736  1.36458627]
 [-4.28711665  1.72735753  2.92099261 -0.7369724   1.41787345  2.08193056
  -4.40965368  2.08976692  0.50198681 -1.67037314]
 [ 4.73979053  1.4246536   2.52507722  4.12710988 -2.54189818  3.33980432
   2.07754853 -1.08006266  2.74731603  4.94771665]
 [-3.92589724 -0.7270486   3.57182851  2.72734402  0.95565586  4.82713497
  -4.83629838  4.31167723 -2.03624548 -0.03894849]
 [ 4.23074374  2.10952437 -4.02117371  2.37126286  2.86584022 -0.65697013
  -3.64777801 -2.56369412  3.7925793  -2.89141794]
 [ 2.55844833 -4.93565216 -3.33584683  2.5679798   3.76158063  4.7242291
   2.7643637   2.26025244 -2.34196641  3.96663403]
 [ 2.05512962 -1.65994109 -1.9092946   3.99875747 -3.95547647  0.28114795
  -4.47050851  1.42947472 -3.02541426 -3.83516322]
 [-4.95387566  3.00835561 -0.87512955  1.01556393 -2.91867729  2.56501252
   2.92996468 -4.35388989 -2.12704148  0.45004122]
 [-0.66908584 -1.40419368  1.58140886 -0.36793167 -1.48504487  0.2641777
  -3.3065031  -2.76784742  4.39446754 -3.05454776]
 [-3.89507015 -4.5205625   0.82671885 -1.23443552 -2.67383284 -3.78159685
   3.95919616  1.79089264  1.57831488 -2.50552281]
 [ 3.78797305  1.10189589  3.18983384  3.34460727  0.49709538  3.49455166
   2.83173186  1.14204306 -0.09816023 -0.62266502]
 [ 2.76973203  4.92106029 -4.71682326  3.22608851  0.36983443  3.21829462
   0.82650127  4.99010245  1.47535231 -0.08735788]
 [ 2.65098129  1.64395179 -3.83277104  3.97434308  0.27601574  3.6955802
   1.52144732 -4.9904075  -0.99193172 -0.97502568]
 [ 1.30626011  0.10290108 -0.08913391  2.92738649 -3.08654745 -0.75369461
   1.74892675  4.54709426 -0.00819428 -4.73268338]
 [ 2.7612938  -3.23445248 -2.1192986   0.84660792  4.93201898 -0.8044497
  -3.80217293  3.09643615 -0.92526494  0.82632688]
 [-1.14314664  3.16287826  3.57118201  2.99824979 -0.61431621  4.17483542
  -2.08545876  2.01715595  4.16598846 -2.09408447]
 [ 4.20593416 -1.39718168  3.58420455 -4.64589394  2.35352773 -1.36088455
   4.97282772 -1.04353442  1.48039253 -3.58697016]
 [ 0.56136666  3.17454696  0.8615599   1.15026511 -3.32488683 -0.22576381
  -3.63433942 -0.34726509 -1.33792026 -3.99657868]
 [ 3.22360514  2.73573119 -1.88150119  2.99623162 -0.29555583  3.30491998
   1.77701545  4.65230353 -0.52097919  1.74816719]
 [-2.69333256 -2.19178968 -4.65856197  0.70931711 -4.84093486 -4.62557453
   4.54905899  1.61459831  4.85786205 -1.81358266]
 [ 3.01539844  1.55548506 -4.78612103  2.08999597 -3.35577473 -2.05730436
  -2.39823756  2.7514453   2.68122554  3.26552615]],[[203764.90571473]
 [ 76095.31608798]
 [ 96224.08649324]
 [202744.2804083 ]
 [117327.9913186 ]
 [153914.87570711]
 [125077.81652756]
 [125613.69042572]
 [ 72883.80479478]
 [124146.08533869]
 [ 48877.78144753]
 [198088.11316238]
 [131639.84511026]
 [ 70690.22026761]
 [119891.86175234]
 [101172.70169218]
 [179872.80535931]
 [ 47562.70241148]
 [ 82273.81055153]
 [273559.02637486]
 [ 87223.01478946]],[[ 7.81151564e+04]
 [-4.95544332e+04]
 [-2.94256628e+04]
 [ 7.70945311e+04]
 [-8.32175800e+03]
 [ 2.82651264e+04]
 [-5.71932793e+02]
 [-3.60588946e+01]
 [-5.27659445e+04]
 [-1.50366398e+03]
 [-7.67719679e+04]
 [ 7.24383638e+04]
 [ 5.99009579e+03]
 [-5.49595290e+04]
 [-5.75788757e+03]
 [-2.44770476e+04]
 [ 5.42230560e+04]
 [-7.80870469e+04]
 [-4.33759388e+04]
 [ 1.47909277e+05]
 [-3.84267345e+04]
 [ 1.25649749e+05]],[[1.00000000e+000 8.64287972e-066 5.54851593e-143 3.73677875e-095
  1.20194033e-111 1.78956150e-123 2.27779462e-071 1.93089309e-086
  7.11957764e-084 1.40005339e-062 5.31658749e-122 8.46610467e-104
  1.27734506e-124 5.50278609e-076 1.39743028e-068 2.93751736e-119
  1.02699724e-114 9.46839656e-060 3.26475673e-091 2.86913146e-079
  5.13581038e-059 1.00000000e+000]
 [8.64287972e-066 1.00000000e+000 7.58631110e-098 2.44487530e-018
  1.33560211e-076 3.36754109e-107 1.25167607e-064 7.10143767e-064
  8.59498271e-035 3.18709545e-073 1.63362614e-061 4.88303569e-077
  5.21444803e-091 8.24332371e-061 2.73092617e-058 4.13920898e-024
  3.73839967e-093 5.62297712e-034 1.15186120e-068 4.10274077e-114
  4.28592520e-085 1.00000000e+000]
 [5.54851593e-143 7.58631110e-098 1.00000000e+000 4.50545887e-097
  5.51246985e-083 3.84689003e-071 8.50949151e-091 3.01258452e-076
  1.77196958e-073 4.59795278e-114 4.99493631e-025 6.20320579e-063
  8.58078819e-052 2.12769603e-075 1.94356638e-093 4.07440055e-054
  3.37459206e-094 7.17230337e-077 4.78077809e-037 2.48273542e-115
  2.75176616e-056 1.00000000e+000]
 [3.73677875e-095 2.44487530e-018 4.50545887e-097 1.00000000e+000
  2.75332832e-112 9.19728313e-085 3.44567116e-060 9.22775654e-085
  9.80103033e-068 1.20362226e-099 8.61668135e-061 9.42981280e-085
  3.48100108e-103 1.37933999e-069 4.35176395e-061 4.62232525e-036
  8.27254810e-136 1.81897043e-056 3.39968512e-064 2.50911021e-150
  3.94136641e-101 1.00000000e+000]
 [1.20194033e-111 1.33560211e-076 5.51246985e-083 2.75332832e-112
  1.00000000e+000 2.24888341e-101 2.00524404e-060 4.23109431e-102
  3.11481269e-042 1.78746002e-117 3.55407758e-067 4.60258035e-054
  7.09802208e-040 8.75866043e-071 4.19365634e-048 7.27732428e-065
  1.03451053e-088 6.88235373e-049 1.77786334e-067 2.36696336e-101
  2.12513588e-049 1.00000000e+000]
 [1.78956150e-123 3.36754109e-107 3.84689003e-071 9.19728313e-085
  2.24888341e-101 1.00000000e+000 2.24073842e-091 3.98007827e-102
  1.31268450e-113 1.10752171e-107 3.91729352e-053 2.85827050e-068
  3.92106217e-061 2.03866748e-088 5.51153240e-042 5.39584604e-109
  1.14850399e-105 1.03514594e-120 5.51983330e-042 6.30648529e-127
  5.93358131e-085 1.00000000e+000]
 [2.27779462e-071 1.25167607e-064 8.50949151e-091 3.44567116e-060
  2.00524404e-060 2.24073842e-091 1.00000000e+000 3.17812837e-085
  1.29037772e-052 1.42352591e-083 2.59224867e-061 6.69823609e-068
  6.57767377e-059 2.25306573e-030 6.36010591e-054 1.40467421e-066
  5.16988047e-117 6.53680941e-022 1.16425205e-057 1.57004552e-093
  5.46520083e-052 1.00000000e+000]
 [1.93089309e-086 7.10143767e-064 3.01258452e-076 9.22775654e-085
  4.23109431e-102 3.98007827e-102 3.17812837e-085 1.00000000e+000
  1.37567881e-065 2.01809825e-073 7.05831229e-066 3.08157819e-087
  1.01603930e-041 1.08126531e-076 2.30623360e-120 2.48680880e-069
  3.23420115e-106 2.90242856e-053 7.95466754e-073 4.96897891e-085
  1.80617397e-093 1.00000000e+000]
 [7.11957764e-084 8.59498271e-035 1.77196958e-073 9.80103033e-068
  3.11481269e-042 1.31268450e-113 1.29037772e-052 1.37567881e-065
  1.00000000e+000 2.75039646e-053 9.13528624e-060 1.93183200e-092
  1.12488973e-063 7.04861566e-055 3.91963025e-066 1.65091140e-034
  3.71913880e-063 1.54669568e-030 3.77682997e-085 2.28386402e-071
  9.93688407e-067 1.00000000e+000]
 [1.40005339e-062 3.18709545e-073 4.59795278e-114 1.20362226e-099
  1.78746002e-117 1.10752171e-107 1.42352591e-083 2.01809825e-073
  2.75039646e-053 1.00000000e+000 1.77502464e-082 2.83561373e-117
  1.50031526e-111 2.27289442e-042 9.36353021e-090 6.50920926e-089
  8.64348503e-060 6.70153298e-075 3.19124457e-096 8.26077337e-026
  2.02311766e-090 1.00000000e+000]
 [5.31658749e-122 1.63362614e-061 4.99493631e-025 8.61668135e-061
  3.55407758e-067 3.91729352e-053 2.59224867e-061 7.05831229e-066
  9.13528624e-060 1.77502464e-082 1.00000000e+000 4.38469449e-044
  1.59554086e-040 7.03296291e-035 7.50823640e-063 1.18019692e-033
  5.20245561e-052 1.20262419e-048 6.89575406e-022 4.03444281e-107
  3.81950791e-072 1.00000000e+000]
 [8.46610467e-104 4.88303569e-077 6.20320579e-063 9.42981280e-085
  4.60258035e-054 2.85827050e-068 6.69823609e-068 3.08157819e-087
  1.93183200e-092 2.83561373e-117 4.38469449e-044 1.00000000e+000
  1.54322241e-052 6.70092565e-044 8.51755635e-065 8.34564642e-052
  3.29111959e-115 1.00752563e-061 3.09558321e-010 3.73097086e-094
  1.47921294e-036 1.00000000e+000]
 [1.27734506e-124 5.21444803e-091 8.58078819e-052 3.48100108e-103
  7.09802208e-040 3.92106217e-061 6.57767377e-059 1.01603930e-041
  1.12488973e-063 1.50031526e-111 1.59554086e-040 1.54322241e-052
  1.00000000e+000 1.07836053e-068 6.38158505e-077 1.01530755e-071
  1.72129569e-092 6.58232243e-054 2.16709306e-047 5.53627883e-104
  3.38023013e-069 1.00000000e+000]
 [5.50278609e-076 8.24332371e-061 2.12769603e-075 1.37933999e-069
  8.75866043e-071 2.03866748e-088 2.25306573e-030 1.08126531e-076
  7.04861566e-055 2.27289442e-042 7.03296291e-035 6.70092565e-044
  1.07836053e-068 1.00000000e+000 3.67532801e-066 3.53066027e-046
  9.31576432e-069 5.74562095e-031 1.25474795e-035 3.88898157e-050
  2.32425997e-053 1.00000000e+000]
 [1.39743028e-068 2.73092617e-058 1.94356638e-093 4.35176395e-061
  4.19365634e-048 5.51153240e-042 6.36010591e-054 2.30623360e-120
  3.91963025e-066 9.36353021e-090 7.50823640e-063 8.51755635e-065
  6.38158505e-077 3.67532801e-066 1.00000000e+000 4.54313959e-082
  3.31033754e-085 1.16926277e-069 1.52868833e-052 1.52362751e-113
  3.93487604e-054 1.00000000e+000]
 [2.93751736e-119 4.13920898e-024 4.07440055e-054 4.62232525e-036
  7.27732428e-065 5.39584604e-109 1.40467421e-066 2.48680880e-069
  1.65091140e-034 6.50920926e-089 1.18019692e-033 8.34564642e-052
  1.01530755e-071 3.53066027e-046 4.54313959e-082 1.00000000e+000
  1.68610962e-094 1.85147401e-036 8.08262072e-048 9.82953728e-107
  6.83822553e-074 1.00000000e+000]
 [1.02699724e-114 3.73839967e-093 3.37459206e-094 8.27254810e-136
  1.03451053e-088 1.14850399e-105 5.16988047e-117 3.23420115e-106
  3.71913880e-063 8.64348503e-060 5.20245561e-052 3.29111959e-115
  1.72129569e-092 9.31576432e-069 3.31033754e-085 1.68610962e-094
  1.00000000e+000 7.49057106e-084 4.97052828e-092 3.28640796e-100
  1.69167081e-120 1.00000000e+000]
 [9.46839656e-060 5.62297712e-034 7.17230337e-077 1.81897043e-056
  6.88235373e-049 1.03514594e-120 6.53680941e-022 2.90242856e-053
  1.54669568e-030 6.70153298e-075 1.20262419e-048 1.00752563e-061
  6.58232243e-054 5.74562095e-031 1.16926277e-069 1.85147401e-036
  7.49057106e-084 1.00000000e+000 3.13364119e-056 4.70675257e-090
  6.30917234e-055 1.00000000e+000]
 [3.26475673e-091 1.15186120e-068 4.78077809e-037 3.39968512e-064
  1.77786334e-067 5.51983330e-042 1.16425205e-057 7.95466754e-073
  3.77682997e-085 3.19124457e-096 6.89575406e-022 3.09558321e-010
  2.16709306e-047 1.25474795e-035 1.52868833e-052 8.08262072e-048
  4.97052828e-092 3.13364119e-056 1.00000000e+000 8.39178521e-094
  1.61247503e-036 1.00000000e+000]
 [2.86913146e-079 4.10274077e-114 2.48273542e-115 2.50911021e-150
  2.36696336e-101 6.30648529e-127 1.57004552e-093 4.96897891e-085
  2.28386402e-071 8.26077337e-026 4.03444281e-107 3.73097086e-094
  5.53627883e-104 3.88898157e-050 1.52362751e-113 9.82953728e-107
  3.28640796e-100 4.70675257e-090 8.39178521e-094 1.00000000e+000
  2.02734488e-060 1.00000000e+000]
 [5.13581038e-059 4.28592520e-085 2.75176616e-056 3.94136641e-101
  2.12513588e-049 5.93358131e-085 5.46520083e-052 1.80617397e-093
  9.93688407e-067 2.02311766e-090 3.81950791e-072 1.47921294e-036
  3.38023013e-069 2.32425997e-053 3.93487604e-054 6.83822553e-074
  1.69167081e-120 6.30917234e-055 1.61247503e-036 2.02734488e-060
  1.00000000e+000 1.00000000e+000]
 [1.00000000e+000 1.00000000e+000 1.00000000e+000 1.00000000e+000
  1.00000000e+000 1.00000000e+000 1.00000000e+000 1.00000000e+000
  1.00000000e+000 1.00000000e+000 1.00000000e+000 1.00000000e+000
  1.00000000e+000 1.00000000e+000 1.00000000e+000 1.00000000e+000
  1.00000000e+000 1.00000000e+000 1.00000000e+000 1.00000000e+000
  1.00000000e+000 0.00000000e+000]]
