[[1.00000000e+00 8.42084331e-41 3.10501600e-36 3.81782226e-51
  8.98144791e-82 1.22352458e-61 9.51502476e-51 7.00569933e-66
  1.10608355e-33 5.98954943e-53 1.00949570e-19 1.71106204e-95
  3.08575548e-53 5.36159769e-53 3.77872374e-61 1.72310480e-40
  8.85209282e-29 9.30447096e-42 1.50081187e-66 1.76095706e-09
  1.20194411e-25 5.58647913e-35 4.87390152e-54 2.90325834e-14
  5.27627677e-41 6.05209284e-85 7.49857723e-62 2.46812918e-28
  1.70136693e-83 6.95097436e-60 1.00000000e+00]
 [8.42084331e-41 1.00000000e+00 2.25288146e-46 4.91365997e-36
  3.05284617e-64 9.81912110e-46 2.48832905e-76 4.12689121e-70
  1.92410267e-24 4.92658706e-25 2.44694214e-17 7.59426753e-45
  1.95486630e-23 3.79553388e-45 1.81967073e-67 1.45114135e-34
  2.64472592e-39 8.53970972e-64 8.12806695e-50 5.78366214e-55
  5.63068237e-47 9.88696445e-12 4.30818478e-24 1.28956112e-25
  1.43926283e-29 3.53164157e-67 3.53891081e-13 8.07952781e-30
  5.76380820e-31 1.57858925e-22 1.00000000e+00]
 [3.10501600e-36 2.25288146e-46 1.00000000e+00 3.67175944e-37
  1.31024702e-84 2.43381676e-53 3.70848833e-69 3.01050572e-96
  9.33139951e-32 4.83989163e-66 1.07088801e-24 2.09742520e-83
  6.42298413e-13 4.64849076e-67 2.48295861e-68 1.71901910e-21
  5.51058226e-35 1.29839742e-47 1.30744198e-53 4.52735767e-16
  4.48661890e-53 1.42876963e-24 3.99428807e-33 8.84308317e-19
  7.20619994e-54 2.55160426e-64 1.68120427e-55 9.14440952e-44
  2.72149526e-46 4.45012709e-70 1.00000000e+00]
 [3.81782226e-51 4.91365997e-36 3.67175944e-37 1.00000000e+00
  2.32232001e-39 4.46839987e-51 7.38944766e-40 1.28941900e-67
  5.39620532e-58 1.08762217e-39 8.14519539e-32 5.57593740e-47
  8.01745274e-25 3.50940420e-82 9.10045002e-38 1.38253075e-33
  5.94860475e-10 6.83029257e-51 9.04071281e-19 1.84801187e-46
  6.84564996e-64 7.76885718e-22 4.38486615e-48 3.62685015e-29
  3.09183273e-37 3.65792488e-38 7.06434826e-42 1.38967474e-25
  2.89541825e-20 7.11031804e-23 1.00000000e+00]
 [8.98144791e-82 3.05284617e-64 1.31024702e-84 2.32232001e-39
  1.00000000e+00 1.16750798e-33 3.14870852e-38 6.90033365e-18
  5.79829890e-69 2.47195617e-50 3.57473276e-75 6.62230004e-28
  9.67380002e-57 3.17539584e-61 3.28452279e-41 9.76892472e-68
  8.77490801e-32 9.52997152e-26 8.52014250e-16 8.40544514e-83
  8.15065114e-58 2.33111688e-49 9.30325919e-48 1.04945602e-76
  3.90553575e-63 6.33541783e-27 2.65502489e-43 1.45945559e-46
  1.46584521e-55 4.92824110e-18 1.00000000e+00]
 [1.22352458e-61 9.81912110e-46 2.43381676e-53 4.46839987e-51
  1.16750798e-33 1.00000000e+00 3.14076971e-48 4.55337692e-20
  1.73470496e-21 2.17761816e-28 3.11839576e-39 1.20079139e-25
  7.77065694e-36 9.45165990e-11 4.32751361e-47 1.07410802e-18
  5.65286955e-49 3.06154844e-30 2.18277029e-18 2.26375432e-61
  1.06992181e-21 1.39657247e-19 1.61756579e-32 1.12586898e-39
  1.71453730e-27 2.00599228e-11 3.17176269e-52 3.47600849e-71
  4.20744419e-48 4.80067840e-40 1.00000000e+00]
 [9.51502476e-51 2.48832905e-76 3.70848833e-69 7.38944766e-40
  3.14870852e-38 3.14076971e-48 1.00000000e+00 2.40426661e-38
  5.56554023e-82 2.35460008e-82 6.03942856e-45 2.65583348e-42
  4.24101299e-68 1.14523918e-66 2.88369494e-04 1.17688192e-53
  5.44784558e-19 9.98682509e-52 1.64660598e-22 9.69486441e-47
  1.74843799e-61 4.19111892e-51 1.08017978e-57 2.39939284e-47
  5.07149619e-72 1.92211567e-48 1.25045926e-84 1.42373526e-40
  1.03602682e-94 5.49241297e-42 1.00000000e+00]
 [7.00569933e-66 4.12689121e-70 3.01050572e-96 1.28941900e-67
  6.90033365e-18 4.55337692e-20 2.40426661e-38 1.00000000e+00
  3.94029315e-52 1.23987736e-43 1.07550944e-68 4.08858041e-38
  1.59174599e-77 5.72914509e-28 9.34388042e-47 1.93324368e-59
  1.95802410e-49 3.24118505e-24 7.31075599e-28 1.37422237e-77
  6.84619460e-28 8.03868645e-51 4.00115350e-58 1.13169728e-68
  2.39515800e-49 1.33734552e-28 9.66020113e-66 5.93480863e-68
  1.96762411e-85 4.59623159e-37 1.00000000e+00]
 [1.10608355e-33 1.92410267e-24 9.33139951e-32 5.39620532e-58
  5.79829890e-69 1.73470496e-21 5.56554023e-82 3.94029315e-52
  1.00000000e+00 2.01203009e-22 5.11663600e-24 7.00049194e-63
  4.87580577e-26 8.12091947e-16 1.23084022e-82 4.12007284e-17
  9.76030684e-55 7.43287210e-35 3.73423241e-52 8.17922901e-39
  9.71750074e-14 1.05634924e-13 1.55868574e-29 1.01066525e-21
  4.48262429e-20 3.92789357e-47 4.57078232e-38 3.38151408e-59
  8.97413801e-45 1.66405038e-53 1.00000000e+00]
 [5.98954943e-53 4.92658706e-25 4.83989163e-66 1.08762217e-39
  2.47195617e-50 2.17761816e-28 2.35460008e-82 1.23987736e-43
  2.01203009e-22 1.00000000e+00 7.78881404e-40 5.70224114e-56
  1.40818524e-43 9.97004310e-36 2.63097755e-84 8.03450214e-31
  3.12095605e-50 2.14317355e-44 1.86688783e-39 1.91123440e-71
  5.46423710e-24 1.81834918e-18 2.99538296e-58 1.05616640e-35
  2.52118789e-05 7.50571256e-34 2.39407588e-39 2.31709646e-62
  7.04128562e-26 3.49878583e-33 1.00000000e+00]
 [1.00949570e-19 2.44694214e-17 1.07088801e-24 8.14519539e-32
  3.57473276e-75 3.11839576e-39 6.03942856e-45 1.07550944e-68
  5.11663600e-24 7.78881404e-40 1.00000000e+00 8.98917110e-52
  7.17767512e-24 1.18455289e-38 2.13276826e-40 2.75246611e-14
  5.37726896e-27 9.87304934e-60 1.43543691e-41 3.78916184e-23
  6.68832106e-36 2.03278309e-09 9.89736297e-29 4.75049163e-04
  4.30219710e-28 2.88425389e-59 4.06979799e-44 2.26132089e-31
  5.39708788e-49 5.71445384e-41 1.00000000e+00]
 [1.71106204e-95 7.59426753e-45 2.09742520e-83 5.57593740e-47
  6.62230004e-28 1.20079139e-25 2.65583348e-42 4.08858041e-38
  7.00049194e-63 5.70224114e-56 8.98917110e-52 1.00000000e+00
  1.79730953e-44 6.50328146e-45 8.36191980e-29 2.53870124e-49
  7.21173474e-48 1.10068110e-67 5.88971967e-17 7.94178677e-97
  8.56106274e-73 2.07694871e-33 1.03234348e-28 1.98575202e-66
  4.71544241e-63 4.25584044e-32 1.93948186e-42 2.61077907e-60
  2.24055824e-54 7.60111648e-20 1.00000000e+00]
 [3.08575548e-53 1.95486630e-23 6.42298413e-13 8.01745274e-25
  9.67380002e-57 7.77065694e-36 4.24101299e-68 1.59174599e-77
  4.87580577e-26 1.40818524e-43 7.17767512e-24 1.79730953e-44
  1.00000000e+00 4.69426467e-54 2.67198305e-59 1.91469067e-19
  1.76821147e-32 2.13828882e-47 1.17684381e-33 4.85093207e-40
  2.81743358e-55 4.78392872e-11 5.95701628e-15 1.08085646e-25
  9.99142364e-43 2.87072736e-44 1.12142134e-24 1.35381211e-37
  7.72157189e-19 1.20989040e-37 1.00000000e+00]
 [5.36159769e-53 3.79553388e-45 4.64849076e-67 3.50940420e-82
  3.17539584e-61 9.45165990e-11 1.14523918e-66 5.72914509e-28
  8.12091947e-16 9.97004310e-36 1.18455289e-38 6.50328146e-45
  4.69426467e-54 1.00000000e+00 9.94522910e-67 6.35577798e-29
  5.80869272e-70 4.67826114e-43 2.29683504e-47 2.62953458e-63
  2.41616316e-15 1.75043506e-28 5.62790783e-38 5.83589661e-42
  2.42794497e-33 1.53433909e-40 2.69379726e-60 1.21527276e-81
  4.18573169e-78 2.66308150e-57 1.00000000e+00]
 [3.77872374e-61 1.81967073e-67 2.48295861e-68 9.10045002e-38
  3.28452279e-41 4.32751361e-47 2.88369494e-04 9.34388042e-47
  1.23084022e-82 2.63097755e-84 2.13276826e-40 8.36191980e-29
  2.67198305e-59 9.94522910e-67 1.00000000e+00 1.01130981e-50
  3.24959598e-22 5.27186435e-65 3.27099059e-20 1.18481561e-55
  8.44099806e-73 1.50438814e-45 2.24349736e-47 3.73575731e-48
  2.69122564e-75 4.42768229e-49 1.98786055e-76 3.66219315e-41
  7.43568456e-87 1.12366849e-36 1.00000000e+00]
 [1.72310480e-40 1.45114135e-34 1.71901910e-21 1.38253075e-33
  9.76892472e-68 1.07410802e-18 1.17688192e-53 1.93324368e-59
  4.12007284e-17 8.03450214e-31 2.75246611e-14 2.53870124e-49
  1.91469067e-19 6.35577798e-29 1.01130981e-50 1.00000000e+00
  5.39377817e-39 2.93276237e-48 4.75462519e-29 1.78749817e-34
  5.56152636e-28 8.60884528e-08 1.71438160e-36 6.85096889e-11
  3.35983396e-18 7.52381760e-28 1.47226336e-58 9.20316901e-61
  2.82572629e-35 2.45937669e-53 1.00000000e+00]
 [8.85209282e-29 2.64472592e-39 5.51058226e-35 5.94860475e-10
  8.77490801e-32 5.65286955e-49 5.44784558e-19 1.95802410e-49
  9.76030684e-55 3.12095605e-50 5.37726896e-27 7.21173474e-48
  1.76821147e-32 5.80869272e-70 3.24959598e-22 5.39377817e-39
  1.00000000e+00 5.77954803e-34 5.84846649e-21 1.00859524e-25
  5.39133530e-50 4.30250760e-27 3.55536123e-39 2.29262325e-25
  3.14659149e-46 1.28451890e-46 7.35521207e-42 2.19802770e-10
  5.43455585e-46 8.45759598e-22 1.00000000e+00]
 [9.30447096e-42 8.53970972e-64 1.29839742e-47 6.83029257e-51
  9.52997152e-26 3.06154844e-30 9.98682509e-52 3.24118505e-24
  7.43287210e-35 2.14317355e-44 9.87304934e-60 1.10068110e-67
  2.13828882e-47 4.67826114e-43 5.27186435e-65 2.93276237e-48
  5.77954803e-34 1.00000000e+00 2.87287710e-36 2.30079551e-38
  2.98153866e-22 1.23333800e-42 3.34891201e-46 3.15085978e-50
  7.21359867e-48 2.16660427e-36 1.10898201e-50 1.12672227e-46
  2.98613632e-63 1.17482130e-46 1.00000000e+00]
 [1.50081187e-66 8.12806695e-50 1.30744198e-53 9.04071281e-19
  8.52014250e-16 2.18277029e-18 1.64660598e-22 7.31075599e-28
  3.73423241e-52 1.86688783e-39 1.43543691e-41 5.88971967e-17
  1.17684381e-33 2.29683504e-47 3.27099059e-20 4.75462519e-29
  5.84846649e-21 2.87287710e-36 1.00000000e+00 7.24733117e-61
  1.37799042e-48 7.30544982e-24 5.92541781e-39 2.44462873e-42
  6.08266121e-39 1.19369228e-09 2.21864087e-50 1.62418606e-46
  4.63758680e-36 6.09575062e-21 1.00000000e+00]
 [1.76095706e-09 5.78366214e-55 4.52735767e-16 1.84801187e-46
  8.40544514e-83 2.26375432e-61 9.69486441e-47 1.37422237e-77
  8.17922901e-39 1.91123440e-71 3.78916184e-23 7.94178677e-97
  4.85093207e-40 2.62953458e-63 1.18481561e-55 1.78749817e-34
  1.00859524e-25 2.30079551e-38 7.24733117e-61 1.00000000e+00
  2.05616110e-37 8.68544890e-37 1.98536518e-47 1.88743971e-15
  1.30338089e-55 1.19821667e-78 1.14598114e-69 9.78105810e-32
  1.64409450e-80 3.86309381e-71 1.00000000e+00]
 [1.20194411e-25 5.63068237e-47 4.48661890e-53 6.84564996e-64
  8.15065114e-58 1.06992181e-21 1.74843799e-61 6.84619460e-28
  9.71750074e-14 5.46423710e-24 6.68832106e-36 8.56106274e-73
  2.81743358e-55 2.41616316e-15 8.44099806e-73 5.56152636e-28
  5.39133530e-50 2.98153866e-22 1.37799042e-48 2.05616110e-37
  1.00000000e+00 7.92137302e-29 1.13970374e-54 5.67355895e-28
  1.04482491e-18 1.14702937e-41 5.42379548e-63 7.36643343e-64
  8.69382834e-70 7.73357984e-58 1.00000000e+00]
 [5.58647913e-35 9.88696445e-12 1.42876963e-24 7.76885718e-22
  2.33111688e-49 1.39657247e-19 4.19111892e-51 8.03868645e-51
  1.05634924e-13 1.81834918e-18 2.03278309e-09 2.07694871e-33
  4.78392872e-11 1.75043506e-28 1.50438814e-45 8.60884528e-08
  4.30250760e-27 1.23333800e-42 7.30544982e-24 8.68544890e-37
  7.92137302e-29 1.00000000e+00 5.80285083e-21 3.71374529e-11
  5.48001758e-15 5.25617347e-31 3.64658580e-27 2.52491631e-36
  7.70710272e-21 3.35669773e-26 1.00000000e+00]
 [4.87390152e-54 4.30818478e-24 3.99428807e-33 4.38486615e-48
  9.30325919e-48 1.61756579e-32 1.08017978e-57 4.00115350e-58
  1.55868574e-29 2.99538296e-58 9.89736297e-29 1.03234348e-28
  5.95701628e-15 5.62790783e-38 2.24349736e-47 1.71438160e-36
  3.55536123e-39 3.34891201e-46 5.92541781e-39 1.98536518e-47
  1.13970374e-54 5.80285083e-21 1.00000000e+00 1.02502548e-39
  1.80010312e-62 5.23219176e-57 4.04414103e-18 2.79309437e-33
  7.99572489e-50 7.57284854e-31 1.00000000e+00]
 [2.90325834e-14 1.28956112e-25 8.84308317e-19 3.62685015e-29
  1.04945602e-76 1.12586898e-39 2.39939284e-47 1.13169728e-68
  1.01066525e-21 1.05616640e-35 4.75049163e-04 1.98575202e-66
  1.08085646e-25 5.83589661e-42 3.73575731e-48 6.85096889e-11
  2.29262325e-25 3.15085978e-50 2.44462873e-42 1.88743971e-15
  5.67355895e-28 3.71374529e-11 1.02502548e-39 1.00000000e+00
  2.20078981e-21 2.67444260e-54 2.01073659e-53 1.52774730e-35
  1.19523132e-46 1.70682052e-49 1.00000000e+00]
 [5.27627677e-41 1.43926283e-29 7.20619994e-54 3.09183273e-37
  3.90553575e-63 1.71453730e-27 5.07149619e-72 2.39515800e-49
  4.48262429e-20 2.52118789e-05 4.30219710e-28 4.71544241e-63
  9.99142364e-43 2.42794497e-33 2.69122564e-75 3.35983396e-18
  3.14659149e-46 7.21359867e-48 6.08266121e-39 1.30338089e-55
  1.04482491e-18 5.48001758e-15 1.80010312e-62 2.20078981e-21
  1.00000000e+00 4.09082665e-33 4.23306217e-55 1.32749193e-64
  3.86010995e-32 1.74443114e-44 1.00000000e+00]
 [6.05209284e-85 3.53164157e-67 2.55160426e-64 3.65792488e-38
  6.33541783e-27 2.00599228e-11 1.92211567e-48 1.33734552e-28
  3.92789357e-47 7.50571256e-34 2.88425389e-59 4.25584044e-32
  2.87072736e-44 1.53433909e-40 4.42768229e-49 7.52381760e-28
  1.28451890e-46 2.16660427e-36 1.19369228e-09 1.19821667e-78
  1.14702937e-41 5.25617347e-31 5.23219176e-57 2.67444260e-54
  4.09082665e-33 1.00000000e+00 1.10162090e-69 5.08988131e-82
  1.16105816e-38 2.82058357e-43 1.00000000e+00]
 [7.49857723e-62 3.53891081e-13 1.68120427e-55 7.06434826e-42
  2.65502489e-43 3.17176269e-52 1.25045926e-84 9.66020113e-66
  4.57078232e-38 2.39407588e-39 4.06979799e-44 1.93948186e-42
  1.12142134e-24 2.69379726e-60 1.98786055e-76 1.47226336e-58
  7.35521207e-42 1.10898201e-50 2.21864087e-50 1.14598114e-69
  5.42379548e-63 3.64658580e-27 4.04414103e-18 2.01073659e-53
  4.23306217e-55 1.10162090e-69 1.00000000e+00 1.03881297e-26
  1.57387066e-32 7.45456433e-17 1.00000000e+00]
 [2.46812918e-28 8.07952781e-30 9.14440952e-44 1.38967474e-25
  1.45945559e-46 3.47600849e-71 1.42373526e-40 5.93480863e-68
  3.38151408e-59 2.31709646e-62 2.26132089e-31 2.61077907e-60
  1.35381211e-37 1.21527276e-81 3.66219315e-41 9.20316901e-61
  2.19802770e-10 1.12672227e-46 1.62418606e-46 9.78105810e-32
  7.36643343e-64 2.52491631e-36 2.79309437e-33 1.52774730e-35
  1.32749193e-64 5.08988131e-82 1.03881297e-26 1.00000000e+00
  1.20042556e-58 2.62495396e-22 1.00000000e+00]
 [1.70136693e-83 5.76380820e-31 2.72149526e-46 2.89541825e-20
  1.46584521e-55 4.20744419e-48 1.03602682e-94 1.96762411e-85
  8.97413801e-45 7.04128562e-26 5.39708788e-49 2.24055824e-54
  7.72157189e-19 4.18573169e-78 7.43568456e-87 2.82572629e-35
  5.43455585e-46 2.98613632e-63 4.63758680e-36 1.64409450e-80
  8.69382834e-70 7.70710272e-21 7.99572489e-50 1.19523132e-46
  3.86010995e-32 1.16105816e-38 1.57387066e-32 1.20042556e-58
  1.00000000e+00 3.11317730e-35 1.00000000e+00]
 [6.95097436e-60 1.57858925e-22 4.45012709e-70 7.11031804e-23
  4.92824110e-18 4.80067840e-40 5.49241297e-42 4.59623159e-37
  1.66405038e-53 3.49878583e-33 5.71445384e-41 7.60111648e-20
  1.20989040e-37 2.66308150e-57 1.12366849e-36 2.45937669e-53
  8.45759598e-22 1.17482130e-46 6.09575062e-21 3.86309381e-71
  7.73357984e-58 3.35669773e-26 7.57284854e-31 1.70682052e-49
  1.74443114e-44 2.82058357e-43 7.45456433e-17 2.62495396e-22
  3.11317730e-35 1.00000000e+00 1.00000000e+00]
 [1.00000000e+00 1.00000000e+00 1.00000000e+00 1.00000000e+00
  1.00000000e+00 1.00000000e+00 1.00000000e+00 1.00000000e+00
  1.00000000e+00 1.00000000e+00 1.00000000e+00 1.00000000e+00
  1.00000000e+00 1.00000000e+00 1.00000000e+00 1.00000000e+00
  1.00000000e+00 1.00000000e+00 1.00000000e+00 1.00000000e+00
  1.00000000e+00 1.00000000e+00 1.00000000e+00 1.00000000e+00
  1.00000000e+00 1.00000000e+00 1.00000000e+00 1.00000000e+00
  1.00000000e+00 1.00000000e+00 0.00000000e+00]]
