[[1.00000000e+000 3.37453406e-051 1.41119728e-002 3.05804386e-037
  7.27980103e-053 8.92608155e-057 3.97603014e-039 2.08784197e-041
  5.67952863e-030 9.50274300e-054 3.10426953e-050 4.14570957e-044
  7.72920164e-078 9.39877716e-064 2.86411134e-056 3.03293464e-016
  5.48694753e-050 1.83168317e-044 1.48236765e-050 5.34330475e-039
  1.00000000e+000]
 [3.37453406e-051 1.00000000e+000 1.50189873e-035 9.08351136e-009
  9.23331068e-055 4.03205049e-017 2.69285090e-077 4.14077932e-110
  3.30691183e-012 1.61253913e-044 1.20551879e-013 1.67730249e-049
  1.25448507e-060 9.02824475e-056 7.78102041e-008 1.92971622e-040
  1.21466633e-038 7.66114172e-032 7.89934722e-051 1.75333065e-052
  1.00000000e+000]
 [1.41119728e-002 1.50189873e-035 1.00000000e+000 2.27048135e-024
  2.99846067e-046 6.22924627e-047 1.05272255e-037 1.72120977e-047
  1.92169486e-021 8.03752422e-043 4.75139046e-035 7.45161181e-037
  1.76300311e-069 5.13460618e-054 5.41596505e-041 3.27906860e-016
  6.25505619e-038 1.88105020e-035 2.97321611e-041 2.43168708e-030
  1.00000000e+000]
 [3.05804386e-037 9.08351136e-009 2.27048135e-024 1.00000000e+000
  4.11536425e-026 9.64618933e-025 5.16459025e-049 2.73828161e-082
  3.43752677e-019 2.89941693e-026 3.92072886e-007 6.29822827e-024
  1.18050701e-054 5.30925777e-033 8.34681623e-018 3.40152143e-036
  4.38934585e-020 2.22710149e-028 6.50512184e-031 9.58436761e-033
  1.00000000e+000]
 [7.27980103e-053 9.23331068e-055 2.99846067e-046 4.11536425e-026
  1.00000000e+000 6.93987776e-058 8.56873309e-024 2.28116662e-068
  6.60143027e-060 3.64585906e-019 3.06529327e-041 4.71845611e-009
  3.85546315e-036 3.97184522e-024 1.10972815e-058 1.88128676e-062
  2.55324874e-048 7.00992645e-047 1.33614200e-041 8.78650212e-052
  1.00000000e+000]
 [8.92608155e-057 4.03205049e-017 6.22924627e-047 9.64618933e-025
  6.93987776e-058 1.00000000e+000 9.38869694e-090 1.36877427e-089
  1.88658217e-011 5.95510318e-077 1.62834935e-034 8.73626445e-068
  1.25111389e-065 3.52845972e-057 3.37969160e-024 1.23737929e-029
  7.81110439e-051 1.33371965e-029 3.54566344e-054 2.73461629e-071
  1.00000000e+000]
 [3.97603014e-039 2.69285090e-077 1.05272255e-037 5.16459025e-049
  8.56873309e-024 9.38869694e-090 1.00000000e+000 1.54011117e-086
  9.76310378e-074 1.64566744e-025 2.79710578e-079 1.21350978e-031
  8.78362413e-051 1.60368534e-059 2.97370201e-087 2.88494338e-079
  5.47627854e-074 1.26076630e-066 1.13380582e-061 1.36843216e-041
  1.00000000e+000]
 [2.08784197e-041 4.14077932e-110 1.72120977e-047 2.73828161e-082
  2.28116662e-068 1.36877427e-089 1.54011117e-086 1.00000000e+000
  1.17592199e-066 2.90797576e-104 5.29415605e-080 5.58430023e-068
  1.17169243e-092 1.94920012e-043 3.09587754e-094 5.56469427e-037
  3.36451348e-066 1.88060189e-045 4.53354545e-045 2.42680832e-073
  1.00000000e+000]
 [5.67952863e-030 3.30691183e-012 1.92169486e-021 3.43752677e-019
  6.60143027e-060 1.88658217e-011 9.76310378e-074 1.17592199e-066
  1.00000000e+000 1.98368561e-062 1.64898946e-024 1.45373948e-058
  1.77876734e-059 3.76236152e-048 1.74955345e-013 2.88532787e-017
  1.11179040e-036 2.93997103e-015 1.73840287e-037 2.77015706e-044
  1.00000000e+000]
 [9.50274300e-054 1.61253913e-044 8.03752422e-043 2.89941693e-026
  3.64585906e-019 5.95510318e-077 1.64566744e-025 2.90797576e-104
  1.98368561e-062 1.00000000e+000 6.13362019e-039 1.63661515e-009
  1.12354942e-030 7.36917732e-047 6.91549870e-045 3.50838924e-076
  1.01273100e-065 1.79201276e-058 7.88811212e-064 5.55415914e-057
  1.00000000e+000]
 [3.10426953e-050 1.20551879e-013 4.75139046e-035 3.92072886e-007
  3.06529327e-041 1.62834935e-034 2.79710578e-079 5.29415605e-080
  1.64898946e-024 6.13362019e-039 1.00000000e+000 8.69372900e-031
  1.17008060e-066 1.79013377e-031 1.07774321e-014 3.90511282e-039
  2.32361274e-019 1.97940479e-029 3.11756664e-032 3.13162154e-045
  1.00000000e+000]
 [4.14570957e-044 1.67730249e-049 7.45161181e-037 6.29822827e-024
  4.71845611e-009 8.73626445e-068 1.21350978e-031 5.58430023e-068
  1.45373948e-058 1.63661515e-009 8.69372900e-031 1.00000000e+000
  6.81388531e-037 1.12808956e-031 8.91516527e-048 2.57809858e-054
  1.33517071e-052 6.68221960e-052 1.13708363e-051 3.53188008e-059
  1.00000000e+000]
 [7.72920164e-078 1.25448507e-060 1.76300311e-069 1.18050701e-054
  3.85546315e-036 1.25111389e-065 8.78362413e-051 1.17169243e-092
  1.77876734e-059 1.12354942e-030 1.17008060e-066 6.81388531e-037
  1.00000000e+000 1.69198729e-043 7.91622967e-043 3.71146554e-080
  3.82982411e-101 5.95121827e-041 4.57054086e-073 1.87626040e-090
  1.00000000e+000]
 [9.39877716e-064 9.02824475e-056 5.13460618e-054 5.30925777e-033
  3.97184522e-024 3.52845972e-057 1.60368534e-059 1.94920012e-043
  3.76236152e-048 7.36917732e-047 1.79013377e-031 1.12808956e-031
  1.69198729e-043 1.00000000e+000 2.60926536e-045 4.11670505e-061
  2.86549322e-027 9.31153379e-017 3.63680465e-011 8.81396535e-039
  1.00000000e+000]
 [2.86411134e-056 7.78102041e-008 5.41596505e-041 8.34681623e-018
  1.10972815e-058 3.37969160e-024 2.97370201e-087 3.09587754e-094
  1.74955345e-013 6.91549870e-045 1.07774321e-014 8.91516527e-048
  7.91622967e-043 2.60926536e-045 1.00000000e+000 4.91488100e-040
  4.31504801e-048 7.91342315e-022 1.21890342e-049 3.38423781e-063
  1.00000000e+000]
 [3.03293464e-016 1.92971622e-040 3.27906860e-016 3.40152143e-036
  1.88128676e-062 1.23737929e-029 2.88494338e-079 5.56469427e-037
  2.88532787e-017 3.50838924e-076 3.90511282e-039 2.57809858e-054
  3.71146554e-080 4.11670505e-061 4.91488100e-040 1.00000000e+000
  7.85792701e-052 1.33363325e-036 4.07636659e-055 5.70050761e-067
  1.00000000e+000]
 [5.48694753e-050 1.21466633e-038 6.25505619e-038 4.38934585e-020
  2.55324874e-048 7.81110439e-051 5.47627854e-074 3.36451348e-066
  1.11179040e-036 1.01273100e-065 2.32361274e-019 1.33517071e-052
  3.82982411e-101 2.86549322e-027 4.31504801e-048 7.85792701e-052
  1.00000000e+000 3.82235559e-030 4.20432039e-010 7.85351924e-017
  1.00000000e+000]
 [1.83168317e-044 7.66114172e-032 1.88105020e-035 2.22710149e-028
  7.00992645e-047 1.33371965e-029 1.26076630e-066 1.88060189e-045
  2.93997103e-015 1.79201276e-058 1.97940479e-029 6.68221960e-052
  5.95121827e-041 9.31153379e-017 7.91342315e-022 1.33363325e-036
  3.82235559e-030 1.00000000e+000 2.78806124e-014 1.33456004e-033
  1.00000000e+000]
 [1.48236765e-050 7.89934722e-051 2.97321611e-041 6.50512184e-031
  1.33614200e-041 3.54566344e-054 1.13380582e-061 4.53354545e-045
  1.73840287e-037 7.88811212e-064 3.11756664e-032 1.13708363e-051
  4.57054086e-073 3.63680465e-011 1.21890342e-049 4.07636659e-055
  4.20432039e-010 2.78806124e-014 1.00000000e+000 9.27929190e-015
  1.00000000e+000]
 [5.34330475e-039 1.75333065e-052 2.43168708e-030 9.58436761e-033
  8.78650212e-052 2.73461629e-071 1.36843216e-041 2.42680832e-073
  2.77015706e-044 5.55415914e-057 3.13162154e-045 3.53188008e-059
  1.87626040e-090 8.81396535e-039 3.38423781e-063 5.70050761e-067
  7.85351924e-017 1.33456004e-033 9.27929190e-015 1.00000000e+000
  1.00000000e+000]
 [1.00000000e+000 1.00000000e+000 1.00000000e+000 1.00000000e+000
  1.00000000e+000 1.00000000e+000 1.00000000e+000 1.00000000e+000
  1.00000000e+000 1.00000000e+000 1.00000000e+000 1.00000000e+000
  1.00000000e+000 1.00000000e+000 1.00000000e+000 1.00000000e+000
  1.00000000e+000 1.00000000e+000 1.00000000e+000 1.00000000e+000
  0.00000000e+000]]
