[[1.00000000e+00 8.63096834e-37 1.94528052e-37 ... 1.04297336e-62
  2.54719910e-48 1.00000000e+00]
 [8.63096834e-37 1.00000000e+00 7.70233794e-41 ... 1.23193271e-46
  1.72684193e-69 1.00000000e+00]
 [1.94528052e-37 7.70233794e-41 1.00000000e+00 ... 1.77450256e-32
  5.84509892e-26 1.00000000e+00]
 ...
 [1.04297336e-62 1.23193271e-46 1.77450256e-32 ... 1.00000000e+00
  4.92848935e-16 1.00000000e+00]
 [2.54719910e-48 1.72684193e-69 5.84509892e-26 ... 4.92848935e-16
  1.00000000e+00 1.00000000e+00]
 [1.00000000e+00 1.00000000e+00 1.00000000e+00 ... 1.00000000e+00
  1.00000000e+00 0.00000000e+00]]
