[[1.00000000e+00 4.07674272e-64 4.35534278e-71 ... 4.11120780e-10
  8.28248342e-52 1.00000000e+00]
 [4.07674272e-64 1.00000000e+00 2.02264594e-31 ... 9.93722957e-49
  1.12448860e-38 1.00000000e+00]
 [4.35534278e-71 2.02264594e-31 1.00000000e+00 ... 1.12298292e-39
  5.45233775e-46 1.00000000e+00]
 ...
 [4.11120780e-10 9.93722957e-49 1.12298292e-39 ... 1.00000000e+00
  8.12402525e-39 1.00000000e+00]
 [8.28248342e-52 1.12448860e-38 5.45233775e-46 ... 8.12402525e-39
  1.00000000e+00 1.00000000e+00]
 [1.00000000e+00 1.00000000e+00 1.00000000e+00 ... 1.00000000e+00
  1.00000000e+00 0.00000000e+00]]
