[[1.00000000e+000 1.35239321e-026 5.98437597e-041 5.14893530e-050
  6.69519252e-032 3.04205827e-041 1.30474982e-045 6.36037456e-025
  2.94404212e-003 4.74317498e-015 1.30216545e-024 4.92163932e-015
  1.86653709e-017 3.31783885e-066 1.53257898e-046 2.59321700e-043
  4.57349481e-022 1.89231822e-028 5.31880802e-050 5.57289968e-051
  1.00000000e+000]
 [1.35239321e-026 1.00000000e+000 1.16455058e-094 3.69996798e-051
  1.79994359e-060 8.58261621e-045 4.04808611e-065 1.96515429e-032
  4.97260486e-030 5.20730369e-052 4.69057331e-005 5.97418787e-058
  1.94186939e-020 6.42822821e-077 1.22883457e-075 3.67248106e-034
  6.35851880e-062 7.66153632e-049 1.60472523e-065 7.95842954e-116
  1.00000000e+000]
 [5.98437597e-041 1.16455058e-094 1.00000000e+000 2.43369933e-042
  5.18378913e-045 1.16658565e-069 5.22917192e-021 4.25421983e-063
  1.16459096e-044 1.20331667e-052 1.04223845e-078 1.13652689e-049
  2.26694955e-049 4.02255095e-036 7.07679050e-014 3.51031741e-059
  3.61128763e-032 5.70212821e-043 2.34602608e-038 5.16779352e-011
  1.00000000e+000]
 [5.14893530e-050 3.69996798e-051 2.43369933e-042 1.00000000e+000
  6.89843267e-027 1.23626036e-048 9.31555510e-036 1.49157795e-030
  8.82353700e-045 7.92560213e-067 7.08122801e-033 1.30974890e-055
  3.03700448e-044 8.29073008e-017 4.47459754e-038 5.82898324e-028
  3.07682424e-064 9.79059054e-031 1.09231803e-010 2.41776945e-056
  1.00000000e+000]
 [6.69519252e-032 1.79994359e-060 5.18378913e-045 6.89843267e-027
  1.00000000e+000 4.40783522e-047 1.17186729e-062 1.64858116e-041
  4.09190866e-028 1.90333182e-053 7.42588875e-044 2.69453373e-036
  9.16166078e-039 1.72770629e-048 2.99200901e-058 1.13454380e-037
  3.17104499e-047 8.70329045e-011 8.09526646e-031 2.93774475e-040
  1.00000000e+000]
 [3.04205827e-041 8.58261621e-045 1.16658565e-069 1.23626036e-048
  4.40783522e-047 1.00000000e+000 1.53841189e-062 2.61102133e-034
  1.26918994e-036 2.70961987e-094 1.99349490e-025 6.26458756e-055
  1.33143362e-017 7.11200979e-051 1.20873072e-063 2.49313785e-040
  1.17031632e-060 6.63470764e-018 5.23697028e-083 1.28066833e-055
  1.00000000e+000]
 [1.30474982e-045 4.04808611e-065 5.22917192e-021 9.31555510e-036
  1.17186729e-062 1.53841189e-062 1.00000000e+000 1.76031845e-065
  5.39791106e-054 7.85177474e-060 9.99264984e-055 1.48844151e-064
  5.89758979e-041 4.55569445e-048 4.29921912e-029 2.37859820e-026
  1.06081569e-064 2.04403594e-055 2.08438090e-033 1.24347467e-044
  1.00000000e+000]
 [6.36037456e-025 1.96515429e-032 4.25421983e-063 1.49157795e-030
  1.64858116e-041 2.61102133e-034 1.76031845e-065 1.00000000e+000
  2.72436147e-014 9.49363475e-040 2.11484574e-019 2.16236310e-020
  3.20962788e-037 3.86883726e-043 6.78235972e-057 3.60008956e-059
  3.88141250e-046 9.33786281e-037 1.28297668e-044 9.17137286e-071
  1.00000000e+000]
 [2.94404212e-003 4.97260486e-030 1.16459096e-044 8.82353700e-045
  4.09190866e-028 1.26918994e-036 5.39791106e-054 2.72436147e-014
  1.00000000e+000 7.62520962e-017 1.22408405e-023 4.75790898e-008
  7.94701254e-023 9.67158784e-061 7.54164442e-051 9.31054885e-050
  4.65645476e-025 3.80621166e-026 1.19900009e-047 1.88412408e-050
  1.00000000e+000]
 [4.74317498e-015 5.20730369e-052 1.20331667e-052 7.92560213e-067
  1.90333182e-053 2.70961987e-094 7.85177474e-060 9.49363475e-040
  7.62520962e-017 1.00000000e+000 4.46226864e-054 1.25769802e-016
  2.14747203e-058 9.80718648e-096 9.77859665e-069 1.51378545e-073
  3.65153536e-044 4.86545494e-069 5.07196187e-046 3.07978605e-078
  1.00000000e+000]
 [1.30216545e-024 4.69057331e-005 1.04223845e-078 7.08122801e-033
  7.42588875e-044 1.99349490e-025 9.99264984e-055 2.11484574e-019
  1.22408405e-023 4.46226864e-054 1.00000000e+000 4.66617145e-046
  1.39847907e-015 2.17118625e-055 2.61557975e-064 3.62650589e-025
  9.88635419e-058 1.74984855e-031 1.22599252e-051 2.45100125e-091
  1.00000000e+000]
 [4.92163932e-015 5.97418787e-058 1.13652689e-049 1.30974890e-055
  2.69453373e-036 6.26458756e-055 1.48844151e-064 2.16236310e-020
  4.75790898e-008 1.25769802e-016 4.66617145e-046 1.00000000e+000
  2.06919757e-050 2.35455702e-079 1.59340492e-071 2.11209071e-069
  4.28933329e-046 2.48137368e-043 1.22794464e-049 2.73516749e-053
  1.00000000e+000]
 [1.86653709e-017 1.94186939e-020 2.26694955e-049 3.03700448e-044
  9.16166078e-039 1.33143362e-017 5.89758979e-041 3.20962788e-037
  7.94701254e-023 2.14747203e-058 1.39847907e-015 2.06919757e-050
  1.00000000e+000 3.19476450e-048 3.78088815e-038 1.06974577e-025
  7.29094201e-030 6.72043384e-017 1.35282507e-064 3.47402239e-053
  1.00000000e+000]
 [3.31783885e-066 6.42822821e-077 4.02255095e-036 8.29073008e-017
  1.72770629e-048 7.11200979e-051 4.55569445e-048 3.86883726e-043
  9.67158784e-061 9.80718648e-096 2.17118625e-055 2.35455702e-079
  3.19476450e-048 1.00000000e+000 3.54317343e-017 6.18220687e-060
  4.94911209e-047 1.00083482e-036 5.79570110e-040 7.69571665e-044
  1.00000000e+000]
 [1.53257898e-046 1.22883457e-075 7.07679050e-014 4.47459754e-038
  2.99200901e-058 1.20873072e-063 4.29921912e-029 6.78235972e-057
  7.54164442e-051 9.77859665e-069 2.61557975e-064 1.59340492e-071
  3.78088815e-038 3.54317343e-017 1.00000000e+000 1.51035452e-062
  3.06813515e-022 1.51212078e-044 1.71120342e-048 7.71865922e-030
  1.00000000e+000]
 [2.59321700e-043 3.67248106e-034 3.51031741e-059 5.82898324e-028
  1.13454380e-037 2.49313785e-040 2.37859820e-026 3.60008956e-059
  9.31054885e-050 1.51378545e-073 3.62650589e-025 2.11209071e-069
  1.06974577e-025 6.18220687e-060 1.51035452e-062 1.00000000e+000
  6.12494091e-082 3.92314335e-032 2.55751524e-036 1.92265713e-072
  1.00000000e+000]
 [4.57349481e-022 6.35851880e-062 3.61128763e-032 3.07682424e-064
  3.17104499e-047 1.17031632e-060 1.06081569e-064 3.88141250e-046
  4.65645476e-025 3.65153536e-044 9.88635419e-058 4.28933329e-046
  7.29094201e-030 4.94911209e-047 3.06813515e-022 6.12494091e-082
  1.00000000e+000 6.04937145e-036 8.71166917e-073 2.19807229e-038
  1.00000000e+000]
 [1.89231822e-028 7.66153632e-049 5.70212821e-043 9.79059054e-031
  8.70329045e-011 6.63470764e-018 2.04403594e-055 9.33786281e-037
  3.80621166e-026 4.86545494e-069 1.74984855e-031 2.48137368e-043
  6.72043384e-017 1.00083482e-036 1.51212078e-044 3.92314335e-032
  6.04937145e-036 1.00000000e+000 1.53826134e-050 1.04443250e-031
  1.00000000e+000]
 [5.31880802e-050 1.60472523e-065 2.34602608e-038 1.09231803e-010
  8.09526646e-031 5.23697028e-083 2.08438090e-033 1.28297668e-044
  1.19900009e-047 5.07196187e-046 1.22599252e-051 1.22794464e-049
  1.35282507e-064 5.79570110e-040 1.71120342e-048 2.55751524e-036
  8.71166917e-073 1.53826134e-050 1.00000000e+000 8.34338626e-063
  1.00000000e+000]
 [5.57289968e-051 7.95842954e-116 5.16779352e-011 2.41776945e-056
  2.93774475e-040 1.28066833e-055 1.24347467e-044 9.17137286e-071
  1.88412408e-050 3.07978605e-078 2.45100125e-091 2.73516749e-053
  3.47402239e-053 7.69571665e-044 7.71865922e-030 1.92265713e-072
  2.19807229e-038 1.04443250e-031 8.34338626e-063 1.00000000e+000
  1.00000000e+000]
 [1.00000000e+000 1.00000000e+000 1.00000000e+000 1.00000000e+000
  1.00000000e+000 1.00000000e+000 1.00000000e+000 1.00000000e+000
  1.00000000e+000 1.00000000e+000 1.00000000e+000 1.00000000e+000
  1.00000000e+000 1.00000000e+000 1.00000000e+000 1.00000000e+000
  1.00000000e+000 1.00000000e+000 1.00000000e+000 1.00000000e+000
  0.00000000e+000]]
