[[1.00000000e+00 5.86684137e-36 3.49166876e-43 ... 9.63580259e-61
  5.17636590e-61 1.00000000e+00]
 [5.86684137e-36 1.00000000e+00 8.14845002e-26 ... 3.99767688e-77
  3.78507047e-43 1.00000000e+00]
 [3.49166876e-43 8.14845002e-26 1.00000000e+00 ... 2.17554294e-77
  1.70033521e-69 1.00000000e+00]
 ...
 [9.63580259e-61 3.99767688e-77 2.17554294e-77 ... 1.00000000e+00
  1.05192658e-31 1.00000000e+00]
 [5.17636590e-61 3.78507047e-43 1.70033521e-69 ... 1.05192658e-31
  1.00000000e+00 1.00000000e+00]
 [1.00000000e+00 1.00000000e+00 1.00000000e+00 ... 1.00000000e+00
  1.00000000e+00 0.00000000e+00]]
