[[1.00000000e+000 3.62408131e-031 4.08481261e-081 6.23395346e-074
  9.21176391e-039 1.34207441e-026 3.63912589e-065 5.02604560e-135
  2.50104619e-056 1.04465409e-084 6.44470414e-076 2.59480046e-101
  1.37184231e-058 1.17643884e-018 2.74751798e-037 8.41577241e-043
  9.62692119e-084 1.08536009e-036 6.63897469e-041 2.14001197e-105
  1.00000000e+000]
 [3.62408131e-031 1.00000000e+000 1.55857444e-094 1.42273799e-027
  4.65328408e-031 1.95224418e-008 1.32340960e-032 1.93036481e-094
  6.22537355e-028 1.02687505e-065 1.25949223e-059 1.19890187e-068
  2.45226434e-060 8.42629701e-024 1.03493742e-007 5.92828054e-037
  4.33864800e-028 1.79624823e-041 2.57003072e-038 3.73305027e-062
  1.00000000e+000]
 [4.08481261e-081 1.55857444e-094 1.00000000e+000 6.46902932e-087
  3.12207017e-071 3.49784685e-068 1.38870105e-060 8.85703865e-044
  2.56001466e-071 2.05322794e-027 2.90285454e-017 4.57489121e-086
  1.96316382e-062 1.00385896e-051 1.27377012e-096 1.62029064e-045
  5.42510274e-076 1.24091154e-020 4.19295297e-052 7.18614405e-076
  1.00000000e+000]
 [6.23395346e-074 1.42273799e-027 6.46902932e-087 1.00000000e+000
  1.38421836e-042 2.53585260e-025 3.31891497e-014 2.61974373e-053
  1.73541023e-028 1.63451725e-041 1.51246141e-049 1.44914988e-016
  7.13148840e-029 4.57442207e-046 2.19114016e-015 5.01085391e-022
  1.30876994e-014 4.62244230e-056 3.25645968e-019 3.35061542e-034
  1.00000000e+000]
 [9.21176391e-039 4.65328408e-031 3.12207017e-071 1.38421836e-042
  1.00000000e+000 7.53126328e-022 6.56584643e-020 1.72643459e-055
  1.51308655e-014 3.89389285e-067 1.00956895e-051 8.27010539e-060
  5.30389519e-039 4.27527285e-010 9.20911893e-020 2.22517351e-045
  1.27244408e-039 7.78932676e-022 1.45214393e-036 1.08831412e-034
  1.00000000e+000]
 [1.34207441e-026 1.95224418e-008 3.49784685e-068 2.53585260e-025
  7.53126328e-022 1.00000000e+000 5.58977252e-023 2.29903573e-075
  3.08959816e-023 1.66188095e-039 4.05767752e-052 5.61497231e-047
  7.91571498e-046 4.76706578e-012 1.66787705e-008 9.54434426e-019
  1.66654834e-028 4.87033583e-023 1.47566859e-030 2.99307266e-048
  1.00000000e+000]
 [3.63912589e-065 1.32340960e-032 1.38870105e-060 3.31891497e-014
  6.56584643e-020 5.58977252e-023 1.00000000e+000 3.39282516e-027
  2.19363134e-026 1.05627982e-042 1.66964584e-038 7.82389346e-021
  6.75383537e-034 8.43626601e-023 1.03926075e-016 1.79484423e-029
  1.15863438e-008 9.53520739e-033 3.46725480e-024 1.82217498e-032
  1.00000000e+000]
 [5.02604560e-135 1.93036481e-094 8.85703865e-044 2.61974373e-053
  1.72643459e-055 2.29903573e-075 3.39282516e-027 1.00000000e+000
  1.16310788e-050 9.22678587e-045 1.92731062e-028 1.08852639e-050
  1.55082033e-060 3.57241622e-066 1.89970476e-077 1.49758460e-065
  1.22583181e-035 2.51834976e-046 4.06985666e-059 5.47945263e-033
  1.00000000e+000]
 [2.50104619e-056 6.22537355e-028 2.56001466e-071 1.73541023e-028
  1.51308655e-014 3.08959816e-023 2.19363134e-026 1.16310788e-050
  1.00000000e+000 4.77231538e-047 1.65739871e-037 3.22516009e-056
  8.75720720e-031 9.55998562e-030 4.21527253e-023 1.16363952e-036
  4.96110041e-037 1.14037361e-026 3.76075316e-032 2.17606915e-011
  1.00000000e+000]
 [1.04465409e-084 1.02687505e-065 2.05322794e-027 1.63451725e-041
  3.89389285e-067 1.66188095e-039 1.05627982e-042 9.22678587e-045
  4.77231538e-047 1.00000000e+000 2.80954020e-029 7.99652578e-040
  9.54677453e-044 4.37340116e-054 7.33566503e-063 3.55930373e-015
  1.05034675e-050 6.12921913e-029 6.25587755e-038 1.08954462e-041
  1.00000000e+000]
 [6.44470414e-076 1.25949223e-059 2.90285454e-017 1.51246141e-049
  1.00956895e-051 4.05767752e-052 1.66964584e-038 1.92731062e-028
  1.65739871e-037 2.80954020e-029 1.00000000e+000 7.02521222e-071
  6.23287604e-043 6.77731081e-047 4.75374367e-064 8.01929442e-040
  5.02741937e-042 1.19827350e-022 6.36238487e-032 2.15186078e-043
  1.00000000e+000]
 [2.59480046e-101 1.19890187e-068 4.57489121e-086 1.44914988e-016
  8.27010539e-060 5.61497231e-047 7.82389346e-021 1.08852639e-050
  3.22516009e-056 7.99652578e-040 7.02521222e-071 1.00000000e+000
  8.39554426e-031 8.00264836e-061 1.28723970e-040 8.01365982e-025
  2.95130882e-035 5.47930475e-069 2.01532577e-029 1.68498205e-047
  1.00000000e+000]
 [1.37184231e-058 2.45226434e-060 1.96316382e-062 7.13148840e-029
  5.30389519e-039 7.91571498e-046 6.75383537e-034 1.55082033e-060
  8.75720720e-031 9.54677453e-044 6.23287604e-043 8.39554426e-031
  1.00000000e+000 1.28513798e-045 4.45708788e-042 1.46640580e-020
  2.85137773e-059 8.77810029e-045 4.45752731e-007 1.66038714e-036
  1.00000000e+000]
 [1.17643884e-018 8.42629701e-024 1.00385896e-051 4.57442207e-046
  4.27527285e-010 4.76706578e-012 8.43626601e-023 3.57241622e-066
  9.55998562e-030 4.37340116e-054 6.77731081e-047 8.00264836e-061
  1.28513798e-045 1.00000000e+000 8.42419943e-020 9.99125246e-032
  3.44639275e-039 1.07074985e-012 2.42373636e-032 1.89626726e-058
  1.00000000e+000]
 [2.74751798e-037 1.03493742e-007 1.27377012e-096 2.19114016e-015
  9.20911893e-020 1.66787705e-008 1.03926075e-016 1.89970476e-077
  4.21527253e-023 7.33566503e-063 4.75374367e-064 1.28723970e-040
  4.45708788e-042 8.42419943e-020 1.00000000e+000 3.02810933e-030
  4.00223937e-021 5.55352126e-043 5.30692305e-028 3.56206504e-048
  1.00000000e+000]
 [8.41577241e-043 5.92828054e-037 1.62029064e-045 5.01085391e-022
  2.22517351e-045 9.54434426e-019 1.79484423e-029 1.49758460e-065
  1.16363952e-036 3.55930373e-015 8.01929442e-040 8.01365982e-025
  1.46640580e-020 9.99125246e-032 3.02810933e-030 1.00000000e+000
  1.76966081e-042 3.02850772e-029 1.32422459e-012 1.40753493e-047
  1.00000000e+000]
 [9.62692119e-084 4.33864800e-028 5.42510274e-076 1.30876994e-014
  1.27244408e-039 1.66654834e-028 1.15863438e-008 1.22583181e-035
  4.96110041e-037 1.05034675e-050 5.02741937e-042 2.95130882e-035
  2.85137773e-059 3.44639275e-039 4.00223937e-021 1.76966081e-042
  1.00000000e+000 1.93525221e-048 1.52453377e-039 7.11948339e-045
  1.00000000e+000]
 [1.08536009e-036 1.79624823e-041 1.24091154e-020 4.62244230e-056
  7.78932676e-022 4.87033583e-023 9.53520739e-033 2.51834976e-046
  1.14037361e-026 6.12921913e-029 1.19827350e-022 5.47930475e-069
  8.77810029e-045 1.07074985e-012 5.55352126e-043 3.02850772e-029
  1.93525221e-048 1.00000000e+000 1.99179728e-036 2.05232589e-043
  1.00000000e+000]
 [6.63897469e-041 2.57003072e-038 4.19295297e-052 3.25645968e-019
  1.45214393e-036 1.47566859e-030 3.46725480e-024 4.06985666e-059
  3.76075316e-032 6.25587755e-038 6.36238487e-032 2.01532577e-029
  4.45752731e-007 2.42373636e-032 5.30692305e-028 1.32422459e-012
  1.52453377e-039 1.99179728e-036 1.00000000e+000 4.80809477e-047
  1.00000000e+000]
 [2.14001197e-105 3.73305027e-062 7.18614405e-076 3.35061542e-034
  1.08831412e-034 2.99307266e-048 1.82217498e-032 5.47945263e-033
  2.17606915e-011 1.08954462e-041 2.15186078e-043 1.68498205e-047
  1.66038714e-036 1.89626726e-058 3.56206504e-048 1.40753493e-047
  7.11948339e-045 2.05232589e-043 4.80809477e-047 1.00000000e+000
  1.00000000e+000]
 [1.00000000e+000 1.00000000e+000 1.00000000e+000 1.00000000e+000
  1.00000000e+000 1.00000000e+000 1.00000000e+000 1.00000000e+000
  1.00000000e+000 1.00000000e+000 1.00000000e+000 1.00000000e+000
  1.00000000e+000 1.00000000e+000 1.00000000e+000 1.00000000e+000
  1.00000000e+000 1.00000000e+000 1.00000000e+000 1.00000000e+000
  0.00000000e+000]]
