[[1.00000000e+00 5.61003538e-41 2.88616352e-66 ... 1.27322415e-32
  9.09122534e-47 1.00000000e+00]
 [5.61003538e-41 1.00000000e+00 8.34129482e-26 ... 1.98280275e-43
  1.62913434e-42 1.00000000e+00]
 [2.88616352e-66 8.34129482e-26 1.00000000e+00 ... 6.74042345e-31
  2.62537005e-20 1.00000000e+00]
 ...
 [1.27322415e-32 1.98280275e-43 6.74042345e-31 ... 1.00000000e+00
  1.37380106e-35 1.00000000e+00]
 [9.09122534e-47 1.62913434e-42 2.62537005e-20 ... 1.37380106e-35
  1.00000000e+00 1.00000000e+00]
 [1.00000000e+00 1.00000000e+00 1.00000000e+00 ... 1.00000000e+00
  1.00000000e+00 0.00000000e+00]]
