[[1.00000000e+000 1.17615083e-075 2.56658781e-047 8.43101612e-024
  6.41141379e-032 1.87997262e-068 5.40057151e-058 1.27020412e-049
  3.53853125e-042 3.03657617e-041 8.86868389e-040 3.11098322e-041
  9.84094975e-100 3.56407119e-023 7.65883805e-034 2.38381645e-052
  5.15658106e-038 1.80135655e-046 5.03646339e-007 5.54601503e-013
  1.00000000e+000]
 [1.17615083e-075 1.00000000e+000 5.09625909e-068 5.45646377e-098
  1.60816019e-093 1.51292951e-070 3.16298820e-088 1.17117114e-053
  2.55940886e-088 1.09016291e-028 1.60078135e-042 4.44486797e-047
  1.26640278e-077 2.72660912e-070 2.46538352e-036 2.28053344e-068
  2.44417681e-059 2.73102882e-085 2.92462630e-054 9.46940340e-071
  1.00000000e+000]
 [2.56658781e-047 5.09625909e-068 1.00000000e+000 2.60423660e-054
  1.55237200e-041 5.62786838e-006 8.82501410e-093 1.49749601e-084
  2.54453701e-102 1.83315320e-078 3.96231208e-068 1.52181349e-057
  1.44278333e-091 7.34300810e-098 2.11552593e-078 2.75540249e-058
  3.11746654e-074 6.44709712e-098 1.42255541e-038 3.05712372e-030
  1.00000000e+000]
 [8.43101612e-024 5.45646377e-098 2.60423660e-054 1.00000000e+000
  1.35053385e-029 5.82803350e-083 3.07675907e-081 1.91848021e-065
  7.04257722e-067 1.21642099e-080 1.33698056e-075 6.87260934e-044
  2.91132957e-111 1.97622206e-032 1.96000075e-071 8.02955361e-065
  4.18969321e-039 1.52984052e-054 4.98874147e-012 1.51052386e-039
  1.00000000e+000]
 [6.41141379e-032 1.60816019e-093 1.55237200e-041 1.35053385e-029
  1.00000000e+000 3.36121668e-052 2.27098862e-041 2.64682985e-028
  1.33873641e-051 9.27624398e-082 2.80211517e-044 8.31384332e-037
  1.03768003e-045 2.53557089e-059 1.65169574e-045 1.10498097e-025
  8.48614451e-031 6.64878016e-055 2.16278830e-024 2.69013234e-019
  1.00000000e+000]
 [1.87997262e-068 1.51292951e-070 5.62786838e-006 5.82803350e-083
  3.36121668e-052 1.00000000e+000 1.78907103e-098 4.89182248e-090
  1.03461944e-116 2.10128032e-095 1.64075300e-066 1.47649539e-072
  1.57948569e-092 5.66650227e-130 5.19537571e-084 5.69334593e-055
  1.87940643e-086 3.50940738e-123 6.53868002e-059 1.74781329e-036
  1.00000000e+000]
 [5.40057151e-058 3.16298820e-088 8.82501410e-093 3.07675907e-081
  2.27098862e-041 1.78907103e-098 1.00000000e+000 2.07364299e-033
  4.20186381e-008 5.25961297e-056 6.51157949e-023 1.53671601e-092
  1.82565829e-048 1.52216209e-063 5.18542666e-029 7.51854818e-018
  1.69832167e-015 7.34698375e-023 2.93166923e-058 6.47876001e-051
  1.00000000e+000]
 [1.27020412e-049 1.17117114e-053 1.49749601e-084 1.91848021e-065
  2.64682985e-028 4.89182248e-090 2.07364299e-033 1.00000000e+000
  5.71863037e-042 2.46345969e-051 1.38047599e-022 2.82312215e-027
  2.86798769e-025 3.75466412e-047 1.07686914e-012 1.56120971e-027
  9.66660668e-024 8.89655933e-051 3.88386810e-037 3.17992671e-039
  1.00000000e+000]
 [3.53853125e-042 2.55940886e-088 2.54453701e-102 7.04257722e-067
  1.33873641e-051 1.03461944e-116 4.20186381e-008 5.71863037e-042
  1.00000000e+000 7.89584265e-044 2.64595794e-025 3.24147300e-093
  3.85800595e-077 2.06347685e-039 3.45044378e-027 1.95846994e-030
  5.75897362e-013 1.12778636e-013 1.79994877e-046 1.00094910e-050
  1.00000000e+000]
 [3.03657617e-041 1.09016291e-028 1.83315320e-078 1.21642099e-080
  9.27624398e-082 2.10128032e-095 5.25961297e-056 2.46345969e-051
  7.89584265e-044 1.00000000e+000 3.68028887e-039 2.21615602e-056
  7.42010409e-077 1.73321295e-029 3.35331534e-023 2.21599050e-072
  4.21611332e-046 4.13186034e-035 1.57699503e-039 2.40914380e-059
  1.00000000e+000]
 [8.86868389e-040 1.60078135e-042 3.96231208e-068 1.33698056e-075
  2.80211517e-044 1.64075300e-066 6.51157949e-023 1.38047599e-022
  2.64595794e-025 3.68028887e-039 1.00000000e+000 2.91119917e-059
  2.18272058e-061 1.45141600e-057 7.99459655e-008 6.79158476e-013
  1.03262075e-019 5.28221953e-052 6.27876328e-038 4.36174155e-025
  1.00000000e+000]
 [3.11098322e-041 4.44486797e-047 1.52181349e-057 6.87260934e-044
  8.31384332e-037 1.47649539e-072 1.53671601e-092 2.82312215e-027
  3.24147300e-093 2.21615602e-056 2.91119917e-059 1.00000000e+000
  2.74533996e-055 1.16272039e-043 8.27391540e-040 4.43504105e-069
  6.53350950e-057 5.07881092e-082 8.60910172e-023 6.63074310e-041
  1.00000000e+000]
 [9.84094975e-100 1.26640278e-077 1.44278333e-091 2.91132957e-111
  1.03768003e-045 1.57948569e-092 1.82565829e-048 2.86798769e-025
  3.85800595e-077 7.42010409e-077 2.18272058e-061 2.74533996e-055
  1.00000000e+000 8.70292816e-098 1.01457222e-049 1.03573319e-052
  2.50489539e-058 9.08760427e-069 1.31123622e-081 2.10730261e-079
  1.00000000e+000]
 [3.56407119e-023 2.72660912e-070 7.34300810e-098 1.97622206e-032
  2.53557089e-059 5.66650227e-130 1.52216209e-063 3.75466412e-047
  2.06347685e-039 1.73321295e-029 1.45141600e-057 1.16272039e-043
  8.70292816e-098 1.00000000e+000 3.74570343e-036 2.79493383e-078
  1.21545642e-033 3.87581288e-026 4.90109680e-019 4.60071476e-056
  1.00000000e+000]
 [7.65883805e-034 2.46538352e-036 2.11552593e-078 1.96000075e-071
  1.65169574e-045 5.19537571e-084 5.18542666e-029 1.07686914e-012
  3.45044378e-027 3.35331534e-023 7.99459655e-008 8.27391540e-040
  1.01457222e-049 3.74570343e-036 1.00000000e+000 4.03630273e-029
  6.66189178e-023 1.73985828e-042 1.84828665e-031 1.40114265e-030
  1.00000000e+000]
 [2.38381645e-052 2.28053344e-068 2.75540249e-058 8.02955361e-065
  1.10498097e-025 5.69334593e-055 7.51854818e-018 1.56120971e-027
  1.95846994e-030 2.21599050e-072 6.79158476e-013 4.43504105e-069
  1.03573319e-052 2.79493383e-078 4.03630273e-029 1.00000000e+000
  1.06671322e-015 7.86340128e-055 3.05445607e-044 6.73333929e-028
  1.00000000e+000]
 [5.15658106e-038 2.44417681e-059 3.11746654e-074 4.18969321e-039
  8.48614451e-031 1.87940643e-086 1.69832167e-015 9.66660668e-024
  5.75897362e-013 4.21611332e-046 1.03262075e-019 6.53350950e-057
  2.50489539e-058 1.21545642e-033 6.66189178e-023 1.06671322e-015
  1.00000000e+000 2.97499994e-020 4.12282983e-027 4.28604847e-039
  1.00000000e+000]
 [1.80135655e-046 2.73102882e-085 6.44709712e-098 1.52984052e-054
  6.64878016e-055 3.50940738e-123 7.34698375e-023 8.89655933e-051
  1.12778636e-013 4.13186034e-035 5.28221953e-052 5.07881092e-082
  9.08760427e-069 3.87581288e-026 1.73985828e-042 7.86340128e-055
  2.97499994e-020 1.00000000e+000 1.97884569e-043 3.51911102e-069
  1.00000000e+000]
 [5.03646339e-007 2.92462630e-054 1.42255541e-038 4.98874147e-012
  2.16278830e-024 6.53868002e-059 2.93166923e-058 3.88386810e-037
  1.79994877e-046 1.57699503e-039 6.27876328e-038 8.60910172e-023
  1.31123622e-081 4.90109680e-019 1.84828665e-031 3.05445607e-044
  4.12282983e-027 1.97884569e-043 1.00000000e+000 1.37360399e-016
  1.00000000e+000]
 [5.54601503e-013 9.46940340e-071 3.05712372e-030 1.51052386e-039
  2.69013234e-019 1.74781329e-036 6.47876001e-051 3.17992671e-039
  1.00094910e-050 2.40914380e-059 4.36174155e-025 6.63074310e-041
  2.10730261e-079 4.60071476e-056 1.40114265e-030 6.73333929e-028
  4.28604847e-039 3.51911102e-069 1.37360399e-016 1.00000000e+000
  1.00000000e+000]
 [1.00000000e+000 1.00000000e+000 1.00000000e+000 1.00000000e+000
  1.00000000e+000 1.00000000e+000 1.00000000e+000 1.00000000e+000
  1.00000000e+000 1.00000000e+000 1.00000000e+000 1.00000000e+000
  1.00000000e+000 1.00000000e+000 1.00000000e+000 1.00000000e+000
  1.00000000e+000 1.00000000e+000 1.00000000e+000 1.00000000e+000
  0.00000000e+000]]
