[[1.00000000e+000 1.64241483e-027 1.29605803e-036 1.72423732e-021
  7.71515357e-046 7.55974679e-025 3.44171428e-043 1.43877641e-064
  2.12284295e-046 1.10267964e-009 1.86322154e-044 5.68196434e-048
  5.41946494e-028 1.08767670e-020 2.46905069e-059 2.60834095e-053
  2.19907001e-058 8.44546334e-040 1.71837686e-049 1.33293093e-019
  1.00000000e+000]
 [1.64241483e-027 1.00000000e+000 7.46218137e-034 6.67012631e-025
  7.28389879e-020 7.98923628e-037 1.32510403e-035 4.06548706e-033
  4.57582984e-052 2.62360889e-035 2.59608317e-052 5.01851582e-024
  4.88992194e-018 2.58304004e-032 1.52425058e-020 1.59422477e-010
  1.67929980e-031 2.64790518e-040 8.83528619e-013 7.56115775e-005
  1.00000000e+000]
 [1.29605803e-036 7.46218137e-034 1.00000000e+000 8.84710880e-033
  1.93235587e-040 1.21947897e-025 4.40985534e-028 4.54287818e-052
  2.26639795e-042 4.18142715e-037 5.07945441e-015 3.72341418e-039
  5.10589072e-035 1.76602350e-023 6.39378846e-041 1.48314347e-054
  7.16315617e-029 4.49767565e-024 2.66244888e-034 5.37240253e-041
  1.00000000e+000]
 [1.72423732e-021 6.67012631e-025 8.84710880e-033 1.00000000e+000
  5.33366309e-021 1.84976969e-018 1.11367447e-023 1.52886131e-032
  3.93620849e-032 1.69490215e-021 1.46323643e-054 1.72524555e-062
  2.80830565e-011 1.47279134e-046 1.33312910e-044 7.59700735e-041
  1.63768615e-033 2.39996320e-055 1.08527770e-034 7.44529008e-030
  1.00000000e+000]
 [7.71515357e-046 7.28389879e-020 1.93235587e-040 5.33366309e-021
  1.00000000e+000 4.04196396e-026 2.75568597e-056 1.35252586e-025
  3.01482856e-039 3.23748272e-042 1.55682083e-061 8.87739927e-032
  7.32325931e-009 3.80080295e-045 4.52443195e-049 7.29580417e-019
  1.80568549e-010 7.61364455e-084 4.48903402e-042 5.39139381e-025
  1.00000000e+000]
 [7.55974679e-025 7.98923628e-037 1.21947897e-025 1.84976969e-018
  4.04196396e-026 1.00000000e+000 1.27078486e-038 1.01411315e-031
  2.28038196e-045 2.14729960e-008 4.72935822e-057 3.37734590e-052
  2.23522082e-009 5.36788581e-020 4.97289618e-048 6.13095513e-055
  6.94713898e-034 2.78354613e-053 2.54199755e-052 1.67859767e-041
  1.00000000e+000]
 [3.44171428e-043 1.32510403e-035 4.40985534e-028 1.11367447e-023
  2.75568597e-056 1.27078486e-038 1.00000000e+000 1.19074666e-031
  2.54189708e-045 3.24221846e-041 4.27109151e-065 5.73009953e-077
  7.15394288e-037 2.12531734e-054 6.34565547e-030 1.10337230e-052
  7.39991471e-068 1.09256490e-033 9.12380902e-016 5.53996335e-049
  1.00000000e+000]
 [1.43877641e-064 4.06548706e-033 4.54287818e-052 1.52886131e-032
  1.35252586e-025 1.01411315e-031 1.19074666e-031 1.00000000e+000
  5.13663829e-043 1.73318095e-047 2.31993084e-104 2.66972801e-055
  1.73736486e-017 2.63263508e-055 8.86678010e-040 2.35982696e-025
  3.17701160e-051 6.56875775e-087 6.50286832e-029 2.60293312e-046
  1.00000000e+000]
 [2.12284295e-046 4.57582984e-052 2.26639795e-042 3.93620849e-032
  3.01482856e-039 2.28038196e-045 2.54189708e-045 5.13663829e-043
  1.00000000e+000 3.40571770e-055 3.86344001e-056 8.23380884e-048
  4.26089334e-042 1.22063780e-053 1.63165377e-099 1.96709866e-044
  1.40785076e-056 1.40237045e-098 1.22717778e-058 1.41120941e-046
  1.00000000e+000]
 [1.10267964e-009 2.62360889e-035 4.18142715e-037 1.69490215e-021
  3.23748272e-042 2.14729960e-008 3.24221846e-041 1.73318095e-047
  3.40571770e-055 1.00000000e+000 2.79948932e-063 6.59097998e-058
  2.91821172e-017 2.05031335e-017 9.83909432e-052 7.63504593e-061
  1.72326515e-056 3.32557058e-045 2.01378831e-054 6.78570216e-034
  1.00000000e+000]
 [1.86322154e-044 2.59608317e-052 5.07945441e-015 1.46323643e-054
  1.55682083e-061 4.72935822e-057 4.27109151e-065 2.31993084e-104
  3.86344001e-056 2.79948932e-063 1.00000000e+000 4.02272418e-046
  1.04454122e-066 1.16085062e-040 7.48926521e-081 4.67522758e-078
  2.99985074e-039 1.89964037e-040 3.58869119e-066 8.12157967e-050
  1.00000000e+000]
 [5.68196434e-048 5.01851582e-024 3.72341418e-039 1.72524555e-062
  8.87739927e-032 3.37734590e-052 5.73009953e-077 2.66972801e-055
  8.23380884e-048 6.59097998e-058 4.02272418e-046 1.00000000e+000
  6.77463367e-042 2.47582191e-023 1.74193534e-065 1.30507335e-020
  9.94651172e-038 3.09075287e-072 2.03052909e-047 2.87907178e-018
  1.00000000e+000]
 [5.41946494e-028 4.88992194e-018 5.10589072e-035 2.80830565e-011
  7.32325931e-009 2.23522082e-009 7.15394288e-037 1.73736486e-017
  4.26089334e-042 2.91821172e-017 1.04454122e-066 6.77463367e-042
  1.00000000e+000 3.88626979e-031 1.04170482e-034 6.03918880e-027
  9.11354521e-024 5.17945060e-062 1.01779970e-034 2.80665366e-024
  1.00000000e+000]
 [1.08767670e-020 2.58304004e-032 1.76602350e-023 1.47279134e-046
  3.80080295e-045 5.36788581e-020 2.12531734e-054 2.63263508e-055
  1.22063780e-053 2.05031335e-017 1.16085062e-040 2.47582191e-023
  3.88626979e-031 1.00000000e+000 1.99380608e-054 2.46772144e-050
  2.07837212e-049 8.10956990e-039 8.28605652e-052 5.28431292e-028
  1.00000000e+000]
 [2.46905069e-059 1.52425058e-020 6.39378846e-041 1.33312910e-044
  4.52443195e-049 4.97289618e-048 6.34565547e-030 8.86678010e-040
  1.63165377e-099 9.83909432e-052 7.48926521e-081 1.74193534e-065
  1.04170482e-034 1.99380608e-054 1.00000000e+000 2.33220834e-042
  2.92399538e-053 5.18888742e-028 1.15385891e-012 1.96411102e-040
  1.00000000e+000]
 [2.60834095e-053 1.59422477e-010 1.48314347e-054 7.59700735e-041
  7.29580417e-019 6.13095513e-055 1.10337230e-052 2.35982696e-025
  1.96709866e-044 7.63504593e-061 4.67522758e-078 1.30507335e-020
  6.03918880e-027 2.46772144e-050 2.33220834e-042 1.00000000e+000
  5.42591499e-040 3.77659801e-081 4.50393706e-022 1.91978659e-013
  1.00000000e+000]
 [2.19907001e-058 1.67929980e-031 7.16315617e-029 1.63768615e-033
  1.80568549e-010 6.94713898e-034 7.39991471e-068 3.17701160e-051
  1.40785076e-056 1.72326515e-056 2.99985074e-039 9.94651172e-038
  9.11354521e-024 2.07837212e-049 2.92399538e-053 5.42591499e-040
  1.00000000e+000 2.91469629e-073 8.68028540e-054 9.96810730e-040
  1.00000000e+000]
 [8.44546334e-040 2.64790518e-040 4.49767565e-024 2.39996320e-055
  7.61364455e-084 2.78354613e-053 1.09256490e-033 6.56875775e-087
  1.40237045e-098 3.32557058e-045 1.89964037e-040 3.09075287e-072
  5.17945060e-062 8.10956990e-039 5.18888742e-028 3.77659801e-081
  2.91469629e-073 1.00000000e+000 4.17243791e-034 6.69986026e-050
  1.00000000e+000]
 [1.71837686e-049 8.83528619e-013 2.66244888e-034 1.08527770e-034
  4.48903402e-042 2.54199755e-052 9.12380902e-016 6.50286832e-029
  1.22717778e-058 2.01378831e-054 3.58869119e-066 2.03052909e-047
  1.01779970e-034 8.28605652e-052 1.15385891e-012 4.50393706e-022
  8.68028540e-054 4.17243791e-034 1.00000000e+000 6.61157842e-026
  1.00000000e+000]
 [1.33293093e-019 7.56115775e-005 5.37240253e-041 7.44529008e-030
  5.39139381e-025 1.67859767e-041 5.53996335e-049 2.60293312e-046
  1.41120941e-046 6.78570216e-034 8.12157967e-050 2.87907178e-018
  2.80665366e-024 5.28431292e-028 1.96411102e-040 1.91978659e-013
  9.96810730e-040 6.69986026e-050 6.61157842e-026 1.00000000e+000
  1.00000000e+000]
 [1.00000000e+000 1.00000000e+000 1.00000000e+000 1.00000000e+000
  1.00000000e+000 1.00000000e+000 1.00000000e+000 1.00000000e+000
  1.00000000e+000 1.00000000e+000 1.00000000e+000 1.00000000e+000
  1.00000000e+000 1.00000000e+000 1.00000000e+000 1.00000000e+000
  1.00000000e+000 1.00000000e+000 1.00000000e+000 1.00000000e+000
  0.00000000e+000]]
