[[1.00000000e+00 1.02955087e-12 2.56869110e-32 7.04498595e-35
  2.69518660e-44 3.34256525e-19 1.91093446e-24 9.50879932e-44
  2.14298500e-54 7.92063917e-59 1.61567963e-43 3.40210677e-24
  2.50874485e-16 2.02154118e-29 1.12324757e-60 5.68560933e-19
  1.27160037e-34 3.56819471e-57 1.90498954e-04 9.52777581e-21
  1.00000000e+00]
 [1.02955087e-12 1.00000000e+00 3.15320774e-66 2.71011584e-62
  7.38217720e-57 5.35614420e-45 1.57045448e-41 1.36974102e-62
  6.11507909e-66 3.08268741e-91 1.16494871e-60 8.30901832e-33
  7.58778910e-36 1.68881692e-62 6.98363829e-99 4.92873377e-42
  6.73683145e-31 4.33668846e-90 1.16367450e-10 1.50208436e-14
  1.00000000e+00]
 [2.56869110e-32 3.15320774e-66 1.00000000e+00 2.38519967e-23
  5.00376348e-62 5.13433762e-21 2.33561166e-26 5.14222066e-76
  1.44475407e-75 4.97630448e-40 1.23275754e-20 2.45239530e-46
  3.59748063e-47 4.54300500e-50 3.98199241e-53 3.92570794e-59
  2.09770237e-81 9.98191798e-39 2.11472161e-36 7.56174579e-65
  1.00000000e+00]
 [7.04498595e-35 2.71011584e-62 2.38519967e-23 1.00000000e+00
  2.30772639e-32 2.82241952e-06 3.95723043e-14 3.16261780e-54
  3.31727915e-51 5.52941167e-20 1.68608094e-46 1.58723048e-18
  1.62494328e-28 4.88036888e-25 1.49391023e-37 9.54359847e-58
  2.44283275e-37 6.61922799e-21 2.43519421e-47 2.65026506e-50
  1.00000000e+00]
 [2.69518660e-44 7.38217720e-57 5.00376348e-62 2.30772639e-32
  1.00000000e+00 5.78265874e-31 8.39807001e-17 2.98867434e-11
  1.78491016e-07 1.25631714e-16 6.69079529e-47 6.89948779e-37
  4.59402372e-49 1.10302306e-63 1.60150491e-18 1.63207534e-42
  2.56117451e-16 6.38281603e-29 2.86651092e-50 5.01116631e-45
  1.00000000e+00]
 [3.34256525e-19 5.35614420e-45 5.13433762e-21 2.82241952e-06
  5.78265874e-31 1.00000000e+00 3.38145979e-16 6.38212578e-45
  4.26454567e-41 2.37086188e-30 9.78985900e-40 1.96300422e-11
  2.57596381e-24 6.83177928e-23 1.46969253e-33 2.60921521e-31
  5.73779665e-33 1.04661631e-32 8.17047070e-28 3.46747103e-47
  1.00000000e+00]
 [1.91093446e-24 1.57045448e-41 2.33561166e-26 3.95723043e-14
  8.39807001e-17 3.38145979e-16 1.00000000e+00 7.00488599e-26
  4.84754909e-36 2.37691403e-14 4.70213694e-25 1.88999497e-32
  3.84536823e-21 5.71887409e-35 1.41417755e-36 2.63792037e-43
  7.33483550e-24 7.90447882e-11 3.81790178e-35 6.73516263e-31
  1.00000000e+00]
 [9.50879932e-44 1.36974102e-62 5.14222066e-76 3.16261780e-54
  2.98867434e-11 6.38212578e-45 7.00488599e-26 1.00000000e+00
  4.13461600e-18 5.09750658e-30 2.66992270e-58 7.95201930e-62
  1.48676073e-44 4.01074682e-62 6.38550587e-26 3.00682605e-27
  7.11724167e-28 5.20637968e-36 6.44765414e-54 2.35212669e-54
  1.00000000e+00]
 [2.14298500e-54 6.11507909e-66 1.44475407e-75 3.31727915e-51
  1.78491016e-07 4.26454567e-41 4.84754909e-36 4.13461600e-18
  1.00000000e+00 6.62504521e-35 8.78554769e-52 3.99323328e-43
  4.69832197e-76 3.63657070e-91 7.62672200e-18 5.42921482e-39
  5.81286074e-29 4.26118842e-56 3.80030682e-53 1.44827036e-66
  1.00000000e+00]
 [7.92063917e-59 3.08268741e-91 4.97630448e-40 5.52941167e-20
  1.25631714e-16 2.37086188e-30 2.37691403e-14 5.09750658e-30
  6.62504521e-35 1.00000000e+00 3.05195697e-44 8.83135588e-54
  1.49924428e-49 1.02131512e-53 1.53678245e-17 1.81116813e-67
  2.29109186e-46 4.27121619e-07 8.24647720e-72 1.08456023e-63
  1.00000000e+00]
 [1.61567963e-43 1.16494871e-60 1.23275754e-20 1.68608094e-46
  6.69079529e-47 9.78985900e-40 4.70213694e-25 2.66992270e-58
  8.78554769e-52 3.05195697e-44 1.00000000e+00 3.49989827e-63
  1.79257461e-70 1.10693070e-92 8.71296905e-56 3.95190757e-59
  5.25205168e-71 1.00212449e-44 5.54635496e-41 2.46290604e-70
  1.00000000e+00]
 [3.40210677e-24 8.30901832e-33 2.45239530e-46 1.58723048e-18
  6.89948779e-37 1.96300422e-11 1.88999497e-32 7.95201930e-62
  3.99323328e-43 8.83135588e-54 3.49989827e-63 1.00000000e+00
  8.47442352e-38 1.76650967e-39 3.48793865e-53 4.49319282e-45
  1.97277887e-24 1.33404609e-63 1.00121759e-26 1.30546752e-37
  1.00000000e+00]
 [2.50874485e-16 7.58778910e-36 3.59748063e-47 1.62494328e-28
  4.59402372e-49 2.57596381e-24 3.84536823e-21 1.48676073e-44
  4.69832197e-76 1.49924428e-49 1.79257461e-70 8.47442352e-38
  1.00000000e+00 9.04773922e-08 2.07585133e-71 9.69834964e-39
  4.47945910e-33 1.81892196e-36 1.09420420e-34 1.18853325e-26
  1.00000000e+00]
 [2.02154118e-29 1.68881692e-62 4.54300500e-50 4.88036888e-25
  1.10302306e-63 6.83177928e-23 5.71887409e-35 4.01074682e-62
  3.63657070e-91 1.02131512e-53 1.10693070e-92 1.76650967e-39
  9.04773922e-08 1.00000000e+00 2.84744437e-70 1.75740436e-48
  7.03203484e-51 7.27274864e-43 1.30513135e-51 1.35960861e-49
  1.00000000e+00]
 [1.12324757e-60 6.98363829e-99 3.98199241e-53 1.49391023e-37
  1.60150491e-18 1.46969253e-33 1.41417755e-36 6.38550587e-26
  7.62672200e-18 1.53678245e-17 8.71296905e-56 3.48793865e-53
  2.07585133e-71 2.84744437e-70 1.00000000e+00 6.83167560e-44
  3.26930762e-57 9.65051135e-38 3.52083953e-66 1.40162715e-85
  1.00000000e+00]
 [5.68560933e-19 4.92873377e-42 3.92570794e-59 9.54359847e-58
  1.63207534e-42 2.60921521e-31 2.63792037e-43 3.00682605e-27
  5.42921482e-39 1.81116813e-67 3.95190757e-59 4.49319282e-45
  9.69834964e-39 1.75740436e-48 6.83167560e-44 1.00000000e+00
  6.01336379e-46 7.98464990e-72 1.62339712e-23 1.10297037e-60
  1.00000000e+00]
 [1.27160037e-34 6.73683145e-31 2.09770237e-81 2.44283275e-37
  2.56117451e-16 5.73779665e-33 7.33483550e-24 7.11724167e-28
  5.81286074e-29 2.29109186e-46 5.25205168e-71 1.97277887e-24
  4.47945910e-33 7.03203484e-51 3.26930762e-57 6.01336379e-46
  1.00000000e+00 7.25559941e-50 3.37009777e-43 2.63493373e-27
  1.00000000e+00]
 [3.56819471e-57 4.33668846e-90 9.98191798e-39 6.61922799e-21
  6.38281603e-29 1.04661631e-32 7.90447882e-11 5.20637968e-36
  4.26118842e-56 4.27121619e-07 1.00212449e-44 1.33404609e-63
  1.81892196e-36 7.27274864e-43 9.65051135e-38 7.98464990e-72
  7.25559941e-50 1.00000000e+00 2.19589093e-76 7.22181385e-64
  1.00000000e+00]
 [1.90498954e-04 1.16367450e-10 2.11472161e-36 2.43519421e-47
  2.86651092e-50 8.17047070e-28 3.81790178e-35 6.44765414e-54
  3.80030682e-53 8.24647720e-72 5.54635496e-41 1.00121759e-26
  1.09420420e-34 1.30513135e-51 3.52083953e-66 1.62339712e-23
  3.37009777e-43 2.19589093e-76 1.00000000e+00 1.04368435e-24
  1.00000000e+00]
 [9.52777581e-21 1.50208436e-14 7.56174579e-65 2.65026506e-50
  5.01116631e-45 3.46747103e-47 6.73516263e-31 2.35212669e-54
  1.44827036e-66 1.08456023e-63 2.46290604e-70 1.30546752e-37
  1.18853325e-26 1.35960861e-49 1.40162715e-85 1.10297037e-60
  2.63493373e-27 7.22181385e-64 1.04368435e-24 1.00000000e+00
  1.00000000e+00]
 [1.00000000e+00 1.00000000e+00 1.00000000e+00 1.00000000e+00
  1.00000000e+00 1.00000000e+00 1.00000000e+00 1.00000000e+00
  1.00000000e+00 1.00000000e+00 1.00000000e+00 1.00000000e+00
  1.00000000e+00 1.00000000e+00 1.00000000e+00 1.00000000e+00
  1.00000000e+00 1.00000000e+00 1.00000000e+00 1.00000000e+00
  0.00000000e+00]]
