[[1.00000000e+00 2.78145919e-71 5.39091468e-42 ... 7.25555350e-44
  1.10430828e-47 1.00000000e+00]
 [2.78145919e-71 1.00000000e+00 2.04670328e-39 ... 1.24655303e-78
  2.07294393e-41 1.00000000e+00]
 [5.39091468e-42 2.04670328e-39 1.00000000e+00 ... 3.19472119e-27
  1.39758970e-25 1.00000000e+00]
 ...
 [7.25555350e-44 1.24655303e-78 3.19472119e-27 ... 1.00000000e+00
  3.81662155e-38 1.00000000e+00]
 [1.10430828e-47 2.07294393e-41 1.39758970e-25 ... 3.81662155e-38
  1.00000000e+00 1.00000000e+00]
 [1.00000000e+00 1.00000000e+00 1.00000000e+00 ... 1.00000000e+00
  1.00000000e+00 0.00000000e+00]]
