[[1.00000000e+00 5.01480247e-11 5.25681878e-28 2.62383999e-04
  1.63758694e-67 3.10754202e-29 2.20927143e-34 6.32561656e-35
  1.72349773e-37 1.75249211e-11 9.92961067e-38 4.68643582e-39
  4.23458895e-78 3.43510027e-19 1.74200548e-23 2.76061902e-41
  1.39932958e-32 5.59323604e-24 3.29568419e-27 1.78105142e-36
  1.00000000e+00]
 [5.01480247e-11 1.00000000e+00 1.81283782e-31 2.92791923e-05
  1.97963521e-59 3.69561277e-39 1.08920641e-36 3.13862308e-26
  1.77312660e-31 8.17558382e-08 1.42804981e-35 5.65708498e-16
  1.96601004e-44 1.38680897e-18 8.21185491e-14 2.82877185e-20
  4.04636333e-32 5.41841790e-08 6.33029969e-18 1.48873969e-19
  1.00000000e+00]
 [5.25681878e-28 1.81283782e-31 1.00000000e+00 1.71068278e-27
  2.20456271e-28 1.57952792e-16 8.93868120e-28 7.51148360e-23
  6.71399146e-36 3.49970006e-11 7.23071722e-58 1.56328257e-42
  5.21713152e-37 6.50803950e-21 1.72774674e-41 4.38498005e-48
  1.12607089e-18 1.38184517e-29 1.93577624e-33 1.55602136e-47
  1.00000000e+00]
 [2.62383999e-04 2.92791923e-05 1.71068278e-27 1.00000000e+00
  1.40378567e-54 2.69037701e-35 1.95900178e-38 5.69067329e-28
  1.76764069e-42 1.66110446e-10 1.72507040e-37 4.99447684e-26
  2.86599882e-60 1.04927334e-12 2.16977114e-19 1.13722527e-26
  6.50305982e-35 4.83654394e-20 1.03589783e-16 6.42266746e-28
  1.00000000e+00]
 [1.63758694e-67 1.97963521e-59 2.20456271e-28 1.40378567e-54
  1.00000000e+00 7.64250097e-35 1.05671388e-41 6.20317527e-30
  2.39904178e-61 5.36079163e-44 7.15245411e-69 2.88937992e-36
  3.06944449e-41 3.35227161e-52 2.62573587e-75 4.37773749e-45
  1.49709635e-66 2.62637850e-67 2.66581135e-47 9.70572194e-68
  1.00000000e+00]
 [3.10754202e-29 3.69561277e-39 1.57952792e-16 2.69037701e-35
  7.64250097e-35 1.00000000e+00 5.55791624e-05 1.91603471e-33
  5.34522789e-16 4.80993874e-18 1.45167585e-47 1.63452518e-45
  9.87155524e-65 4.28860720e-49 1.30320662e-38 7.12632032e-46
  6.86430559e-41 3.19755665e-37 2.44589004e-51 4.16311809e-43
  1.00000000e+00]
 [2.20927143e-34 1.08920641e-36 8.93868120e-28 1.95900178e-38
  1.05671388e-41 5.55791624e-05 1.00000000e+00 2.06266098e-31
  7.90406011e-11 6.15991318e-20 5.33815502e-55 1.96601124e-38
  1.90402933e-59 5.67763630e-63 1.10610577e-32 5.88577592e-34
  7.74123282e-56 1.47685986e-33 6.19841747e-61 3.39474488e-35
  1.00000000e+00]
 [6.32561656e-35 3.13862308e-26 7.51148360e-23 5.69067329e-28
  6.20317527e-30 1.91603471e-33 2.06266098e-31 1.00000000e+00
  1.12794686e-40 6.64842748e-19 9.18944327e-71 3.38477312e-18
  2.83108203e-26 4.18514963e-42 6.50975798e-53 1.66101130e-32
  4.65830947e-50 1.61167870e-35 6.99413612e-51 8.42255596e-58
  1.00000000e+00]
 [1.72349773e-37 1.77312660e-31 6.71399146e-36 1.76764069e-42
  2.39904178e-61 5.34522789e-16 7.90406011e-11 1.12794686e-40
  1.00000000e+00 8.69356353e-19 1.02560132e-36 7.36190960e-33
  5.38955099e-58 1.57882297e-62 1.96539553e-33 2.18465366e-45
  4.28541026e-39 3.16813169e-20 2.53969791e-55 6.18619826e-36
  1.00000000e+00]
 [1.75249211e-11 8.17558382e-08 3.49970006e-11 1.66110446e-10
  5.36079163e-44 4.80993874e-18 6.15991318e-20 6.64842748e-19
  8.69356353e-19 1.00000000e+00 3.99162341e-39 1.30572847e-22
  2.46666951e-35 4.75333430e-18 2.13512640e-16 1.19623054e-26
  1.45053247e-18 1.65843062e-07 2.18573107e-23 4.99858514e-23
  1.00000000e+00]
 [9.92961067e-38 1.42804981e-35 7.23071722e-58 1.72507040e-37
  7.15245411e-69 1.45167585e-47 5.33815502e-55 9.18944327e-71
  1.02560132e-36 3.99162341e-39 1.00000000e+00 1.65635552e-37
  1.57528529e-98 3.17637495e-42 2.63965774e-55 9.21119354e-70
  7.18447225e-37 6.86994067e-41 4.78331738e-24 6.47198869e-56
  1.00000000e+00]
 [4.68643582e-39 5.65708498e-16 1.56328257e-42 4.99447684e-26
  2.88937992e-36 1.63452518e-45 1.96601124e-38 3.38477312e-18
  7.36190960e-33 1.30572847e-22 1.65635552e-37 1.00000000e+00
  3.49737535e-29 3.79585049e-41 1.52099760e-39 5.85644413e-20
  6.03071263e-51 2.58342947e-23 1.35096236e-29 3.04563857e-36
  1.00000000e+00]
 [4.23458895e-78 1.96601004e-44 5.21713152e-37 2.86599882e-60
  3.06944449e-41 9.87155524e-65 1.90402933e-59 2.83108203e-26
  5.38955099e-58 2.46666951e-35 1.57528529e-98 3.49737535e-29
  1.00000000e+00 1.65462886e-56 6.31918939e-59 5.20930221e-37
  2.21078495e-57 3.48953655e-35 1.02899851e-57 2.83249522e-53
  1.00000000e+00]
 [3.43510027e-19 1.38680897e-18 6.50803950e-21 1.04927334e-12
  3.35227161e-52 4.28860720e-49 5.67763630e-63 4.18514963e-42
  1.57882297e-62 4.75333430e-18 3.17637495e-42 3.79585049e-41
  1.65462886e-56 1.00000000e+00 4.55687439e-36 4.19481301e-49
  7.48539184e-19 5.34379596e-28 4.34056455e-08 5.48843694e-43
  1.00000000e+00]
 [1.74200548e-23 8.21185491e-14 1.72774674e-41 2.16977114e-19
  2.62573587e-75 1.30320662e-38 1.10610577e-32 6.50975798e-53
  1.96539553e-33 2.13512640e-16 2.63965774e-55 1.52099760e-39
  6.31918939e-59 4.55687439e-36 1.00000000e+00 1.77816715e-17
  1.09681539e-50 2.72362712e-12 5.57507246e-32 1.50226374e-03
  1.00000000e+00]
 [2.76061902e-41 2.82877185e-20 4.38498005e-48 1.13722527e-26
  4.37773749e-45 7.12632032e-46 5.88577592e-34 1.66101130e-32
  2.18465366e-45 1.19623054e-26 9.21119354e-70 5.85644413e-20
  5.20930221e-37 4.19481301e-49 1.77816715e-17 1.00000000e+00
  9.41533530e-78 1.85776596e-27 1.66292087e-39 6.67911973e-13
  1.00000000e+00]
 [1.39932958e-32 4.04636333e-32 1.12607089e-18 6.50305982e-35
  1.49709635e-66 6.86430559e-41 7.74123282e-56 4.65830947e-50
  4.28541026e-39 1.45053247e-18 7.18447225e-37 6.03071263e-51
  2.21078495e-57 7.48539184e-19 1.09681539e-50 9.41533530e-78
  1.00000000e+00 5.29887942e-24 6.74457400e-27 3.09185425e-59
  1.00000000e+00]
 [5.59323604e-24 5.41841790e-08 1.38184517e-29 4.83654394e-20
  2.62637850e-67 3.19755665e-37 1.47685986e-33 1.61167870e-35
  3.16813169e-20 1.65843062e-07 6.86994067e-41 2.58342947e-23
  3.48953655e-35 5.34379596e-28 2.72362712e-12 1.85776596e-27
  5.29887942e-24 1.00000000e+00 3.65248559e-26 5.07048387e-16
  1.00000000e+00]
 [3.29568419e-27 6.33029969e-18 1.93577624e-33 1.03589783e-16
  2.66581135e-47 2.44589004e-51 6.19841747e-61 6.99413612e-51
  2.53969791e-55 2.18573107e-23 4.78331738e-24 1.35096236e-29
  1.02899851e-57 4.34056455e-08 5.57507246e-32 1.66292087e-39
  6.74457400e-27 3.65248559e-26 1.00000000e+00 9.42110931e-32
  1.00000000e+00]
 [1.78105142e-36 1.48873969e-19 1.55602136e-47 6.42266746e-28
  9.70572194e-68 4.16311809e-43 3.39474488e-35 8.42255596e-58
  6.18619826e-36 4.99858514e-23 6.47198869e-56 3.04563857e-36
  2.83249522e-53 5.48843694e-43 1.50226374e-03 6.67911973e-13
  3.09185425e-59 5.07048387e-16 9.42110931e-32 1.00000000e+00
  1.00000000e+00]
 [1.00000000e+00 1.00000000e+00 1.00000000e+00 1.00000000e+00
  1.00000000e+00 1.00000000e+00 1.00000000e+00 1.00000000e+00
  1.00000000e+00 1.00000000e+00 1.00000000e+00 1.00000000e+00
  1.00000000e+00 1.00000000e+00 1.00000000e+00 1.00000000e+00
  1.00000000e+00 1.00000000e+00 1.00000000e+00 1.00000000e+00
  0.00000000e+00]]
