[[1.00000000e+00 5.75760071e-46 2.35311764e-41 ... 4.93490166e-61
  1.01469039e-37 1.00000000e+00]
 [5.75760071e-46 1.00000000e+00 3.18054574e-76 ... 6.55296526e-67
  5.41031163e-14 1.00000000e+00]
 [2.35311764e-41 3.18054574e-76 1.00000000e+00 ... 1.95305392e-61
  1.02259965e-78 1.00000000e+00]
 ...
 [4.93490166e-61 6.55296526e-67 1.95305392e-61 ... 1.00000000e+00
  3.50550873e-44 1.00000000e+00]
 [1.01469039e-37 5.41031163e-14 1.02259965e-78 ... 3.50550873e-44
  1.00000000e+00 1.00000000e+00]
 [1.00000000e+00 1.00000000e+00 1.00000000e+00 ... 1.00000000e+00
  1.00000000e+00 0.00000000e+00]]
