[[1.00000000e+00 2.91698967e-43 6.92543152e-37 ... 7.08972205e-42
  1.76170326e-40 1.00000000e+00]
 [2.91698967e-43 1.00000000e+00 6.99800461e-30 ... 1.86504960e-20
  9.47358040e-31 1.00000000e+00]
 [6.92543152e-37 6.99800461e-30 1.00000000e+00 ... 8.42086402e-46
  7.30028772e-71 1.00000000e+00]
 ...
 [7.08972205e-42 1.86504960e-20 8.42086402e-46 ... 1.00000000e+00
  3.00769339e-12 1.00000000e+00]
 [1.76170326e-40 9.47358040e-31 7.30028772e-71 ... 3.00769339e-12
  1.00000000e+00 1.00000000e+00]
 [1.00000000e+00 1.00000000e+00 1.00000000e+00 ... 1.00000000e+00
  1.00000000e+00 0.00000000e+00]]
