[[1.00000000e+00 1.11678701e-73 4.63957097e-09 ... 1.36700258e-62
  2.57888352e-42 1.00000000e+00]
 [1.11678701e-73 1.00000000e+00 7.00281203e-77 ... 4.70502372e-26
  2.46201915e-69 1.00000000e+00]
 [4.63957097e-09 7.00281203e-77 1.00000000e+00 ... 2.63727257e-76
  1.97350050e-54 1.00000000e+00]
 ...
 [1.36700258e-62 4.70502372e-26 2.63727257e-76 ... 1.00000000e+00
  1.18177653e-84 1.00000000e+00]
 [2.57888352e-42 2.46201915e-69 1.97350050e-54 ... 1.18177653e-84
  1.00000000e+00 1.00000000e+00]
 [1.00000000e+00 1.00000000e+00 1.00000000e+00 ... 1.00000000e+00
  1.00000000e+00 0.00000000e+00]]
