[[1.00000000e+00 5.17929672e-19 2.16713270e-51 ... 6.54494097e-32
  1.78346977e-33 1.00000000e+00]
 [5.17929672e-19 1.00000000e+00 7.22318410e-51 ... 2.33821088e-54
  4.79228290e-68 1.00000000e+00]
 [2.16713270e-51 7.22318410e-51 1.00000000e+00 ... 1.89450141e-60
  2.45341479e-31 1.00000000e+00]
 ...
 [6.54494097e-32 2.33821088e-54 1.89450141e-60 ... 1.00000000e+00
  2.21922729e-18 1.00000000e+00]
 [1.78346977e-33 4.79228290e-68 2.45341479e-31 ... 2.21922729e-18
  1.00000000e+00 1.00000000e+00]
 [1.00000000e+00 1.00000000e+00 1.00000000e+00 ... 1.00000000e+00
  1.00000000e+00 0.00000000e+00]]
