[[1.00000000e+00 6.42188188e-74 4.12554864e-43 ... 8.38797514e-72
  7.33184694e-09 1.00000000e+00]
 [6.42188188e-74 1.00000000e+00 1.22103291e-21 ... 3.19097522e-63
  1.04669044e-93 1.00000000e+00]
 [4.12554864e-43 1.22103291e-21 1.00000000e+00 ... 9.51888714e-54
  6.22774676e-60 1.00000000e+00]
 ...
 [8.38797514e-72 3.19097522e-63 9.51888714e-54 ... 1.00000000e+00
  7.76197717e-94 1.00000000e+00]
 [7.33184694e-09 1.04669044e-93 6.22774676e-60 ... 7.76197717e-94
  1.00000000e+00 1.00000000e+00]
 [1.00000000e+00 1.00000000e+00 1.00000000e+00 ... 1.00000000e+00
  1.00000000e+00 0.00000000e+00]]
