[[1.00000000e+000 1.91424389e-037 9.05871856e-039 8.01168659e-039
  4.97059207e-041 6.91760800e-024 1.93984253e-043 5.42522112e-028
  4.46436758e-017 1.02036731e-016 1.65738145e-021 1.94883049e-042
  1.50550000e-053 5.00238019e-066 5.87590622e-037 3.29739350e-038
  1.66933943e-069 2.48248443e-025 3.17955703e-007 3.87098517e-013
  1.00000000e+000]
 [1.91424389e-037 1.00000000e+000 5.64068042e-033 2.13197457e-009
  1.87463422e-043 5.39446789e-005 2.23806778e-057 5.75055810e-050
  5.35369551e-046 6.20117693e-041 1.82006699e-015 6.09987922e-014
  3.77072856e-057 1.27658647e-063 3.46738717e-032 2.58070346e-040
  8.69236855e-036 4.20521352e-021 1.16722078e-044 1.20893545e-022
  1.00000000e+000]
 [9.05871856e-039 5.64068042e-033 1.00000000e+000 3.08370938e-049
  2.41098720e-051 7.19668230e-027 6.14425256e-037 1.01428441e-030
  4.73189770e-017 4.01054805e-055 7.96793284e-010 6.37519743e-025
  2.16568300e-045 8.48731603e-028 3.17548069e-021 6.44757249e-043
  1.86006788e-029 7.33178843e-059 6.38551523e-045 4.90702157e-040
  1.00000000e+000]
 [8.01168659e-039 2.13197457e-009 3.08370938e-049 1.00000000e+000
  1.60407149e-037 1.12929245e-007 2.22327123e-048 3.55753624e-041
  1.68302400e-046 4.87095639e-034 6.46972354e-026 1.29017594e-028
  1.14682953e-062 1.80789463e-058 1.15902892e-028 2.89843528e-027
  8.09101304e-028 4.59760335e-012 6.46091364e-044 2.45224365e-023
  1.00000000e+000]
 [4.97059207e-041 1.87463422e-043 2.41098720e-051 1.60407149e-037
  1.00000000e+000 2.06387171e-041 3.26155614e-046 6.80161063e-046
  3.25823979e-047 6.48211088e-016 2.47206192e-032 8.70637516e-073
  1.14780163e-051 1.93718684e-091 4.38441568e-042 4.76480898e-064
  5.91848259e-052 7.61793942e-058 2.69189726e-035 8.93759795e-033
  1.00000000e+000]
 [6.91760800e-024 5.39446789e-005 7.19668230e-027 1.12929245e-007
  2.06387171e-041 1.00000000e+000 1.45690999e-035 5.82757191e-037
  8.26196488e-029 3.61727763e-034 6.00660750e-012 6.47997266e-011
  2.10111117e-042 2.29017611e-047 3.66867002e-026 9.70800727e-029
  1.90242199e-027 3.17835439e-014 2.34252641e-035 5.43943809e-020
  1.00000000e+000]
 [1.93984253e-043 2.23806778e-057 6.14425256e-037 2.22327123e-048
  3.26155614e-046 1.45690999e-035 1.00000000e+000 1.30576169e-050
  1.13831446e-024 6.76578445e-057 1.78024893e-038 2.88603852e-051
  7.46183884e-020 4.80917195e-051 1.39164436e-051 3.19270376e-057
  5.78371409e-029 8.14367984e-062 2.15117724e-063 1.71823474e-064
  1.00000000e+000]
 [5.42522112e-028 5.75055810e-050 1.01428441e-030 3.55753624e-041
  6.80161063e-046 5.82757191e-037 1.30576169e-050 1.00000000e+000
  4.77440886e-014 3.00376407e-032 4.80838043e-026 1.38214658e-058
  5.97170483e-088 1.98899806e-021 3.17376266e-006 9.64407722e-010
  3.60750817e-040 3.33283069e-034 5.37245690e-019 1.21191779e-020
  1.00000000e+000]
 [4.46436758e-017 5.35369551e-046 4.73189770e-017 1.68302400e-046
  3.25823979e-047 8.26196488e-029 1.13831446e-024 4.77440886e-014
  1.00000000e+000 4.65748725e-040 1.91618592e-021 3.48417982e-045
  1.52464518e-054 6.83804795e-028 2.38335639e-021 5.77585494e-024
  1.58402730e-041 1.20941909e-037 9.10508639e-022 3.98190365e-026
  1.00000000e+000]
 [1.02036731e-016 6.20117693e-041 4.01054805e-055 4.87095639e-034
  6.48211088e-016 3.61727763e-034 6.76578445e-057 3.00376407e-032
  4.65748725e-040 1.00000000e+000 1.59896316e-025 4.45478352e-060
  3.27274154e-059 5.02159586e-084 1.29318477e-035 3.73771088e-049
  2.75477271e-066 9.22575315e-038 7.37944854e-013 8.92593746e-017
  1.00000000e+000]
 [1.65738145e-021 1.82006699e-015 7.96793284e-010 6.46972354e-026
  2.47206192e-032 6.00660750e-012 1.78024893e-038 4.80838043e-026
  1.91618592e-021 1.59896316e-025 1.00000000e+000 1.94267035e-014
  7.51533747e-037 7.38973894e-039 2.79179595e-016 6.86464985e-036
  2.28060230e-029 2.74010446e-036 8.10212283e-027 7.67958368e-021
  1.00000000e+000]
 [1.94883049e-042 6.09987922e-014 6.37519743e-025 1.29017594e-028
  8.70637516e-073 6.47997266e-011 2.88603852e-051 1.38214658e-058
  3.48417982e-045 4.45478352e-060 1.94267035e-014 1.00000000e+000
  1.50210798e-041 1.91304117e-050 2.38758550e-040 1.54187251e-052
  2.52954065e-035 1.01150360e-040 1.06888476e-061 1.96703394e-045
  1.00000000e+000]
 [1.50550000e-053 3.77072856e-057 2.16568300e-045 1.14682953e-062
  1.14780163e-051 2.10111117e-042 7.46183884e-020 5.97170483e-088
  1.52464518e-054 3.27274154e-059 7.51533747e-037 1.50210798e-041
  1.00000000e+000 2.44463743e-091 2.29650410e-079 2.82323824e-103
  2.63310525e-050 1.35628994e-089 7.81476142e-082 6.08798530e-083
  1.00000000e+000]
 [5.00238019e-066 1.27658647e-063 8.48731603e-028 1.80789463e-058
  1.93718684e-091 2.29017611e-047 4.80917195e-051 1.98899806e-021
  6.83804795e-028 5.02159586e-084 7.38973894e-039 1.91304117e-050
  2.44463743e-091 1.00000000e+000 6.73010835e-017 5.11177951e-021
  4.55316040e-024 5.66412849e-061 2.52621369e-068 2.68303821e-062
  1.00000000e+000]
 [5.87590622e-037 3.46738717e-032 3.17548069e-021 1.15902892e-028
  4.38441568e-042 3.66867002e-026 1.39164436e-051 3.17376266e-006
  2.38335639e-021 1.29318477e-035 2.79179595e-016 2.38758550e-040
  2.29650410e-079 6.73010835e-017 1.00000000e+000 6.26065409e-011
  1.24422850e-023 3.11878462e-033 2.95927271e-029 7.58822677e-022
  1.00000000e+000]
 [3.29739350e-038 2.58070346e-040 6.44757249e-043 2.89843528e-027
  4.76480898e-064 9.70800727e-029 3.19270376e-057 9.64407722e-010
  5.77585494e-024 3.73771088e-049 6.86464985e-036 1.54187251e-052
  2.82323824e-103 5.11177951e-021 6.26065409e-011 1.00000000e+000
  8.66142047e-036 1.23323041e-017 5.90547841e-033 2.99930582e-023
  1.00000000e+000]
 [1.66933943e-069 8.69236855e-036 1.86006788e-029 8.09101304e-028
  5.91848259e-052 1.90242199e-027 5.78371409e-029 3.60750817e-040
  1.58402730e-041 2.75477271e-066 2.28060230e-029 2.52954065e-035
  2.63310525e-050 4.55316040e-024 1.24422850e-023 8.66142047e-036
  1.00000000e+000 1.54095061e-054 1.52683735e-077 5.04546771e-061
  1.00000000e+000]
 [2.48248443e-025 4.20521352e-021 7.33178843e-059 4.59760335e-012
  7.61793942e-058 3.17835439e-014 8.14367984e-062 3.33283069e-034
  1.20941909e-037 9.22575315e-038 2.74010446e-036 1.01150360e-040
  1.35628994e-089 5.66412849e-061 3.11878462e-033 1.23323041e-017
  1.54095061e-054 1.00000000e+000 1.38456272e-028 8.83581856e-014
  1.00000000e+000]
 [3.17955703e-007 1.16722078e-044 6.38551523e-045 6.46091364e-044
  2.69189726e-035 2.34252641e-035 2.15117724e-063 5.37245690e-019
  9.10508639e-022 7.37944854e-013 8.10212283e-027 1.06888476e-061
  7.81476142e-082 2.52621369e-068 2.95927271e-029 5.90547841e-033
  1.52683735e-077 1.38456272e-028 1.00000000e+000 9.38447566e-007
  1.00000000e+000]
 [3.87098517e-013 1.20893545e-022 4.90702157e-040 2.45224365e-023
  8.93759795e-033 5.43943809e-020 1.71823474e-064 1.21191779e-020
  3.98190365e-026 8.92593746e-017 7.67958368e-021 1.96703394e-045
  6.08798530e-083 2.68303821e-062 7.58822677e-022 2.99930582e-023
  5.04546771e-061 8.83581856e-014 9.38447566e-007 1.00000000e+000
  1.00000000e+000]
 [1.00000000e+000 1.00000000e+000 1.00000000e+000 1.00000000e+000
  1.00000000e+000 1.00000000e+000 1.00000000e+000 1.00000000e+000
  1.00000000e+000 1.00000000e+000 1.00000000e+000 1.00000000e+000
  1.00000000e+000 1.00000000e+000 1.00000000e+000 1.00000000e+000
  1.00000000e+000 1.00000000e+000 1.00000000e+000 1.00000000e+000
  0.00000000e+000]]
