[[1.00000000e+000 3.40185918e-019 5.76062175e-034 4.55688659e-026
  2.11729721e-010 5.62585439e-033 6.96347912e-049 1.02497148e-059
  6.03208593e-022 1.10274074e-026 1.45713836e-027 4.57344283e-055
  2.38116109e-091 4.52524042e-093 2.34733191e-043 8.51954415e-040
  6.47399149e-030 2.77749735e-038 4.39507661e-040 2.17392217e-085
  1.00000000e+000]
 [3.40185918e-019 1.00000000e+000 5.00782424e-043 2.79453640e-036
  2.66125824e-014 3.84869460e-028 1.38295191e-022 2.68225781e-031
  2.88630780e-023 6.00290264e-053 1.49216398e-038 7.89371828e-032
  3.53546020e-088 8.29741219e-084 7.97341336e-035 1.15164942e-030
  6.21565700e-023 2.90672825e-031 1.55959683e-033 9.29013314e-071
  1.00000000e+000]
 [5.76062175e-034 5.00782424e-043 1.00000000e+000 5.78477608e-015
  5.72362649e-017 1.42572915e-079 4.48782648e-035 8.84326893e-046
  3.78343921e-058 8.03634067e-054 2.96328454e-046 4.23913810e-042
  7.11005977e-027 5.33490595e-045 1.75482914e-025 5.54147393e-021
  1.39534016e-049 1.05587953e-016 1.43981949e-047 1.23743677e-069
  1.00000000e+000]
 [4.55688659e-026 2.79453640e-036 5.78477608e-015 1.00000000e+000
  7.99586618e-009 1.97556103e-048 2.90126257e-052 1.37033661e-038
  5.06721767e-048 7.20041250e-032 4.15340579e-044 1.80011935e-061
  1.35515818e-047 2.72772317e-049 2.24626456e-049 1.49747124e-011
  2.09026520e-026 8.57152119e-010 2.41703142e-055 2.59109505e-040
  1.00000000e+000]
 [2.11729721e-010 2.66125824e-014 5.72362649e-017 7.99586618e-009
  1.00000000e+000 5.11392063e-027 6.95329071e-031 1.03927676e-029
  4.23254496e-022 3.53558889e-022 9.76556250e-024 4.23086174e-036
  1.89041268e-050 6.11290779e-049 4.25200472e-027 1.92711644e-017
  4.50014768e-016 1.90958340e-014 1.35113603e-033 2.15892462e-045
  1.00000000e+000]
 [5.62585439e-033 3.84869460e-028 1.42572915e-079 1.97556103e-048
  5.11392063e-027 1.00000000e+000 4.33195011e-063 5.08620301e-052
  1.68313943e-035 6.27969049e-025 1.70996999e-028 4.53065850e-061
  2.51001606e-114 1.69067256e-081 4.75359143e-068 3.64873483e-065
  3.60286862e-034 1.54621962e-065 7.54503753e-058 3.21874017e-047
  1.00000000e+000]
 [6.96347912e-049 1.38295191e-022 4.48782648e-035 2.90126257e-052
  6.95329071e-031 4.33195011e-063 1.00000000e+000 4.93211415e-053
  5.79270953e-047 5.37475403e-088 2.51598414e-062 6.71325467e-032
  3.50509094e-064 4.26483393e-073 3.21200896e-013 1.36888271e-034
  5.45623281e-055 2.00649523e-043 3.52119137e-063 7.40397566e-066
  1.00000000e+000]
 [1.02497148e-059 2.68225781e-031 8.84326893e-046 1.37033661e-038
  1.03927676e-029 5.08620301e-052 4.93211415e-053 1.00000000e+000
  1.10716711e-061 1.67497859e-056 6.70781365e-040 2.26122913e-021
  1.34787890e-047 1.26085069e-033 3.12740531e-053 3.40538551e-044
  9.61327748e-035 4.66604731e-026 3.25204038e-022 3.52383629e-066
  1.00000000e+000]
 [6.03208593e-022 2.88630780e-023 3.78343921e-058 5.06721767e-048
  4.23254496e-022 1.68313943e-035 5.79270953e-047 1.10716711e-061
  1.00000000e+000 1.39555162e-038 2.53236236e-049 1.35479698e-061
  3.45370236e-089 5.15466223e-089 2.94715973e-034 8.17779740e-049
  1.47072783e-013 7.83610944e-044 3.88147188e-060 5.61527481e-078
  1.00000000e+000]
 [1.10274074e-026 6.00290264e-053 8.03634067e-054 7.20041250e-032
  3.53558889e-022 6.27969049e-025 5.37475403e-088 1.67497859e-056
  1.39555162e-038 1.00000000e+000 1.32334783e-016 1.50721733e-065
  1.24419684e-074 9.48904721e-055 8.19532565e-064 1.77257648e-067
  7.92654975e-036 7.65385546e-054 2.46628426e-048 2.78616505e-062
  1.00000000e+000]
 [1.45713836e-027 1.49216398e-038 2.96328454e-046 4.15340579e-044
  9.76556250e-024 1.70996999e-028 2.51598414e-062 6.70781365e-040
  2.53236236e-049 1.32334783e-016 1.00000000e+000 3.40226586e-026
  4.86207142e-068 1.56405489e-049 4.93958174e-046 1.22937962e-075
  6.12020804e-054 1.85866975e-060 1.26619853e-017 1.41118118e-082
  1.00000000e+000]
 [4.57344283e-055 7.89371828e-032 4.23913810e-042 1.80011935e-061
  4.23086174e-036 4.53065850e-061 6.71325467e-032 2.26122913e-021
  1.35479698e-061 1.50721733e-065 3.40226586e-026 1.00000000e+000
  4.19873798e-048 1.91552394e-042 2.53463253e-026 4.13194361e-068
  1.16995584e-062 3.56790788e-052 1.50080385e-013 5.44804337e-096
  1.00000000e+000]
 [2.38116109e-091 3.53546020e-088 7.11005977e-027 1.35515818e-047
  1.89041268e-050 2.51001606e-114 3.50509094e-064 1.34787890e-047
  3.45370236e-089 1.24419684e-074 4.86207142e-068 4.19873798e-048
  1.00000000e+000 3.66947130e-012 3.25087236e-036 2.83529903e-057
  1.35725541e-072 1.80050115e-038 5.07693176e-068 6.33629701e-074
  1.00000000e+000]
 [4.52524042e-093 8.29741219e-084 5.33490595e-045 2.72772317e-049
  6.11290779e-049 1.69067256e-081 4.26483393e-073 1.26085069e-033
  5.15466223e-089 9.48904721e-055 1.56405489e-049 1.91552394e-042
  3.66947130e-012 1.00000000e+000 3.90201648e-049 2.62739172e-068
  4.49640960e-067 6.95201528e-048 7.90995746e-060 1.26473774e-051
  1.00000000e+000]
 [2.34733191e-043 7.97341336e-035 1.75482914e-025 2.24626456e-049
  4.25200472e-027 4.75359143e-068 3.21200896e-013 3.12740531e-053
  2.94715973e-034 8.19532565e-064 4.93958174e-046 2.53463253e-026
  3.25087236e-036 3.90201648e-049 1.00000000e+000 5.09238264e-045
  5.00849372e-049 1.79706055e-041 1.92411975e-051 3.43585021e-074
  1.00000000e+000]
 [8.51954415e-040 1.15164942e-030 5.54147393e-021 1.49747124e-011
  1.92711644e-017 3.64873483e-065 1.36888271e-034 3.40538551e-044
  8.17779740e-049 1.77257648e-067 1.22937962e-075 4.13194361e-068
  2.83529903e-057 2.62739172e-068 5.09238264e-045 1.00000000e+000
  7.61245628e-027 4.66501545e-007 2.20645931e-075 1.19736496e-042
  1.00000000e+000]
 [6.47399149e-030 6.21565700e-023 1.39534016e-049 2.09026520e-026
  4.50014768e-016 3.60286862e-034 5.45623281e-055 9.61327748e-035
  1.47072783e-013 7.92654975e-036 6.12020804e-054 1.16995584e-062
  1.35725541e-072 4.49640960e-067 5.00849372e-049 7.61245628e-027
  1.00000000e+000 3.64860779e-019 2.77154509e-056 1.78649159e-052
  1.00000000e+000]
 [2.77749735e-038 2.90672825e-031 1.05587953e-016 8.57152119e-010
  1.90958340e-014 1.54621962e-065 2.00649523e-043 4.66604731e-026
  7.83610944e-044 7.65385546e-054 1.85866975e-060 3.56790788e-052
  1.80050115e-038 6.95201528e-048 1.79706055e-041 4.66501545e-007
  3.64860779e-019 1.00000000e+000 1.04480850e-051 2.00305197e-052
  1.00000000e+000]
 [4.39507661e-040 1.55959683e-033 1.43981949e-047 2.41703142e-055
  1.35113603e-033 7.54503753e-058 3.52119137e-063 3.25204038e-022
  3.88147188e-060 2.46628426e-048 1.26619853e-017 1.50080385e-013
  5.07693176e-068 7.90995746e-060 1.92411975e-051 2.20645931e-075
  2.77154509e-056 1.04480850e-051 1.00000000e+000 3.44270253e-120
  1.00000000e+000]
 [2.17392217e-085 9.29013314e-071 1.23743677e-069 2.59109505e-040
  2.15892462e-045 3.21874017e-047 7.40397566e-066 3.52383629e-066
  5.61527481e-078 2.78616505e-062 1.41118118e-082 5.44804337e-096
  6.33629701e-074 1.26473774e-051 3.43585021e-074 1.19736496e-042
  1.78649159e-052 2.00305197e-052 3.44270253e-120 1.00000000e+000
  1.00000000e+000]
 [1.00000000e+000 1.00000000e+000 1.00000000e+000 1.00000000e+000
  1.00000000e+000 1.00000000e+000 1.00000000e+000 1.00000000e+000
  1.00000000e+000 1.00000000e+000 1.00000000e+000 1.00000000e+000
  1.00000000e+000 1.00000000e+000 1.00000000e+000 1.00000000e+000
  1.00000000e+000 1.00000000e+000 1.00000000e+000 1.00000000e+000
  0.00000000e+000]]
