[[1.00000000e+000 6.79432604e-015 2.50360773e-028 1.02746671e-011
  7.37884524e-036 6.80014809e-035 1.41035998e-005 5.32455033e-042
  4.76335970e-045 3.89124574e-021 4.10925390e-044 8.72542978e-034
  3.61575214e-035 2.40555113e-026 7.18654305e-019 1.57560193e-019
  1.10802908e-028 4.45552771e-017 6.71458461e-013 5.42766072e-046
  1.00000000e+000]
 [6.79432604e-015 1.00000000e+000 3.92848585e-053 3.16945987e-022
  1.78078040e-037 1.43557329e-044 2.24702250e-013 1.12723558e-053
  1.95258020e-095 3.39957686e-023 1.21290015e-051 3.11882193e-073
  4.23943324e-079 1.97269506e-040 8.74532130e-036 1.95837278e-008
  4.30374744e-036 7.77391592e-017 3.08821194e-041 1.90152839e-068
  1.00000000e+000]
 [2.50360773e-028 3.92848585e-053 1.00000000e+000 1.48668922e-048
  2.55766081e-034 1.05647016e-025 6.30310810e-030 3.19196378e-011
  1.93686239e-057 2.77775757e-058 3.37697172e-085 2.71658173e-044
  6.48840504e-053 2.02582797e-053 1.09014362e-017 1.08361035e-039
  4.22554126e-058 3.36280171e-043 1.80162734e-039 4.25908142e-055
  1.00000000e+000]
 [1.02746671e-011 3.16945987e-022 1.48668922e-048 1.00000000e+000
  1.76136476e-021 2.94237826e-030 2.07245100e-004 1.18960091e-051
  9.91060262e-057 6.66362330e-035 4.11571824e-038 7.16204209e-036
  1.03571640e-061 3.81277705e-010 1.95102946e-021 8.33262981e-019
  5.55197980e-015 6.57020768e-029 1.39554062e-040 1.33690645e-035
  1.00000000e+000]
 [7.37884524e-036 1.78078040e-037 2.55766081e-034 1.76136476e-021
  1.00000000e+000 8.19808803e-015 3.26691914e-016 7.62199427e-022
  3.00606111e-088 2.32488862e-062 4.50939033e-068 1.19012012e-058
  1.02497003e-103 1.38894425e-025 5.46051438e-016 2.09182246e-015
  4.01312254e-030 2.26308447e-048 2.04139700e-077 3.34860368e-044
  1.00000000e+000]
 [6.80014809e-035 1.43557329e-044 1.05647016e-025 2.94237826e-030
  8.19808803e-015 1.00000000e+000 3.57307790e-023 5.16623510e-017
  3.26753830e-080 3.37995720e-076 1.61369902e-057 2.46888208e-061
  6.91298062e-078 8.63753863e-032 6.64450374e-022 6.31837941e-033
  2.93445435e-040 6.44895404e-031 9.29399315e-068 2.87036301e-044
  1.00000000e+000]
 [1.41035998e-005 2.24702250e-013 6.30310810e-030 2.07245100e-004
  3.26691914e-016 3.57307790e-023 1.00000000e+000 4.84654189e-033
  6.46532297e-056 9.66333398e-028 8.04384361e-044 3.48930576e-037
  4.13670285e-056 2.43052065e-016 1.02786331e-012 1.28321894e-009
  1.31867346e-019 1.30238140e-021 8.88416805e-030 2.59161311e-039
  1.00000000e+000]
 [5.32455033e-042 1.12723558e-053 3.19196378e-011 1.18960091e-051
  7.62199427e-022 5.16623510e-017 4.84654189e-033 1.00000000e+000
  5.31644247e-101 1.29486304e-085 2.24136825e-109 3.19639191e-077
  2.38628122e-098 1.55228384e-056 8.56574543e-027 4.56355192e-036
  1.12370082e-065 1.10131041e-052 1.08459633e-064 5.57033545e-076
  1.00000000e+000]
 [4.76335970e-045 1.95258020e-095 1.93686239e-057 9.91060262e-057
  3.00606111e-088 3.26753830e-080 6.46532297e-056 5.31644247e-101
  1.00000000e+000 9.21076447e-060 1.37468019e-054 7.94050861e-024
  1.02007679e-014 5.49572935e-071 8.78729035e-037 1.40435304e-089
  9.55562992e-074 5.20491223e-078 1.39485801e-042 4.59191275e-049
  1.00000000e+000]
 [3.89124574e-021 3.39957686e-023 2.77775757e-058 6.66362330e-035
  2.32488862e-062 3.37995720e-076 9.66333398e-028 1.29486304e-085
  9.21076447e-060 1.00000000e+000 2.33762533e-037 7.18903105e-037
  1.85650440e-050 2.32706353e-044 2.91392283e-040 1.85127659e-026
  5.30814261e-031 1.99147172e-030 3.04149496e-043 8.15662300e-044
  1.00000000e+000]
 [4.10925390e-044 1.21290015e-051 3.37697172e-085 4.11571824e-038
  4.50939033e-068 1.61369902e-057 8.04384361e-044 2.24136825e-109
  1.37468019e-054 2.33762533e-037 1.00000000e+000 6.14760573e-042
  7.18461130e-048 3.75052803e-038 9.52920416e-052 5.89267924e-056
  1.25789706e-029 1.73610498e-029 5.74100549e-080 8.55717092e-023
  1.00000000e+000]
 [8.72542978e-034 3.11882193e-073 2.71658173e-044 7.16204209e-036
  1.19012012e-058 2.46888208e-061 3.48930576e-037 3.19639191e-077
  7.94050861e-024 7.18903105e-037 6.14760573e-042 1.00000000e+000
  3.61187087e-032 2.78343834e-027 4.78258885e-035 7.89619898e-061
  5.87902561e-026 8.35150826e-054 8.73081254e-055 9.10829681e-014
  1.00000000e+000]
 [3.61575214e-035 4.23943324e-079 6.48840504e-053 1.03571640e-061
  1.02497003e-103 6.91298062e-078 4.13670285e-056 2.38628122e-098
  1.02007679e-014 1.85650440e-050 7.18461130e-048 3.61187087e-032
  1.00000000e+000 1.26568623e-073 3.57111690e-050 1.95257628e-089
  2.25558785e-074 4.84635426e-049 2.62710668e-027 2.29209119e-056
  1.00000000e+000]
 [2.40555113e-026 1.97269506e-040 2.02582797e-053 3.81277705e-010
  1.38894425e-025 8.63753863e-032 2.43052065e-016 1.55228384e-056
  5.49572935e-071 2.32706353e-044 3.75052803e-038 2.78343834e-027
  1.26568623e-073 1.00000000e+000 3.69021287e-036 3.06843751e-031
  5.76893651e-004 2.41973909e-032 9.91459009e-068 8.01914977e-019
  1.00000000e+000]
 [7.18654305e-019 8.74532130e-036 1.09014362e-017 1.95102946e-021
  5.46051438e-016 6.64450374e-022 1.02786331e-012 8.56574543e-027
  8.78729035e-037 2.91392283e-040 9.52920416e-052 4.78258885e-035
  3.57111690e-050 3.69021287e-036 1.00000000e+000 8.59542726e-021
  6.10842632e-039 2.94004079e-041 4.43617238e-038 1.20844529e-038
  1.00000000e+000]
 [1.57560193e-019 1.95837278e-008 1.08361035e-039 8.33262981e-019
  2.09182246e-015 6.31837941e-033 1.28321894e-009 4.56355192e-036
  1.40435304e-089 1.85127659e-026 5.89267924e-056 7.89619898e-061
  1.95257628e-089 3.06843751e-031 8.59542726e-021 1.00000000e+000
  3.00732898e-027 2.58956541e-028 3.64618433e-054 1.20114120e-052
  1.00000000e+000]
 [1.10802908e-028 4.30374744e-036 4.22554126e-058 5.55197980e-015
  4.01312254e-030 2.93445435e-040 1.31867346e-019 1.12370082e-065
  9.55562992e-074 5.30814261e-031 1.25789706e-029 5.87902561e-026
  2.25558785e-074 5.76893651e-004 6.10842632e-039 3.00732898e-027
  1.00000000e+000 2.71571187e-029 5.78766335e-074 6.24600344e-014
  1.00000000e+000]
 [4.45552771e-017 7.77391592e-017 3.36280171e-043 6.57020768e-029
  2.26308447e-048 6.44895404e-031 1.30238140e-021 1.10131041e-052
  5.20491223e-078 1.99147172e-030 1.73610498e-029 8.35150826e-054
  4.84635426e-049 2.41973909e-032 2.94004079e-041 2.58956541e-028
  2.71571187e-029 1.00000000e+000 9.70799271e-043 9.22699884e-044
  1.00000000e+000]
 [6.71458461e-013 3.08821194e-041 1.80162734e-039 1.39554062e-040
  2.04139700e-077 9.29399315e-068 8.88416805e-030 1.08459633e-064
  1.39485801e-042 3.04149496e-043 5.74100549e-080 8.73081254e-055
  2.62710668e-027 9.91459009e-068 4.43617238e-038 3.64618433e-054
  5.78766335e-074 9.70799271e-043 1.00000000e+000 4.21988276e-088
  1.00000000e+000]
 [5.42766072e-046 1.90152839e-068 4.25908142e-055 1.33690645e-035
  3.34860368e-044 2.87036301e-044 2.59161311e-039 5.57033545e-076
  4.59191275e-049 8.15662300e-044 8.55717092e-023 9.10829681e-014
  2.29209119e-056 8.01914977e-019 1.20844529e-038 1.20114120e-052
  6.24600344e-014 9.22699884e-044 4.21988276e-088 1.00000000e+000
  1.00000000e+000]
 [1.00000000e+000 1.00000000e+000 1.00000000e+000 1.00000000e+000
  1.00000000e+000 1.00000000e+000 1.00000000e+000 1.00000000e+000
  1.00000000e+000 1.00000000e+000 1.00000000e+000 1.00000000e+000
  1.00000000e+000 1.00000000e+000 1.00000000e+000 1.00000000e+000
  1.00000000e+000 1.00000000e+000 1.00000000e+000 1.00000000e+000
  0.00000000e+000]]
