[[1.00000000e+00 4.03018134e-50 2.58050853e-75 ... 3.25257254e-73
  4.41704945e-51 1.00000000e+00]
 [4.03018134e-50 1.00000000e+00 1.65323168e-27 ... 1.09899733e-36
  1.22566796e-35 1.00000000e+00]
 [2.58050853e-75 1.65323168e-27 1.00000000e+00 ... 4.23962937e-23
  1.70107678e-75 1.00000000e+00]
 ...
 [3.25257254e-73 1.09899733e-36 4.23962937e-23 ... 1.00000000e+00
  5.50102148e-75 1.00000000e+00]
 [4.41704945e-51 1.22566796e-35 1.70107678e-75 ... 5.50102148e-75
  1.00000000e+00 1.00000000e+00]
 [1.00000000e+00 1.00000000e+00 1.00000000e+00 ... 1.00000000e+00
  1.00000000e+00 0.00000000e+00]]
