[[1.00000000e+00 3.64004481e-59 1.82451856e-40 ... 2.84377184e-51
  1.71756847e-10 1.00000000e+00]
 [3.64004481e-59 1.00000000e+00 7.31181549e-43 ... 7.33630243e-69
  7.73769692e-76 1.00000000e+00]
 [1.82451856e-40 7.31181549e-43 1.00000000e+00 ... 2.21096631e-27
  3.30087566e-60 1.00000000e+00]
 ...
 [2.84377184e-51 7.33630243e-69 2.21096631e-27 ... 1.00000000e+00
  7.25834858e-69 1.00000000e+00]
 [1.71756847e-10 7.73769692e-76 3.30087566e-60 ... 7.25834858e-69
  1.00000000e+00 1.00000000e+00]
 [1.00000000e+00 1.00000000e+00 1.00000000e+00 ... 1.00000000e+00
  1.00000000e+00 0.00000000e+00]]
