[[1.00000000e+000 2.02825734e-052 1.48524523e-040 2.79472305e-039
  9.40110783e-092 2.11297113e-025 2.00356634e-095 1.22984876e-029
  1.44781609e-047 2.55929359e-057 5.83930160e-088 3.72187795e-080
  3.32691976e-052 8.90468374e-083 2.51985570e-038 5.67248928e-078
  4.12060019e-119 1.96614151e-019 2.56010064e-049 2.86963244e-116
  1.00000000e+000]
 [2.02825734e-052 1.00000000e+000 4.73020107e-040 4.31271954e-027
  3.11626219e-031 2.02123277e-040 7.21750738e-049 4.16025196e-031
  8.51877556e-021 2.24868288e-046 1.62088795e-091 4.02802342e-056
  4.06101986e-010 1.11916714e-055 9.17459975e-027 5.64956328e-036
  2.75364683e-040 3.53331540e-043 1.22389583e-040 1.60552593e-063
  1.00000000e+000]
 [1.48524523e-040 4.73020107e-040 1.00000000e+000 1.67159720e-068
  2.32758290e-027 1.08844909e-023 7.45578186e-026 1.87028446e-055
  7.81643944e-037 2.20682750e-059 2.36190469e-103 4.89631165e-042
  4.38126795e-061 1.38032319e-089 3.15019220e-036 2.58611737e-054
  1.12192659e-071 2.30840488e-024 2.61438032e-018 4.53521492e-049
  1.00000000e+000]
 [2.79472305e-039 4.31271954e-027 1.67159720e-068 1.00000000e+000
  8.22053970e-061 1.22408634e-030 3.53378483e-071 7.15863861e-039
  1.32685834e-018 9.18886364e-019 1.53104708e-035 8.34155574e-051
  1.63674985e-019 1.13142715e-026 4.74301962e-011 4.37448819e-027
  2.91305095e-050 9.08921693e-026 4.48407642e-043 3.07593915e-080
  1.00000000e+000]
 [9.40110783e-092 3.11626219e-031 2.32758290e-027 8.22053970e-061
  1.00000000e+000 3.26955343e-042 4.24207474e-010 2.22225283e-070
  3.94405444e-028 1.02849116e-041 6.25759818e-079 4.73944407e-032
  5.93981196e-050 6.17477704e-071 8.51430141e-034 3.41096125e-021
  4.43729160e-033 1.87434896e-048 9.73910325e-026 1.15237799e-017
  1.00000000e+000]
 [2.11297113e-025 2.02123277e-040 1.08844909e-023 1.22408634e-030
  3.26955343e-042 1.00000000e+000 5.85615580e-047 1.48149893e-035
  1.33078732e-019 4.15033559e-037 3.83508011e-058 3.28541175e-040
  4.41749988e-035 1.67072147e-033 1.78974434e-014 1.00724297e-033
  4.15933125e-062 2.94309428e-007 1.15814898e-029 2.11994327e-047
  1.00000000e+000]
 [2.00356634e-095 7.21750738e-049 7.45578186e-026 3.53378483e-071
  4.24207474e-010 5.85615580e-047 1.00000000e+000 6.38481698e-102
  4.17823027e-040 2.35495122e-043 8.83987720e-076 8.09326370e-015
  4.03445107e-074 4.13964080e-079 4.92386144e-033 6.25967251e-030
  1.79215470e-028 1.26308854e-041 4.58990361e-013 1.75041269e-022
  1.00000000e+000]
 [1.22984876e-029 4.16025196e-031 1.87028446e-055 7.15863861e-039
  2.22225283e-070 1.48149893e-035 6.38481698e-102 1.00000000e+000
  1.83815360e-045 1.44737007e-059 1.11744367e-095 3.54297643e-098
  4.12064837e-021 5.09558257e-080 4.36471298e-051 1.65653527e-057
  1.77181405e-110 3.56812518e-048 2.13772542e-077 1.39265756e-089
  1.00000000e+000]
 [1.44781609e-047 8.51877556e-021 7.81643944e-037 1.32685834e-018
  3.94405444e-028 1.33078732e-019 4.17823027e-040 1.83815360e-045
  1.00000000e+000 9.92038592e-032 1.11484538e-061 7.21988976e-048
  1.95953232e-026 4.09718500e-026 2.00807952e-009 7.13751886e-028
  1.45596071e-041 2.78299599e-024 4.19595227e-027 2.96580935e-058
  1.00000000e+000]
 [2.55929359e-057 2.24868288e-046 2.20682750e-059 9.18886364e-019
  1.02849116e-041 4.15033559e-037 2.35495122e-043 1.44737007e-059
  9.92038592e-032 1.00000000e+000 1.20501219e-010 1.67771516e-025
  5.67242227e-048 1.07671419e-053 1.09015131e-015 3.75309439e-011
  2.55730015e-049 3.41027622e-026 4.69137168e-026 1.57328756e-049
  1.00000000e+000]
 [5.83930160e-088 1.62088795e-091 2.36190469e-103 1.53104708e-035
  6.25759818e-079 3.83508011e-058 8.83987720e-076 1.11744367e-095
  1.11484538e-061 1.20501219e-010 1.00000000e+000 1.24713697e-040
  1.04213979e-080 1.48314914e-061 5.91288885e-035 5.64046906e-025
  9.45661207e-073 3.26750247e-045 1.59117204e-055 5.81327444e-069
  1.00000000e+000]
 [3.72187795e-080 4.02802342e-056 4.89631165e-042 8.34155574e-051
  4.73944407e-032 3.28541175e-040 8.09326370e-015 3.54297643e-098
  7.21988976e-048 1.67771516e-025 1.24713697e-040 1.00000000e+000
  4.58962734e-067 1.17358747e-061 1.47549770e-022 3.16984716e-021
  5.83294846e-024 6.26895899e-027 4.66212659e-015 7.84782502e-027
  1.00000000e+000]
 [3.32691976e-052 4.06101986e-010 4.38126795e-061 1.63674985e-019
  5.93981196e-050 4.41749988e-035 4.03445107e-074 4.12064837e-021
  1.95953232e-026 5.67242227e-048 1.04213979e-080 4.58962734e-067
  1.00000000e+000 4.30869211e-037 6.25811184e-029 3.73667636e-034
  1.98633406e-048 9.76907735e-045 5.04284487e-063 1.96259918e-066
  1.00000000e+000]
 [8.90468374e-083 1.11916714e-055 1.38032319e-089 1.13142715e-026
  6.17477704e-071 1.67072147e-033 4.13964080e-079 5.09558257e-080
  4.09718500e-026 1.07671419e-053 1.48314914e-061 1.17358747e-061
  4.30869211e-037 1.00000000e+000 9.89364133e-023 8.18060776e-041
  2.71948579e-041 1.89327665e-042 3.95488622e-068 1.26210036e-073
  1.00000000e+000]
 [2.51985570e-038 9.17459975e-027 3.15019220e-036 4.74301962e-011
  8.51430141e-034 1.78974434e-014 4.92386144e-033 4.36471298e-051
  2.00807952e-009 1.09015131e-015 5.91288885e-035 1.47549770e-022
  6.25811184e-029 9.89364133e-023 1.00000000e+000 3.62777715e-018
  1.71927697e-030 2.07135626e-009 1.23671471e-015 5.48932265e-049
  1.00000000e+000]
 [5.67248928e-078 5.64956328e-036 2.58611737e-054 4.37448819e-027
  3.41096125e-021 1.00724297e-033 6.25967251e-030 1.65653527e-057
  7.13751886e-028 3.75309439e-011 5.64046906e-025 3.16984716e-021
  3.73667636e-034 8.18060776e-041 3.62777715e-018 1.00000000e+000
  2.49303123e-027 8.92684592e-035 1.84551237e-032 7.23673987e-020
  1.00000000e+000]
 [4.12060019e-119 2.75364683e-040 1.12192659e-071 2.91305095e-050
  4.43729160e-033 4.15933125e-062 1.79215470e-028 1.77181405e-110
  1.45596071e-041 2.55730015e-049 9.45661207e-073 5.83294846e-024
  1.98633406e-048 2.71948579e-041 1.71927697e-030 2.49303123e-027
  1.00000000e+000 3.58008887e-058 9.45013055e-042 1.53702292e-038
  1.00000000e+000]
 [1.96614151e-019 3.53331540e-043 2.30840488e-024 9.08921693e-026
  1.87434896e-048 2.94309428e-007 1.26308854e-041 3.56812518e-048
  2.78299599e-024 3.41027622e-026 3.26750247e-045 6.26895899e-027
  9.76907735e-045 1.89327665e-042 2.07135626e-009 8.92684592e-035
  3.58008887e-058 1.00000000e+000 3.99979649e-016 2.40489426e-057
  1.00000000e+000]
 [2.56010064e-049 1.22389583e-040 2.61438032e-018 4.48407642e-043
  9.73910325e-026 1.15814898e-029 4.58990361e-013 2.13772542e-077
  4.19595227e-027 4.69137168e-026 1.59117204e-055 4.66212659e-015
  5.04284487e-063 3.95488622e-068 1.23671471e-015 1.84551237e-032
  9.45013055e-042 3.99979649e-016 1.00000000e+000 1.92886613e-047
  1.00000000e+000]
 [2.86963244e-116 1.60552593e-063 4.53521492e-049 3.07593915e-080
  1.15237799e-017 2.11994327e-047 1.75041269e-022 1.39265756e-089
  2.96580935e-058 1.57328756e-049 5.81327444e-069 7.84782502e-027
  1.96259918e-066 1.26210036e-073 5.48932265e-049 7.23673987e-020
  1.53702292e-038 2.40489426e-057 1.92886613e-047 1.00000000e+000
  1.00000000e+000]
 [1.00000000e+000 1.00000000e+000 1.00000000e+000 1.00000000e+000
  1.00000000e+000 1.00000000e+000 1.00000000e+000 1.00000000e+000
  1.00000000e+000 1.00000000e+000 1.00000000e+000 1.00000000e+000
  1.00000000e+000 1.00000000e+000 1.00000000e+000 1.00000000e+000
  1.00000000e+000 1.00000000e+000 1.00000000e+000 1.00000000e+000
  0.00000000e+000]]
