[[1.00000000e+00 1.29448097e-50 2.18340420e-40 4.93482974e-44
  2.15106262e-57 1.25723812e-75 1.15200291e-31 8.08832791e-09
  2.77720482e-22 4.12983995e-20 2.80365151e-11 1.04983171e-28
  1.69032626e-50 6.39439424e-21 3.77919661e-26 1.42832372e-44
  2.68774749e-50 7.25994178e-88 1.33436949e-55 5.70941492e-43
  1.00000000e+00]
 [1.29448097e-50 1.00000000e+00 1.08778670e-28 8.37679707e-58
  7.70716918e-75 1.21632121e-71 2.98065971e-72 9.62339770e-56
  2.30814514e-71 2.14512884e-60 2.67618440e-29 1.08383204e-26
  8.15650610e-50 9.97698300e-55 1.27001517e-64 2.29856984e-58
  3.29912921e-77 2.79278322e-77 1.25144048e-54 2.55461497e-07
  1.00000000e+00]
 [2.18340420e-40 1.08778670e-28 1.00000000e+00 1.26352555e-41
  7.92772670e-35 2.98449885e-20 2.72886018e-43 3.79270855e-42
  8.92526323e-35 3.95308297e-39 4.51021623e-22 2.21177512e-19
  2.18455284e-31 5.54925421e-44 5.76909621e-59 3.85580164e-50
  1.26085950e-33 5.50458081e-43 4.62198594e-45 2.35072332e-14
  1.00000000e+00]
 [4.93482974e-44 8.37679707e-58 1.26352555e-41 1.00000000e+00
  1.75637229e-70 1.91338360e-40 2.26722198e-14 3.22716146e-28
  1.80021231e-29 1.00080826e-43 2.09358264e-40 4.54986415e-53
  9.92503965e-21 1.86563768e-25 8.58001858e-21 9.04308691e-62
  1.08473483e-15 3.55845179e-24 9.15369296e-19 7.51050360e-47
  1.00000000e+00]
 [2.15106262e-57 7.70716918e-75 7.92772670e-35 1.75637229e-70
  1.00000000e+00 1.27852685e-64 8.08419761e-60 1.71381001e-77
  2.95814829e-58 1.37820990e-35 2.38882533e-67 1.52804310e-32
  8.72830821e-28 1.68714749e-54 1.17376311e-49 6.58882742e-25
  5.29577002e-42 2.93212229e-84 2.71873900e-46 1.05659638e-38
  1.00000000e+00]
 [1.25723812e-75 1.21632121e-71 2.98449885e-20 1.91338360e-40
  1.27852685e-64 1.00000000e+00 1.32183942e-51 2.03175461e-64
  4.45141496e-31 1.69643226e-73 2.75806958e-53 1.85047355e-70
  1.20980396e-41 1.57460985e-76 2.73085853e-82 1.70989850e-77
  2.76165695e-22 1.51635755e-29 1.47888025e-65 2.94440447e-51
  1.00000000e+00]
 [1.15200291e-31 2.98065971e-72 2.72886018e-43 2.26722198e-14
  8.08419761e-60 1.32183942e-51 1.00000000e+00 1.17574217e-29
  7.21221436e-23 7.90551133e-16 1.35542109e-30 2.64203781e-51
  2.25213196e-21 2.19966436e-33 1.40427627e-15 3.39220996e-48
  9.92157485e-29 2.43328810e-25 3.05700553e-17 8.54184462e-54
  1.00000000e+00]
 [8.08832791e-09 9.62339770e-56 3.79270855e-42 3.22716146e-28
  1.71381001e-77 2.03175461e-64 1.17574217e-29 1.00000000e+00
  1.30825480e-22 7.69517908e-38 2.13119766e-15 2.04264205e-36
  3.37389622e-56 2.54999615e-13 4.37189488e-31 1.42742938e-71
  2.11139236e-39 2.91344502e-76 1.03876063e-56 1.56034118e-52
  1.00000000e+00]
 [2.77720482e-22 2.30814514e-71 8.92526323e-35 1.80021231e-29
  2.95814829e-58 4.45141496e-31 7.21221436e-23 1.30825480e-22
  1.00000000e+00 4.00269929e-32 7.05243435e-25 1.04069618e-59
  5.01661680e-36 3.01414963e-44 1.13630020e-34 1.66918218e-43
  2.87821755e-21 3.77163534e-50 4.63891541e-55 2.65836531e-54
  1.00000000e+00]
 [4.12983995e-20 2.14512884e-60 3.95308297e-39 1.00080826e-43
  1.37820990e-35 1.69643226e-73 7.90551133e-16 7.69517908e-38
  4.00269929e-32 1.00000000e+00 1.85906477e-24 5.39149308e-32
  9.34548128e-26 3.37528110e-38 1.15017382e-18 2.22401083e-24
  8.80879887e-51 5.93970302e-57 2.74004236e-26 1.99302861e-39
  1.00000000e+00]
 [2.80365151e-11 2.67618440e-29 4.51021623e-22 2.09358264e-40
  2.38882533e-67 2.75806958e-53 1.35542109e-30 2.13119766e-15
  7.05243435e-25 1.85906477e-24 1.00000000e+00 1.21091792e-25
  6.29857993e-48 7.76870284e-34 1.05095300e-41 7.00768252e-54
  3.01689710e-54 6.35671594e-61 1.07532314e-51 1.50130936e-27
  1.00000000e+00]
 [1.04983171e-28 1.08383204e-26 2.21177512e-19 4.54986415e-53
  1.52804310e-32 1.85047355e-70 2.64203781e-51 2.04264205e-36
  1.04069618e-59 5.39149308e-32 1.21091792e-25 1.00000000e+00
  5.35720517e-42 5.08195027e-22 4.15728941e-45 4.52972551e-51
  5.10167562e-56 2.58198981e-81 8.85303968e-42 5.58381736e-16
  1.00000000e+00]
 [1.69032626e-50 8.15650610e-50 2.18455284e-31 9.92503965e-21
  8.72830821e-28 1.20980396e-41 2.25213196e-21 3.37389622e-56
  5.01661680e-36 9.34548128e-26 6.29857993e-48 5.35720517e-42
  1.00000000e+00 7.04699918e-43 2.35395528e-19 7.74190155e-20
  5.78238423e-21 4.96478313e-27 1.10639693e-08 1.54318414e-26
  1.00000000e+00]
 [6.39439424e-21 9.97698300e-55 5.54925421e-44 1.86563768e-25
  1.68714749e-54 1.57460985e-76 2.19966436e-33 2.54999615e-13
  3.01414963e-44 3.37528110e-38 7.76870284e-34 5.08195027e-22
  7.04699918e-43 1.00000000e+00 9.53408832e-22 3.40602981e-65
  1.37720700e-34 9.30861354e-79 6.84667525e-37 4.85798552e-45
  1.00000000e+00]
 [3.77919661e-26 1.27001517e-64 5.76909621e-59 8.58001858e-21
  1.17376311e-49 2.73085853e-82 1.40427627e-15 4.37189488e-31
  1.13630020e-34 1.15017382e-18 1.05095300e-41 4.15728941e-45
  2.35395528e-19 9.53408832e-22 1.00000000e+00 1.61384715e-29
  2.27447735e-34 6.14967936e-59 1.26479345e-16 3.43603368e-48
  1.00000000e+00]
 [1.42832372e-44 2.29856984e-58 3.85580164e-50 9.04308691e-62
  6.58882742e-25 1.70989850e-77 3.39220996e-48 1.42742938e-71
  1.66918218e-43 2.22401083e-24 7.00768252e-54 4.52972551e-51
  7.74190155e-20 3.40602981e-65 1.61384715e-29 1.00000000e+00
  1.65184798e-52 3.07529551e-78 1.96173628e-39 7.89585916e-34
  1.00000000e+00]
 [2.68774749e-50 3.29912921e-77 1.26085950e-33 1.08473483e-15
  5.29577002e-42 2.76165695e-22 9.92157485e-29 2.11139236e-39
  2.87821755e-21 8.80879887e-51 3.01689710e-54 5.10167562e-56
  5.78238423e-21 1.37720700e-34 2.27447735e-34 1.65184798e-52
  1.00000000e+00 2.71449842e-37 2.69946815e-36 2.01919524e-52
  1.00000000e+00]
 [7.25994178e-88 2.79278322e-77 5.50458081e-43 3.55845179e-24
  2.93212229e-84 1.51635755e-29 2.43328810e-25 2.91344502e-76
  3.77163534e-50 5.93970302e-57 6.35671594e-61 2.58198981e-81
  4.96478313e-27 9.30861354e-79 6.14967936e-59 3.07529551e-78
  2.71449842e-37 1.00000000e+00 8.69259349e-28 9.34344769e-59
  1.00000000e+00]
 [1.33436949e-55 1.25144048e-54 4.62198594e-45 9.15369296e-19
  2.71873900e-46 1.47888025e-65 3.05700553e-17 1.03876063e-56
  4.63891541e-55 2.74004236e-26 1.07532314e-51 8.85303968e-42
  1.10639693e-08 6.84667525e-37 1.26479345e-16 1.96173628e-39
  2.69946815e-36 8.69259349e-28 1.00000000e+00 1.02666921e-35
  1.00000000e+00]
 [5.70941492e-43 2.55461497e-07 2.35072332e-14 7.51050360e-47
  1.05659638e-38 2.94440447e-51 8.54184462e-54 1.56034118e-52
  2.65836531e-54 1.99302861e-39 1.50130936e-27 5.58381736e-16
  1.54318414e-26 4.85798552e-45 3.43603368e-48 7.89585916e-34
  2.01919524e-52 9.34344769e-59 1.02666921e-35 1.00000000e+00
  1.00000000e+00]
 [1.00000000e+00 1.00000000e+00 1.00000000e+00 1.00000000e+00
  1.00000000e+00 1.00000000e+00 1.00000000e+00 1.00000000e+00
  1.00000000e+00 1.00000000e+00 1.00000000e+00 1.00000000e+00
  1.00000000e+00 1.00000000e+00 1.00000000e+00 1.00000000e+00
  1.00000000e+00 1.00000000e+00 1.00000000e+00 1.00000000e+00
  0.00000000e+00]]
