[[1.00000000e+00 1.31583705e-16 4.47515885e-31 ... 3.22353664e-69
  1.29916832e-47 1.00000000e+00]
 [1.31583705e-16 1.00000000e+00 8.63379754e-51 ... 1.22920429e-56
  3.64248385e-28 1.00000000e+00]
 [4.47515885e-31 8.63379754e-51 1.00000000e+00 ... 7.06139125e-53
  4.79371335e-73 1.00000000e+00]
 ...
 [3.22353664e-69 1.22920429e-56 7.06139125e-53 ... 1.00000000e+00
  5.48841926e-26 1.00000000e+00]
 [1.29916832e-47 3.64248385e-28 4.79371335e-73 ... 5.48841926e-26
  1.00000000e+00 1.00000000e+00]
 [1.00000000e+00 1.00000000e+00 1.00000000e+00 ... 1.00000000e+00
  1.00000000e+00 0.00000000e+00]]
