[[1.00000000e+000 7.83119562e-007 2.85858673e-038 2.46307975e-017
  3.77951428e-040 1.57486766e-036 1.27348453e-075 5.95241861e-054
  1.12995451e-062 6.80205132e-035 1.95437506e-057 3.26024758e-092
  8.49972979e-044 3.25059273e-073 2.98727652e-020 1.06428608e-025
  5.92239588e-065 4.45478963e-020 7.34053485e-047 2.73079064e-058
  1.00000000e+000]
 [7.83119562e-007 1.00000000e+000 3.80932563e-050 3.17404612e-025
  1.10331732e-026 1.22389468e-025 2.08418368e-058 1.40345425e-072
  1.55251189e-043 6.64307254e-025 1.27326850e-058 3.68213726e-091
  6.62956619e-024 9.09157201e-061 2.76941581e-024 4.72323341e-022
  2.22922815e-067 2.79162858e-007 5.30547851e-051 4.05242375e-053
  1.00000000e+000]
 [2.85858673e-038 3.80932563e-050 1.00000000e+000 9.53800644e-031
  1.87154252e-068 7.69454464e-045 6.39199145e-062 2.28921370e-069
  7.50772308e-056 1.46572501e-039 1.82091531e-033 4.08961197e-068
  1.55942257e-061 2.09454554e-057 2.91134141e-058 3.18862194e-021
  4.27375844e-065 5.99687654e-068 7.62408895e-036 7.57789271e-083
  1.00000000e+000]
 [2.46307975e-017 3.17404612e-025 9.53800644e-031 1.00000000e+000
  5.81444226e-041 1.27435062e-054 3.32951773e-045 7.13124336e-024
  5.82528315e-055 3.21338516e-057 1.38490247e-035 5.80984396e-042
  2.32386124e-042 2.44678656e-061 1.36419159e-016 3.06473663e-018
  1.50278435e-025 5.17248608e-032 1.62009089e-045 6.94185132e-037
  1.00000000e+000]
 [3.77951428e-040 1.10331732e-026 1.87154252e-068 5.81444226e-041
  1.00000000e+000 3.04863319e-035 1.38775665e-057 8.79295977e-096
  9.09688669e-054 1.38817235e-044 9.48536192e-054 4.75459590e-071
  5.44677643e-030 6.84656821e-046 4.20862865e-054 6.45536039e-022
  3.97379343e-077 7.58966942e-035 8.18553660e-065 1.35833379e-039
  1.00000000e+000]
 [1.57486766e-036 1.22389468e-025 7.69454464e-045 1.27435062e-054
  3.04863319e-035 1.00000000e+000 2.42307957e-058 1.43045895e-099
  5.30340066e-049 1.83963149e-015 1.26302536e-045 7.67637016e-081
  6.01119230e-017 1.10061101e-054 4.28466123e-043 4.68947609e-016
  1.94384811e-080 2.02567567e-038 6.57291608e-022 4.07620171e-049
  1.00000000e+000]
 [1.27348453e-075 2.08418368e-058 6.39199145e-062 3.32951773e-045
  1.38775665e-057 2.42307957e-058 1.00000000e+000 1.86358867e-097
  2.28838306e-041 2.17425242e-075 2.70344074e-064 5.79824917e-050
  2.74152642e-023 4.39584609e-075 7.11101263e-057 3.42520624e-028
  1.55573732e-052 2.27082613e-055 4.08485234e-077 1.55989409e-062
  1.00000000e+000]
 [5.95241861e-054 1.40345425e-072 2.28921370e-069 7.13124336e-024
  8.79295977e-096 1.43045895e-099 1.86358867e-097 1.00000000e+000
  3.26882902e-103 3.89948355e-105 1.51903187e-043 1.03580503e-037
  1.25329131e-085 5.87085407e-094 6.77337252e-028 3.23424131e-058
  8.36249325e-016 8.84085232e-074 7.54272403e-051 6.31647614e-037
  1.00000000e+000]
 [1.12995451e-062 1.55251189e-043 7.50772308e-056 5.82528315e-055
  9.09688669e-054 5.30340066e-049 2.28838306e-041 3.26882902e-103
  1.00000000e+000 2.58561805e-025 1.53324518e-036 1.17709485e-067
  1.08934020e-027 1.07787058e-017 1.25824714e-077 1.33296858e-036
  3.06556910e-058 2.10652120e-028 2.44918465e-065 6.38833969e-076
  1.00000000e+000]
 [6.80205132e-035 6.64307254e-025 1.46572501e-039 3.21338516e-057
  1.38817235e-044 1.83963149e-015 2.17425242e-075 3.89948355e-105
  2.58561805e-025 1.00000000e+000 2.70161553e-038 9.68242248e-095
  1.58421201e-030 2.22026915e-029 1.35080368e-063 1.34931579e-027
  3.41468262e-084 1.36124475e-028 1.06972457e-034 6.71977532e-074
  1.00000000e+000]
 [1.95437506e-057 1.27326850e-058 1.82091531e-033 1.38490247e-035
  9.48536192e-054 1.26302536e-045 2.70344074e-064 1.51903187e-043
  1.53324518e-036 2.70161553e-038 1.00000000e+000 3.21699067e-021
  6.14194896e-045 2.61777518e-017 1.78432723e-054 1.31531380e-024
  5.30935602e-025 6.06242482e-057 1.11997589e-019 1.19599908e-033
  1.00000000e+000]
 [3.26024758e-092 3.68213726e-091 4.08961197e-068 5.80984396e-042
  4.75459590e-071 7.67637016e-081 5.79824917e-050 1.03580503e-037
  1.17709485e-067 9.68242248e-095 3.21699067e-021 1.00000000e+000
  2.40740635e-055 7.86545683e-054 3.72193117e-056 5.38116797e-040
  4.19894123e-012 2.54295615e-085 1.26980411e-045 5.71456414e-023
  1.00000000e+000]
 [8.49972979e-044 6.62956619e-024 1.55942257e-061 2.32386124e-042
  5.44677643e-030 6.01119230e-017 2.74152642e-023 1.25329131e-085
  1.08934020e-027 1.58421201e-030 6.14194896e-045 2.40740635e-055
  1.00000000e+000 5.11098354e-048 6.58359967e-034 3.29662331e-016
  1.15260356e-050 2.64562472e-021 4.03977174e-040 4.06672925e-034
  1.00000000e+000]
 [3.25059273e-073 9.09157201e-061 2.09454554e-057 2.44678656e-061
  6.84656821e-046 1.10061101e-054 4.39584609e-075 5.87085407e-094
  1.07787058e-017 2.22026915e-029 2.61777518e-017 7.86545683e-054
  5.11098354e-048 1.00000000e+000 4.82721601e-092 2.56628164e-040
  1.91328185e-058 3.48783800e-050 1.17667015e-053 1.74580872e-062
  1.00000000e+000]
 [2.98727652e-020 2.76941581e-024 2.91134141e-058 1.36419159e-016
  4.20862865e-054 4.28466123e-043 7.11101263e-057 6.77337252e-028
  1.25824714e-077 1.35080368e-063 1.78432723e-054 3.72193117e-056
  6.58359967e-034 4.82721601e-092 1.00000000e+000 2.71033054e-027
  5.43978341e-033 5.36789161e-032 3.37808026e-036 3.23760866e-026
  1.00000000e+000]
 [1.06428608e-025 4.72323341e-022 3.18862194e-021 3.06473663e-018
  6.45536039e-022 4.68947609e-016 3.42520624e-028 3.23424131e-058
  1.33296858e-036 1.34931579e-027 1.31531380e-024 5.38116797e-040
  3.29662331e-016 2.56628164e-040 2.71033054e-027 1.00000000e+000
  1.03624541e-041 1.04011131e-032 1.35616650e-023 1.78833548e-031
  1.00000000e+000]
 [5.92239588e-065 2.22922815e-067 4.27375844e-065 1.50278435e-025
  3.97379343e-077 1.94384811e-080 1.55573732e-052 8.36249325e-016
  3.06556910e-058 3.41468262e-084 5.30935602e-025 4.19894123e-012
  1.15260356e-050 1.91328185e-058 5.43978341e-033 1.03624541e-041
  1.00000000e+000 5.39404468e-057 9.71351559e-045 1.05262749e-024
  1.00000000e+000]
 [4.45478963e-020 2.79162858e-007 5.99687654e-068 5.17248608e-032
  7.58966942e-035 2.02567567e-038 2.27082613e-055 8.84085232e-074
  2.10652120e-028 1.36124475e-028 6.06242482e-057 2.54295615e-085
  2.64562472e-021 3.48783800e-050 5.36789161e-032 1.04011131e-032
  5.39404468e-057 1.00000000e+000 7.49584250e-062 3.26962063e-053
  1.00000000e+000]
 [7.34053485e-047 5.30547851e-051 7.62408895e-036 1.62009089e-045
  8.18553660e-065 6.57291608e-022 4.08485234e-077 7.54272403e-051
  2.44918465e-065 1.06972457e-034 1.11997589e-019 1.26980411e-045
  4.03977174e-040 1.17667015e-053 3.37808026e-036 1.35616650e-023
  9.71351559e-045 7.49584250e-062 1.00000000e+000 1.61183721e-033
  1.00000000e+000]
 [2.73079064e-058 4.05242375e-053 7.57789271e-083 6.94185132e-037
  1.35833379e-039 4.07620171e-049 1.55989409e-062 6.31647614e-037
  6.38833969e-076 6.71977532e-074 1.19599908e-033 5.71456414e-023
  4.06672925e-034 1.74580872e-062 3.23760866e-026 1.78833548e-031
  1.05262749e-024 3.26962063e-053 1.61183721e-033 1.00000000e+000
  1.00000000e+000]
 [1.00000000e+000 1.00000000e+000 1.00000000e+000 1.00000000e+000
  1.00000000e+000 1.00000000e+000 1.00000000e+000 1.00000000e+000
  1.00000000e+000 1.00000000e+000 1.00000000e+000 1.00000000e+000
  1.00000000e+000 1.00000000e+000 1.00000000e+000 1.00000000e+000
  1.00000000e+000 1.00000000e+000 1.00000000e+000 1.00000000e+000
  0.00000000e+000]]
