[[1.00000000e+00 8.38779676e-29 3.13047984e-19 ... 1.88424192e-43
  2.27890029e-41 1.00000000e+00]
 [8.38779676e-29 1.00000000e+00 7.19304168e-59 ... 8.78150101e-38
  3.20241333e-44 1.00000000e+00]
 [3.13047984e-19 7.19304168e-59 1.00000000e+00 ... 4.54930355e-57
  3.14936974e-71 1.00000000e+00]
 ...
 [1.88424192e-43 8.78150101e-38 4.54930355e-57 ... 1.00000000e+00
  1.11080699e-40 1.00000000e+00]
 [2.27890029e-41 3.20241333e-44 3.14936974e-71 ... 1.11080699e-40
  1.00000000e+00 1.00000000e+00]
 [1.00000000e+00 1.00000000e+00 1.00000000e+00 ... 1.00000000e+00
  1.00000000e+00 0.00000000e+00]]
