[[1.00000000e+00 1.43217170e-94 7.14950391e-74 ... 2.28608998e-21
  1.78066775e-55 1.00000000e+00]
 [1.43217170e-94 1.00000000e+00 4.24128493e-20 ... 2.91125273e-72
  3.52651375e-33 1.00000000e+00]
 [7.14950391e-74 4.24128493e-20 1.00000000e+00 ... 1.62505301e-53
  2.02330505e-55 1.00000000e+00]
 ...
 [2.28608998e-21 2.91125273e-72 1.62505301e-53 ... 1.00000000e+00
  1.53344325e-69 1.00000000e+00]
 [1.78066775e-55 3.52651375e-33 2.02330505e-55 ... 1.53344325e-69
  1.00000000e+00 1.00000000e+00]
 [1.00000000e+00 1.00000000e+00 1.00000000e+00 ... 1.00000000e+00
  1.00000000e+00 0.00000000e+00]]
