[[1.00000000e+000 4.14664479e-025 2.14215690e-056 2.37657538e-083
  1.96923589e-051 4.22078810e-042 1.36660178e-030 1.03817146e-035
  1.18720250e-055 3.94577591e-083 4.88943563e-007 3.29798574e-021
  1.09166362e-052 3.39894321e-063 4.73706425e-069 6.48419571e-053
  7.07000470e-043 8.87911846e-045 6.16275234e-039 1.93310870e-069
  1.00000000e+000]
 [4.14664479e-025 1.00000000e+000 6.06816240e-021 1.64407024e-049
  2.52114674e-034 1.48435946e-033 2.29944420e-052 4.16091084e-038
  1.48455688e-057 2.87957456e-052 4.94835285e-033 1.21327020e-012
  2.61046643e-021 6.87007718e-045 1.79195066e-026 6.97394944e-061
  1.38245619e-015 1.05910956e-021 4.47210282e-009 1.64578878e-056
  1.00000000e+000]
 [2.14215690e-056 6.06816240e-021 1.00000000e+000 1.60582757e-052
  8.24807344e-062 2.23176647e-073 1.05708822e-047 3.31052374e-031
  3.60502072e-081 7.83618960e-033 1.43468054e-072 6.35795867e-030
  4.61154830e-015 2.27678507e-048 4.18623028e-046 1.59187840e-063
  9.57422270e-012 3.28610140e-020 1.98411068e-015 1.30571433e-049
  1.00000000e+000]
 [2.37657538e-083 1.64407024e-049 1.60582757e-052 1.00000000e+000
  3.52524515e-074 1.76325807e-051 1.43298201e-094 4.57656210e-044
  4.34671427e-056 1.95486114e-023 1.80189538e-078 2.52390561e-068
  9.20474351e-049 3.30681999e-018 4.67275702e-019 2.18959690e-049
  3.49137352e-055 7.96630189e-049 1.10868965e-052 3.70453425e-077
  1.00000000e+000]
 [1.96923589e-051 2.52114674e-034 8.24807344e-062 3.52524515e-074
  1.00000000e+000 8.35055209e-012 1.31986717e-082 3.77086958e-043
  2.55153158e-058 4.72555434e-070 1.65323419e-045 8.80582262e-028
  2.17897800e-045 6.74758512e-092 3.18407462e-046 2.47037335e-121
  1.50119549e-066 9.30825432e-063 1.20367794e-055 4.05323475e-078
  1.00000000e+000]
 [4.22078810e-042 1.48435946e-033 2.23176647e-073 1.76325807e-051
  8.35055209e-012 1.00000000e+000 4.72428262e-074 4.53272654e-038
  9.66150187e-039 6.42136651e-058 4.56457634e-027 2.29512054e-038
  5.49266817e-059 3.01506869e-059 4.42654984e-029 9.18695836e-094
  2.84223099e-064 1.60082714e-053 1.37867986e-055 4.41847061e-067
  1.00000000e+000]
 [1.36660178e-030 2.29944420e-052 1.05708822e-047 1.43298201e-094
  1.31986717e-082 4.72428262e-074 1.00000000e+000 9.48313385e-022
  1.83508213e-055 1.13649138e-050 7.80345909e-031 5.54716832e-051
  3.27417317e-063 1.16558667e-051 2.81529054e-082 9.67400747e-049
  7.85931830e-042 1.30545285e-036 8.52314473e-046 2.45533403e-024
  1.00000000e+000]
 [1.03817146e-035 4.16091084e-038 3.31052374e-031 4.57656210e-044
  3.77086958e-043 4.53272654e-038 9.48313385e-022 1.00000000e+000
  2.19741549e-050 3.53272630e-021 3.82234311e-034 2.26718464e-040
  5.03363791e-043 1.65228337e-034 2.71260401e-049 5.82961260e-056
  1.48833917e-030 3.34117761e-022 1.35082726e-044 5.07959294e-036
  1.00000000e+000]
 [1.18720250e-055 1.48455688e-057 3.60502072e-081 4.34671427e-056
  2.55153158e-058 9.66150187e-039 1.83508213e-055 2.19741549e-050
  1.00000000e+000 7.00723136e-049 5.11478688e-038 1.89701510e-047
  2.69359105e-051 3.53572465e-046 3.70419563e-035 6.79065826e-039
  1.74592338e-090 7.48368077e-082 1.20150842e-047 2.66988585e-035
  1.00000000e+000]
 [3.94577591e-083 2.87957456e-052 7.83618960e-033 1.95486114e-023
  4.72555434e-070 6.42136651e-058 1.13649138e-050 3.53272630e-021
  7.00723136e-049 1.00000000e+000 6.38910184e-075 6.33682822e-068
  1.20997649e-044 6.97565502e-018 5.69112887e-028 5.57035053e-054
  5.94964704e-040 9.16200749e-030 1.39464778e-043 2.83237517e-027
  1.00000000e+000]
 [4.88943563e-007 4.94835285e-033 1.43468054e-072 1.80189538e-078
  1.65323419e-045 4.56457634e-027 7.80345909e-031 3.82234311e-034
  5.11478688e-038 6.38910184e-075 1.00000000e+000 2.23095915e-032
  6.01448022e-066 6.18117260e-055 2.64815182e-058 6.75470263e-056
  1.39461564e-054 2.57731535e-048 2.10769635e-047 3.93681433e-056
  1.00000000e+000]
 [3.29798574e-021 1.21327020e-012 6.35795867e-030 2.52390561e-068
  8.80582262e-028 2.29512054e-038 5.54716832e-051 2.26718464e-040
  1.89701510e-047 6.33682822e-068 2.23095915e-032 1.00000000e+000
  6.51421102e-013 2.14556648e-071 9.15303196e-047 1.86126838e-060
  2.89413607e-040 7.28065357e-050 1.47654191e-017 1.19478849e-064
  1.00000000e+000]
 [1.09166362e-052 2.61046643e-021 4.61154830e-015 9.20474351e-049
  2.17897800e-045 5.49266817e-059 3.27417317e-063 5.03363791e-043
  2.69359105e-051 1.20997649e-044 6.01448022e-066 6.51421102e-013
  1.00000000e+000 8.51717105e-060 2.48467183e-037 4.69329523e-053
  7.04009033e-039 4.36985009e-050 1.76108839e-013 3.77157641e-058
  1.00000000e+000]
 [3.39894321e-063 6.87007718e-045 2.27678507e-048 3.30681999e-018
  6.74758512e-092 3.01506869e-059 1.16558667e-051 1.65228337e-034
  3.53572465e-046 6.97565502e-018 6.18117260e-055 2.14556648e-071
  8.51717105e-060 1.00000000e+000 3.92747829e-024 1.90580150e-028
  2.50743089e-037 6.99287512e-028 4.73245430e-040 6.97682204e-040
  1.00000000e+000]
 [4.73706425e-069 1.79195066e-026 4.18623028e-046 4.67275702e-019
  3.18407462e-046 4.42654984e-029 2.81529054e-082 2.71260401e-049
  3.70419563e-035 5.69112887e-028 2.64815182e-058 9.15303196e-047
  2.48467183e-037 3.92747829e-024 1.00000000e+000 1.79353043e-059
  2.85832028e-045 3.46435171e-040 3.69256714e-027 5.49610990e-048
  1.00000000e+000]
 [6.48419571e-053 6.97394944e-061 1.59187840e-063 2.18959690e-049
  2.47037335e-121 9.18695836e-094 9.67400747e-049 5.82961260e-056
  6.79065826e-039 5.57035053e-054 6.75470263e-056 1.86126838e-060
  4.69329523e-053 1.90580150e-028 1.79353043e-059 1.00000000e+000
  3.09416047e-068 1.54638968e-069 3.55411460e-043 3.35106604e-058
  1.00000000e+000]
 [7.07000470e-043 1.38245619e-015 9.57422270e-012 3.49137352e-055
  1.50119549e-066 2.84223099e-064 7.85931830e-042 1.48833917e-030
  1.74592338e-090 5.94964704e-040 1.39461564e-054 2.89413607e-040
  7.04009033e-039 2.50743089e-037 2.85832028e-045 3.09416047e-068
  1.00000000e+000 3.40619831e-004 1.97956309e-020 5.56095098e-052
  1.00000000e+000]
 [8.87911846e-045 1.05910956e-021 3.28610140e-020 7.96630189e-049
  9.30825432e-063 1.60082714e-053 1.30545285e-036 3.34117761e-022
  7.48368077e-082 9.16200749e-030 2.57731535e-048 7.28065357e-050
  4.36985009e-050 6.99287512e-028 3.46435171e-040 1.54638968e-069
  3.40619831e-004 1.00000000e+000 7.37035030e-029 3.25792872e-042
  1.00000000e+000]
 [6.16275234e-039 4.47210282e-009 1.98411068e-015 1.10868965e-052
  1.20367794e-055 1.37867986e-055 8.52314473e-046 1.35082726e-044
  1.20150842e-047 1.39464778e-043 2.10769635e-047 1.47654191e-017
  1.76108839e-013 4.73245430e-040 3.69256714e-027 3.55411460e-043
  1.97956309e-020 7.37035030e-029 1.00000000e+000 3.06502301e-038
  1.00000000e+000]
 [1.93310870e-069 1.64578878e-056 1.30571433e-049 3.70453425e-077
  4.05323475e-078 4.41847061e-067 2.45533403e-024 5.07959294e-036
  2.66988585e-035 2.83237517e-027 3.93681433e-056 1.19478849e-064
  3.77157641e-058 6.97682204e-040 5.49610990e-048 3.35106604e-058
  5.56095098e-052 3.25792872e-042 3.06502301e-038 1.00000000e+000
  1.00000000e+000]
 [1.00000000e+000 1.00000000e+000 1.00000000e+000 1.00000000e+000
  1.00000000e+000 1.00000000e+000 1.00000000e+000 1.00000000e+000
  1.00000000e+000 1.00000000e+000 1.00000000e+000 1.00000000e+000
  1.00000000e+000 1.00000000e+000 1.00000000e+000 1.00000000e+000
  1.00000000e+000 1.00000000e+000 1.00000000e+000 1.00000000e+000
  0.00000000e+000]]
