[[1.00000000e+000 1.31965594e-054 3.27526047e-051 1.70256312e-058
  7.25779765e-039 6.31265053e-031 2.15479197e-064 4.61551564e-061
  3.16778260e-028 2.93391148e-061 8.02683340e-041 2.79330813e-098
  1.00923368e-041 1.81775068e-005 3.90155850e-043 7.80514751e-070
  9.54385534e-020 8.93973569e-010 3.93342261e-090 4.29967571e-017
  2.41746964e-033 2.49977231e-012 3.89816705e-021 3.69345278e-037
  1.81451816e-047 1.38336339e-049 2.04136725e-047 2.16559802e-042
  8.00101458e-067 1.00000000e+000]
 [1.31965594e-054 1.00000000e+000 4.57604215e-036 1.47659232e-052
  1.47866401e-041 9.20618939e-030 5.18396195e-026 4.05866667e-035
  6.18136210e-044 1.91958828e-023 2.92491726e-058 1.15303577e-060
  4.34696503e-041 2.58920999e-048 9.52315880e-058 1.16988916e-034
  9.76782511e-072 1.42046916e-049 6.49348254e-034 5.40755968e-036
  4.13983600e-030 1.65455692e-038 1.07610672e-047 7.41761393e-019
  1.49278859e-011 4.34416557e-019 1.86534760e-019 1.37183845e-009
  7.49273674e-047 1.00000000e+000]
 [3.27526047e-051 4.57604215e-036 1.00000000e+000 4.11779351e-083
  4.91482280e-031 7.50129490e-018 1.77226248e-009 2.56097546e-020
  9.40902908e-040 3.55379764e-005 2.55629240e-040 2.55998676e-047
  1.16059158e-037 2.79507862e-047 1.06661634e-021 4.15604994e-049
  9.49420804e-029 8.73334527e-030 5.42796545e-054 7.37441857e-057
  1.03170193e-052 6.76050754e-036 3.05946754e-041 4.76748109e-021
  4.52892701e-043 1.51559554e-055 3.60487788e-058 1.67844106e-040
  1.29431066e-014 1.00000000e+000]
 [1.70256312e-058 1.47659232e-052 4.11779351e-083 1.00000000e+000
  1.18127891e-043 1.66724242e-058 1.28244847e-083 3.42954906e-041
  7.51092317e-059 8.03069729e-088 7.31856148e-082 7.99874157e-110
  1.66789733e-051 6.31311880e-045 4.61649416e-123 9.39516358e-025
  1.64384727e-076 2.38675444e-078 1.38870693e-048 6.93096158e-043
  1.97143632e-073 2.49597048e-063 1.48096154e-039 4.00466332e-059
  2.08555671e-040 2.82062334e-020 2.85865262e-011 2.06798248e-028
  1.70675305e-092 1.00000000e+000]
 [7.25779765e-039 1.47866401e-041 4.91482280e-031 1.18127891e-043
  1.00000000e+000 1.77520295e-022 6.40256684e-056 7.19570167e-023
  1.22112696e-005 5.23671817e-037 2.91331915e-049 9.38273866e-045
  9.55129261e-031 1.46228582e-031 4.21093518e-045 7.16798541e-018
  1.00007182e-030 2.31770643e-027 1.56722768e-051 4.58391178e-048
  8.02335187e-049 4.83296417e-027 8.63580217e-026 3.65142193e-045
  1.95687858e-043 4.68137661e-032 2.74547984e-036 8.54566865e-033
  1.95387098e-033 1.00000000e+000]
 [6.31265053e-031 9.20618939e-030 7.50129490e-018 1.66724242e-058
  1.77520295e-022 1.00000000e+000 8.59106477e-027 3.33411876e-026
  6.54233010e-024 4.20743055e-016 1.25131249e-068 4.94691904e-082
  8.98787627e-038 5.58109557e-018 6.67005031e-043 3.43902107e-034
  1.19255113e-038 1.03863942e-027 1.97198547e-059 1.39256743e-042
  1.07963149e-045 1.21324698e-033 6.84433525e-047 3.70384685e-030
  2.50467933e-038 4.10434709e-025 4.23658632e-033 8.05733366e-039
  5.03833841e-021 1.00000000e+000]
 [2.15479197e-064 5.18396195e-026 1.77226248e-009 1.28244847e-083
  6.40256684e-056 8.59106477e-027 1.00000000e+000 1.30357867e-025
  5.96545763e-067 3.63930359e-007 2.11937762e-052 8.44629829e-069
  4.04783559e-051 3.21577007e-059 1.27437078e-041 2.29693494e-060
  8.85375542e-053 3.69878673e-049 1.10513081e-052 1.41550164e-058
  5.43586822e-058 4.64818462e-049 1.24335034e-055 2.90753354e-013
  1.22358459e-036 1.08993044e-051 1.00715942e-051 4.65890504e-035
  1.93389517e-030 1.00000000e+000]
 [4.61551564e-061 4.05866667e-035 2.56097546e-020 3.42954906e-041
  7.19570167e-023 3.33411876e-026 1.30357867e-025 1.00000000e+000
  4.38079798e-041 5.57118376e-024 4.60573445e-056 4.74209650e-067
  4.42955261e-055 7.90747652e-051 9.60668897e-066 1.35014997e-028
  2.42853356e-045 2.73515694e-049 6.91462616e-055 2.33545274e-067
  1.56197872e-079 1.77068864e-041 3.71229539e-038 9.18224484e-023
  4.32788838e-048 4.57876430e-029 6.95553853e-032 1.90679745e-027
  5.78155180e-044 1.00000000e+000]
 [3.16778260e-028 6.18136210e-044 9.40902908e-040 7.51092317e-059
  1.22112696e-005 6.54233010e-024 5.96545763e-067 4.38079798e-041
  1.00000000e+000 5.91996042e-044 1.01831699e-050 6.42163570e-052
  2.81129085e-034 4.97623977e-025 2.70878992e-038 2.71871114e-032
  1.75600761e-030 3.20112185e-018 6.54245574e-067 2.11898834e-042
  1.32903352e-038 6.63220692e-020 1.51637312e-028 4.70666035e-050
  7.77284597e-047 8.61934275e-039 5.76546762e-045 7.02763118e-039
  2.09494251e-040 1.00000000e+000]
 [2.93391148e-061 1.91958828e-023 3.55379764e-005 8.03069729e-088
  5.23671817e-037 4.20743055e-016 3.63930359e-007 5.57118376e-024
  5.91996042e-044 1.00000000e+000 8.52464106e-057 9.68119559e-054
  1.14243949e-044 1.30179276e-053 6.97102769e-031 2.37667791e-047
  3.86589671e-049 2.71312611e-040 2.75403051e-051 1.01217949e-061
  1.98470194e-051 1.25468528e-043 2.00526303e-056 2.60861321e-021
  6.90536405e-038 1.58494437e-046 1.76568839e-052 1.13777948e-037
  5.03491076e-016 1.00000000e+000]
 [8.02683340e-041 2.92491726e-058 2.55629240e-040 7.31856148e-082
  2.91331915e-049 1.25131249e-068 2.11937762e-052 4.60573445e-056
  1.01831699e-050 8.52464106e-057 1.00000000e+000 3.51235764e-036
  2.73463323e-038 1.56977121e-058 3.99543496e-025 5.77178044e-080
  4.13184194e-019 3.43452897e-024 4.67297150e-068 1.89915535e-036
  1.78847877e-039 1.21987758e-020 3.49426887e-011 4.54894970e-031
  6.22870698e-046 6.24040138e-088 3.77622855e-075 2.13086453e-035
  1.06538194e-067 1.00000000e+000]
 [2.79330813e-098 1.15303577e-060 2.55998676e-047 7.99874157e-110
  9.38273866e-045 4.94691904e-082 8.44629829e-069 4.74209650e-067
  6.42163570e-052 9.68119559e-054 3.51235764e-036 1.00000000e+000
  7.23164982e-037 4.11400118e-105 3.91513807e-036 1.63396459e-058
  1.36294390e-061 2.32740710e-062 2.00294328e-043 7.92870757e-076
  3.14063858e-050 5.05343719e-062 9.62012632e-049 1.13948932e-069
  3.21064777e-051 2.78192626e-100 3.86182153e-093 8.50596739e-053
  1.70215134e-046 1.00000000e+000]
 [1.00923368e-041 4.34696503e-041 1.16059158e-037 1.66789733e-051
  9.55129261e-031 8.98787627e-038 4.04783559e-051 4.42955261e-055
  2.81129085e-034 1.14243949e-044 2.73463323e-038 7.23164982e-037
  1.00000000e+000 1.11569582e-037 4.43904738e-036 1.07387026e-028
  1.01949189e-037 3.35657314e-038 5.43448387e-018 1.03714779e-018
  1.09121725e-015 9.21658938e-045 2.66794297e-027 7.49196092e-052
  2.22856481e-016 1.73730070e-051 2.23620501e-041 2.23844140e-033
  2.89052822e-024 1.00000000e+000]
 [1.81775068e-005 2.58920999e-048 2.79507862e-047 6.31311880e-045
  1.46228582e-031 5.58109557e-018 3.21577007e-059 7.90747652e-051
  4.97623977e-025 1.30179276e-053 1.56977121e-058 4.11400118e-105
  1.11569582e-037 1.00000000e+000 9.48928818e-054 5.40101368e-051
  2.43077306e-028 2.91505945e-018 6.60632464e-078 9.07227067e-020
  2.63374503e-037 3.84090217e-022 1.68505448e-029 3.88618620e-040
  1.08445655e-042 1.13295676e-032 1.95770900e-033 2.70529527e-041
  1.97323096e-054 1.00000000e+000]
 [3.90155850e-043 9.52315880e-058 1.06661634e-021 4.61649416e-123
  4.21093518e-045 6.67005031e-043 1.27437078e-041 9.60668897e-066
  2.70878992e-038 6.97102769e-031 3.99543496e-025 3.91513807e-036
  4.43904738e-036 9.48928818e-054 1.00000000e+000 5.79332749e-084
  5.29861519e-022 9.49651024e-017 8.56109825e-077 1.09068179e-049
  2.78404807e-033 1.81901299e-028 8.37212670e-039 3.04811973e-042
  3.51727292e-054 1.57830129e-095 1.37098979e-094 3.37750406e-059
  2.41965924e-030 1.00000000e+000]
 [7.80514751e-070 1.16988916e-034 4.15604994e-049 9.39516358e-025
  7.16798541e-018 3.43902107e-034 2.29693494e-060 1.35014997e-028
  2.71871114e-032 2.37667791e-047 5.77178044e-080 1.63396459e-058
  1.07387026e-028 5.40101368e-051 5.79332749e-084 1.00000000e+000
  3.99696046e-071 3.12457769e-068 1.44477993e-021 2.62552592e-052
  2.51269331e-055 2.52182294e-063 8.97161920e-048 1.72087702e-059
  3.06611073e-029 2.76220837e-019 1.30995307e-018 2.65066629e-029
  1.16926239e-038 1.00000000e+000]
 [9.54385534e-020 9.76782511e-072 9.49420804e-029 1.64384727e-076
  1.00007182e-030 1.19255113e-038 8.85375542e-053 2.42853356e-045
  1.75600761e-030 3.86589671e-049 4.13184194e-019 1.36294390e-061
  1.01949189e-037 2.43077306e-028 5.29861519e-022 3.99696046e-071
  1.00000000e+000 5.51117973e-009 5.93647060e-086 2.69722444e-039
  2.38254597e-050 2.27568610e-016 4.28463947e-014 6.13160644e-038
  4.63139060e-062 2.51302939e-077 3.58921860e-073 1.19285515e-052
  1.43812873e-048 1.00000000e+000]
 [8.93973569e-010 1.42046916e-049 8.73334527e-030 2.38675444e-078
  2.31770643e-027 1.03863942e-027 3.69878673e-049 2.73515694e-049
  3.20112185e-018 2.71312611e-040 3.43452897e-024 2.32740710e-062
  3.35657314e-038 2.91505945e-018 9.49651024e-017 3.12457769e-068
  5.51117973e-009 1.00000000e+000 1.90472691e-085 2.76370317e-029
  4.54845032e-032 2.85671894e-005 6.90522798e-018 1.48056146e-029
  2.84325902e-049 2.02616683e-060 3.26195450e-061 2.42333368e-041
  1.63223847e-047 1.00000000e+000]
 [3.93342261e-090 6.49348254e-034 5.42796545e-054 1.38870693e-048
  1.56722768e-051 1.97198547e-059 1.10513081e-052 6.91462616e-055
  6.54245574e-067 2.75403051e-051 4.67297150e-068 2.00294328e-043
  5.43448387e-018 6.60632464e-078 8.56109825e-077 1.44477993e-021
  5.93647060e-086 1.90472691e-085 1.00000000e+000 1.16841849e-044
  8.59718443e-039 4.85599677e-082 5.84478667e-056 1.02660910e-061
  4.47251573e-014 1.82725338e-047 1.96056112e-035 8.96954604e-031
  2.18321233e-039 1.00000000e+000]
 [4.29967571e-017 5.40755968e-036 7.37441857e-057 6.93096158e-043
  4.58391178e-048 1.39256743e-042 1.41550164e-058 2.33545274e-067
  2.11898834e-042 1.01217949e-061 1.89915535e-036 7.92870757e-076
  1.03714779e-018 9.07227067e-020 1.09068179e-049 2.62552592e-052
  2.69722444e-039 2.76370317e-029 1.16841849e-044 1.00000000e+000
  4.58057388e-011 6.61776242e-028 4.23157352e-021 8.42474459e-038
  9.80150192e-016 1.79276613e-042 6.03578641e-031 1.85542449e-024
  1.70407824e-060 1.00000000e+000]
 [2.41746964e-033 4.13983600e-030 1.03170193e-052 1.97143632e-073
  8.02335187e-049 1.07963149e-045 5.43586822e-058 1.56197872e-079
  1.32903352e-038 1.98470194e-051 1.78847877e-039 3.14063858e-050
  1.09121725e-015 2.63374503e-037 2.78404807e-033 2.51269331e-055
  2.38254597e-050 4.54845032e-032 8.59718443e-039 4.58057388e-011
  1.00000000e+000 4.22614515e-034 6.12951003e-035 3.13444830e-046
  6.25349896e-014 1.85645931e-055 2.27861567e-047 1.59527455e-030
  3.74588961e-046 1.00000000e+000]
 [2.49977231e-012 1.65455692e-038 6.76050754e-036 2.49597048e-063
  4.83296417e-027 1.21324698e-033 4.64818462e-049 1.77068864e-041
  6.63220692e-020 1.25468528e-043 1.21987758e-020 5.05343719e-062
  9.21658938e-045 3.84090217e-022 1.81901299e-028 2.52182294e-063
  2.27568610e-016 2.85671894e-005 4.85599677e-082 6.61776242e-028
  4.22614515e-034 1.00000000e+000 1.42602625e-012 2.48681473e-020
  4.81009898e-043 2.30870635e-048 5.06913422e-048 1.78594791e-026
  2.31997678e-062 1.00000000e+000]
 [3.89816705e-021 1.07610672e-047 3.05946754e-041 1.48096154e-039
  8.63580217e-026 6.84433525e-047 1.24335034e-055 3.71229539e-038
  1.51637312e-028 2.00526303e-056 3.49426887e-011 9.62012632e-049
  2.66794297e-027 1.68505448e-029 8.37212670e-039 8.97161920e-048
  4.28463947e-014 6.90522798e-018 5.84478667e-056 4.23157352e-021
  6.12951003e-035 1.42602625e-012 1.00000000e+000 5.91596059e-029
  7.58444652e-035 3.04739353e-051 2.72335666e-041 3.58282667e-022
  5.98833107e-062 1.00000000e+000]
 [3.69345278e-037 7.41761393e-019 4.76748109e-021 4.00466332e-059
  3.65142193e-045 3.70384685e-030 2.90753354e-013 9.18224484e-023
  4.70666035e-050 2.60861321e-021 4.54894970e-031 1.13948932e-069
  7.49196092e-052 3.88618620e-040 3.04811973e-042 1.72087702e-059
  6.13160644e-038 1.48056146e-029 1.02660910e-061 8.42474459e-038
  3.13444830e-046 2.48681473e-020 5.91596059e-029 1.00000000e+000
  2.20442021e-030 1.87654613e-037 2.02964115e-035 1.30427474e-015
  1.03044017e-054 1.00000000e+000]
 [1.81451816e-047 1.49278859e-011 4.52892701e-043 2.08555671e-040
  1.95687858e-043 2.50467933e-038 1.22358459e-036 4.32788838e-048
  7.77284597e-047 6.90536405e-038 6.22870698e-046 3.21064777e-051
  2.22856481e-016 1.08445655e-042 3.51727292e-054 3.06611073e-029
  4.63139060e-062 2.84325902e-049 4.47251573e-014 9.80150192e-016
  6.25349896e-014 4.81009898e-043 7.58444652e-035 2.20442021e-030
  1.00000000e+000 6.36834029e-028 6.71648959e-019 8.01666587e-011
  2.91289555e-042 1.00000000e+000]
 [1.38336339e-049 4.34416557e-019 1.51559554e-055 2.82062334e-020
  4.68137661e-032 4.10434709e-025 1.08993044e-051 4.57876430e-029
  8.61934275e-039 1.58494437e-046 6.24040138e-088 2.78192626e-100
  1.73730070e-051 1.13295676e-032 1.57830129e-095 2.76220837e-019
  2.51302939e-077 2.02616683e-060 1.82725338e-047 1.79276613e-042
  1.85645931e-055 2.30870635e-048 3.04739353e-051 1.87654613e-037
  6.36834029e-028 1.00000000e+000 6.26867722e-004 2.80143933e-019
  1.43397168e-062 1.00000000e+000]
 [2.04136725e-047 1.86534760e-019 3.60487788e-058 2.85865262e-011
  2.74547984e-036 4.23658632e-033 1.00715942e-051 6.95553853e-032
  5.76546762e-045 1.76568839e-052 3.77622855e-075 3.86182153e-093
  2.23620501e-041 1.95770900e-033 1.37098979e-094 1.30995307e-018
  3.58921860e-073 3.26195450e-061 1.96056112e-035 6.03578641e-031
  2.27861567e-047 5.06913422e-048 2.72335666e-041 2.02964115e-035
  6.71648959e-019 6.26867722e-004 1.00000000e+000 4.79235864e-013
  1.72007502e-065 1.00000000e+000]
 [2.16559802e-042 1.37183845e-009 1.67844106e-040 2.06798248e-028
  8.54566865e-033 8.05733366e-039 4.65890504e-035 1.90679745e-027
  7.02763118e-039 1.13777948e-037 2.13086453e-035 8.50596739e-053
  2.23844140e-033 2.70529527e-041 3.37750406e-059 2.65066629e-029
  1.19285515e-052 2.42333368e-041 8.96954604e-031 1.85542449e-024
  1.59527455e-030 1.78594791e-026 3.58282667e-022 1.30427474e-015
  8.01666587e-011 2.80143933e-019 4.79235864e-013 1.00000000e+000
  7.62599340e-059 1.00000000e+000]
 [8.00101458e-067 7.49273674e-047 1.29431066e-014 1.70675305e-092
  1.95387098e-033 5.03833841e-021 1.93389517e-030 5.78155180e-044
  2.09494251e-040 5.03491076e-016 1.06538194e-067 1.70215134e-046
  2.89052822e-024 1.97323096e-054 2.41965924e-030 1.16926239e-038
  1.43812873e-048 1.63223847e-047 2.18321233e-039 1.70407824e-060
  3.74588961e-046 2.31997678e-062 5.98833107e-062 1.03044017e-054
  2.91289555e-042 1.43397168e-062 1.72007502e-065 7.62599340e-059
  1.00000000e+000 1.00000000e+000]
 [1.00000000e+000 1.00000000e+000 1.00000000e+000 1.00000000e+000
  1.00000000e+000 1.00000000e+000 1.00000000e+000 1.00000000e+000
  1.00000000e+000 1.00000000e+000 1.00000000e+000 1.00000000e+000
  1.00000000e+000 1.00000000e+000 1.00000000e+000 1.00000000e+000
  1.00000000e+000 1.00000000e+000 1.00000000e+000 1.00000000e+000
  1.00000000e+000 1.00000000e+000 1.00000000e+000 1.00000000e+000
  1.00000000e+000 1.00000000e+000 1.00000000e+000 1.00000000e+000
  1.00000000e+000 0.00000000e+000]]
