[[1.00000000e+000 3.45173745e-036 1.56790941e-032 6.42786809e-033
  9.12781938e-035 5.94350457e-007 4.90973466e-035 3.63463722e-024
  8.19140400e-022 7.29789867e-042 3.08738633e-044 1.57053220e-065
  3.53923276e-053 4.49883725e-051 1.81764012e-045 4.06643647e-033
  5.74762735e-028 6.74934119e-023 3.00356518e-027 9.65959240e-066
  1.00000000e+000]
 [3.45173745e-036 1.00000000e+000 2.15710088e-031 2.85580692e-024
  7.63178527e-036 5.52268336e-049 2.98296227e-064 2.27371066e-049
  7.95820523e-056 5.30113387e-081 6.18572863e-028 3.80564000e-075
  8.23135637e-057 3.62366548e-084 9.23305547e-025 8.76291178e-039
  8.30409520e-079 3.00172545e-038 8.43600389e-031 9.29409154e-033
  1.00000000e+000]
 [1.56790941e-032 2.15710088e-031 1.00000000e+000 1.11911252e-044
  2.09359435e-020 2.36733885e-046 2.24655162e-074 1.91190928e-020
  2.68172641e-054 2.46947734e-082 5.14120157e-052 7.35180896e-130
  2.07001225e-083 1.99302666e-054 1.32014692e-042 3.21890181e-056
  3.15335136e-077 4.00139250e-044 1.31082207e-041 8.88500515e-073
  1.00000000e+000]
 [6.42786809e-033 2.85580692e-024 1.11911252e-044 1.00000000e+000
  5.25920589e-054 4.21411054e-046 3.75031188e-039 1.50446511e-026
  3.75044340e-040 3.08334167e-023 1.35386606e-063 5.32975424e-033
  8.22843964e-030 6.53731722e-055 5.21428421e-009 5.19619121e-067
  1.06635790e-051 3.31478773e-017 1.58565268e-047 1.56768189e-035
  1.00000000e+000]
 [9.12781938e-035 7.63178527e-036 2.09359435e-020 5.25920589e-054
  1.00000000e+000 3.68400193e-058 9.42308681e-042 2.05912313e-034
  1.19026781e-060 1.93682269e-082 8.18048532e-028 2.66724740e-112
  3.65447629e-049 6.06805302e-028 2.51236672e-043 2.52855994e-023
  4.59156190e-066 5.27591800e-033 2.89143726e-017 2.53095692e-051
  1.00000000e+000]
 [5.94350457e-007 5.52268336e-049 2.36733885e-046 4.21411054e-046
  3.68400193e-058 1.00000000e+000 1.19185242e-063 2.48249892e-038
  2.35305507e-039 5.44685989e-059 9.12257738e-071 9.81823734e-085
  7.93045979e-085 1.15861502e-081 5.37740881e-057 1.42152840e-059
  5.20440705e-052 8.32560192e-032 8.99592590e-056 1.02346255e-102
  1.00000000e+000]
 [4.90973466e-035 2.98296227e-064 2.24655162e-074 3.75031188e-039
  9.42308681e-042 1.19185242e-063 1.00000000e+000 8.65281348e-048
  2.06998306e-044 9.75032252e-028 3.89674482e-055 5.67132387e-040
  2.56805135e-009 5.64596589e-023 9.35690324e-051 1.37614062e-034
  1.26974177e-024 9.95375212e-029 5.73110225e-023 2.35820086e-036
  1.00000000e+000]
 [3.63463722e-024 2.27371066e-049 1.91190928e-020 1.50446511e-026
  2.05912313e-034 2.48249892e-038 8.65281348e-048 1.00000000e+000
  4.61311283e-025 1.04269263e-030 2.92198121e-063 1.07118897e-076
  7.95051194e-052 3.75468660e-028 8.49118795e-032 1.42365422e-064
  1.81192616e-038 8.28389950e-023 3.18291680e-047 2.21003476e-066
  1.00000000e+000]
 [8.19140400e-022 7.95820523e-056 2.68172641e-054 3.75044340e-040
  1.19026781e-060 2.35305507e-039 2.06998306e-044 4.61311283e-025
  1.00000000e+000 4.46613958e-035 2.66324889e-044 6.62524784e-049
  2.24805828e-051 6.80674982e-058 1.20651913e-065 3.08766920e-045
  2.39829349e-009 1.39973714e-047 9.76735871e-037 1.62095216e-052
  1.00000000e+000]
 [7.29789867e-042 5.30113387e-081 2.46947734e-082 3.08334167e-023
  1.93682269e-082 5.44685989e-059 9.75032252e-028 1.04269263e-030
  4.46613958e-035 1.00000000e+000 2.81388630e-101 2.64054413e-026
  1.22965567e-028 9.70056803e-041 1.41859894e-042 4.34232562e-090
  5.94810246e-028 5.65176603e-028 4.35170736e-068 7.65304637e-065
  1.00000000e+000]
 [3.08738633e-044 6.18572863e-028 5.14120157e-052 1.35386606e-063
  8.18048532e-028 9.12257738e-071 3.89674482e-055 2.92198121e-063
  2.66324889e-044 2.81388630e-101 1.00000000e+000 3.32308339e-087
  2.37423554e-053 3.05870899e-071 7.84893233e-067 4.40336378e-008
  1.22187011e-055 8.67386432e-061 1.34041070e-011 1.21394817e-028
  1.00000000e+000]
 [1.57053220e-065 3.80564000e-075 7.35180896e-130 5.32975424e-033
  2.66724740e-112 9.81823734e-085 5.67132387e-040 1.07118897e-076
  6.62524784e-049 2.64054413e-026 3.32308339e-087 1.00000000e+000
  5.77661730e-026 4.46659858e-086 2.23481685e-055 1.43003533e-084
  1.09384071e-042 1.03904307e-048 5.88840342e-072 2.90690603e-045
  1.00000000e+000]
 [3.53923276e-053 8.23135637e-057 2.07001225e-083 8.22843964e-030
  3.65447629e-049 7.93045979e-085 2.56805135e-009 7.95051194e-052
  2.24805828e-051 1.22965567e-028 2.37423554e-053 5.77661730e-026
  1.00000000e+000 7.94394709e-029 6.31117827e-036 6.51071096e-045
  6.62697326e-038 5.12896669e-028 1.49875879e-031 7.46786422e-021
  1.00000000e+000]
 [4.49883725e-051 3.62366548e-084 1.99302666e-054 6.53731722e-055
  6.06805302e-028 1.15861502e-081 5.64596589e-023 3.75468660e-028
  6.80674982e-058 9.70056803e-041 3.05870899e-071 4.46659858e-086
  7.94394709e-029 1.00000000e+000 2.55579835e-051 2.23310736e-057
  9.50176554e-046 1.97291536e-030 1.25159162e-041 1.38138654e-063
  1.00000000e+000]
 [1.81764012e-045 9.23305547e-025 1.32014692e-042 5.21428421e-009
  2.51236672e-043 5.37740881e-057 9.35690324e-051 8.49118795e-032
  1.20651913e-065 1.41859894e-042 7.84893233e-067 2.23481685e-055
  6.31117827e-036 2.55579835e-051 1.00000000e+000 3.79404255e-073
  2.51827486e-080 4.35382201e-012 9.60339323e-056 1.76345600e-046
  1.00000000e+000]
 [4.06643647e-033 8.76291178e-039 3.21890181e-056 5.19619121e-067
  2.52855994e-023 1.42152840e-059 1.37614062e-034 1.42365422e-064
  3.08766920e-045 4.34232562e-090 4.40336378e-008 1.43003533e-084
  6.51071096e-045 2.23310736e-057 3.79404255e-073 1.00000000e+000
  1.99441835e-043 3.65152570e-054 2.41381705e-004 1.38522731e-035
  1.00000000e+000]
 [5.74762735e-028 8.30409520e-079 3.15335136e-077 1.06635790e-051
  4.59156190e-066 5.20440705e-052 1.26974177e-024 1.81192616e-038
  2.39829349e-009 5.94810246e-028 1.22187011e-055 1.09384071e-042
  6.62697326e-038 9.50176554e-046 2.51827486e-080 1.99441835e-043
  1.00000000e+000 4.79869720e-051 1.25672239e-034 2.55077027e-054
  1.00000000e+000]
 [6.74934119e-023 3.00172545e-038 4.00139250e-044 3.31478773e-017
  5.27591800e-033 8.32560192e-032 9.95375212e-029 8.28389950e-023
  1.39973714e-047 5.65176603e-028 8.67386432e-061 1.03904307e-048
  5.12896669e-028 1.97291536e-030 4.35382201e-012 3.65152570e-054
  4.79869720e-051 1.00000000e+000 8.44402812e-043 1.53549567e-057
  1.00000000e+000]
 [3.00356518e-027 8.43600389e-031 1.31082207e-041 1.58565268e-047
  2.89143726e-017 8.99592590e-056 5.73110225e-023 3.18291680e-047
  9.76735871e-037 4.35170736e-068 1.34041070e-011 5.88840342e-072
  1.49875879e-031 1.25159162e-041 9.60339323e-056 2.41381705e-004
  1.25672239e-034 8.44402812e-043 1.00000000e+000 1.33470599e-023
  1.00000000e+000]
 [9.65959240e-066 9.29409154e-033 8.88500515e-073 1.56768189e-035
  2.53095692e-051 1.02346255e-102 2.35820086e-036 2.21003476e-066
  1.62095216e-052 7.65304637e-065 1.21394817e-028 2.90690603e-045
  7.46786422e-021 1.38138654e-063 1.76345600e-046 1.38522731e-035
  2.55077027e-054 1.53549567e-057 1.33470599e-023 1.00000000e+000
  1.00000000e+000]
 [1.00000000e+000 1.00000000e+000 1.00000000e+000 1.00000000e+000
  1.00000000e+000 1.00000000e+000 1.00000000e+000 1.00000000e+000
  1.00000000e+000 1.00000000e+000 1.00000000e+000 1.00000000e+000
  1.00000000e+000 1.00000000e+000 1.00000000e+000 1.00000000e+000
  1.00000000e+000 1.00000000e+000 1.00000000e+000 1.00000000e+000
  0.00000000e+000]]
