[[1.00000000e+000 1.53577371e-049 1.31625072e-048 1.42766631e-027
  1.69141795e-021 1.21648142e-052 1.98983256e-016 1.76017027e-031
  1.85355063e-019 1.44401771e-037 4.70092510e-060 1.22115161e-076
  6.58427252e-051 5.37922076e-041 9.47499270e-040 7.07701763e-026
  8.15375338e-051 1.42866814e-031 2.69771059e-047 3.73863070e-011
  1.00000000e+000]
 [1.53577371e-049 1.00000000e+000 7.43197869e-069 6.58442210e-104
  5.24004951e-027 5.25990429e-061 6.01494546e-021 4.15502437e-111
  5.10858447e-059 1.23726203e-061 9.52968070e-040 1.77098262e-070
  1.35073617e-069 9.46471038e-095 4.49437199e-055 5.55813780e-018
  5.40406808e-041 1.57314532e-078 1.53043020e-047 4.53644260e-026
  1.00000000e+000]
 [1.31625072e-048 7.43197869e-069 1.00000000e+000 6.35304831e-093
  4.36330890e-035 3.41474206e-031 1.10331095e-055 5.77728092e-052
  1.39215551e-061 7.90466524e-061 1.69186456e-053 1.07790221e-064
  1.68418864e-043 4.52217442e-042 4.77458231e-036 4.77173834e-036
  2.98264567e-050 4.37341660e-066 6.18023886e-073 6.33422002e-054
  1.00000000e+000]
 [1.42766631e-027 6.58442210e-104 6.35304831e-093 1.00000000e+000
  5.13409722e-067 4.35828488e-063 2.08472798e-039 1.45590123e-026
  2.60293114e-016 4.96617140e-034 1.97575401e-084 2.81093511e-068
  2.24377482e-065 4.79375336e-029 1.47403282e-084 2.00688132e-069
  2.03203913e-062 1.97871603e-023 9.06037149e-049 3.15290453e-030
  1.00000000e+000]
 [1.69141795e-021 5.24004951e-027 4.36330890e-035 5.13409722e-067
  1.00000000e+000 6.57471100e-039 6.69912666e-023 1.78000345e-044
  8.55086588e-038 9.29216196e-049 1.49095838e-040 5.05999903e-052
  4.32547482e-033 4.48418984e-043 7.98506485e-022 1.73076927e-010
  7.16184165e-026 3.23747615e-033 2.46454325e-029 1.13314762e-014
  1.00000000e+000]
 [1.21648142e-052 5.25990429e-061 3.41474206e-031 4.35828488e-063
  6.57471100e-039 1.00000000e+000 5.72685214e-050 2.77863135e-057
  2.14850823e-032 1.56270057e-016 8.20281723e-024 3.93989729e-017
  3.40066745e-019 2.24543962e-029 4.90951316e-029 1.63940485e-047
  2.36442368e-042 1.96166204e-049 6.10320000e-036 4.52580346e-034
  1.00000000e+000]
 [1.98983256e-016 6.01494546e-021 1.10331095e-055 2.08472798e-039
  6.69912666e-023 5.72685214e-050 1.00000000e+000 6.28920564e-054
  2.08723940e-018 1.42071506e-033 1.59051758e-036 2.36847249e-053
  5.66613647e-048 8.38528033e-050 8.17273373e-048 2.52354048e-010
  2.17799904e-026 9.95916891e-037 1.44732265e-035 1.09257800e-006
  1.00000000e+000]
 [1.76017027e-031 4.15502437e-111 5.77728092e-052 1.45590123e-026
  1.78000345e-044 2.77863135e-057 6.28920564e-054 1.00000000e+000
  1.15216220e-039 1.77313980e-061 3.40890245e-095 7.56543697e-070
  2.99014166e-056 3.09000172e-009 9.81432183e-070 8.92702973e-058
  1.24342562e-043 3.18203151e-011 4.69828154e-045 9.51931088e-043
  1.00000000e+000]
 [1.85355063e-019 5.10858447e-059 1.39215551e-061 2.60293114e-016
  8.55086588e-038 2.14850823e-032 2.08723940e-018 1.15216220e-039
  1.00000000e+000 1.40166488e-008 1.02468231e-029 1.42814460e-033
  1.12527972e-024 4.87353248e-033 3.64814036e-036 6.74804085e-034
  1.81001112e-044 3.94928307e-032 6.90935854e-041 5.17751208e-011
  1.00000000e+000]
 [1.44401771e-037 1.23726203e-061 7.90466524e-061 4.96617140e-034
  9.29216196e-049 1.56270057e-016 1.42071506e-033 1.77313980e-061
  1.40166488e-008 1.00000000e+000 4.96952249e-020 1.74263539e-023
  1.71778855e-021 5.00962577e-041 9.93643250e-034 4.04884577e-048
  6.26157079e-056 1.31108193e-050 7.21837997e-045 8.13123423e-021
  1.00000000e+000]
 [4.70092510e-060 9.52968070e-040 1.69186456e-053 1.97575401e-084
  1.49095838e-040 8.20281723e-024 1.59051758e-036 3.40890245e-095
  1.02468231e-029 4.96952249e-020 1.00000000e+000 2.19484677e-019
  3.02493164e-014 4.60568466e-069 4.22109636e-021 3.70028107e-030
  1.04890463e-048 2.20289051e-078 4.38338238e-059 1.70000742e-031
  1.00000000e+000]
 [1.22115161e-076 1.77098262e-070 1.07790221e-064 2.81093511e-068
  5.05999903e-052 3.93989729e-017 2.36847249e-053 7.56543697e-070
  1.42814460e-033 1.74263539e-023 2.19484677e-019 1.00000000e+000
  8.77718230e-016 8.00863814e-038 1.88205426e-044 3.75210087e-051
  3.68934912e-032 1.63844379e-049 2.52870358e-034 5.73678192e-041
  1.00000000e+000]
 [6.58427252e-051 1.35073617e-069 1.68418864e-043 2.24377482e-065
  4.32547482e-033 3.40066745e-019 5.66613647e-048 2.99014166e-056
  1.12527972e-024 1.71778855e-021 3.02493164e-014 8.77718230e-016
  1.00000000e+000 2.01577868e-040 7.50031127e-012 1.00381433e-036
  4.72740353e-046 9.74704726e-053 2.00632088e-052 4.28678772e-033
  1.00000000e+000]
 [5.37922076e-041 9.46471038e-095 4.52217442e-042 4.79375336e-029
  4.48418984e-043 2.24543962e-029 8.38528033e-050 3.09000172e-009
  4.87353248e-033 5.00962577e-041 4.60568466e-069 8.00863814e-038
  2.01577868e-040 1.00000000e+000 6.97983451e-062 5.56462236e-054
  1.29678235e-028 1.40433581e-010 1.62410546e-027 1.48499336e-037
  1.00000000e+000]
 [9.47499270e-040 4.49437199e-055 4.77458231e-036 1.47403282e-084
  7.98506485e-022 4.90951316e-029 8.17273373e-048 9.81432183e-070
  3.64814036e-036 9.93643250e-034 4.22109636e-021 1.88205426e-044
  7.50031127e-012 6.97983451e-062 1.00000000e+000 1.20310866e-030
  2.28921854e-063 3.48442247e-070 4.05798369e-067 2.49205983e-032
  1.00000000e+000]
 [7.07701763e-026 5.55813780e-018 4.77173834e-036 2.00688132e-069
  1.73076927e-010 1.63940485e-047 2.52354048e-010 8.92702973e-058
  6.74804085e-034 4.04884577e-048 3.70028107e-030 3.75210087e-051
  1.00381433e-036 5.56462236e-054 1.20310866e-030 1.00000000e+000
  1.43480013e-021 2.04803935e-045 1.62646148e-042 9.55057980e-016
  1.00000000e+000]
 [8.15375338e-051 5.40406808e-041 2.98264567e-050 2.03203913e-062
  7.16184165e-026 2.36442368e-042 2.17799904e-026 1.24342562e-043
  1.81001112e-044 6.26157079e-056 1.04890463e-048 3.68934912e-032
  4.72740353e-046 1.29678235e-028 2.28921854e-063 1.43480013e-021
  1.00000000e+000 6.54158870e-022 9.63056942e-016 4.13277765e-028
  1.00000000e+000]
 [1.42866814e-031 1.57314532e-078 4.37341660e-066 1.97871603e-023
  3.23747615e-033 1.96166204e-049 9.95916891e-037 3.18203151e-011
  3.94928307e-032 1.31108193e-050 2.20289051e-078 1.63844379e-049
  9.74704726e-053 1.40433581e-010 3.48442247e-070 2.04803935e-045
  6.54158870e-022 1.00000000e+000 2.31656741e-015 1.01603439e-025
  1.00000000e+000]
 [2.69771059e-047 1.53043020e-047 6.18023886e-073 9.06037149e-049
  2.46454325e-029 6.10320000e-036 1.44732265e-035 4.69828154e-045
  6.90935854e-041 7.21837997e-045 4.38338238e-059 2.52870358e-034
  2.00632088e-052 1.62410546e-027 4.05798369e-067 1.62646148e-042
  9.63056942e-016 2.31656741e-015 1.00000000e+000 1.35173838e-022
  1.00000000e+000]
 [3.73863070e-011 4.53644260e-026 6.33422002e-054 3.15290453e-030
  1.13314762e-014 4.52580346e-034 1.09257800e-006 9.51931088e-043
  5.17751208e-011 8.13123423e-021 1.70000742e-031 5.73678192e-041
  4.28678772e-033 1.48499336e-037 2.49205983e-032 9.55057980e-016
  4.13277765e-028 1.01603439e-025 1.35173838e-022 1.00000000e+000
  1.00000000e+000]
 [1.00000000e+000 1.00000000e+000 1.00000000e+000 1.00000000e+000
  1.00000000e+000 1.00000000e+000 1.00000000e+000 1.00000000e+000
  1.00000000e+000 1.00000000e+000 1.00000000e+000 1.00000000e+000
  1.00000000e+000 1.00000000e+000 1.00000000e+000 1.00000000e+000
  1.00000000e+000 1.00000000e+000 1.00000000e+000 1.00000000e+000
  0.00000000e+000]]
