[[1.00000000e+00 7.81345586e-63 1.02187063e-63 ... 1.15833056e-26
  3.49156055e-43 1.00000000e+00]
 [7.81345586e-63 1.00000000e+00 1.03285888e-60 ... 3.56920633e-15
  1.02491299e-33 1.00000000e+00]
 [1.02187063e-63 1.03285888e-60 1.00000000e+00 ... 1.84722431e-58
  4.06367834e-44 1.00000000e+00]
 ...
 [1.15833056e-26 3.56920633e-15 1.84722431e-58 ... 1.00000000e+00
  1.72178541e-17 1.00000000e+00]
 [3.49156055e-43 1.02491299e-33 4.06367834e-44 ... 1.72178541e-17
  1.00000000e+00 1.00000000e+00]
 [1.00000000e+00 1.00000000e+00 1.00000000e+00 ... 1.00000000e+00
  1.00000000e+00 0.00000000e+00]]
