[[1.00000000e+00 7.10449659e-45 7.01595017e-63 ... 1.13891123e-37
  6.69986309e-37 1.00000000e+00]
 [7.10449659e-45 1.00000000e+00 1.69192057e-51 ... 6.55711365e-79
  8.29777664e-78 1.00000000e+00]
 [7.01595017e-63 1.69192057e-51 1.00000000e+00 ... 3.49116918e-58
  1.71874660e-35 1.00000000e+00]
 ...
 [1.13891123e-37 6.55711365e-79 3.49116918e-58 ... 1.00000000e+00
  7.72668686e-24 1.00000000e+00]
 [6.69986309e-37 8.29777664e-78 1.71874660e-35 ... 7.72668686e-24
  1.00000000e+00 1.00000000e+00]
 [1.00000000e+00 1.00000000e+00 1.00000000e+00 ... 1.00000000e+00
  1.00000000e+00 0.00000000e+00]]
