[[1.00000000e+00 6.19534284e-75 6.11285874e-34 ... 1.66784264e-63
  3.35287081e-20 1.00000000e+00]
 [6.19534284e-75 1.00000000e+00 4.63206573e-47 ... 3.42313161e-12
  4.76231613e-46 1.00000000e+00]
 [6.11285874e-34 4.63206573e-47 1.00000000e+00 ... 1.87631630e-37
  5.71962703e-28 1.00000000e+00]
 ...
 [1.66784264e-63 3.42313161e-12 1.87631630e-37 ... 1.00000000e+00
  8.15309342e-33 1.00000000e+00]
 [3.35287081e-20 4.76231613e-46 5.71962703e-28 ... 8.15309342e-33
  1.00000000e+00 1.00000000e+00]
 [1.00000000e+00 1.00000000e+00 1.00000000e+00 ... 1.00000000e+00
  1.00000000e+00 0.00000000e+00]]
