[[1.00000000e+000 1.89909854e-040 3.65164716e-014 1.05135582e-048
  7.57391552e-037 9.90886274e-031 1.88706469e-022 2.72446996e-019
  1.25609647e-029 2.06255012e-023 9.18760199e-039 8.43977341e-032
  1.14088369e-041 1.21228136e-009 4.79967977e-024 3.83544006e-027
  9.14601343e-040 3.25066720e-048 7.80989588e-032 1.84812311e-047
  1.00000000e+000]
 [1.89909854e-040 1.00000000e+000 1.48869745e-063 1.71032217e-062
  3.17534157e-091 1.91527693e-038 2.10515457e-063 9.27489763e-056
  4.16733209e-068 2.00161992e-069 7.26212191e-114 4.54337986e-038
  1.46865495e-070 1.10910527e-053 1.05389176e-064 4.48722442e-076
  2.30483543e-072 9.69093214e-062 2.13439727e-072 1.07494259e-069
  1.00000000e+000]
 [3.65164716e-014 1.48869745e-063 1.00000000e+000 2.04494171e-078
  1.52516604e-040 4.16086030e-065 7.77409267e-009 3.29042413e-045
  3.08311425e-058 8.73992277e-048 8.54397037e-050 2.40362412e-057
  3.25244251e-053 8.03132343e-040 4.66463380e-029 2.52506858e-056
  6.20466108e-050 1.91018754e-073 4.37365963e-069 1.57513754e-072
  1.00000000e+000]
 [1.05135582e-048 1.71032217e-062 2.04494171e-078 1.00000000e+000
  1.43828156e-026 2.34405604e-034 8.90392077e-091 7.88632478e-036
  1.66533833e-036 6.45517912e-042 1.31215806e-029 5.25062370e-040
  6.98866316e-041 1.49279588e-057 6.14761227e-096 9.96556002e-045
  1.94089703e-096 3.80776337e-053 8.65088514e-065 6.37909719e-056
  1.00000000e+000]
 [7.57391552e-037 3.17534157e-091 1.52516604e-040 1.43828156e-026
  1.00000000e+000 1.41169119e-055 8.30770994e-043 9.41553298e-028
  1.63698760e-023 7.02634813e-055 2.29502837e-007 1.40002490e-038
  3.16341470e-044 2.68073263e-056 5.04500132e-053 3.36092028e-027
  4.65195853e-063 5.03959682e-055 7.43608036e-079 1.15075820e-043
  1.00000000e+000]
 [9.90886274e-031 1.91527693e-038 4.16086030e-065 2.34405604e-034
  1.41169119e-055 1.00000000e+000 4.66566730e-065 7.63372331e-047
  2.83473894e-036 8.75442432e-044 3.49095424e-064 8.48812102e-034
  2.22294551e-018 1.01862011e-032 2.57952790e-057 1.19437638e-033
  2.58911820e-037 1.83450433e-018 1.29311495e-014 2.21238875e-032
  1.00000000e+000]
 [1.88706469e-022 2.10515457e-063 7.77409267e-009 8.90392077e-091
  8.30770994e-043 4.66566730e-065 1.00000000e+000 4.72314196e-046
  3.67730894e-048 4.54087830e-075 3.17229445e-062 1.83724157e-045
  1.47254901e-060 7.55754030e-049 5.67716814e-012 2.52948146e-046
  1.67818972e-027 7.76149419e-062 9.64240987e-079 3.02724539e-053
  1.00000000e+000]
 [2.72446996e-019 9.27489763e-056 3.29042413e-045 7.88632478e-036
  9.41553298e-028 7.63372331e-047 4.72314196e-046 1.00000000e+000
  9.63487265e-009 1.41313595e-048 9.32866197e-029 6.41932268e-014
  3.19563332e-075 1.42330648e-025 7.26463045e-036 1.14307505e-013
  3.70015737e-062 3.60410059e-066 5.99870740e-062 7.88595633e-034
  1.00000000e+000]
 [1.25609647e-029 4.16733209e-068 3.08311425e-058 1.66533833e-036
  1.63698760e-023 2.83473894e-036 3.67730894e-048 9.63487265e-009
  1.00000000e+000 6.69659743e-064 1.46044467e-029 3.10360257e-011
  2.83056652e-062 5.43038371e-034 2.17644472e-031 6.76488863e-003
  4.61308826e-041 2.44890982e-044 1.51367909e-055 1.78768227e-015
  1.00000000e+000]
 [2.06255012e-023 2.00161992e-069 8.73992277e-048 6.45517912e-042
  7.02634813e-055 8.75442432e-044 4.54087830e-075 1.41313595e-048
  6.69659743e-064 1.00000000e+000 1.22956464e-044 1.10973904e-079
  9.06883722e-044 5.62555736e-018 1.41833075e-078 1.20779382e-058
  6.96493352e-090 8.23671136e-059 2.33332484e-039 8.71611202e-103
  1.00000000e+000]
 [9.18760199e-039 7.26212191e-114 8.54397037e-050 1.31215806e-029
  2.29502837e-007 3.49095424e-064 3.17229445e-062 9.32866197e-029
  1.46044467e-029 1.22956464e-044 1.00000000e+000 2.32323134e-053
  6.77528100e-054 1.14449338e-051 2.71141034e-070 7.71138490e-031
  7.35974678e-085 7.41874227e-074 1.46201955e-072 9.11475606e-059
  1.00000000e+000]
 [8.43977341e-032 4.54337986e-038 2.40362412e-057 5.25062370e-040
  1.40002490e-038 8.48812102e-034 1.83724157e-045 6.41932268e-014
  3.10360257e-011 1.10973904e-079 2.32323134e-053 1.00000000e+000
  4.49985118e-067 6.92232578e-047 3.70985618e-036 3.29381417e-019
  3.51333337e-046 8.94489535e-055 4.77027745e-063 1.41442432e-011
  1.00000000e+000]
 [1.14088369e-041 1.46865495e-070 3.25244251e-053 6.98866316e-041
  3.16341470e-044 2.22294551e-018 1.47254901e-060 3.19563332e-075
  2.83056652e-062 9.06883722e-044 6.77528100e-054 4.49985118e-067
  1.00000000e+000 2.82255675e-055 6.14920834e-074 4.25593212e-057
  3.46174349e-047 3.43000833e-024 1.75127664e-030 3.03670883e-058
  1.00000000e+000]
 [1.21228136e-009 1.10910527e-053 8.03132343e-040 1.49279588e-057
  2.68073263e-056 1.01862011e-032 7.55754030e-049 1.42330648e-025
  5.43038371e-034 5.62555736e-018 1.14449338e-051 6.92232578e-047
  2.82255675e-055 1.00000000e+000 2.80842899e-034 4.44145576e-027
  2.38249085e-048 3.26427027e-045 3.58574628e-027 9.61483247e-064
  1.00000000e+000]
 [4.79967977e-024 1.05389176e-064 4.66463380e-029 6.14761227e-096
  5.04500132e-053 2.57952790e-057 5.67716814e-012 7.26463045e-036
  2.17644472e-031 1.41833075e-078 2.71141034e-070 3.70985618e-036
  6.14920834e-074 2.80842899e-034 1.00000000e+000 1.58292700e-026
  7.81833867e-015 8.70655528e-049 7.81939042e-069 1.78750919e-041
  1.00000000e+000]
 [3.83544006e-027 4.48722442e-076 2.52506858e-056 9.96556002e-045
  3.36092028e-027 1.19437638e-033 2.52948146e-046 1.14307505e-013
  6.76488863e-003 1.20779382e-058 7.71138490e-031 3.29381417e-019
  4.25593212e-057 4.44145576e-027 1.58292700e-026 1.00000000e+000
  3.21115116e-032 1.17466383e-037 3.47275237e-045 1.60837618e-018
  1.00000000e+000]
 [9.14601343e-040 2.30483543e-072 6.20466108e-050 1.94089703e-096
  4.65195853e-063 2.58911820e-037 1.67818972e-027 3.70015737e-062
  4.61308826e-041 6.96493352e-090 7.35974678e-085 3.51333337e-046
  3.46174349e-047 2.38249085e-048 7.81833867e-015 3.21115116e-032
  1.00000000e+000 2.69329271e-024 2.53520229e-050 4.47851156e-033
  1.00000000e+000]
 [3.25066720e-048 9.69093214e-062 1.91018754e-073 3.80776337e-053
  5.03959682e-055 1.83450433e-018 7.76149419e-062 3.60410059e-066
  2.44890982e-044 8.23671136e-059 7.41874227e-074 8.94489535e-055
  3.43000833e-024 3.26427027e-045 8.70655528e-049 1.17466383e-037
  2.69329271e-024 1.00000000e+000 3.53257296e-043 1.94140999e-049
  1.00000000e+000]
 [7.80989588e-032 2.13439727e-072 4.37365963e-069 8.65088514e-065
  7.43608036e-079 1.29311495e-014 9.64240987e-079 5.99870740e-062
  1.51367909e-055 2.33332484e-039 1.46201955e-072 4.77027745e-063
  1.75127664e-030 3.58574628e-027 7.81939042e-069 3.47275237e-045
  2.53520229e-050 3.53257296e-043 1.00000000e+000 2.29435384e-055
  1.00000000e+000]
 [1.84812311e-047 1.07494259e-069 1.57513754e-072 6.37909719e-056
  1.15075820e-043 2.21238875e-032 3.02724539e-053 7.88595633e-034
  1.78768227e-015 8.71611202e-103 9.11475606e-059 1.41442432e-011
  3.03670883e-058 9.61483247e-064 1.78750919e-041 1.60837618e-018
  4.47851156e-033 1.94140999e-049 2.29435384e-055 1.00000000e+000
  1.00000000e+000]
 [1.00000000e+000 1.00000000e+000 1.00000000e+000 1.00000000e+000
  1.00000000e+000 1.00000000e+000 1.00000000e+000 1.00000000e+000
  1.00000000e+000 1.00000000e+000 1.00000000e+000 1.00000000e+000
  1.00000000e+000 1.00000000e+000 1.00000000e+000 1.00000000e+000
  1.00000000e+000 1.00000000e+000 1.00000000e+000 1.00000000e+000
  0.00000000e+000]]
