[[1.00000000e+00 1.23819615e-58 4.76809620e-47 ... 1.29570902e-49
  2.33030877e-27 1.00000000e+00]
 [1.23819615e-58 1.00000000e+00 3.82222414e-46 ... 9.73204595e-43
  1.34426182e-20 1.00000000e+00]
 [4.76809620e-47 3.82222414e-46 1.00000000e+00 ... 3.55748236e-14
  2.34914344e-52 1.00000000e+00]
 ...
 [1.29570902e-49 9.73204595e-43 3.55748236e-14 ... 1.00000000e+00
  9.54795350e-34 1.00000000e+00]
 [2.33030877e-27 1.34426182e-20 2.34914344e-52 ... 9.54795350e-34
  1.00000000e+00 1.00000000e+00]
 [1.00000000e+00 1.00000000e+00 1.00000000e+00 ... 1.00000000e+00
  1.00000000e+00 0.00000000e+00]]
