[[1.00000000e+00 1.60087546e-32 1.73116066e-33 ... 3.47457087e-19
  3.29436254e-59 1.00000000e+00]
 [1.60087546e-32 1.00000000e+00 2.68817955e-30 ... 1.46463223e-33
  5.67288235e-49 1.00000000e+00]
 [1.73116066e-33 2.68817955e-30 1.00000000e+00 ... 3.94190712e-31
  8.40523388e-58 1.00000000e+00]
 ...
 [3.47457087e-19 1.46463223e-33 3.94190712e-31 ... 1.00000000e+00
  1.41868784e-46 1.00000000e+00]
 [3.29436254e-59 5.67288235e-49 8.40523388e-58 ... 1.41868784e-46
  1.00000000e+00 1.00000000e+00]
 [1.00000000e+00 1.00000000e+00 1.00000000e+00 ... 1.00000000e+00
  1.00000000e+00 0.00000000e+00]]
