[[1.00000000e+00 2.48833223e-34 2.52610221e-39 ... 3.72875311e-22
  2.99785556e-33 1.00000000e+00]
 [2.48833223e-34 1.00000000e+00 2.00036506e-34 ... 3.94737177e-23
  1.21577037e-11 1.00000000e+00]
 [2.52610221e-39 2.00036506e-34 1.00000000e+00 ... 1.27084114e-33
  7.94427757e-21 1.00000000e+00]
 ...
 [3.72875311e-22 3.94737177e-23 1.27084114e-33 ... 1.00000000e+00
  4.82003088e-19 1.00000000e+00]
 [2.99785556e-33 1.21577037e-11 7.94427757e-21 ... 4.82003088e-19
  1.00000000e+00 1.00000000e+00]
 [1.00000000e+00 1.00000000e+00 1.00000000e+00 ... 1.00000000e+00
  1.00000000e+00 0.00000000e+00]]
