[[1.00000000e+000 5.47877585e-034 4.17530268e-061 1.42051089e-021
  1.04607657e-030 2.69767715e-027 1.37374467e-068 2.46382390e-024
  1.77689474e-058 4.06697067e-029 1.75307697e-054 8.62304596e-043
  1.39909882e-031 7.65906928e-041 3.50754895e-049 6.57714722e-024
  1.74984698e-022 1.34640935e-054 1.36853372e-052 2.07446273e-020
  1.00000000e+000]
 [5.47877585e-034 1.00000000e+000 8.85108060e-054 1.43829467e-028
  2.47313192e-061 2.87978653e-021 2.47769048e-031 3.92124370e-028
  2.35900114e-044 4.57358113e-045 2.53813113e-016 1.25757375e-038
  1.83469822e-046 3.17566380e-045 1.42736796e-035 8.44841337e-014
  5.64880413e-047 4.22218453e-043 2.96263151e-076 5.64291352e-041
  1.00000000e+000]
 [4.17530268e-061 8.85108060e-054 1.00000000e+000 3.56566288e-036
  4.82039423e-062 2.46828813e-021 1.91074147e-056 6.74632879e-081
  6.66599369e-072 3.96423212e-047 8.76767338e-042 6.96125153e-059
  6.60952015e-060 2.45587403e-060 1.94443175e-052 5.57387138e-058
  2.20514512e-050 5.71104284e-128 1.54909526e-047 2.17293650e-075
  1.00000000e+000]
 [1.42051089e-021 1.43829467e-028 3.56566288e-036 1.00000000e+000
  4.49020470e-053 3.37728152e-009 4.54293292e-033 9.10807249e-040
  1.46920691e-052 6.30650387e-007 1.27248525e-054 3.42651714e-011
  1.21069399e-040 4.94613308e-026 4.01984135e-035 6.58828055e-039
  1.56844641e-042 4.19159781e-065 1.12787493e-034 2.36052843e-038
  1.00000000e+000]
 [1.04607657e-030 2.47313192e-061 4.82039423e-062 4.49020470e-053
  1.00000000e+000 1.93658221e-056 3.57178023e-082 2.75226268e-024
  6.34867075e-058 3.13049161e-080 1.48288985e-070 1.22534352e-078
  1.76169813e-037 1.30141319e-051 4.98861120e-030 3.69850800e-064
  4.89593937e-003 1.21518029e-060 1.19578295e-065 3.35665992e-034
  1.00000000e+000]
 [2.69767715e-027 2.87978653e-021 2.46828813e-021 3.37728152e-009
  1.93658221e-056 1.00000000e+000 9.67222385e-023 1.30794335e-039
  2.64552378e-035 8.20879217e-013 4.80214555e-027 1.72376573e-015
  2.38848944e-026 5.12757198e-048 4.38809208e-032 5.06827937e-028
  4.23530987e-040 1.01201273e-063 1.11316490e-027 3.65191762e-033
  1.00000000e+000]
 [1.37374467e-068 2.47769048e-031 1.91074147e-056 4.54293292e-033
  3.57178023e-082 9.67222385e-023 1.00000000e+000 2.06339613e-039
  2.76064773e-016 3.14328014e-041 5.28883415e-038 1.19059938e-015
  4.06307437e-035 3.47844414e-069 2.16593753e-018 3.86340010e-057
  1.23557591e-064 1.55763081e-047 3.46401232e-057 3.62110411e-041
  1.00000000e+000]
 [2.46382390e-024 3.92124370e-028 6.74632879e-081 9.10807249e-040
  2.75226268e-024 1.30794335e-039 2.06339613e-039 1.00000000e+000
  1.15612106e-021 3.02641239e-058 3.68731025e-044 3.06902653e-042
  5.69539309e-019 2.40638405e-053 6.45547264e-016 8.78247868e-037
  4.28537099e-017 9.76900695e-015 2.56240922e-067 1.47737555e-009
  1.00000000e+000]
 [1.77689474e-058 2.35900114e-044 6.66599369e-072 1.46920691e-052
  6.34867075e-058 2.64552378e-035 2.76064773e-016 1.15612106e-021
  1.00000000e+000 3.12177182e-060 2.22111804e-037 1.52885038e-034
  7.70231075e-012 1.22320768e-091 1.48663163e-015 4.60382358e-056
  1.29018116e-041 3.74436180e-032 5.44660583e-058 8.05548440e-017
  1.00000000e+000]
 [4.06697067e-029 4.57358113e-045 3.96423212e-047 6.30650387e-007
  3.13049161e-080 8.20879217e-013 3.14328014e-041 3.02641239e-058
  3.12177182e-060 1.00000000e+000 1.14466151e-066 3.07390643e-011
  6.19233796e-046 5.26889725e-046 2.01412312e-056 1.63467075e-045
  1.72763601e-064 1.24034306e-085 2.42258805e-038 2.71268741e-043
  1.00000000e+000]
 [1.75307697e-054 2.53813113e-016 8.76767338e-042 1.27248525e-054
  1.48288985e-070 4.80214555e-027 5.28883415e-038 3.68731025e-044
  2.22111804e-037 1.14466151e-066 1.00000000e+000 1.92372590e-062
  5.37884801e-042 1.61375544e-080 3.72290600e-044 1.14782337e-017
  2.53243621e-051 1.77439971e-069 1.42392385e-083 1.00435982e-045
  1.00000000e+000]
 [8.62304596e-043 1.25757375e-038 6.96125153e-059 3.42651714e-011
  1.22534352e-078 1.72376573e-015 1.19059938e-015 3.06902653e-042
  1.52885038e-034 3.07390643e-011 1.92372590e-062 1.00000000e+000
  1.97161261e-035 1.63417476e-052 1.96307024e-032 3.01531124e-056
  6.66371883e-063 1.15324165e-053 2.78652504e-037 2.93309966e-036
  1.00000000e+000]
 [1.39909882e-031 1.83469822e-046 6.60952015e-060 1.21069399e-040
  1.76169813e-037 2.38848944e-026 4.06307437e-035 5.69539309e-019
  7.70231075e-012 6.19233796e-046 5.37884801e-042 1.97161261e-035
  1.00000000e+000 2.12792884e-088 2.21676025e-024 1.08405038e-048
  7.56406035e-023 1.70451049e-033 1.72911216e-030 5.07376146e-009
  1.00000000e+000]
 [7.65906928e-041 3.17566380e-045 2.45587403e-060 4.94613308e-026
  1.30141319e-051 5.12757198e-048 3.47844414e-069 2.40638405e-053
  1.22320768e-091 5.26889725e-046 1.61375544e-080 1.63417476e-052
  2.12792884e-088 1.00000000e+000 1.31465743e-048 3.48667159e-052
  3.34982744e-052 1.59971029e-099 2.38349502e-103 6.55422308e-066
  1.00000000e+000]
 [3.50754895e-049 1.42736796e-035 1.94443175e-052 4.01984135e-035
  4.98861120e-030 4.38809208e-032 2.16593753e-018 6.45547264e-016
  1.48663163e-015 2.01412312e-056 3.72290600e-044 1.96307024e-032
  2.21676025e-024 1.31465743e-048 1.00000000e+000 2.85965051e-058
  1.76357103e-023 5.09896052e-034 1.52148053e-054 3.16928029e-026
  1.00000000e+000]
 [6.57714722e-024 8.44841337e-014 5.57387138e-058 6.58828055e-039
  3.69850800e-064 5.06827937e-028 3.86340010e-057 8.78247868e-037
  4.60382358e-056 1.63467075e-045 1.14782337e-017 3.01531124e-056
  1.08405038e-048 3.48667159e-052 2.85965051e-058 1.00000000e+000
  3.52909491e-048 1.26690054e-069 4.56811429e-093 1.23411972e-034
  1.00000000e+000]
 [1.74984698e-022 5.64880413e-047 2.20514512e-050 1.56844641e-042
  4.89593937e-003 4.23530987e-040 1.23557591e-064 4.28537099e-017
  1.29018116e-041 1.72763601e-064 2.53243621e-051 6.66371883e-063
  7.56406035e-023 3.34982744e-052 1.76357103e-023 3.52909491e-048
  1.00000000e+000 1.04706133e-049 1.71461270e-051 2.34171763e-022
  1.00000000e+000]
 [1.34640935e-054 4.22218453e-043 5.71104284e-128 4.19159781e-065
  1.21518029e-060 1.01201273e-063 1.55763081e-047 9.76900695e-015
  3.74436180e-032 1.24034306e-085 1.77439971e-069 1.15324165e-053
  1.70451049e-033 1.59971029e-099 5.09896052e-034 1.26690054e-069
  1.04706133e-049 1.00000000e+000 2.38738410e-078 2.18342862e-031
  1.00000000e+000]
 [1.36853372e-052 2.96263151e-076 1.54909526e-047 1.12787493e-034
  1.19578295e-065 1.11316490e-027 3.46401232e-057 2.56240922e-067
  5.44660583e-058 2.42258805e-038 1.42392385e-083 2.78652504e-037
  1.72911216e-030 2.38349502e-103 1.52148053e-054 4.56811429e-093
  1.71461270e-051 2.38738410e-078 1.00000000e+000 5.98702968e-057
  1.00000000e+000]
 [2.07446273e-020 5.64291352e-041 2.17293650e-075 2.36052843e-038
  3.35665992e-034 3.65191762e-033 3.62110411e-041 1.47737555e-009
  8.05548440e-017 2.71268741e-043 1.00435982e-045 2.93309966e-036
  5.07376146e-009 6.55422308e-066 3.16928029e-026 1.23411972e-034
  2.34171763e-022 2.18342862e-031 5.98702968e-057 1.00000000e+000
  1.00000000e+000]
 [1.00000000e+000 1.00000000e+000 1.00000000e+000 1.00000000e+000
  1.00000000e+000 1.00000000e+000 1.00000000e+000 1.00000000e+000
  1.00000000e+000 1.00000000e+000 1.00000000e+000 1.00000000e+000
  1.00000000e+000 1.00000000e+000 1.00000000e+000 1.00000000e+000
  1.00000000e+000 1.00000000e+000 1.00000000e+000 1.00000000e+000
  0.00000000e+000]]
