[[1.00000000e+000 3.65694001e-065 3.77326231e-107 ... 6.29816063e-080
  4.57673617e-065 1.00000000e+000]
 [3.65694001e-065 1.00000000e+000 1.12115614e-049 ... 6.08395666e-032
  1.15621692e-059 1.00000000e+000]
 [3.77326231e-107 1.12115614e-049 1.00000000e+000 ... 6.55485771e-064
  8.43481658e-055 1.00000000e+000]
 ...
 [6.29816063e-080 6.08395666e-032 6.55485771e-064 ... 1.00000000e+000
  5.12629099e-057 1.00000000e+000]
 [4.57673617e-065 1.15621692e-059 8.43481658e-055 ... 5.12629099e-057
  1.00000000e+000 1.00000000e+000]
 [1.00000000e+000 1.00000000e+000 1.00000000e+000 ... 1.00000000e+000
  1.00000000e+000 0.00000000e+000]]
