[[1.00000000e+00 1.35893196e-27 4.71836979e-76 ... 5.17163626e-66
  4.59613092e-11 1.00000000e+00]
 [1.35893196e-27 1.00000000e+00 1.36874641e-86 ... 7.28774187e-39
  1.22687923e-43 1.00000000e+00]
 [4.71836979e-76 1.36874641e-86 1.00000000e+00 ... 9.29720900e-75
  3.90520743e-63 1.00000000e+00]
 ...
 [5.17163626e-66 7.28774187e-39 9.29720900e-75 ... 1.00000000e+00
  1.40450155e-57 1.00000000e+00]
 [4.59613092e-11 1.22687923e-43 3.90520743e-63 ... 1.40450155e-57
  1.00000000e+00 1.00000000e+00]
 [1.00000000e+00 1.00000000e+00 1.00000000e+00 ... 1.00000000e+00
  1.00000000e+00 0.00000000e+00]]
