[[1.00000000e+00 5.51471678e-32 8.50037008e-22 ... 5.32440291e-68
  1.29456149e-53 1.00000000e+00]
 [5.51471678e-32 1.00000000e+00 3.18586342e-27 ... 1.73938201e-29
  2.06307696e-36 1.00000000e+00]
 [8.50037008e-22 3.18586342e-27 1.00000000e+00 ... 1.12721021e-45
  3.32585453e-33 1.00000000e+00]
 ...
 [5.32440291e-68 1.73938201e-29 1.12721021e-45 ... 1.00000000e+00
  4.63048021e-21 1.00000000e+00]
 [1.29456149e-53 2.06307696e-36 3.32585453e-33 ... 4.63048021e-21
  1.00000000e+00 1.00000000e+00]
 [1.00000000e+00 1.00000000e+00 1.00000000e+00 ... 1.00000000e+00
  1.00000000e+00 0.00000000e+00]]
