[[1.00000000e+00 1.30711922e-74 5.21699652e-23 ... 1.18774501e-50
  1.83158436e-72 1.00000000e+00]
 [1.30711922e-74 1.00000000e+00 7.55286783e-63 ... 2.98899619e-60
  6.57110639e-36 1.00000000e+00]
 [5.21699652e-23 7.55286783e-63 1.00000000e+00 ... 1.68027473e-48
  2.41851895e-54 1.00000000e+00]
 ...
 [1.18774501e-50 2.98899619e-60 1.68027473e-48 ... 1.00000000e+00
  4.10002831e-39 1.00000000e+00]
 [1.83158436e-72 6.57110639e-36 2.41851895e-54 ... 4.10002831e-39
  1.00000000e+00 1.00000000e+00]
 [1.00000000e+00 1.00000000e+00 1.00000000e+00 ... 1.00000000e+00
  1.00000000e+00 0.00000000e+00]]
