[[1.00000000e+000 2.54360873e-035 2.44754023e-036 1.42296213e-035
  2.30265636e-031 8.59850602e-024 2.68733395e-016 1.76316946e-062
  2.26680395e-033 5.99989048e-049 1.49836504e-036 2.74034385e-011
  6.03794937e-039 3.72030479e-056 1.74656519e-073 2.11730492e-045
  4.63640517e-036 7.78511941e-017 3.87906797e-028 1.55072684e-033
  1.00000000e+000]
 [2.54360873e-035 1.00000000e+000 7.02774440e-086 1.69884180e-034
  8.47847656e-018 2.94788451e-030 4.40505146e-027 3.64980573e-019
  1.11243062e-014 2.08374666e-044 3.10189404e-020 4.79118169e-046
  1.71420080e-052 1.20406951e-012 4.13118308e-036 9.84125986e-024
  1.17113734e-034 5.57820187e-038 1.24495476e-006 6.64494174e-042
  1.00000000e+000]
 [2.44754023e-036 7.02774440e-086 1.00000000e+000 1.13837899e-108
  5.72589890e-064 1.19886942e-046 1.01388383e-070 5.40953130e-113
  5.18383603e-082 1.01549720e-070 5.21957864e-110 3.83479977e-015
  2.31405226e-078 1.42226976e-085 1.28053774e-068 1.14261438e-040
  2.93480649e-047 6.54181767e-052 2.68040992e-082 2.31783039e-093
  1.00000000e+000]
 [1.42296213e-035 1.69884180e-034 1.13837899e-108 1.00000000e+000
  1.89332328e-074 2.33054989e-063 1.51996750e-043 4.67402653e-046
  1.18679061e-047 1.89185712e-080 1.27647528e-049 1.26081013e-062
  8.22712728e-069 2.95456722e-063 5.45242669e-125 1.14102240e-081
  1.39959643e-072 3.69141265e-048 2.29867488e-041 7.09320229e-044
  1.00000000e+000]
 [2.30265636e-031 8.47847656e-018 5.72589890e-064 1.89332328e-074
  1.00000000e+000 1.82671273e-014 8.61670047e-026 5.43759612e-038
  2.44967968e-020 5.23066038e-042 6.81095839e-016 4.77499271e-028
  5.83852078e-059 7.99582434e-033 6.08794369e-019 2.15910426e-020
  5.68657418e-026 1.64087522e-033 4.72349805e-008 5.66262420e-060
  1.00000000e+000]
 [8.59850602e-024 2.94788451e-030 1.19886942e-046 2.33054989e-063
  1.82671273e-014 1.00000000e+000 1.62895279e-023 2.73029229e-046
  1.69529732e-047 1.88518752e-064 2.24007514e-029 6.09314903e-016
  7.21879751e-086 7.08859224e-060 6.24265560e-037 4.69934238e-026
  7.15065645e-046 7.83942182e-019 5.83023784e-018 7.49604187e-068
  1.00000000e+000]
 [2.68733395e-016 4.40505146e-027 1.01388383e-070 1.51996750e-043
  8.61670047e-026 1.62895279e-023 1.00000000e+000 1.56909179e-042
  2.04533197e-036 3.14338093e-041 2.59245102e-028 1.20202243e-033
  1.00060898e-041 1.00961892e-055 2.72338577e-065 4.01687460e-045
  2.56380905e-059 4.53233284e-006 2.51329125e-022 1.79674873e-016
  1.00000000e+000]
 [1.76316946e-062 3.64980573e-019 5.40953130e-113 4.67402653e-046
  5.43759612e-038 2.73029229e-046 1.56909179e-042 1.00000000e+000
  6.01606000e-029 7.44547422e-036 4.07433815e-033 1.57341817e-064
  7.23289995e-067 3.44376201e-040 2.27735426e-055 5.13676409e-039
  1.55195623e-049 4.13862602e-044 1.54547825e-023 2.70649917e-052
  1.00000000e+000]
 [2.26680395e-033 1.11243062e-014 5.18383603e-082 1.18679061e-047
  2.44967968e-020 1.69529732e-047 2.04533197e-036 6.01606000e-029
  1.00000000e+000 7.95400461e-024 1.14778142e-020 1.36158733e-042
  1.05668260e-025 1.98211754e-018 4.60975833e-047 9.16792611e-036
  1.09047912e-013 1.37993600e-049 7.88760367e-015 1.72013288e-041
  1.00000000e+000]
 [5.99989048e-049 2.08374666e-044 1.01549720e-070 1.89185712e-080
  5.23066038e-042 1.88518752e-064 3.14338093e-041 7.44547422e-036
  7.95400461e-024 1.00000000e+000 8.53622070e-060 1.07568297e-048
  8.81444283e-016 1.62209368e-043 3.28460795e-056 4.65346092e-038
  4.52060807e-030 1.64874179e-041 3.48348110e-048 1.27551596e-031
  1.00000000e+000]
 [1.49836504e-036 3.10189404e-020 5.21957864e-110 1.27647528e-049
  6.81095839e-016 2.24007514e-029 2.59245102e-028 4.07433815e-033
  1.14778142e-020 8.53622070e-060 1.00000000e+000 1.12659343e-048
  1.07421691e-068 1.16451867e-051 4.05940736e-061 7.75989240e-057
  5.41080963e-043 4.19365728e-043 4.11193899e-006 3.66294901e-060
  1.00000000e+000]
 [2.74034385e-011 4.79118169e-046 3.83479977e-015 1.26081013e-062
  4.77499271e-028 6.09314903e-016 1.20202243e-033 1.57341817e-064
  1.36158733e-042 1.07568297e-048 1.12659343e-048 1.00000000e+000
  9.77706315e-058 1.24039341e-062 6.85178998e-053 1.81208094e-030
  9.47636142e-026 5.55934388e-024 3.72637864e-035 1.15624263e-062
  1.00000000e+000]
 [6.03794937e-039 1.71420080e-052 2.31405226e-078 8.22712728e-069
  5.83852078e-059 7.21879751e-086 1.00060898e-041 7.23289995e-067
  1.05668260e-025 8.81444283e-016 1.07421691e-068 9.77706315e-058
  1.00000000e+000 3.30760424e-047 3.37288602e-090 1.53098458e-063
  5.42914700e-040 2.69802039e-051 2.44325760e-059 1.68246234e-019
  1.00000000e+000]
 [3.72030479e-056 1.20406951e-012 1.42226976e-085 2.95456722e-063
  7.99582434e-033 7.08859224e-060 1.00961892e-055 3.44376201e-040
  1.98211754e-018 1.62209368e-043 1.16451867e-051 1.24039341e-062
  3.30760424e-047 1.00000000e+000 7.52454372e-032 9.32116613e-022
  2.07746630e-030 1.60741442e-068 1.80436184e-028 3.76403293e-057
  1.00000000e+000]
 [1.74656519e-073 4.13118308e-036 1.28053774e-068 5.45242669e-125
  6.08794369e-019 6.24265560e-037 2.72338577e-065 2.27735426e-055
  4.60975833e-047 3.28460795e-056 4.05940736e-061 6.85178998e-053
  3.37288602e-090 7.52454372e-032 1.00000000e+000 1.38603667e-009
  5.07835912e-040 6.73853140e-067 4.93540396e-037 4.32657027e-099
  1.00000000e+000]
 [2.11730492e-045 9.84125986e-024 1.14261438e-040 1.14102240e-081
  2.15910426e-020 4.69934238e-026 4.01687460e-045 5.13676409e-039
  9.16792611e-036 4.65346092e-038 7.75989240e-057 1.81208094e-030
  1.53098458e-063 9.32116613e-022 1.38603667e-009 1.00000000e+000
  2.83486865e-028 8.38484970e-041 6.28732270e-030 2.24904366e-066
  1.00000000e+000]
 [4.63640517e-036 1.17113734e-034 2.93480649e-047 1.39959643e-072
  5.68657418e-026 7.15065645e-046 2.56380905e-059 1.55195623e-049
  1.09047912e-013 4.52060807e-030 5.41080963e-043 9.47636142e-026
  5.42914700e-040 2.07746630e-030 5.07835912e-040 2.83486865e-028
  1.00000000e+000 2.78576495e-061 5.83288235e-031 5.13604492e-073
  1.00000000e+000]
 [7.78511941e-017 5.57820187e-038 6.54181767e-052 3.69141265e-048
  1.64087522e-033 7.83942182e-019 4.53233284e-006 4.13862602e-044
  1.37993600e-049 1.64874179e-041 4.19365728e-043 5.55934388e-024
  2.69802039e-051 1.60741442e-068 6.73853140e-067 8.38484970e-041
  2.78576495e-061 1.00000000e+000 1.01210012e-032 2.20146411e-024
  1.00000000e+000]
 [3.87906797e-028 1.24495476e-006 2.68040992e-082 2.29867488e-041
  4.72349805e-008 5.83023784e-018 2.51329125e-022 1.54547825e-023
  7.88760367e-015 3.48348110e-048 4.11193899e-006 3.72637864e-035
  2.44325760e-059 1.80436184e-028 4.93540396e-037 6.28732270e-030
  5.83288235e-031 1.01210012e-032 1.00000000e+000 1.51471661e-050
  1.00000000e+000]
 [1.55072684e-033 6.64494174e-042 2.31783039e-093 7.09320229e-044
  5.66262420e-060 7.49604187e-068 1.79674873e-016 2.70649917e-052
  1.72013288e-041 1.27551596e-031 3.66294901e-060 1.15624263e-062
  1.68246234e-019 3.76403293e-057 4.32657027e-099 2.24904366e-066
  5.13604492e-073 2.20146411e-024 1.51471661e-050 1.00000000e+000
  1.00000000e+000]
 [1.00000000e+000 1.00000000e+000 1.00000000e+000 1.00000000e+000
  1.00000000e+000 1.00000000e+000 1.00000000e+000 1.00000000e+000
  1.00000000e+000 1.00000000e+000 1.00000000e+000 1.00000000e+000
  1.00000000e+000 1.00000000e+000 1.00000000e+000 1.00000000e+000
  1.00000000e+000 1.00000000e+000 1.00000000e+000 1.00000000e+000
  0.00000000e+000]]
