[[1.00000000e+000 1.15878148e-062 6.11643392e-053 3.99463783e-025
  1.87915235e-063 8.02895217e-082 2.59086801e-027 9.35449133e-040
  1.90911917e-011 6.07192373e-045 4.36359795e-016 6.67856353e-038
  7.43014766e-038 9.66790009e-094 1.27176691e-040 1.02705693e-057
  4.56321484e-051 1.04334733e-065 1.73048983e-045 2.49093720e-022
  1.00000000e+000]
 [1.15878148e-062 1.00000000e+000 3.31391697e-087 4.71582345e-064
  1.28488326e-051 2.07227751e-062 7.31921581e-038 2.78638299e-008
  2.23438946e-052 1.28304213e-023 6.25580182e-030 1.44403992e-053
  3.10845674e-076 3.28963117e-102 2.89908014e-068 1.45365501e-063
  1.15880561e-069 5.77152827e-063 7.68136025e-068 7.01263031e-045
  1.00000000e+000]
 [6.11643392e-053 3.31391697e-087 1.00000000e+000 5.07631204e-011
  1.08269680e-032 2.93302274e-025 1.30008662e-071 1.16419752e-090
  2.27528414e-036 6.42665083e-025 6.48747125e-056 2.27122832e-061
  3.11975907e-045 5.10745533e-038 2.57089141e-067 3.34526139e-079
  1.56473731e-036 1.33797884e-023 1.96181992e-031 1.58848014e-035
  1.00000000e+000]
 [3.99463783e-025 4.71582345e-064 5.07631204e-011 1.00000000e+000
  4.42327003e-040 1.15179141e-026 6.65384798e-047 1.31866878e-056
  8.71499391e-016 3.47702896e-019 2.78753146e-030 2.66629625e-029
  1.57515914e-016 2.92492666e-044 8.78923602e-040 5.60699247e-053
  5.72247929e-020 1.50273457e-025 1.08624322e-013 8.80509079e-017
  1.00000000e+000]
 [1.87915235e-063 1.28488326e-051 1.08269680e-032 4.42327003e-040
  1.00000000e+000 3.53725369e-034 9.71291724e-042 2.40651213e-064
  2.48059075e-043 4.88939678e-019 2.05940885e-035 2.01481553e-054
  9.40785202e-065 3.18764620e-021 7.38480069e-050 4.48186965e-059
  1.28670243e-040 1.14663749e-019 3.30200366e-041 2.04501114e-029
  1.00000000e+000]
 [8.02895217e-082 2.07227751e-062 2.93302274e-025 1.15179141e-026
  3.53725369e-034 1.00000000e+000 5.16700610e-081 1.34106771e-071
  2.18117059e-056 1.10534321e-013 8.22176730e-057 2.26717767e-044
  3.00083063e-035 8.11343269e-031 3.20411128e-057 9.39733739e-064
  4.93589551e-033 1.57514329e-020 6.23389391e-025 7.24105647e-040
  1.00000000e+000]
 [2.59086801e-027 7.31921581e-038 1.30008662e-071 6.65384798e-047
  9.71291724e-042 5.16700610e-081 1.00000000e+000 5.91377108e-036
  2.02009963e-039 1.97806502e-038 1.94414585e-024 1.59229339e-026
  2.23624420e-059 2.36558900e-078 5.43409623e-021 1.65778626e-082
  4.68642980e-064 1.77876298e-074 4.67540114e-058 5.47141702e-012
  1.00000000e+000]
 [9.35449133e-040 2.78638299e-008 1.16419752e-090 1.31866878e-056
  2.40651213e-064 1.34106771e-071 5.91377108e-036 1.00000000e+000
  2.35044312e-035 2.10125016e-030 2.29211855e-016 3.24177682e-045
  4.56872758e-059 7.14147307e-112 7.61654101e-061 8.24824120e-046
  1.16168046e-062 1.43212478e-066 3.89894590e-060 1.99303516e-041
  1.00000000e+000]
 [1.90911917e-011 2.23438946e-052 2.27528414e-036 8.71499391e-016
  2.48059075e-043 2.18117059e-056 2.02009963e-039 2.35044312e-035
  1.00000000e+000 4.91727720e-030 4.29393188e-009 1.01510731e-039
  5.00446346e-027 1.45843272e-062 4.74829072e-050 5.26429390e-025
  1.67557645e-021 2.25416199e-029 1.58900539e-022 5.12369919e-025
  1.00000000e+000]
 [6.07192373e-045 1.28304213e-023 6.42665083e-025 3.47702896e-019
  4.88939678e-019 1.10534321e-013 1.97806502e-038 2.10125016e-030
  4.91727720e-030 1.00000000e+000 1.53409954e-024 8.90543615e-033
  1.06255377e-036 2.61798821e-042 1.83539966e-042 2.62868974e-049
  4.82003847e-032 2.13790103e-020 8.40647558e-027 7.20743261e-020
  1.00000000e+000]
 [4.36359795e-016 6.25580182e-030 6.48747125e-056 2.78753146e-030
  2.05940885e-035 8.22176730e-057 1.94414585e-024 2.29211855e-016
  4.29393188e-009 1.53409954e-024 1.00000000e+000 1.56504096e-030
  1.81519696e-033 2.17227968e-064 7.21108611e-037 5.54154160e-022
  8.20567031e-031 4.74237079e-036 1.40086961e-030 1.00912964e-020
  1.00000000e+000]
 [6.67856353e-038 1.44403992e-053 2.27122832e-061 2.66629625e-029
  2.01481553e-054 2.26717767e-044 1.59229339e-026 3.24177682e-045
  1.01510731e-039 8.90543615e-033 1.56504096e-030 1.00000000e+000
  1.32641216e-014 1.85005259e-053 3.61307421e-006 1.11270052e-060
  5.92213485e-033 4.89085934e-057 3.68799615e-022 2.42728528e-009
  1.00000000e+000]
 [7.43014766e-038 3.10845674e-076 3.11975907e-045 1.57515914e-016
  9.40785202e-065 3.00083063e-035 2.23624420e-059 4.56872758e-059
  5.00446346e-027 1.06255377e-036 1.81519696e-033 1.32641216e-014
  1.00000000e+000 2.88376495e-049 5.97086740e-029 2.07635819e-039
  2.81328872e-015 4.42617162e-039 2.22075497e-007 6.87491631e-024
  1.00000000e+000]
 [9.66790009e-094 3.28963117e-102 5.10745533e-038 2.92492666e-044
  3.18764620e-021 8.11343269e-031 2.36558900e-078 7.14147307e-112
  1.45843272e-062 2.61798821e-042 2.17227968e-064 1.85005259e-053
  2.88376495e-049 1.00000000e+000 3.44088465e-052 2.65151997e-064
  1.70340323e-026 9.89989236e-020 3.01531560e-026 9.18653196e-043
  1.00000000e+000]
 [1.27176691e-040 2.89908014e-068 2.57089141e-067 8.78923602e-040
  7.38480069e-050 3.20411128e-057 5.43409623e-021 7.61654101e-061
  4.74829072e-050 1.83539966e-042 7.21108611e-037 3.61307421e-006
  5.97086740e-029 3.44088465e-052 1.00000000e+000 1.72920990e-078
  1.29956253e-048 4.30475466e-069 2.55127571e-036 3.79430475e-009
  1.00000000e+000]
 [1.02705693e-057 1.45365501e-063 3.34526139e-079 5.60699247e-053
  4.48186965e-059 9.39733739e-064 1.65778626e-082 8.24824120e-046
  5.26429390e-025 2.62868974e-049 5.54154160e-022 1.11270052e-060
  2.07635819e-039 2.65151997e-064 1.72920990e-078 1.00000000e+000
  3.05602832e-022 1.35642035e-028 3.30857107e-029 3.20009240e-061
  1.00000000e+000]
 [4.56321484e-051 1.15880561e-069 1.56473731e-036 5.72247929e-020
  1.28670243e-040 4.93589551e-033 4.68642980e-064 1.16168046e-062
  1.67557645e-021 4.82003847e-032 8.20567031e-031 5.92213485e-033
  2.81328872e-015 1.70340323e-026 1.29956253e-048 3.05602832e-022
  1.00000000e+000 5.47526765e-013 6.45229756e-003 1.24449512e-031
  1.00000000e+000]
 [1.04334733e-065 5.77152827e-063 1.33797884e-023 1.50273457e-025
  1.14663749e-019 1.57514329e-020 1.77876298e-074 1.43212478e-066
  2.25416199e-029 2.13790103e-020 4.74237079e-036 4.89085934e-057
  4.42617162e-039 9.89989236e-020 4.30475466e-069 1.35642035e-028
  5.47526765e-013 1.00000000e+000 9.97700863e-017 2.84520647e-042
  1.00000000e+000]
 [1.73048983e-045 7.68136025e-068 1.96181992e-031 1.08624322e-013
  3.30200366e-041 6.23389391e-025 4.67540114e-058 3.89894590e-060
  1.58900539e-022 8.40647558e-027 1.40086961e-030 3.68799615e-022
  2.22075497e-007 3.01531560e-026 2.55127571e-036 3.30857107e-029
  6.45229756e-003 9.97700863e-017 1.00000000e+000 1.74659994e-023
  1.00000000e+000]
 [2.49093720e-022 7.01263031e-045 1.58848014e-035 8.80509079e-017
  2.04501114e-029 7.24105647e-040 5.47141702e-012 1.99303516e-041
  5.12369919e-025 7.20743261e-020 1.00912964e-020 2.42728528e-009
  6.87491631e-024 9.18653196e-043 3.79430475e-009 3.20009240e-061
  1.24449512e-031 2.84520647e-042 1.74659994e-023 1.00000000e+000
  1.00000000e+000]
 [1.00000000e+000 1.00000000e+000 1.00000000e+000 1.00000000e+000
  1.00000000e+000 1.00000000e+000 1.00000000e+000 1.00000000e+000
  1.00000000e+000 1.00000000e+000 1.00000000e+000 1.00000000e+000
  1.00000000e+000 1.00000000e+000 1.00000000e+000 1.00000000e+000
  1.00000000e+000 1.00000000e+000 1.00000000e+000 1.00000000e+000
  0.00000000e+000]]
