[[1.00000000e+000 2.32499825e-080 2.63174068e-025 1.69934324e-026
  6.22847405e-049 1.28281046e-026 3.26017895e-012 3.72391394e-031
  4.15946716e-079 3.53407947e-046 1.36085412e-022 4.35539720e-017
  1.30820580e-044 2.52605969e-052 1.44205379e-050 7.98719088e-062
  9.18255198e-046 7.18937627e-068 3.42087816e-015 2.20389598e-018
  1.00000000e+000]
 [2.32499825e-080 1.00000000e+000 4.03481358e-055 1.14962564e-088
  3.76071420e-070 2.37737631e-063 2.15435850e-084 8.16526794e-053
  5.21768484e-065 1.55670594e-025 6.18802032e-046 3.03291783e-065
  1.95396171e-048 1.59045084e-088 1.99355265e-031 1.18386314e-039
  2.73944719e-036 2.10746339e-033 6.71172155e-066 2.46271141e-095
  1.00000000e+000]
 [2.63174068e-025 4.03481358e-055 1.00000000e+000 1.03308045e-039
  2.15807706e-054 3.24797179e-034 8.72477485e-035 1.86841670e-029
  2.62888813e-061 2.67212936e-014 1.73894179e-019 7.08258458e-011
  8.11774109e-073 9.22712133e-063 3.22564684e-067 2.98601218e-058
  1.34591798e-058 9.36052360e-036 8.71528621e-036 2.66193218e-061
  1.00000000e+000]
 [1.69934324e-026 1.14962564e-088 1.03308045e-039 1.00000000e+000
  5.65193637e-052 7.30844681e-040 2.28792210e-014 1.83199438e-020
  4.45228846e-039 2.82511559e-056 7.89107779e-055 3.22824999e-019
  1.65004617e-060 1.54370409e-017 9.24347595e-075 2.10569483e-068
  3.76019837e-057 3.23818667e-055 7.53651038e-023 9.26998436e-037
  1.00000000e+000]
 [6.22847405e-049 3.76071420e-070 2.15807706e-054 5.65193637e-052
  1.00000000e+000 1.52057863e-043 3.26457098e-040 4.34463973e-023
  1.44282490e-033 1.83336532e-032 2.66616440e-073 2.30167839e-027
  2.24065693e-038 4.94102234e-056 6.25436975e-060 1.08589770e-011
  1.30446131e-025 1.53721828e-078 5.16579216e-019 9.16410330e-045
  1.00000000e+000]
 [1.28281046e-026 2.37737631e-063 3.24797179e-034 7.30844681e-040
  1.52057863e-043 1.00000000e+000 5.58689615e-013 4.66543487e-048
  5.23577661e-043 1.65251027e-041 2.30146252e-058 3.46887175e-031
  5.04360334e-045 2.11713525e-084 4.16804052e-054 1.61541475e-055
  3.71298177e-048 2.33914229e-073 1.02905956e-035 1.90537844e-065
  1.00000000e+000]
 [3.26017895e-012 2.15435850e-084 8.72477485e-035 2.28792210e-014
  3.26457098e-040 5.58689615e-013 1.00000000e+000 1.95600685e-028
  6.49785623e-048 8.83073793e-052 6.27150978e-051 1.46024085e-020
  3.29533856e-050 2.48851472e-045 6.81103578e-066 9.44029391e-057
  6.41828581e-043 3.43797877e-078 7.13878180e-021 2.58439476e-035
  1.00000000e+000]
 [3.72391394e-031 8.16526794e-053 1.86841670e-029 1.83199438e-020
  4.34463973e-023 4.66543487e-048 1.95600685e-028 1.00000000e+000
  2.55303779e-038 8.31756403e-024 7.72018676e-036 1.10637462e-013
  3.13544779e-051 2.77873297e-013 1.42574108e-060 5.25805145e-022
  1.43482447e-020 1.72501798e-046 4.92811322e-016 3.23415862e-030
  1.00000000e+000]
 [4.15946716e-079 5.21768484e-065 2.62888813e-061 4.45228846e-039
  1.44282490e-033 5.23577661e-043 6.49785623e-048 2.55303779e-038
  1.00000000e+000 1.36022512e-042 4.64831951e-102 1.34729811e-039
  2.93696008e-058 8.32779440e-057 1.39635282e-075 2.24190899e-045
  1.09337144e-059 4.00407992e-053 3.43214799e-046 1.14588767e-092
  1.00000000e+000]
 [3.53407947e-046 1.55670594e-025 2.67212936e-014 2.82511559e-056
  1.83336532e-032 1.65251027e-041 8.83073793e-052 8.31756403e-024
  1.36022512e-042 1.00000000e+000 1.34076910e-029 4.87351358e-019
  4.90871354e-053 8.03695984e-064 6.08473714e-048 2.70507684e-025
  1.29912380e-035 2.06817732e-027 1.23373755e-034 2.02276507e-067
  1.00000000e+000]
 [1.36085412e-022 6.18802032e-046 1.73894179e-019 7.89107779e-055
  2.66616440e-073 2.30146252e-058 6.27150978e-051 7.72018676e-036
  4.64831951e-102 1.34076910e-029 1.00000000e+000 4.47896822e-029
  2.89963911e-058 8.01167343e-062 1.45434409e-043 9.53920520e-063
  2.78498140e-048 2.86605867e-039 1.74457618e-035 4.68726454e-039
  1.00000000e+000]
 [4.35539720e-017 3.03291783e-065 7.08258458e-011 3.22824999e-019
  2.30167839e-027 3.46887175e-031 1.46024085e-020 1.10637462e-013
  1.34729811e-039 4.87351358e-019 4.47896822e-029 1.00000000e+000
  3.72655507e-049 3.96149287e-036 7.93277777e-057 8.60385503e-042
  2.57315160e-045 1.09920171e-037 6.74808909e-012 4.87139593e-033
  1.00000000e+000]
 [1.30820580e-044 1.95396171e-048 8.11774109e-073 1.65004617e-060
  2.24065693e-038 5.04360334e-045 3.29533856e-050 3.13544779e-051
  2.93696008e-058 4.90871354e-053 2.89963911e-058 3.72655507e-049
  1.00000000e+000 5.09958306e-076 2.76253871e-007 2.11591007e-042
  8.23757730e-038 2.70088950e-056 3.38150810e-021 1.19328482e-035
  1.00000000e+000]
 [2.52605969e-052 1.59045084e-088 9.22712133e-063 1.54370409e-017
  4.94102234e-056 2.11713525e-084 2.48851472e-045 2.77873297e-013
  8.32779440e-057 8.03695984e-064 8.01167343e-062 3.96149287e-036
  5.09958306e-076 1.00000000e+000 4.25924989e-089 3.13288840e-057
  2.48288140e-047 1.23377910e-063 3.56633404e-033 1.63899362e-037
  1.00000000e+000]
 [1.44205379e-050 1.99355265e-031 3.22564684e-067 9.24347595e-075
  6.25436975e-060 4.16804052e-054 6.81103578e-066 1.42574108e-060
  1.39635282e-075 6.08473714e-048 1.45434409e-043 7.93277777e-057
  2.76253871e-007 4.25924989e-089 1.00000000e+000 5.86051697e-053
  7.58034820e-045 5.71362151e-042 3.79835076e-034 2.63442935e-048
  1.00000000e+000]
 [7.98719088e-062 1.18386314e-039 2.98601218e-058 2.10569483e-068
  1.08589770e-011 1.61541475e-055 9.44029391e-057 5.25805145e-022
  2.24190899e-045 2.70507684e-025 9.53920520e-063 8.60385503e-042
  2.11591007e-042 3.13288840e-057 5.86051697e-053 1.00000000e+000
  5.15449155e-009 1.33928885e-072 8.55873460e-033 7.68733974e-056
  1.00000000e+000]
 [9.18255198e-046 2.73944719e-036 1.34591798e-058 3.76019837e-057
  1.30446131e-025 3.71298177e-048 6.41828581e-043 1.43482447e-020
  1.09337144e-059 1.29912380e-035 2.78498140e-048 2.57315160e-045
  8.23757730e-038 2.48288140e-047 7.58034820e-045 5.15449155e-009
  1.00000000e+000 6.11101266e-077 1.14783351e-030 3.33744621e-041
  1.00000000e+000]
 [7.18937627e-068 2.10746339e-033 9.36052360e-036 3.23818667e-055
  1.53721828e-078 2.33914229e-073 3.43797877e-078 1.72501798e-046
  4.00407992e-053 2.06817732e-027 2.86605867e-039 1.09920171e-037
  2.70088950e-056 1.23377910e-063 5.71362151e-042 1.33928885e-072
  6.11101266e-077 1.00000000e+000 2.71321569e-050 4.94276814e-081
  1.00000000e+000]
 [3.42087816e-015 6.71172155e-066 8.71528621e-036 7.53651038e-023
  5.16579216e-019 1.02905956e-035 7.13878180e-021 4.92811322e-016
  3.43214799e-046 1.23373755e-034 1.74457618e-035 6.74808909e-012
  3.38150810e-021 3.56633404e-033 3.79835076e-034 8.55873460e-033
  1.14783351e-030 2.71321569e-050 1.00000000e+000 1.01448010e-010
  1.00000000e+000]
 [2.20389598e-018 2.46271141e-095 2.66193218e-061 9.26998436e-037
  9.16410330e-045 1.90537844e-065 2.58439476e-035 3.23415862e-030
  1.14588767e-092 2.02276507e-067 4.68726454e-039 4.87139593e-033
  1.19328482e-035 1.63899362e-037 2.63442935e-048 7.68733974e-056
  3.33744621e-041 4.94276814e-081 1.01448010e-010 1.00000000e+000
  1.00000000e+000]
 [1.00000000e+000 1.00000000e+000 1.00000000e+000 1.00000000e+000
  1.00000000e+000 1.00000000e+000 1.00000000e+000 1.00000000e+000
  1.00000000e+000 1.00000000e+000 1.00000000e+000 1.00000000e+000
  1.00000000e+000 1.00000000e+000 1.00000000e+000 1.00000000e+000
  1.00000000e+000 1.00000000e+000 1.00000000e+000 1.00000000e+000
  0.00000000e+000]]
