[[1.00000000e+000 5.19003792e-037 9.36611011e-046 3.90648082e-012
  3.98903659e-023 3.92555877e-036 8.25871372e-046 8.64883103e-014
  3.22727864e-068 8.45247885e-024 1.62773637e-081 1.08076426e-026
  9.47017270e-016 9.46994732e-062 4.98096922e-031 1.31731562e-055
  1.58135924e-047 6.00090530e-074 2.25855254e-054 4.45493031e-064
  1.00000000e+000]
 [5.19003792e-037 1.00000000e+000 8.29429400e-053 1.93701747e-037
  1.30000580e-030 2.18152281e-054 4.66868170e-089 2.26597737e-032
  2.44899249e-059 9.31976545e-056 7.42904810e-060 4.98367719e-028
  1.29363215e-039 1.48540887e-050 9.28504417e-032 2.78418886e-052
  1.62864234e-095 1.19668829e-100 4.08771380e-034 4.99349180e-070
  1.00000000e+000]
 [9.36611011e-046 8.29429400e-053 1.00000000e+000 1.83921490e-038
  9.33689074e-064 3.16595607e-042 7.73323118e-070 5.43815892e-061
  1.99783424e-030 1.92540285e-046 3.05333044e-059 2.27494388e-040
  6.14591831e-020 2.25252973e-023 1.71217253e-052 3.37750434e-078
  2.21631976e-091 1.02784255e-060 1.96968688e-045 7.63558494e-058
  1.00000000e+000]
 [3.90648082e-012 1.93701747e-037 1.83921490e-038 1.00000000e+000
  7.68533997e-045 1.49391838e-054 1.17451780e-061 2.46278153e-018
  3.72716263e-069 5.42214810e-017 2.21164573e-078 9.06602103e-033
  4.73126829e-019 5.26902165e-046 1.41321811e-014 1.40006197e-037
  9.95146026e-041 1.42526563e-052 9.46361459e-052 3.09989859e-065
  1.00000000e+000]
 [3.98903659e-023 1.30000580e-030 9.33689074e-064 7.68533997e-045
  1.00000000e+000 9.20338904e-042 4.64234232e-050 3.27395934e-027
  5.00660775e-068 9.18102436e-060 2.33737614e-065 7.76957653e-009
  1.02010392e-023 6.50446610e-079 4.22790197e-036 2.37166557e-050
  3.64888354e-066 6.64822623e-107 9.05882853e-040 4.01951627e-107
  1.00000000e+000]
 [3.92555877e-036 2.18152281e-054 3.16595607e-042 1.49391838e-054
  9.20338904e-042 1.00000000e+000 2.07069369e-064 3.26883768e-031
  5.25135124e-033 7.52164521e-057 2.78717066e-032 2.70711121e-051
  5.12362569e-034 7.12932560e-046 1.62366932e-060 1.83195696e-084
  6.60641245e-068 2.42954605e-057 5.40931351e-026 1.04052783e-034
  1.00000000e+000]
 [8.25871372e-046 4.66868170e-089 7.73323118e-070 1.17451780e-061
  4.64234232e-050 2.07069369e-064 1.00000000e+000 1.05805968e-041
  3.45308166e-044 1.72286899e-027 2.49423289e-070 8.37084158e-052
  4.24722438e-024 3.60912615e-056 2.70834987e-063 3.36233446e-051
  9.40001071e-037 2.64524343e-061 4.21895828e-061 1.59219698e-093
  1.00000000e+000]
 [8.64883103e-014 2.26597737e-032 5.43815892e-061 2.46278153e-018
  3.27395934e-027 3.26883768e-031 1.05805968e-041 1.00000000e+000
  9.90211120e-052 2.86327159e-019 6.81015018e-046 6.28847089e-034
  6.69937167e-023 7.53591912e-046 3.62791624e-018 8.26780661e-029
  4.29104936e-024 3.11172302e-045 4.23076681e-028 6.52026838e-051
  1.00000000e+000]
 [3.22727864e-068 2.44899249e-059 1.99783424e-030 3.72716263e-069
  5.00660775e-068 5.25135124e-033 3.45308166e-044 9.90211120e-052
  1.00000000e+000 9.50679311e-045 1.67209587e-017 4.86619128e-059
  5.54937127e-032 1.30251912e-009 1.12656610e-062 5.76780705e-063
  6.69439471e-072 3.45766197e-038 3.34645377e-020 1.18046803e-039
  1.00000000e+000]
 [8.45247885e-024 9.31976545e-056 1.92540285e-046 5.42214810e-017
  9.18102436e-060 7.52164521e-057 1.72286899e-027 2.86327159e-019
  9.50679311e-045 1.00000000e+000 8.90091276e-067 5.85200744e-052
  2.53827085e-019 8.02409728e-030 5.84952445e-031 2.15004070e-035
  3.44496418e-027 5.34384341e-032 3.09394033e-051 1.82757608e-048
  1.00000000e+000]
 [1.62773637e-081 7.42904810e-060 3.05333044e-059 2.21164573e-078
  2.33737614e-065 2.78717066e-032 2.49423289e-070 6.81015018e-046
  1.67209587e-017 8.90091276e-067 1.00000000e+000 1.20059115e-061
  6.45425556e-050 2.19012336e-026 1.37975136e-050 3.07824019e-049
  1.92367262e-061 3.63027912e-037 2.42192031e-005 3.66199497e-057
  1.00000000e+000]
 [1.08076426e-026 4.98367719e-028 2.27494388e-040 9.06602103e-033
  7.76957653e-009 2.70711121e-051 8.37084158e-052 6.28847089e-034
  4.86619128e-059 5.85200744e-052 1.20059115e-061 1.00000000e+000
  4.33775112e-014 4.87440228e-060 1.63693112e-022 7.24938068e-037
  3.96860175e-064 7.69693894e-092 1.19178509e-035 1.62487297e-110
  1.00000000e+000]
 [9.47017270e-016 1.29363215e-039 6.14591831e-020 4.73126829e-019
  1.02010392e-023 5.12362569e-034 4.24722438e-024 6.69937167e-023
  5.54937127e-032 2.53827085e-019 6.45425556e-050 4.33775112e-014
  1.00000000e+000 1.60685663e-030 3.94891388e-024 6.78607286e-036
  1.14536006e-039 3.23024374e-049 4.69011387e-032 1.22117516e-066
  1.00000000e+000]
 [9.46994732e-062 1.48540887e-050 2.25252973e-023 5.26902165e-046
  6.50446610e-079 7.12932560e-046 3.60912615e-056 7.53591912e-046
  1.30251912e-009 8.02409728e-030 2.19012336e-026 4.87440228e-060
  1.60685663e-030 1.00000000e+000 3.98835043e-044 8.74614003e-049
  1.10710427e-063 5.67157510e-025 5.10704825e-024 1.16791340e-033
  1.00000000e+000]
 [4.98096922e-031 9.28504417e-032 1.71217253e-052 1.41321811e-014
  4.22790197e-036 1.62366932e-060 2.70834987e-063 3.62791624e-018
  1.12656610e-062 5.84952445e-031 1.37975136e-050 1.63693112e-022
  3.94891388e-024 3.98835043e-044 1.00000000e+000 2.33305063e-010
  3.22723045e-031 2.01930199e-048 1.50496703e-028 2.39521891e-088
  1.00000000e+000]
 [1.31731562e-055 2.78418886e-052 3.37750434e-078 1.40006197e-037
  2.37166557e-050 1.83195696e-084 3.36233446e-051 8.26780661e-029
  5.76780705e-063 2.15004070e-035 3.07824019e-049 7.24938068e-037
  6.78607286e-036 8.74614003e-049 2.33305063e-010 1.00000000e+000
  1.50569670e-024 2.67820188e-047 2.75469439e-033 1.31485786e-110
  1.00000000e+000]
 [1.58135924e-047 1.62864234e-095 2.21631976e-091 9.95146026e-041
  3.64888354e-066 6.60641245e-068 9.40001071e-037 4.29104936e-024
  6.69439471e-072 3.44496418e-027 1.92367262e-061 3.96860175e-064
  1.14536006e-039 1.10710427e-063 3.22723045e-031 1.50569670e-024
  1.00000000e+000 8.22950366e-028 9.50395340e-052 1.01639040e-094
  1.00000000e+000]
 [6.00090530e-074 1.19668829e-100 1.02784255e-060 1.42526563e-052
  6.64822623e-107 2.42954605e-057 2.64524343e-061 3.11172302e-045
  3.45766197e-038 5.34384341e-032 3.63027912e-037 7.69693894e-092
  3.23024374e-049 5.67157510e-025 2.01930199e-048 2.67820188e-047
  8.22950366e-028 1.00000000e+000 1.62144767e-040 4.45629158e-050
  1.00000000e+000]
 [2.25855254e-054 4.08771380e-034 1.96968688e-045 9.46361459e-052
  9.05882853e-040 5.40931351e-026 4.21895828e-061 4.23076681e-028
  3.34645377e-020 3.09394033e-051 2.42192031e-005 1.19178509e-035
  4.69011387e-032 5.10704825e-024 1.50496703e-028 2.75469439e-033
  9.50395340e-052 1.62144767e-040 1.00000000e+000 1.78234840e-055
  1.00000000e+000]
 [4.45493031e-064 4.99349180e-070 7.63558494e-058 3.09989859e-065
  4.01951627e-107 1.04052783e-034 1.59219698e-093 6.52026838e-051
  1.18046803e-039 1.82757608e-048 3.66199497e-057 1.62487297e-110
  1.22117516e-066 1.16791340e-033 2.39521891e-088 1.31485786e-110
  1.01639040e-094 4.45629158e-050 1.78234840e-055 1.00000000e+000
  1.00000000e+000]
 [1.00000000e+000 1.00000000e+000 1.00000000e+000 1.00000000e+000
  1.00000000e+000 1.00000000e+000 1.00000000e+000 1.00000000e+000
  1.00000000e+000 1.00000000e+000 1.00000000e+000 1.00000000e+000
  1.00000000e+000 1.00000000e+000 1.00000000e+000 1.00000000e+000
  1.00000000e+000 1.00000000e+000 1.00000000e+000 1.00000000e+000
  0.00000000e+000]]
