[[1.00000000e+00 1.99147597e-71 5.41220816e-50 ... 1.41811267e-48
  7.71971838e-37 1.00000000e+00]
 [1.99147597e-71 1.00000000e+00 1.03441452e-10 ... 5.58625682e-20
  1.64778143e-43 1.00000000e+00]
 [5.41220816e-50 1.03441452e-10 1.00000000e+00 ... 4.02201334e-25
  6.58952799e-49 1.00000000e+00]
 ...
 [1.41811267e-48 5.58625682e-20 4.02201334e-25 ... 1.00000000e+00
  1.28835499e-26 1.00000000e+00]
 [7.71971838e-37 1.64778143e-43 6.58952799e-49 ... 1.28835499e-26
  1.00000000e+00 1.00000000e+00]
 [1.00000000e+00 1.00000000e+00 1.00000000e+00 ... 1.00000000e+00
  1.00000000e+00 0.00000000e+00]]
