[[1.00000000e+00 3.86395832e-31 1.42893869e-29 ... 7.63428319e-24
  6.24334256e-27 1.00000000e+00]
 [3.86395832e-31 1.00000000e+00 1.30000690e-46 ... 2.04912036e-39
  1.44458055e-74 1.00000000e+00]
 [1.42893869e-29 1.30000690e-46 1.00000000e+00 ... 3.96917171e-45
  4.56221035e-14 1.00000000e+00]
 ...
 [7.63428319e-24 2.04912036e-39 3.96917171e-45 ... 1.00000000e+00
  9.76791142e-50 1.00000000e+00]
 [6.24334256e-27 1.44458055e-74 4.56221035e-14 ... 9.76791142e-50
  1.00000000e+00 1.00000000e+00]
 [1.00000000e+00 1.00000000e+00 1.00000000e+00 ... 1.00000000e+00
  1.00000000e+00 0.00000000e+00]]
