[[1.00000000e+000 8.90928709e-075 1.57318638e-038 5.60848352e-032
  2.45309004e-055 8.14565716e-054 6.75905265e-049 3.25860144e-055
  8.57368144e-010 1.45780346e-114 3.69565055e-051 7.90619674e-028
  2.01759141e-014 2.68874053e-052 3.30823290e-038 1.57894911e-046
  1.09376963e-056 8.59387741e-066 4.65840070e-065 6.83016237e-088
  1.00000000e+000]
 [8.90928709e-075 1.00000000e+000 1.79176648e-041 1.88005999e-021
  2.13665260e-013 5.20752633e-033 1.64721672e-028 7.00140050e-063
  1.05365282e-056 3.31728274e-030 7.78500759e-025 2.64787432e-019
  4.26071949e-052 3.14110644e-042 2.74356885e-053 1.19453940e-026
  2.65840844e-058 1.16392109e-004 1.19874122e-038 1.68383016e-065
  1.00000000e+000]
 [1.57318638e-038 1.79176648e-041 1.00000000e+000 8.26418156e-025
  1.37612628e-056 8.51274764e-080 3.29978380e-041 2.28726702e-063
  3.23409157e-043 1.41847319e-092 2.33571122e-046 2.78690009e-023
  1.44289040e-026 3.86223311e-084 1.04287450e-065 1.00248422e-049
  1.91927570e-029 7.31932244e-044 1.83912824e-100 1.00428318e-114
  1.00000000e+000]
 [5.60848352e-032 1.88005999e-021 8.26418156e-025 1.00000000e+000
  4.71734765e-022 6.66823307e-032 2.36934806e-020 1.03234890e-057
  2.80006855e-019 1.95285711e-050 1.08514215e-039 5.12589815e-013
  1.65429549e-032 1.62301666e-032 2.41561350e-045 4.81389386e-007
  1.59932504e-027 2.49206413e-012 3.65177167e-047 6.44725439e-078
  1.00000000e+000]
 [2.45309004e-055 2.13665260e-013 1.37612628e-056 4.71734765e-022
  1.00000000e+000 1.42593062e-014 1.89446225e-026 2.67373914e-077
  2.76003650e-046 2.80458992e-042 7.67351866e-033 8.74700774e-019
  9.71032567e-054 5.91487967e-040 4.91566341e-038 8.97541436e-028
  2.50778360e-083 3.43339206e-011 3.22026748e-021 3.40097108e-075
  1.00000000e+000]
 [8.14565716e-054 5.20752633e-033 8.51274764e-080 6.66823307e-032
  1.42593062e-014 1.00000000e+000 9.07571823e-027 1.82261647e-074
  1.55297786e-041 1.15138316e-026 4.58690181e-029 2.31770988e-040
  1.71530630e-060 1.08826670e-028 1.01676748e-031 3.90355509e-027
  2.72306640e-095 7.23719742e-028 2.40023275e-009 2.62605522e-049
  1.00000000e+000]
 [6.75905265e-049 1.64721672e-028 3.29978380e-041 2.36934806e-020
  1.89446225e-026 9.07571823e-027 1.00000000e+000 6.89923486e-098
  1.19800026e-047 2.19070546e-037 7.54990921e-028 1.03491015e-025
  3.01040211e-043 1.86015051e-047 4.03578349e-017 1.77307317e-020
  1.29018443e-075 3.14964249e-020 1.50619215e-034 4.61344060e-071
  1.00000000e+000]
 [3.25860144e-055 7.00140050e-063 2.28726702e-063 1.03234890e-057
  2.67373914e-077 1.82261647e-074 6.89923486e-098 1.00000000e+000
  3.60610339e-033 4.73047996e-094 5.13937714e-042 1.03950586e-051
  1.07180710e-034 1.52950057e-041 5.50416312e-094 8.01006921e-066
  4.69698680e-040 3.98715640e-072 6.89351757e-079 1.58651057e-045
  1.00000000e+000]
 [8.57368144e-010 1.05365282e-056 3.23409157e-043 2.80006855e-019
  2.76003650e-046 1.55297786e-041 1.19800026e-047 3.60610339e-033
  1.00000000e+000 6.16227555e-087 8.14023882e-045 4.12681329e-024
  2.85731624e-017 2.56928421e-024 5.72495072e-046 1.45897958e-024
  5.45369296e-034 9.82544174e-047 1.41946733e-050 2.56018261e-061
  1.00000000e+000]
 [1.45780346e-114 3.31728274e-030 1.41847319e-092 1.95285711e-050
  2.80458992e-042 1.15138316e-026 2.19070546e-037 4.73047996e-094
  6.16227555e-087 1.00000000e+000 7.30292805e-037 9.97908449e-072
  1.00609990e-098 3.89831763e-052 2.53131408e-069 3.35416772e-039
  1.29392986e-097 8.38308503e-032 1.99331818e-039 1.34073171e-054
  1.00000000e+000]
 [3.69565055e-051 7.78500759e-025 2.33571122e-046 1.08514215e-039
  7.67351866e-033 4.58690181e-029 7.54990921e-028 5.13937714e-042
  8.14023882e-045 7.30292805e-037 1.00000000e+000 1.74465943e-027
  1.41652366e-026 4.43715536e-035 1.72189509e-024 4.21682575e-042
  3.87428765e-073 1.47800753e-032 1.93555660e-027 4.58300733e-026
  1.00000000e+000]
 [7.90619674e-028 2.64787432e-019 2.78690009e-023 5.12589815e-013
  8.74700774e-019 2.31770988e-040 1.03491015e-025 1.03950586e-051
  4.12681329e-024 9.97908449e-072 1.74465943e-027 1.00000000e+000
  7.01999791e-016 2.91963252e-035 1.09997634e-030 5.86497122e-024
  4.17383561e-045 2.62288838e-016 1.95776339e-041 5.43223192e-070
  1.00000000e+000]
 [2.01759141e-014 4.26071949e-052 1.44289040e-026 1.65429549e-032
  9.71032567e-054 1.71530630e-060 3.01040211e-043 1.07180710e-034
  2.85731624e-017 1.00609990e-098 1.41652366e-026 7.01999791e-016
  1.00000000e+000 2.89132285e-041 1.60882774e-031 3.04848932e-044
  7.50741863e-045 2.98465868e-051 2.33555166e-059 3.19169584e-057
  1.00000000e+000]
 [2.68874053e-052 3.14110644e-042 3.86223311e-084 1.62301666e-032
  5.91487967e-040 1.08826670e-028 1.86015051e-047 1.52950057e-041
  2.56928421e-024 3.89831763e-052 4.43715536e-035 2.91963252e-035
  2.89132285e-041 1.00000000e+000 7.19866100e-044 2.57728161e-018
  6.65287324e-062 3.10167241e-033 1.65261642e-020 6.70581588e-022
  1.00000000e+000]
 [3.30823290e-038 2.74356885e-053 1.04287450e-065 2.41561350e-045
  4.91566341e-038 1.01676748e-031 4.03578349e-017 5.50416312e-094
  5.72495072e-046 2.53131408e-069 1.72189509e-024 1.09997634e-030
  1.60882774e-031 7.19866100e-044 1.00000000e+000 2.52615474e-043
  8.81114066e-110 3.73779233e-046 6.32950902e-024 1.33020222e-053
  1.00000000e+000]
 [1.57894911e-046 1.19453940e-026 1.00248422e-049 4.81389386e-007
  8.97541436e-028 3.90355509e-027 1.77307317e-020 8.01006921e-066
  1.45897958e-024 3.35416772e-039 4.21682575e-042 5.86497122e-024
  3.04848932e-044 2.57728161e-018 2.52615474e-043 1.00000000e+000
  1.49380738e-039 3.50652805e-013 3.85166776e-035 1.94737387e-059
  1.00000000e+000]
 [1.09376963e-056 2.65840844e-058 1.91927570e-029 1.59932504e-027
  2.50778360e-083 2.72306640e-095 1.29018443e-075 4.69698680e-040
  5.45369296e-034 1.29392986e-097 3.87428765e-073 4.17383561e-045
  7.50741863e-045 6.65287324e-062 8.81114066e-110 1.49380738e-039
  1.00000000e+000 1.68403900e-054 2.77737808e-116 1.43368007e-102
  1.00000000e+000]
 [8.59387741e-066 1.16392109e-004 7.31932244e-044 2.49206413e-012
  3.43339206e-011 7.23719742e-028 3.14964249e-020 3.98715640e-072
  9.82544174e-047 8.38308503e-032 1.47800753e-032 2.62288838e-016
  2.98465868e-051 3.10167241e-033 3.73779233e-046 3.50652805e-013
  1.68403900e-054 1.00000000e+000 2.22296777e-033 1.59697085e-068
  1.00000000e+000]
 [4.65840070e-065 1.19874122e-038 1.83912824e-100 3.65177167e-047
  3.22026748e-021 2.40023275e-009 1.50619215e-034 6.89351757e-079
  1.41946733e-050 1.99331818e-039 1.93555660e-027 1.95776339e-041
  2.33555166e-059 1.65261642e-020 6.32950902e-024 3.85166776e-035
  2.77737808e-116 2.22296777e-033 1.00000000e+000 1.14036696e-032
  1.00000000e+000]
 [6.83016237e-088 1.68383016e-065 1.00428318e-114 6.44725439e-078
  3.40097108e-075 2.62605522e-049 4.61344060e-071 1.58651057e-045
  2.56018261e-061 1.34073171e-054 4.58300733e-026 5.43223192e-070
  3.19169584e-057 6.70581588e-022 1.33020222e-053 1.94737387e-059
  1.43368007e-102 1.59697085e-068 1.14036696e-032 1.00000000e+000
  1.00000000e+000]
 [1.00000000e+000 1.00000000e+000 1.00000000e+000 1.00000000e+000
  1.00000000e+000 1.00000000e+000 1.00000000e+000 1.00000000e+000
  1.00000000e+000 1.00000000e+000 1.00000000e+000 1.00000000e+000
  1.00000000e+000 1.00000000e+000 1.00000000e+000 1.00000000e+000
  1.00000000e+000 1.00000000e+000 1.00000000e+000 1.00000000e+000
  0.00000000e+000]]
