[[1.00000000e+000 4.20589206e-052 2.37838032e-021 4.38237497e-011
  8.27942879e-045 2.60941611e-051 6.68097808e-015 1.12782157e-038
  2.96984408e-056 3.60125866e-057 3.27429597e-046 3.67126242e-030
  6.17382739e-018 3.79670957e-034 9.47647891e-012 7.24974761e-065
  6.68746848e-054 1.17392861e-030 1.01508604e-033 3.48916429e-047
  1.00000000e+000]
 [4.20589206e-052 1.00000000e+000 1.56677707e-048 1.84400744e-038
  1.87496435e-030 1.42648439e-019 1.49951346e-060 1.62856297e-040
  9.16585023e-080 8.64373540e-034 3.96563222e-027 1.75454640e-045
  3.11104547e-052 4.43363099e-015 8.31027474e-046 1.77784543e-074
  1.00947408e-038 3.32368722e-017 2.84063235e-049 5.30305588e-021
  1.00000000e+000]
 [2.37838032e-021 1.56677707e-048 1.00000000e+000 1.87509185e-028
  2.97935715e-020 6.35096122e-076 2.68999810e-021 1.73484742e-040
  1.74752998e-038 1.12953610e-039 3.74804610e-026 1.95155872e-022
  7.10684498e-018 5.65340206e-043 8.29192257e-023 1.26679722e-063
  1.72083382e-061 8.33467649e-012 2.38287396e-030 4.07790700e-052
  1.00000000e+000]
 [4.38237497e-011 1.84400744e-038 1.87509185e-028 1.00000000e+000
  1.88017629e-029 4.62801158e-041 8.15738885e-033 2.78357058e-047
  1.65523661e-075 3.11500186e-041 4.50547047e-050 6.42029249e-037
  5.90722218e-038 2.44080708e-017 8.06459767e-031 1.02469816e-050
  4.90273620e-060 7.16931933e-031 2.77395088e-047 1.74104030e-017
  1.00000000e+000]
 [8.27942879e-045 1.87496435e-030 2.97935715e-020 1.88017629e-029
  1.00000000e+000 1.15892869e-063 1.45474326e-040 8.10835215e-054
  2.42332787e-051 1.02652875e-010 2.06187195e-023 3.56348961e-041
  2.80703449e-048 1.89793475e-024 1.78351313e-050 8.58952100e-061
  2.31596255e-063 5.25507277e-019 1.56791089e-050 5.00481713e-029
  1.00000000e+000]
 [2.60941611e-051 1.42648439e-019 6.35096122e-076 4.62801158e-041
  1.15892869e-063 1.00000000e+000 5.11049801e-066 7.71046658e-037
  1.22030875e-079 3.56839186e-054 6.78271211e-073 7.75342177e-063
  5.40909257e-051 7.19968775e-030 1.97741471e-040 2.80055408e-057
  3.20632961e-018 6.97537686e-046 1.02067056e-038 1.82479676e-037
  1.00000000e+000]
 [6.68097808e-015 1.49951346e-060 2.68999810e-021 8.15738885e-033
  1.45474326e-040 5.11049801e-066 1.00000000e+000 2.70167411e-054
  1.59145800e-028 2.25021071e-038 3.90002632e-037 1.55006013e-020
  2.31192650e-019 5.40747030e-041 1.68173729e-016 3.27754275e-058
  4.07265841e-046 2.36294353e-036 5.10957183e-027 4.95243302e-076
  1.00000000e+000]
 [1.12782157e-038 1.62856297e-040 1.73484742e-040 2.78357058e-047
  8.10835215e-054 7.71046658e-037 2.70167411e-054 1.00000000e+000
  4.25017662e-042 3.19976813e-070 1.12576644e-059 4.73339820e-074
  9.47477147e-016 2.00773219e-065 1.66472630e-016 1.52510587e-090
  2.49060612e-028 4.41709502e-027 7.61013187e-022 8.73198153e-061
  1.00000000e+000]
 [2.96984408e-056 9.16585023e-080 1.74752998e-038 1.65523661e-075
  2.42332787e-051 1.22030875e-079 1.59145800e-028 4.25017662e-042
  1.00000000e+000 2.86005380e-045 3.32675852e-066 2.34210716e-058
  3.71495494e-022 3.92364048e-085 8.09950806e-030 4.64577217e-065
  1.27622229e-031 1.05080621e-050 6.69525373e-016 8.15916594e-114
  1.00000000e+000]
 [3.60125866e-057 8.64373540e-034 1.12953610e-039 3.11500186e-041
  1.02652875e-010 3.56839186e-054 2.25021071e-038 3.19976813e-070
  2.86005380e-045 1.00000000e+000 4.13687114e-036 1.45688396e-039
  8.03427711e-059 1.30444238e-022 2.19970389e-058 1.59178875e-042
  4.71842175e-048 2.35850565e-036 8.54826152e-048 3.19852514e-043
  1.00000000e+000]
 [3.27429597e-046 3.96563222e-027 3.74804610e-026 4.50547047e-050
  2.06187195e-023 6.78271211e-073 3.90002632e-037 1.12576644e-059
  3.32675852e-066 4.13687114e-036 1.00000000e+000 1.44710883e-035
  8.20817693e-048 3.63658617e-031 1.51464536e-045 1.35870849e-108
  1.98682320e-073 4.57063869e-015 7.76679032e-062 7.03788685e-053
  1.00000000e+000]
 [3.67126242e-030 1.75454640e-045 1.95155872e-022 6.42029249e-037
  3.56348961e-041 7.75342177e-063 1.55006013e-020 4.73339820e-074
  2.34210716e-058 1.45688396e-039 1.44710883e-035 1.00000000e+000
  9.33394598e-036 2.12532573e-029 2.44724100e-034 4.98871773e-041
  3.16149394e-054 8.73334432e-027 1.10729011e-035 7.63798269e-060
  1.00000000e+000]
 [6.17382739e-018 3.11104547e-052 7.10684498e-018 5.90722218e-038
  2.80703449e-048 5.40909257e-051 2.31192650e-019 9.47477147e-016
  3.71495494e-022 8.03427711e-059 8.20817693e-048 9.33394598e-036
  1.00000000e+000 2.49661164e-058 7.88550611e-003 1.63646904e-064
  2.33809951e-028 8.58693965e-023 3.06876305e-008 9.65165103e-073
  1.00000000e+000]
 [3.79670957e-034 4.43363099e-015 5.65340206e-043 2.44080708e-017
  1.89793475e-024 7.19968775e-030 5.40747030e-041 2.00773219e-065
  3.92364048e-085 1.30444238e-022 3.63658617e-031 2.12532573e-029
  2.49661164e-058 1.00000000e+000 2.05008638e-048 5.64387473e-053
  7.99775325e-054 2.31459399e-028 1.13668827e-057 1.65573414e-014
  1.00000000e+000]
 [9.47647891e-012 8.31027474e-046 8.29192257e-023 8.06459767e-031
  1.78351313e-050 1.97741471e-040 1.68173729e-016 1.66472630e-016
  8.09950806e-030 2.19970389e-058 1.51464536e-045 2.44724100e-034
  7.88550611e-003 2.05008638e-048 1.00000000e+000 1.00809957e-065
  3.42331105e-026 2.68704596e-024 1.86173491e-011 3.81827423e-065
  1.00000000e+000]
 [7.24974761e-065 1.77784543e-074 1.26679722e-063 1.02469816e-050
  8.58952100e-061 2.80055408e-057 3.27754275e-058 1.52510587e-090
  4.64577217e-065 1.59178875e-042 1.35870849e-108 4.98871773e-041
  1.63646904e-064 5.64387473e-053 1.00809957e-065 1.00000000e+000
  2.14528292e-045 9.69852402e-071 2.63725530e-039 2.14595177e-069
  1.00000000e+000]
 [6.68746848e-054 1.00947408e-038 1.72083382e-061 4.90273620e-060
  2.31596255e-063 3.20632961e-018 4.07265841e-046 2.49060612e-028
  1.27622229e-031 4.71842175e-048 1.98682320e-073 3.16149394e-054
  2.33809951e-028 7.99775325e-054 3.42331105e-026 2.14528292e-045
  1.00000000e+000 3.03285118e-045 3.65210672e-011 4.70244631e-075
  1.00000000e+000]
 [1.17392861e-030 3.32368722e-017 8.33467649e-012 7.16931933e-031
  5.25507277e-019 6.97537686e-046 2.36294353e-036 4.41709502e-027
  1.05080621e-050 2.35850565e-036 4.57063869e-015 8.73334432e-027
  8.58693965e-023 2.31459399e-028 2.68704596e-024 9.69852402e-071
  3.03285118e-045 1.00000000e+000 1.29204772e-030 6.77288967e-033
  1.00000000e+000]
 [1.01508604e-033 2.84063235e-049 2.38287396e-030 2.77395088e-047
  1.56791089e-050 1.02067056e-038 5.10957183e-027 7.61013187e-022
  6.69525373e-016 8.54826152e-048 7.76679032e-062 1.10729011e-035
  3.06876305e-008 1.13668827e-057 1.86173491e-011 2.63725530e-039
  3.65210672e-011 1.29204772e-030 1.00000000e+000 1.03002313e-075
  1.00000000e+000]
 [3.48916429e-047 5.30305588e-021 4.07790700e-052 1.74104030e-017
  5.00481713e-029 1.82479676e-037 4.95243302e-076 8.73198153e-061
  8.15916594e-114 3.19852514e-043 7.03788685e-053 7.63798269e-060
  9.65165103e-073 1.65573414e-014 3.81827423e-065 2.14595177e-069
  4.70244631e-075 6.77288967e-033 1.03002313e-075 1.00000000e+000
  1.00000000e+000]
 [1.00000000e+000 1.00000000e+000 1.00000000e+000 1.00000000e+000
  1.00000000e+000 1.00000000e+000 1.00000000e+000 1.00000000e+000
  1.00000000e+000 1.00000000e+000 1.00000000e+000 1.00000000e+000
  1.00000000e+000 1.00000000e+000 1.00000000e+000 1.00000000e+000
  1.00000000e+000 1.00000000e+000 1.00000000e+000 1.00000000e+000
  0.00000000e+000]]
