[[1.00000000e+000 6.03047587e-013 3.46256220e-055 ... 1.28384420e-037
  3.08112310e-048 1.00000000e+000]
 [6.03047587e-013 1.00000000e+000 2.04977269e-060 ... 3.72448031e-059
  1.09799694e-031 1.00000000e+000]
 [3.46256220e-055 2.04977269e-060 1.00000000e+000 ... 3.26583579e-082
  4.01318527e-043 1.00000000e+000]
 ...
 [1.28384420e-037 3.72448031e-059 3.26583579e-082 ... 1.00000000e+000
  2.14231024e-100 1.00000000e+000]
 [3.08112310e-048 1.09799694e-031 4.01318527e-043 ... 2.14231024e-100
  1.00000000e+000 1.00000000e+000]
 [1.00000000e+000 1.00000000e+000 1.00000000e+000 ... 1.00000000e+000
  1.00000000e+000 0.00000000e+000]]
