[[1.00000000e+000 6.63295983e-026 2.84668561e-019 7.82946311e-026
  3.47870336e-023 8.12157789e-026 1.09292229e-037 2.35450097e-045
  3.44456957e-081 6.50877919e-065 4.54211494e-058 4.59000975e-012
  8.80088482e-057 1.97150716e-027 1.77945265e-071 1.15892804e-041
  1.35416240e-031 7.27885233e-038 5.78743762e-022 2.35885880e-065
  1.00000000e+000]
 [6.63295983e-026 1.00000000e+000 1.79941442e-042 2.62586622e-045
  9.92925015e-046 4.06415462e-020 1.13290905e-004 2.35469379e-037
  5.19279650e-050 6.09624407e-016 3.02898454e-036 7.57210082e-023
  3.45575797e-077 3.95570299e-026 2.46260108e-027 1.97414251e-055
  1.04063423e-031 3.95624001e-042 2.01375114e-015 8.87841048e-041
  1.00000000e+000]
 [2.84668561e-019 1.79941442e-042 1.00000000e+000 6.08443909e-031
  9.91947390e-021 1.66219898e-054 4.26872200e-055 2.53229674e-060
  1.17745713e-047 4.82563897e-093 2.43668949e-051 9.85201363e-016
  2.75490206e-039 7.85885742e-022 1.03197230e-064 1.80108649e-062
  3.68192110e-056 5.54420161e-047 3.71458707e-024 2.12536476e-058
  1.00000000e+000]
 [7.82946311e-026 2.62586622e-045 6.08443909e-031 1.00000000e+000
  1.74400686e-005 2.65449471e-041 6.37510828e-060 7.76974911e-034
  2.17975867e-062 2.18422323e-075 1.78858000e-036 3.04005181e-017
  1.32885502e-069 1.52435510e-037 1.08299436e-053 4.94531309e-040
  1.38153273e-027 1.57341302e-072 1.04904110e-054 4.83882105e-063
  1.00000000e+000]
 [3.47870336e-023 9.92925015e-046 9.91947390e-021 1.74400686e-005
  1.00000000e+000 3.01780275e-033 1.50654477e-058 1.08576335e-033
  1.07282540e-064 1.94138235e-085 2.69042051e-033 2.40043563e-013
  3.29024531e-057 1.52504086e-031 3.77840785e-052 2.48912455e-029
  3.51095693e-046 1.04315665e-072 5.64424744e-043 4.43666474e-069
  1.00000000e+000]
 [8.12157789e-026 4.06415462e-020 1.66219898e-054 2.65449471e-041
  3.01780275e-033 1.00000000e+000 7.32095841e-023 2.14642598e-032
  9.48628240e-100 8.03504375e-046 2.73963674e-041 5.77283407e-024
  1.78497971e-089 2.38227683e-042 1.23385671e-045 5.84191280e-022
  3.16012863e-057 1.46117298e-073 2.78938505e-028 7.63917420e-083
  1.00000000e+000]
 [1.09292229e-037 1.13290905e-004 4.26872200e-055 6.37510828e-060
  1.50654477e-058 7.32095841e-023 1.00000000e+000 4.30873014e-059
  1.01312445e-066 5.61058925e-025 9.03481995e-049 5.66928879e-028
  2.41952996e-104 2.51022716e-046 2.65722504e-023 1.83131631e-073
  2.62849669e-044 3.13936118e-059 2.99012714e-025 3.78550436e-066
  1.00000000e+000]
 [2.35450097e-045 2.35469379e-037 2.53229674e-060 7.76974911e-034
  1.08576335e-033 2.14642598e-032 4.30873014e-059 1.00000000e+000
  8.09108213e-059 1.06183118e-037 3.50121188e-019 1.04805808e-045
  2.15081202e-060 2.55755189e-020 1.74660635e-063 1.23456410e-014
  4.04210177e-053 2.12285347e-074 7.31992944e-041 1.48850629e-031
  1.00000000e+000]
 [3.44456957e-081 5.19279650e-050 1.17745713e-047 2.17975867e-062
  1.07282540e-064 9.48628240e-100 1.01312445e-066 8.09108213e-059
  1.00000000e+000 1.45781484e-059 1.34253357e-037 2.96478132e-061
  2.36431218e-065 4.98611492e-030 3.49169740e-047 5.09267718e-106
  7.56584876e-066 2.74523033e-071 1.50519763e-052 7.73284961e-018
  1.00000000e+000]
 [6.50877919e-065 6.09624407e-016 4.82563897e-093 2.18422323e-075
  1.94138235e-085 8.03504375e-046 5.61058925e-025 1.06183118e-037
  1.45781484e-059 1.00000000e+000 3.45330289e-043 2.63856882e-062
  4.85171695e-114 7.73065127e-046 5.47361625e-048 4.29111615e-075
  7.41373273e-042 7.31735164e-072 2.77518438e-046 3.39811909e-035
  1.00000000e+000]
 [4.54211494e-058 3.02898454e-036 2.43668949e-051 1.78858000e-036
  2.69042051e-033 2.73963674e-041 9.03481995e-049 3.50121188e-019
  1.34253357e-037 3.45330289e-043 1.00000000e+000 7.58440694e-033
  2.63814080e-091 1.15537179e-030 4.41197084e-043 2.82314786e-036
  3.72625203e-054 5.36319394e-107 8.75324402e-049 1.54567193e-040
  1.00000000e+000]
 [4.59000975e-012 7.57210082e-023 9.85201363e-016 3.04005181e-017
  2.40043563e-013 5.77283407e-024 5.66928879e-028 1.04805808e-045
  2.96478132e-061 2.63856882e-062 7.58440694e-033 1.00000000e+000
  1.34474867e-077 1.29711187e-032 8.18553615e-044 1.73235236e-044
  9.67667640e-030 8.97094049e-066 2.45398430e-029 5.39083046e-068
  1.00000000e+000]
 [8.80088482e-057 3.45575797e-077 2.75490206e-039 1.32885502e-069
  3.29024531e-057 1.78497971e-089 2.41952996e-104 2.15081202e-060
  2.36431218e-065 4.85171695e-114 2.63814080e-091 1.34474867e-077
  1.00000000e+000 2.52696409e-022 2.66701944e-101 6.52761052e-072
  1.53917550e-111 3.03332283e-029 2.62194361e-035 3.09233903e-049
  1.00000000e+000]
 [1.97150716e-027 3.95570299e-026 7.85885742e-022 1.52435510e-037
  1.52504086e-031 2.38227683e-042 2.51022716e-046 2.55755189e-020
  4.98611492e-030 7.73065127e-046 1.15537179e-030 1.29711187e-032
  2.52696409e-022 1.00000000e+000 5.71488893e-056 9.94882218e-038
  1.63465912e-052 1.28466988e-031 8.47975443e-012 2.87756164e-016
  1.00000000e+000]
 [1.77945265e-071 2.46260108e-027 1.03197230e-064 1.08299436e-053
  3.77840785e-052 1.23385671e-045 2.65722504e-023 1.74660635e-063
  3.49169740e-047 5.47361625e-048 4.41197084e-043 8.18553615e-044
  2.66701944e-101 5.71488893e-056 1.00000000e+000 2.95581727e-086
  1.39607079e-067 4.32503935e-081 2.71365735e-048 3.52598414e-069
  1.00000000e+000]
 [1.15892804e-041 1.97414251e-055 1.80108649e-062 4.94531309e-040
  2.48912455e-029 5.84191280e-022 1.83131631e-073 1.23456410e-014
  5.09267718e-106 4.29111615e-075 2.82314786e-036 1.73235236e-044
  6.52761052e-072 9.94882218e-038 2.95581727e-086 1.00000000e+000
  7.69587029e-081 6.10358684e-097 8.42102231e-048 2.37706791e-077
  1.00000000e+000]
 [1.35416240e-031 1.04063423e-031 3.68192110e-056 1.38153273e-027
  3.51095693e-046 3.16012863e-057 2.62849669e-044 4.04210177e-053
  7.56584876e-066 7.41373273e-042 3.72625203e-054 9.67667640e-030
  1.53917550e-111 1.63465912e-052 1.39607079e-067 7.69587029e-081
  1.00000000e+000 4.85100071e-069 1.43830710e-063 1.60600279e-054
  1.00000000e+000]
 [7.27885233e-038 3.95624001e-042 5.54420161e-047 1.57341302e-072
  1.04315665e-072 1.46117298e-073 3.13936118e-059 2.12285347e-074
  2.74523033e-071 7.31735164e-072 5.36319394e-107 8.97094049e-066
  3.03332283e-029 1.28466988e-031 4.32503935e-081 6.10358684e-097
  4.85100071e-069 1.00000000e+000 2.41809179e-025 1.18113335e-048
  1.00000000e+000]
 [5.78743762e-022 2.01375114e-015 3.71458707e-024 1.04904110e-054
  5.64424744e-043 2.78938505e-028 2.99012714e-025 7.31992944e-041
  1.50519763e-052 2.77518438e-046 8.75324402e-049 2.45398430e-029
  2.62194361e-035 8.47975443e-012 2.71365735e-048 8.42102231e-048
  1.43830710e-063 2.41809179e-025 1.00000000e+000 6.10184970e-041
  1.00000000e+000]
 [2.35885880e-065 8.87841048e-041 2.12536476e-058 4.83882105e-063
  4.43666474e-069 7.63917420e-083 3.78550436e-066 1.48850629e-031
  7.73284961e-018 3.39811909e-035 1.54567193e-040 5.39083046e-068
  3.09233903e-049 2.87756164e-016 3.52598414e-069 2.37706791e-077
  1.60600279e-054 1.18113335e-048 6.10184970e-041 1.00000000e+000
  1.00000000e+000]
 [1.00000000e+000 1.00000000e+000 1.00000000e+000 1.00000000e+000
  1.00000000e+000 1.00000000e+000 1.00000000e+000 1.00000000e+000
  1.00000000e+000 1.00000000e+000 1.00000000e+000 1.00000000e+000
  1.00000000e+000 1.00000000e+000 1.00000000e+000 1.00000000e+000
  1.00000000e+000 1.00000000e+000 1.00000000e+000 1.00000000e+000
  0.00000000e+000]]
