[[1.00000000e+000 3.81812261e-009 1.46605163e-037 6.99807284e-035
  1.29455966e-039 4.77427624e-018 9.12492832e-043 6.02926190e-018
  6.18533947e-038 2.02992111e-031 5.83957700e-056 3.79620539e-020
  2.15451399e-069 7.45882759e-022 3.59828265e-040 1.82103483e-040
  4.89572964e-021 3.43889527e-051 4.42225094e-020 4.83610132e-065
  1.00000000e+000]
 [3.81812261e-009 1.00000000e+000 4.19516044e-042 9.78719239e-048
  6.11198129e-054 2.39732046e-016 6.01515662e-054 3.13731355e-022
  1.64695310e-058 1.30411071e-048 2.28663439e-051 1.94113942e-027
  1.58270657e-089 1.90497832e-035 3.45464333e-049 2.29225069e-046
  6.80062956e-036 5.06698339e-060 1.73156435e-029 2.66551722e-056
  1.00000000e+000]
 [1.46605163e-037 4.19516044e-042 1.00000000e+000 2.83987359e-065
  2.94181916e-056 2.35930208e-029 4.77684764e-080 2.74882870e-047
  2.50893172e-052 1.33511122e-053 1.65433508e-047 4.54905964e-051
  4.73113213e-037 1.32428925e-018 1.19722626e-077 2.05708229e-031
  6.25902143e-074 3.00503230e-094 6.29817574e-075 3.20631978e-098
  1.00000000e+000]
 [6.99807284e-035 9.78719239e-048 2.83987359e-065 1.00000000e+000
  5.42766734e-037 1.94425427e-052 3.06874271e-015 4.51186872e-015
  3.62636426e-019 1.33620078e-011 3.46465357e-073 9.85270453e-005
  3.16437624e-052 7.28192062e-034 4.62588670e-040 1.92411176e-031
  5.06429359e-015 1.23621645e-047 1.92795624e-022 1.57842570e-022
  1.00000000e+000]
 [1.29455966e-039 6.11198129e-054 2.94181916e-056 5.42766734e-037
  1.00000000e+000 3.62169155e-053 1.33800440e-019 2.16569619e-035
  3.76451884e-011 3.26099083e-034 5.10383378e-109 4.47770770e-026
  1.68726890e-033 1.18598369e-032 5.44352042e-020 1.13890406e-015
  1.25432493e-036 6.03759966e-030 2.69026458e-040 1.11950653e-065
  1.00000000e+000]
 [4.77427624e-018 2.39732046e-016 2.35930208e-029 1.94425427e-052
  3.62169155e-053 1.00000000e+000 4.77625955e-047 7.62314533e-045
  3.97644723e-064 1.56339008e-033 1.64403782e-027 9.74783268e-034
  2.27314177e-052 3.03153017e-030 8.16011681e-034 5.25810509e-055
  2.67102128e-033 1.76353470e-043 5.66056248e-026 4.60074484e-074
  1.00000000e+000]
 [9.12492832e-043 6.01515662e-054 4.77684764e-080 3.06874271e-015
  1.33800440e-019 4.77625955e-047 1.00000000e+000 4.94348443e-035
  5.06496675e-024 2.78586304e-013 2.62361931e-084 7.03734525e-012
  3.53162992e-042 2.28117824e-046 1.51459399e-010 9.97348439e-038
  1.49935969e-012 4.37414073e-016 6.74454347e-015 2.99177825e-033
  1.00000000e+000]
 [6.02926190e-018 3.13731355e-022 2.74882870e-047 4.51186872e-015
  2.16569619e-035 7.62314533e-045 4.94348443e-035 1.00000000e+000
  1.04816560e-019 3.87575779e-034 2.09734897e-082 1.94124529e-010
  1.27886836e-072 3.65596349e-021 5.86819933e-051 9.67933664e-020
  1.88712251e-029 3.91671568e-059 7.57631652e-034 1.43059035e-035
  1.00000000e+000]
 [6.18533947e-038 1.64695310e-058 2.50893172e-052 3.62636426e-019
  3.76451884e-011 3.97644723e-064 5.06496675e-024 1.04816560e-019
  1.00000000e+000 1.46829070e-028 4.77000915e-111 1.53246087e-018
  2.87248196e-037 1.84395435e-021 1.19545973e-038 7.32976256e-011
  5.51832348e-035 1.55654144e-047 8.45793149e-045 1.49867707e-057
  1.00000000e+000]
 [2.02992111e-031 1.30411071e-048 1.33511122e-053 1.33620078e-011
  3.26099083e-034 1.56339008e-033 2.78586304e-013 3.87575779e-034
  1.46829070e-028 1.00000000e+000 3.58771510e-045 5.04590053e-010
  1.69857317e-029 7.68801070e-036 1.49765235e-027 2.62171439e-041
  1.07290274e-008 4.64024153e-039 2.74473302e-013 9.38071769e-038
  1.00000000e+000]
 [5.83957700e-056 2.28663439e-051 1.65433508e-047 3.46465357e-073
  5.10383378e-109 1.64403782e-027 2.62361931e-084 2.09734897e-082
  4.77000915e-111 3.58771510e-045 1.00000000e+000 8.32643833e-058
  2.74881428e-071 8.96992077e-076 2.89233823e-089 3.24468690e-094
  3.13161496e-060 6.10261465e-110 1.18439592e-054 4.55130950e-075
  1.00000000e+000]
 [3.79620539e-020 1.94113942e-027 4.54905964e-051 9.85270453e-005
  4.47770770e-026 9.74783268e-034 7.03734525e-012 1.94124529e-010
  1.53246087e-018 5.04590053e-010 8.32643833e-058 1.00000000e+000
  9.45925956e-048 2.42833820e-028 3.58923214e-028 5.93307969e-024
  1.09536642e-009 4.68240684e-038 4.20670017e-013 8.40908501e-020
  1.00000000e+000]
 [2.15451399e-069 1.58270657e-089 4.73113213e-037 3.16437624e-052
  1.68726890e-033 2.27314177e-052 3.53162992e-042 1.27886836e-072
  2.87248196e-037 1.69857317e-029 2.74881428e-071 9.45925956e-048
  1.00000000e+000 5.82361403e-038 1.62320335e-045 8.70055347e-037
  1.02876525e-058 3.77852541e-059 1.99264114e-064 1.63493977e-091
  1.00000000e+000]
 [7.45882759e-022 1.90497832e-035 1.32428925e-018 7.28192062e-034
  1.18598369e-032 3.03153017e-030 2.28117824e-046 3.65596349e-021
  1.84395435e-021 7.68801070e-036 8.96992077e-076 2.42833820e-028
  5.82361403e-038 1.00000000e+000 5.98028901e-046 6.44986685e-021
  1.30467720e-043 5.91429781e-052 8.12522152e-048 1.21058516e-082
  1.00000000e+000]
 [3.59828265e-040 3.45464333e-049 1.19722626e-077 4.62588670e-040
  5.44352042e-020 8.16011681e-034 1.51459399e-010 5.86819933e-051
  1.19545973e-038 1.49765235e-027 2.89233823e-089 3.58923214e-028
  1.62320335e-045 5.98028901e-046 1.00000000e+000 1.20409548e-049
  1.75209972e-021 1.87453829e-003 3.01176338e-018 7.03095380e-066
  1.00000000e+000]
 [1.82103483e-040 2.29225069e-046 2.05708229e-031 1.92411176e-031
  1.13890406e-015 5.25810509e-055 9.97348439e-038 9.67933664e-020
  7.32976256e-011 2.62171439e-041 3.24468690e-094 5.93307969e-024
  8.70055347e-037 6.44986685e-021 1.20409548e-049 1.00000000e+000
  3.19035102e-053 3.64683068e-062 4.77584939e-059 1.89983220e-052
  1.00000000e+000]
 [4.89572964e-021 6.80062956e-036 6.25902143e-074 5.06429359e-015
  1.25432493e-036 2.67102128e-033 1.49935969e-012 1.88712251e-029
  5.51832348e-035 1.07290274e-008 3.13161496e-060 1.09536642e-009
  1.02876525e-058 1.30467720e-043 1.75209972e-021 3.19035102e-053
  1.00000000e+000 6.39854761e-030 1.98080570e-002 4.36312550e-039
  1.00000000e+000]
 [3.43889527e-051 5.06698339e-060 3.00503230e-094 1.23621645e-047
  6.03759966e-030 1.76353470e-043 4.37414073e-016 3.91671568e-059
  1.55654144e-047 4.64024153e-039 6.10261465e-110 4.68240684e-038
  3.77852541e-059 5.91429781e-052 1.87453829e-003 3.64683068e-062
  6.39854761e-030 1.00000000e+000 3.78538246e-026 6.49038206e-079
  1.00000000e+000]
 [4.42225094e-020 1.73156435e-029 6.29817574e-075 1.92795624e-022
  2.69026458e-040 5.66056248e-026 6.74454347e-015 7.57631652e-034
  8.45793149e-045 2.74473302e-013 1.18439592e-054 4.20670017e-013
  1.99264114e-064 8.12522152e-048 3.01176338e-018 4.77584939e-059
  1.98080570e-002 3.78538246e-026 1.00000000e+000 5.72985726e-041
  1.00000000e+000]
 [4.83610132e-065 2.66551722e-056 3.20631978e-098 1.57842570e-022
  1.11950653e-065 4.60074484e-074 2.99177825e-033 1.43059035e-035
  1.49867707e-057 9.38071769e-038 4.55130950e-075 8.40908501e-020
  1.63493977e-091 1.21058516e-082 7.03095380e-066 1.89983220e-052
  4.36312550e-039 6.49038206e-079 5.72985726e-041 1.00000000e+000
  1.00000000e+000]
 [1.00000000e+000 1.00000000e+000 1.00000000e+000 1.00000000e+000
  1.00000000e+000 1.00000000e+000 1.00000000e+000 1.00000000e+000
  1.00000000e+000 1.00000000e+000 1.00000000e+000 1.00000000e+000
  1.00000000e+000 1.00000000e+000 1.00000000e+000 1.00000000e+000
  1.00000000e+000 1.00000000e+000 1.00000000e+000 1.00000000e+000
  0.00000000e+000]]
