[[1.00000000e+00 7.47470055e-54 4.15966265e-40 ... 9.92637915e-22
  9.36296731e-41 1.00000000e+00]
 [7.47470055e-54 1.00000000e+00 3.31963162e-62 ... 1.46528593e-67
  1.60420155e-58 1.00000000e+00]
 [4.15966265e-40 3.31963162e-62 1.00000000e+00 ... 3.07488043e-14
  3.98993053e-20 1.00000000e+00]
 ...
 [9.92637915e-22 1.46528593e-67 3.07488043e-14 ... 1.00000000e+00
  6.16249154e-24 1.00000000e+00]
 [9.36296731e-41 1.60420155e-58 3.98993053e-20 ... 6.16249154e-24
  1.00000000e+00 1.00000000e+00]
 [1.00000000e+00 1.00000000e+00 1.00000000e+00 ... 1.00000000e+00
  1.00000000e+00 0.00000000e+00]]
