[[1.00000000e+00 2.37478372e-17 7.22137138e-18 ... 2.34201319e-37
  4.24038834e-30 1.00000000e+00]
 [2.37478372e-17 1.00000000e+00 4.82462750e-33 ... 1.43089827e-27
  5.34731557e-36 1.00000000e+00]
 [7.22137138e-18 4.82462750e-33 1.00000000e+00 ... 4.53906932e-20
  2.73149782e-25 1.00000000e+00]
 ...
 [2.34201319e-37 1.43089827e-27 4.53906932e-20 ... 1.00000000e+00
  1.54790104e-38 1.00000000e+00]
 [4.24038834e-30 5.34731557e-36 2.73149782e-25 ... 1.54790104e-38
  1.00000000e+00 1.00000000e+00]
 [1.00000000e+00 1.00000000e+00 1.00000000e+00 ... 1.00000000e+00
  1.00000000e+00 0.00000000e+00]]
