[[1.00000000e+00 3.86537287e-56 3.83190014e-47 ... 1.14506245e-77
  3.93402584e-60 1.00000000e+00]
 [3.86537287e-56 1.00000000e+00 4.20802014e-54 ... 1.50902316e-46
  1.87027456e-19 1.00000000e+00]
 [3.83190014e-47 4.20802014e-54 1.00000000e+00 ... 6.78359926e-22
  1.35347104e-59 1.00000000e+00]
 ...
 [1.14506245e-77 1.50902316e-46 6.78359926e-22 ... 1.00000000e+00
  1.72212022e-55 1.00000000e+00]
 [3.93402584e-60 1.87027456e-19 1.35347104e-59 ... 1.72212022e-55
  1.00000000e+00 1.00000000e+00]
 [1.00000000e+00 1.00000000e+00 1.00000000e+00 ... 1.00000000e+00
  1.00000000e+00 0.00000000e+00]]
