[[1.00000000e+00 2.07632287e-58 3.25281450e-15 ... 1.09552481e-37
  1.72877306e-37 1.00000000e+00]
 [2.07632287e-58 1.00000000e+00 9.58865155e-39 ... 6.70044750e-30
  2.14935728e-26 1.00000000e+00]
 [3.25281450e-15 9.58865155e-39 1.00000000e+00 ... 1.43940969e-16
  3.73150193e-38 1.00000000e+00]
 ...
 [1.09552481e-37 6.70044750e-30 1.43940969e-16 ... 1.00000000e+00
  1.49385478e-39 1.00000000e+00]
 [1.72877306e-37 2.14935728e-26 3.73150193e-38 ... 1.49385478e-39
  1.00000000e+00 1.00000000e+00]
 [1.00000000e+00 1.00000000e+00 1.00000000e+00 ... 1.00000000e+00
  1.00000000e+00 0.00000000e+00]]
