[[1.00000000e+000 7.51765284e-049 6.26935473e-076 2.71291079e-035
  6.96495767e-048 8.61016372e-093 1.60022709e-109 2.80882923e-081
  1.49883707e-084 4.37357280e-052 3.70033912e-047 1.51458167e-034
  4.02957748e-047 7.04106482e-075 3.59764945e-092 1.65266053e-043
  2.26506003e-044 2.42532609e-058 2.59436340e-056 2.51187857e-061
  1.00000000e+000]
 [7.51765284e-049 1.00000000e+000 1.04887965e-019 1.70492924e-045
  2.62227130e-048 6.16718198e-062 1.42518533e-057 5.55077201e-031
  9.79068264e-051 1.16552419e-065 9.63676007e-020 1.51434812e-028
  1.25565842e-042 5.53215722e-040 3.21787562e-050 8.60313591e-072
  7.28958171e-047 6.03457594e-028 1.15614396e-059 1.11757700e-009
  1.00000000e+000]
 [6.26935473e-076 1.04887965e-019 1.00000000e+000 8.14619859e-049
  5.92850838e-067 9.92191495e-056 1.14469061e-037 1.64714319e-020
  1.09244055e-069 3.22136456e-064 1.13616384e-033 2.57451870e-054
  1.16834277e-032 4.09266249e-046 3.31616438e-048 1.41575637e-048
  1.02388143e-050 4.44244221e-023 9.81441811e-058 2.86623038e-023
  1.00000000e+000]
 [2.71291079e-035 1.70492924e-045 8.14619859e-049 1.00000000e+000
  1.66667656e-035 3.93694818e-121 1.47344282e-085 3.72617616e-045
  9.57139969e-117 5.56661732e-015 1.17849249e-077 3.27323876e-057
  8.23123570e-048 3.50879665e-062 3.02968037e-092 1.76910884e-043
  2.82433863e-017 2.72018455e-025 4.18906273e-041 1.20178959e-059
  1.00000000e+000]
 [6.96495767e-048 2.62227130e-048 5.92850838e-067 1.66667656e-035
  1.00000000e+000 2.69522900e-098 2.13479438e-087 1.54900227e-056
  5.41229435e-097 3.76530508e-051 5.44892094e-049 5.99220644e-038
  8.71105449e-090 1.24157357e-015 8.93478203e-046 4.38684078e-088
  1.20004414e-024 1.31941510e-016 4.72815084e-048 5.54640657e-035
  1.00000000e+000]
 [8.61016372e-093 6.16718198e-062 9.92191495e-056 3.93694818e-121
  2.69522900e-098 1.00000000e+000 3.65356739e-022 1.94584498e-043
  2.91434693e-015 1.67981241e-101 5.28000615e-030 1.79271537e-078
  1.96319680e-043 1.95337942e-070 1.41008788e-034 5.93343851e-067
  1.59487577e-081 7.83648200e-074 4.42779004e-057 1.10535649e-051
  1.00000000e+000]
 [1.60022709e-109 1.42518533e-057 1.14469061e-037 1.47344282e-085
  2.13479438e-087 3.65356739e-022 1.00000000e+000 3.10213896e-012
  1.53429725e-033 2.97578324e-060 2.46492671e-056 1.12387004e-093
  8.75870847e-035 3.34238324e-065 3.62108684e-038 1.08053082e-058
  5.84034348e-052 4.76931533e-049 2.12716451e-035 6.80357944e-054
  1.00000000e+000]
 [2.80882923e-081 5.55077201e-031 1.64714319e-020 3.72617616e-045
  1.54900227e-056 1.94584498e-043 3.10213896e-012 1.00000000e+000
  1.06574221e-050 3.54499461e-032 6.52741727e-047 6.06284521e-076
  9.56304150e-033 6.93798492e-050 2.60603575e-046 4.78159993e-055
  6.54742134e-034 2.12271876e-025 1.11480138e-035 8.19344734e-031
  1.00000000e+000]
 [1.49883707e-084 9.79068264e-051 1.09244055e-069 9.57139969e-117
  5.41229435e-097 2.91434693e-015 1.53429725e-033 1.06574221e-050
  1.00000000e+000 5.76783112e-102 1.71073025e-036 3.49475986e-060
  1.71219206e-043 3.50792086e-073 5.13042602e-038 3.29084260e-080
  1.48537633e-071 7.87062541e-079 1.11513435e-047 4.99318142e-055
  1.00000000e+000]
 [4.37357280e-052 1.16552419e-065 3.22136456e-064 5.56661732e-015
  3.76530508e-051 1.67981241e-101 2.97578324e-060 3.54499461e-032
  5.76783112e-102 1.00000000e+000 1.04272578e-091 2.42741357e-092
  9.93763294e-044 5.72669948e-083 7.52293907e-099 8.73794319e-044
  3.74813067e-021 1.10520025e-041 9.71747234e-034 1.02311260e-075
  1.00000000e+000]
 [3.70033912e-047 9.63676007e-020 1.13616384e-033 1.17849249e-077
  5.44892094e-049 5.28000615e-030 2.46492671e-056 6.52741727e-047
  1.71073025e-036 1.04272578e-091 1.00000000e+000 2.36917361e-028
  1.48947976e-051 4.04155589e-033 2.57503491e-031 6.25914713e-071
  3.80980359e-064 7.58091160e-040 4.75919922e-066 3.99243237e-011
  1.00000000e+000]
 [1.51458167e-034 1.51434812e-028 2.57451870e-054 3.27323876e-057
  5.99220644e-038 1.79271537e-078 1.12387004e-093 6.06284521e-076
  3.49475986e-060 2.42741357e-092 2.36917361e-028 1.00000000e+000
  4.10309564e-059 1.10547195e-028 8.47711699e-038 1.10583503e-068
  2.80284826e-040 8.05063025e-035 1.66681991e-048 4.13684722e-036
  1.00000000e+000]
 [4.02957748e-047 1.25565842e-042 1.16834277e-032 8.23123570e-048
  8.71105449e-090 1.96319680e-043 8.75870847e-035 9.56304150e-033
  1.71219206e-043 9.93763294e-044 1.48947976e-051 4.10309564e-059
  1.00000000e+000 1.55181199e-084 5.04607099e-067 4.51245936e-012
  7.48209487e-040 6.69643899e-053 1.74258149e-028 6.16393634e-063
  1.00000000e+000]
 [7.04106482e-075 5.53215722e-040 4.09266249e-046 3.50879665e-062
  1.24157357e-015 1.95337942e-070 3.34238324e-065 6.93798492e-050
  3.50792086e-073 5.72669948e-083 4.04155589e-033 1.10547195e-028
  1.55181199e-084 1.00000000e+000 2.81136678e-014 3.13446010e-091
  3.22055855e-035 2.14719183e-012 6.25051652e-048 3.17958202e-023
  1.00000000e+000]
 [3.59764945e-092 3.21787562e-050 3.31616438e-048 3.02968037e-092
  8.93478203e-046 1.41008788e-034 3.62108684e-038 2.60603575e-046
  5.13042602e-038 7.52293907e-099 2.57503491e-031 8.47711699e-038
  5.04607099e-067 2.81136678e-014 1.00000000e+000 5.95663157e-081
  2.40507405e-045 5.81996217e-030 1.48618467e-037 2.32423788e-035
  1.00000000e+000]
 [1.65266053e-043 8.60313591e-072 1.41575637e-048 1.76910884e-043
  4.38684078e-088 5.93343851e-067 1.08053082e-058 4.78159993e-055
  3.29084260e-080 8.73794319e-044 6.25914713e-071 1.10583503e-068
  4.51245936e-012 3.13446010e-091 5.95663157e-081 1.00000000e+000
  4.33210060e-040 1.37924635e-056 6.55224793e-032 1.83642677e-087
  1.00000000e+000]
 [2.26506003e-044 7.28958171e-047 1.02388143e-050 2.82433863e-017
  1.20004414e-024 1.59487577e-081 5.84034348e-052 6.54742134e-034
  1.48537633e-071 3.74813067e-021 3.80980359e-064 2.80284826e-040
  7.48209487e-040 3.22055855e-035 2.40507405e-045 4.33210060e-040
  1.00000000e+000 3.18073162e-016 1.03614819e-008 2.63244417e-054
  1.00000000e+000]
 [2.42532609e-058 6.03457594e-028 4.44244221e-023 2.72018455e-025
  1.31941510e-016 7.83648200e-074 4.76931533e-049 2.12271876e-025
  7.87062541e-079 1.10520025e-041 7.58091160e-040 8.05063025e-035
  6.69643899e-053 2.14719183e-012 5.81996217e-030 1.37924635e-056
  3.18073162e-016 1.00000000e+000 2.55820383e-032 6.24810406e-023
  1.00000000e+000]
 [2.59436340e-056 1.15614396e-059 9.81441811e-058 4.18906273e-041
  4.72815084e-048 4.42779004e-057 2.12716451e-035 1.11480138e-035
  1.11513435e-047 9.71747234e-034 4.75919922e-066 1.66681991e-048
  1.74258149e-028 6.25051652e-048 1.48618467e-037 6.55224793e-032
  1.03614819e-008 2.55820383e-032 1.00000000e+000 2.04294038e-068
  1.00000000e+000]
 [2.51187857e-061 1.11757700e-009 2.86623038e-023 1.20178959e-059
  5.54640657e-035 1.10535649e-051 6.80357944e-054 8.19344734e-031
  4.99318142e-055 1.02311260e-075 3.99243237e-011 4.13684722e-036
  6.16393634e-063 3.17958202e-023 2.32423788e-035 1.83642677e-087
  2.63244417e-054 6.24810406e-023 2.04294038e-068 1.00000000e+000
  1.00000000e+000]
 [1.00000000e+000 1.00000000e+000 1.00000000e+000 1.00000000e+000
  1.00000000e+000 1.00000000e+000 1.00000000e+000 1.00000000e+000
  1.00000000e+000 1.00000000e+000 1.00000000e+000 1.00000000e+000
  1.00000000e+000 1.00000000e+000 1.00000000e+000 1.00000000e+000
  1.00000000e+000 1.00000000e+000 1.00000000e+000 1.00000000e+000
  0.00000000e+000]]
