[[1.00000000e+00 1.98299652e-41 1.11875460e-54 ... 1.87395997e-45
  1.84950013e-35 1.00000000e+00]
 [1.98299652e-41 1.00000000e+00 5.95413956e-28 ... 5.30642996e-69
  4.82972958e-51 1.00000000e+00]
 [1.11875460e-54 5.95413956e-28 1.00000000e+00 ... 1.45422050e-92
  8.11641044e-18 1.00000000e+00]
 ...
 [1.87395997e-45 5.30642996e-69 1.45422050e-92 ... 1.00000000e+00
  2.97688745e-60 1.00000000e+00]
 [1.84950013e-35 4.82972958e-51 8.11641044e-18 ... 2.97688745e-60
  1.00000000e+00 1.00000000e+00]
 [1.00000000e+00 1.00000000e+00 1.00000000e+00 ... 1.00000000e+00
  1.00000000e+00 0.00000000e+00]]
