[[1.00000000e+00 3.50359143e-16 4.35915526e-44 ... 1.10995269e-11
  3.40163783e-72 1.00000000e+00]
 [3.50359143e-16 1.00000000e+00 1.20339134e-30 ... 3.59809798e-16
  8.90282273e-51 1.00000000e+00]
 [4.35915526e-44 1.20339134e-30 1.00000000e+00 ... 1.28551034e-26
  5.72024591e-30 1.00000000e+00]
 ...
 [1.10995269e-11 3.59809798e-16 1.28551034e-26 ... 1.00000000e+00
  2.41173895e-54 1.00000000e+00]
 [3.40163783e-72 8.90282273e-51 5.72024591e-30 ... 2.41173895e-54
  1.00000000e+00 1.00000000e+00]
 [1.00000000e+00 1.00000000e+00 1.00000000e+00 ... 1.00000000e+00
  1.00000000e+00 0.00000000e+00]]
