[[1.00000000e+000 1.49854775e-030 9.58909703e-050 6.58324825e-066
  1.73717016e-052 2.69886163e-029 2.72444256e-060 2.59260755e-079
  1.44321699e-050 3.92422833e-080 9.77792645e-039 7.49685897e-013
  3.17303505e-055 6.56940108e-038 2.36120814e-059 1.81920514e-022
  1.40128396e-057 1.24633250e-079 2.66251183e-051 4.06700434e-044
  1.00000000e+000]
 [1.49854775e-030 1.00000000e+000 1.50764532e-044 9.66329655e-025
  6.13282125e-037 4.04714330e-017 2.15731530e-041 3.11321221e-073
  4.01869854e-045 1.55370024e-038 1.57984176e-021 3.57211042e-025
  1.71201917e-017 1.33418762e-035 3.16105077e-047 6.20538976e-021
  1.54196649e-074 1.50985632e-034 4.56669875e-041 2.13529927e-034
  1.00000000e+000]
 [9.58909703e-050 1.50764532e-044 1.00000000e+000 1.08522656e-046
  1.33739080e-060 1.55337816e-050 2.00226350e-030 4.07867802e-038
  1.52949408e-022 2.18074373e-039 1.75013413e-021 2.89666188e-032
  6.72691064e-026 1.04726225e-034 4.86440164e-046 6.73495054e-034
  5.52646086e-012 7.41404891e-035 1.35474373e-018 2.16598979e-039
  1.00000000e+000]
 [6.58324825e-066 9.66329655e-025 1.08522656e-046 1.00000000e+000
  9.83770328e-017 5.62095491e-047 1.91744175e-026 3.23001921e-069
  5.60411594e-031 1.02348665e-050 5.42498637e-034 1.28834308e-046
  9.09824970e-016 1.06796120e-038 6.81074539e-094 9.32649736e-034
  1.90528115e-086 1.18159787e-020 3.67960368e-048 5.78262573e-050
  1.00000000e+000]
 [1.73717016e-052 6.13282125e-037 1.33739080e-060 9.83770328e-017
  1.00000000e+000 3.11754548e-072 3.50058229e-062 2.36952651e-114
  2.44000660e-055 2.83428403e-101 5.11599536e-055 7.28390867e-040
  4.99600105e-037 6.69594071e-048 1.02399608e-124 5.02285148e-024
  1.68409832e-090 9.18123203e-056 1.77644895e-067 7.13045314e-072
  1.00000000e+000]
 [2.69886163e-029 4.04714330e-017 1.55337816e-050 5.62095491e-047
  3.11754548e-072 1.00000000e+000 4.25429514e-028 5.21911000e-040
  8.92509650e-039 2.04446754e-035 6.34263979e-016 7.79954673e-024
  8.47716835e-038 5.72142361e-034 2.99646812e-024 1.06500973e-032
  9.22504634e-081 2.13548826e-043 8.23004207e-030 3.22960486e-020
  1.00000000e+000]
 [2.72444256e-060 2.15731530e-041 2.00226350e-030 1.91744175e-026
  3.50058229e-062 4.25429514e-028 1.00000000e+000 3.04864789e-016
  1.20302666e-006 4.06499868e-025 1.59756511e-020 3.48529394e-046
  5.92875689e-025 2.13717865e-028 2.12586710e-057 2.25602762e-050
  1.53438121e-062 2.75311165e-022 4.52157169e-028 1.43140550e-027
  1.00000000e+000]
 [2.59260755e-079 3.11321221e-073 4.07867802e-038 3.23001921e-069
  2.36952651e-114 5.21911000e-040 3.04864789e-016 1.00000000e+000
  2.92196794e-029 6.11098477e-030 4.14223450e-039 5.49357214e-059
  5.47734989e-064 2.39966222e-065 1.10841553e-050 3.02606114e-076
  1.83415587e-055 1.10528405e-033 4.55662271e-035 3.19221418e-052
  1.00000000e+000]
 [1.44321699e-050 4.01869854e-045 1.52949408e-022 5.60411594e-031
  2.44000660e-055 8.92509650e-039 1.20302666e-006 2.92196794e-029
  1.00000000e+000 1.91867812e-035 1.16349115e-022 1.35722464e-045
  1.09520463e-020 4.76315564e-018 1.66069477e-066 2.48388573e-048
  3.88859986e-049 7.99715276e-037 1.17598967e-031 1.77968315e-026
  1.00000000e+000]
 [3.92422833e-080 1.55370024e-038 2.18074373e-039 1.02348665e-050
  2.83428403e-101 2.04446754e-035 4.06499868e-025 6.11098477e-030
  1.91867812e-035 1.00000000e+000 5.24411001e-039 3.37143696e-071
  6.80658721e-032 6.06633213e-067 9.31851367e-053 2.63135606e-078
  2.84653902e-061 3.90937696e-020 2.98796810e-053 1.75120177e-056
  1.00000000e+000]
 [9.77792645e-039 1.57984176e-021 1.75013413e-021 5.42498637e-034
  5.11599536e-055 6.34263979e-016 1.59756511e-020 4.14223450e-039
  1.16349115e-022 5.24411001e-039 1.00000000e+000 1.87673903e-020
  1.25172591e-017 1.14868173e-012 5.56663251e-020 5.82769504e-020
  7.76367287e-056 6.58662879e-038 3.57272076e-006 3.64619486e-006
  1.00000000e+000]
 [7.49685897e-013 3.57211042e-025 2.89666188e-032 1.28834308e-046
  7.28390867e-040 7.79954673e-024 3.48529394e-046 5.49357214e-059
  1.35722464e-045 3.37143696e-071 1.87673903e-020 1.00000000e+000
  7.93603891e-045 5.09154175e-033 2.11125107e-039 3.64336342e-005
  4.83874044e-048 1.06563600e-052 6.90285291e-022 5.74495982e-033
  1.00000000e+000]
 [3.17303505e-055 1.71201917e-017 6.72691064e-026 9.09824970e-016
  4.99600105e-037 8.47716835e-038 5.92875689e-025 5.47734989e-064
  1.09520463e-020 6.80658721e-032 1.25172591e-017 7.93603891e-045
  1.00000000e+000 1.57320494e-020 2.81748368e-060 1.33287305e-034
  9.12147508e-062 7.41711868e-030 3.72205959e-034 1.09130682e-027
  1.00000000e+000]
 [6.56940108e-038 1.33418762e-035 1.04726225e-034 1.06796120e-038
  6.69594071e-048 5.72142361e-034 2.13717865e-028 2.39966222e-065
  4.76315564e-018 6.06633213e-067 1.14868173e-012 5.09154175e-033
  1.57320494e-020 1.00000000e+000 6.07497905e-052 4.19978727e-029
  8.95026124e-073 1.66113856e-067 2.19854405e-024 1.59715717e-007
  1.00000000e+000]
 [2.36120814e-059 3.16105077e-047 4.86440164e-046 6.81074539e-094
  1.02399608e-124 2.99646812e-024 2.12586710e-057 1.10841553e-050
  1.66069477e-066 9.31851367e-053 5.56663251e-020 2.11125107e-039
  2.81748368e-060 6.07497905e-052 1.00000000e+000 5.07674840e-050
  3.79850955e-072 1.13465837e-071 1.51035984e-020 2.11297859e-026
  1.00000000e+000]
 [1.81920514e-022 6.20538976e-021 6.73495054e-034 9.32649736e-034
  5.02285148e-024 1.06500973e-032 2.25602762e-050 3.02606114e-076
  2.48388573e-048 2.63135606e-078 5.82769504e-020 3.64336342e-005
  1.33287305e-034 4.19978727e-029 5.07674840e-050 1.00000000e+000
  7.46774590e-058 3.30764714e-051 2.83997115e-023 1.45837798e-033
  1.00000000e+000]
 [1.40128396e-057 1.54196649e-074 5.52646086e-012 1.90528115e-086
  1.68409832e-090 9.22504634e-081 1.53438121e-062 1.83415587e-055
  3.88859986e-049 2.84653902e-061 7.76367287e-056 4.83874044e-048
  9.12147508e-062 8.95026124e-073 3.79850955e-072 7.46774590e-058
  1.00000000e+000 5.78254552e-060 2.07592720e-048 7.22366669e-081
  1.00000000e+000]
 [1.24633250e-079 1.50985632e-034 7.41404891e-035 1.18159787e-020
  9.18123203e-056 2.13548826e-043 2.75311165e-022 1.10528405e-033
  7.99715276e-037 3.90937696e-020 6.58662879e-038 1.06563600e-052
  7.41711868e-030 1.66113856e-067 1.13465837e-071 3.30764714e-051
  5.78254552e-060 1.00000000e+000 2.61179936e-043 6.39860554e-065
  1.00000000e+000]
 [2.66251183e-051 4.56669875e-041 1.35474373e-018 3.67960368e-048
  1.77644895e-067 8.23004207e-030 4.52157169e-028 4.55662271e-035
  1.17598967e-031 2.98796810e-053 3.57272076e-006 6.90285291e-022
  3.72205959e-034 2.19854405e-024 1.51035984e-020 2.83997115e-023
  2.07592720e-048 2.61179936e-043 1.00000000e+000 1.16260651e-015
  1.00000000e+000]
 [4.06700434e-044 2.13529927e-034 2.16598979e-039 5.78262573e-050
  7.13045314e-072 3.22960486e-020 1.43140550e-027 3.19221418e-052
  1.77968315e-026 1.75120177e-056 3.64619486e-006 5.74495982e-033
  1.09130682e-027 1.59715717e-007 2.11297859e-026 1.45837798e-033
  7.22366669e-081 6.39860554e-065 1.16260651e-015 1.00000000e+000
  1.00000000e+000]
 [1.00000000e+000 1.00000000e+000 1.00000000e+000 1.00000000e+000
  1.00000000e+000 1.00000000e+000 1.00000000e+000 1.00000000e+000
  1.00000000e+000 1.00000000e+000 1.00000000e+000 1.00000000e+000
  1.00000000e+000 1.00000000e+000 1.00000000e+000 1.00000000e+000
  1.00000000e+000 1.00000000e+000 1.00000000e+000 1.00000000e+000
  0.00000000e+000]]
