[[1.00000000e+000 7.25531171e-070 7.53041501e-056 1.06121061e-071
  8.26018783e-032 3.10300001e-039 2.95637338e-036 2.65415852e-065
  2.55282830e-053 7.75435630e-019 7.20177728e-045 2.58324273e-054
  1.09228133e-059 3.88001402e-062 4.59167996e-091 1.09517784e-030
  3.69917922e-080 1.32183881e-039 3.57773091e-054 2.75493704e-027
  1.00000000e+000]
 [7.25531171e-070 1.00000000e+000 5.22668711e-070 7.40839943e-065
  3.65897820e-018 7.65356663e-059 2.02397020e-029 8.78152823e-039
  8.09418777e-042 1.94891803e-062 5.95499440e-036 2.65854507e-081
  3.71234539e-029 1.74697736e-081 4.23334116e-040 8.32494189e-045
  6.71939816e-047 9.64322461e-020 1.10386447e-071 7.45914847e-024
  1.00000000e+000]
 [7.53041501e-056 5.22668711e-070 1.00000000e+000 5.25158261e-076
  6.36765491e-030 6.12079031e-040 1.51460534e-049 1.24494342e-039
  6.08511604e-017 3.64305586e-037 6.55228080e-043 5.60765744e-022
  4.55541876e-032 1.03013985e-010 8.25219365e-056 6.01301357e-051
  3.16285852e-067 1.93884655e-051 1.32418825e-027 1.11185488e-042
  1.00000000e+000]
 [1.06121061e-071 7.40839943e-065 5.25158261e-076 1.00000000e+000
  2.27872986e-045 2.55601429e-044 2.13437772e-047 6.25923797e-058
  1.39168319e-054 1.97660141e-052 6.95059826e-116 6.72227344e-055
  1.29708875e-032 1.70438080e-057 1.17687076e-055 1.14631075e-114
  1.02290709e-028 7.52383196e-072 8.83081368e-045 4.16161167e-072
  1.00000000e+000]
 [8.26018783e-032 3.65897820e-018 6.36765491e-030 2.27872986e-045
  1.00000000e+000 2.02829716e-030 9.64701905e-021 3.21578433e-025
  1.35411845e-016 3.31070811e-025 3.56458060e-030 3.09660557e-049
  3.19845576e-018 4.53350799e-045 2.34746735e-044 6.33716677e-023
  7.99370190e-027 5.99827255e-015 3.88318703e-037 1.18643525e-019
  1.00000000e+000]
 [3.10300001e-039 7.65356663e-059 6.12079031e-040 2.55601429e-044
  2.02829716e-030 1.00000000e+000 3.46250036e-010 1.45501770e-024
  8.27184131e-014 8.33690033e-010 2.62248962e-044 1.35634059e-020
  4.88125734e-022 2.45197876e-029 3.57488415e-082 1.83751497e-074
  4.00563304e-064 2.02823366e-050 4.31936910e-062 1.15581458e-047
  1.00000000e+000]
 [2.95637338e-036 2.02397020e-029 1.51460534e-049 2.13437772e-047
  9.64701905e-021 3.46250036e-010 1.00000000e+000 1.28394791e-014
  8.65083513e-021 2.93753050e-013 2.52350788e-026 1.28954537e-034
  3.52940000e-024 1.83412512e-044 1.16744136e-056 1.40703723e-052
  1.92710778e-054 4.46054582e-023 8.37652868e-059 4.00607499e-025
  1.00000000e+000]
 [2.65415852e-065 8.78152823e-039 1.24494342e-039 6.25923797e-058
  3.21578433e-025 1.45501770e-024 1.28394791e-014 1.00000000e+000
  2.31427679e-021 4.00792983e-023 2.04177901e-038 2.72750028e-044
  2.09936677e-035 1.52395080e-043 1.33251153e-042 2.49350616e-058
  8.22762932e-039 5.44277302e-022 4.11089252e-046 8.98072811e-041
  1.00000000e+000]
 [2.55282830e-053 8.09418777e-042 6.08511604e-017 1.39168319e-054
  1.35411845e-016 8.27184131e-014 8.65083513e-021 2.31427679e-021
  1.00000000e+000 2.87495234e-024 2.03904757e-033 3.52850026e-024
  2.39482112e-010 3.96161929e-021 8.34010507e-065 2.16850867e-056
  1.38292917e-051 1.41888235e-042 2.35650191e-051 9.57551047e-042
  1.00000000e+000]
 [7.75435630e-019 1.94891803e-062 3.64305586e-037 1.97660141e-052
  3.31070811e-025 8.33690033e-010 2.93753050e-013 4.00792983e-023
  2.87495234e-024 1.00000000e+000 7.46563636e-039 3.40197834e-030
  1.08650373e-039 1.28127272e-036 1.05165607e-074 6.60223790e-047
  1.39609535e-056 8.97113306e-033 7.11220733e-045 1.26041727e-035
  1.00000000e+000]
 [7.20177728e-045 5.95499440e-036 6.55228080e-043 6.95059826e-116
  3.56458060e-030 2.62248962e-044 2.52350788e-026 2.04177901e-038
  2.03904757e-033 7.46563636e-039 1.00000000e+000 1.23198844e-053
  1.53414507e-047 2.50985534e-057 3.13132407e-071 8.73545158e-026
  4.17533549e-101 1.93230865e-024 4.55555052e-077 3.68841160e-016
  1.00000000e+000]
 [2.58324273e-054 2.65854507e-081 5.60765744e-022 6.72227344e-055
  3.09660557e-049 1.35634059e-020 1.28954537e-034 2.72750028e-044
  3.52850026e-024 3.40197834e-030 1.23198844e-053 1.00000000e+000
  8.16481542e-028 2.34684526e-004 5.07838671e-064 7.13717266e-090
  1.57409655e-089 9.84193846e-070 2.56513861e-041 9.06405490e-048
  1.00000000e+000]
 [1.09228133e-059 3.71234539e-029 4.55541876e-032 1.29708875e-032
  3.19845576e-018 4.88125734e-022 3.52940000e-024 2.09936677e-035
  2.39482112e-010 1.08650373e-039 1.53414507e-047 8.16481542e-028
  1.00000000e+000 2.55976623e-027 4.13691117e-052 7.72303373e-071
  3.24068240e-046 1.40595969e-048 7.02068541e-052 3.48048777e-039
  1.00000000e+000]
 [3.88001402e-062 1.74697736e-081 1.03013985e-010 1.70438080e-057
  4.53350799e-045 2.45197876e-029 1.83412512e-044 1.52395080e-043
  3.96161929e-021 1.28127272e-036 2.50985534e-057 2.34684526e-004
  2.55976623e-027 1.00000000e+000 1.94688472e-056 2.74645709e-084
  5.61095848e-079 8.49269174e-069 4.96907540e-031 8.69537590e-051
  1.00000000e+000]
 [4.59167996e-091 4.23334116e-040 8.25219365e-056 1.17687076e-055
  2.34746735e-044 3.57488415e-082 1.16744136e-056 1.33251153e-042
  8.34010507e-065 1.05165607e-074 3.13132407e-071 5.07838671e-064
  4.13691117e-052 1.94688472e-056 1.00000000e+000 2.62974384e-072
  5.16634414e-045 1.81409684e-033 3.15753403e-023 4.50283295e-035
  1.00000000e+000]
 [1.09517784e-030 8.32494189e-045 6.01301357e-051 1.14631075e-114
  6.33716677e-023 1.83751497e-074 1.40703723e-052 2.49350616e-058
  2.16850867e-056 6.60223790e-047 8.73545158e-026 7.13717266e-090
  7.72303373e-071 2.74645709e-084 2.62974384e-072 1.00000000e+000
  7.08024649e-074 1.12699180e-017 4.88294358e-059 3.80897190e-020
  1.00000000e+000]
 [3.69917922e-080 6.71939816e-047 3.16285852e-067 1.02290709e-028
  7.99370190e-027 4.00563304e-064 1.92710778e-054 8.22762932e-039
  1.38292917e-051 1.39609535e-056 4.17533549e-101 1.57409655e-089
  3.24068240e-046 5.61095848e-079 5.16634414e-045 7.08024649e-074
  1.00000000e+000 1.28541105e-041 6.22581248e-039 5.97940082e-068
  1.00000000e+000]
 [1.32183881e-039 9.64322461e-020 1.93884655e-051 7.52383196e-072
  5.99827255e-015 2.02823366e-050 4.46054582e-023 5.44277302e-022
  1.41888235e-042 8.97113306e-033 1.93230865e-024 9.84193846e-070
  1.40595969e-048 8.49269174e-069 1.81409684e-033 1.12699180e-017
  1.28541105e-041 1.00000000e+000 3.43710985e-042 1.82197206e-012
  1.00000000e+000]
 [3.57773091e-054 1.10386447e-071 1.32418825e-027 8.83081368e-045
  3.88318703e-037 4.31936910e-062 8.37652868e-059 4.11089252e-046
  2.35650191e-051 7.11220733e-045 4.55555052e-077 2.56513861e-041
  7.02068541e-052 4.96907540e-031 3.15753403e-023 4.88294358e-059
  6.22581248e-039 3.43710985e-042 1.00000000e+000 1.24622826e-040
  1.00000000e+000]
 [2.75493704e-027 7.45914847e-024 1.11185488e-042 4.16161167e-072
  1.18643525e-019 1.15581458e-047 4.00607499e-025 8.98072811e-041
  9.57551047e-042 1.26041727e-035 3.68841160e-016 9.06405490e-048
  3.48048777e-039 8.69537590e-051 4.50283295e-035 3.80897190e-020
  5.97940082e-068 1.82197206e-012 1.24622826e-040 1.00000000e+000
  1.00000000e+000]
 [1.00000000e+000 1.00000000e+000 1.00000000e+000 1.00000000e+000
  1.00000000e+000 1.00000000e+000 1.00000000e+000 1.00000000e+000
  1.00000000e+000 1.00000000e+000 1.00000000e+000 1.00000000e+000
  1.00000000e+000 1.00000000e+000 1.00000000e+000 1.00000000e+000
  1.00000000e+000 1.00000000e+000 1.00000000e+000 1.00000000e+000
  0.00000000e+000]]
