[[1.00000000e+000 9.79921893e-068 2.33198312e-077 5.72638187e-032
  2.28020259e-055 8.69512641e-045 7.09360285e-099 4.63617413e-106
  2.67504967e-059 1.29172647e-040 3.93058467e-052 2.65578046e-048
  3.19730182e-045 2.61210633e-049 1.31539486e-065 9.66940113e-083
  4.56658816e-045 1.28591124e-081 1.59906221e-029 2.38093086e-087
  1.00000000e+000]
 [9.79921893e-068 1.00000000e+000 5.17843883e-038 5.77030218e-094
  3.10699158e-053 1.99861602e-018 6.92041243e-056 2.17761527e-021
  2.36631575e-009 1.78443491e-044 4.33056641e-066 7.53932391e-062
  5.72458821e-041 4.58138691e-017 1.38137090e-031 2.79825325e-023
  1.07839780e-019 3.51015406e-066 2.00279589e-030 3.68208917e-028
  1.00000000e+000]
 [2.33198312e-077 5.17843883e-038 1.00000000e+000 1.88931125e-084
  3.01559123e-087 1.63618550e-071 1.25995825e-059 3.11726904e-034
  1.05936718e-035 1.43474981e-056 6.44333579e-038 1.59046566e-056
  1.43961386e-030 4.53237751e-016 9.26979653e-013 9.51704353e-026
  4.45833060e-032 7.54373519e-014 4.38523288e-040 1.88172150e-006
  1.00000000e+000]
 [5.72638187e-032 5.77030218e-094 1.88931125e-084 1.00000000e+000
  3.16195080e-099 1.42678929e-062 4.19566109e-059 2.25927072e-096
  1.76926699e-085 1.30314605e-032 5.44824757e-041 4.97687522e-072
  1.02973830e-056 5.44255087e-055 2.90195752e-073 1.24041058e-070
  6.02629479e-070 1.17354112e-073 3.05598381e-029 3.33563480e-090
  1.00000000e+000]
 [2.28020259e-055 3.10699158e-053 3.01559123e-087 3.16195080e-099
  1.00000000e+000 8.33752902e-030 1.00118071e-066 5.31185008e-099
  4.38330875e-037 1.57843396e-103 4.15028062e-043 8.73429454e-039
  3.74691559e-054 1.68983721e-067 2.33729192e-098 1.53976657e-104
  3.42613106e-071 2.50902514e-097 2.26336126e-058 9.94622832e-077
  1.00000000e+000]
 [8.69512641e-045 1.99861602e-018 1.63618550e-071 1.42678929e-062
  8.33752902e-030 1.00000000e+000 6.30493472e-042 6.63061746e-045
  3.85490858e-019 1.15936661e-043 5.51253183e-054 5.33086586e-046
  4.11472326e-052 1.87711493e-035 4.65188852e-057 3.33510084e-044
  9.11826175e-031 2.81026273e-094 5.19858099e-030 4.06935587e-061
  1.00000000e+000]
 [7.09360285e-099 6.92041243e-056 1.25995825e-059 4.19566109e-059
  1.00118071e-066 6.30493472e-042 1.00000000e+000 1.56096536e-041
  1.38711092e-047 2.39598856e-068 8.94405647e-027 2.27600533e-061
  4.07313948e-058 4.16892592e-046 1.12546101e-065 2.26997374e-044
  5.79043385e-070 3.93877624e-063 3.86735965e-046 2.07831765e-046
  1.00000000e+000]
 [4.63617413e-106 2.17761527e-021 3.11726904e-034 2.25927072e-096
  5.31185008e-099 6.63061746e-045 1.56096536e-041 1.00000000e+000
  3.84928066e-021 7.55426174e-039 3.98696886e-069 1.67173924e-063
  1.35983259e-052 3.17821446e-018 6.38798476e-021 4.67856962e-007
  8.48095691e-039 1.58284361e-069 3.58829351e-044 2.03843705e-031
  1.00000000e+000]
 [2.67504967e-059 2.36631575e-009 1.05936718e-035 1.76926699e-085
  4.38330875e-037 3.85490858e-019 1.38711092e-047 3.84928066e-021
  1.00000000e+000 3.19487170e-040 2.99211805e-046 1.48368468e-030
  2.53699283e-025 1.37356693e-013 2.37436240e-030 3.02124672e-029
  1.00829851e-031 9.71292372e-065 2.53678939e-026 9.82015638e-032
  1.00000000e+000]
 [1.29172647e-040 1.78443491e-044 1.43474981e-056 1.30314605e-032
  1.57843396e-103 1.15936661e-043 2.39598856e-068 7.55426174e-039
  3.19487170e-040 1.00000000e+000 6.85185419e-065 4.20860111e-059
  8.09380036e-039 5.13720895e-019 3.04649361e-030 4.62429769e-026
  1.73806875e-039 3.21260546e-076 1.27561957e-016 1.23150808e-064
  1.00000000e+000]
 [3.93058467e-052 4.33056641e-066 6.44333579e-038 5.44824757e-041
  4.15028062e-043 5.51253183e-054 8.94405647e-027 3.98696886e-069
  2.99211805e-046 6.85185419e-065 1.00000000e+000 2.17101741e-032
  5.45583072e-026 3.55360769e-037 1.12380917e-055 7.44439686e-063
  4.20969773e-064 3.81488484e-030 5.31280491e-032 1.06959290e-037
  1.00000000e+000]
 [2.65578046e-048 7.53932391e-062 1.59046566e-056 4.97687522e-072
  8.73429454e-039 5.33086586e-046 2.27600533e-061 1.67173924e-063
  1.48368468e-030 4.20860111e-059 2.17101741e-032 1.00000000e+000
  8.69169228e-044 8.44966475e-044 2.06239773e-047 3.06977277e-065
  2.14232630e-057 1.44307193e-084 3.71082609e-052 2.74161386e-070
  1.00000000e+000]
 [3.19730182e-045 5.72458821e-041 1.43961386e-030 1.02973830e-056
  3.74691559e-054 4.11472326e-052 4.07313948e-058 1.35983259e-052
  2.53699283e-025 8.09380036e-039 5.45583072e-026 8.69169228e-044
  1.00000000e+000 1.18679609e-013 4.85024523e-043 1.21451673e-051
  1.86260998e-058 4.39942756e-030 1.84426578e-011 1.23069116e-029
  1.00000000e+000]
 [2.61210633e-049 4.58138691e-017 4.53237751e-016 5.44255087e-055
  1.68983721e-067 1.87711493e-035 4.16892592e-046 3.17821446e-018
  1.37356693e-013 5.13720895e-019 3.55360769e-037 8.44966475e-044
  1.18679609e-013 1.00000000e+000 3.33798615e-013 3.51311426e-014
  3.36461097e-025 2.49791094e-032 7.05889600e-011 5.09431290e-017
  1.00000000e+000]
 [1.31539486e-065 1.38137090e-031 9.26979653e-013 2.90195752e-073
  2.33729192e-098 4.65188852e-057 1.12546101e-065 6.38798476e-021
  2.37436240e-030 3.04649361e-030 1.12380917e-055 2.06239773e-047
  4.85024523e-043 3.33798615e-013 1.00000000e+000 3.90611641e-010
  2.35296062e-017 4.08635257e-043 1.18682860e-038 2.59027249e-025
  1.00000000e+000]
 [9.66940113e-083 2.79825325e-023 9.51704353e-026 1.24041058e-070
  1.53976657e-104 3.33510084e-044 2.26997374e-044 4.67856962e-007
  3.02124672e-029 4.62429769e-026 7.44439686e-063 3.06977277e-065
  1.21451673e-051 3.51311426e-014 3.90611641e-010 1.00000000e+000
  7.43342729e-022 4.85502688e-055 1.87259313e-035 1.38557078e-027
  1.00000000e+000]
 [4.56658816e-045 1.07839780e-019 4.45833060e-032 6.02629479e-070
  3.42613106e-071 9.11826175e-031 5.79043385e-070 8.48095691e-039
  1.00829851e-031 1.73806875e-039 4.20969773e-064 2.14232630e-057
  1.86260998e-058 3.36461097e-025 2.35296062e-017 7.43342729e-022
  1.00000000e+000 1.70994185e-060 3.37522248e-039 1.68751853e-036
  1.00000000e+000]
 [1.28591124e-081 3.51015406e-066 7.54373519e-014 1.17354112e-073
  2.50902514e-097 2.81026273e-094 3.93877624e-063 1.58284361e-069
  9.71292372e-065 3.21260546e-076 3.81488484e-030 1.44307193e-084
  4.39942756e-030 2.49791094e-032 4.08635257e-043 4.85502688e-055
  1.70994185e-060 1.00000000e+000 6.10085360e-041 1.83852379e-013
  1.00000000e+000]
 [1.59906221e-029 2.00279589e-030 4.38523288e-040 3.05598381e-029
  2.26336126e-058 5.19858099e-030 3.86735965e-046 3.58829351e-044
  2.53678939e-026 1.27561957e-016 5.31280491e-032 3.71082609e-052
  1.84426578e-011 7.05889600e-011 1.18682860e-038 1.87259313e-035
  3.37522248e-039 6.10085360e-041 1.00000000e+000 2.07925816e-036
  1.00000000e+000]
 [2.38093086e-087 3.68208917e-028 1.88172150e-006 3.33563480e-090
  9.94622832e-077 4.06935587e-061 2.07831765e-046 2.03843705e-031
  9.82015638e-032 1.23150808e-064 1.06959290e-037 2.74161386e-070
  1.23069116e-029 5.09431290e-017 2.59027249e-025 1.38557078e-027
  1.68751853e-036 1.83852379e-013 2.07925816e-036 1.00000000e+000
  1.00000000e+000]
 [1.00000000e+000 1.00000000e+000 1.00000000e+000 1.00000000e+000
  1.00000000e+000 1.00000000e+000 1.00000000e+000 1.00000000e+000
  1.00000000e+000 1.00000000e+000 1.00000000e+000 1.00000000e+000
  1.00000000e+000 1.00000000e+000 1.00000000e+000 1.00000000e+000
  1.00000000e+000 1.00000000e+000 1.00000000e+000 1.00000000e+000
  0.00000000e+000]]
