[[1.00000000e+00 1.06884150e-09 3.51418877e-20 ... 1.96853918e-50
  2.99553550e-26 1.00000000e+00]
 [1.06884150e-09 1.00000000e+00 4.69000863e-14 ... 1.64625704e-53
  3.08465597e-27 1.00000000e+00]
 [3.51418877e-20 4.69000863e-14 1.00000000e+00 ... 9.71864908e-60
  2.24606284e-64 1.00000000e+00]
 ...
 [1.96853918e-50 1.64625704e-53 9.71864908e-60 ... 1.00000000e+00
  6.54573805e-41 1.00000000e+00]
 [2.99553550e-26 3.08465597e-27 2.24606284e-64 ... 6.54573805e-41
  1.00000000e+00 1.00000000e+00]
 [1.00000000e+00 1.00000000e+00 1.00000000e+00 ... 1.00000000e+00
  1.00000000e+00 0.00000000e+00]]
