[[1.00000000e+00 1.74377081e-31 2.74963464e-44 ... 1.92801756e-21
  5.19770557e-26 1.00000000e+00]
 [1.74377081e-31 1.00000000e+00 1.86381357e-22 ... 2.96563874e-21
  7.57917429e-25 1.00000000e+00]
 [2.74963464e-44 1.86381357e-22 1.00000000e+00 ... 3.02315950e-63
  1.29975230e-45 1.00000000e+00]
 ...
 [1.92801756e-21 2.96563874e-21 3.02315950e-63 ... 1.00000000e+00
  2.78095926e-14 1.00000000e+00]
 [5.19770557e-26 7.57917429e-25 1.29975230e-45 ... 2.78095926e-14
  1.00000000e+00 1.00000000e+00]
 [1.00000000e+00 1.00000000e+00 1.00000000e+00 ... 1.00000000e+00
  1.00000000e+00 0.00000000e+00]]
