[[1.00000000e+00 5.31387172e-25 1.94388038e-27 1.00728273e-20
  1.81357362e-51 3.12817320e-50 1.26643498e-49 9.04956487e-64
  2.69808411e-65 1.71589297e-26 2.02078484e-29 1.17677434e-52
  1.92506170e-41 2.56977076e-22 3.06593301e-37 2.82109725e-31
  7.20183419e-60 5.38400286e-48 6.67802824e-81 3.55151234e-24
  1.00000000e+00]
 [5.31387172e-25 1.00000000e+00 1.59884149e-37 8.98026989e-04
  3.95710493e-36 2.46439539e-41 4.56690554e-48 5.34577652e-21
  4.42412905e-28 1.10437994e-38 2.70851881e-34 2.81784110e-11
  7.64149091e-27 2.35028685e-28 6.26794536e-49 2.64313746e-36
  1.98784650e-48 1.88445695e-15 1.08549062e-36 1.23842009e-22
  1.00000000e+00]
 [1.94388038e-27 1.59884149e-37 1.00000000e+00 9.54864892e-21
  1.62204550e-15 3.89332352e-15 2.90068112e-07 2.50542284e-46
  6.71871898e-48 2.80802250e-23 1.18982432e-12 8.11874729e-42
  4.29039272e-24 2.08469804e-29 9.17208430e-37 6.79448523e-12
  3.96699454e-40 7.66089842e-26 1.01145373e-48 4.63924844e-15
  1.00000000e+00]
 [1.00728273e-20 8.98026989e-04 9.54864892e-21 1.00000000e+00
  6.10911606e-23 9.74789695e-26 5.72301192e-30 1.07231852e-18
  1.05438313e-20 2.07652239e-25 1.36499484e-19 3.16314978e-12
  5.63402775e-19 1.43033222e-18 1.22665290e-34 1.42977330e-24
  1.94536560e-37 4.25255074e-11 5.75905509e-29 5.11473125e-15
  1.00000000e+00]
 [1.81357362e-51 3.95710493e-36 1.62204550e-15 6.10911606e-23
  1.00000000e+00 1.88802021e-03 4.84447416e-10 4.38935290e-23
  3.49621940e-46 1.69893253e-30 1.18822613e-30 2.60354990e-25
  2.39837878e-24 1.01429662e-36 1.66862107e-45 3.51399306e-12
  1.41903461e-20 1.46642411e-16 3.06001674e-27 2.43361685e-32
  1.00000000e+00]
 [3.12817320e-50 2.46439539e-41 3.89332352e-15 9.74789695e-26
  1.88802021e-03 1.00000000e+00 4.34045749e-10 1.80838618e-24
  3.03551638e-42 3.55066958e-26 7.80571289e-27 9.06680595e-33
  1.47402811e-20 6.31377708e-28 2.59625847e-30 1.12190570e-10
  8.59784242e-28 4.53559800e-21 7.03492769e-37 2.28359404e-31
  1.00000000e+00]
 [1.26643498e-49 4.56690554e-48 2.90068112e-07 5.72301192e-30
  4.84447416e-10 4.34045749e-10 1.00000000e+00 6.27932728e-46
  1.80289583e-52 3.81460961e-29 1.45576426e-30 1.56353669e-45
  2.08253843e-28 2.07857688e-41 1.85460475e-48 2.94183306e-12
  9.80857356e-45 2.22084854e-26 2.06955716e-46 6.33110783e-24
  1.00000000e+00]
 [9.04956487e-64 5.34577652e-21 2.50542284e-46 1.07231852e-18
  4.38935290e-23 1.80838618e-24 6.27932728e-46 1.00000000e+00
  2.12857311e-25 5.60913501e-59 1.81945714e-37 2.98419699e-06
  5.25055115e-16 1.90251088e-40 2.86303383e-47 5.13169814e-34
  2.27986511e-46 1.90737830e-08 7.21141469e-33 6.75424785e-36
  1.00000000e+00]
 [2.69808411e-65 4.42412905e-28 6.71871898e-48 1.05438313e-20
  3.49621940e-46 3.03551638e-42 1.80289583e-52 2.12857311e-25
  1.00000000e+00 2.31493421e-44 7.61333127e-33 1.27811321e-31
  8.61202825e-36 9.44519178e-28 1.00933138e-35 9.43347838e-62
  7.28253836e-66 8.02135976e-29 2.05370063e-31 3.61012101e-42
  1.00000000e+00]
 [1.71589297e-26 1.10437994e-38 2.80802250e-23 2.07652239e-25
  1.69893253e-30 3.55066958e-26 3.81460961e-29 5.60913501e-59
  2.31493421e-44 1.00000000e+00 6.33139694e-36 5.37127909e-61
  1.43383367e-53 4.75745200e-10 2.90541205e-23 7.67269079e-35
  8.06631301e-32 1.38456539e-52 1.55895480e-44 3.73991498e-45
  1.00000000e+00]
 [2.02078484e-29 2.70851881e-34 1.18982432e-12 1.36499484e-19
  1.18822613e-30 7.80571289e-27 1.45576426e-30 1.81945714e-37
  7.61333127e-33 6.33139694e-36 1.00000000e+00 9.89822866e-37
  1.35727970e-19 5.57169068e-24 1.51037803e-25 3.77347814e-27
  4.74245681e-49 1.47711252e-26 5.02239425e-53 2.84870838e-18
  1.00000000e+00]
 [1.17677434e-52 2.81784110e-11 8.11874729e-42 3.16314978e-12
  2.60354990e-25 9.06680595e-33 1.56353669e-45 2.98419699e-06
  1.27811321e-31 5.37127909e-61 9.89822866e-37 1.00000000e+00
  2.28553966e-19 1.13289859e-47 4.41556995e-63 3.75818033e-34
  7.10167455e-45 7.83055178e-05 1.01908995e-29 1.01682699e-28
  1.00000000e+00]
 [1.92506170e-41 7.64149091e-27 4.29039272e-24 5.63402775e-19
  2.39837878e-24 1.47402811e-20 2.08253843e-28 5.25055115e-16
  8.61202825e-36 1.43383367e-53 1.35727970e-19 2.28553966e-19
  1.00000000e+00 3.32580910e-35 3.30232128e-34 1.05991481e-13
  3.40455727e-67 2.79135979e-09 2.42262786e-63 1.39167590e-09
  1.00000000e+00]
 [2.56977076e-22 2.35028685e-28 2.08469804e-29 1.43033222e-18
  1.01429662e-36 6.31377708e-28 2.07857688e-41 1.90251088e-40
  9.44519178e-28 4.75745200e-10 5.57169068e-24 1.13289859e-47
  3.32580910e-35 1.00000000e+00 2.25078408e-06 7.27105095e-35
  1.33853582e-43 1.06463715e-42 6.44476023e-52 7.82738214e-36
  1.00000000e+00]
 [3.06593301e-37 6.26794536e-49 9.17208430e-37 1.22665290e-34
  1.66862107e-45 2.59625847e-30 1.85460475e-48 2.86303383e-47
  1.00933138e-35 2.90541205e-23 1.51037803e-25 4.41556995e-63
  3.30232128e-34 2.25078408e-06 1.00000000e+00 1.25054350e-38
  1.62598736e-62 3.23548841e-53 5.42874895e-75 1.47367805e-42
  1.00000000e+00]
 [2.82109725e-31 2.64313746e-36 6.79448523e-12 1.42977330e-24
  3.51399306e-12 1.12190570e-10 2.94183306e-12 5.13169814e-34
  9.43347838e-62 7.67269079e-35 3.77347814e-27 3.75818033e-34
  1.05991481e-13 7.27105095e-35 1.25054350e-38 1.00000000e+00
  7.80461425e-47 2.04942649e-20 4.55892207e-64 3.78892181e-15
  1.00000000e+00]
 [7.20183419e-60 1.98784650e-48 3.96699454e-40 1.94536560e-37
  1.41903461e-20 8.59784242e-28 9.80857356e-45 2.27986511e-46
  7.28253836e-66 8.06631301e-32 4.74245681e-49 7.10167455e-45
  3.40455727e-67 1.33853582e-43 1.62598736e-62 7.80461425e-47
  1.00000000e+00 2.53855424e-48 6.64994066e-21 2.78209388e-74
  1.00000000e+00]
 [5.38400286e-48 1.88445695e-15 7.66089842e-26 4.25255074e-11
  1.46642411e-16 4.53559800e-21 2.22084854e-26 1.90737830e-08
  8.02135976e-29 1.38456539e-52 1.47711252e-26 7.83055178e-05
  2.79135979e-09 1.06463715e-42 3.23548841e-53 2.04942649e-20
  2.53855424e-48 1.00000000e+00 1.60104827e-33 1.41171813e-15
  1.00000000e+00]
 [6.67802824e-81 1.08549062e-36 1.01145373e-48 5.75905509e-29
  3.06001674e-27 7.03492769e-37 2.06955716e-46 7.21141469e-33
  2.05370063e-31 1.55895480e-44 5.02239425e-53 1.01908995e-29
  2.42262786e-63 6.44476023e-52 5.42874895e-75 4.55892207e-64
  6.64994066e-21 1.60104827e-33 1.00000000e+00 5.89551655e-69
  1.00000000e+00]
 [3.55151234e-24 1.23842009e-22 4.63924844e-15 5.11473125e-15
  2.43361685e-32 2.28359404e-31 6.33110783e-24 6.75424785e-36
  3.61012101e-42 3.73991498e-45 2.84870838e-18 1.01682699e-28
  1.39167590e-09 7.82738214e-36 1.47367805e-42 3.78892181e-15
  2.78209388e-74 1.41171813e-15 5.89551655e-69 1.00000000e+00
  1.00000000e+00]
 [1.00000000e+00 1.00000000e+00 1.00000000e+00 1.00000000e+00
  1.00000000e+00 1.00000000e+00 1.00000000e+00 1.00000000e+00
  1.00000000e+00 1.00000000e+00 1.00000000e+00 1.00000000e+00
  1.00000000e+00 1.00000000e+00 1.00000000e+00 1.00000000e+00
  1.00000000e+00 1.00000000e+00 1.00000000e+00 1.00000000e+00
  0.00000000e+00]]
