[[1.00000000e+00 1.61789074e-44 3.71178865e-54 ... 1.67186353e-25
  1.12543273e-18 1.00000000e+00]
 [1.61789074e-44 1.00000000e+00 8.16875512e-90 ... 3.79061227e-70
  7.20222360e-49 1.00000000e+00]
 [3.71178865e-54 8.16875512e-90 1.00000000e+00 ... 2.37196383e-57
  5.71078342e-75 1.00000000e+00]
 ...
 [1.67186353e-25 3.79061227e-70 2.37196383e-57 ... 1.00000000e+00
  1.53025594e-61 1.00000000e+00]
 [1.12543273e-18 7.20222360e-49 5.71078342e-75 ... 1.53025594e-61
  1.00000000e+00 1.00000000e+00]
 [1.00000000e+00 1.00000000e+00 1.00000000e+00 ... 1.00000000e+00
  1.00000000e+00 0.00000000e+00]]
