[[1.00000000e+00 9.91284476e-59 4.57378585e-46 2.19719323e-45
  3.31321842e-51 2.69903796e-49 1.42387241e-28 3.56422104e-47
  2.80234760e-47 1.87795976e-62 1.39378042e-35 4.30246544e-11
  9.36438698e-24 8.57150034e-15 1.76000161e-26 7.49429618e-29
  1.46258949e-43 7.19848833e-44 3.12347005e-26 4.08620976e-63
  1.00000000e+00]
 [9.91284476e-59 1.00000000e+00 1.16254583e-66 1.33377198e-37
  6.88251422e-49 4.26913867e-35 6.99043341e-80 1.67517910e-08
  3.73331614e-26 8.84392037e-49 1.38272627e-56 2.49915493e-37
  1.31022673e-75 6.73189242e-72 1.05808021e-46 2.24416492e-54
  6.36274707e-29 9.08749933e-62 6.19987698e-95 1.55391190e-23
  1.00000000e+00]
 [4.57378585e-46 1.16254583e-66 1.00000000e+00 1.81448670e-99
  8.53354099e-90 8.54753625e-31 3.08601521e-56 7.96047172e-62
  1.47525512e-71 2.89265199e-87 4.31740135e-76 2.52899149e-44
  2.96483268e-12 9.18695794e-60 5.25943586e-73 3.72775246e-09
  1.66494735e-83 4.18648783e-45 4.26837675e-35 1.03127864e-42
  1.00000000e+00]
 [2.19719323e-45 1.33377198e-37 1.81448670e-99 1.00000000e+00
  3.72523576e-84 7.55215587e-91 4.74108280e-43 1.37693028e-32
  6.85081111e-43 4.13097143e-57 5.95974411e-86 1.49723295e-37
  5.20236062e-80 5.06404067e-54 5.05103493e-52 3.32667271e-86
  5.75832247e-69 1.87422918e-69 1.36884935e-90 7.24384430e-75
  1.00000000e+00]
 [3.31321842e-51 6.88251422e-49 8.53354099e-90 3.72523576e-84
  1.00000000e+00 7.93598571e-50 2.91842835e-89 5.05808668e-38
  1.21273368e-23 2.35630124e-50 5.88551132e-08 2.54286676e-45
  2.25213840e-77 2.47985281e-39 1.68299189e-48 3.09228093e-50
  1.05218732e-07 6.34374550e-70 2.43514071e-72 6.12487563e-46
  1.00000000e+00]
 [2.69903796e-49 4.26913867e-35 8.54753625e-31 7.55215587e-91
  7.93598571e-50 1.00000000e+00 2.17756411e-73 1.45347173e-31
  4.85255883e-36 2.08534487e-82 1.35501587e-37 3.44327982e-29
  3.26432491e-45 1.72501775e-52 6.45972547e-38 5.62532052e-19
  1.34336625e-43 1.46650356e-27 8.69561019e-48 4.29872241e-29
  1.00000000e+00]
 [1.42387241e-28 6.99043341e-80 3.08601521e-56 4.74108280e-43
  2.91842835e-89 2.17756411e-73 1.00000000e+00 4.70346604e-73
  5.49275244e-44 2.89732830e-47 4.41431528e-66 8.35194302e-20
  4.97266717e-46 5.29636494e-18 4.93088014e-32 2.89333878e-41
  1.91757217e-91 5.34999331e-24 1.47749754e-18 2.03042990e-63
  1.00000000e+00]
 [3.56422104e-47 1.67517910e-08 7.96047172e-62 1.37693028e-32
  5.05808668e-38 1.45347173e-31 4.70346604e-73 1.00000000e+00
  2.79099733e-23 1.80923002e-63 2.69483594e-47 1.59607612e-34
  1.21142167e-57 2.94587787e-55 3.82911114e-49 5.04770635e-49
  6.08345536e-27 1.08897017e-54 6.05676391e-84 4.06692267e-38
  1.00000000e+00]
 [2.80234760e-47 3.73331614e-26 1.47525512e-71 6.85081111e-43
  1.21273368e-23 4.85255883e-36 5.49275244e-44 2.79099733e-23
  1.00000000e+00 6.73312319e-26 5.55936664e-22 4.69323209e-22
  1.52982769e-72 7.14115454e-28 1.55771538e-22 3.95055450e-41
  4.39266173e-27 8.05555966e-27 2.39639418e-51 4.14750198e-23
  1.00000000e+00]
 [1.87795976e-62 8.84392037e-49 2.89265199e-87 4.13097143e-57
  2.35630124e-50 2.08534487e-82 2.89732830e-47 1.80923002e-63
  6.73312319e-26 1.00000000e+00 3.17515424e-49 1.36539156e-41
  2.65957837e-93 2.62269261e-49 3.38469989e-43 9.82101809e-58
  2.43171025e-47 1.12063452e-62 1.02561717e-65 2.04557387e-24
  1.00000000e+00]
 [1.39378042e-35 1.38272627e-56 4.31740135e-76 5.95974411e-86
  5.88551132e-08 1.35501587e-37 4.41431528e-66 2.69483594e-47
  5.55936664e-22 3.17515424e-49 1.00000000e+00 3.42903220e-27
  4.38757601e-66 2.71681229e-22 4.41937014e-26 6.18058478e-36
  3.67155266e-15 3.31542111e-45 2.26924547e-43 1.46773127e-43
  1.00000000e+00]
 [4.30246544e-11 2.49915493e-37 2.52899149e-44 1.49723295e-37
  2.54286676e-45 3.44327982e-29 8.35194302e-20 1.59607612e-34
  4.69323209e-22 1.36539156e-41 3.42903220e-27 1.00000000e+00
  4.10675055e-38 3.08501726e-13 2.17322405e-06 1.17722451e-23
  3.33262413e-38 1.23782229e-17 1.18614431e-21 7.14539347e-36
  1.00000000e+00]
 [9.36438698e-24 1.31022673e-75 2.96483268e-12 5.20236062e-80
  2.25213840e-77 3.26432491e-45 4.97266717e-46 1.21142167e-57
  1.52982769e-72 2.65957837e-93 4.38757601e-66 4.10675055e-38
  1.00000000e+00 1.69824589e-39 1.67323101e-70 1.73782680e-15
  7.43748361e-75 2.74402848e-52 4.35042702e-30 1.78841407e-66
  1.00000000e+00]
 [8.57150034e-15 6.73189242e-72 9.18695794e-60 5.06404067e-54
  2.47985281e-39 1.72501775e-52 5.29636494e-18 2.94587787e-55
  7.14115454e-28 2.62269261e-49 2.71681229e-22 3.08501726e-13
  1.69824589e-39 1.00000000e+00 4.30900050e-21 1.04577299e-30
  1.02818141e-48 1.35934560e-24 1.64113887e-14 5.99513938e-60
  1.00000000e+00]
 [1.76000161e-26 1.05808021e-46 5.25943586e-73 5.05103493e-52
  1.68299189e-48 6.45972547e-38 4.93088014e-32 3.82911114e-49
  1.55771538e-22 3.38469989e-43 4.41937014e-26 2.17322405e-06
  1.67323101e-70 4.30900050e-21 1.00000000e+00 1.82974858e-41
  4.44839267e-42 1.70825574e-21 4.27626690e-33 5.06808495e-42
  1.00000000e+00]
 [7.49429618e-29 2.24416492e-54 3.72775246e-09 3.32667271e-86
  3.09228093e-50 5.62532052e-19 2.89333878e-41 5.04770635e-49
  3.95055450e-41 9.82101809e-58 6.18058478e-36 1.17722451e-23
  1.73782680e-15 1.04577299e-30 1.82974858e-41 1.00000000e+00
  2.95458802e-50 6.41555665e-27 2.79965797e-17 4.14063909e-27
  1.00000000e+00]
 [1.46258949e-43 6.36274707e-29 1.66494735e-83 5.75832247e-69
  1.05218732e-07 1.34336625e-43 1.91757217e-91 6.08345536e-27
  4.39266173e-27 2.43171025e-47 3.67155266e-15 3.33262413e-38
  7.43748361e-75 1.02818141e-48 4.44839267e-42 2.95458802e-50
  1.00000000e+00 1.27924257e-75 3.92914694e-81 1.04022984e-37
  1.00000000e+00]
 [7.19848833e-44 9.08749933e-62 4.18648783e-45 1.87422918e-69
  6.34374550e-70 1.46650356e-27 5.34999331e-24 1.08897017e-54
  8.05555966e-27 1.12063452e-62 3.31542111e-45 1.23782229e-17
  2.74402848e-52 1.35934560e-24 1.70825574e-21 6.41555665e-27
  1.27924257e-75 1.00000000e+00 8.90990892e-19 1.73581196e-42
  1.00000000e+00]
 [3.12347005e-26 6.19987698e-95 4.26837675e-35 1.36884935e-90
  2.43514071e-72 8.69561019e-48 1.47749754e-18 6.05676391e-84
  2.39639418e-51 1.02561717e-65 2.26924547e-43 1.18614431e-21
  4.35042702e-30 1.64113887e-14 4.27626690e-33 2.79965797e-17
  3.92914694e-81 8.90990892e-19 1.00000000e+00 4.73536433e-59
  1.00000000e+00]
 [4.08620976e-63 1.55391190e-23 1.03127864e-42 7.24384430e-75
  6.12487563e-46 4.29872241e-29 2.03042990e-63 4.06692267e-38
  4.14750198e-23 2.04557387e-24 1.46773127e-43 7.14539347e-36
  1.78841407e-66 5.99513938e-60 5.06808495e-42 4.14063909e-27
  1.04022984e-37 1.73581196e-42 4.73536433e-59 1.00000000e+00
  1.00000000e+00]
 [1.00000000e+00 1.00000000e+00 1.00000000e+00 1.00000000e+00
  1.00000000e+00 1.00000000e+00 1.00000000e+00 1.00000000e+00
  1.00000000e+00 1.00000000e+00 1.00000000e+00 1.00000000e+00
  1.00000000e+00 1.00000000e+00 1.00000000e+00 1.00000000e+00
  1.00000000e+00 1.00000000e+00 1.00000000e+00 1.00000000e+00
  0.00000000e+00]]
