[[1.00000000e+00 1.21761992e-25 3.19948639e-19 ... 5.29370410e-19
  2.28501116e-27 1.00000000e+00]
 [1.21761992e-25 1.00000000e+00 3.66591459e-49 ... 7.91564592e-45
  1.53449340e-74 1.00000000e+00]
 [3.19948639e-19 3.66591459e-49 1.00000000e+00 ... 5.35041383e-40
  3.02717650e-39 1.00000000e+00]
 ...
 [5.29370410e-19 7.91564592e-45 5.35041383e-40 ... 1.00000000e+00
  9.03080070e-30 1.00000000e+00]
 [2.28501116e-27 1.53449340e-74 3.02717650e-39 ... 9.03080070e-30
  1.00000000e+00 1.00000000e+00]
 [1.00000000e+00 1.00000000e+00 1.00000000e+00 ... 1.00000000e+00
  1.00000000e+00 0.00000000e+00]]
