[[1.00000000e+00 6.81340693e-32 2.56171241e-58 3.09732363e-61
  2.77413742e-49 5.54107065e-72 1.43731688e-69 4.87363489e-35
  4.15520697e-28 2.37718458e-39 2.73505330e-51 7.93669754e-44
  1.87962480e-57 2.13469015e-47 1.03704621e-44 5.42163261e-28
  8.10137691e-18 7.27624382e-34 1.81404419e-28 3.78035711e-27
  1.00000000e+00]
 [6.81340693e-32 1.00000000e+00 5.54728224e-61 9.32707193e-50
  4.99825783e-74 3.27924056e-65 9.24533480e-71 1.16771834e-47
  1.19066767e-25 4.71987919e-55 1.37079251e-31 1.59337630e-39
  6.68250404e-49 3.27228675e-37 1.98921363e-32 5.16989946e-50
  3.57008062e-13 2.14414449e-23 3.94171528e-42 5.62729068e-59
  1.00000000e+00]
 [2.56171241e-58 5.54728224e-61 1.00000000e+00 5.70130418e-21
  3.76044878e-06 5.63931616e-22 3.39515311e-12 2.84439195e-32
  3.28825124e-50 4.98202449e-20 2.66084034e-10 8.31795878e-48
  6.29347158e-35 9.26294025e-31 3.86320477e-18 1.63834811e-26
  6.15862990e-72 1.09571817e-43 1.09898688e-34 5.68882001e-33
  1.00000000e+00]
 [3.09732363e-61 9.32707193e-50 5.70130418e-21 1.00000000e+00
  3.09490592e-38 1.08430378e-49 3.57426219e-29 2.23870689e-57
  6.95906842e-75 3.86170563e-41 8.76457843e-22 7.42387100e-41
  8.67309293e-38 1.53217614e-37 1.28351419e-16 5.60692076e-34
  1.77958491e-68 4.18478615e-30 7.31810576e-41 8.56276203e-31
  1.00000000e+00]
 [2.77413742e-49 4.99825783e-74 3.76044878e-06 3.09490592e-38
  1.00000000e+00 3.54955745e-26 2.88441404e-16 3.72593686e-24
  1.47307524e-47 2.21411134e-15 3.20176185e-22 1.97585241e-61
  7.86391879e-39 3.67762411e-39 4.93224317e-30 1.10581324e-25
  4.68402729e-76 1.08506849e-56 5.41803004e-34 1.67301357e-28
  1.00000000e+00]
 [5.54107065e-72 3.27924056e-65 5.63931616e-22 1.08430378e-49
  3.54955745e-26 1.00000000e+00 3.75094989e-52 3.06302461e-40
  3.38890302e-49 9.81515268e-27 3.03448141e-28 1.07211340e-52
  2.30534975e-56 2.26272312e-69 1.69010135e-57 3.34242223e-57
  5.59966163e-81 1.24664161e-39 5.24592027e-84 5.39655934e-39
  1.00000000e+00]
 [1.43731688e-69 9.24533480e-71 3.39515311e-12 3.57426219e-29
  2.88441404e-16 3.75094989e-52 1.00000000e+00 4.42295557e-37
  1.28124377e-69 1.26127354e-35 9.26619047e-17 2.72005550e-86
  1.08958431e-17 9.39525745e-21 8.50548219e-19 7.53532960e-43
  8.22358131e-92 4.10416031e-73 1.16332567e-23 6.21420374e-53
  1.00000000e+00]
 [4.87363489e-35 1.16771834e-47 2.84439195e-32 2.23870689e-57
  3.72593686e-24 3.06302461e-40 4.42295557e-37 1.00000000e+00
  1.28362973e-18 1.51304408e-06 3.52514952e-38 9.85334357e-81
  1.02349315e-38 1.14316446e-55 4.57990368e-35 5.74820907e-26
  6.45234826e-49 6.76885969e-64 7.56981303e-35 4.03498273e-30
  1.00000000e+00]
 [4.15520697e-28 1.19066767e-25 3.28825124e-50 6.95906842e-75
  1.47307524e-47 3.38890302e-49 1.28124377e-69 1.28362973e-18
  1.00000000e+00 3.79955676e-25 2.36769984e-41 1.19221280e-51
  1.17696084e-69 2.28601856e-58 3.38900301e-40 2.26613978e-29
  1.03007312e-16 1.61233589e-46 1.47076605e-43 4.63113768e-50
  1.00000000e+00]
 [2.37718458e-39 4.71987919e-55 4.98202449e-20 3.86170563e-41
  2.21411134e-15 9.81515268e-27 1.26127354e-35 1.51304408e-06
  3.79955676e-25 1.00000000e+00 2.90468974e-34 1.77477206e-61
  1.47642366e-47 2.91464456e-61 2.41280362e-31 2.51955740e-16
  2.52243521e-53 3.91454939e-51 1.96112845e-41 4.60543445e-17
  1.00000000e+00]
 [2.73505330e-51 1.37079251e-31 2.66084034e-10 8.76457843e-22
  3.20176185e-22 3.03448141e-28 9.26619047e-17 3.52514952e-38
  2.36769984e-41 2.90468974e-34 1.00000000e+00 1.69411795e-39
  1.20627422e-23 1.03835705e-12 5.67175099e-13 1.12553669e-37
  1.26046751e-51 2.48017549e-30 1.20904527e-28 2.84307331e-47
  1.00000000e+00]
 [7.93669754e-44 1.59337630e-39 8.31795878e-48 7.42387100e-41
  1.97585241e-61 1.07211340e-52 2.72005550e-86 9.85334357e-81
  1.19221280e-51 1.77477206e-61 1.69411795e-39 1.00000000e+00
  8.69694816e-95 4.56068612e-59 4.27330264e-44 9.44212419e-39
  4.12149273e-32 1.06186921e-08 1.55018509e-65 6.92500494e-46
  1.00000000e+00]
 [1.87962480e-57 6.68250404e-49 6.29347158e-35 8.67309293e-38
  7.86391879e-39 2.30534975e-56 1.08958431e-17 1.02349315e-38
  1.17696084e-69 1.47642366e-47 1.20627422e-23 8.69694816e-95
  1.00000000e+00 3.52458631e-22 1.23137087e-34 1.73653682e-66
  2.01911480e-82 1.24097394e-62 3.55115597e-33 6.21656250e-53
  1.00000000e+00]
 [2.13469015e-47 3.27228675e-37 9.26294025e-31 1.53217614e-37
  3.67762411e-39 2.26272312e-69 9.39525745e-21 1.14316446e-55
  2.28601856e-58 2.91464456e-61 1.03835705e-12 4.56068612e-59
  3.52458631e-22 1.00000000e+00 4.09369826e-18 7.72768128e-51
  1.90852482e-55 7.41623892e-49 7.50405574e-15 2.85432960e-68
  1.00000000e+00]
 [1.03704621e-44 1.98921363e-32 3.86320477e-18 1.28351419e-16
  4.93224317e-30 1.69010135e-57 8.50548219e-19 4.57990368e-35
  3.38900301e-40 2.41280362e-31 5.67175099e-13 4.27330264e-44
  1.23137087e-34 4.09369826e-18 1.00000000e+00 4.64423810e-18
  2.97096773e-41 1.60561564e-40 5.47172368e-13 1.44958796e-43
  1.00000000e+00]
 [5.42163261e-28 5.16989946e-50 1.63834811e-26 5.60692076e-34
  1.10581324e-25 3.34242223e-57 7.53532960e-43 5.74820907e-26
  2.26613978e-29 2.51955740e-16 1.12553669e-37 9.44212419e-39
  1.73653682e-66 7.72768128e-51 4.64423810e-18 1.00000000e+00
  4.96318205e-34 2.77292347e-43 1.04245924e-23 3.82684874e-22
  1.00000000e+00]
 [8.10137691e-18 3.57008062e-13 6.15862990e-72 1.77958491e-68
  4.68402729e-76 5.59966163e-81 8.22358131e-92 6.45234826e-49
  1.03007312e-16 2.52243521e-53 1.26046751e-51 4.12149273e-32
  2.01911480e-82 1.90852482e-55 2.97096773e-41 4.96318205e-34
  1.00000000e+00 1.45802348e-29 7.13161275e-42 1.19382500e-54
  1.00000000e+00]
 [7.27624382e-34 2.14414449e-23 1.09571817e-43 4.18478615e-30
  1.08506849e-56 1.24664161e-39 4.10416031e-73 6.76885969e-64
  1.61233589e-46 3.91454939e-51 2.48017549e-30 1.06186921e-08
  1.24097394e-62 7.41623892e-49 1.60561564e-40 2.77292347e-43
  1.45802348e-29 1.00000000e+00 1.35913387e-59 1.93309049e-32
  1.00000000e+00]
 [1.81404419e-28 3.94171528e-42 1.09898688e-34 7.31810576e-41
  5.41803004e-34 5.24592027e-84 1.16332567e-23 7.56981303e-35
  1.47076605e-43 1.96112845e-41 1.20904527e-28 1.55018509e-65
  3.55115597e-33 7.50405574e-15 5.47172368e-13 1.04245924e-23
  7.13161275e-42 1.35913387e-59 1.00000000e+00 1.84974843e-49
  1.00000000e+00]
 [3.78035711e-27 5.62729068e-59 5.68882001e-33 8.56276203e-31
  1.67301357e-28 5.39655934e-39 6.21420374e-53 4.03498273e-30
  4.63113768e-50 4.60543445e-17 2.84307331e-47 6.92500494e-46
  6.21656250e-53 2.85432960e-68 1.44958796e-43 3.82684874e-22
  1.19382500e-54 1.93309049e-32 1.84974843e-49 1.00000000e+00
  1.00000000e+00]
 [1.00000000e+00 1.00000000e+00 1.00000000e+00 1.00000000e+00
  1.00000000e+00 1.00000000e+00 1.00000000e+00 1.00000000e+00
  1.00000000e+00 1.00000000e+00 1.00000000e+00 1.00000000e+00
  1.00000000e+00 1.00000000e+00 1.00000000e+00 1.00000000e+00
  1.00000000e+00 1.00000000e+00 1.00000000e+00 1.00000000e+00
  0.00000000e+00]]
