[[1.00000000e+00 3.37809841e-37 1.74766265e-63 ... 1.96658481e-15
  2.00459707e-30 1.00000000e+00]
 [3.37809841e-37 1.00000000e+00 1.96278927e-35 ... 5.28676424e-49
  3.24268175e-16 1.00000000e+00]
 [1.74766265e-63 1.96278927e-35 1.00000000e+00 ... 2.23725681e-60
  8.76420316e-76 1.00000000e+00]
 ...
 [1.96658481e-15 5.28676424e-49 2.23725681e-60 ... 1.00000000e+00
  8.03709863e-38 1.00000000e+00]
 [2.00459707e-30 3.24268175e-16 8.76420316e-76 ... 8.03709863e-38
  1.00000000e+00 1.00000000e+00]
 [1.00000000e+00 1.00000000e+00 1.00000000e+00 ... 1.00000000e+00
  1.00000000e+00 0.00000000e+00]]
