[[1.00000000e+00 2.65220415e-49 4.19629112e-46 ... 1.74369437e-16
  3.21101697e-65 1.00000000e+00]
 [2.65220415e-49 1.00000000e+00 8.31583482e-45 ... 9.72664754e-57
  2.05906312e-33 1.00000000e+00]
 [4.19629112e-46 8.31583482e-45 1.00000000e+00 ... 4.03544063e-37
  4.35217864e-73 1.00000000e+00]
 ...
 [1.74369437e-16 9.72664754e-57 4.03544063e-37 ... 1.00000000e+00
  1.34234456e-51 1.00000000e+00]
 [3.21101697e-65 2.05906312e-33 4.35217864e-73 ... 1.34234456e-51
  1.00000000e+00 1.00000000e+00]
 [1.00000000e+00 1.00000000e+00 1.00000000e+00 ... 1.00000000e+00
  1.00000000e+00 0.00000000e+00]]
