[[1.00000000e+000 1.30297596e-106 4.43641975e-016 7.27191563e-098
  3.90578653e-097 1.00063312e-056 5.74952096e-092 1.92081587e-020
  4.83041946e-055 4.10998919e-035 5.24310626e-105 1.15651497e-060
  4.31308246e-033 3.59566751e-074 2.35612519e-056 2.62216397e-079
  7.17155725e-010 1.47062290e-023 7.58151168e-052 8.22088416e-044
  1.00000000e+000]
 [1.30297596e-106 1.00000000e+000 2.73144992e-062 1.08974693e-017
  5.29190465e-052 2.73030910e-059 2.97777159e-042 4.41040119e-062
  6.35235296e-041 1.41748699e-056 6.74552760e-019 1.74872902e-033
  2.95460102e-086 7.59028367e-024 1.11107196e-054 4.70889428e-058
  3.03970080e-076 3.62768680e-077 4.86036130e-060 1.29195484e-056
  1.00000000e+000]
 [4.43641975e-016 2.73144992e-062 1.00000000e+000 1.92829668e-066
  4.08272685e-084 8.16302365e-028 9.82158392e-076 1.56363426e-024
  3.58212284e-036 1.31758877e-036 6.20742255e-073 7.41041259e-033
  6.28394244e-046 4.53271070e-048 7.49452200e-021 1.66429856e-067
  6.74793113e-020 4.43901329e-032 3.59224684e-058 9.81193684e-051
  1.00000000e+000]
 [7.27191563e-098 1.08974693e-017 1.92829668e-066 1.00000000e+000
  8.46927624e-078 5.10606667e-070 1.22869024e-008 5.26586909e-049
  2.53957336e-057 3.25165982e-047 6.32976659e-029 6.16520871e-015
  9.22687012e-054 3.10713957e-028 7.86434438e-090 2.05163636e-073
  1.60813475e-064 6.15502502e-079 1.19294865e-040 6.07576220e-060
  1.00000000e+000]
 [3.90578653e-097 5.29190465e-052 4.08272685e-084 8.46927624e-078
  1.00000000e+000 7.21983659e-051 5.12847927e-103 3.53456683e-062
  1.66688921e-030 1.46286287e-040 2.87946954e-021 7.71245718e-089
  1.15769267e-077 4.12547760e-034 5.16550350e-066 4.43875068e-037
  3.35872084e-092 2.56601832e-031 4.58109376e-040 1.67120018e-033
  1.00000000e+000]
 [1.00063312e-056 2.73030910e-059 8.16302365e-028 5.10606667e-070
  7.21983659e-051 1.00000000e+000 1.23402162e-093 1.47050006e-047
  3.91222064e-018 3.23418667e-030 1.50404812e-037 4.14977095e-047
  4.06805835e-051 2.90126336e-042 2.04035691e-031 6.42165570e-050
  7.05959433e-065 6.31033516e-032 7.15714166e-048 4.49415452e-071
  1.00000000e+000]
 [5.74952096e-092 2.97777159e-042 9.82158392e-076 1.22869024e-008
  5.12847927e-103 1.23402162e-093 1.00000000e+000 7.87144774e-041
  3.63377563e-083 5.21256211e-047 4.89299725e-052 2.04156675e-016
  4.11171047e-042 6.94790246e-039 1.22388271e-116 1.20086272e-078
  3.03001813e-054 2.14622912e-085 3.16605928e-041 6.30802264e-060
  1.00000000e+000]
 [1.92081587e-020 4.41040119e-062 1.56363426e-024 5.26586909e-049
  3.53456683e-062 1.47050006e-047 7.87144774e-041 1.00000000e+000
  2.72252363e-050 8.13702953e-013 6.88246254e-056 5.84137964e-025
  5.55607292e-017 1.83688800e-025 7.28453008e-053 8.47792892e-034
  2.55459640e-010 6.40171331e-020 5.99438542e-027 4.41821021e-017
  1.00000000e+000]
 [4.83041946e-055 6.35235296e-041 3.58212284e-036 2.53957336e-057
  1.66688921e-030 3.91222064e-018 3.63377563e-083 2.72252363e-050
  1.00000000e+000 2.26366419e-026 4.88876864e-026 1.85773034e-058
  3.00249935e-049 4.03706648e-047 2.06958472e-044 7.66635074e-054
  4.27783367e-056 6.06286272e-026 1.48903728e-029 4.16835534e-053
  1.00000000e+000]
 [4.10998919e-035 1.41748699e-056 1.31758877e-036 3.25165982e-047
  1.46286287e-040 3.23418667e-030 5.21256211e-047 8.13702953e-013
  2.26366419e-026 1.00000000e+000 5.94567615e-032 1.85230672e-035
  8.25226046e-010 1.08582259e-029 3.64083694e-064 5.05866548e-023
  2.55757977e-026 3.41501542e-015 1.69805796e-009 1.41803003e-028
  1.00000000e+000]
 [5.24310626e-105 6.74552760e-019 6.20742255e-073 6.32976659e-029
  2.87946954e-021 1.50404812e-037 4.89299725e-052 6.88246254e-056
  4.88876864e-026 5.94567615e-032 1.00000000e+000 2.13809045e-044
  1.76797171e-060 2.26840999e-019 7.85766471e-068 4.84087215e-035
  7.24188378e-085 1.30788857e-050 4.21233655e-031 3.22510935e-050
  1.00000000e+000]
 [1.15651497e-060 1.74872902e-033 7.41041259e-033 6.16520871e-015
  7.71245718e-089 4.14977095e-047 2.04156675e-016 5.84137964e-025
  1.85773034e-058 1.85230672e-035 2.13809045e-044 1.00000000e+000
  2.47025672e-038 4.26087775e-022 2.58218563e-058 1.58336201e-059
  1.61337777e-038 8.79349902e-061 1.23457283e-045 1.46134461e-053
  1.00000000e+000]
 [4.31308246e-033 2.95460102e-086 6.28394244e-046 9.22687012e-054
  1.15769267e-077 4.06805835e-051 4.11171047e-042 5.55607292e-017
  3.00249935e-049 8.25226046e-010 1.76797171e-060 2.47025672e-038
  1.00000000e+000 6.98783185e-053 1.91044632e-098 1.81040555e-055
  8.58975231e-026 1.07170939e-027 1.05272190e-011 1.90502111e-045
  1.00000000e+000]
 [3.59566751e-074 7.59028367e-024 4.53271070e-048 3.10713957e-028
  4.12547760e-034 2.90126336e-042 6.94790246e-039 1.83688800e-025
  4.03706648e-047 1.08582259e-029 2.26840999e-019 4.26087775e-022
  6.98783185e-053 1.00000000e+000 9.90484388e-043 1.14984970e-025
  1.24601209e-054 2.61028219e-040 4.41852738e-040 2.81557629e-024
  1.00000000e+000]
 [2.35612519e-056 1.11107196e-054 7.49452200e-021 7.86434438e-090
  5.16550350e-066 2.04035691e-031 1.22388271e-116 7.28453008e-053
  2.06958472e-044 3.64083694e-064 7.85766471e-068 2.58218563e-058
  1.91044632e-098 9.90484388e-043 1.00000000e+000 1.11547530e-061
  9.88896580e-061 4.41711841e-049 1.64445836e-094 2.56138084e-059
  1.00000000e+000]
 [2.62216397e-079 4.70889428e-058 1.66429856e-067 2.05163636e-073
  4.43875068e-037 6.42165570e-050 1.20086272e-078 8.47792892e-034
  7.66635074e-054 5.05866548e-023 4.84087215e-035 1.58336201e-059
  1.81040555e-055 1.14984970e-025 1.11547530e-061 1.00000000e+000
  3.66299430e-060 2.12256351e-042 3.07603256e-048 1.13511284e-037
  1.00000000e+000]
 [7.17155725e-010 3.03970080e-076 6.74793113e-020 1.60813475e-064
  3.35872084e-092 7.05959433e-065 3.03001813e-054 2.55459640e-010
  4.27783367e-056 2.55757977e-026 7.24188378e-085 1.61337777e-038
  8.58975231e-026 1.24601209e-054 9.88896580e-061 3.66299430e-060
  1.00000000e+000 2.69156801e-032 6.87353615e-042 4.91953967e-032
  1.00000000e+000]
 [1.47062290e-023 3.62768680e-077 4.43901329e-032 6.15502502e-079
  2.56601832e-031 6.31033516e-032 2.14622912e-085 6.40171331e-020
  6.06286272e-026 3.41501542e-015 1.30788857e-050 8.79349902e-061
  1.07170939e-027 2.61028219e-040 4.41711841e-049 2.12256351e-042
  2.69156801e-032 1.00000000e+000 6.21271787e-022 1.43782241e-020
  1.00000000e+000]
 [7.58151168e-052 4.86036130e-060 3.59224684e-058 1.19294865e-040
  4.58109376e-040 7.15714166e-048 3.16605928e-041 5.99438542e-027
  1.48903728e-029 1.69805796e-009 4.21233655e-031 1.23457283e-045
  1.05272190e-011 4.41852738e-040 1.64445836e-094 3.07603256e-048
  6.87353615e-042 6.21271787e-022 1.00000000e+000 5.79957769e-033
  1.00000000e+000]
 [8.22088416e-044 1.29195484e-056 9.81193684e-051 6.07576220e-060
  1.67120018e-033 4.49415452e-071 6.30802264e-060 4.41821021e-017
  4.16835534e-053 1.41803003e-028 3.22510935e-050 1.46134461e-053
  1.90502111e-045 2.81557629e-024 2.56138084e-059 1.13511284e-037
  4.91953967e-032 1.43782241e-020 5.79957769e-033 1.00000000e+000
  1.00000000e+000]
 [1.00000000e+000 1.00000000e+000 1.00000000e+000 1.00000000e+000
  1.00000000e+000 1.00000000e+000 1.00000000e+000 1.00000000e+000
  1.00000000e+000 1.00000000e+000 1.00000000e+000 1.00000000e+000
  1.00000000e+000 1.00000000e+000 1.00000000e+000 1.00000000e+000
  1.00000000e+000 1.00000000e+000 1.00000000e+000 1.00000000e+000
  0.00000000e+000]]
