[[1.00000000e+00 6.69123914e-74 3.72489071e-26 ... 6.50213793e-27
  4.52999908e-28 1.00000000e+00]
 [6.69123914e-74 1.00000000e+00 2.30759276e-49 ... 4.15490211e-44
  2.00807891e-52 1.00000000e+00]
 [3.72489071e-26 2.30759276e-49 1.00000000e+00 ... 8.83159265e-22
  1.16613399e-36 1.00000000e+00]
 ...
 [6.50213793e-27 4.15490211e-44 8.83159265e-22 ... 1.00000000e+00
  4.49305487e-65 1.00000000e+00]
 [4.52999908e-28 2.00807891e-52 1.16613399e-36 ... 4.49305487e-65
  1.00000000e+00 1.00000000e+00]
 [1.00000000e+00 1.00000000e+00 1.00000000e+00 ... 1.00000000e+00
  1.00000000e+00 0.00000000e+00]]
