[[1.00000000e+00 4.38917494e-28 1.66610944e-20 ... 3.14114352e-53
  2.00851410e-34 1.00000000e+00]
 [4.38917494e-28 1.00000000e+00 5.37506362e-28 ... 3.62132648e-24
  7.28214589e-28 1.00000000e+00]
 [1.66610944e-20 5.37506362e-28 1.00000000e+00 ... 9.64844572e-49
  3.16729723e-53 1.00000000e+00]
 ...
 [3.14114352e-53 3.62132648e-24 9.64844572e-49 ... 1.00000000e+00
  5.50821456e-64 1.00000000e+00]
 [2.00851410e-34 7.28214589e-28 3.16729723e-53 ... 5.50821456e-64
  1.00000000e+00 1.00000000e+00]
 [1.00000000e+00 1.00000000e+00 1.00000000e+00 ... 1.00000000e+00
  1.00000000e+00 0.00000000e+00]]
