[[1.00000000e+00 3.55811225e-59 3.85444773e-19 ... 1.25354434e-12
  3.66978435e-34 1.00000000e+00]
 [3.55811225e-59 1.00000000e+00 3.08163121e-85 ... 3.32275991e-31
  7.38014930e-73 1.00000000e+00]
 [3.85444773e-19 3.08163121e-85 1.00000000e+00 ... 5.74467254e-27
  2.08476240e-38 1.00000000e+00]
 ...
 [1.25354434e-12 3.32275991e-31 5.74467254e-27 ... 1.00000000e+00
  1.04615676e-22 1.00000000e+00]
 [3.66978435e-34 7.38014930e-73 2.08476240e-38 ... 1.04615676e-22
  1.00000000e+00 1.00000000e+00]
 [1.00000000e+00 1.00000000e+00 1.00000000e+00 ... 1.00000000e+00
  1.00000000e+00 0.00000000e+00]]
