[[1.00000000e+00 2.22053352e-47 8.62963706e-38 ... 7.42362581e-48
  1.50650395e-53 1.00000000e+00]
 [2.22053352e-47 1.00000000e+00 1.75343358e-31 ... 1.05895814e-57
  5.35989033e-64 1.00000000e+00]
 [8.62963706e-38 1.75343358e-31 1.00000000e+00 ... 5.72596408e-49
  1.50143918e-83 1.00000000e+00]
 ...
 [7.42362581e-48 1.05895814e-57 5.72596408e-49 ... 1.00000000e+00
  1.44733967e-73 1.00000000e+00]
 [1.50650395e-53 5.35989033e-64 1.50143918e-83 ... 1.44733967e-73
  1.00000000e+00 1.00000000e+00]
 [1.00000000e+00 1.00000000e+00 1.00000000e+00 ... 1.00000000e+00
  1.00000000e+00 0.00000000e+00]]
