[[1.00000000e+000 9.64076821e-084 8.17960952e-064 4.48785041e-061
  2.03260144e-032 1.87824297e-035 2.47556421e-107 6.22406457e-072
  2.97542690e-033 6.11556821e-074 1.67952016e-101 1.08120311e-069
  4.62669641e-084 1.61158405e-054 9.44353916e-050 2.13369630e-017
  5.13847517e-046 1.21310056e-079 1.76792174e-040 3.38636912e-036
  1.00000000e+000]
 [9.64076821e-084 1.00000000e+000 1.58540332e-090 2.05483035e-005
  6.83827534e-040 1.28695597e-041 9.70895135e-083 2.04961458e-057
  1.48866583e-050 1.72080931e-029 8.67562277e-023 3.77238890e-043
  6.41388883e-029 6.74007703e-063 2.63618216e-010 6.98851642e-072
  3.50862422e-050 8.28639286e-053 2.46266526e-046 3.78763930e-017
  1.00000000e+000]
 [8.17960952e-064 1.58540332e-090 1.00000000e+000 2.99331001e-073
  3.66337623e-056 3.00525039e-019 6.66710680e-082 1.03292188e-036
  1.86882226e-022 7.38348029e-120 2.71335522e-085 9.44938457e-047
  6.14142865e-069 1.02900596e-019 6.16229955e-065 5.57323499e-027
  4.74054820e-017 3.95909643e-035 5.10545309e-073 1.81462905e-066
  1.00000000e+000]
 [4.48785041e-061 2.05483035e-005 2.99331001e-073 1.00000000e+000
  1.28416876e-034 2.57087802e-033 1.25620487e-076 1.07934159e-057
  2.11887134e-041 2.46323481e-025 1.07694464e-022 3.76804584e-031
  2.75697597e-020 3.21745014e-051 2.69308799e-011 4.08896236e-057
  3.96571139e-044 6.29216636e-044 1.02104321e-031 2.82954551e-016
  1.00000000e+000]
 [2.03260144e-032 6.83827534e-040 3.66337623e-056 1.28416876e-034
  1.00000000e+000 9.75186399e-015 8.44636674e-069 2.54845032e-056
  4.40952474e-034 1.22326226e-036 6.55581691e-038 1.01721200e-068
  1.13869700e-060 1.74504922e-035 1.88106513e-022 1.63901566e-026
  2.85385924e-027 2.63693718e-044 1.73000374e-054 3.70185794e-021
  1.00000000e+000]
 [1.87824297e-035 1.28695597e-041 3.00525039e-019 2.57087802e-033
  9.75186399e-015 1.00000000e+000 3.92752832e-069 2.78835167e-030
  2.77333848e-011 1.09857572e-065 1.23581912e-050 2.76632054e-046
  1.15463533e-049 4.23048285e-023 4.07802468e-019 3.81353154e-010
  2.97739837e-011 2.65244486e-034 8.69395416e-054 3.67234638e-023
  1.00000000e+000]
 [2.47556421e-107 9.70895135e-083 6.66710680e-082 1.25620487e-076
  8.44636674e-069 3.92752832e-069 1.00000000e+000 1.25115738e-052
  8.80776891e-099 2.73952602e-052 6.06414360e-064 1.33768941e-087
  5.49486371e-032 1.28324521e-037 7.92432971e-078 2.38968753e-091
  1.12795568e-056 2.09541994e-020 6.37821494e-074 3.43699245e-066
  1.00000000e+000]
 [6.22406457e-072 2.04961458e-057 1.03292188e-036 1.07934159e-057
  2.54845032e-056 2.78835167e-030 1.25115738e-052 1.00000000e+000
  2.74240651e-024 7.76244779e-089 8.98848863e-080 1.55112735e-040
  1.40923990e-046 4.65230487e-025 1.51463691e-038 4.64621668e-038
  2.55384691e-013 1.33196502e-033 1.38024675e-049 6.79674497e-030
  1.00000000e+000]
 [2.97542690e-033 1.48866583e-050 1.86882226e-022 2.11887134e-041
  4.40952474e-034 2.77333848e-011 8.80776891e-099 2.74240651e-024
  1.00000000e+000 8.21057498e-089 3.24436434e-073 5.70217282e-030
  3.52336504e-063 7.90033214e-029 6.83902276e-027 2.93857705e-012
  9.53779160e-011 4.48937672e-050 1.47365142e-040 1.98298768e-024
  1.00000000e+000]
 [6.11556821e-074 1.72080931e-029 7.38348029e-120 2.46323481e-025
  1.22326226e-036 1.09857572e-065 2.73952602e-052 7.76244779e-089
  8.21057498e-089 1.00000000e+000 1.11768319e-022 9.51403530e-070
  7.08638567e-032 3.84964129e-062 3.99718768e-040 1.80599238e-091
  3.43379334e-070 1.99816010e-047 2.88446960e-041 6.82389369e-033
  1.00000000e+000]
 [1.67952016e-101 8.67562277e-023 2.71335522e-085 1.07694464e-022
  6.55581691e-038 1.23581912e-050 6.06414360e-064 8.98848863e-080
  3.24436434e-073 1.11768319e-022 1.00000000e+000 2.96106633e-050
  6.75789792e-035 3.57984006e-045 2.02913804e-041 1.36514305e-093
  1.70606210e-051 2.46906243e-030 5.98169171e-056 2.16353248e-045
  1.00000000e+000]
 [1.08120311e-069 3.77238890e-043 9.44938457e-047 3.76804584e-031
  1.01721200e-068 2.76632054e-046 1.33768941e-087 1.55112735e-040
  5.70217282e-030 9.51403530e-070 2.96106633e-050 1.00000000e+000
  6.58007829e-034 9.83373212e-030 8.11056252e-048 4.43517294e-063
  3.05730096e-029 6.45128741e-035 2.33820789e-016 4.35562076e-040
  1.00000000e+000]
 [4.62669641e-084 6.41388883e-029 6.14142865e-069 2.75697597e-020
  1.13869700e-060 1.15463533e-049 5.49486371e-032 1.40923990e-046
  3.52336504e-063 7.08638567e-032 6.75789792e-035 6.58007829e-034
  1.00000000e+000 1.98223188e-039 2.46119860e-036 9.40258473e-075
  6.60121562e-048 8.53914000e-022 1.95274232e-034 6.10301559e-035
  1.00000000e+000]
 [1.61158405e-054 6.74007703e-063 1.02900596e-019 3.21745014e-051
  1.74504922e-035 4.23048285e-023 1.28324521e-037 4.65230487e-025
  7.90033214e-029 3.84964129e-062 3.57984006e-045 9.83373212e-030
  1.98223188e-039 1.00000000e+000 1.61503329e-051 1.67318424e-037
  1.20504252e-007 9.98137848e-008 1.16127777e-035 3.35548176e-041
  1.00000000e+000]
 [9.44353916e-050 2.63618216e-010 6.16229955e-065 2.69308799e-011
  1.88106513e-022 4.07802468e-019 7.92432971e-078 1.51463691e-038
  6.83902276e-027 3.99718768e-040 2.02913804e-041 8.11056252e-048
  2.46119860e-036 1.61503329e-051 1.00000000e+000 4.71755205e-034
  8.60339038e-033 1.36218332e-052 1.78903275e-045 6.26008595e-006
  1.00000000e+000]
 [2.13369630e-017 6.98851642e-072 5.57323499e-027 4.08896236e-057
  1.63901566e-026 3.81353154e-010 2.38968753e-091 4.64621668e-038
  2.93857705e-012 1.80599238e-091 1.36514305e-093 4.43517294e-063
  9.40258473e-075 1.67318424e-037 4.71755205e-034 1.00000000e+000
  1.05863347e-021 2.33481365e-060 1.85921047e-058 2.52521776e-031
  1.00000000e+000]
 [5.13847517e-046 3.50862422e-050 4.74054820e-017 3.96571139e-044
  2.85385924e-027 2.97739837e-011 1.12795568e-056 2.55384691e-013
  9.53779160e-011 3.43379334e-070 1.70606210e-051 3.05730096e-029
  6.60121562e-048 1.20504252e-007 8.60339038e-033 1.05863347e-021
  1.00000000e+000 7.07584202e-021 2.18895379e-038 2.57778798e-026
  1.00000000e+000]
 [1.21310056e-079 8.28639286e-053 3.95909643e-035 6.29216636e-044
  2.63693718e-044 2.65244486e-034 2.09541994e-020 1.33196502e-033
  4.48937672e-050 1.99816010e-047 2.46906243e-030 6.45128741e-035
  8.53914000e-022 9.98137848e-008 1.36218332e-052 2.33481365e-060
  7.07584202e-021 1.00000000e+000 1.17853405e-042 2.03634569e-046
  1.00000000e+000]
 [1.76792174e-040 2.46266526e-046 5.10545309e-073 1.02104321e-031
  1.73000374e-054 8.69395416e-054 6.37821494e-074 1.38024675e-049
  1.47365142e-040 2.88446960e-041 5.98169171e-056 2.33820789e-016
  1.95274232e-034 1.16127777e-035 1.78903275e-045 1.85921047e-058
  2.18895379e-038 1.17853405e-042 1.00000000e+000 7.85631341e-027
  1.00000000e+000]
 [3.38636912e-036 3.78763930e-017 1.81462905e-066 2.82954551e-016
  3.70185794e-021 3.67234638e-023 3.43699245e-066 6.79674497e-030
  1.98298768e-024 6.82389369e-033 2.16353248e-045 4.35562076e-040
  6.10301559e-035 3.35548176e-041 6.26008595e-006 2.52521776e-031
  2.57778798e-026 2.03634569e-046 7.85631341e-027 1.00000000e+000
  1.00000000e+000]
 [1.00000000e+000 1.00000000e+000 1.00000000e+000 1.00000000e+000
  1.00000000e+000 1.00000000e+000 1.00000000e+000 1.00000000e+000
  1.00000000e+000 1.00000000e+000 1.00000000e+000 1.00000000e+000
  1.00000000e+000 1.00000000e+000 1.00000000e+000 1.00000000e+000
  1.00000000e+000 1.00000000e+000 1.00000000e+000 1.00000000e+000
  0.00000000e+000]]
