[[1.00000000e+00 1.20687725e-59 1.62524025e-56 ... 7.64805039e-64
  3.27418361e-73 1.00000000e+00]
 [1.20687725e-59 1.00000000e+00 1.38177532e-34 ... 1.57514605e-39
  3.23722600e-44 1.00000000e+00]
 [1.62524025e-56 1.38177532e-34 1.00000000e+00 ... 2.38812966e-89
  3.50709923e-45 1.00000000e+00]
 ...
 [7.64805039e-64 1.57514605e-39 2.38812966e-89 ... 1.00000000e+00
  5.85806400e-53 1.00000000e+00]
 [3.27418361e-73 3.23722600e-44 3.50709923e-45 ... 5.85806400e-53
  1.00000000e+00 1.00000000e+00]
 [1.00000000e+00 1.00000000e+00 1.00000000e+00 ... 1.00000000e+00
  1.00000000e+00 0.00000000e+00]]
