[[1.00000000e+00 1.72087463e-51 3.96418607e-34 ... 6.48443914e-52
  2.59436266e-45 1.00000000e+00]
 [1.72087463e-51 1.00000000e+00 8.19554359e-69 ... 8.05979935e-54
  1.58237835e-48 1.00000000e+00]
 [3.96418607e-34 8.19554359e-69 1.00000000e+00 ... 6.07803495e-28
  6.29487111e-78 1.00000000e+00]
 ...
 [6.48443914e-52 8.05979935e-54 6.07803495e-28 ... 1.00000000e+00
  1.27909080e-52 1.00000000e+00]
 [2.59436266e-45 1.58237835e-48 6.29487111e-78 ... 1.27909080e-52
  1.00000000e+00 1.00000000e+00]
 [1.00000000e+00 1.00000000e+00 1.00000000e+00 ... 1.00000000e+00
  1.00000000e+00 0.00000000e+00]]
