[[1.00000000e+000 8.52313836e-032 3.85208368e-045 9.39149456e-036
  3.19196713e-006 5.95412879e-054 1.06579451e-038 1.22862924e-062
  9.05899662e-069 3.22512231e-010 1.64236223e-043 2.09687233e-053
  3.39626321e-052 1.54153771e-040 4.25817473e-083 2.00967533e-082
  3.26500015e-031 2.50371078e-035 1.17846178e-057 3.67051977e-021
  1.00000000e+000]
 [8.52313836e-032 1.00000000e+000 5.18004263e-042 3.56824678e-042
  3.01969378e-039 4.27656942e-047 9.71305744e-029 3.74018039e-024
  4.71002957e-031 5.46773950e-036 6.66540392e-039 7.24036183e-033
  1.41300927e-055 5.73502369e-015 1.11570960e-093 9.29549159e-074
  6.88631620e-008 5.76274358e-065 9.66328139e-034 2.78520614e-030
  1.00000000e+000]
 [3.85208368e-045 5.18004263e-042 1.00000000e+000 5.27792073e-021
  7.94609634e-055 6.16347874e-010 6.41204165e-025 1.26460553e-020
  1.46006435e-019 1.28713692e-030 3.07943883e-023 2.99662852e-021
  2.45635738e-021 6.08216690e-012 2.96048101e-030 1.71309608e-009
  1.21871536e-043 2.68852497e-023 4.92975540e-021 8.40131579e-035
  1.00000000e+000]
 [9.39149456e-036 3.56824678e-042 5.27792073e-021 1.00000000e+000
  1.17322077e-031 1.68448774e-021 7.22390295e-021 1.13155374e-030
  1.69828693e-052 2.39282653e-035 9.56759260e-053 5.16670854e-041
  1.16089944e-054 6.34206802e-027 1.56981858e-070 7.80968475e-054
  1.74095936e-026 9.19835337e-029 4.59195811e-050 1.55801574e-056
  1.00000000e+000]
 [3.19196713e-006 3.01969378e-039 7.94609634e-055 1.17322077e-031
  1.00000000e+000 1.54138983e-054 1.14007577e-043 2.27479696e-067
  3.57642366e-086 1.07088540e-015 6.18632151e-049 3.70262973e-072
  1.36949409e-064 4.57098744e-047 6.70467201e-090 1.51476899e-098
  2.76567950e-032 2.04531983e-036 4.86000902e-073 4.06365517e-030
  1.00000000e+000]
 [5.95412879e-054 4.27656942e-047 6.16347874e-010 1.68448774e-021
  1.54138983e-054 1.00000000e+000 1.88359619e-015 1.26970094e-023
  4.72082623e-039 1.96218996e-046 4.94369341e-025 1.56190919e-040
  2.21935577e-047 1.45152582e-017 2.12613033e-041 2.03593999e-025
  4.84537486e-051 1.71125241e-015 4.59957595e-043 2.44470069e-049
  1.00000000e+000]
 [1.06579451e-038 9.71305744e-029 6.41204165e-025 7.22390295e-021
  1.14007577e-043 1.88359619e-015 1.00000000e+000 2.70225904e-025
  1.63139471e-050 3.21326879e-049 2.58179241e-047 1.29515764e-032
  1.90608962e-072 1.33759116e-024 1.76443333e-078 4.69241292e-056
  3.25713395e-034 5.00565869e-023 7.07345539e-051 1.06538074e-056
  1.00000000e+000]
 [1.22862924e-062 3.74018039e-024 1.26460553e-020 1.13155374e-030
  2.27479696e-067 1.26970094e-023 2.70225904e-025 1.00000000e+000
  1.39568558e-025 3.32381476e-047 2.22262436e-044 1.62458960e-014
  4.30728686e-039 7.02027588e-013 2.13994280e-048 2.89919997e-036
  1.09553653e-028 3.78118714e-048 1.27988383e-014 6.04032820e-046
  1.00000000e+000]
 [9.05899662e-069 4.71002957e-031 1.46006435e-019 1.69828693e-052
  3.57642366e-086 4.72082623e-039 1.63139471e-050 1.39568558e-025
  1.00000000e+000 1.59903086e-051 2.98056732e-028 6.87636641e-028
  1.72699692e-028 5.10433086e-010 1.85883857e-063 9.45762806e-024
  3.85861822e-038 7.40545592e-075 2.98960310e-019 7.47608376e-041
  1.00000000e+000]
 [3.22512231e-010 5.46773950e-036 1.28713692e-030 2.39282653e-035
  1.07088540e-015 1.96218996e-046 3.21326879e-049 3.32381476e-047
  1.59903086e-051 1.00000000e+000 4.03107541e-031 1.41265366e-039
  2.24091437e-020 9.14281948e-031 2.51293431e-044 1.29510220e-053
  2.48290051e-035 7.80793549e-033 7.69683075e-032 6.82735976e-008
  1.00000000e+000]
 [1.64236223e-043 6.66540392e-039 3.07943883e-023 9.56759260e-053
  6.18632151e-049 4.94369341e-025 2.58179241e-047 2.22262436e-044
  2.98056732e-028 4.03107541e-031 1.00000000e+000 2.69679821e-058
  1.73061823e-029 4.25681567e-015 6.47629660e-045 8.20304163e-033
  7.95216389e-051 5.99649826e-040 2.55508146e-041 4.98550154e-018
  1.00000000e+000]
 [2.09687233e-053 7.24036183e-033 2.99662852e-021 5.16670854e-041
  3.70262973e-072 1.56190919e-040 1.29515764e-032 1.62458960e-014
  6.87636641e-028 1.41265366e-039 2.69679821e-058 1.00000000e+000
  1.21845724e-031 2.52115953e-025 1.97883575e-048 1.09391813e-032
  1.81900298e-040 4.39923025e-050 1.01863896e-008 6.52722635e-043
  1.00000000e+000]
 [3.39626321e-052 1.41300927e-055 2.45635738e-021 1.16089944e-054
  1.36949409e-064 2.21935577e-047 1.90608962e-072 4.30728686e-039
  1.72699692e-028 2.24091437e-020 1.73061823e-029 1.21845724e-031
  1.00000000e+000 9.33719142e-028 2.67056028e-019 1.37800138e-020
  5.23845696e-059 3.93399164e-053 6.30896947e-013 4.92145278e-018
  1.00000000e+000]
 [1.54153771e-040 5.73502369e-015 6.08216690e-012 6.34206802e-027
  4.57098744e-047 1.45152582e-017 1.33759116e-024 7.02027588e-013
  5.10433086e-010 9.14281948e-031 4.25681567e-015 2.52115953e-025
  9.33719142e-028 1.00000000e+000 2.18580334e-051 4.10926654e-028
  1.84698012e-019 2.88639205e-042 2.35607574e-019 2.10254527e-025
  1.00000000e+000]
 [4.25817473e-083 1.11570960e-093 2.96048101e-030 1.56981858e-070
  6.70467201e-090 2.12613033e-041 1.76443333e-078 2.13994280e-048
  1.85883857e-063 2.51293431e-044 6.47629660e-045 1.97883575e-048
  2.67056028e-019 2.18580334e-051 1.00000000e+000 5.98802043e-022
  8.83582604e-104 7.74277787e-039 1.79967332e-031 2.20130049e-042
  1.00000000e+000]
 [2.00967533e-082 9.29549159e-074 1.71309608e-009 7.80968475e-054
  1.51476899e-098 2.03593999e-025 4.69241292e-056 2.89919997e-036
  9.45762806e-024 1.29510220e-053 8.20304163e-033 1.09391813e-032
  1.37800138e-020 4.10926654e-028 5.98802043e-022 1.00000000e+000
  5.76626421e-082 2.16002293e-044 6.36246410e-025 3.04498867e-050
  1.00000000e+000]
 [3.26500015e-031 6.88631620e-008 1.21871536e-043 1.74095936e-026
  2.76567950e-032 4.84537486e-051 3.25713395e-034 1.09553653e-028
  3.85861822e-038 2.48290051e-035 7.95216389e-051 1.81900298e-040
  5.23845696e-059 1.84698012e-019 8.83582604e-104 5.76626421e-082
  1.00000000e+000 1.29083210e-069 5.53662491e-042 7.37557715e-041
  1.00000000e+000]
 [2.50371078e-035 5.76274358e-065 2.68852497e-023 9.19835337e-029
  2.04531983e-036 1.71125241e-015 5.00565869e-023 3.78118714e-048
  7.40545592e-075 7.80793549e-033 5.99649826e-040 4.39923025e-050
  3.93399164e-053 2.88639205e-042 7.74277787e-039 2.16002293e-044
  1.29083210e-069 1.00000000e+000 7.46948187e-058 1.40416774e-044
  1.00000000e+000]
 [1.17846178e-057 9.66328139e-034 4.92975540e-021 4.59195811e-050
  4.86000902e-073 4.59957595e-043 7.07345539e-051 1.27988383e-014
  2.98960310e-019 7.69683075e-032 2.55508146e-041 1.01863896e-008
  6.30896947e-013 2.35607574e-019 1.79967332e-031 6.36246410e-025
  5.53662491e-042 7.46948187e-058 1.00000000e+000 2.19108088e-027
  1.00000000e+000]
 [3.67051977e-021 2.78520614e-030 8.40131579e-035 1.55801574e-056
  4.06365517e-030 2.44470069e-049 1.06538074e-056 6.04032820e-046
  7.47608376e-041 6.82735976e-008 4.98550154e-018 6.52722635e-043
  4.92145278e-018 2.10254527e-025 2.20130049e-042 3.04498867e-050
  7.37557715e-041 1.40416774e-044 2.19108088e-027 1.00000000e+000
  1.00000000e+000]
 [1.00000000e+000 1.00000000e+000 1.00000000e+000 1.00000000e+000
  1.00000000e+000 1.00000000e+000 1.00000000e+000 1.00000000e+000
  1.00000000e+000 1.00000000e+000 1.00000000e+000 1.00000000e+000
  1.00000000e+000 1.00000000e+000 1.00000000e+000 1.00000000e+000
  1.00000000e+000 1.00000000e+000 1.00000000e+000 1.00000000e+000
  0.00000000e+000]]
