[[1.00000000e+00 7.43403416e-63 4.54616244e-81 ... 1.27124532e-29
  1.06947395e-32 1.00000000e+00]
 [7.43403416e-63 1.00000000e+00 5.43997012e-58 ... 1.10603845e-30
  5.41096210e-39 1.00000000e+00]
 [4.54616244e-81 5.43997012e-58 1.00000000e+00 ... 7.06972999e-40
  2.60713419e-38 1.00000000e+00]
 ...
 [1.27124532e-29 1.10603845e-30 7.06972999e-40 ... 1.00000000e+00
  8.12135771e-09 1.00000000e+00]
 [1.06947395e-32 5.41096210e-39 2.60713419e-38 ... 8.12135771e-09
  1.00000000e+00 1.00000000e+00]
 [1.00000000e+00 1.00000000e+00 1.00000000e+00 ... 1.00000000e+00
  1.00000000e+00 0.00000000e+00]]
