[[1.00000000e+000 2.61157869e-052 3.17423141e-065 ... 1.03961093e-049
  6.10898186e-049 1.00000000e+000]
 [2.61157869e-052 1.00000000e+000 5.66298030e-081 ... 3.26643807e-027
  8.44419347e-021 1.00000000e+000]
 [3.17423141e-065 5.66298030e-081 1.00000000e+000 ... 3.79096147e-127
  8.08317859e-035 1.00000000e+000]
 ...
 [1.03961093e-049 3.26643807e-027 3.79096147e-127 ... 1.00000000e+000
  6.14210529e-051 1.00000000e+000]
 [6.10898186e-049 8.44419347e-021 8.08317859e-035 ... 6.14210529e-051
  1.00000000e+000 1.00000000e+000]
 [1.00000000e+000 1.00000000e+000 1.00000000e+000 ... 1.00000000e+000
  1.00000000e+000 0.00000000e+000]]
