[[1.00000000e+00 2.05745264e-32 3.57714117e-69 ... 7.22622742e-21
  3.38717943e-40 1.00000000e+00]
 [2.05745264e-32 1.00000000e+00 6.13420992e-39 ... 1.51808832e-25
  1.53078107e-59 1.00000000e+00]
 [3.57714117e-69 6.13420992e-39 1.00000000e+00 ... 3.34954134e-48
  3.23928519e-47 1.00000000e+00]
 ...
 [7.22622742e-21 1.51808832e-25 3.34954134e-48 ... 1.00000000e+00
  3.44351555e-56 1.00000000e+00]
 [3.38717943e-40 1.53078107e-59 3.23928519e-47 ... 3.44351555e-56
  1.00000000e+00 1.00000000e+00]
 [1.00000000e+00 1.00000000e+00 1.00000000e+00 ... 1.00000000e+00
  1.00000000e+00 0.00000000e+00]]
