[[1.00000000e+000 6.24010083e-016 1.25441773e-040 2.45319313e-019
  1.88135287e-038 1.57793915e-022 1.89486701e-030 4.18819115e-032
  9.34455134e-020 9.89939374e-039 3.48647176e-019 2.15057321e-023
  1.51540792e-040 1.68476420e-020 8.19039944e-052 1.09839874e-012
  1.90175264e-012 4.23520552e-027 6.79478410e-028 7.07417291e-019
  1.00000000e+000]
 [6.24010083e-016 1.00000000e+000 6.97282441e-052 5.00548803e-040
  9.55163280e-030 7.43498602e-042 7.93246178e-027 8.44012207e-054
  7.45115414e-026 2.41341266e-045 2.62505813e-053 7.57805421e-025
  4.55990109e-077 3.64114810e-058 1.75629937e-075 2.04739782e-022
  3.99943484e-013 1.15787990e-026 4.01056669e-042 5.88583907e-033
  1.00000000e+000]
 [1.25441773e-040 6.97282441e-052 1.00000000e+000 1.62474500e-046
  1.61322555e-020 1.19222931e-032 1.43350050e-055 4.73543398e-097
  8.03755763e-065 1.64465491e-018 7.45257555e-055 1.11471277e-040
  3.48889613e-074 2.04150007e-035 2.33838602e-018 2.02497225e-060
  7.40192262e-067 1.15499814e-044 4.54651662e-037 3.20616593e-053
  1.00000000e+000]
 [2.45319313e-019 5.00548803e-040 1.62474500e-046 1.00000000e+000
  1.00584008e-041 1.57556542e-051 5.46719024e-050 1.63673441e-069
  3.27460530e-034 1.37837052e-031 4.37487708e-028 2.33089077e-034
  1.01383780e-037 4.61200316e-032 1.19512714e-073 1.54108853e-038
  5.05520810e-025 1.41482133e-065 3.61119465e-057 1.84630577e-023
  1.00000000e+000]
 [1.88135287e-038 9.55163280e-030 1.61322555e-020 1.00584008e-041
  1.00000000e+000 1.58764518e-038 1.60665459e-025 3.33669329e-090
  3.07574875e-035 3.90114217e-020 4.87878208e-074 1.06353874e-021
  6.51380187e-065 5.12617453e-053 5.89714488e-033 1.39369018e-048
  1.22239954e-043 3.19350266e-051 1.79962916e-037 6.94379004e-061
  1.00000000e+000]
 [1.57793915e-022 7.43498602e-042 1.19222931e-032 1.57556542e-051
  1.58764518e-038 1.00000000e+000 6.85893181e-043 9.21111353e-039
  2.53209828e-022 3.49873599e-035 2.43787459e-041 3.25625718e-030
  8.23023362e-070 4.07305307e-017 7.30347120e-031 1.07941863e-047
  5.24086210e-056 3.64471178e-017 2.32991554e-003 2.72488046e-058
  1.00000000e+000]
 [1.89486701e-030 7.93246178e-027 1.43350050e-055 5.46719024e-050
  1.60665459e-025 6.85893181e-043 1.00000000e+000 1.08218010e-036
  1.26549078e-026 8.48798667e-034 6.24984321e-050 6.89349717e-049
  7.62105385e-036 5.14479586e-043 8.22490568e-058 2.58782602e-045
  6.76030892e-039 5.84093163e-064 5.80432331e-034 7.84408677e-042
  1.00000000e+000]
 [4.18819115e-032 8.44012207e-054 4.73543398e-097 1.63673441e-069
  3.33669329e-090 9.21111353e-039 1.08218010e-036 1.00000000e+000
  1.71889221e-036 4.29999076e-067 5.56995153e-027 1.13086395e-086
  2.51937232e-056 2.03400220e-030 3.54205183e-098 1.22170011e-065
  6.39563623e-064 6.81828274e-058 1.88543298e-031 8.20953483e-042
  1.00000000e+000]
 [9.34455134e-020 7.45115414e-026 8.03755763e-065 3.27460530e-034
  3.07574875e-035 2.53209828e-022 1.26549078e-026 1.71889221e-036
  1.00000000e+000 1.87879708e-043 5.26807130e-051 8.33065485e-021
  2.68940901e-057 5.91929879e-037 2.53214757e-068 1.43176838e-037
  7.91720448e-029 7.62132686e-037 1.21007163e-021 1.42119850e-054
  1.00000000e+000]
 [9.89939374e-039 2.41341266e-045 1.64465491e-018 1.37837052e-031
  3.90114217e-020 3.49873599e-035 8.48798667e-034 4.29999076e-067
  1.87879708e-043 1.00000000e+000 3.08281471e-039 1.04138899e-050
  6.64035316e-059 1.48008947e-028 3.60710673e-048 5.75506313e-076
  1.25355089e-064 7.01318511e-053 2.25561405e-029 1.21991038e-035
  1.00000000e+000]
 [3.48647176e-019 2.62505813e-053 7.45257555e-055 4.37487708e-028
  4.87878208e-074 2.43787459e-041 6.24984321e-050 5.56995153e-027
  5.26807130e-051 3.08281471e-039 1.00000000e+000 5.87221886e-074
  3.41859136e-036 9.64032302e-012 2.98428888e-075 5.76666659e-053
  2.03411458e-050 1.22698164e-058 4.40238917e-042 1.61037351e-010
  1.00000000e+000]
 [2.15057321e-023 7.57805421e-025 1.11471277e-040 2.33089077e-034
  1.06353874e-021 3.25625718e-030 6.89349717e-049 1.13086395e-086
  8.33065485e-021 1.04138899e-050 5.87221886e-074 1.00000000e+000
  1.29020338e-076 3.45554899e-054 9.66943796e-046 1.89473939e-022
  3.31118173e-022 4.85248519e-033 6.77038074e-040 1.91380043e-068
  1.00000000e+000]
 [1.51540792e-040 4.55990109e-077 3.48889613e-074 1.01383780e-037
  6.51380187e-065 8.23023362e-070 7.62105385e-036 2.51937232e-056
  2.68940901e-057 6.64035316e-059 3.41859136e-036 1.29020338e-076
  1.00000000e+000 8.39756068e-033 4.79936828e-064 7.28034909e-053
  2.41859302e-054 1.50301999e-118 4.72808024e-070 3.65020944e-045
  1.00000000e+000]
 [1.68476420e-020 3.64114810e-058 2.04150007e-035 4.61200316e-032
  5.12617453e-053 4.07305307e-017 5.14479586e-043 2.03400220e-030
  5.91929879e-037 1.48008947e-028 9.64032302e-012 3.45554899e-054
  8.39756068e-033 1.00000000e+000 1.03094688e-038 7.21637878e-053
  2.48752019e-058 6.99830872e-048 6.13439574e-019 5.79180484e-032
  1.00000000e+000]
 [8.19039944e-052 1.75629937e-075 2.33838602e-018 1.19512714e-073
  5.89714488e-033 7.30347120e-031 8.22490568e-058 3.54205183e-098
  2.53214757e-068 3.60710673e-048 2.98428888e-075 9.66943796e-046
  4.79936828e-064 1.03094688e-038 1.00000000e+000 8.28125435e-059
  3.65152435e-081 7.20411529e-064 5.49530147e-038 1.11632335e-088
  1.00000000e+000]
 [1.09839874e-012 2.04739782e-022 2.02497225e-060 1.54108853e-038
  1.39369018e-048 1.07941863e-047 2.58782602e-045 1.22170011e-065
  1.43176838e-037 5.75506313e-076 5.76666659e-053 1.89473939e-022
  7.28034909e-053 7.21637878e-053 8.28125435e-059 1.00000000e+000
  1.34695558e-007 5.43072102e-048 2.79988398e-059 2.49169143e-045
  1.00000000e+000]
 [1.90175264e-012 3.99943484e-013 7.40192262e-067 5.05520810e-025
  1.22239954e-043 5.24086210e-056 6.76030892e-039 6.39563623e-064
  7.91720448e-029 1.25355089e-064 2.03411458e-050 3.31118173e-022
  2.41859302e-054 2.48752019e-058 3.65152435e-081 1.34695558e-007
  1.00000000e+000 6.05937776e-051 2.11879535e-063 3.30864371e-034
  1.00000000e+000]
 [4.23520552e-027 1.15787990e-026 1.15499814e-044 1.41482133e-065
  3.19350266e-051 3.64471178e-017 5.84093163e-064 6.81828274e-058
  7.62132686e-037 7.01318511e-053 1.22698164e-058 4.85248519e-033
  1.50301999e-118 6.99830872e-048 7.20411529e-064 5.43072102e-048
  6.05937776e-051 1.00000000e+000 1.02067682e-021 2.12009260e-059
  1.00000000e+000]
 [6.79478410e-028 4.01056669e-042 4.54651662e-037 3.61119465e-057
  1.79962916e-037 2.32991554e-003 5.80432331e-034 1.88543298e-031
  1.21007163e-021 2.25561405e-029 4.40238917e-042 6.77038074e-040
  4.72808024e-070 6.13439574e-019 5.49530147e-038 2.79988398e-059
  2.11879535e-063 1.02067682e-021 1.00000000e+000 2.59345496e-057
  1.00000000e+000]
 [7.07417291e-019 5.88583907e-033 3.20616593e-053 1.84630577e-023
  6.94379004e-061 2.72488046e-058 7.84408677e-042 8.20953483e-042
  1.42119850e-054 1.21991038e-035 1.61037351e-010 1.91380043e-068
  3.65020944e-045 5.79180484e-032 1.11632335e-088 2.49169143e-045
  3.30864371e-034 2.12009260e-059 2.59345496e-057 1.00000000e+000
  1.00000000e+000]
 [1.00000000e+000 1.00000000e+000 1.00000000e+000 1.00000000e+000
  1.00000000e+000 1.00000000e+000 1.00000000e+000 1.00000000e+000
  1.00000000e+000 1.00000000e+000 1.00000000e+000 1.00000000e+000
  1.00000000e+000 1.00000000e+000 1.00000000e+000 1.00000000e+000
  1.00000000e+000 1.00000000e+000 1.00000000e+000 1.00000000e+000
  0.00000000e+000]]
