[[1.00000000e+000 3.23518728e-041 2.18263783e-062 2.26895070e-039
  3.51905334e-027 8.62286694e-059 2.95801884e-048 2.97184700e-033
  8.11354179e-073 2.40512883e-035 4.98307863e-052 2.96512135e-043
  4.39992608e-021 1.44417007e-034 5.89677955e-061 2.61910953e-032
  9.08305293e-020 1.92747633e-044 1.24953016e-020 3.73054800e-029
  1.00000000e+000]
 [3.23518728e-041 1.00000000e+000 3.76521452e-050 4.88308985e-021
  2.55787416e-050 6.63674650e-030 1.01029506e-044 3.86667074e-067
  1.03780463e-074 3.49013645e-041 4.31860207e-041 5.25795641e-057
  3.14303237e-039 4.73662817e-076 6.17762402e-100 2.54822659e-070
  2.00797025e-026 4.84968155e-026 2.99311465e-030 3.41938849e-075
  1.00000000e+000]
 [2.18263783e-062 3.76521452e-050 1.00000000e+000 1.20864126e-019
  1.28272717e-032 1.50387184e-023 3.49943588e-046 1.42630112e-047
  1.98425870e-041 1.93757253e-030 6.31617008e-064 2.81160164e-105
  1.66169816e-058 2.78502999e-061 3.58838617e-061 5.33130511e-071
  2.31990744e-037 5.98942489e-089 4.82486901e-032 1.48480484e-048
  1.00000000e+000]
 [2.26895070e-039 4.88308985e-021 1.20864126e-019 1.00000000e+000
  3.97439751e-025 9.70841526e-038 5.84072846e-057 1.09292197e-067
  1.23184785e-059 1.98006585e-031 2.78515482e-050 5.44046879e-077
  2.46400116e-059 6.34722912e-068 9.02085316e-099 1.60685563e-084
  1.68408494e-029 5.53008149e-059 1.23669368e-013 3.50633166e-054
  1.00000000e+000]
 [3.51905334e-027 2.55787416e-050 1.28272717e-032 3.97439751e-025
  1.00000000e+000 1.29303085e-060 1.38806379e-032 1.15825362e-055
  4.03712280e-072 8.12713636e-016 1.31956890e-043 2.88469788e-039
  3.50900104e-050 1.10304083e-061 1.22559211e-061 1.15157199e-065
  2.55716202e-018 1.02934683e-084 8.74920920e-005 4.69750969e-035
  1.00000000e+000]
 [8.62286694e-059 6.63674650e-030 1.50387184e-023 9.70841526e-038
  1.29303085e-060 1.00000000e+000 3.02028147e-040 8.81181233e-038
  3.26723934e-060 1.66434026e-043 2.72458235e-064 3.37906207e-103
  9.52203517e-033 7.59816551e-063 1.14638665e-051 6.97443369e-049
  1.50208380e-032 1.10839587e-060 9.65147804e-052 4.52927228e-052
  1.00000000e+000]
 [2.95801884e-048 1.01029506e-044 3.49943588e-046 5.84072846e-057
  1.38806379e-032 3.02028147e-040 1.00000000e+000 2.45388145e-036
  2.67479081e-051 5.20207477e-014 4.23788372e-024 1.39948488e-028
  5.63954735e-023 3.51757020e-051 6.95045061e-029 9.99502543e-039
  2.15125651e-024 1.01935144e-054 9.73250056e-033 6.49895323e-069
  1.00000000e+000]
 [2.97184700e-033 3.86667074e-067 1.42630112e-047 1.09292197e-067
  1.15825362e-055 8.81181233e-038 2.45388145e-036 1.00000000e+000
  4.46938744e-036 1.02193873e-045 8.09731881e-072 2.16563590e-081
  2.04156601e-011 8.99022301e-024 4.08444080e-025 1.38714815e-004
  7.41336824e-032 3.94617240e-056 5.02046900e-056 1.74062156e-037
  1.00000000e+000]
 [8.11354179e-073 1.03780463e-074 1.98425870e-041 1.23184785e-059
  4.03712280e-072 3.26723934e-060 2.67479081e-051 4.46938744e-036
  1.00000000e+000 8.76101315e-043 5.34560641e-053 1.79312072e-100
  4.82001892e-048 3.97937298e-026 1.01193354e-061 4.48565582e-055
  4.10547938e-072 1.24801678e-051 1.52234964e-063 4.09429919e-105
  1.00000000e+000]
 [2.40512883e-035 3.49013645e-041 1.93757253e-030 1.98006585e-031
  8.12713636e-016 1.66434026e-043 5.20207477e-014 1.02193873e-045
  8.76101315e-043 1.00000000e+000 1.85020642e-011 6.11404274e-034
  5.48583851e-033 7.50453232e-035 5.08735379e-036 7.32224231e-057
  5.53596967e-030 6.33312744e-055 5.74754636e-013 3.75897385e-063
  1.00000000e+000]
 [4.98307863e-052 4.31860207e-041 6.31617008e-064 2.78515482e-050
  1.31956890e-043 2.72458235e-064 4.23788372e-024 8.09731881e-072
  5.34560641e-053 1.85020642e-011 1.00000000e+000 1.18580423e-029
  1.38087874e-042 1.69149217e-043 2.77637509e-060 7.04507103e-079
  1.14786238e-054 4.16345636e-038 1.36684376e-030 9.28177316e-112
  1.00000000e+000]
 [2.96512135e-043 5.25795641e-057 2.81160164e-105 5.44046879e-077
  2.88469788e-039 3.37906207e-103 1.39948488e-028 2.16563590e-081
  1.79312072e-100 6.11404274e-034 1.18580423e-029 1.00000000e+000
  6.45952856e-048 1.78138071e-079 7.50217344e-083 6.17829668e-073
  1.84222224e-040 4.11903688e-058 1.65609651e-034 2.56714807e-099
  1.00000000e+000]
 [4.39992608e-021 3.14303237e-039 1.66169816e-058 2.46400116e-059
  3.50900104e-050 9.52203517e-033 5.63954735e-023 2.04156601e-011
  4.82001892e-048 5.48583851e-033 1.38087874e-042 6.45952856e-048
  1.00000000e+000 1.83048602e-024 1.21383640e-028 1.36181417e-008
  3.74596548e-023 1.37915832e-028 5.82050211e-043 2.22813769e-047
  1.00000000e+000]
 [1.44417007e-034 4.73662817e-076 2.78502999e-061 6.34722912e-068
  1.10304083e-061 7.59816551e-063 3.51757020e-051 8.99022301e-024
  3.97937298e-026 7.50453232e-035 1.69149217e-043 1.78138071e-079
  1.83048602e-024 1.00000000e+000 2.35389076e-034 1.60210570e-033
  4.17585335e-063 9.86442625e-045 1.47855654e-053 4.79776061e-075
  1.00000000e+000]
 [5.89677955e-061 6.17762402e-100 3.58838617e-061 9.02085316e-099
  1.22559211e-061 1.14638665e-051 6.95045061e-029 4.08444080e-025
  1.01193354e-061 5.08735379e-036 2.77637509e-060 7.50217344e-083
  1.21383640e-028 2.35389076e-034 1.00000000e+000 3.08945809e-031
  1.33220757e-056 9.73408235e-096 2.54400813e-069 1.09188836e-062
  1.00000000e+000]
 [2.61910953e-032 2.54822659e-070 5.33130511e-071 1.60685563e-084
  1.15157199e-065 6.97443369e-049 9.99502543e-039 1.38714815e-004
  4.48565582e-055 7.32224231e-057 7.04507103e-079 6.17829668e-073
  1.36181417e-008 1.60210570e-033 3.08945809e-031 1.00000000e+000
  2.54402470e-032 3.10922479e-054 2.29488386e-065 1.95233434e-042
  1.00000000e+000]
 [9.08305293e-020 2.00797025e-026 2.31990744e-037 1.68408494e-029
  2.55716202e-018 1.50208380e-032 2.15125651e-024 7.41336824e-032
  4.10547938e-072 5.53596967e-030 1.14786238e-054 1.84222224e-040
  3.74596548e-023 4.17585335e-063 1.33220757e-056 2.54402470e-032
  1.00000000e+000 4.49304222e-056 2.45350578e-017 1.46004058e-022
  1.00000000e+000]
 [1.92747633e-044 4.84968155e-026 5.98942489e-089 5.53008149e-059
  1.02934683e-084 1.10839587e-060 1.01935144e-054 3.94617240e-056
  1.24801678e-051 6.33312744e-055 4.16345636e-038 4.11903688e-058
  1.37915832e-028 9.86442625e-045 9.73408235e-096 3.10922479e-054
  4.49304222e-056 1.00000000e+000 8.48645548e-059 2.61927271e-113
  1.00000000e+000]
 [1.24953016e-020 2.99311465e-030 4.82486901e-032 1.23669368e-013
  8.74920920e-005 9.65147804e-052 9.73250056e-033 5.02046900e-056
  1.52234964e-063 5.74754636e-013 1.36684376e-030 1.65609651e-034
  5.82050211e-043 1.47855654e-053 2.54400813e-069 2.29488386e-065
  2.45350578e-017 8.48645548e-059 1.00000000e+000 5.48538175e-043
  1.00000000e+000]
 [3.73054800e-029 3.41938849e-075 1.48480484e-048 3.50633166e-054
  4.69750969e-035 4.52927228e-052 6.49895323e-069 1.74062156e-037
  4.09429919e-105 3.75897385e-063 9.28177316e-112 2.56714807e-099
  2.22813769e-047 4.79776061e-075 1.09188836e-062 1.95233434e-042
  1.46004058e-022 2.61927271e-113 5.48538175e-043 1.00000000e+000
  1.00000000e+000]
 [1.00000000e+000 1.00000000e+000 1.00000000e+000 1.00000000e+000
  1.00000000e+000 1.00000000e+000 1.00000000e+000 1.00000000e+000
  1.00000000e+000 1.00000000e+000 1.00000000e+000 1.00000000e+000
  1.00000000e+000 1.00000000e+000 1.00000000e+000 1.00000000e+000
  1.00000000e+000 1.00000000e+000 1.00000000e+000 1.00000000e+000
  0.00000000e+000]]
