[[1.00000000e+000 2.25213364e-044 1.75792619e-064 4.90751954e-105
  3.29776540e-029 5.20779764e-009 3.92635811e-047 1.28570143e-041
  3.86182965e-041 1.26625105e-017 4.76395515e-050 4.60988866e-010
  2.29437811e-080 1.09806349e-079 2.84777501e-084 7.31584762e-021
  5.37444581e-035 6.00510091e-045 2.49523736e-025 1.44556675e-028
  1.00000000e+000]
 [2.25213364e-044 1.00000000e+000 4.46741847e-039 1.61620456e-037
  2.06913290e-054 3.58799578e-058 5.24840420e-029 4.96579445e-046
  3.12805937e-062 4.59410703e-057 1.22878574e-064 1.02538550e-065
  1.34218418e-033 2.51792148e-034 1.83560403e-071 5.63975405e-046
  1.43688405e-028 6.04078390e-041 2.08197072e-019 2.50370813e-043
  1.00000000e+000]
 [1.75792619e-064 4.46741847e-039 1.00000000e+000 4.21080816e-046
  2.50835087e-028 1.64047414e-051 2.03157544e-051 3.36516929e-049
  7.64347527e-098 1.77709911e-048 4.68316077e-055 4.74492012e-058
  1.24191044e-046 9.32969960e-039 6.42980083e-036 4.45254745e-031
  2.65092914e-045 8.76388558e-027 1.35187014e-045 1.67153867e-015
  1.00000000e+000]
 [4.90751954e-105 1.61620456e-037 4.21080816e-046 1.00000000e+000
  5.44392703e-059 6.97499898e-101 5.67537727e-052 4.52179264e-033
  4.70196799e-072 4.52761167e-082 9.07868580e-058 2.82595327e-117
  1.05072613e-027 3.60316525e-017 3.19210452e-036 7.21700639e-080
  1.36954369e-036 3.14314200e-048 2.32010016e-044 1.68828986e-057
  1.00000000e+000]
 [3.29776540e-029 2.06913290e-054 2.50835087e-028 5.44392703e-059
  1.00000000e+000 2.34867019e-017 2.20352364e-059 5.10034403e-018
  3.08777936e-043 7.64160981e-020 2.54018155e-020 6.44429038e-029
  1.01590273e-054 2.24843389e-054 3.14379114e-019 1.23379725e-023
  6.97373029e-027 2.04754602e-015 1.49358105e-023 3.55670664e-010
  1.00000000e+000]
 [5.20779764e-009 3.58799578e-058 1.64047414e-051 6.97499898e-101
  2.34867019e-017 1.00000000e+000 7.02384739e-051 2.08137552e-038
  1.11459101e-058 5.35838888e-018 2.75340796e-055 2.50022989e-008
  2.11390123e-089 7.29900766e-070 2.48935907e-067 2.38268008e-015
  2.45968599e-027 6.09410029e-036 4.67520826e-036 1.39477428e-016
  1.00000000e+000]
 [3.92635811e-047 5.24840420e-029 2.03157544e-051 5.67537727e-052
  2.20352364e-059 7.02384739e-051 1.00000000e+000 1.70439215e-035
  5.39062556e-071 1.15460926e-033 1.38659057e-074 1.26311433e-042
  6.00875470e-066 7.21703596e-018 1.10392209e-093 7.64231685e-031
  5.17769489e-026 7.38316971e-060 7.71759017e-047 1.01877709e-031
  1.00000000e+000]
 [1.28570143e-041 4.96579445e-046 3.36516929e-049 4.52179264e-033
  5.10034403e-018 2.08137552e-038 1.70439215e-035 1.00000000e+000
  4.98807859e-025 1.55023624e-022 1.41906671e-017 3.14830752e-044
  1.31206990e-048 4.05066344e-031 4.55429381e-028 1.90605120e-039
  4.41500932e-017 2.55792696e-025 9.93618320e-020 6.40710463e-024
  1.00000000e+000]
 [3.86182965e-041 3.12805937e-062 7.64347527e-098 4.70196799e-072
  3.08777936e-043 1.11459101e-058 5.39062556e-071 4.98807859e-025
  1.00000000e+000 8.87278702e-035 1.45452541e-020 5.51772211e-062
  3.06595073e-047 2.25259389e-081 4.75536640e-066 6.96593719e-060
  2.17396086e-052 1.33596601e-067 8.69829148e-027 2.75690072e-061
  1.00000000e+000]
 [1.26625105e-017 4.59410703e-057 1.77709911e-048 4.52761167e-082
  7.64160981e-020 5.35838888e-018 1.15460926e-033 1.55023624e-022
  8.87278702e-035 1.00000000e+000 1.38518659e-028 2.25588419e-009
  2.03517963e-065 3.33163218e-056 9.63417988e-064 7.69513106e-011
  8.33634986e-038 4.29637626e-046 1.29473845e-035 2.71530439e-013
  1.00000000e+000]
 [4.76395515e-050 1.22878574e-064 4.68316077e-055 9.07868580e-058
  2.54018155e-020 2.75340796e-055 1.38659057e-074 1.41906671e-017
  1.45452541e-020 1.38518659e-028 1.00000000e+000 3.15481882e-056
  9.65893164e-046 6.82981401e-074 6.76526209e-027 1.96988398e-052
  7.39142480e-055 7.99422557e-035 8.91915987e-024 7.91790247e-037
  1.00000000e+000]
 [4.60988866e-010 1.02538550e-065 4.74492012e-058 2.82595327e-117
  6.44429038e-029 2.50022989e-008 1.26311433e-042 3.14830752e-044
  5.51772211e-062 2.25588419e-009 3.15481882e-056 1.00000000e+000
  1.45672117e-100 1.65989647e-077 3.75855669e-089 6.54564650e-013
  1.42866668e-043 1.18407737e-050 2.73361975e-046 2.04236874e-018
  1.00000000e+000]
 [2.29437811e-080 1.34218418e-033 1.24191044e-046 1.05072613e-027
  1.01590273e-054 2.11390123e-089 6.00875470e-066 1.31206990e-048
  3.06595073e-047 2.03517963e-065 9.65893164e-046 1.45672117e-100
  1.00000000e+000 1.39823097e-045 7.01666916e-052 3.27187759e-057
  1.78532658e-058 4.68434732e-069 3.58299928e-041 3.40820533e-056
  1.00000000e+000]
 [1.09806349e-079 2.51792148e-034 9.32969960e-039 3.60316525e-017
  2.24843389e-054 7.29900766e-070 7.21703596e-018 4.05066344e-031
  2.25259389e-081 3.33163218e-056 6.82981401e-074 1.65989647e-077
  1.39823097e-045 1.00000000e+000 4.81318386e-059 1.51325066e-046
  3.93131638e-021 3.69788500e-052 1.79371586e-052 2.61354278e-035
  1.00000000e+000]
 [2.84777501e-084 1.83560403e-071 6.42980083e-036 3.19210452e-036
  3.14379114e-019 2.48935907e-067 1.10392209e-093 4.55429381e-028
  4.75536640e-066 9.63417988e-064 6.76526209e-027 3.75855669e-089
  7.01666916e-052 4.81318386e-059 1.00000000e+000 4.48983826e-070
  8.02290195e-046 8.64179186e-020 3.89205857e-038 1.75363218e-038
  1.00000000e+000]
 [7.31584762e-021 5.63975405e-046 4.45254745e-031 7.21700639e-080
  1.23379725e-023 2.38268008e-015 7.64231685e-031 1.90605120e-039
  6.96593719e-060 7.69513106e-011 1.96988398e-052 6.54564650e-013
  3.27187759e-057 1.51325066e-046 4.48983826e-070 1.00000000e+000
  2.26513646e-035 6.82010947e-050 1.66423263e-044 1.60997567e-008
  1.00000000e+000]
 [5.37444581e-035 1.43688405e-028 2.65092914e-045 1.36954369e-036
  6.97373029e-027 2.45968599e-027 5.17769489e-026 4.41500932e-017
  2.17396086e-052 8.33634986e-038 7.39142480e-055 1.42866668e-043
  1.78532658e-058 3.93131638e-021 8.02290195e-046 2.26513646e-035
  1.00000000e+000 1.49631342e-024 2.06974909e-022 7.61212387e-025
  1.00000000e+000]
 [6.00510091e-045 6.04078390e-041 8.76388558e-027 3.14314200e-048
  2.04754602e-015 6.09410029e-036 7.38316971e-060 2.55792696e-025
  1.33596601e-067 4.29637626e-046 7.99422557e-035 1.18407737e-050
  4.68434732e-069 3.69788500e-052 8.64179186e-020 6.82010947e-050
  1.49631342e-024 1.00000000e+000 1.84873848e-017 3.99995892e-023
  1.00000000e+000]
 [2.49523736e-025 2.08197072e-019 1.35187014e-045 2.32010016e-044
  1.49358105e-023 4.67520826e-036 7.71759017e-047 9.93618320e-020
  8.69829148e-027 1.29473845e-035 8.91915987e-024 2.73361975e-046
  3.58299928e-041 1.79371586e-052 3.89205857e-038 1.66423263e-044
  2.06974909e-022 1.84873848e-017 1.00000000e+000 2.71663527e-033
  1.00000000e+000]
 [1.44556675e-028 2.50370813e-043 1.67153867e-015 1.68828986e-057
  3.55670664e-010 1.39477428e-016 1.01877709e-031 6.40710463e-024
  2.75690072e-061 2.71530439e-013 7.91790247e-037 2.04236874e-018
  3.40820533e-056 2.61354278e-035 1.75363218e-038 1.60997567e-008
  7.61212387e-025 3.99995892e-023 2.71663527e-033 1.00000000e+000
  1.00000000e+000]
 [1.00000000e+000 1.00000000e+000 1.00000000e+000 1.00000000e+000
  1.00000000e+000 1.00000000e+000 1.00000000e+000 1.00000000e+000
  1.00000000e+000 1.00000000e+000 1.00000000e+000 1.00000000e+000
  1.00000000e+000 1.00000000e+000 1.00000000e+000 1.00000000e+000
  1.00000000e+000 1.00000000e+000 1.00000000e+000 1.00000000e+000
  0.00000000e+000]]
