[[1.00000000e+00 3.71290937e-48 4.32942132e-18 ... 8.70813730e-81
  4.58352966e-33 1.00000000e+00]
 [3.71290937e-48 1.00000000e+00 9.66313101e-34 ... 1.06322322e-48
  3.81634505e-35 1.00000000e+00]
 [4.32942132e-18 9.66313101e-34 1.00000000e+00 ... 1.32967148e-51
  2.06270480e-20 1.00000000e+00]
 ...
 [8.70813730e-81 1.06322322e-48 1.32967148e-51 ... 1.00000000e+00
  2.22194685e-94 1.00000000e+00]
 [4.58352966e-33 3.81634505e-35 2.06270480e-20 ... 2.22194685e-94
  1.00000000e+00 1.00000000e+00]
 [1.00000000e+00 1.00000000e+00 1.00000000e+00 ... 1.00000000e+00
  1.00000000e+00 0.00000000e+00]]
