[[1.00000000e+00 2.65920637e-07 2.95716620e-09 ... 2.73855396e-06
  7.17469560e-08 2.59635456e-07]
 [2.65920637e-07 1.00000000e+00 1.07535174e-06 ... 3.35563730e-06
  2.41438861e-06 3.85221032e-07]
 [2.95716620e-09 1.07535174e-06 1.00000000e+00 ... 1.73143000e-08
  1.84283263e-07 4.65822957e-07]
 ...
 [2.73855396e-06 3.35563730e-06 1.73143000e-08 ... 1.00000000e+00
  8.77384436e-08 8.64771957e-08]
 [7.17469560e-08 2.41438861e-06 1.84283263e-07 ... 8.77384436e-08
  1.00000000e+00 2.88668012e-07]
 [2.59635456e-07 3.85221032e-07 4.65822957e-07 ... 8.64771957e-08
  2.88668012e-07 1.00000000e+00]]
