[[1.00000000e+000 7.66083350e-059 1.69207170e-046 ... 7.66184342e-048
  1.61632114e-036 1.00000000e+000]
 [7.66083350e-059 1.00000000e+000 8.43919431e-054 ... 2.82785814e-032
  2.81194298e-117 1.00000000e+000]
 [1.69207170e-046 8.43919431e-054 1.00000000e+000 ... 6.14858810e-053
  5.42345161e-031 1.00000000e+000]
 ...
 [7.66184342e-048 2.82785814e-032 6.14858810e-053 ... 1.00000000e+000
  1.48069178e-070 1.00000000e+000]
 [1.61632114e-036 2.81194298e-117 5.42345161e-031 ... 1.48069178e-070
  1.00000000e+000 1.00000000e+000]
 [1.00000000e+000 1.00000000e+000 1.00000000e+000 ... 1.00000000e+000
  1.00000000e+000 0.00000000e+000]]
