[[1.00000000e+000 2.45713246e-023 2.78647571e-026 2.14537866e-063
  7.29776606e-013 1.09252447e-068 5.35388220e-072 6.99229455e-061
  1.42195875e-038 2.30195888e-050 1.33675580e-072 1.06548248e-033
  1.70173517e-046 2.18013818e-029 3.23789382e-030 6.01075026e-022
  8.93766915e-045 1.40562727e-098 8.25365263e-041 1.97401365e-053
  1.00000000e+000]
 [2.45713246e-023 1.00000000e+000 4.56709754e-027 2.68801867e-057
  9.63232894e-038 5.38986008e-034 4.61482560e-052 8.29656716e-015
  5.98744986e-044 3.06015276e-063 2.74530488e-061 1.43511317e-018
  2.09140657e-033 1.94758563e-010 9.13415033e-027 2.89397228e-004
  1.95756928e-063 1.95722993e-051 8.53887662e-014 2.58264728e-051
  1.00000000e+000]
 [2.78647571e-026 4.56709754e-027 1.00000000e+000 1.04575400e-032
  2.01228224e-018 4.94619109e-028 2.36471930e-049 1.16208203e-058
  9.48903675e-043 6.84720296e-018 3.80643607e-040 2.71221919e-036
  5.53887338e-058 1.71272260e-048 2.39377105e-017 9.69003851e-029
  2.98503276e-021 1.00981433e-054 4.53637947e-043 1.30391951e-029
  1.00000000e+000]
 [2.14537866e-063 2.68801867e-057 1.04575400e-032 1.00000000e+000
  3.20603015e-030 6.48585574e-053 1.99082012e-055 6.35863737e-064
  5.77013888e-064 2.44752474e-042 5.01488526e-105 1.02962021e-076
  4.26595545e-049 1.04135448e-089 1.11617362e-036 1.32291185e-042
  3.40592285e-075 1.63235518e-065 1.10650977e-086 2.73291987e-076
  1.00000000e+000]
 [7.29776606e-013 9.63232894e-038 2.01228224e-018 3.20603015e-030
  1.00000000e+000 1.09663664e-054 5.25630825e-058 2.61623045e-067
  1.36619316e-043 9.40331725e-030 1.11797624e-069 2.36577515e-054
  3.27599681e-047 1.35271440e-053 1.12883341e-023 6.72255720e-029
  5.59990635e-042 1.40761807e-085 4.73975024e-060 3.52009109e-046
  1.00000000e+000]
 [1.09252447e-068 5.38986008e-034 4.94619109e-028 6.48585574e-053
  1.09663664e-054 1.00000000e+000 2.80022842e-042 2.90111353e-038
  4.93130899e-067 4.71142805e-041 4.95478692e-039 2.35603398e-063
  1.02224925e-062 9.17801653e-065 1.98265637e-031 1.05330829e-036
  7.14135092e-061 2.89235785e-028 2.62907567e-056 1.76512972e-054
  1.00000000e+000]
 [5.35388220e-072 4.61482560e-052 2.36471930e-049 1.99082012e-055
  5.25630825e-058 2.80022842e-042 1.00000000e+000 8.21520728e-042
  5.93549657e-030 2.91441784e-034 8.24392595e-039 1.47416043e-038
  2.31550921e-029 5.20364139e-074 1.10788620e-084 9.16933336e-038
  6.86501608e-049 2.33761732e-011 1.34720996e-078 3.95490333e-080
  1.00000000e+000]
 [6.99229455e-061 8.29656716e-015 1.16208203e-058 6.35863737e-064
  2.61623045e-067 2.90111353e-038 8.21520728e-042 1.00000000e+000
  1.81008119e-062 1.73292879e-090 9.29220893e-078 1.87362384e-035
  2.33609246e-030 4.11982947e-025 6.21524290e-058 2.03999057e-011
  1.94426765e-104 2.53921876e-034 1.31188177e-028 1.92989566e-077
  1.00000000e+000]
 [1.42195875e-038 5.98744986e-044 9.48903675e-043 5.77013888e-064
  1.36619316e-043 4.93130899e-067 5.93549657e-030 1.81008119e-062
  1.00000000e+000 6.22957029e-030 6.55959367e-071 2.54312288e-026
  2.85612906e-016 1.01539553e-072 1.25624086e-063 2.42191394e-034
  2.56127484e-030 2.82334653e-054 1.51848539e-088 3.46483986e-110
  1.00000000e+000]
 [2.30195888e-050 3.06015276e-063 6.84720296e-018 2.44752474e-042
  9.40331725e-030 4.71142805e-041 2.91441784e-034 1.73292879e-090
  6.22957029e-030 1.00000000e+000 1.41926481e-040 3.49210240e-057
  1.16982694e-057 6.35067793e-098 5.66664558e-047 6.58993265e-056
  8.14750958e-011 1.17964780e-051 7.87076547e-098 7.07345561e-066
  1.00000000e+000]
 [1.33675580e-072 2.74530488e-061 3.80643607e-040 5.01488526e-105
  1.11797624e-069 4.95478692e-039 8.24392595e-039 9.29220893e-078
  6.55959367e-071 1.41926481e-040 1.00000000e+000 1.57401774e-052
  6.40570704e-097 4.53905625e-070 3.90309052e-086 2.52541390e-064
  5.39582620e-034 8.20527379e-040 7.83911419e-063 5.13169145e-036
  1.00000000e+000]
 [1.06548248e-033 1.43511317e-018 2.71221919e-036 1.02962021e-076
  2.36577515e-054 2.35603398e-063 1.47416043e-038 1.87362384e-035
  2.54312288e-026 3.49210240e-057 1.57401774e-052 1.00000000e+000
  1.80882443e-034 3.00704161e-024 1.78490549e-065 5.74347713e-019
  1.71491985e-042 2.57381480e-046 1.92363011e-030 2.67593277e-065
  1.00000000e+000]
 [1.70173517e-046 2.09140657e-033 5.53887338e-058 4.26595545e-049
  3.27599681e-047 1.02224925e-062 2.31550921e-029 2.33609246e-030
  2.85612906e-016 1.16982694e-057 6.40570704e-097 1.80882443e-034
  1.00000000e+000 4.08506166e-059 4.17423529e-061 6.19062622e-019
  1.84268089e-073 3.95736631e-048 2.67562750e-076 2.53166998e-118
  1.00000000e+000]
 [2.18013818e-029 1.94758563e-010 1.71272260e-048 1.04135448e-089
  1.35271440e-053 9.17801653e-065 5.20364139e-074 4.11982947e-025
  1.01539553e-072 6.35067793e-098 4.53905625e-070 3.00704161e-024
  4.08506166e-059 1.00000000e+000 1.46128313e-055 3.16902634e-015
  3.48549212e-088 6.34466102e-077 1.11292040e-004 2.04526498e-045
  1.00000000e+000]
 [3.23789382e-030 9.13415033e-027 2.39377105e-017 1.11617362e-036
  1.12883341e-023 1.98265637e-031 1.10788620e-084 6.21524290e-058
  1.25624086e-063 5.66664558e-047 3.90309052e-086 1.78490549e-065
  4.17423529e-061 1.46128313e-055 1.00000000e+000 2.30646975e-030
  7.52409310e-062 7.07987544e-087 7.15745805e-054 1.58967992e-059
  1.00000000e+000]
 [6.01075026e-022 2.89397228e-004 9.69003851e-029 1.32291185e-042
  6.72255720e-029 1.05330829e-036 9.16933336e-038 2.03999057e-011
  2.42191394e-034 6.58993265e-056 2.52541390e-064 5.74347713e-019
  6.19062622e-019 3.16902634e-015 2.30646975e-030 1.00000000e+000
  5.47061673e-063 1.43543894e-044 7.43821277e-022 1.00775627e-055
  1.00000000e+000]
 [8.93766915e-045 1.95756928e-063 2.98503276e-021 3.40592285e-075
  5.59990635e-042 7.14135092e-061 6.86501608e-049 1.94426765e-104
  2.56127484e-030 8.14750958e-011 5.39582620e-034 1.71491985e-042
  1.84268089e-073 3.48549212e-088 7.52409310e-062 5.47061673e-063
  1.00000000e+000 1.65962452e-067 5.43343047e-089 1.43139706e-063
  1.00000000e+000]
 [1.40562727e-098 1.95722993e-051 1.00981433e-054 1.63235518e-065
  1.40761807e-085 2.89235785e-028 2.33761732e-011 2.53921876e-034
  2.82334653e-054 1.17964780e-051 8.20527379e-040 2.57381480e-046
  3.95736631e-048 6.34466102e-077 7.07987544e-087 1.43543894e-044
  1.65962452e-067 1.00000000e+000 4.08012500e-072 1.80041764e-081
  1.00000000e+000]
 [8.25365263e-041 8.53887662e-014 4.53637947e-043 1.10650977e-086
  4.73975024e-060 2.62907567e-056 1.34720996e-078 1.31188177e-028
  1.51848539e-088 7.87076547e-098 7.83911419e-063 1.92363011e-030
  2.67562750e-076 1.11292040e-004 7.15745805e-054 7.43821277e-022
  5.43343047e-089 4.08012500e-072 1.00000000e+000 1.09382023e-031
  1.00000000e+000]
 [1.97401365e-053 2.58264728e-051 1.30391951e-029 2.73291987e-076
  3.52009109e-046 1.76512972e-054 3.95490333e-080 1.92989566e-077
  3.46483986e-110 7.07345561e-066 5.13169145e-036 2.67593277e-065
  2.53166998e-118 2.04526498e-045 1.58967992e-059 1.00775627e-055
  1.43139706e-063 1.80041764e-081 1.09382023e-031 1.00000000e+000
  1.00000000e+000]
 [1.00000000e+000 1.00000000e+000 1.00000000e+000 1.00000000e+000
  1.00000000e+000 1.00000000e+000 1.00000000e+000 1.00000000e+000
  1.00000000e+000 1.00000000e+000 1.00000000e+000 1.00000000e+000
  1.00000000e+000 1.00000000e+000 1.00000000e+000 1.00000000e+000
  1.00000000e+000 1.00000000e+000 1.00000000e+000 1.00000000e+000
  0.00000000e+000]]
