[[1.00000000e+000 1.16480336e-071 3.08511252e-076 2.22330324e-040
  1.54024324e-060 3.20613260e-066 1.02115639e-014 1.46909969e-046
  5.90697963e-104 4.42427254e-096 2.01974372e-064 1.63388672e-101
  4.09089609e-061 1.88977876e-035 2.63168923e-053 3.89578391e-078
  8.17003131e-098 5.15154579e-017 5.46732838e-046 7.38342010e-072
  1.00000000e+000]
 [1.16480336e-071 1.00000000e+000 3.54303672e-013 1.77981544e-045
  2.78081081e-046 6.07187624e-031 1.43149786e-059 1.40822657e-037
  7.00701016e-009 8.59827511e-044 1.23891492e-039 3.59769644e-026
  1.09843534e-017 1.61204211e-037 7.72754517e-016 1.78857315e-026
  1.70792098e-024 8.86381997e-061 4.45160702e-021 1.42154292e-050
  1.00000000e+000]
 [3.08511252e-076 3.54303672e-013 1.00000000e+000 1.31667902e-041
  1.54663242e-040 3.59964076e-017 8.59466439e-054 9.90614926e-045
  6.07310746e-027 1.64714100e-037 3.75611573e-038 3.11555162e-040
  3.62437028e-017 4.43864746e-031 2.45259666e-029 7.63502391e-041
  1.11451149e-034 1.31995273e-078 2.22659789e-035 1.04520720e-063
  1.00000000e+000]
 [2.22330324e-040 1.77981544e-045 1.31667902e-041 1.00000000e+000
  2.12024165e-012 2.13350665e-021 3.41537509e-050 2.37490071e-021
  3.75474472e-058 5.11189916e-035 1.68098047e-060 4.31960371e-085
  6.52283899e-043 1.74154504e-035 1.69579100e-040 1.30645422e-063
  1.00120579e-032 4.44448356e-026 3.42219214e-031 1.47152653e-054
  1.00000000e+000]
 [1.54024324e-060 2.78081081e-046 1.54663242e-040 2.12024165e-012
  1.00000000e+000 1.91098197e-041 7.49197110e-062 9.13898635e-016
  9.42669632e-047 4.40642386e-041 1.48738896e-046 3.24407523e-079
  6.00446685e-064 4.78703542e-043 2.30262144e-036 2.82293166e-037
  1.70233366e-027 2.82980887e-051 3.83730769e-042 5.27168848e-068
  1.00000000e+000]
 [3.20613260e-066 6.07187624e-031 3.59964076e-017 2.13350665e-021
  1.91098197e-041 1.00000000e+000 3.09308175e-063 1.90815554e-048
  2.10447410e-050 4.51671526e-038 5.76750583e-072 1.28373947e-078
  4.01796249e-019 3.71605486e-032 6.61645803e-048 7.81359653e-079
  4.35636916e-041 2.03146980e-052 5.01558948e-029 1.71591150e-068
  1.00000000e+000]
 [1.02115639e-014 1.43149786e-059 8.59466439e-054 3.41537509e-050
  7.49197110e-062 3.09308175e-063 1.00000000e+000 7.31220041e-046
  5.38875667e-092 5.90698276e-076 4.76713390e-042 1.97455587e-061
  3.65638115e-041 4.12108672e-044 9.09673422e-051 1.01515244e-070
  1.05584818e-093 1.79419244e-048 7.61734350e-064 1.44773388e-061
  1.00000000e+000]
 [1.46909969e-046 1.40822657e-037 9.90614926e-045 2.37490071e-021
  9.13898635e-016 1.90815554e-048 7.31220041e-046 1.00000000e+000
  9.27470351e-035 6.17652604e-065 1.13838129e-062 9.27269651e-064
  1.69106962e-051 1.28653546e-058 9.02570856e-045 3.58480707e-040
  3.15761167e-047 1.00750850e-037 2.69439754e-032 1.26553253e-082
  1.00000000e+000]
 [5.90697963e-104 7.00701016e-009 6.07310746e-027 3.75474472e-058
  9.42669632e-047 2.10447410e-050 5.38875667e-092 9.27470351e-035
  1.00000000e+000 6.69911513e-062 1.81220644e-061 1.49417044e-037
  1.26073035e-041 1.20779680e-065 2.24483085e-031 7.58168231e-026
  1.59633299e-027 4.67170647e-081 1.95394675e-030 8.92390001e-081
  1.00000000e+000]
 [4.42427254e-096 8.59827511e-044 1.64714100e-037 5.11189916e-035
  4.40642386e-041 4.51671526e-038 5.90698276e-076 6.17652604e-065
  6.69911513e-062 1.00000000e+000 1.81381703e-038 1.80155230e-045
  3.20543093e-036 4.45421430e-061 1.31390472e-037 2.15621932e-072
  8.75536383e-018 6.11388602e-092 2.39529428e-077 8.99006783e-021
  1.00000000e+000]
 [2.01974372e-064 1.23891492e-039 3.75611573e-038 1.68098047e-060
  1.48738896e-046 5.76750583e-072 4.76713390e-042 1.13838129e-062
  1.81220644e-061 1.81381703e-038 1.00000000e+000 5.76442424e-035
  1.24625184e-053 4.08062528e-036 1.07480720e-014 8.66906364e-026
  2.99366415e-040 3.82048149e-089 7.90696953e-072 8.15251710e-029
  1.00000000e+000]
 [1.63388672e-101 3.59769644e-026 3.11555162e-040 4.31960371e-085
  3.24407523e-079 1.28373947e-078 1.97455587e-061 9.27269651e-064
  1.49417044e-037 1.80155230e-045 5.76442424e-035 1.00000000e+000
  9.06553350e-032 1.55234378e-087 8.40306228e-038 4.14957574e-049
  2.78248981e-049 3.46584727e-114 1.63168669e-082 5.90657098e-043
  1.00000000e+000]
 [4.09089609e-061 1.09843534e-017 3.62437028e-017 6.52283899e-043
  6.00446685e-064 4.01796249e-019 3.65638115e-041 1.69106962e-051
  1.26073035e-041 3.20543093e-036 1.24625184e-053 9.06553350e-032
  1.00000000e+000 3.14495589e-046 7.23452571e-039 3.49793982e-071
  2.18797729e-047 3.96636195e-062 3.11996179e-040 2.14314950e-045
  1.00000000e+000]
 [1.88977876e-035 1.61204211e-037 4.43864746e-031 1.74154504e-035
  4.78703542e-043 3.71605486e-032 4.12108672e-044 1.28653546e-058
  1.20779680e-065 4.45421430e-061 4.08062528e-036 1.55234378e-087
  3.14495589e-046 1.00000000e+000 5.46903828e-021 3.69397412e-043
  4.50737384e-050 6.68428155e-040 2.56859166e-025 4.87665067e-057
  1.00000000e+000]
 [2.63168923e-053 7.72754517e-016 2.45259666e-029 1.69579100e-040
  2.30262144e-036 6.61645803e-048 9.09673422e-051 9.02570856e-045
  2.24483085e-031 1.31390472e-037 1.07480720e-014 8.40306228e-038
  7.23452571e-039 5.46903828e-021 1.00000000e+000 5.67607954e-015
  2.44140167e-019 1.77727198e-051 9.92978573e-030 1.48596856e-026
  1.00000000e+000]
 [3.89578391e-078 1.78857315e-026 7.63502391e-041 1.30645422e-063
  2.82293166e-037 7.81359653e-079 1.01515244e-070 3.58480707e-040
  7.58168231e-026 2.15621932e-072 8.66906364e-026 4.14957574e-049
  3.49793982e-071 3.69397412e-043 5.67607954e-015 1.00000000e+000
  3.10554168e-036 2.80978345e-078 4.78288222e-042 3.64053572e-070
  1.00000000e+000]
 [8.17003131e-098 1.70792098e-024 1.11451149e-034 1.00120579e-032
  1.70233366e-027 4.35636916e-041 1.05584818e-093 3.15761167e-047
  1.59633299e-027 8.75536383e-018 2.99366415e-040 2.78248981e-049
  2.18797729e-047 4.50737384e-050 2.44140167e-019 3.10554168e-036
  1.00000000e+000 3.12585870e-074 1.29766112e-044 1.71240102e-034
  1.00000000e+000]
 [5.15154579e-017 8.86381997e-061 1.31995273e-078 4.44448356e-026
  2.82980887e-051 2.03146980e-052 1.79419244e-048 1.00750850e-037
  4.67170647e-081 6.11388602e-092 3.82048149e-089 3.46584727e-114
  3.96636195e-062 6.68428155e-040 1.77727198e-051 2.80978345e-078
  3.12585870e-074 1.00000000e+000 2.10463051e-022 1.62841725e-076
  1.00000000e+000]
 [5.46732838e-046 4.45160702e-021 2.22659789e-035 3.42219214e-031
  3.83730769e-042 5.01558948e-029 7.61734350e-064 2.69439754e-032
  1.95394675e-030 2.39529428e-077 7.90696953e-072 1.63168669e-082
  3.11996179e-040 2.56859166e-025 9.92978573e-030 4.78288222e-042
  1.29766112e-044 2.10463051e-022 1.00000000e+000 2.85789910e-080
  1.00000000e+000]
 [7.38342010e-072 1.42154292e-050 1.04520720e-063 1.47152653e-054
  5.27168848e-068 1.71591150e-068 1.44773388e-061 1.26553253e-082
  8.92390001e-081 8.99006783e-021 8.15251710e-029 5.90657098e-043
  2.14314950e-045 4.87665067e-057 1.48596856e-026 3.64053572e-070
  1.71240102e-034 1.62841725e-076 2.85789910e-080 1.00000000e+000
  1.00000000e+000]
 [1.00000000e+000 1.00000000e+000 1.00000000e+000 1.00000000e+000
  1.00000000e+000 1.00000000e+000 1.00000000e+000 1.00000000e+000
  1.00000000e+000 1.00000000e+000 1.00000000e+000 1.00000000e+000
  1.00000000e+000 1.00000000e+000 1.00000000e+000 1.00000000e+000
  1.00000000e+000 1.00000000e+000 1.00000000e+000 1.00000000e+000
  0.00000000e+000]]
