[[1.00000000e+00 1.96434339e-66 4.46943292e-42 ... 2.06352136e-66
  2.18042469e-45 1.00000000e+00]
 [1.96434339e-66 1.00000000e+00 2.16944418e-27 ... 7.54526700e-12
  2.83983897e-12 1.00000000e+00]
 [4.46943292e-42 2.16944418e-27 1.00000000e+00 ... 1.75510876e-44
  1.78053368e-35 1.00000000e+00]
 ...
 [2.06352136e-66 7.54526700e-12 1.75510876e-44 ... 1.00000000e+00
  4.32365964e-09 1.00000000e+00]
 [2.18042469e-45 2.83983897e-12 1.78053368e-35 ... 4.32365964e-09
  1.00000000e+00 1.00000000e+00]
 [1.00000000e+00 1.00000000e+00 1.00000000e+00 ... 1.00000000e+00
  1.00000000e+00 0.00000000e+00]]
