[[1.00000000e+00 6.32512930e-33 4.19405903e-68 ... 7.74390357e-98
  1.01230274e-52 1.00000000e+00]
 [6.32512930e-33 1.00000000e+00 1.33313035e-67 ... 2.05751310e-77
  2.65859177e-15 1.00000000e+00]
 [4.19405903e-68 1.33313035e-67 1.00000000e+00 ... 1.62918911e-23
  3.72176835e-38 1.00000000e+00]
 ...
 [7.74390357e-98 2.05751310e-77 1.62918911e-23 ... 1.00000000e+00
  4.17027613e-53 1.00000000e+00]
 [1.01230274e-52 2.65859177e-15 3.72176835e-38 ... 4.17027613e-53
  1.00000000e+00 1.00000000e+00]
 [1.00000000e+00 1.00000000e+00 1.00000000e+00 ... 1.00000000e+00
  1.00000000e+00 0.00000000e+00]]
