[[1.00000000e+00 1.37977795e-58 2.45318862e-43 ... 3.34496249e-37
  2.85665539e-17 1.00000000e+00]
 [1.37977795e-58 1.00000000e+00 6.75778256e-32 ... 5.10028569e-47
  6.18250662e-57 1.00000000e+00]
 [2.45318862e-43 6.75778256e-32 1.00000000e+00 ... 1.06273541e-46
  1.05912945e-30 1.00000000e+00]
 ...
 [3.34496249e-37 5.10028569e-47 1.06273541e-46 ... 1.00000000e+00
  6.48443913e-61 1.00000000e+00]
 [2.85665539e-17 6.18250662e-57 1.05912945e-30 ... 6.48443913e-61
  1.00000000e+00 1.00000000e+00]
 [1.00000000e+00 1.00000000e+00 1.00000000e+00 ... 1.00000000e+00
  1.00000000e+00 0.00000000e+00]]
