[[1.00000000e+00 6.83468993e-44 6.47591128e-35 ... 1.12043213e-38
  4.26582377e-25 1.00000000e+00]
 [6.83468993e-44 1.00000000e+00 1.26851696e-76 ... 8.14279101e-47
  8.21992557e-67 1.00000000e+00]
 [6.47591128e-35 1.26851696e-76 1.00000000e+00 ... 2.21571670e-92
  5.49122275e-27 1.00000000e+00]
 ...
 [1.12043213e-38 8.14279101e-47 2.21571670e-92 ... 1.00000000e+00
  5.12979596e-69 1.00000000e+00]
 [4.26582377e-25 8.21992557e-67 5.49122275e-27 ... 5.12979596e-69
  1.00000000e+00 1.00000000e+00]
 [1.00000000e+00 1.00000000e+00 1.00000000e+00 ... 1.00000000e+00
  1.00000000e+00 0.00000000e+00]]
