[[1.00000000e+000 2.46617119e-068 2.79713892e-026 ... 2.04750537e-047
  3.99242723e-010 1.00000000e+000]
 [2.46617119e-068 1.00000000e+000 2.90122855e-029 ... 2.23173860e-115
  3.78996115e-059 1.00000000e+000]
 [2.79713892e-026 2.90122855e-029 1.00000000e+000 ... 1.33154891e-069
  4.65271626e-026 1.00000000e+000]
 ...
 [2.04750537e-047 2.23173860e-115 1.33154891e-069 ... 1.00000000e+000
  5.00286720e-055 1.00000000e+000]
 [3.99242723e-010 3.78996115e-059 4.65271626e-026 ... 5.00286720e-055
  1.00000000e+000 1.00000000e+000]
 [1.00000000e+000 1.00000000e+000 1.00000000e+000 ... 1.00000000e+000
  1.00000000e+000 0.00000000e+000]]
