[[1.00000000e+000 2.46627874e-073 4.60175283e-096 8.41537625e-025
  3.03724837e-053 1.44795636e-031 1.37159754e-048 5.10197223e-029
  3.33214970e-026 3.93484798e-046 8.28417814e-066 5.68422240e-045
  8.05714028e-038 3.23695931e-040 2.05662801e-068 1.11268825e-049
  1.59508189e-026 2.34893117e-055 6.66869739e-044 8.11173543e-029
  1.00000000e+000]
 [2.46627874e-073 1.00000000e+000 1.56008858e-087 1.43851089e-031
  4.65705960e-074 1.21725376e-029 7.28407069e-037 1.78019773e-042
  2.60751373e-024 3.41035832e-052 2.64236977e-050 1.35743576e-047
  1.69854901e-063 1.80456773e-051 1.51284239e-022 1.52894985e-016
  5.59592831e-111 5.20088691e-065 1.49017792e-037 1.08013526e-085
  1.00000000e+000]
 [4.60175283e-096 1.56008858e-087 1.00000000e+000 4.93868468e-063
  2.30908350e-024 2.75387836e-037 2.33126444e-042 1.05158293e-038
  3.77378042e-054 3.20806067e-041 2.86027257e-072 1.47905451e-039
  7.45819026e-031 8.61201478e-090 2.50446561e-080 5.35961526e-082
  2.85203954e-088 2.74039871e-041 3.38997615e-062 2.78542425e-058
  1.00000000e+000]
 [8.41537625e-025 1.43851089e-031 4.93868468e-063 1.00000000e+000
  5.39177054e-034 3.16356999e-015 2.57983304e-012 1.20608546e-014
  2.86466441e-005 5.53657177e-021 1.90580446e-054 8.21329195e-043
  5.26238912e-022 6.46970329e-029 1.52852702e-015 1.26384944e-021
  2.28880267e-033 6.72927523e-030 1.02917191e-038 5.72215896e-028
  1.00000000e+000]
 [3.03724837e-053 4.65705960e-074 2.30908350e-024 5.39177054e-034
  1.00000000e+000 3.31189722e-019 2.68592991e-039 1.00392322e-008
  2.39087072e-025 9.82648980e-027 5.95464195e-054 3.97723376e-048
  2.06977842e-018 3.81873320e-039 1.36928594e-047 2.52100950e-058
  2.43314661e-039 1.06679642e-004 4.20993723e-035 6.65355392e-022
  1.00000000e+000]
 [1.44795636e-031 1.21725376e-029 2.75387836e-037 3.16356999e-015
  3.31189722e-019 1.00000000e+000 4.73376669e-028 1.24020084e-009
  1.03058228e-004 2.32025476e-011 1.47035926e-048 2.04237099e-029
  5.08133489e-019 1.18569860e-039 6.31947327e-027 3.54992304e-033
  7.68927646e-040 1.40527671e-021 6.16487040e-024 1.71729152e-034
  1.00000000e+000]
 [1.37159754e-048 7.28407069e-037 2.33126444e-042 2.57983304e-012
  2.68592991e-039 4.73376669e-028 1.00000000e+000 4.01962744e-023
  2.26329778e-021 3.35121577e-035 1.11114228e-045 1.68564402e-029
  5.72793019e-023 9.84988524e-040 1.56528759e-029 1.58003945e-021
  5.98544131e-064 1.01048303e-040 1.07453092e-044 4.61935763e-036
  1.00000000e+000]
 [5.10197223e-029 1.78019773e-042 1.05158293e-038 1.20608546e-014
  1.00392322e-008 1.24020084e-009 4.01962744e-023 1.00000000e+000
  1.75240357e-009 1.27868778e-024 8.30582678e-032 2.11441275e-030
  3.59323987e-016 6.99390696e-017 9.93106971e-030 9.96402983e-027
  7.77249592e-036 1.04293208e-007 1.86967264e-016 1.55009968e-015
  1.00000000e+000]
 [3.33214970e-026 2.60751373e-024 3.77378042e-054 2.86466441e-005
  2.39087072e-025 1.03058228e-004 2.26329778e-021 1.75240357e-009
  1.00000000e+000 2.15473848e-013 1.73584749e-050 1.85054925e-038
  2.36683534e-020 4.85759648e-030 1.90195406e-014 4.75971209e-024
  2.38333464e-035 2.17215851e-022 5.78326794e-028 6.23435897e-032
  1.00000000e+000]
 [3.93484798e-046 3.41035832e-052 3.20806067e-041 5.53657177e-021
  9.82648980e-027 2.32025476e-011 3.35121577e-035 1.27868778e-024
  2.15473848e-013 1.00000000e+000 3.82074555e-096 6.60624116e-059
  9.34628150e-013 9.17300647e-073 9.48855088e-029 7.45911183e-065
  1.75326805e-041 5.33757348e-034 1.72992399e-063 1.23215845e-054
  1.00000000e+000]
 [8.28417814e-066 2.64236977e-050 2.86027257e-072 1.90580446e-054
  5.95464195e-054 1.47035926e-048 1.11114228e-045 8.30582678e-032
  1.73584749e-050 3.82074555e-096 1.00000000e+000 9.25200053e-023
  1.19771599e-073 3.77268745e-019 1.24660718e-076 2.01788197e-018
  4.97174818e-101 1.04661342e-047 1.87712955e-008 4.21163361e-039
  1.00000000e+000]
 [5.68422240e-045 1.35743576e-047 1.47905451e-039 8.21329195e-043
  3.97723376e-048 2.04237099e-029 1.68564402e-029 2.11441275e-030
  1.85054925e-038 6.60624116e-059 9.25200053e-023 1.00000000e+000
  2.00812007e-041 3.54351771e-048 1.15788339e-077 7.49308195e-031
  1.46850711e-084 1.29536518e-057 2.10868428e-021 3.65983688e-043
  1.00000000e+000]
 [8.05714028e-038 1.69854901e-063 7.45819026e-031 5.26238912e-022
  2.06977842e-018 5.08133489e-019 5.72793019e-023 3.59323987e-016
  2.36683534e-020 9.34628150e-013 1.19771599e-073 2.00812007e-041
  1.00000000e+000 1.27983049e-055 3.15964470e-041 5.86785750e-057
  1.07634930e-046 5.73641265e-029 5.69761462e-054 1.88906373e-038
  1.00000000e+000]
 [3.23695931e-040 1.80456773e-051 8.61201478e-090 6.46970329e-029
  3.81873320e-039 1.18569860e-039 9.84988524e-040 6.99390696e-017
  4.85759648e-030 9.17300647e-073 3.77268745e-019 3.54351771e-048
  1.27983049e-055 1.00000000e+000 1.67290484e-045 2.80740132e-017
  9.55656844e-059 7.51517097e-026 6.30567930e-016 9.85217788e-021
  1.00000000e+000]
 [2.05662801e-068 1.51284239e-022 2.50446561e-080 1.52852702e-015
  1.36928594e-047 6.31947327e-027 1.56528759e-029 9.93106971e-030
  1.90195406e-014 9.48855088e-029 1.24660718e-076 1.15788339e-077
  3.15964470e-041 1.67290484e-045 1.00000000e+000 9.75908707e-032
  3.37216808e-071 3.72544811e-036 1.20317303e-056 8.34576588e-065
  1.00000000e+000]
 [1.11268825e-049 1.52894985e-016 5.35961526e-082 1.26384944e-021
  2.52100950e-058 3.54992304e-033 1.58003945e-021 9.96402983e-027
  4.75971209e-024 7.45911183e-065 2.01788197e-018 7.49308195e-031
  5.86785750e-057 2.80740132e-017 9.75908707e-032 1.00000000e+000
  5.91484373e-084 1.94990418e-047 5.36712551e-019 7.28522960e-044
  1.00000000e+000]
 [1.59508189e-026 5.59592831e-111 2.85203954e-088 2.28880267e-033
  2.43314661e-039 7.68927646e-040 5.98544131e-064 7.77249592e-036
  2.38333464e-035 1.75326805e-041 4.97174818e-101 1.46850711e-084
  1.07634930e-046 9.55656844e-059 3.37216808e-071 5.91484373e-084
  1.00000000e+000 1.52999140e-039 1.93892076e-071 1.13588861e-021
  1.00000000e+000]
 [2.34893117e-055 5.20088691e-065 2.74039871e-041 6.72927523e-030
  1.06679642e-004 1.40527671e-021 1.01048303e-040 1.04293208e-007
  2.17215851e-022 5.33757348e-034 1.04661342e-047 1.29536518e-057
  5.73641265e-029 7.51517097e-026 3.72544811e-036 1.94990418e-047
  1.52999140e-039 1.00000000e+000 4.56246803e-030 2.41420901e-020
  1.00000000e+000]
 [6.66869739e-044 1.49017792e-037 3.38997615e-062 1.02917191e-038
  4.20993723e-035 6.16487040e-024 1.07453092e-044 1.86967264e-016
  5.78326794e-028 1.72992399e-063 1.87712955e-008 2.10868428e-021
  5.69761462e-054 6.30567930e-016 1.20317303e-056 5.36712551e-019
  1.93892076e-071 4.56246803e-030 1.00000000e+000 3.06438685e-031
  1.00000000e+000]
 [8.11173543e-029 1.08013526e-085 2.78542425e-058 5.72215896e-028
  6.65355392e-022 1.71729152e-034 4.61935763e-036 1.55009968e-015
  6.23435897e-032 1.23215845e-054 4.21163361e-039 3.65983688e-043
  1.88906373e-038 9.85217788e-021 8.34576588e-065 7.28522960e-044
  1.13588861e-021 2.41420901e-020 3.06438685e-031 1.00000000e+000
  1.00000000e+000]
 [1.00000000e+000 1.00000000e+000 1.00000000e+000 1.00000000e+000
  1.00000000e+000 1.00000000e+000 1.00000000e+000 1.00000000e+000
  1.00000000e+000 1.00000000e+000 1.00000000e+000 1.00000000e+000
  1.00000000e+000 1.00000000e+000 1.00000000e+000 1.00000000e+000
  1.00000000e+000 1.00000000e+000 1.00000000e+000 1.00000000e+000
  0.00000000e+000]]
