[[1.00000000e+00 1.81272290e-39 1.11392623e-35 ... 1.33922844e-43
  1.90107815e-40 1.00000000e+00]
 [1.81272290e-39 1.00000000e+00 1.48575088e-34 ... 1.04232653e-70
  2.80498288e-59 1.00000000e+00]
 [1.11392623e-35 1.48575088e-34 1.00000000e+00 ... 2.94835727e-71
  8.40062736e-27 1.00000000e+00]
 ...
 [1.33922844e-43 1.04232653e-70 2.94835727e-71 ... 1.00000000e+00
  1.65132127e-55 1.00000000e+00]
 [1.90107815e-40 2.80498288e-59 8.40062736e-27 ... 1.65132127e-55
  1.00000000e+00 1.00000000e+00]
 [1.00000000e+00 1.00000000e+00 1.00000000e+00 ... 1.00000000e+00
  1.00000000e+00 0.00000000e+00]]
