[[1.00000000e+000 3.93730750e-039 5.34483821e-022 4.34070744e-026
  4.88688631e-022 5.79378489e-026 3.08200244e-028 3.89595301e-039
  3.88422482e-042 6.01033675e-040 4.98522724e-011 5.74294357e-041
  8.59495743e-051 1.43451585e-029 5.84750554e-063 1.94085914e-006
  3.88505553e-028 3.00020052e-057 4.67333489e-053 1.07613108e-033
  1.00000000e+000]
 [3.93730750e-039 1.00000000e+000 1.58020960e-043 1.95258725e-060
  1.35737048e-038 5.96875785e-047 2.53054086e-015 4.25394306e-064
  6.29440494e-036 4.53802351e-010 2.13756574e-033 1.35687679e-028
  2.08010461e-027 3.59364870e-057 1.33676609e-075 7.21100418e-051
  2.00978448e-031 3.32368272e-127 7.97134325e-023 8.84760140e-039
  1.00000000e+000]
 [5.34483821e-022 1.58020960e-043 1.00000000e+000 6.31042156e-041
  8.08070118e-057 3.42554860e-021 5.31906711e-041 8.90860149e-096
  3.50263254e-046 6.53853204e-052 9.54042178e-037 5.36068433e-045
  2.94647647e-036 1.91183398e-063 5.18226661e-075 7.51536411e-035
  6.55887854e-030 2.32740833e-100 2.09099590e-067 1.74389845e-036
  1.00000000e+000]
 [4.34070744e-026 1.95258725e-060 6.31042156e-041 1.00000000e+000
  9.11942110e-019 2.90152228e-013 2.67156078e-031 1.19429996e-036
  1.59878134e-056 4.58314254e-082 1.18333886e-039 1.02866156e-046
  1.68993231e-038 2.20032603e-042 2.02319878e-029 1.04170154e-032
  1.11506027e-051 2.60657837e-071 2.64269218e-080 4.63246423e-077
  1.00000000e+000]
 [4.88688631e-022 1.35737048e-038 8.08070118e-057 9.11942110e-019
  1.00000000e+000 2.63885641e-039 1.73961735e-022 2.24915822e-021
  1.60328395e-065 6.58117242e-046 1.22473393e-037 7.27815365e-050
  1.09064619e-037 4.66004143e-042 2.43140670e-062 1.82307003e-032
  1.02775629e-051 1.02511178e-085 5.14876505e-063 6.05716404e-074
  1.00000000e+000]
 [5.79378489e-026 5.96875785e-047 3.42554860e-021 2.90152228e-013
  2.63885641e-039 1.00000000e+000 6.07812740e-023 2.94366749e-050
  5.18113368e-024 1.37751999e-065 4.38188003e-030 9.85513768e-021
  6.21493198e-027 6.40345670e-034 4.13137665e-019 3.40551344e-028
  4.25096905e-040 1.26065258e-058 1.03936952e-051 5.04619957e-041
  1.00000000e+000]
 [3.08200244e-028 2.53054086e-015 5.31906711e-041 2.67156078e-031
  1.73961735e-022 6.07812740e-023 1.00000000e+000 9.26153209e-031
  6.62009167e-020 1.47863777e-028 9.26036846e-025 1.13500935e-015
  1.90986302e-016 2.31370240e-040 1.87925602e-036 4.38963720e-028
  1.43882607e-050 1.41960802e-080 1.61496344e-027 2.56546470e-040
  1.00000000e+000]
 [3.89595301e-039 4.25394306e-064 8.90860149e-096 1.19429996e-036
  2.24915822e-021 2.94366749e-050 9.26153209e-031 1.00000000e+000
  1.06435774e-050 3.74644258e-068 1.27251702e-036 9.46145847e-043
  7.10414811e-070 3.06086191e-024 2.11877833e-043 8.69845251e-032
  1.18063616e-080 8.28461103e-043 2.39670263e-053 2.75350112e-071
  1.00000000e+000]
 [3.88422482e-042 6.29440494e-036 3.50263254e-046 1.59878134e-056
  1.60328395e-065 5.18113368e-024 6.62009167e-020 1.06435774e-050
  1.00000000e+000 1.56949344e-045 7.61719905e-024 1.87485760e-006
  4.48245053e-044 4.69075887e-030 3.28056680e-029 1.13073440e-032
  1.82068454e-052 1.68361954e-053 4.22757002e-017 3.16852088e-017
  1.00000000e+000]
 [6.01033675e-040 4.53802351e-010 6.53853204e-052 4.58314254e-082
  6.58117242e-046 1.37751999e-065 1.47863777e-028 3.74644258e-068
  1.56949344e-045 1.00000000e+000 4.22993137e-041 3.29667514e-034
  1.27179977e-041 2.02441261e-052 2.62944921e-106 1.16199852e-053
  4.72759527e-035 4.00394209e-117 2.55999820e-019 8.03554813e-029
  1.00000000e+000]
 [4.98522724e-011 2.13756574e-033 9.54042178e-037 1.18333886e-039
  1.22473393e-037 4.38188003e-030 9.26036846e-025 1.27251702e-036
  7.61719905e-024 4.22993137e-041 1.00000000e+000 5.14347573e-032
  1.11645140e-063 3.31138117e-026 6.35062482e-048 1.74495343e-007
  1.65967636e-031 1.25804467e-054 6.38435903e-037 9.64838231e-027
  1.00000000e+000]
 [5.74294357e-041 1.35687679e-028 5.36068433e-045 1.02866156e-046
  7.27815365e-050 9.85513768e-021 1.13500935e-015 9.46145847e-043
  1.87485760e-006 3.29667514e-034 5.14347573e-032 1.00000000e+000
  4.73639641e-028 4.02423502e-022 2.16369450e-030 1.34906461e-039
  5.28020328e-043 2.19647966e-055 1.11817981e-010 2.80413592e-018
  1.00000000e+000]
 [8.59495743e-051 2.08010461e-027 2.94647647e-036 1.68993231e-038
  1.09064619e-037 6.21493198e-027 1.90986302e-016 7.10414811e-070
  4.48245053e-044 1.27179977e-041 1.11645140e-063 4.73639641e-028
  1.00000000e+000 1.49745788e-069 9.39559450e-058 6.04210718e-063
  3.69215222e-060 5.38822886e-121 4.44403039e-050 2.59839579e-060
  1.00000000e+000]
 [1.43451585e-029 3.59364870e-057 1.91183398e-063 2.20032603e-042
  4.66004143e-042 6.40345670e-034 2.31370240e-040 3.06086191e-024
  4.69075887e-030 2.02441261e-052 3.31138117e-026 4.02423502e-022
  1.49745788e-069 1.00000000e+000 2.13166408e-042 3.41022426e-029
  1.75698004e-037 9.54200521e-023 4.24466686e-028 3.71563412e-027
  1.00000000e+000]
 [5.84750554e-063 1.33676609e-075 5.18226661e-075 2.02319878e-029
  2.43140670e-062 4.13137665e-019 1.87925602e-036 2.11877833e-043
  3.28056680e-029 2.62944921e-106 6.35062482e-048 2.16369450e-030
  9.39559450e-058 2.13166408e-042 1.00000000e+000 9.74414247e-052
  2.62845527e-081 2.10588234e-058 1.30256464e-063 3.11853771e-073
  1.00000000e+000]
 [1.94085914e-006 7.21100418e-051 7.51536411e-035 1.04170154e-032
  1.82307003e-032 3.40551344e-028 4.38963720e-028 8.69845251e-032
  1.13073440e-032 1.16199852e-053 1.74495343e-007 1.34906461e-039
  6.04210718e-063 3.41022426e-029 9.74414247e-052 1.00000000e+000
  1.81366294e-048 1.53154858e-040 2.82356239e-054 9.30813830e-035
  1.00000000e+000]
 [3.88505553e-028 2.00978448e-031 6.55887854e-030 1.11506027e-051
  1.02775629e-051 4.25096905e-040 1.43882607e-050 1.18063616e-080
  1.82068454e-052 4.72759527e-035 1.65967636e-031 5.28020328e-043
  3.69215222e-060 1.75698004e-037 2.62845527e-081 1.81366294e-048
  1.00000000e+000 9.30269825e-101 4.87063488e-042 3.66080293e-032
  1.00000000e+000]
 [3.00020052e-057 3.32368272e-127 2.32740833e-100 2.60657837e-071
  1.02511178e-085 1.26065258e-058 1.41960802e-080 8.28461103e-043
  1.68361954e-053 4.00394209e-117 1.25804467e-054 2.19647966e-055
  5.38822886e-121 9.54200521e-023 2.10588234e-058 1.53154858e-040
  9.30269825e-101 1.00000000e+000 2.31890370e-076 1.26771208e-056
  1.00000000e+000]
 [4.67333489e-053 7.97134325e-023 2.09099590e-067 2.64269218e-080
  5.14876505e-063 1.03936952e-051 1.61496344e-027 2.39670263e-053
  4.22757002e-017 2.55999820e-019 6.38435903e-037 1.11817981e-010
  4.44403039e-050 4.24466686e-028 1.30256464e-063 2.82356239e-054
  4.87063488e-042 2.31890370e-076 1.00000000e+000 1.16686663e-016
  1.00000000e+000]
 [1.07613108e-033 8.84760140e-039 1.74389845e-036 4.63246423e-077
  6.05716404e-074 5.04619957e-041 2.56546470e-040 2.75350112e-071
  3.16852088e-017 8.03554813e-029 9.64838231e-027 2.80413592e-018
  2.59839579e-060 3.71563412e-027 3.11853771e-073 9.30813830e-035
  3.66080293e-032 1.26771208e-056 1.16686663e-016 1.00000000e+000
  1.00000000e+000]
 [1.00000000e+000 1.00000000e+000 1.00000000e+000 1.00000000e+000
  1.00000000e+000 1.00000000e+000 1.00000000e+000 1.00000000e+000
  1.00000000e+000 1.00000000e+000 1.00000000e+000 1.00000000e+000
  1.00000000e+000 1.00000000e+000 1.00000000e+000 1.00000000e+000
  1.00000000e+000 1.00000000e+000 1.00000000e+000 1.00000000e+000
  0.00000000e+000]]
