[[1.00000000e+00 3.09066528e-58 2.61398412e-25 ... 1.65526459e-58
  7.16724972e-32 1.00000000e+00]
 [3.09066528e-58 1.00000000e+00 5.89327580e-18 ... 4.95291115e-16
  4.37331090e-48 1.00000000e+00]
 [2.61398412e-25 5.89327580e-18 1.00000000e+00 ... 7.27813529e-33
  3.64577840e-28 1.00000000e+00]
 ...
 [1.65526459e-58 4.95291115e-16 7.27813529e-33 ... 1.00000000e+00
  1.17713723e-54 1.00000000e+00]
 [7.16724972e-32 4.37331090e-48 3.64577840e-28 ... 1.17713723e-54
  1.00000000e+00 1.00000000e+00]
 [1.00000000e+00 1.00000000e+00 1.00000000e+00 ... 1.00000000e+00
  1.00000000e+00 0.00000000e+00]]
