[[1.00000000e+000 1.73905855e-040 7.28473959e-032 4.59718321e-023
  1.14263877e-048 2.21526377e-045 2.88793694e-050 9.66821939e-063
  5.01165802e-057 6.32795908e-044 1.89415955e-047 3.85225224e-069
  8.41787286e-051 1.12475689e-036 1.48382748e-039 6.52184388e-024
  1.30323629e-020 6.27736577e-050 3.02132478e-028 4.25333561e-041
  1.00000000e+000]
 [1.73905855e-040 1.00000000e+000 2.35161595e-059 1.15355891e-007
  1.08467389e-105 7.31066331e-103 4.25795563e-085 9.68580251e-068
  1.48046771e-047 7.65886206e-051 3.18654046e-019 9.36661489e-075
  3.39845054e-059 3.23195194e-083 1.86108400e-085 3.55939474e-080
  3.97065315e-039 1.18724316e-094 7.54186234e-048 1.22014779e-041
  1.00000000e+000]
 [7.28473959e-032 2.35161595e-059 1.00000000e+000 8.78983953e-035
  5.68749550e-023 4.83125055e-030 2.71375272e-032 6.40079214e-038
  6.79298192e-070 1.38724738e-072 7.50609869e-029 1.32117246e-024
  6.26543604e-036 1.72671011e-018 1.92676863e-048 2.43245851e-035
  2.12238529e-040 2.72641639e-051 1.26150512e-015 5.97333792e-020
  1.00000000e+000]
 [4.59718321e-023 1.15355891e-007 8.78983953e-035 1.00000000e+000
  2.16582620e-062 1.23078401e-059 3.40991683e-052 4.17486553e-049
  1.16322242e-037 2.56030824e-032 6.83418305e-016 1.47432138e-045
  6.61004195e-032 1.10499437e-047 1.55584848e-052 2.36330045e-059
  2.30248460e-028 5.55777862e-064 6.95299141e-027 7.00798623e-024
  1.00000000e+000]
 [1.14263877e-048 1.08467389e-105 5.68749550e-023 2.16582620e-062
  1.00000000e+000 4.94549744e-018 1.34664698e-044 1.92832858e-066
  2.28462291e-073 2.15480655e-076 2.32073389e-069 5.28658473e-019
  4.79362390e-021 4.28248751e-014 7.90354771e-054 5.19319676e-052
  7.02105675e-054 1.29545220e-063 1.49453838e-028 1.63653769e-055
  1.00000000e+000]
 [2.21526377e-045 7.31066331e-103 4.83125055e-030 1.23078401e-059
  4.94549744e-018 1.00000000e+000 7.72432780e-011 2.32689731e-035
  4.07681871e-069 1.43955656e-043 3.72038340e-065 2.76447532e-042
  6.49272051e-046 2.26446693e-011 1.00293007e-017 5.35700671e-046
  6.23190864e-061 3.28523406e-019 4.70157198e-034 1.12381878e-041
  1.00000000e+000]
 [2.88793694e-050 4.25795563e-085 2.71375272e-032 3.40991683e-052
  1.34664698e-044 7.72432780e-011 1.00000000e+000 1.63425850e-014
  1.19479044e-065 1.60508240e-033 1.86372755e-047 3.14441597e-057
  7.09506656e-067 3.48698687e-018 2.43273564e-018 1.00017328e-051
  6.27536632e-062 1.31507174e-007 6.52369016e-043 1.80757661e-032
  1.00000000e+000]
 [9.66821939e-063 9.68580251e-068 6.40079214e-038 4.17486553e-049
  1.92832858e-066 2.32689731e-035 1.63425850e-014 1.00000000e+000
  6.14871833e-041 2.43778703e-035 3.71132981e-024 1.49028160e-056
  6.96320204e-073 1.33682864e-032 9.61074749e-039 6.30099954e-048
  2.84985851e-050 2.11959613e-017 9.22043058e-041 7.67046851e-039
  1.00000000e+000]
 [5.01165802e-057 1.48046771e-047 6.79298192e-070 1.16322242e-037
  2.28462291e-073 4.07681871e-069 1.19479044e-065 6.14871833e-041
  1.00000000e+000 5.65098673e-025 3.22009557e-031 2.91012004e-055
  1.26201226e-044 6.62807954e-052 1.77750619e-075 1.17381751e-057
  2.06104400e-020 7.58344980e-063 4.66553895e-047 1.10587299e-080
  1.00000000e+000]
 [6.32795908e-044 7.65886206e-051 1.38724738e-072 2.56030824e-032
  2.15480655e-076 1.43955656e-043 1.60508240e-033 2.43778703e-035
  5.65098673e-025 1.00000000e+000 3.53019747e-046 1.14941675e-077
  2.43022872e-060 1.25744541e-044 7.08927624e-036 1.32218377e-066
  7.97710913e-040 4.74782088e-029 4.11091646e-057 8.52463059e-061
  1.00000000e+000]
 [1.89415955e-047 3.18654046e-019 7.50609869e-029 6.83418305e-016
  2.32073389e-069 3.72038340e-065 1.86372755e-047 3.71132981e-024
  3.22009557e-031 3.53019747e-046 1.00000000e+000 8.24844669e-038
  3.34309475e-044 2.45116492e-047 1.00690117e-065 1.78078396e-055
  6.04654489e-032 4.58999933e-060 2.04603958e-026 1.42032666e-026
  1.00000000e+000]
 [3.85225224e-069 9.36661489e-075 1.32117246e-024 1.47432138e-045
  5.28658473e-019 2.76447532e-042 3.14441597e-057 1.49028160e-056
  2.91012004e-055 1.14941675e-077 8.24844669e-038 1.00000000e+000
  1.49046266e-009 6.69515586e-031 1.83192776e-075 4.28603287e-075
  3.27592928e-056 9.19823239e-085 2.10778340e-024 3.27094745e-044
  1.00000000e+000]
 [8.41787286e-051 3.39845054e-059 6.26543604e-036 6.61004195e-032
  4.79362390e-021 6.49272051e-046 7.09506656e-067 6.96320204e-073
  1.26201226e-044 2.43022872e-060 3.34309475e-044 1.49046266e-009
  1.00000000e+000 4.80463950e-035 1.84938459e-071 1.96821979e-074
  1.63716959e-043 1.88085765e-089 6.67376785e-026 1.16282585e-050
  1.00000000e+000]
 [1.12475689e-036 3.23195194e-083 1.72671011e-018 1.10499437e-047
  4.28248751e-014 2.26446693e-011 3.48698687e-018 1.33682864e-032
  6.62807954e-052 1.25744541e-044 2.45116492e-047 6.69515586e-031
  4.80463950e-035 1.00000000e+000 1.67835336e-042 2.10139009e-041
  7.65857714e-034 1.15293250e-031 1.28684277e-034 7.37798679e-048
  1.00000000e+000]
 [1.48382748e-039 1.86108400e-085 1.92676863e-048 1.55584848e-052
  7.90354771e-054 1.00293007e-017 2.43273564e-018 9.61074749e-039
  1.77750619e-075 7.08927624e-036 1.00690117e-065 1.83192776e-075
  1.84938459e-071 1.67835336e-042 1.00000000e+000 1.51389801e-042
  1.74972222e-072 4.85469600e-014 9.67357418e-034 2.06104684e-031
  1.00000000e+000]
 [6.52184388e-024 3.55939474e-080 2.43245851e-035 2.36330045e-059
  5.19319676e-052 5.35700671e-046 1.00017328e-051 6.30099954e-048
  1.17381751e-057 1.32218377e-066 1.78078396e-055 4.28603287e-075
  1.96821979e-074 2.10139009e-041 1.51389801e-042 1.00000000e+000
  5.60366161e-029 8.18689994e-041 2.95783412e-025 5.17303474e-059
  1.00000000e+000]
 [1.30323629e-020 3.97065315e-039 2.12238529e-040 2.30248460e-028
  7.02105675e-054 6.23190864e-061 6.27536632e-062 2.84985851e-050
  2.06104400e-020 7.97710913e-040 6.04654489e-032 3.27592928e-056
  1.63716959e-043 7.65857714e-034 1.74972222e-072 5.60366161e-029
  1.00000000e+000 8.66026417e-062 1.59002609e-036 4.40114578e-068
  1.00000000e+000]
 [6.27736577e-050 1.18724316e-094 2.72641639e-051 5.55777862e-064
  1.29545220e-063 3.28523406e-019 1.31507174e-007 2.11959613e-017
  7.58344980e-063 4.74782088e-029 4.58999933e-060 9.19823239e-085
  1.88085765e-089 1.15293250e-031 4.85469600e-014 8.18689994e-041
  8.66026417e-062 1.00000000e+000 8.50181122e-051 6.13669794e-049
  1.00000000e+000]
 [3.02132478e-028 7.54186234e-048 1.26150512e-015 6.95299141e-027
  1.49453838e-028 4.70157198e-034 6.52369016e-043 9.22043058e-041
  4.66553895e-047 4.11091646e-057 2.04603958e-026 2.10778340e-024
  6.67376785e-026 1.28684277e-034 9.67357418e-034 2.95783412e-025
  1.59002609e-036 8.50181122e-051 1.00000000e+000 6.77773022e-020
  1.00000000e+000]
 [4.25333561e-041 1.22014779e-041 5.97333792e-020 7.00798623e-024
  1.63653769e-055 1.12381878e-041 1.80757661e-032 7.67046851e-039
  1.10587299e-080 8.52463059e-061 1.42032666e-026 3.27094745e-044
  1.16282585e-050 7.37798679e-048 2.06104684e-031 5.17303474e-059
  4.40114578e-068 6.13669794e-049 6.77773022e-020 1.00000000e+000
  1.00000000e+000]
 [1.00000000e+000 1.00000000e+000 1.00000000e+000 1.00000000e+000
  1.00000000e+000 1.00000000e+000 1.00000000e+000 1.00000000e+000
  1.00000000e+000 1.00000000e+000 1.00000000e+000 1.00000000e+000
  1.00000000e+000 1.00000000e+000 1.00000000e+000 1.00000000e+000
  1.00000000e+000 1.00000000e+000 1.00000000e+000 1.00000000e+000
  0.00000000e+000]]
