[[1.00000000e+00 1.01499451e-55 8.55487370e-62 ... 2.69190302e-48
  5.44097570e-49 1.00000000e+00]
 [1.01499451e-55 1.00000000e+00 4.02526663e-12 ... 1.27872322e-22
  2.75222071e-27 1.00000000e+00]
 [8.55487370e-62 4.02526663e-12 1.00000000e+00 ... 6.81602993e-39
  7.25318089e-24 1.00000000e+00]
 ...
 [2.69190302e-48 1.27872322e-22 6.81602993e-39 ... 1.00000000e+00
  6.20610331e-45 1.00000000e+00]
 [5.44097570e-49 2.75222071e-27 7.25318089e-24 ... 6.20610331e-45
  1.00000000e+00 1.00000000e+00]
 [1.00000000e+00 1.00000000e+00 1.00000000e+00 ... 1.00000000e+00
  1.00000000e+00 0.00000000e+00]]
