[[1.00000000e+00 2.94293344e-33 1.82931137e-64 1.69384748e-22
  4.96430494e-14 6.46565331e-68 1.10042124e-39 9.86952306e-61
  1.24062703e-47 9.37605103e-50 9.99439437e-42 1.27729451e-40
  3.10413417e-22 5.29966498e-18 5.67800943e-35 1.59400377e-64
  5.84317728e-89 4.91136349e-31 5.98162069e-51 9.91127411e-33
  1.00000000e+00]
 [2.94293344e-33 1.00000000e+00 1.02156952e-65 3.30992224e-63
  3.27726249e-38 1.43678192e-48 6.48873788e-76 4.44659182e-93
  7.93118945e-96 1.88403351e-63 2.76161346e-72 1.93623454e-25
  2.71182548e-25 1.00102209e-54 5.50907417e-14 7.66278649e-77
  2.44319730e-90 2.38175001e-38 8.93281958e-58 9.71373243e-38
  1.00000000e+00]
 [1.82931137e-64 1.02156952e-65 1.00000000e+00 9.50696299e-61
  1.24019761e-68 3.34971766e-69 2.59858943e-53 2.48768691e-56
  1.27767444e-57 4.91551207e-70 1.09143050e-33 7.92588746e-63
  3.57468004e-71 1.30007028e-63 7.95548549e-39 1.84315290e-65
  8.73922657e-36 1.35125172e-33 7.11984000e-37 3.78359067e-34
  1.00000000e+00]
 [1.69384748e-22 3.30992224e-63 9.50696299e-61 1.00000000e+00
  1.81783279e-13 5.41556693e-64 1.10791368e-24 6.85762201e-77
  3.27239617e-30 6.78029482e-96 7.69103555e-41 6.31677532e-54
  3.28786442e-76 2.62286726e-41 5.55844384e-39 2.29037468e-34
  1.23206051e-70 6.46909205e-47 2.50519425e-38 6.73375330e-45
  1.00000000e+00]
 [4.96430494e-14 3.27726249e-38 1.24019761e-68 1.81783279e-13
  1.00000000e+00 6.68861892e-43 7.69666613e-17 1.44044553e-49
  3.82205135e-37 3.80895748e-56 1.36407289e-39 1.43743740e-28
  1.32684163e-44 1.00397743e-25 7.45150556e-25 2.34433129e-29
  1.29937567e-59 4.14105925e-36 1.48445489e-24 2.65027136e-23
  1.00000000e+00]
 [6.46565331e-68 1.43678192e-48 3.34971766e-69 5.41556693e-64
  6.68861892e-43 1.00000000e+00 1.76206134e-48 1.16921631e-71
  3.17024225e-40 8.16220864e-67 4.65370182e-36 1.41234541e-07
  9.65973374e-65 2.89423051e-44 1.89142967e-16 1.98907831e-22
  1.12502867e-30 2.53268503e-25 8.15752827e-35 5.75243593e-41
  1.00000000e+00]
 [1.10042124e-39 6.48873788e-76 2.59858943e-53 1.10791368e-24
  7.69666613e-17 1.76206134e-48 1.00000000e+00 1.70177886e-24
  3.63961704e-25 3.51575358e-59 8.16971979e-33 4.86352259e-47
  1.86619587e-70 9.98904445e-37 5.95021011e-42 5.37581146e-27
  2.49673307e-32 5.96370999e-45 1.16019545e-15 5.81457206e-26
  1.00000000e+00]
 [9.86952306e-61 4.44659182e-93 2.48768691e-56 6.85762201e-77
  1.44044553e-49 1.16921631e-71 1.70177886e-24 1.00000000e+00
  1.18367996e-52 4.27519955e-21 2.94069112e-37 5.95637245e-61
  8.65537239e-58 4.17170199e-38 3.19157764e-66 1.08288544e-61
  2.74129904e-34 5.47059537e-47 7.24858178e-27 5.18543106e-21
  1.00000000e+00]
 [1.24062703e-47 7.93118945e-96 1.27767444e-57 3.27239617e-30
  3.82205135e-37 3.17024225e-40 3.63961704e-25 1.18367996e-52
  1.00000000e+00 2.91082638e-71 2.80422956e-11 2.93864651e-43
  5.06082967e-78 2.17237722e-23 2.53803390e-49 1.66663872e-25
  1.03584211e-36 9.38755633e-27 3.69526840e-39 9.38994284e-48
  1.00000000e+00]
 [9.37605103e-50 1.88403351e-63 4.91551207e-70 6.78029482e-96
  3.80895748e-56 8.16220864e-67 3.51575358e-59 4.27519955e-21
  2.91082638e-71 1.00000000e+00 4.07667206e-39 4.22985112e-42
  1.44433357e-24 1.85687586e-24 4.93059132e-57 1.14971584e-78
  4.21784021e-58 2.01488931e-30 9.16974081e-46 2.63139713e-20
  1.00000000e+00]
 [9.99439437e-42 2.76161346e-72 1.09143050e-33 7.69103555e-41
  1.36407289e-39 4.65370182e-36 8.16971979e-33 2.94069112e-37
  2.80422956e-11 4.07667206e-39 1.00000000e+00 1.61352159e-30
  7.32598387e-54 4.42729217e-15 1.39327496e-35 2.10374843e-27
  3.80546528e-24 8.96697492e-09 8.68561311e-27 1.69392914e-24
  1.00000000e+00]
 [1.27729451e-40 1.93623454e-25 7.92588746e-63 6.31677532e-54
  1.43743740e-28 1.41234541e-07 4.86352259e-47 5.95637245e-61
  2.93864651e-43 4.22985112e-42 1.61352159e-30 1.00000000e+00
  2.52257199e-34 4.86081383e-26 4.54161023e-09 9.19853814e-29
  1.27053927e-40 7.25634716e-14 1.44615399e-31 3.39306574e-25
  1.00000000e+00]
 [3.10413417e-22 2.71182548e-25 3.57468004e-71 3.28786442e-76
  1.32684163e-44 9.65973374e-65 1.86619587e-70 8.65537239e-58
  5.06082967e-78 1.44433357e-24 7.32598387e-54 2.52257199e-34
  1.00000000e+00 1.15182998e-23 1.24176165e-38 1.73570946e-96
  1.44327774e-93 9.03009308e-28 5.41345856e-69 5.55064091e-36
  1.00000000e+00]
 [5.29966498e-18 1.00102209e-54 1.30007028e-63 2.62286726e-41
  1.00397743e-25 2.89423051e-44 9.98904445e-37 4.17170199e-38
  2.17237722e-23 1.85687586e-24 4.42729217e-15 4.86081383e-26
  1.15182998e-23 1.00000000e+00 1.18530479e-38 7.68882222e-47
  7.92056700e-57 1.68556041e-12 1.64824532e-42 7.93828242e-27
  1.00000000e+00]
 [5.67800943e-35 5.50907417e-14 7.95548549e-39 5.55844384e-39
  7.45150556e-25 1.89142967e-16 5.95021011e-42 3.19157764e-66
  2.53803390e-49 4.93059132e-57 1.39327496e-35 4.54161023e-09
  1.24176165e-38 1.18530479e-38 1.00000000e+00 4.58428605e-31
  1.93096108e-40 4.25304023e-18 1.76992615e-25 4.88655860e-22
  1.00000000e+00]
 [1.59400377e-64 7.66278649e-77 1.84315290e-65 2.29037468e-34
  2.34433129e-29 1.98907831e-22 5.37581146e-27 1.08288544e-61
  1.66663872e-25 1.14971584e-78 2.10374843e-27 9.19853814e-29
  1.73570946e-96 7.68882222e-47 4.58428605e-31 1.00000000e+00
  1.67728386e-22 4.36964312e-37 2.22850805e-15 2.78625968e-33
  1.00000000e+00]
 [5.84317728e-89 2.44319730e-90 8.73922657e-36 1.23206051e-70
  1.29937567e-59 1.12502867e-30 2.49673307e-32 2.74129904e-34
  1.03584211e-36 4.21784021e-58 3.80546528e-24 1.27053927e-40
  1.44327774e-93 7.92056700e-57 1.93096108e-40 1.67728386e-22
  1.00000000e+00 4.64932434e-35 4.25644518e-14 7.95400660e-28
  1.00000000e+00]
 [4.91136349e-31 2.38175001e-38 1.35125172e-33 6.46909205e-47
  4.14105925e-36 2.53268503e-25 5.96370999e-45 5.47059537e-47
  9.38755633e-27 2.01488931e-30 8.96697492e-09 7.25634716e-14
  9.03009308e-28 1.68556041e-12 4.25304023e-18 4.36964312e-37
  4.64932434e-35 1.00000000e+00 1.60805985e-32 1.21984437e-20
  1.00000000e+00]
 [5.98162069e-51 8.93281958e-58 7.11984000e-37 2.50519425e-38
  1.48445489e-24 8.15752827e-35 1.16019545e-15 7.24858178e-27
  3.69526840e-39 9.16974081e-46 8.68561311e-27 1.44615399e-31
  5.41345856e-69 1.64824532e-42 1.76992615e-25 2.22850805e-15
  4.25644518e-14 1.60805985e-32 1.00000000e+00 1.16256822e-08
  1.00000000e+00]
 [9.91127411e-33 9.71373243e-38 3.78359067e-34 6.73375330e-45
  2.65027136e-23 5.75243593e-41 5.81457206e-26 5.18543106e-21
  9.38994284e-48 2.63139713e-20 1.69392914e-24 3.39306574e-25
  5.55064091e-36 7.93828242e-27 4.88655860e-22 2.78625968e-33
  7.95400660e-28 1.21984437e-20 1.16256822e-08 1.00000000e+00
  1.00000000e+00]
 [1.00000000e+00 1.00000000e+00 1.00000000e+00 1.00000000e+00
  1.00000000e+00 1.00000000e+00 1.00000000e+00 1.00000000e+00
  1.00000000e+00 1.00000000e+00 1.00000000e+00 1.00000000e+00
  1.00000000e+00 1.00000000e+00 1.00000000e+00 1.00000000e+00
  1.00000000e+00 1.00000000e+00 1.00000000e+00 1.00000000e+00
  0.00000000e+00]]
