[[1.00000000e+000 5.16174389e-038 2.45028784e-016 3.66524917e-031
  3.21934513e-021 2.23758340e-064 6.02012663e-039 2.48686139e-036
  2.19377049e-031 1.37133645e-099 1.36334431e-062 1.71770328e-087
  9.61928821e-032 3.59281073e-068 1.88715118e-035 1.74430606e-084
  1.48197441e-030 2.34581558e-052 1.25139672e-086 7.69436802e-057
  1.00000000e+000]
 [5.16174389e-038 1.00000000e+000 6.56749204e-021 8.39700009e-048
  3.99506297e-039 4.79802192e-035 8.79866668e-014 2.08648702e-028
  7.91326817e-043 5.52915432e-092 1.64291010e-044 1.60094406e-052
  6.97058000e-023 4.99145989e-062 1.10976304e-035 6.67774705e-046
  2.01571298e-030 4.38498549e-035 7.43430269e-060 1.99302169e-087
  1.00000000e+000]
 [2.45028784e-016 6.56749204e-021 1.00000000e+000 1.09955023e-040
  1.06802277e-015 4.47006044e-027 6.15248058e-017 2.33353181e-028
  1.85918033e-029 3.54033347e-062 2.40081071e-040 3.84603201e-051
  3.14529433e-023 2.96454969e-032 3.52115139e-042 6.16280053e-043
  7.25987586e-027 1.54796507e-033 3.27178485e-068 1.88137619e-044
  1.00000000e+000]
 [3.66524917e-031 8.39700009e-048 1.09955023e-040 1.00000000e+000
  9.39726908e-030 1.38782554e-043 2.83738487e-045 4.03604204e-021
  5.39973998e-037 1.78695255e-060 1.19893826e-031 4.39028591e-058
  3.90574839e-042 3.78396585e-050 2.37251277e-014 1.96107414e-045
  5.96316953e-006 7.33519077e-019 1.80661899e-032 1.14246793e-033
  1.00000000e+000]
 [3.21934513e-021 3.99506297e-039 1.06802277e-015 9.39726908e-030
  1.00000000e+000 7.92967639e-031 3.69984671e-036 1.84048278e-020
  3.75984308e-018 1.71333748e-047 1.07973115e-053 1.68200138e-062
  1.76008371e-012 5.79906052e-024 3.84260813e-042 2.35839878e-051
  1.23986623e-029 1.25532344e-036 9.61858316e-047 9.32303215e-028
  1.00000000e+000]
 [2.23758340e-064 4.79802192e-035 4.47006044e-027 1.38782554e-043
  7.92967639e-031 1.00000000e+000 1.42141728e-034 2.23125975e-030
  2.04522706e-030 2.65864090e-022 9.57438891e-041 6.38377404e-048
  2.11355343e-035 2.94334087e-015 2.35262762e-052 1.33757757e-015
  1.35796648e-025 1.18580860e-026 3.36999765e-025 1.01713540e-047
  1.00000000e+000]
 [6.02012663e-039 8.79866668e-014 6.15248058e-017 2.83738487e-045
  3.69984671e-036 1.42141728e-034 1.00000000e+000 1.31353883e-041
  3.87882456e-055 1.59365800e-066 1.37725087e-020 3.08189485e-026
  2.52267080e-024 1.64763523e-051 1.83544389e-025 1.30597810e-038
  1.15190911e-027 8.85491358e-019 3.05713413e-076 7.28489906e-059
  1.00000000e+000]
 [2.48686139e-036 2.08648702e-028 2.33353181e-028 4.03604204e-021
  1.84048278e-020 2.23125975e-030 1.31353883e-041 1.00000000e+000
  7.70151610e-038 3.31780403e-072 1.04004993e-040 2.49938426e-048
  3.39650832e-033 1.29049261e-028 7.37149679e-044 1.75569369e-028
  2.91718240e-021 1.36191785e-026 4.55426606e-023 4.44179823e-040
  1.00000000e+000]
 [2.19377049e-031 7.91326817e-043 1.85918033e-029 5.39973998e-037
  3.75984308e-018 2.04522706e-030 3.87882456e-055 7.70151610e-038
  1.00000000e+000 2.98429128e-052 1.21159312e-084 7.31060752e-109
  1.59762692e-020 2.93604074e-049 1.57861851e-045 9.98006675e-073
  5.79337742e-031 5.47950288e-059 4.71387114e-042 6.07562049e-068
  1.00000000e+000]
 [1.37133645e-099 5.52915432e-092 3.54033347e-062 1.78695255e-060
  1.71333748e-047 2.65864090e-022 1.59365800e-066 3.31780403e-072
  2.98429128e-052 1.00000000e+000 1.16252527e-058 4.23183320e-068
  6.81675651e-059 3.29303334e-026 1.54115791e-068 3.10525048e-042
  1.54636819e-048 1.37212001e-042 1.06401494e-048 1.93546435e-039
  1.00000000e+000]
 [1.36334431e-062 1.64291010e-044 2.40081071e-040 1.19893826e-031
  1.07973115e-053 9.57438891e-041 1.37725087e-020 1.04004993e-040
  1.21159312e-084 1.16252527e-058 1.00000000e+000 1.40017408e-008
  1.44319806e-059 1.72792763e-044 1.91546741e-028 5.98751798e-020
  1.31838435e-021 2.36072393e-004 1.58427395e-063 1.52145647e-034
  1.00000000e+000]
 [1.71770328e-087 1.60094406e-052 3.84603201e-051 4.39028591e-058
  1.68200138e-062 6.38377404e-048 3.08189485e-026 2.49938426e-048
  7.31060752e-109 4.23183320e-068 1.40017408e-008 1.00000000e+000
  1.86518753e-066 2.34761248e-042 1.24270497e-054 1.20909617e-019
  5.95197897e-046 7.70459601e-014 4.56865931e-076 1.88237859e-041
  1.00000000e+000]
 [9.61928821e-032 6.97058000e-023 3.14529433e-023 3.90574839e-042
  1.76008371e-012 2.11355343e-035 2.52267080e-024 3.39650832e-033
  1.59762692e-020 6.81675651e-059 1.44319806e-059 1.86518753e-066
  1.00000000e+000 8.76417079e-048 3.55881305e-033 3.60796133e-063
  9.63195177e-036 1.49971066e-040 2.37427796e-055 1.93809216e-060
  1.00000000e+000]
 [3.59281073e-068 4.99145989e-062 2.96454969e-032 3.78396585e-050
  5.79906052e-024 2.94334087e-015 1.64763523e-051 1.29049261e-028
  2.93604074e-049 3.29303334e-026 1.72792763e-044 2.34761248e-042
  8.76417079e-048 1.00000000e+000 1.79697172e-075 1.86760850e-018
  9.79665663e-042 6.04081493e-033 5.89820967e-037 2.62142481e-020
  1.00000000e+000]
 [1.88715118e-035 1.10976304e-035 3.52115139e-042 2.37251277e-014
  3.84260813e-042 2.35262762e-052 1.83544389e-025 7.37149679e-044
  1.57861851e-045 1.54115791e-068 1.91546741e-028 1.24270497e-054
  3.55881305e-033 1.79697172e-075 1.00000000e+000 4.64323787e-060
  1.59782293e-011 4.22802671e-019 2.69225391e-059 3.24398070e-058
  1.00000000e+000]
 [1.74430606e-084 6.67774705e-046 6.16280053e-043 1.96107414e-045
  2.35839878e-051 1.33757757e-015 1.30597810e-038 1.75569369e-028
  9.98006675e-073 3.10525048e-042 5.98751798e-020 1.20909617e-019
  3.60796133e-063 1.86760850e-018 4.64323787e-060 1.00000000e+000
  1.92900646e-030 1.21512123e-015 6.67768565e-032 2.79659168e-040
  1.00000000e+000]
 [1.48197441e-030 2.01571298e-030 7.25987586e-027 5.96316953e-006
  1.23986623e-029 1.35796648e-025 1.15190911e-027 2.91718240e-021
  5.79337742e-031 1.54636819e-048 1.31838435e-021 5.95197897e-046
  9.63195177e-036 9.79665663e-042 1.59782293e-011 1.92900646e-030
  1.00000000e+000 1.35810389e-011 5.90587826e-031 1.27184906e-038
  1.00000000e+000]
 [2.34581558e-052 4.38498549e-035 1.54796507e-033 7.33519077e-019
  1.25532344e-036 1.18580860e-026 8.85491358e-019 1.36191785e-026
  5.47950288e-059 1.37212001e-042 2.36072393e-004 7.70459601e-014
  1.49971066e-040 6.04081493e-033 4.22802671e-019 1.21512123e-015
  1.35810389e-011 1.00000000e+000 1.05318360e-039 2.53722020e-028
  1.00000000e+000]
 [1.25139672e-086 7.43430269e-060 3.27178485e-068 1.80661899e-032
  9.61858316e-047 3.36999765e-025 3.05713413e-076 4.55426606e-023
  4.71387114e-042 1.06401494e-048 1.58427395e-063 4.56865931e-076
  2.37427796e-055 5.89820967e-037 2.69225391e-059 6.67768565e-032
  5.90587826e-031 1.05318360e-039 1.00000000e+000 4.41017154e-061
  1.00000000e+000]
 [7.69436802e-057 1.99302169e-087 1.88137619e-044 1.14246793e-033
  9.32303215e-028 1.01713540e-047 7.28489906e-059 4.44179823e-040
  6.07562049e-068 1.93546435e-039 1.52145647e-034 1.88237859e-041
  1.93809216e-060 2.62142481e-020 3.24398070e-058 2.79659168e-040
  1.27184906e-038 2.53722020e-028 4.41017154e-061 1.00000000e+000
  1.00000000e+000]
 [1.00000000e+000 1.00000000e+000 1.00000000e+000 1.00000000e+000
  1.00000000e+000 1.00000000e+000 1.00000000e+000 1.00000000e+000
  1.00000000e+000 1.00000000e+000 1.00000000e+000 1.00000000e+000
  1.00000000e+000 1.00000000e+000 1.00000000e+000 1.00000000e+000
  1.00000000e+000 1.00000000e+000 1.00000000e+000 1.00000000e+000
  0.00000000e+000]]
