[[1.00000000e+00 4.22842771e-22 2.26223789e-23 ... 4.68879829e-29
  2.70079676e-16 1.00000000e+00]
 [4.22842771e-22 1.00000000e+00 1.47370279e-30 ... 1.30103614e-36
  3.63196850e-25 1.00000000e+00]
 [2.26223789e-23 1.47370279e-30 1.00000000e+00 ... 9.47676585e-34
  3.74607435e-31 1.00000000e+00]
 ...
 [4.68879829e-29 1.30103614e-36 9.47676585e-34 ... 1.00000000e+00
  5.63019560e-41 1.00000000e+00]
 [2.70079676e-16 3.63196850e-25 3.74607435e-31 ... 5.63019560e-41
  1.00000000e+00 1.00000000e+00]
 [1.00000000e+00 1.00000000e+00 1.00000000e+00 ... 1.00000000e+00
  1.00000000e+00 0.00000000e+00]]
