[[1.00000000e+000 1.53783509e-032 5.50288515e-018 6.56613573e-056
  1.47520515e-068 1.31631816e-031 3.12765792e-038 1.06775762e-034
  7.55607562e-034 2.08337546e-029 1.01594715e-031 3.33049049e-031
  1.56484415e-033 8.97337100e-042 1.10462299e-049 1.83856684e-028
  1.47965501e-025 5.91020220e-024 6.07312546e-019 2.30290584e-026
  1.00000000e+000]
 [1.53783509e-032 1.00000000e+000 1.99460903e-021 1.53253446e-040
  1.15125093e-071 1.01763838e-007 7.87519282e-064 3.92247826e-071
  1.49185574e-047 6.88759029e-029 7.27715806e-027 6.56060176e-071
  1.44814827e-037 3.63186181e-068 2.07069418e-079 2.08031465e-050
  1.36789007e-056 1.00348860e-049 6.87919730e-052 8.09172371e-016
  1.00000000e+000]
 [5.50288515e-018 1.99460903e-021 1.00000000e+000 3.71171054e-055
  1.48410978e-086 2.06634250e-025 6.10265449e-075 6.80471416e-075
  1.00567455e-060 6.89929267e-035 1.03614196e-031 1.14678199e-071
  2.80549140e-031 9.92348341e-060 1.58091920e-090 5.75712720e-058
  3.40840719e-039 6.24784121e-055 2.00344354e-038 3.36607374e-030
  1.00000000e+000]
 [6.56613573e-056 1.53253446e-040 3.71171054e-055 1.00000000e+000
  2.89687833e-026 2.36424363e-029 2.82834634e-091 5.15803423e-064
  4.69297612e-072 1.00545304e-009 1.20235344e-036 1.08119591e-055
  1.04527325e-047 1.87968452e-022 5.20920552e-051 1.77855304e-034
  1.68699107e-039 8.29587716e-047 1.38013306e-043 2.16736722e-034
  1.00000000e+000]
 [1.47520515e-068 1.15125093e-071 1.48410978e-086 2.89687833e-026
  1.00000000e+000 2.90632927e-070 1.62476471e-058 9.63205913e-068
  5.91386807e-052 5.94807682e-030 4.81129468e-026 5.39842951e-089
  7.46360146e-104 2.68530571e-022 1.82943676e-063 1.86488993e-064
  4.68583389e-029 4.01613921e-059 1.96235542e-073 2.19627239e-068
  1.00000000e+000]
 [1.31631816e-031 1.01763838e-007 2.06634250e-025 2.36424363e-029
  2.90632927e-070 1.00000000e+000 1.57380157e-066 1.19285480e-047
  2.86260221e-050 6.07073922e-021 3.16906152e-032 7.96686387e-048
  3.81585829e-017 1.19347967e-055 5.82500190e-060 2.13525336e-029
  5.11450054e-053 7.08600642e-033 4.71064380e-043 6.10412595e-006
  1.00000000e+000]
 [3.12765792e-038 7.87519282e-064 6.10265449e-075 2.82834634e-091
  1.62476471e-058 1.57380157e-066 1.00000000e+000 1.74112663e-037
  6.57543035e-005 9.06151429e-057 2.35830981e-028 4.79286780e-078
  2.32875924e-086 3.23833769e-058 3.86016494e-055 1.81406569e-058
  6.88712927e-052 4.80046817e-030 8.67186027e-089 1.04016867e-048
  1.00000000e+000]
 [1.06775762e-034 3.92247826e-071 6.80471416e-075 5.15803423e-064
  9.63205913e-068 1.19285480e-047 1.74112663e-037 1.00000000e+000
  2.53826377e-042 1.60617680e-047 8.17533664e-054 1.99943224e-024
  4.75981643e-047 7.16251116e-050 1.10737441e-040 7.82759052e-022
  1.88782414e-040 6.80755487e-016 9.50695846e-047 3.09557698e-037
  1.00000000e+000]
 [7.55607562e-034 1.49185574e-047 1.00567455e-060 4.69297612e-072
  5.91386807e-052 2.86260221e-050 6.57543035e-005 2.53826377e-042
  1.00000000e+000 1.96510608e-038 3.08253898e-020 1.80212818e-072
  7.72781620e-067 1.87818898e-044 9.82941521e-041 1.12786914e-046
  2.15453854e-053 8.18273507e-022 2.48651050e-083 2.75837409e-032
  1.00000000e+000]
 [2.08337546e-029 6.88759029e-029 6.89929267e-035 1.00545304e-009
  5.94807682e-030 6.07073922e-021 9.06151429e-057 1.60617680e-047
  1.96510608e-038 1.00000000e+000 3.17916335e-022 1.38576040e-040
  1.75971676e-028 2.98650685e-011 1.31118463e-026 1.50025212e-018
  6.67821074e-034 2.95481984e-021 1.87046013e-036 5.03886572e-016
  1.00000000e+000]
 [1.01594715e-031 7.27715806e-027 1.03614196e-031 1.20235344e-036
  4.81129468e-026 3.16906152e-032 2.35830981e-028 8.17533664e-054
  3.08253898e-020 3.17916335e-022 1.00000000e+000 6.15488770e-083
  2.49106254e-059 6.32682205e-032 3.26009160e-065 3.92488475e-055
  6.69026411e-024 5.65563348e-039 1.36840457e-063 2.89366824e-030
  1.00000000e+000]
 [3.33049049e-031 6.56060176e-071 1.14678199e-071 1.08119591e-055
  5.39842951e-089 7.96686387e-048 4.79286780e-078 1.99943224e-024
  1.80212818e-072 1.38576040e-040 6.15488770e-083 1.00000000e+000
  7.05931573e-036 3.46160165e-050 3.84149801e-029 2.04800810e-008
  7.76777388e-058 5.27018144e-022 6.40754811e-020 4.38372312e-039
  1.00000000e+000]
 [1.56484415e-033 1.44814827e-037 2.80549140e-031 1.04527325e-047
  7.46360146e-104 3.81585829e-017 2.32875924e-086 4.75981643e-047
  7.72781620e-067 1.75971676e-028 2.49106254e-059 7.05931573e-036
  1.00000000e+000 1.10342837e-053 9.28422958e-048 4.93521753e-021
  2.13735704e-069 3.55343798e-026 2.92117908e-045 1.13137679e-011
  1.00000000e+000]
 [8.97337100e-042 3.63186181e-068 9.92348341e-060 1.87968452e-022
  2.68530571e-022 1.19347967e-055 3.23833769e-058 7.16251116e-050
  1.87818898e-044 2.98650685e-011 6.32682205e-032 3.46160165e-050
  1.10342837e-053 1.00000000e+000 7.00615218e-025 6.44370302e-029
  2.87075912e-030 5.98196426e-027 4.50698070e-049 9.34621236e-043
  1.00000000e+000]
 [1.10462299e-049 2.07069418e-079 1.58091920e-090 5.20920552e-051
  1.82943676e-063 5.82500190e-060 3.86016494e-055 1.10737441e-040
  9.82941521e-041 1.31118463e-026 3.26009160e-065 3.84149801e-029
  9.28422958e-048 7.00615218e-025 1.00000000e+000 3.02553702e-012
  4.57177799e-075 2.23848310e-011 1.51371191e-063 7.22853683e-036
  1.00000000e+000]
 [1.83856684e-028 2.08031465e-050 5.75712720e-058 1.77855304e-034
  1.86488993e-064 2.13525336e-029 1.81406569e-058 7.82759052e-022
  1.12786914e-046 1.50025212e-018 3.92488475e-055 2.04800810e-008
  4.93521753e-021 6.44370302e-029 3.02553702e-012 1.00000000e+000
  3.03919608e-052 1.53422907e-007 4.31802071e-030 7.77047235e-018
  1.00000000e+000]
 [1.47965501e-025 1.36789007e-056 3.40840719e-039 1.68699107e-039
  4.68583389e-029 5.11450054e-053 6.88712927e-052 1.88782414e-040
  2.15453854e-053 6.67821074e-034 6.69026411e-024 7.76777388e-058
  2.13735704e-069 2.87075912e-030 4.57177799e-075 3.03919608e-052
  1.00000000e+000 2.87687856e-048 5.24590632e-029 5.91228758e-056
  1.00000000e+000]
 [5.91020220e-024 1.00348860e-049 6.24784121e-055 8.29587716e-047
  4.01613921e-059 7.08600642e-033 4.80046817e-030 6.80755487e-016
  8.18273507e-022 2.95481984e-021 5.65563348e-039 5.27018144e-022
  3.55343798e-026 5.98196426e-027 2.23848310e-011 1.53422907e-007
  2.87687856e-048 1.00000000e+000 3.18306877e-046 1.60458275e-015
  1.00000000e+000]
 [6.07312546e-019 6.87919730e-052 2.00344354e-038 1.38013306e-043
  1.96235542e-073 4.71064380e-043 8.67186027e-089 9.50695846e-047
  2.48651050e-083 1.87046013e-036 1.36840457e-063 6.40754811e-020
  2.92117908e-045 4.50698070e-049 1.51371191e-063 4.31802071e-030
  5.24590632e-029 3.18306877e-046 1.00000000e+000 5.74683028e-048
  1.00000000e+000]
 [2.30290584e-026 8.09172371e-016 3.36607374e-030 2.16736722e-034
  2.19627239e-068 6.10412595e-006 1.04016867e-048 3.09557698e-037
  2.75837409e-032 5.03886572e-016 2.89366824e-030 4.38372312e-039
  1.13137679e-011 9.34621236e-043 7.22853683e-036 7.77047235e-018
  5.91228758e-056 1.60458275e-015 5.74683028e-048 1.00000000e+000
  1.00000000e+000]
 [1.00000000e+000 1.00000000e+000 1.00000000e+000 1.00000000e+000
  1.00000000e+000 1.00000000e+000 1.00000000e+000 1.00000000e+000
  1.00000000e+000 1.00000000e+000 1.00000000e+000 1.00000000e+000
  1.00000000e+000 1.00000000e+000 1.00000000e+000 1.00000000e+000
  1.00000000e+000 1.00000000e+000 1.00000000e+000 1.00000000e+000
  0.00000000e+000]]
