[[1.00000000e+00 4.77865792e-27 8.36496392e-54 ... 9.04883135e-42
  4.21074433e-59 1.00000000e+00]
 [4.77865792e-27 1.00000000e+00 5.04971687e-25 ... 6.43237609e-39
  1.49061749e-21 1.00000000e+00]
 [8.36496392e-54 5.04971687e-25 1.00000000e+00 ... 8.81361985e-67
  1.77462169e-55 1.00000000e+00]
 ...
 [9.04883135e-42 6.43237609e-39 8.81361985e-67 ... 1.00000000e+00
  1.70225679e-36 1.00000000e+00]
 [4.21074433e-59 1.49061749e-21 1.77462169e-55 ... 1.70225679e-36
  1.00000000e+00 1.00000000e+00]
 [1.00000000e+00 1.00000000e+00 1.00000000e+00 ... 1.00000000e+00
  1.00000000e+00 0.00000000e+00]]
