[[1.00000000e+00 4.11178716e-29 3.71020361e-10 ... 1.18521006e-18
  3.84906911e-59 1.00000000e+00]
 [4.11178716e-29 1.00000000e+00 8.05535133e-57 ... 5.39206456e-70
  8.59476547e-46 1.00000000e+00]
 [3.71020361e-10 8.05535133e-57 1.00000000e+00 ... 1.15065551e-10
  1.50510448e-52 1.00000000e+00]
 ...
 [1.18521006e-18 5.39206456e-70 1.15065551e-10 ... 1.00000000e+00
  5.55489827e-64 1.00000000e+00]
 [3.84906911e-59 8.59476547e-46 1.50510448e-52 ... 5.55489827e-64
  1.00000000e+00 1.00000000e+00]
 [1.00000000e+00 1.00000000e+00 1.00000000e+00 ... 1.00000000e+00
  1.00000000e+00 0.00000000e+00]]
