[[1.00000000e+000 8.42256443e-017 1.76786921e-036 6.99996270e-039
  8.15090300e-036 1.93669412e-063 7.73705572e-028 1.62935727e-039
  1.45238982e-072 3.71686938e-071 3.62812297e-008 6.75883838e-055
  2.51857895e-023 1.34623328e-024 1.17862848e-027 3.71517688e-024
  2.89630219e-087 1.20302373e-020 6.73970460e-032 8.53319843e-055
  1.00000000e+000]
 [8.42256443e-017 1.00000000e+000 7.13881750e-023 4.20888564e-038
  4.72324770e-047 7.95346612e-053 8.14716242e-048 4.55264503e-066
  4.10347264e-081 9.89965029e-070 5.90006839e-011 3.10932476e-050
  6.45359031e-020 4.19695456e-023 1.02572686e-047 5.12829524e-039
  1.42156144e-053 5.79109695e-013 7.43296649e-025 1.03292934e-046
  1.00000000e+000]
 [1.76786921e-036 7.13881750e-023 1.00000000e+000 5.73588173e-014
  4.67552069e-054 8.83163806e-052 8.76204267e-051 2.54621771e-050
  1.64189416e-050 1.60543888e-026 2.85121692e-040 6.24452794e-034
  4.46026286e-016 1.66015314e-018 1.80410121e-021 2.63591927e-033
  8.38419969e-036 2.69754636e-007 1.98063148e-024 2.97398614e-022
  1.00000000e+000]
 [6.99996270e-039 4.20888564e-038 5.73588173e-014 1.00000000e+000
  2.32448023e-065 8.49705310e-031 8.62787661e-042 3.42125493e-039
  2.25488139e-037 6.56001779e-016 6.87005432e-040 3.59931210e-020
  2.07563538e-007 3.72894601e-029 2.78130279e-017 2.46564476e-017
  1.76600729e-043 7.03782516e-009 6.47697758e-019 6.38294855e-018
  1.00000000e+000]
 [8.15090300e-036 4.72324770e-047 4.67552069e-054 2.32448023e-065
  1.00000000e+000 1.58683823e-054 1.53918937e-046 8.70052823e-029
  8.60640711e-044 2.79866317e-078 6.27320962e-054 2.84252378e-057
  1.42605519e-063 1.47575299e-037 2.94356800e-045 1.61215203e-054
  1.22117331e-076 1.20031293e-055 5.93761139e-086 8.34390626e-050
  1.00000000e+000]
 [1.93669412e-063 7.95346612e-053 8.83163806e-052 8.49705310e-031
  1.58683823e-054 1.00000000e+000 9.26149458e-056 4.58557526e-062
  5.59912687e-025 1.88424299e-037 5.36965968e-056 3.64641677e-018
  4.26400231e-032 3.35238395e-066 3.74174205e-057 3.50134550e-046
  9.02408090e-060 1.02855003e-039 1.98465409e-056 3.51592645e-038
  1.00000000e+000]
 [7.73705572e-028 8.14716242e-048 8.76204267e-051 8.62787661e-042
  1.53918937e-046 9.26149458e-056 1.00000000e+000 2.21919805e-053
  8.91124994e-063 4.55252470e-071 1.24400418e-049 1.16338367e-076
  1.57680550e-029 6.75145273e-057 1.71096755e-020 5.60937373e-058
  1.61593267e-104 1.20153088e-036 6.05870652e-075 8.53737009e-077
  1.00000000e+000]
 [1.62935727e-039 4.55264503e-066 2.54621771e-050 3.42125493e-039
  8.70052823e-029 4.58557526e-062 2.21919805e-053 1.00000000e+000
  1.40775328e-049 5.81855702e-063 2.37329036e-057 6.36842576e-049
  5.84588615e-053 4.85050938e-023 1.34366499e-030 4.53652416e-022
  1.00626445e-060 2.91601585e-048 4.43669464e-061 1.14543901e-024
  1.00000000e+000]
 [1.45238982e-072 4.10347264e-081 1.64189416e-050 2.25488139e-037
  8.60640711e-044 5.59912687e-025 8.91124994e-063 1.40775328e-049
  1.00000000e+000 5.45953368e-018 7.40229971e-083 1.13326702e-018
  1.44993513e-051 3.09013891e-073 6.40459279e-038 2.49417588e-051
  1.86669831e-088 4.21762000e-054 8.79334274e-078 5.11493079e-042
  1.00000000e+000]
 [3.71686938e-071 9.89965029e-070 1.60543888e-026 6.56001779e-016
  2.79866317e-078 1.88424299e-037 4.55252470e-071 5.81855702e-063
  5.45953368e-018 1.00000000e+000 6.12473623e-074 4.73144009e-015
  9.06968242e-031 2.67753562e-062 3.34665830e-029 5.82086489e-040
  7.52722083e-074 1.83570467e-031 2.61882203e-044 6.51451094e-033
  1.00000000e+000]
 [3.62812297e-008 5.90006839e-011 2.85121692e-040 6.87005432e-040
  6.27320962e-054 5.36965968e-056 1.24400418e-049 2.37329036e-057
  7.40229971e-083 6.12473623e-074 1.00000000e+000 2.71601950e-046
  2.46011135e-021 5.44537000e-030 1.90931090e-048 1.19860403e-022
  5.57564013e-080 3.02182691e-019 3.06606525e-018 2.01255954e-053
  1.00000000e+000]
 [6.75883838e-055 3.10932476e-050 6.24452794e-034 3.59931210e-020
  2.84252378e-057 3.64641677e-018 1.16338367e-076 6.36842576e-049
  1.13326702e-018 4.73144009e-015 2.71601950e-046 1.00000000e+000
  1.95479379e-029 1.88972900e-048 6.63566413e-045 1.36099833e-022
  7.11094438e-058 1.52495023e-029 2.98138595e-030 1.16937773e-020
  1.00000000e+000]
 [2.51857895e-023 6.45359031e-020 4.46026286e-016 2.07563538e-007
  1.42605519e-063 4.26400231e-032 1.57680550e-029 5.84588615e-053
  1.44993513e-051 9.06968242e-031 2.46011135e-021 1.95479379e-029
  1.00000000e+000 4.12748393e-031 3.74543065e-021 4.64366313e-022
  9.40567746e-056 1.62570075e-003 4.75939572e-015 4.94176467e-034
  1.00000000e+000]
 [1.34623328e-024 4.19695456e-023 1.66015314e-018 3.72894601e-029
  1.47575299e-037 3.35238395e-066 6.75145273e-057 4.85050938e-023
  3.09013891e-073 2.67753562e-062 5.44537000e-030 1.88972900e-048
  4.12748393e-031 1.00000000e+000 2.61644526e-033 2.64867723e-021
  2.62242164e-029 3.56848376e-019 6.12720123e-028 2.36767481e-017
  1.00000000e+000]
 [1.17862848e-027 1.02572686e-047 1.80410121e-021 2.78130279e-017
  2.94356800e-045 3.74174205e-057 1.71096755e-020 1.34366499e-030
  6.40459279e-038 3.34665830e-029 1.90931090e-048 6.63566413e-045
  3.74543065e-021 2.61644526e-033 1.00000000e+000 4.28120961e-030
  3.07700720e-079 8.74965041e-021 5.27499410e-046 1.53374522e-040
  1.00000000e+000]
 [3.71517688e-024 5.12829524e-039 2.63591927e-033 2.46564476e-017
  1.61215203e-054 3.50134550e-046 5.60937373e-058 4.53652416e-022
  2.49417588e-051 5.82086489e-040 1.19860403e-022 1.36099833e-022
  4.64366313e-022 2.64867723e-021 4.28120961e-030 1.00000000e+000
  2.59988370e-059 1.01669299e-020 2.22162430e-014 4.44139207e-020
  1.00000000e+000]
 [2.89630219e-087 1.42156144e-053 8.38419969e-036 1.76600729e-043
  1.22117331e-076 9.02408090e-060 1.61593267e-104 1.00626445e-060
  1.86669831e-088 7.52722083e-074 5.57564013e-080 7.11094438e-058
  9.40567746e-056 2.62242164e-029 3.07700720e-079 2.59988370e-059
  1.00000000e+000 4.61477007e-044 8.25943942e-056 3.22382663e-017
  1.00000000e+000]
 [1.20302373e-020 5.79109695e-013 2.69754636e-007 7.03782516e-009
  1.20031293e-055 1.02855003e-039 1.20153088e-036 2.91601585e-048
  4.21762000e-054 1.83570467e-031 3.02182691e-019 1.52495023e-029
  1.62570075e-003 3.56848376e-019 8.74965041e-021 1.01669299e-020
  4.61477007e-044 1.00000000e+000 1.37568269e-011 1.80063249e-026
  1.00000000e+000]
 [6.73970460e-032 7.43296649e-025 1.98063148e-024 6.47697758e-019
  5.93761139e-086 1.98465409e-056 6.05870652e-075 4.43669464e-061
  8.79334274e-078 2.61882203e-044 3.06606525e-018 2.98138595e-030
  4.75939572e-015 6.12720123e-028 5.27499410e-046 2.22162430e-014
  8.25943942e-056 1.37568269e-011 1.00000000e+000 3.09625890e-031
  1.00000000e+000]
 [8.53319843e-055 1.03292934e-046 2.97398614e-022 6.38294855e-018
  8.34390626e-050 3.51592645e-038 8.53737009e-077 1.14543901e-024
  5.11493079e-042 6.51451094e-033 2.01255954e-053 1.16937773e-020
  4.94176467e-034 2.36767481e-017 1.53374522e-040 4.44139207e-020
  3.22382663e-017 1.80063249e-026 3.09625890e-031 1.00000000e+000
  1.00000000e+000]
 [1.00000000e+000 1.00000000e+000 1.00000000e+000 1.00000000e+000
  1.00000000e+000 1.00000000e+000 1.00000000e+000 1.00000000e+000
  1.00000000e+000 1.00000000e+000 1.00000000e+000 1.00000000e+000
  1.00000000e+000 1.00000000e+000 1.00000000e+000 1.00000000e+000
  1.00000000e+000 1.00000000e+000 1.00000000e+000 1.00000000e+000
  0.00000000e+000]]
