[[1.00000000e+00 1.67170400e-56 4.72082251e-34 ... 9.04971445e-42
  9.93195160e-60 1.00000000e+00]
 [1.67170400e-56 1.00000000e+00 6.03645259e-66 ... 2.32910926e-13
  7.47497376e-36 1.00000000e+00]
 [4.72082251e-34 6.03645259e-66 1.00000000e+00 ... 4.80612720e-45
  1.32104563e-91 1.00000000e+00]
 ...
 [9.04971445e-42 2.32910926e-13 4.80612720e-45 ... 1.00000000e+00
  1.73663729e-59 1.00000000e+00]
 [9.93195160e-60 7.47497376e-36 1.32104563e-91 ... 1.73663729e-59
  1.00000000e+00 1.00000000e+00]
 [1.00000000e+00 1.00000000e+00 1.00000000e+00 ... 1.00000000e+00
  1.00000000e+00 0.00000000e+00]]
