[[1.00000000e+000 6.30041428e-112 9.02505957e-069 ... 6.48004916e-091
  5.99221539e-046 1.00000000e+000]
 [6.30041428e-112 1.00000000e+000 1.33771520e-016 ... 3.74629082e-045
  4.79278820e-041 1.00000000e+000]
 [9.02505957e-069 1.33771520e-016 1.00000000e+000 ... 3.53163831e-059
  8.52632953e-033 1.00000000e+000]
 ...
 [6.48004916e-091 3.74629082e-045 3.53163831e-059 ... 1.00000000e+000
  5.37566027e-040 1.00000000e+000]
 [5.99221539e-046 4.79278820e-041 8.52632953e-033 ... 5.37566027e-040
  1.00000000e+000 1.00000000e+000]
 [1.00000000e+000 1.00000000e+000 1.00000000e+000 ... 1.00000000e+000
  1.00000000e+000 0.00000000e+000]]
