[[1.00000000e+000 7.41463242e-114 1.61283554e-022 3.55432957e-080
  1.62307240e-012 6.50723158e-103 8.97131630e-049 3.24932760e-042
  1.54354143e-040 4.28486115e-019 1.76219371e-020 1.75240257e-056
  1.04483851e-042 3.95780068e-015 1.50440546e-046 3.20185368e-082
  2.40651547e-094 8.95788216e-090 8.29833074e-055 1.48999015e-009
  1.00000000e+000]
 [7.41463242e-114 1.00000000e+000 3.33248525e-079 5.30000319e-032
  7.05241021e-062 1.91228165e-028 1.08619411e-052 7.50968290e-056
  4.22603750e-044 7.50599881e-072 2.51936507e-057 1.72604957e-079
  6.47749258e-063 8.74526351e-122 1.57124006e-036 2.78605170e-025
  1.55797052e-016 7.57247632e-044 1.31092237e-035 1.33943514e-105
  1.00000000e+000]
 [1.61283554e-022 3.33248525e-079 1.00000000e+000 1.67279187e-067
  6.66166080e-026 2.06321604e-095 3.53021505e-056 2.45385508e-028
  4.93998650e-043 5.58461152e-028 4.83672879e-015 3.60047842e-060
  2.34495393e-042 1.52026307e-034 2.72373430e-047 1.86065090e-047
  6.81369502e-084 1.62548533e-078 3.62808865e-040 3.19611579e-012
  1.00000000e+000]
 [3.55432957e-080 5.30000319e-032 1.67279187e-067 1.00000000e+000
  2.05832134e-038 1.27032775e-036 3.87434059e-081 6.73131840e-035
  2.93846066e-037 2.20857428e-059 6.96781769e-054 4.95079364e-038
  2.18595467e-090 2.25795242e-077 2.04250388e-013 3.16011418e-037
  6.73742046e-035 4.41511580e-073 1.05535309e-036 2.25767938e-091
  1.00000000e+000]
 [1.62307240e-012 7.05241021e-062 6.66166080e-026 2.05832134e-038
  1.00000000e+000 4.31722942e-065 6.05461022e-034 9.30846809e-019
  6.32561506e-022 4.96171107e-018 9.61000179e-013 2.98951534e-047
  6.37914007e-034 3.57719994e-027 2.47835344e-018 8.41122384e-049
  4.48783234e-055 6.23419306e-060 1.08743682e-021 7.25251504e-022
  1.00000000e+000]
 [6.50723158e-103 1.91228165e-028 2.06321604e-095 1.27032775e-036
  4.31722942e-065 1.00000000e+000 4.34025356e-058 1.47661611e-082
  4.45601794e-025 5.75022570e-051 1.14058793e-065 6.06257462e-036
  1.52188217e-064 6.51737558e-086 1.76130420e-026 9.24861275e-063
  7.95543513e-004 1.06471477e-037 8.27769715e-069 7.96182229e-104
  1.00000000e+000]
 [8.97131630e-049 1.08619411e-052 3.53021505e-056 3.87434059e-081
  6.05461022e-034 4.34025356e-058 1.00000000e+000 2.27116195e-071
  4.24247880e-043 1.86314689e-031 6.54882602e-030 1.50898207e-083
  3.48071860e-031 2.90245289e-078 2.01335805e-055 2.32582813e-049
  1.23869381e-041 2.09885313e-065 1.24765406e-057 9.96521865e-052
  1.00000000e+000]
 [3.24932760e-042 7.50968290e-056 2.45385508e-028 6.73131840e-035
  9.30846809e-019 1.47661611e-082 2.27116195e-071 1.00000000e+000
  2.48152255e-031 1.67309718e-037 1.30259293e-017 1.55255095e-074
  9.46219162e-055 4.10126506e-047 1.15422142e-021 1.86875129e-056
  4.58880620e-073 5.41525583e-066 5.59747096e-008 1.62977675e-035
  1.00000000e+000]
 [1.54354143e-040 4.22603750e-044 4.93998650e-043 2.93846066e-037
  6.32561506e-022 4.45601794e-025 4.24247880e-043 2.48152255e-031
  1.00000000e+000 9.30599685e-013 1.72839132e-019 2.47474800e-032
  2.19174626e-025 7.89936650e-027 5.55621959e-008 3.66018023e-066
  6.13867342e-025 8.22089078e-023 1.71899753e-028 1.43013363e-035
  1.00000000e+000]
 [4.28486115e-019 7.50599881e-072 5.58461152e-028 2.20857428e-059
  4.96171107e-018 5.75022570e-051 1.86314689e-031 1.67309718e-037
  9.30599685e-013 1.00000000e+000 1.17537317e-008 8.82391242e-042
  1.40288494e-031 1.79752058e-016 1.37157021e-024 8.58365451e-074
  3.75063412e-049 2.25007763e-056 2.07452675e-045 3.21374717e-016
  1.00000000e+000]
 [1.76219371e-020 2.51936507e-057 4.83672879e-015 6.96781769e-054
  9.61000179e-013 1.14058793e-065 6.54882602e-030 1.30259293e-017
  1.72839132e-019 1.17537317e-008 1.00000000e+000 7.77412045e-062
  1.14887763e-028 1.97379932e-029 3.58950032e-026 5.13177017e-054
  1.89989495e-056 2.43488161e-057 1.50182718e-023 3.22599638e-012
  1.00000000e+000]
 [1.75240257e-056 1.72604957e-079 3.60047842e-060 4.95079364e-038
  2.98951534e-047 6.06257462e-036 1.50898207e-083 1.55255095e-074
  2.47474800e-032 8.82391242e-042 7.77412045e-062 1.00000000e+000
  5.62078927e-075 7.82801288e-038 3.04482516e-028 1.72648206e-069
  5.99109368e-043 2.90553700e-069 4.24370400e-082 2.85491434e-069
  1.00000000e+000]
 [1.04483851e-042 6.47749258e-063 2.34495393e-042 2.18595467e-090
  6.37914007e-034 1.52188217e-064 3.48071860e-031 9.46219162e-055
  2.19174626e-025 1.40288494e-031 1.14887763e-028 5.62078927e-075
  1.00000000e+000 5.53297427e-050 4.95642976e-047 5.47467226e-071
  9.05748731e-051 7.31848415e-020 1.01062141e-037 5.96620201e-030
  1.00000000e+000]
 [3.95780068e-015 8.74526351e-122 1.52026307e-034 2.25795242e-077
  3.57719994e-027 6.51737558e-086 2.90245289e-078 4.10126506e-047
  7.89936650e-027 1.79752058e-016 1.97379932e-029 7.82801288e-038
  5.53297427e-050 1.00000000e+000 1.02998225e-036 2.69805741e-111
  4.69563044e-089 4.03217188e-075 2.68761049e-064 8.22694696e-017
  1.00000000e+000]
 [1.50440546e-046 1.57124006e-036 2.72373430e-047 2.04250388e-013
  2.47835344e-018 1.76130420e-026 2.01335805e-055 1.15422142e-021
  5.55621959e-008 1.37157021e-024 3.58950032e-026 3.04482516e-028
  4.95642976e-047 1.02998225e-036 1.00000000e+000 3.93060840e-052
  3.44336727e-026 1.55901215e-038 3.71934452e-022 3.21638642e-050
  1.00000000e+000]
 [3.20185368e-082 2.78605170e-025 1.86065090e-047 3.16011418e-037
  8.41122384e-049 9.24861275e-063 2.32582813e-049 1.86875129e-056
  3.66018023e-066 8.58365451e-074 5.13177017e-054 1.72648206e-069
  5.47467226e-071 2.69805741e-111 3.93060840e-052 1.00000000e+000
  1.64864244e-044 2.53967938e-081 9.78440294e-047 3.29930473e-085
  1.00000000e+000]
 [2.40651547e-094 1.55797052e-016 6.81369502e-084 6.73742046e-035
  4.48783234e-055 7.95543513e-004 1.23869381e-041 4.58880620e-073
  6.13867342e-025 3.75063412e-049 1.89989495e-056 5.99109368e-043
  9.05748731e-051 4.69563044e-089 3.44336727e-026 1.64864244e-044
  1.00000000e+000 3.02884039e-031 7.37186181e-055 1.11799480e-094
  1.00000000e+000]
 [8.95788216e-090 7.57247632e-044 1.62548533e-078 4.41511580e-073
  6.23419306e-060 1.06471477e-037 2.09885313e-065 5.41525583e-066
  8.22089078e-023 2.25007763e-056 2.43488161e-057 2.90553700e-069
  7.31848415e-020 4.03217188e-075 1.55901215e-038 2.53967938e-081
  3.02884039e-031 1.00000000e+000 2.34676021e-041 2.66319589e-073
  1.00000000e+000]
 [8.29833074e-055 1.31092237e-035 3.62808865e-040 1.05535309e-036
  1.08743682e-021 8.27769715e-069 1.24765406e-057 5.59747096e-008
  1.71899753e-028 2.07452675e-045 1.50182718e-023 4.24370400e-082
  1.01062141e-037 2.68761049e-064 3.71934452e-022 9.78440294e-047
  7.37186181e-055 2.34676021e-041 1.00000000e+000 1.19387888e-046
  1.00000000e+000]
 [1.48999015e-009 1.33943514e-105 3.19611579e-012 2.25767938e-091
  7.25251504e-022 7.96182229e-104 9.96521865e-052 1.62977675e-035
  1.43013363e-035 3.21374717e-016 3.22599638e-012 2.85491434e-069
  5.96620201e-030 8.22694696e-017 3.21638642e-050 3.29930473e-085
  1.11799480e-094 2.66319589e-073 1.19387888e-046 1.00000000e+000
  1.00000000e+000]
 [1.00000000e+000 1.00000000e+000 1.00000000e+000 1.00000000e+000
  1.00000000e+000 1.00000000e+000 1.00000000e+000 1.00000000e+000
  1.00000000e+000 1.00000000e+000 1.00000000e+000 1.00000000e+000
  1.00000000e+000 1.00000000e+000 1.00000000e+000 1.00000000e+000
  1.00000000e+000 1.00000000e+000 1.00000000e+000 1.00000000e+000
  0.00000000e+000]]
