[[1.00000000e+00 1.51065966e-33 1.82426218e-57 1.96335433e-55
  2.21429458e-56 4.67512576e-48 1.21836511e-46 2.32368286e-18
  2.74260621e-52 1.94549710e-19 1.19113455e-36 1.36328394e-26
  5.09022635e-53 1.08554492e-87 3.96049578e-26 1.38465019e-58
  2.33750618e-41 4.28476117e-40 4.87050701e-59 2.17597538e-65
  1.00000000e+00]
 [1.51065966e-33 1.00000000e+00 4.86746276e-27 4.08203145e-38
  1.59529383e-34 5.61751510e-40 2.92916430e-21 1.20500077e-19
  8.72624704e-29 6.49179455e-47 3.47107376e-47 8.71619869e-20
  1.07745257e-27 7.58869966e-53 2.23815304e-46 3.62870565e-33
  6.53137342e-17 4.20401789e-31 2.37026484e-59 2.62319434e-30
  1.00000000e+00]
 [1.82426218e-57 4.86746276e-27 1.00000000e+00 7.57616228e-33
  2.96355939e-47 1.05700526e-50 1.14517728e-28 1.63587427e-34
  1.47269004e-59 1.56642361e-59 7.91109272e-48 3.10471350e-41
  9.38006336e-39 3.88511519e-85 2.28644570e-59 9.68442585e-09
  5.69938480e-49 7.06846451e-68 1.05222409e-70 1.59837273e-13
  1.00000000e+00]
 [1.96335433e-55 4.08203145e-38 7.57616228e-33 1.00000000e+00
  1.92558015e-10 2.59260373e-45 1.87021875e-39 3.78000474e-37
  2.39507865e-30 5.99419721e-40 2.34847308e-22 1.20868471e-16
  1.99996867e-20 7.17538323e-73 1.05081984e-41 1.87684930e-22
  1.32716668e-25 1.81843018e-34 1.81119731e-31 1.80050040e-13
  1.00000000e+00]
 [2.21429458e-56 1.59529383e-34 2.96355939e-47 1.92558015e-10
  1.00000000e+00 2.75030067e-57 7.59410975e-42 5.46115013e-45
  1.75512891e-35 1.01299845e-61 6.36763756e-37 3.51608935e-20
  4.87388579e-05 5.07355357e-67 4.30695997e-50 3.90153598e-30
  4.44473393e-33 3.80623834e-19 2.36100747e-38 1.22365565e-34
  1.00000000e+00]
 [4.67512576e-48 5.61751510e-40 1.05700526e-50 2.59260373e-45
  2.75030067e-57 1.00000000e+00 1.35903789e-58 1.24430608e-16
  2.73609991e-73 1.17129387e-48 6.70483761e-49 1.04300241e-31
  1.21307747e-65 7.82872352e-33 4.27063807e-17 4.91085351e-69
  7.01048547e-46 4.25364335e-84 9.63815672e-13 9.58231633e-37
  1.00000000e+00]
 [1.21836511e-46 2.92916430e-21 1.14517728e-28 1.87021875e-39
  7.59410975e-42 1.35903789e-58 1.00000000e+00 1.41530120e-20
  3.29410112e-23 1.44735826e-45 1.59845743e-22 7.77478428e-48
  2.09311345e-34 8.43427097e-46 1.15710459e-78 5.35956797e-21
  1.23332956e-27 5.71945505e-30 4.96468306e-77 1.73733098e-32
  1.00000000e+00]
 [2.32368286e-18 1.20500077e-19 1.63587427e-34 3.78000474e-37
  5.46115013e-45 1.24430608e-16 1.41530120e-20 1.00000000e+00
  6.64050791e-37 1.83329537e-21 3.07806734e-20 3.80398921e-25
  3.14041681e-45 5.56165169e-34 1.32706485e-26 7.30114538e-41
  1.37288275e-24 2.92051703e-43 7.91559558e-34 5.69397022e-32
  1.00000000e+00]
 [2.74260621e-52 8.72624704e-29 1.47269004e-59 2.39507865e-30
  1.75512891e-35 2.73609991e-73 3.29410112e-23 6.64050791e-37
  1.00000000e+00 3.93549851e-32 8.91936341e-24 1.93071198e-31
  1.70911536e-41 1.89530227e-70 4.62422941e-78 2.28294235e-45
  2.16804027e-06 2.47097769e-17 2.25942146e-75 3.00974150e-38
  1.00000000e+00]
 [1.94549710e-19 6.49179455e-47 1.56642361e-59 5.99419721e-40
  1.01299845e-61 1.17129387e-48 1.44735826e-45 1.83329537e-21
  3.93549851e-32 1.00000000e+00 1.11618429e-16 8.37497639e-28
  3.31537345e-71 2.99295278e-91 3.63018105e-36 1.23452347e-58
  1.13651516e-25 5.24267234e-49 1.61091695e-55 9.69819947e-45
  1.00000000e+00]
 [1.19113455e-36 3.47107376e-47 7.91109272e-48 2.34847308e-22
  6.36763756e-37 6.70483761e-49 1.59845743e-22 3.07806734e-20
  8.91936341e-24 1.11618429e-16 1.00000000e+00 4.43378703e-36
  6.35522910e-45 4.55843409e-60 1.85901045e-52 2.81461693e-34
  1.84405925e-27 2.07834385e-33 5.85595479e-47 1.84146143e-32
  1.00000000e+00]
 [1.36328394e-26 8.71619869e-20 3.10471350e-41 1.20868471e-16
  3.51608935e-20 1.04300241e-31 7.77478428e-48 3.80398921e-25
  1.93071198e-31 8.37497639e-28 4.43378703e-36 1.00000000e+00
  3.55866644e-27 6.22804908e-73 3.55410598e-17 1.64879970e-42
  5.04253563e-16 2.98192871e-31 4.69628100e-28 2.41596122e-27
  1.00000000e+00]
 [5.09022635e-53 1.07745257e-27 9.38006336e-39 1.99996867e-20
  4.87388579e-05 1.21307747e-65 2.09311345e-34 3.14041681e-45
  1.70911536e-41 3.31537345e-71 6.35522910e-45 3.55866644e-27
  1.00000000e+00 9.22413479e-71 8.45746585e-59 1.27685391e-22
  1.90161112e-40 7.35202289e-18 9.78149354e-55 4.07864752e-40
  1.00000000e+00]
 [1.08554492e-87 7.58869966e-53 3.88511519e-85 7.17538323e-73
  5.07355357e-67 7.82872352e-33 8.43427097e-46 5.56165169e-34
  1.89530227e-70 2.99295278e-91 4.55843409e-60 6.22804908e-73
  9.22413479e-71 1.00000000e+00 1.39499340e-77 1.07236720e-88
  4.02852824e-58 7.01184035e-77 5.13270314e-46 1.88955542e-68
  1.00000000e+00]
 [3.96049578e-26 2.23815304e-46 2.28644570e-59 1.05081984e-41
  4.30695997e-50 4.27063807e-17 1.15710459e-78 1.32706485e-26
  4.62422941e-78 3.63018105e-36 1.85901045e-52 3.55410598e-17
  8.45746585e-59 1.39499340e-77 1.00000000e+00 5.43417545e-72
  1.09114214e-50 1.21557531e-72 1.19608283e-16 4.77753347e-50
  1.00000000e+00]
 [1.38465019e-58 3.62870565e-33 9.68442585e-09 1.87684930e-22
  3.90153598e-30 4.91085351e-69 5.35956797e-21 7.30114538e-41
  2.28294235e-45 1.23452347e-58 2.81461693e-34 1.64879970e-42
  1.27685391e-22 1.07236720e-88 5.43417545e-72 1.00000000e+00
  1.91063914e-46 3.21112895e-44 9.67814681e-76 1.66739013e-18
  1.00000000e+00]
 [2.33750618e-41 6.53137342e-17 5.69938480e-49 1.32716668e-25
  4.44473393e-33 7.01048547e-46 1.23332956e-27 1.37288275e-24
  2.16804027e-06 1.13651516e-25 1.84405925e-27 5.04253563e-16
  1.90161112e-40 4.02852824e-58 1.09114214e-50 1.91063914e-46
  1.00000000e+00 3.49098444e-25 3.67686709e-52 2.42425520e-27
  1.00000000e+00]
 [4.28476117e-40 4.20401789e-31 7.06846451e-68 1.81843018e-34
  3.80623834e-19 4.25364335e-84 5.71945505e-30 2.92051703e-43
  2.47097769e-17 5.24267234e-49 2.07834385e-33 2.98192871e-31
  7.35202289e-18 7.01184035e-77 1.21557531e-72 3.21112895e-44
  3.49098444e-25 1.00000000e+00 6.11849869e-75 4.35968509e-61
  1.00000000e+00]
 [4.87050701e-59 2.37026484e-59 1.05222409e-70 1.81119731e-31
  2.36100747e-38 9.63815672e-13 4.96468306e-77 7.91559558e-34
  2.25942146e-75 1.61091695e-55 5.85595479e-47 4.69628100e-28
  9.78149354e-55 5.13270314e-46 1.19608283e-16 9.67814681e-76
  3.67686709e-52 6.11849869e-75 1.00000000e+00 1.57118010e-44
  1.00000000e+00]
 [2.17597538e-65 2.62319434e-30 1.59837273e-13 1.80050040e-13
  1.22365565e-34 9.58231633e-37 1.73733098e-32 5.69397022e-32
  3.00974150e-38 9.69819947e-45 1.84146143e-32 2.41596122e-27
  4.07864752e-40 1.88955542e-68 4.77753347e-50 1.66739013e-18
  2.42425520e-27 4.35968509e-61 1.57118010e-44 1.00000000e+00
  1.00000000e+00]
 [1.00000000e+00 1.00000000e+00 1.00000000e+00 1.00000000e+00
  1.00000000e+00 1.00000000e+00 1.00000000e+00 1.00000000e+00
  1.00000000e+00 1.00000000e+00 1.00000000e+00 1.00000000e+00
  1.00000000e+00 1.00000000e+00 1.00000000e+00 1.00000000e+00
  1.00000000e+00 1.00000000e+00 1.00000000e+00 1.00000000e+00
  0.00000000e+00]]
