[[1.00000000e+000 3.98498003e-035 5.58755261e-047 1.63655432e-070
  6.11113818e-019 2.54651758e-074 1.64136829e-059 1.30703823e-055
  2.41224317e-011 4.24047712e-013 3.12808930e-045 4.73658949e-061
  3.31684114e-041 3.50358185e-030 1.75428054e-031 3.43197344e-079
  1.19260666e-047 1.77597468e-018 3.63480605e-055 2.91427140e-053
  1.00000000e+000]
 [3.98498003e-035 1.00000000e+000 7.88435823e-057 1.65012346e-059
  6.62150851e-022 1.94037564e-053 4.80751766e-037 2.80922476e-059
  1.10387041e-029 2.83959362e-042 5.14927623e-045 1.14929552e-023
  1.54164389e-014 4.82824075e-039 8.90585480e-055 2.41891863e-054
  2.95464911e-022 5.06707699e-039 3.14559604e-025 3.24938015e-060
  1.00000000e+000]
 [5.58755261e-047 7.88435823e-057 1.00000000e+000 3.98993111e-045
  6.73369529e-060 7.54763897e-021 3.71251724e-019 8.62202819e-039
  1.21007827e-062 1.71581370e-049 4.42745056e-050 5.47941600e-045
  2.61208178e-047 3.74182084e-012 4.75609423e-069 1.06453666e-039
  4.91201655e-060 3.23190615e-052 2.62131523e-071 2.38741668e-092
  1.00000000e+000]
 [1.63655432e-070 1.65012346e-059 3.98993111e-045 1.00000000e+000
  6.10760484e-040 1.86703295e-037 2.03643612e-047 7.66568451e-071
  5.78108013e-066 1.23992904e-070 1.58686037e-057 3.43479062e-066
  6.52236781e-054 5.02221860e-056 5.97046567e-071 5.78679971e-069
  2.31411241e-074 2.47253806e-059 1.17989960e-042 4.13056440e-047
  1.00000000e+000]
 [6.11113818e-019 6.62150851e-022 6.73369529e-060 6.10760484e-040
  1.00000000e+000 7.11350138e-058 1.03955388e-049 6.68398344e-043
  2.24269340e-026 2.49095769e-016 9.06697257e-027 1.67279937e-043
  1.94737151e-020 3.09655222e-054 2.02593772e-026 4.96437962e-059
  2.61828599e-031 5.23164641e-039 2.03435788e-022 2.85364391e-032
  1.00000000e+000]
 [2.54651758e-074 1.94037564e-053 7.54763897e-021 1.86703295e-037
  7.11350138e-058 1.00000000e+000 1.50491247e-025 2.87390452e-033
  1.35197835e-087 5.26882633e-064 1.30820428e-026 1.12156601e-046
  2.13922071e-043 6.37540943e-041 8.55667252e-074 2.78212249e-022
  1.07811237e-037 4.63853225e-086 5.91806042e-074 1.92090911e-074
  1.00000000e+000]
 [1.64136829e-059 4.80751766e-037 3.71251724e-019 2.03643612e-047
  1.03955388e-049 1.50491247e-025 1.00000000e+000 1.33999887e-038
  2.14041688e-072 9.18109575e-044 1.05596059e-053 9.57738366e-009
  7.26441902e-016 2.17266015e-033 6.69751425e-089 1.94503725e-038
  4.22599300e-056 1.60110057e-068 2.27360522e-043 3.06846192e-114
  1.00000000e+000]
 [1.30703823e-055 2.80922476e-059 8.62202819e-039 7.66568451e-071
  6.68398344e-043 2.87390452e-033 1.33999887e-038 1.00000000e+000
  2.96775643e-095 7.10289231e-036 9.55113351e-016 2.31597194e-047
  1.98527908e-036 1.99567293e-064 4.46693747e-034 3.20148216e-010
  7.59778958e-030 7.08399788e-105 2.58628901e-056 3.81232921e-082
  1.00000000e+000]
 [2.41224317e-011 1.10387041e-029 1.21007827e-062 5.78108013e-066
  2.24269340e-026 1.35197835e-087 2.14041688e-072 2.96775643e-095
  1.00000000e+000 2.34368841e-036 5.34634563e-070 8.82980970e-071
  1.51742566e-051 5.67995534e-031 5.18455891e-055 1.37392296e-109
  3.02272289e-061 1.43322187e-004 1.88068659e-058 6.45007235e-050
  1.00000000e+000]
 [4.24047712e-013 2.83959362e-042 1.71581370e-049 1.23992904e-070
  2.49095769e-016 5.26882633e-064 9.18109575e-044 7.10289231e-036
  2.34368841e-036 1.00000000e+000 1.85860387e-033 5.10590190e-043
  5.25041672e-025 1.09362529e-050 4.85994519e-042 4.75652554e-066
  1.56951958e-048 4.74087028e-048 8.20641306e-052 2.40987025e-073
  1.00000000e+000]
 [3.12808930e-045 5.14927623e-045 4.42745056e-050 1.58686037e-057
  9.06697257e-027 1.30820428e-026 1.05596059e-053 9.55113351e-016
  5.34634563e-070 1.85860387e-033 1.00000000e+000 5.95938909e-060
  3.83351023e-038 4.60724091e-063 2.19569410e-026 9.69331589e-022
  3.58819044e-013 6.04540997e-085 1.56854138e-061 2.43050614e-040
  1.00000000e+000]
 [4.73658949e-061 1.14929552e-023 5.47941600e-045 3.43479062e-066
  1.67279937e-043 1.12156601e-046 9.57738366e-009 2.31597194e-047
  8.82980970e-071 5.10590190e-043 5.95938909e-060 1.00000000e+000
  6.43853876e-006 6.87378428e-051 5.72326978e-092 8.05153971e-048
  1.75179000e-050 1.35653933e-074 3.14000262e-031 6.23311754e-121
  1.00000000e+000]
 [3.31684114e-041 1.54164389e-014 2.61208178e-047 6.52236781e-054
  1.94737151e-020 2.13922071e-043 7.26441902e-016 1.98527908e-036
  1.51742566e-051 5.25041672e-025 3.83351023e-038 6.43853876e-006
  1.00000000e+000 3.29783814e-050 4.71715092e-063 1.22652729e-042
  2.73707164e-033 8.07402826e-061 4.63066616e-021 6.45569348e-085
  1.00000000e+000]
 [3.50358185e-030 4.82824075e-039 3.74182084e-012 5.02221860e-056
  3.09655222e-054 6.37540943e-041 2.17266015e-033 1.99567293e-064
  5.67995534e-031 1.09362529e-050 4.60724091e-063 6.87378428e-051
  3.29783814e-050 1.00000000e+000 3.12691421e-067 1.66212260e-063
  5.41400393e-057 6.93874426e-022 4.11195820e-070 3.03603541e-080
  1.00000000e+000]
 [1.75428054e-031 8.90585480e-055 4.75609423e-069 5.97046567e-071
  2.02593772e-026 8.55667252e-074 6.69751425e-089 4.46693747e-034
  5.18455891e-055 4.85994519e-042 2.19569410e-026 5.72326978e-092
  4.71715092e-063 3.12691421e-067 1.00000000e+000 1.02879602e-047
  6.12509487e-031 4.50802113e-068 5.67126766e-052 1.69458176e-028
  1.00000000e+000]
 [3.43197344e-079 2.41891863e-054 1.06453666e-039 5.78679971e-069
  4.96437962e-059 2.78212249e-022 1.94503725e-038 3.20148216e-010
  1.37392296e-109 4.75652554e-066 9.69331589e-022 8.05153971e-048
  1.22652729e-042 1.66212260e-063 1.02879602e-047 1.00000000e+000
  4.92122377e-023 3.54657046e-116 2.62283754e-059 2.14093151e-084
  1.00000000e+000]
 [1.19260666e-047 2.95464911e-022 4.91201655e-060 2.31411241e-074
  2.61828599e-031 1.07811237e-037 4.22599300e-056 7.59778958e-030
  3.02272289e-061 1.56951958e-048 3.58819044e-013 1.75179000e-050
  2.73707164e-033 5.41400393e-057 6.12509487e-031 4.92122377e-023
  1.00000000e+000 1.60564944e-077 1.12976684e-051 1.17426384e-045
  1.00000000e+000]
 [1.77597468e-018 5.06707699e-039 3.23190615e-052 2.47253806e-059
  5.23164641e-039 4.63853225e-086 1.60110057e-068 7.08399788e-105
  1.43322187e-004 4.74087028e-048 6.04540997e-085 1.35653933e-074
  8.07402826e-061 6.93874426e-022 4.50802113e-068 3.54657046e-116
  1.60564944e-077 1.00000000e+000 1.36087164e-064 5.85871962e-061
  1.00000000e+000]
 [3.63480605e-055 3.14559604e-025 2.62131523e-071 1.17989960e-042
  2.03435788e-022 5.91806042e-074 2.27360522e-043 2.58628901e-056
  1.88068659e-058 8.20641306e-052 1.56854138e-061 3.14000262e-031
  4.63066616e-021 4.11195820e-070 5.67126766e-052 2.62283754e-059
  1.12976684e-051 1.36087164e-064 1.00000000e+000 2.52665056e-069
  1.00000000e+000]
 [2.91427140e-053 3.24938015e-060 2.38741668e-092 4.13056440e-047
  2.85364391e-032 1.92090911e-074 3.06846192e-114 3.81232921e-082
  6.45007235e-050 2.40987025e-073 2.43050614e-040 6.23311754e-121
  6.45569348e-085 3.03603541e-080 1.69458176e-028 2.14093151e-084
  1.17426384e-045 5.85871962e-061 2.52665056e-069 1.00000000e+000
  1.00000000e+000]
 [1.00000000e+000 1.00000000e+000 1.00000000e+000 1.00000000e+000
  1.00000000e+000 1.00000000e+000 1.00000000e+000 1.00000000e+000
  1.00000000e+000 1.00000000e+000 1.00000000e+000 1.00000000e+000
  1.00000000e+000 1.00000000e+000 1.00000000e+000 1.00000000e+000
  1.00000000e+000 1.00000000e+000 1.00000000e+000 1.00000000e+000
  0.00000000e+000]]
