[[1.00000000e+00 1.65986901e-22 2.63374954e-87 4.98753539e-52
  1.83227777e-13 8.05755078e-37 9.13721505e-56 2.14867407e-63
  1.15304297e-79 3.04037561e-28 1.00436859e-73 2.84470733e-51
  9.74486467e-21 3.31427745e-49 9.43407742e-62 1.22304965e-76
  6.13774225e-28 3.09722388e-72 2.44251541e-72 1.53649593e-53
  1.00000000e+00]
 [1.65986901e-22 1.00000000e+00 1.40969770e-39 4.72283895e-65
  2.45707918e-42 3.60081291e-31 3.80657810e-20 1.23841481e-49
  5.46357320e-55 2.77131178e-40 2.01493711e-43 5.02308652e-45
  3.05399982e-29 1.25902637e-43 3.43893050e-28 1.59013823e-53
  2.37377264e-40 4.45721300e-44 3.31988127e-48 1.19716418e-47
  1.00000000e+00]
 [2.63374954e-87 1.40969770e-39 1.00000000e+00 4.35209903e-68
  3.40153464e-81 1.42621229e-73 1.17048652e-16 5.08632889e-37
  2.47246437e-58 8.66517880e-89 2.46508067e-11 2.05951910e-21
  1.19227940e-59 1.89625707e-73 1.57273474e-62 4.51526092e-40
  1.01907658e-59 1.82218383e-28 3.38440511e-53 1.38665655e-56
  1.00000000e+00]
 [4.98753539e-52 4.72283895e-65 4.35209903e-68 1.00000000e+00
  1.23921611e-28 1.16218874e-28 9.33230864e-41 1.53890239e-15
  3.38821728e-27 1.89948680e-20 4.71658328e-41 4.69245168e-34
  1.10492824e-38 1.90188022e-26 5.86685979e-65 2.26215623e-42
  1.14664889e-45 3.71033455e-36 2.29684210e-24 5.19585823e-23
  1.00000000e+00]
 [1.83227777e-13 2.45707918e-42 3.40153464e-81 1.23921611e-28
  1.00000000e+00 1.45764116e-47 5.07865911e-52 1.17624988e-53
  3.34486396e-64 1.13683112e-24 1.32271135e-56 7.91353431e-36
  2.50564812e-14 1.18629768e-50 8.27253798e-81 6.20561086e-55
  1.82559885e-19 1.65739661e-52 5.37849973e-65 1.31219423e-52
  1.00000000e+00]
 [8.05755078e-37 3.60081291e-31 1.42621229e-73 1.16218874e-28
  1.45764116e-47 1.00000000e+00 4.84727875e-34 5.53783478e-23
  5.51039493e-25 6.96617485e-14 1.19374198e-62 9.87392983e-64
  6.11668050e-42 6.98476711e-11 6.04725143e-25 1.28732926e-60
  2.35466863e-63 1.18571741e-45 1.65129953e-14 3.57096362e-22
  1.00000000e+00]
 [9.13721505e-56 3.80657810e-20 1.17048652e-16 9.33230864e-41
  5.07865911e-52 4.84727875e-34 1.00000000e+00 1.32716697e-26
  1.89852799e-20 4.72436116e-41 2.79525928e-15 4.30101640e-32
  6.52465248e-42 3.25659708e-40 2.22989451e-28 2.43994387e-27
  9.26806466e-52 1.09764460e-17 7.98891495e-23 4.91587245e-39
  1.00000000e+00]
 [2.14867407e-63 1.23841481e-49 5.08632889e-37 1.53890239e-15
  1.17624988e-53 5.53783478e-23 1.32716697e-26 1.00000000e+00
  2.36968559e-24 6.26500235e-40 2.91613883e-32 7.73205550e-27
  3.46028119e-47 2.81789987e-27 1.77766822e-53 1.23210317e-48
  1.01916551e-60 2.09977510e-27 4.04616337e-15 3.25047296e-21
  1.00000000e+00]
 [1.15304297e-79 5.46357320e-55 2.47246437e-58 3.38821728e-27
  3.34486396e-64 5.51039493e-25 1.89852799e-20 2.36968559e-24
  1.00000000e+00 2.25096373e-30 1.76540164e-45 9.10346062e-66
  4.31740987e-58 7.80312048e-30 9.67357100e-43 1.01233701e-40
  1.10500534e-84 1.31629464e-21 7.10572340e-07 1.27639098e-43
  1.00000000e+00]
 [3.04037561e-28 2.77131178e-40 8.66517880e-89 1.89948680e-20
  1.13683112e-24 6.96617485e-14 4.72436116e-41 6.26500235e-40
  2.25096373e-30 1.00000000e+00 1.62337545e-58 4.86853691e-63
  1.35278872e-27 2.46012438e-12 1.71079968e-33 1.42181527e-41
  1.75425934e-39 1.34268857e-44 2.63135969e-25 3.12911159e-24
  1.00000000e+00]
 [1.00436859e-73 2.01493711e-43 2.46508067e-11 4.71658328e-41
  1.32271135e-56 1.19374198e-62 2.79525928e-15 2.91613883e-32
  1.76540164e-45 1.62337545e-58 1.00000000e+00 6.14260444e-16
  1.20800992e-43 5.77670804e-51 6.97145810e-50 2.09682280e-14
  1.22515360e-34 7.12816154e-21 7.18515220e-41 7.68669326e-34
  1.00000000e+00]
 [2.84470733e-51 5.02308652e-45 2.05951910e-21 4.69245168e-34
  7.91353431e-36 9.87392983e-64 4.30101640e-32 7.73205550e-27
  9.10346062e-66 4.86853691e-63 6.14260444e-16 1.00000000e+00
  6.56873005e-34 5.98470856e-62 4.20015092e-80 5.55236393e-42
  8.98582987e-27 1.03110773e-35 1.25529802e-58 1.72768812e-40
  1.00000000e+00]
 [9.74486467e-21 3.05399982e-29 1.19227940e-59 1.10492824e-38
  2.50564812e-14 6.11668050e-42 6.52465248e-42 3.46028119e-47
  4.31740987e-58 1.35278872e-27 1.20800992e-43 6.56873005e-34
  1.00000000e+00 1.16689502e-33 7.25564793e-64 6.76779053e-34
  1.72052149e-12 3.15572025e-28 2.36218533e-49 1.15685942e-41
  1.00000000e+00]
 [3.31427745e-49 1.25902637e-43 1.89625707e-73 1.90188022e-26
  1.18629768e-50 6.98476711e-11 3.25659708e-40 2.81789987e-27
  7.80312048e-30 2.46012438e-12 5.77670804e-51 5.98470856e-62
  1.16689502e-33 1.00000000e+00 1.49719957e-24 2.69714538e-35
  7.54871860e-47 3.25665135e-35 1.00763989e-12 6.52115813e-10
  1.00000000e+00]
 [9.43407742e-62 3.43893050e-28 1.57273474e-62 5.86685979e-65
  8.27253798e-81 6.04725143e-25 2.22989451e-28 1.77766822e-53
  9.67357100e-43 1.71079968e-33 6.97145810e-50 4.20015092e-80
  7.25564793e-64 1.49719957e-24 1.00000000e+00 2.52279100e-45
  2.14253329e-67 4.93368621e-56 4.40465786e-30 5.71123610e-28
  1.00000000e+00]
 [1.22304965e-76 1.59013823e-53 4.51526092e-40 2.26215623e-42
  6.20561086e-55 1.28732926e-60 2.43994387e-27 1.23210317e-48
  1.01233701e-40 1.42181527e-41 2.09682280e-14 5.55236393e-42
  6.76779053e-34 2.69714538e-35 2.52279100e-45 1.00000000e+00
  5.52474107e-31 3.36565316e-16 3.53770366e-35 3.68829007e-33
  1.00000000e+00]
 [6.13774225e-28 2.37377264e-40 1.01907658e-59 1.14664889e-45
  1.82559885e-19 2.35466863e-63 9.26806466e-52 1.01916551e-60
  1.10500534e-84 1.75425934e-39 1.22515360e-34 8.98582987e-27
  1.72052149e-12 7.54871860e-47 2.14253329e-67 5.52474107e-31
  1.00000000e+00 1.15623707e-47 1.41178078e-71 2.47422276e-37
  1.00000000e+00]
 [3.09722388e-72 4.45721300e-44 1.82218383e-28 3.71033455e-36
  1.65739661e-52 1.18571741e-45 1.09764460e-17 2.09977510e-27
  1.31629464e-21 1.34268857e-44 7.12816154e-21 1.03110773e-35
  3.15572025e-28 3.25665135e-35 4.93368621e-56 3.36565316e-16
  1.15623707e-47 1.00000000e+00 2.23135079e-20 6.76655873e-43
  1.00000000e+00]
 [2.44251541e-72 3.31988127e-48 3.38440511e-53 2.29684210e-24
  5.37849973e-65 1.65129953e-14 7.98891495e-23 4.04616337e-15
  7.10572340e-07 2.63135969e-25 7.18515220e-41 1.25529802e-58
  2.36218533e-49 1.00763989e-12 4.40465786e-30 3.53770366e-35
  1.41178078e-71 2.23135079e-20 1.00000000e+00 8.04859432e-23
  1.00000000e+00]
 [1.53649593e-53 1.19716418e-47 1.38665655e-56 5.19585823e-23
  1.31219423e-52 3.57096362e-22 4.91587245e-39 3.25047296e-21
  1.27639098e-43 3.12911159e-24 7.68669326e-34 1.72768812e-40
  1.15685942e-41 6.52115813e-10 5.71123610e-28 3.68829007e-33
  2.47422276e-37 6.76655873e-43 8.04859432e-23 1.00000000e+00
  1.00000000e+00]
 [1.00000000e+00 1.00000000e+00 1.00000000e+00 1.00000000e+00
  1.00000000e+00 1.00000000e+00 1.00000000e+00 1.00000000e+00
  1.00000000e+00 1.00000000e+00 1.00000000e+00 1.00000000e+00
  1.00000000e+00 1.00000000e+00 1.00000000e+00 1.00000000e+00
  1.00000000e+00 1.00000000e+00 1.00000000e+00 1.00000000e+00
  0.00000000e+00]]
