[[1.00000000e+00 2.23910689e-60 4.93212438e-40 6.19721282e-30
  2.95223609e-48 3.52451470e-34 7.95991525e-51 4.05940544e-32
  1.22243493e-71 1.13682687e-20 5.49784897e-85 1.25325430e-38
  3.79264492e-32 7.06538742e-22 3.11563497e-64 4.13004961e-72
  6.21171759e-50 7.11213870e-49 1.07120252e-23 5.20583026e-36
  1.00000000e+00]
 [2.23910689e-60 1.00000000e+00 1.18724093e-66 1.01349464e-43
  2.85099997e-28 8.82726646e-67 5.64108972e-22 1.25435528e-34
  6.50023025e-22 1.61619009e-23 1.81567733e-42 1.09980378e-38
  2.49333393e-54 2.18353255e-24 8.83802714e-09 3.35786921e-35
  1.45308959e-27 8.22092709e-51 1.12168077e-52 9.59489320e-60
  1.00000000e+00]
 [4.93212438e-40 1.18724093e-66 1.00000000e+00 1.74217714e-27
  2.30175657e-40 1.04926740e-57 3.08355214e-32 1.40537564e-17
  2.63711877e-49 1.37150197e-28 1.98082221e-36 2.59625881e-49
  1.40298691e-30 3.69850679e-36 5.21329213e-52 1.85625066e-52
  8.50127581e-56 3.44519606e-29 6.18619411e-41 3.72794964e-28
  1.00000000e+00]
 [6.19721282e-30 1.01349464e-43 1.74217714e-27 1.00000000e+00
  2.68559570e-43 1.42770674e-52 9.30723426e-19 2.96755696e-21
  1.88098882e-70 8.98206618e-37 3.30868537e-51 5.06122880e-54
  5.18632336e-49 2.08090079e-07 2.22681558e-40 1.45527980e-42
  4.98684492e-52 1.62687773e-20 3.12997848e-34 4.92671748e-33
  1.00000000e+00]
 [2.95223609e-48 2.85099997e-28 2.30175657e-40 2.68559570e-43
  1.00000000e+00 3.15817734e-91 4.18491956e-34 5.16076411e-27
  1.33486187e-34 1.59260685e-23 9.19702077e-57 2.23556840e-72
  3.57389599e-42 3.67621386e-37 2.79491434e-12 3.30832033e-56
  4.69001400e-46 1.47464422e-45 1.02956710e-77 3.91025567e-45
  1.00000000e+00]
 [3.52451470e-34 8.82726646e-67 1.04926740e-57 1.42770674e-52
  3.15817734e-91 1.00000000e+00 6.75277612e-40 6.55168927e-60
  9.17766920e-57 3.62946457e-34 1.84160132e-95 9.40672847e-23
  7.94561869e-69 3.41525889e-32 1.90524575e-78 4.40606239e-72
  4.75762022e-79 2.29501884e-75 9.83919161e-26 1.00585172e-65
  1.00000000e+00]
 [7.95991525e-51 5.64108972e-22 3.08355214e-32 9.30723426e-19
  4.18491956e-34 6.75277612e-40 1.00000000e+00 9.16080998e-26
  2.56973811e-29 9.54954662e-28 2.05658626e-42 3.75716550e-42
  9.31723987e-57 1.02293297e-12 2.99660966e-17 3.24872095e-28
  3.18793401e-52 1.38727079e-35 2.86431500e-46 6.43366688e-42
  1.00000000e+00]
 [4.05940544e-32 1.25435528e-34 1.40537564e-17 2.96755696e-21
  5.16076411e-27 6.55168927e-60 9.16080998e-26 1.00000000e+00
  1.29180573e-41 5.40494504e-21 2.53225688e-19 1.45462493e-37
  9.66430191e-10 3.35315163e-24 1.34664089e-34 3.43918480e-17
  4.94511534e-17 5.65026795e-42 3.72231183e-33 4.99075447e-07
  1.00000000e+00]
 [1.22243493e-71 6.50023025e-22 2.63711877e-49 1.88098882e-70
  1.33486187e-34 9.17766920e-57 2.56973811e-29 1.29180573e-41
  1.00000000e+00 8.18068836e-18 7.79221897e-42 3.29522378e-31
  9.73703786e-52 6.09521114e-48 5.71503108e-21 1.41700352e-49
  1.18103189e-43 4.34337406e-63 1.14150323e-58 3.64755718e-66
  1.00000000e+00]
 [1.13682687e-20 1.61619009e-23 1.37150197e-28 8.98206618e-37
  1.59260685e-23 3.62946457e-34 9.54954662e-28 5.40494504e-21
  8.18068836e-18 1.00000000e+00 4.28249220e-44 7.10160793e-17
  8.24217229e-24 8.52112032e-21 1.86475450e-25 1.35456970e-48
  8.09931594e-27 3.27749239e-36 1.39559343e-23 3.65280391e-38
  1.00000000e+00]
 [5.49784897e-85 1.81567733e-42 1.98082221e-36 3.30868537e-51
  9.19702077e-57 1.84160132e-95 2.05658626e-42 2.53225688e-19
  7.79221897e-42 4.28249220e-44 1.00000000e+00 6.88359794e-45
  2.21400078e-31 2.64312018e-54 7.38859701e-48 2.57270345e-23
  1.28186535e-21 9.02607402e-55 2.10939861e-50 9.46510027e-38
  1.00000000e+00]
 [1.25325430e-38 1.09980378e-38 2.59625881e-49 5.06122880e-54
  2.23556840e-72 9.40672847e-23 3.75716550e-42 1.45462493e-37
  3.29522378e-31 7.10160793e-17 6.88359794e-45 1.00000000e+00
  2.12120672e-36 2.87699447e-33 1.24611942e-58 6.82354573e-50
  5.98885926e-30 1.40146534e-58 1.30616149e-09 1.07462943e-53
  1.00000000e+00]
 [3.79264492e-32 2.49333393e-54 1.40298691e-30 5.18632336e-49
  3.57389599e-42 7.94561869e-69 9.31723987e-57 9.66430191e-10
  9.73703786e-52 8.24217229e-24 2.21400078e-31 2.12120672e-36
  1.00000000e+00 3.13589891e-47 1.05858330e-60 4.91025469e-34
  1.69798221e-14 1.65208659e-68 8.98365644e-35 1.73211779e-11
  1.00000000e+00]
 [7.06538742e-22 2.18353255e-24 3.69850679e-36 2.08090079e-07
  3.67621386e-37 3.41525889e-32 1.02293297e-12 3.35315163e-24
  6.09521114e-48 8.52112032e-21 2.64312018e-54 2.87699447e-33
  3.13589891e-47 1.00000000e+00 1.23377193e-27 4.77143318e-41
  2.22939900e-42 4.34794822e-24 4.39075348e-24 2.56311990e-39
  1.00000000e+00]
 [3.11563497e-64 8.83802714e-09 5.21329213e-52 2.22681558e-40
  2.79491434e-12 1.90524575e-78 2.99660966e-17 1.34664089e-34
  5.71503108e-21 1.86475450e-25 7.38859701e-48 1.24611942e-58
  1.05858330e-60 1.23377193e-27 1.00000000e+00 2.41394826e-45
  1.85080290e-45 1.36722019e-40 4.23465798e-71 6.32454691e-61
  1.00000000e+00]
 [4.13004961e-72 3.35786921e-35 1.85625066e-52 1.45527980e-42
  3.30832033e-56 4.40606239e-72 3.24872095e-28 3.43918480e-17
  1.41700352e-49 1.35456970e-48 2.57270345e-23 6.82354573e-50
  4.91025469e-34 4.77143318e-41 2.41394826e-45 1.00000000e+00
  9.85256993e-26 1.32565757e-83 1.15576121e-56 9.03553701e-20
  1.00000000e+00]
 [6.21171759e-50 1.45308959e-27 8.50127581e-56 4.98684492e-52
  4.69001400e-46 4.75762022e-79 3.18793401e-52 4.94511534e-17
  1.18103189e-43 8.09931594e-27 1.28186535e-21 5.98885926e-30
  1.69798221e-14 2.22939900e-42 1.85080290e-45 9.85256993e-26
  1.00000000e+00 4.31393407e-67 1.27351403e-34 1.07194008e-29
  1.00000000e+00]
 [7.11213870e-49 8.22092709e-51 3.44519606e-29 1.62687773e-20
  1.47464422e-45 2.29501884e-75 1.38727079e-35 5.65026795e-42
  4.34337406e-63 3.27749239e-36 9.02607402e-55 1.40146534e-58
  1.65208659e-68 4.34794822e-24 1.36722019e-40 1.32565757e-83
  4.31393407e-67 1.00000000e+00 1.79530626e-42 9.02781956e-73
  1.00000000e+00]
 [1.07120252e-23 1.12168077e-52 6.18619411e-41 3.12997848e-34
  1.02956710e-77 9.83919161e-26 2.86431500e-46 3.72231183e-33
  1.14150323e-58 1.39559343e-23 2.10939861e-50 1.30616149e-09
  8.98365644e-35 4.39075348e-24 4.23465798e-71 1.15576121e-56
  1.27351403e-34 1.79530626e-42 1.00000000e+00 3.96302919e-46
  1.00000000e+00]
 [5.20583026e-36 9.59489320e-60 3.72794964e-28 4.92671748e-33
  3.91025567e-45 1.00585172e-65 6.43366688e-42 4.99075447e-07
  3.64755718e-66 3.65280391e-38 9.46510027e-38 1.07462943e-53
  1.73211779e-11 2.56311990e-39 6.32454691e-61 9.03553701e-20
  1.07194008e-29 9.02781956e-73 3.96302919e-46 1.00000000e+00
  1.00000000e+00]
 [1.00000000e+00 1.00000000e+00 1.00000000e+00 1.00000000e+00
  1.00000000e+00 1.00000000e+00 1.00000000e+00 1.00000000e+00
  1.00000000e+00 1.00000000e+00 1.00000000e+00 1.00000000e+00
  1.00000000e+00 1.00000000e+00 1.00000000e+00 1.00000000e+00
  1.00000000e+00 1.00000000e+00 1.00000000e+00 1.00000000e+00
  0.00000000e+00]]
