[[1.00000000e+00 1.08643110e-67 2.68260967e-58 ... 6.59330087e-26
  9.11500966e-29 1.00000000e+00]
 [1.08643110e-67 1.00000000e+00 7.57809603e-13 ... 2.09838213e-34
  7.85139184e-44 1.00000000e+00]
 [2.68260967e-58 7.57809603e-13 1.00000000e+00 ... 4.82059884e-33
  1.53628563e-66 1.00000000e+00]
 ...
 [6.59330087e-26 2.09838213e-34 4.82059884e-33 ... 1.00000000e+00
  9.19036950e-41 1.00000000e+00]
 [9.11500966e-29 7.85139184e-44 1.53628563e-66 ... 9.19036950e-41
  1.00000000e+00 1.00000000e+00]
 [1.00000000e+00 1.00000000e+00 1.00000000e+00 ... 1.00000000e+00
  1.00000000e+00 0.00000000e+00]]
