[[1.00000000e+000 2.69607731e-065 2.08250320e-019 ... 1.01144617e-042
  5.04224306e-084 1.00000000e+000]
 [2.69607731e-065 1.00000000e+000 3.05907691e-052 ... 1.01452221e-056
  4.47548345e-055 1.00000000e+000]
 [2.08250320e-019 3.05907691e-052 1.00000000e+000 ... 7.68171391e-032
  1.04142897e-100 1.00000000e+000]
 ...
 [1.01144617e-042 1.01452221e-056 7.68171391e-032 ... 1.00000000e+000
  2.86746431e-066 1.00000000e+000]
 [5.04224306e-084 4.47548345e-055 1.04142897e-100 ... 2.86746431e-066
  1.00000000e+000 1.00000000e+000]
 [1.00000000e+000 1.00000000e+000 1.00000000e+000 ... 1.00000000e+000
  1.00000000e+000 0.00000000e+000]]
