[[1.00000000e+00 2.32319019e-91 1.88720535e-47 ... 7.39927100e-75
  4.06525348e-75 1.00000000e+00]
 [2.32319019e-91 1.00000000e+00 4.73029925e-25 ... 5.36307967e-37
  4.04981482e-56 1.00000000e+00]
 [1.88720535e-47 4.73029925e-25 1.00000000e+00 ... 6.06604783e-33
  3.20120749e-71 1.00000000e+00]
 ...
 [7.39927100e-75 5.36307967e-37 6.06604783e-33 ... 1.00000000e+00
  1.24138678e-35 1.00000000e+00]
 [4.06525348e-75 4.04981482e-56 3.20120749e-71 ... 1.24138678e-35
  1.00000000e+00 1.00000000e+00]
 [1.00000000e+00 1.00000000e+00 1.00000000e+00 ... 1.00000000e+00
  1.00000000e+00 0.00000000e+00]]
