[[1.00000000e+00 4.75747961e-28 2.56141841e-11 5.96882811e-47
  9.56304546e-70 3.13012087e-21 2.97037022e-18 3.61327506e-15
  1.25855885e-38 1.26869394e-48 9.76668129e-38 1.13231961e-51
  2.74981369e-52 1.55631006e-71 5.72728825e-53 3.32375646e-15
  1.33932851e-43 1.89142577e-74 9.34438982e-57 1.48678578e-23
  1.00000000e+00]
 [4.75747961e-28 1.00000000e+00 1.81411498e-34 1.11825753e-26
  3.50916149e-48 5.01459464e-19 5.64321369e-30 3.20584679e-25
  3.91101105e-14 3.72979101e-35 4.19471390e-27 1.64272002e-23
  1.07081492e-38 6.32379387e-62 6.90906550e-13 5.20727318e-16
  4.32692034e-37 2.11088426e-19 5.89254296e-42 1.02068482e-35
  1.00000000e+00]
 [2.56141841e-11 1.81411498e-34 1.00000000e+00 1.26646461e-28
  2.04375294e-37 5.18035773e-40 1.26447970e-26 1.29147779e-16
  9.86217109e-35 4.32498619e-29 1.86386240e-40 1.02015673e-45
  9.15845261e-37 2.88424712e-49 3.45460191e-40 1.71572032e-14
  3.14474690e-35 1.66770648e-68 2.20384286e-32 9.55515354e-29
  1.00000000e+00]
 [5.96882811e-47 1.11825753e-26 1.26646461e-28 1.00000000e+00
  1.09336942e-33 4.76221906e-73 1.15746242e-40 4.01566302e-34
  1.16496329e-17 4.78987056e-04 9.27321189e-25 1.10925509e-45
  1.07176876e-41 2.53784830e-49 1.04089397e-09 8.14498910e-37
  6.36033322e-36 6.60687036e-22 1.73933330e-13 1.02926613e-60
  1.00000000e+00]
 [9.56304546e-70 3.50916149e-48 2.04375294e-37 1.09336942e-33
  1.00000000e+00 1.05398357e-69 4.50549621e-64 4.79444413e-66
  9.51843541e-53 2.76970265e-30 2.61320569e-58 3.00046550e-23
  7.53668536e-28 4.44856674e-18 2.02067137e-32 1.06278932e-48
  2.04031949e-57 4.58244141e-50 4.51735684e-39 5.47090972e-56
  1.00000000e+00]
 [3.13012087e-21 5.01459464e-19 5.18035773e-40 4.76221906e-73
  1.05398357e-69 1.00000000e+00 6.58727271e-33 7.22467913e-36
  3.40912371e-47 5.13813175e-78 6.55855982e-53 3.45305788e-30
  1.28816791e-50 1.27370024e-75 1.92288701e-54 4.56011225e-20
  3.71860159e-57 4.05787164e-67 1.44039949e-83 1.80976628e-22
  1.00000000e+00]
 [2.97037022e-18 5.64321369e-30 1.26447970e-26 1.15746242e-40
  4.50549621e-64 6.58727271e-33 1.00000000e+00 2.57921227e-29
  4.09236969e-31 1.78613928e-36 5.27884644e-14 2.13243409e-37
  6.34085263e-34 3.26168047e-69 2.62759942e-43 1.47705234e-28
  2.79626134e-22 1.14279071e-64 3.15365520e-38 2.71127275e-12
  1.00000000e+00]
 [3.61327506e-15 3.20584679e-25 1.29147779e-16 4.01566302e-34
  4.79444413e-66 7.22467913e-36 2.57921227e-29 1.00000000e+00
  2.28218401e-35 1.05714835e-45 2.12140483e-51 3.20080949e-65
  2.43544357e-65 9.48921641e-78 2.71604221e-39 7.95600771e-15
  1.70819748e-43 2.01741027e-55 1.66367564e-41 2.05372287e-27
  1.00000000e+00]
 [1.25855885e-38 3.91101105e-14 9.86217109e-35 1.16496329e-17
  9.51843541e-53 3.40912371e-47 4.09236969e-31 2.28218401e-35
  1.00000000e+00 4.42627327e-24 3.06858107e-18 1.00837840e-33
  6.55444223e-25 3.56509572e-86 1.61609777e-08 1.93017243e-18
  5.46400310e-14 6.97172661e-34 8.25935571e-17 1.86222877e-50
  1.00000000e+00]
 [1.26869394e-48 3.72979101e-35 4.32498619e-29 4.78987056e-04
  2.76970265e-30 5.13813175e-78 1.78613928e-36 1.05714835e-45
  4.42627327e-24 1.00000000e+00 1.96914299e-18 2.11986708e-41
  4.97051108e-36 7.34701393e-40 5.01204622e-17 1.54425323e-45
  5.25593808e-37 9.81814573e-31 2.77276174e-16 3.75590241e-60
  1.00000000e+00]
 [9.76668129e-38 4.19471390e-27 1.86386240e-40 9.27321189e-25
  2.61320569e-58 6.55855982e-53 5.27884644e-14 2.12140483e-51
  3.06858107e-18 1.96914299e-18 1.00000000e+00 3.20272661e-31
  2.44924010e-28 2.25463369e-66 3.15077690e-26 8.45675819e-42
  7.67276296e-24 7.78216866e-43 2.45917505e-30 1.48621913e-42
  1.00000000e+00]
 [1.13231961e-51 1.64272002e-23 1.02015673e-45 1.10925509e-45
  3.00046550e-23 3.45305788e-30 2.13243409e-37 3.20080949e-65
  1.00837840e-33 2.11986708e-41 3.20272661e-31 1.00000000e+00
  1.10039643e-13 5.13424421e-39 9.84669203e-28 3.43518123e-35
  1.49513248e-39 1.17091986e-43 9.48896950e-50 7.29778449e-36
  1.00000000e+00]
 [2.74981369e-52 1.07081492e-38 9.15845261e-37 1.07176876e-41
  7.53668536e-28 1.28816791e-50 6.34085263e-34 2.43544357e-65
  6.55444223e-25 4.97051108e-36 2.44924010e-28 1.10039643e-13
  1.00000000e+00 6.86651522e-63 3.46057281e-30 2.59429613e-30
  3.08884746e-15 1.03588331e-68 2.64624629e-26 3.07670538e-39
  1.00000000e+00]
 [1.55631006e-71 6.32379387e-62 2.88424712e-49 2.53784830e-49
  4.44856674e-18 1.27370024e-75 3.26168047e-69 9.48921641e-78
  3.56509572e-86 7.34701393e-40 2.25463369e-66 5.13424421e-39
  6.86651522e-63 1.00000000e+00 1.97719004e-59 2.53409082e-77
  2.33186795e-99 1.57197589e-55 4.54801932e-77 5.13718061e-64
  1.00000000e+00]
 [5.72728825e-53 6.90906550e-13 3.45460191e-40 1.04089397e-09
  2.02067137e-32 1.92288701e-54 2.62759942e-43 2.71604221e-39
  1.61609777e-08 5.01204622e-17 3.15077690e-26 9.84669203e-28
  3.46057281e-30 1.97719004e-59 1.00000000e+00 4.79653854e-28
  5.15241645e-29 2.08008760e-13 9.24423987e-18 5.53887823e-56
  1.00000000e+00]
 [3.32375646e-15 5.20727318e-16 1.71572032e-14 8.14498910e-37
  1.06278932e-48 4.56011225e-20 1.47705234e-28 7.95600771e-15
  1.93017243e-18 1.54425323e-45 8.45675819e-42 3.43518123e-35
  2.59429613e-30 2.53409082e-77 4.79653854e-28 1.00000000e+00
  1.55589912e-23 5.59396632e-58 3.70577413e-34 1.03163703e-25
  1.00000000e+00]
 [1.33932851e-43 4.32692034e-37 3.14474690e-35 6.36033322e-36
  2.04031949e-57 3.71860159e-57 2.79626134e-22 1.70819748e-43
  5.46400310e-14 5.25593808e-37 7.67276296e-24 1.49513248e-39
  3.08884746e-15 2.33186795e-99 5.15241645e-29 1.55589912e-23
  1.00000000e+00 1.42746718e-71 2.62423621e-13 5.11215689e-35
  1.00000000e+00]
 [1.89142577e-74 2.11088426e-19 1.66770648e-68 6.60687036e-22
  4.58244141e-50 4.05787164e-67 1.14279071e-64 2.01741027e-55
  6.97172661e-34 9.81814573e-31 7.78216866e-43 1.17091986e-43
  1.03588331e-68 1.57197589e-55 2.08008760e-13 5.59396632e-58
  1.42746718e-71 1.00000000e+00 1.84831900e-51 8.71631318e-78
  1.00000000e+00]
 [9.34438982e-57 5.89254296e-42 2.20384286e-32 1.73933330e-13
  4.51735684e-39 1.44039949e-83 3.15365520e-38 1.66367564e-41
  8.25935571e-17 2.77276174e-16 2.45917505e-30 9.48896950e-50
  2.64624629e-26 4.54801932e-77 9.24423987e-18 3.70577413e-34
  2.62423621e-13 1.84831900e-51 1.00000000e+00 1.38592138e-53
  1.00000000e+00]
 [1.48678578e-23 1.02068482e-35 9.55515354e-29 1.02926613e-60
  5.47090972e-56 1.80976628e-22 2.71127275e-12 2.05372287e-27
  1.86222877e-50 3.75590241e-60 1.48621913e-42 7.29778449e-36
  3.07670538e-39 5.13718061e-64 5.53887823e-56 1.03163703e-25
  5.11215689e-35 8.71631318e-78 1.38592138e-53 1.00000000e+00
  1.00000000e+00]
 [1.00000000e+00 1.00000000e+00 1.00000000e+00 1.00000000e+00
  1.00000000e+00 1.00000000e+00 1.00000000e+00 1.00000000e+00
  1.00000000e+00 1.00000000e+00 1.00000000e+00 1.00000000e+00
  1.00000000e+00 1.00000000e+00 1.00000000e+00 1.00000000e+00
  1.00000000e+00 1.00000000e+00 1.00000000e+00 1.00000000e+00
  0.00000000e+00]]
