[[1.00000000e+00 4.47049909e-72 1.37178748e-91 ... 1.77687818e-70
  2.76834165e-70 1.00000000e+00]
 [4.47049909e-72 1.00000000e+00 4.63194692e-25 ... 9.44391226e-16
  9.04266374e-53 1.00000000e+00]
 [1.37178748e-91 4.63194692e-25 1.00000000e+00 ... 3.39005601e-39
  6.41227549e-33 1.00000000e+00]
 ...
 [1.77687818e-70 9.44391226e-16 3.39005601e-39 ... 1.00000000e+00
  1.04458368e-42 1.00000000e+00]
 [2.76834165e-70 9.04266374e-53 6.41227549e-33 ... 1.04458368e-42
  1.00000000e+00 1.00000000e+00]
 [1.00000000e+00 1.00000000e+00 1.00000000e+00 ... 1.00000000e+00
  1.00000000e+00 0.00000000e+00]]
