[[1.00000000e+00 1.10965788e-42 1.13107638e-29 2.66688645e-19
  4.44894920e-08 2.82516022e-53 1.79710895e-36 7.01084343e-47
  2.10824882e-43 8.55853954e-31 2.14417065e-51 4.06905935e-40
  9.00604058e-28 6.44362074e-46 2.93416682e-17 1.74679710e-92
  4.63282084e-56 5.93922544e-57 1.79563260e-23 4.14969223e-89
  1.00000000e+00]
 [1.10965788e-42 1.00000000e+00 9.29618296e-23 1.70687671e-48
  1.03784453e-25 2.89286280e-37 8.48747913e-21 2.12043231e-46
  9.39690698e-14 3.33065885e-13 1.74198773e-23 1.98683455e-22
  3.82069325e-25 1.04789012e-23 1.39624452e-44 1.69181521e-31
  4.95102525e-07 7.07824630e-35 7.52986782e-38 1.06980118e-30
  1.00000000e+00]
 [1.13107638e-29 9.29618296e-23 1.00000000e+00 2.24315529e-21
  2.64022527e-17 1.62763334e-45 4.80413581e-17 1.55510432e-33
  5.50180883e-17 2.92992522e-30 3.64860021e-05 4.13124382e-29
  8.54511319e-48 7.06487802e-47 3.43645233e-45 6.93273009e-82
  2.92042219e-24 5.21686735e-79 5.63594737e-30 1.65033976e-37
  1.00000000e+00]
 [2.66688645e-19 1.70687671e-48 2.24315529e-21 1.00000000e+00
  1.70617978e-16 2.87443914e-54 3.36367698e-24 1.33687002e-60
  3.39923395e-33 1.21965988e-47 5.97991650e-38 2.57819656e-31
  4.05970714e-31 1.34791383e-50 5.49799547e-25 4.37445034e-97
  3.74731697e-53 2.46234267e-67 2.30290614e-49 1.22209343e-53
  1.00000000e+00]
 [4.44894920e-08 1.03784453e-25 2.64022527e-17 1.70617978e-16
  1.00000000e+00 4.58413040e-25 6.49585858e-31 2.29465776e-28
  1.60748602e-18 8.71761131e-24 1.11454658e-35 3.40178812e-23
  1.69483938e-20 5.05153436e-22 1.93991913e-13 3.62982151e-58
  4.36792014e-36 5.38735340e-53 1.36324622e-28 6.42954205e-60
  1.00000000e+00]
 [2.82516022e-53 2.89286280e-37 1.62763334e-45 2.87443914e-54
  4.58413040e-25 1.00000000e+00 3.01054551e-72 8.04190653e-60
  6.51970197e-14 1.55310251e-57 1.95570503e-63 1.38767367e-20
  1.32843602e-38 3.95951066e-07 1.82034779e-51 2.23579917e-37
  8.28672574e-57 1.64708864e-87 7.16487628e-91 1.75303755e-73
  1.00000000e+00]
 [1.79710895e-36 8.48747913e-21 4.80413581e-17 3.36367698e-24
  6.49585858e-31 3.01054551e-72 1.00000000e+00 9.37326283e-62
  1.08165836e-33 6.66403933e-18 2.51871241e-19 1.33026970e-28
  1.80640660e-30 2.26422240e-59 3.42995970e-44 4.81583975e-74
  1.47530642e-15 6.59272322e-45 2.44565402e-29 3.18287236e-32
  1.00000000e+00]
 [7.01084343e-47 2.12043231e-46 1.55510432e-33 1.33687002e-60
  2.29465776e-28 8.04190653e-60 9.37326283e-62 1.00000000e+00
  6.08119188e-44 2.80937719e-40 3.51954819e-45 2.73108618e-77
  7.01942338e-70 6.05434983e-57 6.25355479e-36 1.60740864e-74
  7.67265739e-42 2.80171643e-86 1.19606389e-31 1.62857476e-66
  1.00000000e+00]
 [2.10824882e-43 9.39690698e-14 5.50180883e-17 3.39923395e-33
  1.60748602e-18 6.51970197e-14 1.08165836e-33 6.08119188e-44
  1.00000000e+00 1.17920344e-36 6.31001932e-23 3.62165966e-15
  2.63434176e-31 1.74638262e-12 8.31198648e-43 1.19539256e-38
  3.33964588e-24 2.34857759e-62 1.37816215e-61 9.52963008e-29
  1.00000000e+00]
 [8.55853954e-31 3.33065885e-13 2.92992522e-30 1.21965988e-47
  8.71761131e-24 1.55310251e-57 6.66403933e-18 2.80937719e-40
  1.17920344e-36 1.00000000e+00 1.11797161e-38 1.15667809e-32
  1.87321734e-22 1.70059053e-42 8.36259078e-33 1.03320318e-42
  1.09639289e-11 1.87165902e-31 1.24716263e-15 2.18826084e-55
  1.00000000e+00]
 [2.14417065e-51 1.74198773e-23 3.64860021e-05 5.97991650e-38
  1.11454658e-35 1.95570503e-63 2.51871241e-19 3.51954819e-45
  6.31001932e-23 1.11797161e-38 1.00000000e+00 1.35417854e-41
  4.78875519e-65 6.32257488e-62 1.40071234e-67 3.49460332e-91
  4.89480814e-22 2.44806977e-87 4.40515187e-40 2.02738059e-29
  1.00000000e+00]
 [4.06905935e-40 1.98683455e-22 4.13124382e-29 2.57819656e-31
  3.40178812e-23 1.38767367e-20 1.33026970e-28 2.73108618e-77
  3.62165966e-15 1.15667809e-32 1.35417854e-41 1.00000000e+00
  1.39350874e-19 1.00283296e-20 9.46670605e-50 4.31142661e-44
  5.86854980e-34 1.13189237e-62 1.15575501e-66 7.52432175e-55
  1.00000000e+00]
 [9.00604058e-28 3.82069325e-25 8.54511319e-48 4.05970714e-31
  1.69483938e-20 1.32843602e-38 1.80640660e-30 7.01942338e-70
  2.63434176e-31 1.87321734e-22 4.78875519e-65 1.39350874e-19
  1.00000000e+00 6.85687817e-21 1.60478598e-18 2.67548209e-34
  5.70082984e-35 1.82351557e-18 1.00935327e-52 2.42212038e-57
  1.00000000e+00]
 [6.44362074e-46 1.04789012e-23 7.06487802e-47 1.34791383e-50
  5.05153436e-22 3.95951066e-07 2.26422240e-59 6.05434983e-57
  1.74638262e-12 1.70059053e-42 6.32257488e-62 1.00283296e-20
  6.85687817e-21 1.00000000e+00 1.13790425e-35 1.13602428e-21
  2.75714115e-42 2.40388687e-50 2.72396279e-78 4.34458559e-57
  1.00000000e+00]
 [2.93416682e-17 1.39624452e-44 3.43645233e-45 5.49799547e-25
  1.93991913e-13 1.82034779e-51 3.42995970e-44 6.25355479e-36
  8.31198648e-43 8.36259078e-33 1.40071234e-67 9.46670605e-50
  1.60478598e-18 1.13790425e-35 1.00000000e+00 8.38519670e-61
  1.51710953e-49 1.64520616e-33 4.36941610e-38 1.99912339e-66
  1.00000000e+00]
 [1.74679710e-92 1.69181521e-31 6.93273009e-82 4.37445034e-97
  3.62982151e-58 2.23579917e-37 4.81583975e-74 1.60740864e-74
  1.19539256e-38 1.03320318e-42 3.49460332e-91 4.31142661e-44
  2.67548209e-34 1.13602428e-21 8.38519670e-61 1.00000000e+00
  2.81633570e-36 5.10375976e-45 1.02376745e-97 3.27202043e-60
  1.00000000e+00]
 [4.63282084e-56 4.95102525e-07 2.92042219e-24 3.74731697e-53
  4.36792014e-36 8.28672574e-57 1.47530642e-15 7.67265739e-42
  3.33964588e-24 1.09639289e-11 4.89480814e-22 5.86854980e-34
  5.70082984e-35 2.75714115e-42 1.51710953e-49 2.81633570e-36
  1.00000000e+00 2.50089149e-39 1.26268644e-34 2.52893250e-22
  1.00000000e+00]
 [5.93922544e-57 7.07824630e-35 5.21686735e-79 2.46234267e-67
  5.38735340e-53 1.64708864e-87 6.59272322e-45 2.80171643e-86
  2.34857759e-62 1.87165902e-31 2.44806977e-87 1.13189237e-62
  1.82351557e-18 2.40388687e-50 1.64520616e-33 5.10375976e-45
  2.50089149e-39 1.00000000e+00 6.23613559e-61 8.50418967e-59
  1.00000000e+00]
 [1.79563260e-23 7.52986782e-38 5.63594737e-30 2.30290614e-49
  1.36324622e-28 7.16487628e-91 2.44565402e-29 1.19606389e-31
  1.37816215e-61 1.24716263e-15 4.40515187e-40 1.15575501e-66
  1.00935327e-52 2.72396279e-78 4.36941610e-38 1.02376745e-97
  1.26268644e-34 6.23613559e-61 1.00000000e+00 2.00795426e-82
  1.00000000e+00]
 [4.14969223e-89 1.06980118e-30 1.65033976e-37 1.22209343e-53
  6.42954205e-60 1.75303755e-73 3.18287236e-32 1.62857476e-66
  9.52963008e-29 2.18826084e-55 2.02738059e-29 7.52432175e-55
  2.42212038e-57 4.34458559e-57 1.99912339e-66 3.27202043e-60
  2.52893250e-22 8.50418967e-59 2.00795426e-82 1.00000000e+00
  1.00000000e+00]
 [1.00000000e+00 1.00000000e+00 1.00000000e+00 1.00000000e+00
  1.00000000e+00 1.00000000e+00 1.00000000e+00 1.00000000e+00
  1.00000000e+00 1.00000000e+00 1.00000000e+00 1.00000000e+00
  1.00000000e+00 1.00000000e+00 1.00000000e+00 1.00000000e+00
  1.00000000e+00 1.00000000e+00 1.00000000e+00 1.00000000e+00
  0.00000000e+00]]
