[[1.00000000e+000 5.55931724e-030 5.54886976e-015 1.74090176e-052
  1.37545830e-038 1.25236862e-064 2.71253024e-062 1.08460754e-062
  7.71335383e-019 4.84294698e-083 9.32676521e-066 2.46006627e-034
  2.18113563e-051 2.36272781e-079 3.84241163e-063 1.01679949e-055
  3.76075311e-069 4.32094590e-056 6.56816901e-049 7.40070408e-026
  7.49390003e-069 1.24605541e-043 2.89614082e-058 3.23796121e-024
  2.77319736e-027 1.84703353e-027 1.80661370e-029 5.97161707e-120
  1.00000000e+000]
 [5.55931724e-030 1.00000000e+000 3.93640070e-014 1.64845740e-024
  2.20648202e-058 1.00357445e-027 1.94268781e-042 3.47904454e-024
  4.81632262e-018 1.95582486e-068 5.95115402e-018 1.90412537e-028
  3.13820700e-044 1.20617298e-029 3.04117576e-014 1.59475309e-058
  1.58262428e-048 1.11009184e-035 2.55704478e-027 8.54257905e-026
  1.58511601e-044 2.01621943e-022 4.14390682e-033 1.69300758e-034
  2.23245535e-025 1.61663671e-043 4.92274108e-016 4.71123265e-053
  1.00000000e+000]
 [5.54886976e-015 3.93640070e-014 1.00000000e+000 2.55807049e-044
  3.58544402e-050 2.15468215e-045 3.26507864e-050 4.13459568e-047
  1.16988976e-004 1.56820970e-061 2.20889654e-037 5.05200622e-025
  8.17408048e-031 5.07930470e-051 1.86088658e-026 2.02351576e-047
  1.93001470e-032 1.03756857e-048 1.35397771e-020 9.00645560e-025
  9.17575750e-036 5.93845411e-029 1.53405298e-034 2.74976138e-032
  4.91934388e-014 3.05680234e-031 2.13346660e-010 4.90170790e-080
  1.00000000e+000]
 [1.74090176e-052 1.64845740e-024 2.55807049e-044 1.00000000e+000
  5.33544242e-031 1.37002080e-021 2.01546160e-012 3.24309776e-003
  4.98584945e-042 2.42333166e-028 1.28952844e-035 1.00113981e-028
  2.28371478e-041 6.42288215e-012 1.69414279e-039 8.07858044e-028
  1.93928348e-058 8.52415932e-032 1.70543066e-033 4.85756561e-037
  1.67798265e-042 5.08548630e-018 1.42467511e-042 2.17033586e-025
  4.42783849e-029 2.32693967e-042 7.36130169e-023 1.03071522e-032
  1.00000000e+000]
 [1.37545830e-038 2.20648202e-058 3.58544402e-050 5.33544242e-031
  1.00000000e+000 1.94321068e-064 1.20204528e-023 2.43629457e-035
  2.78921424e-050 3.62722637e-031 1.88684487e-104 1.92985952e-026
  8.90704467e-037 1.54011849e-063 2.86662607e-075 9.00640987e-025
  3.73882795e-050 1.34360333e-060 4.38044986e-036 3.17156777e-069
  1.76208503e-039 1.63722353e-051 3.83525042e-068 3.38473921e-008
  6.52288521e-036 3.06662952e-020 4.96339526e-036 9.58567478e-083
  1.00000000e+000]
 [1.25236862e-064 1.00357445e-027 2.15468215e-045 1.37002080e-021
  1.94321068e-064 1.00000000e+000 2.17274535e-045 3.58833248e-024
  2.94074411e-035 3.14748023e-060 2.59566967e-031 1.23635795e-027
  1.69850708e-080 1.35736930e-024 9.04736844e-032 1.78462692e-038
  6.63498444e-068 3.94555133e-078 5.93336111e-052 1.28436258e-049
  1.06576341e-056 1.17304049e-022 5.66915153e-036 2.33033141e-063
  6.94969963e-020 4.18767496e-037 4.53969607e-042 7.32495674e-060
  1.00000000e+000]
 [2.71253024e-062 1.94268781e-042 3.26507864e-050 2.01546160e-012
  1.20204528e-023 2.17274535e-045 1.00000000e+000 6.52307534e-015
  3.16693688e-056 3.25626289e-014 5.53374930e-058 1.39422097e-043
  4.01567858e-031 1.14717949e-016 1.21389305e-056 2.54385089e-016
  1.83033968e-046 6.29793613e-049 2.95479689e-025 2.88113255e-053
  1.73994606e-034 1.71442049e-020 2.10758589e-033 1.18082792e-021
  3.54687085e-035 1.35077439e-048 2.47289904e-023 5.64535501e-022
  1.00000000e+000]
 [1.08460754e-062 3.47904454e-024 4.13459568e-047 3.24309776e-003
  2.43629457e-035 3.58833248e-024 6.52307534e-015 1.00000000e+000
  8.69441481e-045 7.97166771e-029 9.47541579e-040 1.05623217e-026
  6.69120200e-038 3.64238188e-013 1.43279871e-029 1.17183280e-036
  2.26538552e-048 4.83372210e-031 2.83582736e-027 2.88727367e-050
  7.19440751e-033 1.52334970e-026 2.23013377e-048 4.15821309e-028
  1.06197732e-034 2.04754326e-046 2.17517225e-023 4.51989048e-027
  1.00000000e+000]
 [7.71335383e-019 4.81632262e-018 1.16988976e-004 4.98584945e-042
  2.78921424e-050 2.94074411e-035 3.16693688e-056 8.69441481e-045
  1.00000000e+000 6.42340407e-059 3.62841102e-039 1.21597407e-015
  1.57234012e-035 5.48553320e-053 4.99112725e-025 1.34316314e-045
  2.59143395e-034 9.68685093e-050 1.60185700e-025 4.83051000e-027
  4.78740872e-035 2.71126738e-033 2.28166872e-045 1.58016954e-038
  1.74349204e-009 3.40577635e-025 5.95193011e-014 5.45034995e-091
  1.00000000e+000]
 [4.84294698e-083 1.95582486e-068 1.56820970e-061 2.42333166e-028
  3.62722637e-031 3.14748023e-060 3.25626289e-014 7.97166771e-029
  6.42340407e-059 1.00000000e+000 1.53067351e-080 6.26743133e-044
  2.58893732e-023 1.46508527e-032 2.25873293e-067 1.23744773e-017
  6.60487754e-037 4.45262550e-056 1.09902487e-026 2.60149804e-071
  3.36375255e-025 7.94237222e-042 1.49436943e-061 7.25823001e-039
  4.97358060e-039 3.64683306e-057 5.52812936e-028 1.77801858e-042
  1.00000000e+000]
 [9.32676521e-066 5.95115402e-018 2.20889654e-037 1.28952844e-035
  1.88684487e-104 2.59566967e-031 5.53374930e-058 9.47541579e-040
  3.62841102e-039 1.53067351e-080 1.00000000e+000 3.48915671e-065
  3.03416833e-071 2.45789012e-021 1.31710399e-035 1.42659893e-070
  1.04063148e-084 3.19473125e-051 2.13589018e-056 9.39296157e-022
  2.52753262e-078 2.09227218e-019 2.77882768e-037 9.71800134e-078
  4.09345980e-041 1.14337146e-087 1.93005939e-032 2.32487786e-051
  1.00000000e+000]
 [2.46006627e-034 1.90412537e-028 5.05200622e-025 1.00113981e-028
  1.92985952e-026 1.23635795e-027 1.39422097e-043 1.05623217e-026
  1.21597407e-015 6.26743133e-044 3.48915671e-065 1.00000000e+000
  8.05106576e-038 1.73857590e-052 2.96838024e-025 6.82984435e-038
  1.29155027e-028 2.16473477e-053 1.09806338e-023 8.51539050e-057
  5.26632771e-022 2.27349374e-045 7.41442664e-060 3.47242537e-027
  6.55425242e-015 1.70910476e-010 5.53209776e-024 2.29088297e-083
  1.00000000e+000]
 [2.18113563e-051 3.13820700e-044 8.17408048e-031 2.28371478e-041
  8.90704467e-037 1.69850708e-080 4.01567858e-031 6.69120200e-038
  1.57234012e-035 2.58893732e-023 3.03416833e-071 8.05106576e-038
  1.00000000e+000 2.11034898e-050 3.49173671e-045 2.79682831e-047
  6.50718314e-020 3.40870378e-027 3.36567614e-010 3.85116512e-055
  1.42545978e-016 4.52632885e-052 3.48257911e-069 1.18825362e-024
  1.41524425e-041 2.57442767e-058 2.25621189e-010 2.39110522e-058
  1.00000000e+000]
 [2.36272781e-079 1.20617298e-029 5.07930470e-051 6.42288215e-012
  1.54011849e-063 1.35736930e-024 1.14717949e-016 3.64238188e-013
  5.48553320e-053 1.46508527e-032 2.45789012e-021 1.73857590e-052
  2.11034898e-050 1.00000000e+000 5.86426652e-039 1.14369333e-033
  1.21080795e-060 1.53215933e-049 2.91557515e-036 3.03265114e-042
  3.71592933e-048 5.89648866e-012 1.73885285e-027 7.77461452e-053
  3.54165245e-036 2.06333345e-070 8.75083537e-027 3.23105055e-013
  1.00000000e+000]
 [3.84241163e-063 3.04117576e-014 1.86088658e-026 1.69414279e-039
  2.86662607e-075 9.04736844e-032 1.21389305e-056 1.43279871e-029
  4.99112725e-025 2.25873293e-067 1.31710399e-035 2.96838024e-025
  3.49173671e-045 5.86426652e-039 1.00000000e+000 2.04513378e-072
  1.42268253e-027 2.46359837e-053 1.24304611e-020 4.26985263e-063
  2.38769890e-025 1.19026546e-045 9.96834650e-050 6.28643727e-056
  8.91997243e-034 8.68341627e-052 1.44011437e-024 1.12752547e-053
  1.00000000e+000]
 [1.01679949e-055 1.59475309e-058 2.02351576e-047 8.07858044e-028
  9.00640987e-025 1.78462692e-038 2.54385089e-016 1.17183280e-036
  1.34316314e-045 1.23744773e-017 1.42659893e-070 6.82984435e-038
  2.79682831e-047 1.14369333e-033 2.04513378e-072 1.00000000e+000
  2.54919769e-051 2.84814439e-082 4.02541774e-038 4.96528032e-053
  9.44062670e-043 2.76833272e-021 1.42859075e-031 2.25082342e-036
  1.02313806e-017 3.16131918e-030 2.16220930e-032 1.18674544e-057
  1.00000000e+000]
 [3.76075311e-069 1.58262428e-048 1.93001470e-032 1.93928348e-058
  3.73882795e-050 6.63498444e-068 1.83033968e-046 2.26538552e-048
  2.59143395e-034 6.60487754e-037 1.04063148e-084 1.29155027e-028
  6.50718314e-020 1.21080795e-060 1.42268253e-027 2.54919769e-051
  1.00000000e+000 2.21057444e-071 2.82757870e-006 1.51351707e-089
  3.79426701e-003 1.79785963e-062 9.80192866e-059 9.72111031e-045
  2.34600163e-035 6.35375637e-045 4.23220774e-023 1.60635092e-063
  1.00000000e+000]
 [4.32094590e-056 1.11009184e-035 1.03756857e-048 8.52415932e-032
  1.34360333e-060 3.94555133e-078 6.29793613e-049 4.83372210e-031
  9.68685093e-050 4.45262550e-056 3.19473125e-051 2.16473477e-053
  3.40870378e-027 1.53215933e-049 2.46359837e-053 2.84814439e-082
  2.21057444e-071 1.00000000e+000 2.02557305e-043 1.02857239e-038
  1.94805098e-058 2.62796541e-058 3.43007901e-098 4.63833197e-036
  1.74641722e-065 1.59725944e-086 4.25162123e-025 1.32220162e-070
  1.00000000e+000]
 [6.56816901e-049 2.55704478e-027 1.35397771e-020 1.70543066e-033
  4.38044986e-036 5.93336111e-052 2.95479689e-025 2.83582736e-027
  1.60185700e-025 1.09902487e-026 2.13589018e-056 1.09806338e-023
  3.36567614e-010 2.91557515e-036 1.24304611e-020 4.02541774e-038
  2.82757870e-006 2.02557305e-043 1.00000000e+000 2.82179148e-058
  3.50700382e-005 1.55181296e-037 1.50735223e-040 3.36630721e-025
  5.59808063e-026 2.37200427e-039 2.16800777e-008 5.74905263e-041
  1.00000000e+000]
 [7.40070408e-026 8.54257905e-026 9.00645560e-025 4.85756561e-037
  3.17156777e-069 1.28436258e-049 2.88113255e-053 2.88727367e-050
  4.83051000e-027 2.60149804e-071 9.39296157e-022 8.51539050e-057
  3.85116512e-055 3.03265114e-042 4.26985263e-063 4.96528032e-053
  1.51351707e-089 1.02857239e-038 2.82179148e-058 1.00000000e+000
  7.28567529e-084 2.90349561e-020 1.90998935e-047 1.55147058e-048
  3.70964172e-031 1.27404011e-064 8.51177153e-025 2.02667537e-085
  1.00000000e+000]
 [7.49390003e-069 1.58511601e-044 9.17575750e-036 1.67798265e-042
  1.76208503e-039 1.06576341e-056 1.73994606e-034 7.19440751e-033
  4.78740872e-035 3.36375255e-025 2.52753262e-078 5.26632771e-022
  1.42545978e-016 3.71592933e-048 2.38769890e-025 9.44062670e-043
  3.79426701e-003 1.94805098e-058 3.50700382e-005 7.28567529e-084
  1.00000000e+000 1.39902182e-055 7.84881411e-059 1.09834025e-036
  9.43191029e-033 1.05271434e-040 4.55300157e-020 4.07445101e-052
  1.00000000e+000]
 [1.24605541e-043 2.01621943e-022 5.93845411e-029 5.08548630e-018
  1.63722353e-051 1.17304049e-022 1.71442049e-020 1.52334970e-026
  2.71126738e-033 7.94237222e-042 2.09227218e-019 2.27349374e-045
  4.52632885e-052 5.89648866e-012 1.19026546e-045 2.76833272e-021
  1.79785963e-062 2.62796541e-058 1.55181296e-037 2.90349561e-020
  1.39902182e-055 1.00000000e+000 5.78209891e-011 1.90631428e-041
  1.11573523e-017 4.03065043e-047 4.62649718e-021 1.07073487e-036
  1.00000000e+000]
 [2.89614082e-058 4.14390682e-033 1.53405298e-034 1.42467511e-042
  3.83525042e-068 5.66915153e-036 2.10758589e-033 2.23013377e-048
  2.28166872e-045 1.49436943e-061 2.77882768e-037 7.41442664e-060
  3.48257911e-069 1.73885285e-027 9.96834650e-050 1.42859075e-031
  9.80192866e-059 3.43007901e-098 1.50735223e-040 1.90998935e-047
  7.84881411e-059 5.78209891e-011 1.00000000e+000 2.22320088e-057
  6.85052436e-026 7.26255003e-053 4.68757760e-035 2.97243366e-041
  1.00000000e+000]
 [3.23796121e-024 1.69300758e-034 2.74976138e-032 2.17033586e-025
  3.38473921e-008 2.33033141e-063 1.18082792e-021 4.15821309e-028
  1.58016954e-038 7.25823001e-039 9.71800134e-078 3.47242537e-027
  1.18825362e-024 7.77461452e-053 6.28643727e-056 2.25082342e-036
  9.72111031e-045 4.63833197e-036 3.36630721e-025 1.55147058e-048
  1.09834025e-036 1.90631428e-041 2.22320088e-057 1.00000000e+000
  1.75491416e-035 9.63423469e-028 2.70318619e-021 5.11161353e-068
  1.00000000e+000]
 [2.77319736e-027 2.23245535e-025 4.91934388e-014 4.42783849e-029
  6.52288521e-036 6.94969963e-020 3.54687085e-035 1.06197732e-034
  1.74349204e-009 4.97358060e-039 4.09345980e-041 6.55425242e-015
  1.41524425e-041 3.54165245e-036 8.91997243e-034 1.02313806e-017
  2.34600163e-035 1.74641722e-065 5.59808063e-026 3.70964172e-031
  9.43191029e-033 1.11573523e-017 6.85052436e-026 1.75491416e-035
  1.00000000e+000 4.99570843e-015 3.91104476e-017 3.49950332e-071
  1.00000000e+000]
 [1.84703353e-027 1.61663671e-043 3.05680234e-031 2.32693967e-042
  3.06662952e-020 4.18767496e-037 1.35077439e-048 2.04754326e-046
  3.40577635e-025 3.64683306e-057 1.14337146e-087 1.70910476e-010
  2.57442767e-058 2.06333345e-070 8.68341627e-052 3.16131918e-030
  6.35375637e-045 1.59725944e-086 2.37200427e-039 1.27404011e-064
  1.05271434e-040 4.03065043e-047 7.26255003e-053 9.63423469e-028
  4.99570843e-015 1.00000000e+000 4.72963528e-039 8.54092885e-105
  1.00000000e+000]
 [1.80661370e-029 4.92274108e-016 2.13346660e-010 7.36130169e-023
  4.96339526e-036 4.53969607e-042 2.47289904e-023 2.17517225e-023
  5.95193011e-014 5.52812936e-028 1.93005939e-032 5.53209776e-024
  2.25621189e-010 8.75083537e-027 1.44011437e-024 2.16220930e-032
  4.23220774e-023 4.25162123e-025 2.16800777e-008 8.51177153e-025
  4.55300157e-020 4.62649718e-021 4.68757760e-035 2.70318619e-021
  3.91104476e-017 4.72963528e-039 1.00000000e+000 2.50226801e-045
  1.00000000e+000]
 [5.97161707e-120 4.71123265e-053 4.90170790e-080 1.03071522e-032
  9.58567478e-083 7.32495674e-060 5.64535501e-022 4.51989048e-027
  5.45034995e-091 1.77801858e-042 2.32487786e-051 2.29088297e-083
  2.39110522e-058 3.23105055e-013 1.12752547e-053 1.18674544e-057
  1.60635092e-063 1.32220162e-070 5.74905263e-041 2.02667537e-085
  4.07445101e-052 1.07073487e-036 2.97243366e-041 5.11161353e-068
  3.49950332e-071 8.54092885e-105 2.50226801e-045 1.00000000e+000
  1.00000000e+000]
 [1.00000000e+000 1.00000000e+000 1.00000000e+000 1.00000000e+000
  1.00000000e+000 1.00000000e+000 1.00000000e+000 1.00000000e+000
  1.00000000e+000 1.00000000e+000 1.00000000e+000 1.00000000e+000
  1.00000000e+000 1.00000000e+000 1.00000000e+000 1.00000000e+000
  1.00000000e+000 1.00000000e+000 1.00000000e+000 1.00000000e+000
  1.00000000e+000 1.00000000e+000 1.00000000e+000 1.00000000e+000
  1.00000000e+000 1.00000000e+000 1.00000000e+000 1.00000000e+000
  0.00000000e+000]]
