[[1.00000000e+00 1.77925836e-31 9.10096268e-34 ... 2.83328059e-49
  1.51904404e-36 1.00000000e+00]
 [1.77925836e-31 1.00000000e+00 1.16479185e-49 ... 7.44249919e-58
  2.08659017e-71 1.00000000e+00]
 [9.10096268e-34 1.16479185e-49 1.00000000e+00 ... 1.81013379e-36
  1.03683798e-51 1.00000000e+00]
 ...
 [2.83328059e-49 7.44249919e-58 1.81013379e-36 ... 1.00000000e+00
  6.93843015e-27 1.00000000e+00]
 [1.51904404e-36 2.08659017e-71 1.03683798e-51 ... 6.93843015e-27
  1.00000000e+00 1.00000000e+00]
 [1.00000000e+00 1.00000000e+00 1.00000000e+00 ... 1.00000000e+00
  1.00000000e+00 0.00000000e+00]]
