[[1.00000000e+00 5.60283554e-41 1.17973976e-16 ... 2.93113121e-77
  1.05988395e-34 1.00000000e+00]
 [5.60283554e-41 1.00000000e+00 3.57557747e-26 ... 3.08905886e-12
  1.37489507e-44 1.00000000e+00]
 [1.17973976e-16 3.57557747e-26 1.00000000e+00 ... 2.39776840e-50
  2.56691977e-11 1.00000000e+00]
 ...
 [2.93113121e-77 3.08905886e-12 2.39776840e-50 ... 1.00000000e+00
  1.38922990e-64 1.00000000e+00]
 [1.05988395e-34 1.37489507e-44 2.56691977e-11 ... 1.38922990e-64
  1.00000000e+00 1.00000000e+00]
 [1.00000000e+00 1.00000000e+00 1.00000000e+00 ... 1.00000000e+00
  1.00000000e+00 0.00000000e+00]]
