[[1.00000000e+00 3.34600144e-71 4.76619319e-35 ... 1.09611977e-20
  1.64819684e-51 1.00000000e+00]
 [3.34600144e-71 1.00000000e+00 5.24975011e-35 ... 3.62696836e-56
  2.04931418e-47 1.00000000e+00]
 [4.76619319e-35 5.24975011e-35 1.00000000e+00 ... 3.52048090e-16
  2.88566656e-46 1.00000000e+00]
 ...
 [1.09611977e-20 3.62696836e-56 3.52048090e-16 ... 1.00000000e+00
  7.01709045e-78 1.00000000e+00]
 [1.64819684e-51 2.04931418e-47 2.88566656e-46 ... 7.01709045e-78
  1.00000000e+00 1.00000000e+00]
 [1.00000000e+00 1.00000000e+00 1.00000000e+00 ... 1.00000000e+00
  1.00000000e+00 0.00000000e+00]]
