[[1.00000000e+000 8.06611706e-040 4.33118796e-033 7.78278262e-049
  9.92159778e-058 2.50320573e-013 1.71118516e-049 9.82776093e-031
  3.64284204e-051 9.33104041e-016 3.94944594e-053 8.66190628e-025
  1.26773755e-012 7.94440680e-046 2.99354188e-011 8.42993639e-024
  2.47737734e-021 1.04459977e-068 1.70000618e-042 1.00539283e-033
  1.00000000e+000]
 [8.06611706e-040 1.00000000e+000 2.27163789e-031 1.25359122e-049
  3.06354269e-048 3.56018014e-050 1.04313431e-084 3.83483690e-067
  6.47305888e-028 3.53829609e-045 1.00202245e-034 2.82665992e-015
  4.96360496e-057 1.86276160e-026 2.74565836e-047 4.22056354e-033
  7.01111353e-029 7.21090727e-014 3.69038533e-033 1.25184373e-037
  1.00000000e+000]
 [4.33118796e-033 2.27163789e-031 1.00000000e+000 8.68472205e-021
  1.08947675e-019 1.11857805e-056 5.04713742e-086 1.17062809e-033
  5.80839746e-030 5.42265344e-073 2.78933215e-053 2.79700285e-030
  2.29344038e-049 1.46488345e-038 7.91093995e-031 9.65295359e-023
  7.00117566e-040 8.80302183e-050 2.54273920e-067 7.59576483e-015
  1.00000000e+000]
 [7.78278262e-049 1.25359122e-049 8.68472205e-021 1.00000000e+000
  1.45032685e-029 6.94251255e-070 4.00829260e-067 2.62333830e-029
  2.30784147e-061 4.48073714e-086 2.08732146e-038 5.75933027e-044
  2.56349644e-041 1.23233872e-039 1.34417471e-034 5.57378280e-034
  1.45986130e-038 2.19352629e-071 2.51624827e-044 2.17391068e-031
  1.00000000e+000]
 [9.92159778e-058 3.06354269e-048 1.08947675e-019 1.45032685e-029
  1.00000000e+000 3.39325513e-070 2.33057852e-128 1.44536853e-071
  4.36912996e-026 8.76002444e-096 1.74941144e-053 7.11451624e-039
  1.87046783e-069 5.01817218e-064 3.90026348e-053 2.81215857e-050
  2.31453175e-042 2.68526903e-090 3.60231383e-077 2.47618763e-033
  1.00000000e+000]
 [2.50320573e-013 3.56018014e-050 1.11857805e-056 6.94251255e-070
  3.39325513e-070 1.00000000e+000 3.78824331e-041 1.90816778e-046
  5.50001149e-044 5.34396105e-007 3.50301409e-041 6.28699858e-022
  4.48511609e-030 1.11442837e-042 2.98615292e-014 2.41257677e-049
  4.80487834e-024 1.11984818e-077 7.84757000e-059 3.00322150e-048
  1.00000000e+000]
 [1.71118516e-049 1.04313431e-084 5.04713742e-086 4.00829260e-067
  2.33057852e-128 3.78824331e-041 1.00000000e+000 2.02193877e-043
  5.63543343e-112 3.60263305e-042 2.28439085e-062 3.59224097e-068
  8.17924443e-041 4.68906826e-031 3.04591717e-037 3.46007811e-057
  1.60587572e-070 4.34513890e-081 7.43829372e-069 1.69775906e-061
  1.00000000e+000]
 [9.82776093e-031 3.83483690e-067 1.17062809e-033 2.62333830e-029
  1.44536853e-071 1.90816778e-046 2.02193877e-043 1.00000000e+000
  1.19698697e-070 1.50773275e-059 1.23539614e-044 1.85982607e-040
  8.06663023e-043 1.18832061e-052 5.27528963e-011 3.21749033e-052
  2.64441743e-036 2.74200469e-077 8.53046768e-069 2.00508574e-053
  1.00000000e+000]
 [3.64284204e-051 6.47305888e-028 5.80839746e-030 2.30784147e-061
  4.36912996e-026 5.50001149e-044 5.63543343e-112 1.19698697e-070
  1.00000000e+000 1.42778960e-061 1.05587546e-034 1.11819499e-013
  4.29067892e-087 2.30292233e-048 6.60233868e-043 1.73229319e-065
  1.14927294e-032 1.70099277e-052 2.48334910e-086 4.69292535e-045
  1.00000000e+000]
 [9.33104041e-016 3.53829609e-045 5.42265344e-073 4.48073714e-086
  8.76002444e-096 5.34396105e-007 3.60263305e-042 1.50773275e-059
  1.42778960e-061 1.00000000e+000 8.13093392e-050 1.12696309e-027
  8.37052721e-030 4.28666161e-046 1.14705323e-025 1.20189040e-050
  1.15139711e-028 1.52323365e-068 3.21643885e-046 1.33300557e-061
  1.00000000e+000]
 [3.94944594e-053 1.00202245e-034 2.78933215e-053 2.08732146e-038
  1.74941144e-053 3.50301409e-041 2.28439085e-062 1.23539614e-044
  1.05587546e-034 8.13093392e-050 1.00000000e+000 9.49229391e-014
  3.82988005e-066 1.38901704e-036 1.39350893e-029 4.65565517e-074
  2.38066257e-015 2.89762008e-053 6.37697198e-042 1.46549311e-067
  1.00000000e+000]
 [8.66190628e-025 2.82665992e-015 2.79700285e-030 5.75933027e-044
  7.11451624e-039 6.28699858e-022 3.59224097e-068 1.85982607e-040
  1.11819499e-013 1.12696309e-027 9.49229391e-014 1.00000000e+000
  2.18389825e-049 6.31770423e-033 2.02965359e-018 1.53869038e-047
  7.45622111e-008 1.87963631e-037 1.07540697e-041 4.39454646e-044
  1.00000000e+000]
 [1.26773755e-012 4.96360496e-057 2.29344038e-049 2.56349644e-041
  1.87046783e-069 4.48511609e-030 8.17924443e-041 8.06663023e-043
  4.29067892e-087 8.37052721e-030 3.82988005e-066 2.18389825e-049
  1.00000000e+000 4.12353623e-048 2.31557925e-026 3.60073468e-019
  2.54060199e-036 1.52729748e-089 4.73625054e-029 2.31469787e-036
  1.00000000e+000]
 [7.94440680e-046 1.86276160e-026 1.46488345e-038 1.23233872e-039
  5.01817218e-064 1.11442837e-042 4.68906826e-031 1.18832061e-052
  2.30292233e-048 4.28666161e-046 1.38901704e-036 6.31770423e-033
  4.12353623e-048 1.00000000e+000 6.67437653e-040 1.28538429e-027
  1.71949060e-050 4.63506459e-024 9.74373956e-050 1.82730035e-021
  1.00000000e+000]
 [2.99354188e-011 2.74565836e-047 7.91093995e-031 1.34417471e-034
  3.90026348e-053 2.98615292e-014 3.04591717e-037 5.27528963e-011
  6.60233868e-043 1.14705323e-025 1.39350893e-029 2.02965359e-018
  2.31557925e-026 6.67437653e-040 1.00000000e+000 5.79742641e-041
  5.84188481e-016 4.27080398e-069 2.74688670e-052 2.84663416e-040
  1.00000000e+000]
 [8.42993639e-024 4.22056354e-033 9.65295359e-023 5.57378280e-034
  2.81215857e-050 2.41257677e-049 3.46007811e-057 3.21749033e-052
  1.73229319e-065 1.20189040e-050 4.65565517e-074 1.53869038e-047
  3.60073468e-019 1.28538429e-027 5.79742641e-041 1.00000000e+000
  2.13738759e-052 1.41386110e-050 8.08723991e-042 4.02312883e-009
  1.00000000e+000]
 [2.47737734e-021 7.01111353e-029 7.00117566e-040 1.45986130e-038
  2.31453175e-042 4.80487834e-024 1.60587572e-070 2.64441743e-036
  1.14927294e-032 1.15139711e-028 2.38066257e-015 7.45622111e-008
  2.54060199e-036 1.71949060e-050 5.84188481e-016 2.13738759e-052
  1.00000000e+000 1.97383485e-063 3.61137981e-028 1.34946503e-057
  1.00000000e+000]
 [1.04459977e-068 7.21090727e-014 8.80302183e-050 2.19352629e-071
  2.68526903e-090 1.11984818e-077 4.34513890e-081 2.74200469e-077
  1.70099277e-052 1.52323365e-068 2.89762008e-053 1.87963631e-037
  1.52729748e-089 4.63506459e-024 4.27080398e-069 1.41386110e-050
  1.97383485e-063 1.00000000e+000 4.49642357e-062 6.30236369e-053
  1.00000000e+000]
 [1.70000618e-042 3.69038533e-033 2.54273920e-067 2.51624827e-044
  3.60231383e-077 7.84757000e-059 7.43829372e-069 8.53046768e-069
  2.48334910e-086 3.21643885e-046 6.37697198e-042 1.07540697e-041
  4.73625054e-029 9.74373956e-050 2.74688670e-052 8.08723991e-042
  3.61137981e-028 4.49642357e-062 1.00000000e+000 1.57917677e-066
  1.00000000e+000]
 [1.00539283e-033 1.25184373e-037 7.59576483e-015 2.17391068e-031
  2.47618763e-033 3.00322150e-048 1.69775906e-061 2.00508574e-053
  4.69292535e-045 1.33300557e-061 1.46549311e-067 4.39454646e-044
  2.31469787e-036 1.82730035e-021 2.84663416e-040 4.02312883e-009
  1.34946503e-057 6.30236369e-053 1.57917677e-066 1.00000000e+000
  1.00000000e+000]
 [1.00000000e+000 1.00000000e+000 1.00000000e+000 1.00000000e+000
  1.00000000e+000 1.00000000e+000 1.00000000e+000 1.00000000e+000
  1.00000000e+000 1.00000000e+000 1.00000000e+000 1.00000000e+000
  1.00000000e+000 1.00000000e+000 1.00000000e+000 1.00000000e+000
  1.00000000e+000 1.00000000e+000 1.00000000e+000 1.00000000e+000
  0.00000000e+000]]
