[[1.00000000e+00 8.01216419e-84 4.08171271e-39 ... 1.37399129e-37
  8.20398710e-28 1.00000000e+00]
 [8.01216419e-84 1.00000000e+00 5.48197914e-27 ... 7.90943716e-51
  1.79806102e-50 1.00000000e+00]
 [4.08171271e-39 5.48197914e-27 1.00000000e+00 ... 2.55870687e-60
  1.10596533e-26 1.00000000e+00]
 ...
 [1.37399129e-37 7.90943716e-51 2.55870687e-60 ... 1.00000000e+00
  6.21823570e-30 1.00000000e+00]
 [8.20398710e-28 1.79806102e-50 1.10596533e-26 ... 6.21823570e-30
  1.00000000e+00 1.00000000e+00]
 [1.00000000e+00 1.00000000e+00 1.00000000e+00 ... 1.00000000e+00
  1.00000000e+00 0.00000000e+00]]
