[[1.00000000e+00 3.93995564e-46 3.79932332e-35 ... 2.19607246e-56
  2.77366342e-12 1.00000000e+00]
 [3.93995564e-46 1.00000000e+00 1.22160423e-17 ... 4.89729391e-72
  7.18634275e-29 1.00000000e+00]
 [3.79932332e-35 1.22160423e-17 1.00000000e+00 ... 8.00016017e-54
  5.81738135e-32 1.00000000e+00]
 ...
 [2.19607246e-56 4.89729391e-72 8.00016017e-54 ... 1.00000000e+00
  3.68800898e-65 1.00000000e+00]
 [2.77366342e-12 7.18634275e-29 5.81738135e-32 ... 3.68800898e-65
  1.00000000e+00 1.00000000e+00]
 [1.00000000e+00 1.00000000e+00 1.00000000e+00 ... 1.00000000e+00
  1.00000000e+00 0.00000000e+00]]
