[[1.00000000e+000 1.34642583e-036 9.84767149e-026 1.48957641e-044
  2.41753643e-036 1.06199715e-103 4.53621090e-029 1.11041701e-068
  1.78428772e-020 1.96812513e-052 7.38399082e-040 3.34056246e-054
  1.14747035e-010 5.48857447e-093 1.66726773e-089 2.46782278e-032
  5.90652364e-047 8.87807458e-026 1.87539291e-060 1.07231785e-017
  1.00000000e+000]
 [1.34642583e-036 1.00000000e+000 4.57888509e-023 4.29831157e-069
  4.82297226e-029 2.80821774e-085 9.52464400e-035 7.48026996e-029
  1.63624671e-024 3.01709327e-067 2.03100607e-037 1.62961351e-028
  4.54421428e-065 7.15860453e-067 9.97958634e-070 1.84041993e-030
  4.00565357e-080 2.54541456e-019 7.17740675e-034 7.43668192e-050
  1.00000000e+000]
 [9.84767149e-026 4.57888509e-023 1.00000000e+000 1.88004543e-029
  1.28831493e-012 1.09924709e-033 3.81392984e-025 1.08071817e-027
  2.67451803e-020 1.42304912e-015 3.17860447e-019 6.17285459e-021
  4.66120498e-029 5.49535562e-034 2.05223538e-043 1.28226583e-016
  1.62726224e-030 4.73896806e-015 1.03864456e-014 1.03156425e-021
  1.00000000e+000]
 [1.48957641e-044 4.29831157e-069 1.88004543e-029 1.00000000e+000
  6.59254806e-023 4.05719475e-058 8.37152418e-058 1.59035787e-040
  1.14913847e-035 1.62885612e-013 8.18940703e-023 1.31439754e-044
  6.11845967e-043 4.27280961e-039 2.82258629e-026 3.44912256e-042
  4.05727580e-006 3.77188445e-045 7.54744760e-069 4.57905400e-016
  1.00000000e+000]
 [2.41753643e-036 4.82297226e-029 1.28831493e-012 6.59254806e-023
  1.00000000e+000 6.60874564e-039 1.35857781e-018 8.58968831e-024
  1.80591335e-026 3.09539979e-020 4.53636168e-009 8.87096528e-022
  5.56646404e-051 3.19197143e-025 2.78677577e-041 3.46876629e-011
  2.81695512e-023 2.62822859e-007 9.39640365e-045 2.44807183e-031
  1.00000000e+000]
 [1.06199715e-103 2.80821774e-085 1.09924709e-033 4.05719475e-058
  6.60874564e-039 1.00000000e+000 2.70939151e-062 1.93544843e-061
  7.14687121e-095 6.95896385e-021 7.34322000e-039 1.31495578e-066
  5.88936941e-089 9.55554877e-023 2.24477594e-053 1.08128802e-060
  8.02540981e-052 7.14667044e-058 1.24186960e-043 9.45583676e-070
  1.00000000e+000]
 [4.53621090e-029 9.52464400e-035 3.81392984e-025 8.37152418e-058
  1.35857781e-018 2.70939151e-062 1.00000000e+000 1.52827121e-053
  2.67689081e-050 4.61279375e-047 4.37532787e-030 9.88377161e-047
  2.56058334e-044 1.25581029e-049 3.88874024e-079 2.03215676e-015
  2.92566541e-047 1.84961606e-010 3.43963674e-065 1.18019990e-046
  1.00000000e+000]
 [1.11041701e-068 7.48026996e-029 1.08071817e-027 1.59035787e-040
  8.58968831e-024 1.93544843e-061 1.52827121e-053 1.00000000e+000
  3.46832297e-036 1.45364615e-040 9.18094376e-043 2.15167119e-009
  2.03320290e-090 6.55061130e-022 1.45101526e-019 1.27568054e-027
  1.19798868e-045 1.91403416e-038 2.72048334e-044 5.46294138e-058
  1.00000000e+000]
 [1.78428772e-020 1.63624671e-024 2.67451803e-020 1.14913847e-035
  1.80591335e-026 7.14687121e-095 2.67689081e-050 3.46832297e-036
  1.00000000e+000 6.47022554e-046 9.41384944e-038 9.60167621e-022
  2.50348545e-040 4.12358984e-076 9.43978479e-068 3.90224910e-025
  1.80087412e-046 2.00051927e-024 9.94621023e-040 7.71442245e-029
  1.00000000e+000]
 [1.96812513e-052 3.01709327e-067 1.42304912e-015 1.62885612e-013
  3.09539979e-020 6.95896385e-021 4.61279375e-047 1.45364615e-040
  6.47022554e-046 1.00000000e+000 1.28546845e-023 3.76170157e-039
  2.83237210e-041 2.66479596e-022 8.01625296e-030 2.44003576e-034
  1.88255157e-010 1.19762855e-039 4.73464236e-040 1.65928639e-025
  1.00000000e+000]
 [7.38399082e-040 2.03100607e-037 3.17860447e-019 8.18940703e-023
  4.53636168e-009 7.34322000e-039 4.37532787e-030 9.18094376e-043
  9.41384944e-038 1.28546845e-023 1.00000000e+000 7.24254116e-049
  5.44957107e-047 1.80473397e-039 8.63953292e-047 3.21189022e-035
  4.39872560e-031 3.69784554e-017 3.84711012e-051 2.29152967e-021
  1.00000000e+000]
 [3.34056246e-054 1.62961351e-028 6.17285459e-021 1.31439754e-044
  8.87096528e-022 1.31495578e-066 9.88377161e-047 2.15167119e-009
  9.60167621e-022 3.76170157e-039 7.24254116e-049 1.00000000e+000
  1.74159397e-076 2.41524583e-034 1.63563622e-042 4.11423302e-013
  2.27111929e-044 1.58266676e-028 1.59822562e-035 2.66830706e-059
  1.00000000e+000]
 [1.14747035e-010 4.54421428e-065 4.66120498e-029 6.11845967e-043
  5.56646404e-051 5.88936941e-089 2.56058334e-044 2.03320290e-090
  2.50348545e-040 2.83237210e-041 5.44957107e-047 1.74159397e-076
  1.00000000e+000 6.44496759e-096 9.06779378e-091 5.36303162e-052
  2.71475865e-042 1.37475747e-046 4.09621582e-060 3.20451814e-013
  1.00000000e+000]
 [5.48857447e-093 7.15860453e-067 5.49535562e-034 4.27280961e-039
  3.19197143e-025 9.55554877e-023 1.25581029e-049 6.55061130e-022
  4.12358984e-076 2.66479596e-022 1.80473397e-039 2.41524583e-034
  6.44496759e-096 1.00000000e+000 3.76067261e-018 2.64667811e-037
  9.18783961e-032 3.36457584e-049 2.16283252e-059 1.70003522e-066
  1.00000000e+000]
 [1.66726773e-089 9.97958634e-070 2.05223538e-043 2.82258629e-026
  2.78677577e-041 2.24477594e-053 3.88874024e-079 1.45101526e-019
  9.43978479e-068 8.01625296e-030 8.63953292e-047 1.63563622e-042
  9.06779378e-091 3.76067261e-018 1.00000000e+000 6.30832050e-061
  3.74742807e-032 2.62694544e-072 9.01407837e-068 1.84006143e-049
  1.00000000e+000]
 [2.46782278e-032 1.84041993e-030 1.28226583e-016 3.44912256e-042
  3.46876629e-011 1.08128802e-060 2.03215676e-015 1.27568054e-027
  3.90224910e-025 2.44003576e-034 3.21189022e-035 4.11423302e-013
  5.36303162e-052 2.64667811e-037 6.30832050e-061 1.00000000e+000
  1.54671948e-033 7.05430259e-010 1.51529586e-047 1.50225505e-048
  1.00000000e+000]
 [5.90652364e-047 4.00565357e-080 1.62726224e-030 4.05727580e-006
  2.81695512e-023 8.02540981e-052 2.92566541e-047 1.19798868e-045
  1.80087412e-046 1.88255157e-010 4.39872560e-031 2.27111929e-044
  2.71475865e-042 9.18783961e-032 3.74742807e-032 1.54671948e-033
  1.00000000e+000 1.27849361e-044 2.92482894e-075 1.76382176e-025
  1.00000000e+000]
 [8.87807458e-026 2.54541456e-019 4.73896806e-015 3.77188445e-045
  2.62822859e-007 7.14667044e-058 1.84961606e-010 1.91403416e-038
  2.00051927e-024 1.19762855e-039 3.69784554e-017 1.58266676e-028
  1.37475747e-046 3.36457584e-049 2.62694544e-072 7.05430259e-010
  1.27849361e-044 1.00000000e+000 4.85174087e-045 8.52284131e-039
  1.00000000e+000]
 [1.87539291e-060 7.17740675e-034 1.03864456e-014 7.54744760e-069
  9.39640365e-045 1.24186960e-043 3.43963674e-065 2.72048334e-044
  9.94621023e-040 4.73464236e-040 3.84711012e-051 1.59822562e-035
  4.09621582e-060 2.16283252e-059 9.01407837e-068 1.51529586e-047
  2.92482894e-075 4.85174087e-045 1.00000000e+000 2.58193068e-053
  1.00000000e+000]
 [1.07231785e-017 7.43668192e-050 1.03156425e-021 4.57905400e-016
  2.44807183e-031 9.45583676e-070 1.18019990e-046 5.46294138e-058
  7.71442245e-029 1.65928639e-025 2.29152967e-021 2.66830706e-059
  3.20451814e-013 1.70003522e-066 1.84006143e-049 1.50225505e-048
  1.76382176e-025 8.52284131e-039 2.58193068e-053 1.00000000e+000
  1.00000000e+000]
 [1.00000000e+000 1.00000000e+000 1.00000000e+000 1.00000000e+000
  1.00000000e+000 1.00000000e+000 1.00000000e+000 1.00000000e+000
  1.00000000e+000 1.00000000e+000 1.00000000e+000 1.00000000e+000
  1.00000000e+000 1.00000000e+000 1.00000000e+000 1.00000000e+000
  1.00000000e+000 1.00000000e+000 1.00000000e+000 1.00000000e+000
  0.00000000e+000]]
