[[1.00000000e+00 3.25201085e-08 6.94457355e-42 5.55055189e-21
  5.10677996e-31 2.14673168e-56 2.82398912e-65 8.44797033e-49
  5.14455565e-50 3.06144092e-22 7.14931969e-43 1.60786399e-36
  2.01464793e-57 2.65027150e-67 8.81411296e-63 1.94864792e-40
  5.14067077e-83 1.89374659e-32 9.73274898e-72 4.61068089e-61
  1.00000000e+00]
 [3.25201085e-08 1.00000000e+00 1.74136233e-53 1.43757869e-33
  2.81543441e-21 2.58986003e-51 1.97642750e-50 1.15326633e-36
  6.99995716e-46 6.13295355e-14 5.01712846e-23 1.49594869e-28
  7.34477559e-36 2.20048586e-48 8.33755717e-50 3.33500204e-44
  3.33562296e-59 8.70885912e-30 1.24507098e-69 1.04091576e-53
  1.00000000e+00]
 [6.94457355e-42 1.74136233e-53 1.00000000e+00 1.72719056e-41
  2.47095894e-50 1.59180709e-83 2.81852645e-50 2.13466265e-43
  1.19548610e-42 1.26475565e-51 1.30752329e-52 5.66280393e-39
  3.83466884e-59 1.24611163e-50 5.22200070e-41 5.00914470e-22
  1.57013021e-79 3.10433920e-34 2.30550550e-43 1.64301961e-52
  1.00000000e+00]
 [5.55055189e-21 1.43757869e-33 1.72719056e-41 1.00000000e+00
  9.24392419e-54 8.72709310e-60 6.70771269e-55 4.26589363e-81
  3.63843516e-51 3.86729398e-54 3.29436900e-57 7.76552366e-67
  5.33024101e-54 2.98101018e-71 8.80671896e-85 5.69583560e-47
  1.84440782e-78 9.06687189e-23 2.98388112e-58 3.86932436e-50
  1.00000000e+00]
 [5.10677996e-31 2.81543441e-21 2.47095894e-50 9.24392419e-54
  1.00000000e+00 1.74646817e-37 2.57092930e-26 8.77018152e-14
  2.70944005e-23 1.24749014e-16 6.33786655e-10 7.64214025e-17
  3.83108784e-42 1.86421647e-71 9.01955884e-15 8.47350855e-39
  1.67981717e-40 1.30407017e-21 6.02844561e-39 5.05042275e-69
  1.00000000e+00]
 [2.14673168e-56 2.58986003e-51 1.59180709e-83 8.72709310e-60
  1.74646817e-37 1.00000000e+00 4.38397804e-41 7.92578211e-86
  4.07899284e-14 7.62506782e-36 4.54957049e-37 3.94466435e-29
  1.13466710e-54 7.07007733e-79 1.01254273e-76 9.74112986e-48
  2.01751124e-57 2.42211055e-25 5.54814848e-24 2.36175993e-48
  1.00000000e+00]
 [2.82398912e-65 1.97642750e-50 2.81852645e-50 6.70771269e-55
  2.57092930e-26 4.38397804e-41 1.00000000e+00 8.27010345e-44
  1.92859760e-14 2.01594499e-54 9.13134313e-12 4.26496477e-36
  1.04343888e-35 5.59244596e-48 8.22166476e-31 1.04352874e-55
  9.19424971e-43 1.62746027e-22 2.48249700e-15 8.96621030e-32
  1.00000000e+00]
 [8.44797033e-49 1.15326633e-36 2.13466265e-43 4.26589363e-81
  8.77018152e-14 7.92578211e-86 8.27010345e-44 1.00000000e+00
  7.81603703e-51 6.18032644e-31 1.69091961e-22 7.33126007e-29
  3.07686891e-53 6.00426009e-74 1.39090784e-04 5.99200852e-46
  1.04288212e-52 3.38076372e-44 1.00199546e-65 7.39433217e-95
  1.00000000e+00]
 [5.14455565e-50 6.99995716e-46 1.19548610e-42 3.63843516e-51
  2.70944005e-23 4.07899284e-14 1.92859760e-14 7.81603703e-51
  1.00000000e+00 1.29175121e-35 2.13389335e-19 7.22423190e-16
  1.66360149e-45 2.68867669e-54 5.72824085e-39 2.78379650e-34
  9.13622051e-52 2.12728329e-17 8.40770143e-05 1.62566675e-29
  1.00000000e+00]
 [3.06144092e-22 6.13295355e-14 1.26475565e-51 3.86729398e-54
  1.24749014e-16 7.62506782e-36 2.01594499e-54 6.18032644e-31
  1.29175121e-35 1.00000000e+00 1.63132909e-23 1.08916979e-11
  6.40266198e-31 2.51295291e-53 2.56262189e-38 5.21364406e-21
  2.36107591e-38 1.48699419e-23 5.78904175e-56 3.17259827e-67
  1.00000000e+00]
 [7.14931969e-43 5.01712846e-23 1.30752329e-52 3.29436900e-57
  6.33786655e-10 4.54957049e-37 9.13134313e-12 1.69091961e-22
  2.13389335e-19 1.63132909e-23 1.00000000e+00 8.95401554e-18
  7.35027002e-23 6.02921652e-39 8.64102958e-20 6.51763830e-44
  1.35331866e-30 5.13356707e-21 9.16169433e-32 4.38354778e-41
  1.00000000e+00]
 [1.60786399e-36 1.49594869e-28 5.66280393e-39 7.76552366e-67
  7.64214025e-17 3.94466435e-29 4.26496477e-36 7.33126007e-29
  7.22423190e-16 1.08916979e-11 8.95401554e-18 1.00000000e+00
  1.85133013e-40 1.73258076e-44 1.08906137e-27 1.89540854e-22
  1.08864196e-49 5.45631860e-27 2.77363700e-30 1.37140642e-46
  1.00000000e+00]
 [2.01464793e-57 7.34477559e-36 3.83466884e-59 5.33024101e-54
  3.83108784e-42 1.13466710e-54 1.04343888e-35 3.07686891e-53
  1.66360149e-45 6.40266198e-31 7.35027002e-23 1.85133013e-40
  1.00000000e+00 5.44073057e-23 6.05583509e-51 3.96163469e-33
  5.20860128e-12 1.68938208e-19 2.56148818e-52 8.27074357e-47
  1.00000000e+00]
 [2.65027150e-67 2.20048586e-48 1.24611163e-50 2.98101018e-71
  1.86421647e-71 7.07007733e-79 5.59244596e-48 6.00426009e-74
  2.68867669e-54 2.51295291e-53 6.02921652e-39 1.73258076e-44
  5.44073057e-23 1.00000000e+00 1.09593258e-72 8.02609173e-50
  4.84622743e-60 4.03311027e-48 1.35440905e-61 1.51979145e-21
  1.00000000e+00]
 [8.81411296e-63 8.33755717e-50 5.22200070e-41 8.80671896e-85
  9.01955884e-15 1.01254273e-76 8.22166476e-31 1.39090784e-04
  5.72824085e-39 2.56262189e-38 8.64102958e-20 1.08906137e-27
  6.05583509e-51 1.09593258e-72 1.00000000e+00 1.99797709e-43
  5.51853104e-45 9.97570848e-39 3.43434082e-47 4.42787085e-87
  1.00000000e+00]
 [1.94864792e-40 3.33500204e-44 5.00914470e-22 5.69583560e-47
  8.47350855e-39 9.74112986e-48 1.04352874e-55 5.99200852e-46
  2.78379650e-34 5.21364406e-21 6.51763830e-44 1.89540854e-22
  3.96163469e-33 8.02609173e-50 1.99797709e-43 1.00000000e+00
  2.00706383e-38 4.49814515e-17 8.38543015e-39 1.93666725e-62
  1.00000000e+00]
 [5.14067077e-83 3.33562296e-59 1.57013021e-79 1.84440782e-78
  1.67981717e-40 2.01751124e-57 9.19424971e-43 1.04288212e-52
  9.13622051e-52 2.36107591e-38 1.35331866e-30 1.08864196e-49
  5.20860128e-12 4.84622743e-60 5.51853104e-45 2.00706383e-38
  1.00000000e+00 1.89351491e-23 3.22608585e-55 1.53834819e-85
  1.00000000e+00]
 [1.89374659e-32 8.70885912e-30 3.10433920e-34 9.06687189e-23
  1.30407017e-21 2.42211055e-25 1.62746027e-22 3.38076372e-44
  2.12728329e-17 1.48699419e-23 5.13356707e-21 5.45631860e-27
  1.68938208e-19 4.03311027e-48 9.97570848e-39 4.49814515e-17
  1.89351491e-23 1.00000000e+00 2.57820764e-21 8.51952319e-42
  1.00000000e+00]
 [9.73274898e-72 1.24507098e-69 2.30550550e-43 2.98388112e-58
  6.02844561e-39 5.54814848e-24 2.48249700e-15 1.00199546e-65
  8.40770143e-05 5.78904175e-56 9.16169433e-32 2.77363700e-30
  2.56148818e-52 1.35440905e-61 3.43434082e-47 8.38543015e-39
  3.22608585e-55 2.57820764e-21 1.00000000e+00 2.28776160e-33
  1.00000000e+00]
 [4.61068089e-61 1.04091576e-53 1.64301961e-52 3.86932436e-50
  5.05042275e-69 2.36175993e-48 8.96621030e-32 7.39433217e-95
  1.62566675e-29 3.17259827e-67 4.38354778e-41 1.37140642e-46
  8.27074357e-47 1.51979145e-21 4.42787085e-87 1.93666725e-62
  1.53834819e-85 8.51952319e-42 2.28776160e-33 1.00000000e+00
  1.00000000e+00]
 [1.00000000e+00 1.00000000e+00 1.00000000e+00 1.00000000e+00
  1.00000000e+00 1.00000000e+00 1.00000000e+00 1.00000000e+00
  1.00000000e+00 1.00000000e+00 1.00000000e+00 1.00000000e+00
  1.00000000e+00 1.00000000e+00 1.00000000e+00 1.00000000e+00
  1.00000000e+00 1.00000000e+00 1.00000000e+00 1.00000000e+00
  0.00000000e+00]]
