[[1.00000000e+000 5.95559338e-031 2.71856126e-045 3.39128686e-039
  2.10985372e-031 1.34226968e-025 2.72991445e-002 1.58291765e-037
  4.09495217e-035 1.50003328e-021 1.19282375e-008 6.78587941e-052
  4.73600335e-029 1.82059566e-016 9.65375977e-025 2.84821278e-012
  2.03459123e-028 5.08319680e-030 1.51427341e-031 8.73155627e-052
  1.00000000e+000]
 [5.95559338e-031 1.00000000e+000 3.37891945e-060 8.71869890e-067
  8.34303518e-036 5.36495283e-065 8.24615216e-030 1.79023302e-049
  3.22234566e-046 1.07855011e-018 1.79025520e-046 3.85434755e-016
  2.10408720e-013 2.58338251e-069 6.70913322e-053 9.46974211e-049
  1.24779601e-070 6.96726332e-071 5.57334852e-033 5.94026912e-051
  1.00000000e+000]
 [2.71856126e-045 3.37891945e-060 1.00000000e+000 4.38167880e-024
  5.83878527e-058 1.28464338e-025 2.99370022e-044 8.71943993e-052
  8.81764535e-045 9.74833615e-067 5.69057584e-041 4.36055350e-051
  1.99471473e-086 2.17086077e-037 1.41888580e-078 1.93348571e-031
  6.75728284e-047 1.20793303e-046 7.02788586e-030 2.17396981e-020
  1.00000000e+000]
 [3.39128686e-039 8.71869890e-067 4.38167880e-024 1.00000000e+000
  3.95668699e-085 1.35921665e-012 3.32544921e-035 1.81894053e-083
  7.74105778e-053 2.62628187e-053 1.39824470e-048 1.15745808e-071
  4.14592297e-081 3.85850232e-039 9.97393887e-102 1.34989357e-014
  5.20939113e-016 1.17783822e-054 1.37692522e-037 2.07893658e-035
  1.00000000e+000]
 [2.10985372e-031 8.34303518e-036 5.83878527e-058 3.95668699e-085
  1.00000000e+000 4.60053528e-051 2.70130548e-040 2.21854307e-059
  3.07480756e-027 4.48403321e-068 1.88216237e-016 9.93879908e-067
  1.30873134e-060 1.16326058e-063 2.22633658e-010 1.16559681e-059
  1.30980881e-075 1.31712379e-069 2.99449364e-044 3.23952743e-033
  1.00000000e+000]
 [1.34226968e-025 5.36495283e-065 1.28464338e-025 1.35921665e-012
  4.60053528e-051 1.00000000e+000 1.24711381e-025 4.76845421e-065
  6.23120545e-025 3.19372147e-065 2.67924695e-023 3.31700667e-079
  1.46548801e-081 1.13193306e-034 2.08230392e-060 5.97618883e-018
  1.41229887e-008 2.46033262e-037 1.53489390e-025 1.02519304e-026
  1.00000000e+000]
 [2.72991445e-002 8.24615216e-030 2.99370022e-044 3.32544921e-035
  2.70130548e-040 1.24711381e-025 1.00000000e+000 3.09377625e-035
  1.85582806e-039 3.45486836e-018 1.19186988e-014 7.93765307e-048
  3.49168414e-028 1.04514336e-016 3.16681805e-035 8.63037942e-013
  4.24797969e-026 6.00921596e-030 3.94505997e-025 2.41240731e-056
  1.00000000e+000]
 [1.58291765e-037 1.79023302e-049 8.71943993e-052 1.81894053e-083
  2.21854307e-059 4.76845421e-065 3.09377625e-035 1.00000000e+000
  1.23709958e-042 3.97506628e-058 1.39171009e-049 1.25175211e-031
  5.67960622e-044 9.77715696e-055 8.67719841e-053 2.81113265e-057
  1.80743474e-065 1.57954530e-015 3.15260157e-035 1.73469494e-085
  1.00000000e+000]
 [4.09495217e-035 3.22234566e-046 8.81764535e-045 7.74105778e-053
  3.07480756e-027 6.23120545e-025 1.85582806e-039 1.23709958e-042
  1.00000000e+000 7.41736351e-077 1.29772689e-030 2.57866673e-054
  1.12800442e-061 4.19325020e-073 3.02708860e-038 2.36885910e-047
  3.19764554e-031 2.35742436e-032 4.44882412e-027 5.13328136e-030
  1.00000000e+000]
 [1.50003328e-021 1.07855011e-018 9.74833615e-067 2.62628187e-053
  4.48403321e-068 3.19372147e-065 3.45486836e-018 3.97506628e-058
  7.41736351e-077 1.00000000e+000 3.44514034e-048 4.52553263e-033
  5.08462627e-012 6.55892865e-040 1.05182824e-069 1.29774079e-026
  4.44749598e-061 3.61283014e-065 7.39885435e-052 2.54449953e-079
  1.00000000e+000]
 [1.19282375e-008 1.79025520e-046 5.69057584e-041 1.39824470e-048
  1.88216237e-016 2.67924695e-023 1.19186988e-014 1.39171009e-049
  1.29772689e-030 3.44514034e-048 1.00000000e+000 6.83018052e-074
  9.35759832e-057 1.23744496e-020 7.04619007e-013 7.05919128e-023
  4.81350485e-039 1.76369129e-040 8.09375891e-038 9.08947966e-038
  1.00000000e+000]
 [6.78587941e-052 3.85434755e-016 4.36055350e-051 1.15745808e-071
  9.93879908e-067 3.31700667e-079 7.93765307e-048 1.25175211e-031
  2.57866673e-054 4.52553263e-033 6.83018052e-074 1.00000000e+000
  2.44163343e-022 8.02208644e-082 9.70469714e-085 2.12948520e-059
  7.29184525e-080 1.06305356e-055 5.21754448e-039 1.99215157e-065
  1.00000000e+000]
 [4.73600335e-029 2.10408720e-013 1.99471473e-086 4.14592297e-081
  1.30873134e-060 1.46548801e-081 3.49168414e-028 5.67960622e-044
  1.12800442e-061 5.08462627e-012 9.35759832e-057 2.44163343e-022
  1.00000000e+000 6.76226177e-068 1.75373013e-059 1.58700475e-046
  1.49147030e-071 1.21595567e-057 1.04884629e-056 1.17158157e-090
  1.00000000e+000]
 [1.82059566e-016 2.58338251e-069 2.17086077e-037 3.85850232e-039
  1.16326058e-063 1.13193306e-034 1.04514336e-016 9.77715696e-055
  4.19325020e-073 6.55892865e-040 1.23744496e-020 8.02208644e-082
  6.76226177e-068 1.00000000e+000 4.98337841e-053 4.38087647e-014
  2.93277880e-045 1.05942758e-041 3.04992863e-053 7.15032391e-068
  1.00000000e+000]
 [9.65375977e-025 6.70913322e-053 1.41888580e-078 9.97393887e-102
  2.22633658e-010 2.08230392e-060 3.16681805e-035 8.67719841e-053
  3.02708860e-038 1.05182824e-069 7.04619007e-013 9.70469714e-085
  1.75373013e-059 4.98337841e-053 1.00000000e+000 1.46011010e-058
  1.76711116e-077 7.38845765e-057 5.03748230e-062 6.61339628e-065
  1.00000000e+000]
 [2.84821278e-012 9.46974211e-049 1.93348571e-031 1.34989357e-014
  1.16559681e-059 5.97618883e-018 8.63037942e-013 2.81113265e-057
  2.36885910e-047 1.29774079e-026 7.05919128e-023 2.12948520e-059
  1.58700475e-046 4.38087647e-014 1.46011010e-058 1.00000000e+000
  8.02117334e-019 3.93823681e-034 4.01055449e-043 1.20327623e-045
  1.00000000e+000]
 [2.03459123e-028 1.24779601e-070 6.75728284e-047 5.20939113e-016
  1.30980881e-075 1.41229887e-008 4.24797969e-026 1.80743474e-065
  3.19764554e-031 4.44749598e-061 4.81350485e-039 7.29184525e-080
  1.49147030e-071 2.93277880e-045 1.76711116e-077 8.02117334e-019
  1.00000000e+000 1.50776423e-030 1.43345750e-034 2.29368782e-053
  1.00000000e+000]
 [5.08319680e-030 6.96726332e-071 1.20793303e-046 1.17783822e-054
  1.31712379e-069 2.46033262e-037 6.00921596e-030 1.57954530e-015
  2.35742436e-032 3.61283014e-065 1.76369129e-040 1.06305356e-055
  1.21595567e-057 1.05942758e-041 7.38845765e-057 3.93823681e-034
  1.50776423e-030 1.00000000e+000 1.75619351e-042 5.72948657e-078
  1.00000000e+000]
 [1.51427341e-031 5.57334852e-033 7.02788586e-030 1.37692522e-037
  2.99449364e-044 1.53489390e-025 3.94505997e-025 3.15260157e-035
  4.44882412e-027 7.39885435e-052 8.09375891e-038 5.21754448e-039
  1.04884629e-056 3.04992863e-053 5.03748230e-062 4.01055449e-043
  1.43345750e-034 1.75619351e-042 1.00000000e+000 2.41310803e-037
  1.00000000e+000]
 [8.73155627e-052 5.94026912e-051 2.17396981e-020 2.07893658e-035
  3.23952743e-033 1.02519304e-026 2.41240731e-056 1.73469494e-085
  5.13328136e-030 2.54449953e-079 9.08947966e-038 1.99215157e-065
  1.17158157e-090 7.15032391e-068 6.61339628e-065 1.20327623e-045
  2.29368782e-053 5.72948657e-078 2.41310803e-037 1.00000000e+000
  1.00000000e+000]
 [1.00000000e+000 1.00000000e+000 1.00000000e+000 1.00000000e+000
  1.00000000e+000 1.00000000e+000 1.00000000e+000 1.00000000e+000
  1.00000000e+000 1.00000000e+000 1.00000000e+000 1.00000000e+000
  1.00000000e+000 1.00000000e+000 1.00000000e+000 1.00000000e+000
  1.00000000e+000 1.00000000e+000 1.00000000e+000 1.00000000e+000
  0.00000000e+000]]
