[[1.00000000e+00 5.04910679e-78 3.87715212e-31 ... 5.12959293e-49
  5.47553003e-50 1.00000000e+00]
 [5.04910679e-78 1.00000000e+00 7.31184012e-55 ... 1.80841034e-31
  7.75826020e-35 1.00000000e+00]
 [3.87715212e-31 7.31184012e-55 1.00000000e+00 ... 1.76429633e-44
  1.40504024e-48 1.00000000e+00]
 ...
 [5.12959293e-49 1.80841034e-31 1.76429633e-44 ... 1.00000000e+00
  2.87078893e-48 1.00000000e+00]
 [5.47553003e-50 7.75826020e-35 1.40504024e-48 ... 2.87078893e-48
  1.00000000e+00 1.00000000e+00]
 [1.00000000e+00 1.00000000e+00 1.00000000e+00 ... 1.00000000e+00
  1.00000000e+00 0.00000000e+00]]
