[[1.00000000e+00 3.75978241e-74 6.67182930e-35 ... 5.11164781e-51
  2.74105724e-70 1.00000000e+00]
 [3.75978241e-74 1.00000000e+00 1.46727342e-39 ... 1.70681558e-45
  7.51219388e-25 1.00000000e+00]
 [6.67182930e-35 1.46727342e-39 1.00000000e+00 ... 2.21726030e-38
  9.04845436e-62 1.00000000e+00]
 ...
 [5.11164781e-51 1.70681558e-45 2.21726030e-38 ... 1.00000000e+00
  4.40079283e-77 1.00000000e+00]
 [2.74105724e-70 7.51219388e-25 9.04845436e-62 ... 4.40079283e-77
  1.00000000e+00 1.00000000e+00]
 [1.00000000e+00 1.00000000e+00 1.00000000e+00 ... 1.00000000e+00
  1.00000000e+00 0.00000000e+00]]
