[[1.00000000e+00 1.28048658e-28 1.51430965e-68 2.65455276e-18
  2.87206885e-38 2.81433019e-44 7.03165938e-46 2.04463997e-37
  1.84076090e-08 2.27088531e-57 1.67473394e-20 3.14416114e-54
  1.69678115e-08 1.44138756e-06 3.64201287e-29 2.85302686e-26
  1.58633509e-34 5.30821639e-30 7.45040608e-44 2.39212710e-13
  1.00000000e+00]
 [1.28048658e-28 1.00000000e+00 3.04866407e-53 3.25212196e-36
  5.45710027e-15 1.45107464e-38 3.69916308e-06 5.27587888e-27
  1.11195873e-50 6.22448118e-49 1.24549702e-17 8.63413439e-28
  6.48499951e-38 4.82576704e-46 7.50228206e-33 1.82900500e-24
  1.86876304e-55 7.63804517e-39 1.77957467e-09 1.00782157e-22
  1.00000000e+00]
 [1.51430965e-68 3.04866407e-53 1.00000000e+00 1.78064800e-31
  1.56051488e-75 4.51398785e-37 2.34734465e-53 3.88833370e-74
  2.31205163e-97 9.62277167e-25 1.84386152e-42 5.60244470e-33
  5.69487273e-73 5.78102334e-80 3.46914611e-52 8.01141435e-45
  3.29571648e-33 6.53133481e-55 1.81175681e-45 7.72909028e-46
  1.00000000e+00]
 [2.65455276e-18 3.25212196e-36 1.78064800e-31 1.00000000e+00
  9.43829078e-45 4.29092490e-37 4.26597027e-41 1.81363469e-50
  4.02853918e-36 6.95787484e-35 6.33119699e-23 2.25589302e-42
  2.56229230e-31 8.06969646e-17 1.11224331e-33 4.95585464e-15
  6.23757741e-14 6.48133809e-39 9.43858791e-41 1.55029228e-22
  1.00000000e+00]
 [2.87206885e-38 5.45710027e-15 1.56051488e-75 9.43829078e-45
  1.00000000e+00 2.45820649e-41 4.21638811e-23 5.32396050e-17
  2.48857832e-58 2.39076450e-92 1.12699630e-30 1.04293389e-39
  1.19891540e-46 1.58598169e-52 5.52241738e-73 2.76189692e-36
  1.72330899e-78 8.86047283e-33 1.06461720e-22 3.09404728e-26
  1.00000000e+00]
 [2.81433019e-44 1.45107464e-38 4.51398785e-37 4.29092490e-37
  2.45820649e-41 1.00000000e+00 3.69714921e-53 1.23175801e-14
  1.44077851e-49 1.34158488e-46 8.49715156e-44 1.25970695e-26
  2.50113885e-34 6.54629114e-48 6.26067388e-52 6.62527652e-31
  8.88681311e-76 2.92562919e-09 8.60422242e-21 2.58245014e-37
  1.00000000e+00]
 [7.03165938e-46 3.69916308e-06 2.34734465e-53 4.26597027e-41
  4.21638811e-23 3.69714921e-53 1.00000000e+00 4.30645767e-43
  1.87869580e-78 5.10936387e-45 1.18139025e-32 4.16970317e-42
  2.22217344e-65 7.85873136e-62 5.12244035e-47 1.93674174e-33
  6.17576644e-59 6.19379479e-63 5.73547098e-16 3.87085797e-41
  1.00000000e+00]
 [2.04463997e-37 5.27587888e-27 3.88833370e-74 1.81363469e-50
  5.32396050e-17 1.23175801e-14 4.30645767e-43 1.00000000e+00
  1.23017812e-43 5.24283458e-79 4.59120215e-46 8.74131228e-42
  4.04003959e-33 1.05247209e-45 3.69282076e-69 3.06506694e-40
  8.87370937e-98 1.76378940e-11 4.50723637e-21 1.76397305e-34
  1.00000000e+00]
 [1.84076090e-08 1.11195873e-50 2.31205163e-97 4.02853918e-36
  2.48857832e-58 1.44077851e-49 1.87869580e-78 1.23017812e-43
  1.00000000e+00 3.71612851e-82 5.68666737e-35 6.28197267e-65
  1.82166027e-04 5.29077301e-09 9.06225507e-36 1.39643188e-34
  2.42035871e-61 4.32444405e-30 1.28794505e-58 2.99051389e-27
  1.00000000e+00]
 [2.27088531e-57 6.22448118e-49 9.62277167e-25 6.95787484e-35
  2.39076450e-92 1.34158488e-46 5.10936387e-45 5.24283458e-79
  3.71612851e-82 1.00000000e+00 1.18485000e-57 4.55368181e-59
  6.20729395e-70 2.15291417e-61 3.65912924e-32 7.95541098e-44
  3.16202131e-42 8.25546228e-73 1.59002743e-44 4.02418691e-65
  1.00000000e+00]
 [1.67473394e-20 1.24549702e-17 1.84386152e-42 6.33119699e-23
  1.12699630e-30 8.49715156e-44 1.18139025e-32 4.59120215e-46
  5.68666737e-35 1.18485000e-57 1.00000000e+00 5.61809786e-17
  1.90584092e-21 3.22629475e-36 6.03594460e-21 1.32455573e-16
  1.50273111e-27 4.07431360e-33 1.26578543e-26 4.72045622e-07
  1.00000000e+00]
 [3.14416114e-54 8.63413439e-28 5.60244470e-33 2.25589302e-42
  1.04293389e-39 1.25970695e-26 4.16970317e-42 8.74131228e-42
  6.28197267e-65 4.55368181e-59 5.61809786e-17 1.00000000e+00
  2.78919754e-42 2.40067932e-68 1.24235172e-33 4.16708096e-20
  5.58675058e-60 9.91376505e-30 3.24179636e-15 6.64484822e-29
  1.00000000e+00]
 [1.69678115e-08 6.48499951e-38 5.69487273e-73 2.56229230e-31
  1.19891540e-46 2.50113885e-34 2.22217344e-65 4.04003959e-33
  1.82166027e-04 6.20729395e-70 1.90584092e-21 2.78919754e-42
  1.00000000e+00 3.09839111e-15 8.34418088e-28 4.85761505e-28
  2.06897726e-52 5.35162858e-17 5.22000781e-43 8.92037127e-15
  1.00000000e+00]
 [1.44138756e-06 4.82576704e-46 5.78102334e-80 8.06969646e-17
  1.58598169e-52 6.54629114e-48 7.85873136e-62 1.05247209e-45
  5.29077301e-09 2.15291417e-61 3.22629475e-36 2.40067932e-68
  3.09839111e-15 1.00000000e+00 5.32907985e-37 5.81440747e-25
  6.33368626e-42 3.58239904e-38 9.61531139e-55 4.16706366e-30
  1.00000000e+00]
 [3.64201287e-29 7.50228206e-33 3.46914611e-52 1.11224331e-33
  5.52241738e-73 6.26067388e-52 5.12244035e-47 3.69282076e-69
  9.06225507e-36 3.65912924e-32 6.03594460e-21 1.24235172e-33
  8.34418088e-28 5.32907985e-37 1.00000000e+00 7.15145869e-20
  3.28323608e-38 1.62931580e-54 4.80447271e-34 6.09218333e-36
  1.00000000e+00]
 [2.85302686e-26 1.82900500e-24 8.01141435e-45 4.95585464e-15
  2.76189692e-36 6.62527652e-31 1.93674174e-33 3.06506694e-40
  1.39643188e-34 7.95541098e-44 1.32455573e-16 4.16708096e-20
  4.85761505e-28 5.81440747e-25 7.15145869e-20 1.00000000e+00
  1.03447746e-38 5.91417906e-35 4.32259779e-18 1.53107251e-28
  1.00000000e+00]
 [1.58633509e-34 1.86876304e-55 3.29571648e-33 6.23757741e-14
  1.72330899e-78 8.88681311e-76 6.17576644e-59 8.87370937e-98
  2.42035871e-61 3.16202131e-42 1.50273111e-27 5.58675058e-60
  2.06897726e-52 6.33368626e-42 3.28323608e-38 1.03447746e-38
  1.00000000e+00 6.40520186e-74 8.09883264e-72 7.14754646e-31
  1.00000000e+00]
 [5.30821639e-30 7.63804517e-39 6.53133481e-55 6.48133809e-39
  8.86047283e-33 2.92562919e-09 6.19379479e-63 1.76378940e-11
  4.32444405e-30 8.25546228e-73 4.07431360e-33 9.91376505e-30
  5.35162858e-17 3.58239904e-38 1.62931580e-54 5.91417906e-35
  6.40520186e-74 1.00000000e+00 9.42202834e-31 9.42720208e-21
  1.00000000e+00]
 [7.45040608e-44 1.77957467e-09 1.81175681e-45 9.43858791e-41
  1.06461720e-22 8.60422242e-21 5.73547098e-16 4.50723637e-21
  1.28794505e-58 1.59002743e-44 1.26578543e-26 3.24179636e-15
  5.22000781e-43 9.61531139e-55 4.80447271e-34 4.32259779e-18
  8.09883264e-72 9.42202834e-31 1.00000000e+00 9.96558065e-36
  1.00000000e+00]
 [2.39212710e-13 1.00782157e-22 7.72909028e-46 1.55029228e-22
  3.09404728e-26 2.58245014e-37 3.87085797e-41 1.76397305e-34
  2.99051389e-27 4.02418691e-65 4.72045622e-07 6.64484822e-29
  8.92037127e-15 4.16706366e-30 6.09218333e-36 1.53107251e-28
  7.14754646e-31 9.42720208e-21 9.96558065e-36 1.00000000e+00
  1.00000000e+00]
 [1.00000000e+00 1.00000000e+00 1.00000000e+00 1.00000000e+00
  1.00000000e+00 1.00000000e+00 1.00000000e+00 1.00000000e+00
  1.00000000e+00 1.00000000e+00 1.00000000e+00 1.00000000e+00
  1.00000000e+00 1.00000000e+00 1.00000000e+00 1.00000000e+00
  1.00000000e+00 1.00000000e+00 1.00000000e+00 1.00000000e+00
  0.00000000e+00]]
