[[1.00000000e+00 5.83584714e-32 8.06793831e-70 9.31763335e-60
  8.06471056e-20 2.90853147e-50 6.36967548e-22 2.55619463e-42
  4.33306869e-45 1.10402931e-14 9.16737518e-30 2.34164237e-64
  5.24526908e-21 4.89836858e-69 1.22181821e-44 1.15059205e-29
  2.61169787e-30 3.34470560e-64 5.00834808e-42 2.85704879e-21
  1.00000000e+00]
 [5.83584714e-32 1.00000000e+00 3.12280143e-52 3.37933459e-38
  5.23677009e-56 3.66306325e-44 4.08104952e-39 5.33365510e-58
  1.91655404e-18 1.50855266e-35 7.14638759e-11 1.15288755e-11
  7.08670022e-10 6.93942465e-53 1.63998024e-17 3.53194327e-27
  7.79682055e-60 1.44271348e-57 5.46235740e-30 7.87261035e-31
  1.00000000e+00]
 [8.06793831e-70 3.12280143e-52 1.00000000e+00 2.43833906e-52
  1.49128689e-66 1.82844931e-11 3.50442289e-32 1.31201441e-33
  1.11697475e-20 1.79803003e-50 4.23996574e-71 9.31770789e-45
  1.14057253e-31 1.06442057e-08 3.40710884e-19 1.46479823e-36
  4.97483603e-73 1.33690487e-30 9.97881357e-46 3.40218814e-48
  1.00000000e+00]
 [9.31763335e-60 3.37933459e-38 2.43833906e-52 1.00000000e+00
  5.39363343e-65 6.99734779e-60 9.00398737e-39 3.11024050e-75
  2.55349817e-39 1.89455056e-35 4.61318394e-61 8.72689865e-44
  6.03144202e-23 1.63105583e-55 7.24059923e-50 1.49576669e-84
  1.60737617e-30 2.67111180e-21 3.63574330e-18 1.69982213e-15
  1.00000000e+00]
 [8.06471056e-20 5.23677009e-56 1.49128689e-66 5.39363343e-65
  1.00000000e+00 5.81241731e-50 7.22920781e-21 2.12106117e-66
  4.05733019e-64 1.97683742e-17 5.71566925e-42 8.41087019e-77
  1.51835429e-37 1.76590346e-53 3.62147765e-51 8.62104056e-40
  1.90768858e-26 2.92122653e-57 2.97921873e-64 1.65979606e-25
  1.00000000e+00]
 [2.90853147e-50 3.66306325e-44 1.82844931e-11 6.99734779e-60
  5.81241731e-50 1.00000000e+00 1.37822660e-15 2.82335973e-41
  1.45695547e-31 6.24897231e-50 5.42466324e-47 3.51703252e-41
  1.89100725e-27 1.29029067e-08 1.13454589e-25 1.26309581e-29
  6.62038612e-67 3.23297172e-35 9.31703920e-34 2.09946380e-39
  1.00000000e+00]
 [6.36967548e-22 4.08104952e-39 3.50442289e-32 9.00398737e-39
  7.22920781e-21 1.37822660e-15 1.00000000e+00 2.99307726e-49
  2.55984411e-37 3.45887562e-26 7.57356583e-39 3.61594660e-54
  1.30869755e-20 1.53364342e-28 5.22163024e-36 8.39361394e-38
  2.01103191e-22 2.95601818e-21 1.28676322e-22 1.47346527e-10
  1.00000000e+00]
 [2.55619463e-42 5.33365510e-58 1.31201441e-33 3.11024050e-75
  2.12106117e-66 2.82335973e-41 2.99307726e-49 1.00000000e+00
  1.60663021e-35 1.18357471e-30 6.43407591e-76 4.11428755e-68
  8.85030266e-30 1.63918141e-45 2.80352508e-39 7.37622735e-33
  3.78919251e-81 4.57772384e-77 1.42093394e-56 1.15493280e-58
  1.00000000e+00]
 [4.33306869e-45 1.91655404e-18 1.11697475e-20 2.55349817e-39
  4.05733019e-64 1.45695547e-31 2.55984411e-37 1.60663021e-35
  1.00000000e+00 2.61969984e-37 4.33072741e-45 4.60601567e-29
  1.14219074e-16 1.07957113e-37 1.13746990e-05 1.73041789e-23
  1.89887047e-57 7.60205161e-36 6.35284304e-40 1.73510082e-35
  1.00000000e+00]
 [1.10402931e-14 1.50855266e-35 1.79803003e-50 1.89455056e-35
  1.97683742e-17 6.24897231e-50 3.45887562e-26 1.18357471e-30
  2.61969984e-37 1.00000000e+00 7.51081634e-41 6.37465203e-54
  1.14963944e-14 3.20799941e-49 6.84778655e-36 5.10786735e-35
  4.02286494e-25 1.05876580e-49 2.59525350e-40 2.41863864e-17
  1.00000000e+00]
 [9.16737518e-30 7.14638759e-11 4.23996574e-71 4.61318394e-61
  5.71566925e-42 5.42466324e-47 7.57356583e-39 6.43407591e-76
  4.33072741e-45 7.51081634e-41 1.00000000e+00 2.08678899e-19
  3.91773297e-20 7.05931379e-56 5.55807454e-33 1.79304016e-28
  2.46056405e-69 3.29572712e-79 1.03745703e-42 3.06466691e-39
  1.00000000e+00]
 [2.34164237e-64 1.15288755e-11 9.31770789e-45 8.72689865e-44
  8.41087019e-77 3.51703252e-41 3.61594660e-54 4.11428755e-68
  4.60601567e-29 6.37465203e-54 2.08678899e-19 1.00000000e+00
  3.43798033e-18 6.86670815e-37 8.78217734e-22 3.94049092e-39
  8.31647465e-92 1.68614165e-67 1.84006353e-36 7.20998753e-51
  1.00000000e+00]
 [5.24526908e-21 7.08670022e-10 1.14057253e-31 6.03144202e-23
  1.51835429e-37 1.89100725e-27 1.30869755e-20 8.85030266e-30
  1.14219074e-16 1.14963944e-14 3.91773297e-20 3.43798033e-18
  1.00000000e+00 1.53504208e-31 1.02710478e-17 9.48099475e-26
  1.52382495e-39 3.36922069e-38 6.00624590e-15 1.67112517e-15
  1.00000000e+00]
 [4.89836858e-69 6.93942465e-53 1.06442057e-08 1.63105583e-55
  1.76590346e-53 1.29029067e-08 1.53364342e-28 1.63918141e-45
  1.07957113e-37 3.20799941e-49 7.05931379e-56 6.86670815e-37
  1.53504208e-31 1.00000000e+00 7.21085837e-27 2.76243354e-38
  4.23597331e-77 5.73936850e-40 2.21562221e-44 3.50472039e-48
  1.00000000e+00]
 [1.22181821e-44 1.63998024e-17 3.40710884e-19 7.24059923e-50
  3.62147765e-51 1.13454589e-25 5.22163024e-36 2.80352508e-39
  1.13746990e-05 6.84778655e-36 5.55807454e-33 8.78217734e-22
  1.02710478e-17 7.21085837e-27 1.00000000e+00 3.38885629e-12
  8.66790149e-65 1.16950879e-44 1.73146919e-49 1.24337034e-40
  1.00000000e+00]
 [1.15059205e-29 3.53194327e-27 1.46479823e-36 1.49576669e-84
  8.62104056e-40 1.26309581e-29 8.39361394e-38 7.37622735e-33
  1.73041789e-23 5.10786735e-35 1.79304016e-28 3.94049092e-39
  9.48099475e-26 2.76243354e-38 3.38885629e-12 1.00000000e+00
  7.76428945e-77 1.10810411e-75 8.07912341e-67 2.74078893e-53
  1.00000000e+00]
 [2.61169787e-30 7.79682055e-60 4.97483603e-73 1.60737617e-30
  1.90768858e-26 6.62038612e-67 2.01103191e-22 3.78919251e-81
  1.89887047e-57 4.02286494e-25 2.46056405e-69 8.31647465e-92
  1.52382495e-39 4.23597331e-77 8.66790149e-65 7.76428945e-77
  1.00000000e+00 3.54227826e-25 4.26577610e-43 3.39952174e-08
  1.00000000e+00]
 [3.34470560e-64 1.44271348e-57 1.33690487e-30 2.67111180e-21
  2.92122653e-57 3.23297172e-35 2.95601818e-21 4.57772384e-77
  7.60205161e-36 1.05876580e-49 3.29572712e-79 1.68614165e-67
  3.36922069e-38 5.73936850e-40 1.16950879e-44 1.10810411e-75
  3.54227826e-25 1.00000000e+00 1.19288240e-30 4.26839528e-18
  1.00000000e+00]
 [5.00834808e-42 5.46235740e-30 9.97881357e-46 3.63574330e-18
  2.97921873e-64 9.31703920e-34 1.28676322e-22 1.42093394e-56
  6.35284304e-40 2.59525350e-40 1.03745703e-42 1.84006353e-36
  6.00624590e-15 2.21562221e-44 1.73146919e-49 8.07912341e-67
  4.26577610e-43 1.19288240e-30 1.00000000e+00 1.05567058e-16
  1.00000000e+00]
 [2.85704879e-21 7.87261035e-31 3.40218814e-48 1.69982213e-15
  1.65979606e-25 2.09946380e-39 1.47346527e-10 1.15493280e-58
  1.73510082e-35 2.41863864e-17 3.06466691e-39 7.20998753e-51
  1.67112517e-15 3.50472039e-48 1.24337034e-40 2.74078893e-53
  3.39952174e-08 4.26839528e-18 1.05567058e-16 1.00000000e+00
  1.00000000e+00]
 [1.00000000e+00 1.00000000e+00 1.00000000e+00 1.00000000e+00
  1.00000000e+00 1.00000000e+00 1.00000000e+00 1.00000000e+00
  1.00000000e+00 1.00000000e+00 1.00000000e+00 1.00000000e+00
  1.00000000e+00 1.00000000e+00 1.00000000e+00 1.00000000e+00
  1.00000000e+00 1.00000000e+00 1.00000000e+00 1.00000000e+00
  0.00000000e+00]]
