[[1.00000000e+00 3.31114638e-32 6.77525009e-55 ... 3.08170304e-54
  3.96034008e-26 1.00000000e+00]
 [3.31114638e-32 1.00000000e+00 1.31075230e-24 ... 1.46597249e-49
  5.69316952e-71 1.00000000e+00]
 [6.77525009e-55 1.31075230e-24 1.00000000e+00 ... 3.36712402e-58
  1.33400548e-59 1.00000000e+00]
 ...
 [3.08170304e-54 1.46597249e-49 3.36712402e-58 ... 1.00000000e+00
  2.91876496e-41 1.00000000e+00]
 [3.96034008e-26 5.69316952e-71 1.33400548e-59 ... 2.91876496e-41
  1.00000000e+00 1.00000000e+00]
 [1.00000000e+00 1.00000000e+00 1.00000000e+00 ... 1.00000000e+00
  1.00000000e+00 0.00000000e+00]]
