[[1.00000000e+00 4.55130428e-46 1.86912119e-39 ... 5.66895357e-50
  5.68714269e-44 1.00000000e+00]
 [4.55130428e-46 1.00000000e+00 1.30475704e-46 ... 1.67216416e-35
  9.80861544e-88 1.00000000e+00]
 [1.86912119e-39 1.30475704e-46 1.00000000e+00 ... 1.42770404e-22
  4.41005705e-66 1.00000000e+00]
 ...
 [5.66895357e-50 1.67216416e-35 1.42770404e-22 ... 1.00000000e+00
  1.91665618e-71 1.00000000e+00]
 [5.68714269e-44 9.80861544e-88 4.41005705e-66 ... 1.91665618e-71
  1.00000000e+00 1.00000000e+00]
 [1.00000000e+00 1.00000000e+00 1.00000000e+00 ... 1.00000000e+00
  1.00000000e+00 0.00000000e+00]]
