[[1.00000000e+00 8.99406108e-83 6.61871391e-21 ... 6.18913723e-76
  1.00398128e-44 1.00000000e+00]
 [8.99406108e-83 1.00000000e+00 2.49177997e-38 ... 1.77760246e-15
  4.42115245e-51 1.00000000e+00]
 [6.61871391e-21 2.49177997e-38 1.00000000e+00 ... 1.13834733e-21
  5.69409279e-20 1.00000000e+00]
 ...
 [6.18913723e-76 1.77760246e-15 1.13834733e-21 ... 1.00000000e+00
  2.24807754e-38 1.00000000e+00]
 [1.00398128e-44 4.42115245e-51 5.69409279e-20 ... 2.24807754e-38
  1.00000000e+00 1.00000000e+00]
 [1.00000000e+00 1.00000000e+00 1.00000000e+00 ... 1.00000000e+00
  1.00000000e+00 0.00000000e+00]]
