[[1.00000000e+000 5.55922244e-045 1.16178297e-041 1.21369928e-037
  3.30036351e-069 1.17889171e-013 9.75773147e-024 2.15316549e-012
  1.69792778e-039 4.50621611e-060 2.56150123e-018 5.81133444e-066
  6.33295964e-038 1.88680952e-035 2.13594911e-051 3.21900712e-035
  1.33783747e-042 8.20983274e-049 5.98795861e-020 4.50156708e-012
  1.00000000e+000]
 [5.55922244e-045 1.00000000e+000 4.56933773e-017 1.01491486e-036
  2.37215908e-069 1.46803559e-022 4.05920447e-064 1.65160698e-065
  5.75673903e-060 1.08650548e-025 6.01584128e-031 3.87953310e-042
  8.39619652e-050 2.02164118e-032 1.01634297e-015 2.53694342e-074
  4.28239177e-078 1.11190176e-044 4.22498107e-034 1.85871511e-044
  1.00000000e+000]
 [1.16178297e-041 4.56933773e-017 1.00000000e+000 8.41290211e-022
  4.42737155e-059 2.47663786e-027 3.46373366e-036 1.73758517e-060
  1.42923798e-037 9.69166777e-025 1.38663148e-049 2.03859342e-034
  3.45359571e-040 3.21939264e-050 6.03392606e-013 7.14367596e-046
  2.25988408e-047 4.63261865e-054 1.52311060e-019 6.25288203e-037
  1.00000000e+000]
 [1.21369928e-037 1.01491486e-036 8.41290211e-022 1.00000000e+000
  4.78791851e-063 1.11444187e-046 1.79655815e-040 1.25804773e-036
  3.75551332e-035 9.96668420e-034 2.35808090e-059 5.20850382e-036
  2.90001591e-076 3.89168152e-037 1.87261503e-039 3.99555668e-028
  1.74681194e-075 1.08644796e-050 9.25038055e-007 7.65187588e-033
  1.00000000e+000]
 [3.30036351e-069 2.37215908e-069 4.42737155e-059 4.78791851e-063
  1.00000000e+000 4.79432314e-058 3.15777707e-089 1.07134776e-056
  4.53267641e-108 7.34855238e-029 1.26468976e-044 2.30257556e-023
  4.17186314e-060 1.73738460e-051 1.50364754e-056 2.05803322e-058
  1.57324118e-104 5.28200758e-022 4.37729397e-072 1.16896465e-042
  1.00000000e+000]
 [1.17889171e-013 1.46803559e-022 2.47663786e-027 1.11444187e-046
  4.79432314e-058 1.00000000e+000 1.68911032e-046 3.10654326e-039
  4.87077094e-064 7.24219355e-044 1.49003305e-012 5.40028985e-062
  4.64431027e-035 2.00848379e-044 1.02096591e-037 1.15972581e-046
  1.03170192e-049 6.92190370e-050 1.04224903e-027 3.45965927e-017
  1.00000000e+000]
 [9.75773147e-024 4.05920447e-064 3.46373366e-036 1.79655815e-040
  3.15777707e-089 1.68911032e-046 1.00000000e+000 1.66783982e-028
  5.97152674e-008 5.89192403e-069 1.47911655e-055 5.18027481e-059
  2.60103532e-027 2.98704441e-050 1.25557875e-039 6.39887912e-051
  4.61277601e-025 2.08013384e-062 5.99338992e-031 1.70487292e-037
  1.00000000e+000]
 [2.15316549e-012 1.65160698e-065 1.73758517e-060 1.25804773e-036
  1.07134776e-056 3.10654326e-039 1.66783982e-028 1.00000000e+000
  2.33767414e-041 3.56590322e-064 3.30136637e-027 5.66845675e-049
  1.67012306e-048 3.99866785e-024 1.93184394e-059 1.66956074e-043
  1.31622572e-069 5.37487400e-034 4.46792800e-031 8.13215674e-023
  1.00000000e+000]
 [1.69792778e-039 5.75673903e-060 1.42923798e-037 3.75551332e-035
  4.53267641e-108 4.87077094e-064 5.97152674e-008 2.33767414e-041
  1.00000000e+000 2.71194982e-065 2.82876838e-071 3.21431042e-059
  4.93762713e-042 2.84738828e-045 2.47401004e-037 6.76973198e-062
  2.90062715e-036 2.21248471e-065 1.64296734e-033 3.37698337e-051
  1.00000000e+000]
 [4.50621611e-060 1.08650548e-025 9.69166777e-025 9.96668420e-034
  7.34855238e-029 7.24219355e-044 5.89192403e-069 3.56590322e-064
  2.71194982e-065 1.00000000e+000 1.70747721e-042 1.90627696e-022
  1.52471255e-051 2.22790379e-031 3.43060470e-026 3.27319282e-045
  3.79913397e-069 1.04586121e-020 1.38376359e-043 2.72699925e-032
  1.00000000e+000]
 [2.56150123e-018 6.01584128e-031 1.38663148e-049 2.35808090e-059
  1.26468976e-044 1.49003305e-012 1.47911655e-055 3.30136637e-027
  2.82876838e-071 1.70747721e-042 1.00000000e+000 1.46516180e-049
  8.34812190e-031 4.83553865e-022 6.57596975e-041 7.25148454e-064
  5.10135988e-069 6.90606510e-024 1.69980738e-047 2.59724573e-021
  1.00000000e+000]
 [5.81133444e-066 3.87953310e-042 2.03859342e-034 5.20850382e-036
  2.30257556e-023 5.40028985e-062 5.18027481e-059 5.66845675e-049
  3.21431042e-059 1.90627696e-022 1.46516180e-049 1.00000000e+000
  5.05200668e-047 6.77538715e-027 6.51003357e-020 2.82578896e-073
  2.81930185e-098 6.45668653e-017 3.20726782e-053 1.54136713e-055
  1.00000000e+000]
 [6.33295964e-038 8.39619652e-050 3.45359571e-040 2.90001591e-076
  4.17186314e-060 4.64431027e-035 2.60103532e-027 1.67012306e-048
  4.93762713e-042 1.52471255e-051 8.34812190e-031 5.05200668e-047
  1.00000000e+000 2.68206313e-045 2.09405113e-024 1.36008501e-081
  8.59591069e-032 7.07648020e-039 6.79899367e-066 9.03379768e-043
  1.00000000e+000]
 [1.88680952e-035 2.02164118e-032 3.21939264e-050 3.89168152e-037
  1.73738460e-051 2.00848379e-044 2.98704441e-050 3.99866785e-024
  2.84738828e-045 2.22790379e-031 4.83553865e-022 6.77538715e-027
  2.68206313e-045 1.00000000e+000 5.11634591e-032 2.02872113e-068
  4.79294926e-085 1.51955115e-010 5.26840547e-044 1.20749242e-035
  1.00000000e+000]
 [2.13594911e-051 1.01634297e-015 6.03392606e-013 1.87261503e-039
  1.50364754e-056 1.02096591e-037 1.25557875e-039 1.93184394e-059
  2.47401004e-037 3.43060470e-026 6.57596975e-041 6.51003357e-020
  2.09405113e-024 5.11634591e-032 1.00000000e+000 6.81429408e-081
  3.77584116e-062 5.90425278e-035 4.06036693e-043 5.46851277e-053
  1.00000000e+000]
 [3.21900712e-035 2.53694342e-074 7.14367596e-046 3.99555668e-028
  2.05803322e-058 1.15972581e-046 6.39887912e-051 1.66956074e-043
  6.76973198e-062 3.27319282e-045 7.25148454e-064 2.82578896e-073
  1.36008501e-081 2.02872113e-068 6.81429408e-081 1.00000000e+000
  2.52576246e-049 2.22476502e-065 8.08072365e-022 1.39849058e-013
  1.00000000e+000]
 [1.33783747e-042 4.28239177e-078 2.25988408e-047 1.74681194e-075
  1.57324118e-104 1.03170192e-049 4.61277601e-025 1.31622572e-069
  2.90062715e-036 3.79913397e-069 5.10135988e-069 2.81930185e-098
  8.59591069e-032 4.79294926e-085 3.77584116e-062 2.52576246e-049
  1.00000000e+000 9.25298352e-085 2.84677970e-056 8.22035005e-037
  1.00000000e+000]
 [8.20983274e-049 1.11190176e-044 4.63261865e-054 1.08644796e-050
  5.28200758e-022 6.92190370e-050 2.08013384e-062 5.37487400e-034
  2.21248471e-065 1.04586121e-020 6.90606510e-024 6.45668653e-017
  7.07648020e-039 1.51955115e-010 5.90425278e-035 2.22476502e-065
  9.25298352e-085 1.00000000e+000 9.83252840e-061 1.05131895e-034
  1.00000000e+000]
 [5.98795861e-020 4.22498107e-034 1.52311060e-019 9.25038055e-007
  4.37729397e-072 1.04224903e-027 5.99338992e-031 4.46792800e-031
  1.64296734e-033 1.38376359e-043 1.69980738e-047 3.20726782e-053
  6.79899367e-066 5.26840547e-044 4.06036693e-043 8.08072365e-022
  2.84677970e-056 9.83252840e-061 1.00000000e+000 9.11002324e-022
  1.00000000e+000]
 [4.50156708e-012 1.85871511e-044 6.25288203e-037 7.65187588e-033
  1.16896465e-042 3.45965927e-017 1.70487292e-037 8.13215674e-023
  3.37698337e-051 2.72699925e-032 2.59724573e-021 1.54136713e-055
  9.03379768e-043 1.20749242e-035 5.46851277e-053 1.39849058e-013
  8.22035005e-037 1.05131895e-034 9.11002324e-022 1.00000000e+000
  1.00000000e+000]
 [1.00000000e+000 1.00000000e+000 1.00000000e+000 1.00000000e+000
  1.00000000e+000 1.00000000e+000 1.00000000e+000 1.00000000e+000
  1.00000000e+000 1.00000000e+000 1.00000000e+000 1.00000000e+000
  1.00000000e+000 1.00000000e+000 1.00000000e+000 1.00000000e+000
  1.00000000e+000 1.00000000e+000 1.00000000e+000 1.00000000e+000
  0.00000000e+000]]
