[[1.00000000e+000 4.45874828e-032 3.28620133e-044 2.79405363e-033
  6.52298166e-068 1.86048301e-043 5.47668455e-102 3.59476530e-034
  4.12917672e-025 5.56731656e-066 7.85071662e-059 2.67936617e-032
  1.19222766e-022 2.62351600e-049 2.72593572e-016 6.13055705e-050
  1.30663947e-088 4.19760814e-039 1.42053783e-025 2.48109865e-049
  1.00000000e+000]
 [4.45874828e-032 1.00000000e+000 9.20495289e-048 2.59010422e-006
  4.53245228e-029 1.78122075e-012 1.73822634e-060 4.81855246e-017
  3.76640815e-033 1.17430438e-040 8.44686461e-013 4.12305355e-018
  2.18901583e-036 5.56350635e-056 4.33961164e-037 6.18783107e-030
  8.47059779e-027 2.29328036e-042 6.43196273e-021 4.12531464e-038
  1.00000000e+000]
 [3.28620133e-044 9.20495289e-048 1.00000000e+000 4.43400476e-028
  5.44992437e-072 2.50629827e-048 4.16594775e-039 7.80929991e-045
  5.17405183e-052 8.32180821e-015 4.84289319e-046 8.90360591e-045
  7.62879175e-044 9.89261694e-057 2.19320000e-035 4.27043813e-030
  7.44401354e-058 2.27139036e-021 3.71919427e-051 3.69768735e-011
  1.00000000e+000]
 [2.79405363e-033 2.59010422e-006 4.43400476e-028 1.00000000e+000
  5.94913478e-026 5.46460907e-013 1.84946564e-047 1.53782609e-010
  1.27730621e-043 5.58575532e-026 1.37464874e-010 2.73617417e-018
  2.31694573e-039 4.40482783e-055 9.77020579e-033 6.97447295e-020
  2.19792582e-022 4.78389234e-034 4.15110080e-020 8.19127088e-026
  1.00000000e+000]
 [6.52298166e-068 4.53245228e-029 5.44992437e-072 5.94913478e-026
  1.00000000e+000 2.68659727e-046 9.93420474e-050 1.64484639e-055
  2.74099928e-059 1.64287580e-047 1.54592262e-013 1.91074550e-022
  9.29634133e-053 2.43723752e-058 1.52044855e-047 2.78111877e-029
  6.49362069e-026 1.42592668e-095 2.04578275e-035 3.54065173e-072
  1.00000000e+000]
 [1.86048301e-043 1.78122075e-012 2.50629827e-048 5.46460907e-013
  2.68659727e-046 1.00000000e+000 7.13577891e-084 9.59618813e-022
  1.75522964e-052 1.67633030e-048 1.55663789e-022 7.49783111e-028
  1.27078499e-067 1.19151296e-091 1.71696441e-034 2.99985987e-019
  1.48658853e-045 8.39848443e-037 1.42243245e-012 4.54138840e-055
  1.00000000e+000]
 [5.47668455e-102 1.73822634e-060 4.16594775e-039 1.84946564e-047
  9.93420474e-050 7.13577891e-084 1.00000000e+000 3.65774651e-090
  1.68679473e-070 6.57794945e-021 3.00821099e-039 3.98907689e-048
  9.75793834e-051 1.43351788e-042 3.91053525e-078 4.41247853e-048
  1.10746378e-035 1.77537245e-085 4.13267315e-090 2.61106936e-033
  1.00000000e+000]
 [3.59476530e-034 4.81855246e-017 7.80929991e-045 1.53782609e-010
  1.64484639e-055 9.59618813e-022 3.65774651e-090 1.00000000e+000
  3.27024025e-071 1.43089520e-057 1.38937441e-036 1.22721441e-038
  1.37720432e-059 2.72178365e-080 1.22256713e-051 5.17587544e-047
  1.24400478e-050 2.33523949e-042 3.36145382e-031 6.30665902e-041
  1.00000000e+000]
 [4.12917672e-025 3.76640815e-033 5.17405183e-052 1.27730621e-043
  2.74099928e-059 1.75522964e-052 1.68679473e-070 3.27024025e-071
  1.00000000e+000 1.19964285e-045 2.25345770e-043 1.41588927e-036
  2.18518066e-019 1.32440415e-046 1.58881267e-025 8.18683253e-048
  1.12739951e-064 2.11997669e-042 9.43434322e-043 1.53398214e-046
  1.00000000e+000]
 [5.56731656e-066 1.17430438e-040 8.32180821e-015 5.58575532e-026
  1.64287580e-047 1.67633030e-048 6.57794945e-021 1.43089520e-057
  1.19964285e-045 1.00000000e+000 9.40484820e-022 3.21444222e-048
  8.50745964e-052 1.21176101e-066 9.15019440e-049 8.26582173e-028
  3.87946809e-023 8.31613811e-030 3.50407004e-059 7.74045369e-014
  1.00000000e+000]
 [7.85071662e-059 8.44686461e-013 4.84289319e-046 1.37464874e-010
  1.54592262e-013 1.55663789e-022 3.00821099e-039 1.38937441e-036
  2.25345770e-043 9.40484820e-022 1.00000000e+000 1.16221209e-026
  1.45074864e-052 7.68297311e-069 5.51548941e-045 1.00483374e-020
  2.20416876e-007 2.40325384e-050 9.89397262e-032 9.89691704e-040
  1.00000000e+000]
 [2.67936617e-032 4.12305355e-018 8.90360591e-045 2.73617417e-018
  1.91074550e-022 7.49783111e-028 3.98907689e-048 1.22721441e-038
  1.41588927e-036 3.21444222e-048 1.16221209e-026 1.00000000e+000
  1.61798113e-022 5.92670871e-026 4.93409369e-019 1.50163970e-017
  1.00719489e-051 8.08132241e-069 1.10557283e-014 2.68875252e-053
  1.00000000e+000]
 [1.19222766e-022 2.18901583e-036 7.62879175e-044 2.31694573e-039
  9.29634133e-053 1.27078499e-067 9.75793834e-051 1.37720432e-059
  2.18518066e-019 8.50745964e-052 1.45074864e-052 1.61798113e-022
  1.00000000e+000 1.12347126e-008 4.30481568e-030 9.08688904e-054
  3.59057407e-071 1.94972705e-065 5.60929365e-049 1.06280489e-038
  1.00000000e+000]
 [2.62351600e-049 5.56350635e-056 9.89261694e-057 4.40482783e-055
  2.43723752e-058 1.19151296e-091 1.43351788e-042 2.72178365e-080
  1.32440415e-046 1.21176101e-066 7.68297311e-069 5.92670871e-026
  1.12347126e-008 1.00000000e+000 4.25545072e-049 6.61941014e-065
  5.99334359e-086 2.36145144e-102 1.10764096e-068 1.61175912e-054
  1.00000000e+000]
 [2.72593572e-016 4.33961164e-037 2.19320000e-035 9.77020579e-033
  1.52044855e-047 1.71696441e-034 3.91053525e-078 1.22256713e-051
  1.58881267e-025 9.15019440e-049 5.51548941e-045 4.93409369e-019
  4.30481568e-030 4.25545072e-049 1.00000000e+000 4.86672535e-018
  1.09433719e-079 2.68997639e-044 7.02406774e-012 4.68435258e-057
  1.00000000e+000]
 [6.13055705e-050 6.18783107e-030 4.27043813e-030 6.97447295e-020
  2.78111877e-029 2.99985987e-019 4.41247853e-048 5.17587544e-047
  8.18683253e-048 8.26582173e-028 1.00483374e-020 1.50163970e-017
  9.08688904e-054 6.61941014e-065 4.86672535e-018 1.00000000e+000
  7.72259514e-045 3.03064507e-047 1.74829906e-014 1.34031117e-050
  1.00000000e+000]
 [1.30663947e-088 8.47059779e-027 7.44401354e-058 2.19792582e-022
  6.49362069e-026 1.48658853e-045 1.10746378e-035 1.24400478e-050
  1.12739951e-064 3.87946809e-023 2.20416876e-007 1.00719489e-051
  3.59057407e-071 5.99334359e-086 1.09433719e-079 7.72259514e-045
  1.00000000e+000 5.09696319e-064 2.03770018e-065 1.86322583e-039
  1.00000000e+000]
 [4.19760814e-039 2.29328036e-042 2.27139036e-021 4.78389234e-034
  1.42592668e-095 8.39848443e-037 1.77537245e-085 2.33523949e-042
  2.11997669e-042 8.31613811e-030 2.40325384e-050 8.08132241e-069
  1.94972705e-065 2.36145144e-102 2.68997639e-044 3.03064507e-047
  5.09696319e-064 1.00000000e+000 4.09166177e-052 1.32040594e-022
  1.00000000e+000]
 [1.42053783e-025 6.43196273e-021 3.71919427e-051 4.15110080e-020
  2.04578275e-035 1.42243245e-012 4.13267315e-090 3.36145382e-031
  9.43434322e-043 3.50407004e-059 9.89397262e-032 1.10557283e-014
  5.60929365e-049 1.10764096e-068 7.02406774e-012 1.74829906e-014
  2.03770018e-065 4.09166177e-052 1.00000000e+000 4.21158551e-069
  1.00000000e+000]
 [2.48109865e-049 4.12531464e-038 3.69768735e-011 8.19127088e-026
  3.54065173e-072 4.54138840e-055 2.61106936e-033 6.30665902e-041
  1.53398214e-046 7.74045369e-014 9.89691704e-040 2.68875252e-053
  1.06280489e-038 1.61175912e-054 4.68435258e-057 1.34031117e-050
  1.86322583e-039 1.32040594e-022 4.21158551e-069 1.00000000e+000
  1.00000000e+000]
 [1.00000000e+000 1.00000000e+000 1.00000000e+000 1.00000000e+000
  1.00000000e+000 1.00000000e+000 1.00000000e+000 1.00000000e+000
  1.00000000e+000 1.00000000e+000 1.00000000e+000 1.00000000e+000
  1.00000000e+000 1.00000000e+000 1.00000000e+000 1.00000000e+000
  1.00000000e+000 1.00000000e+000 1.00000000e+000 1.00000000e+000
  0.00000000e+000]]
