[[1.00000000e+00 1.02258843e-61 1.90563233e-76 5.58047133e-24
  1.14105744e-16 2.07394757e-61 2.58726186e-38 9.90495093e-64
  2.54244499e-64 4.16585075e-43 1.41455769e-77 1.47204241e-56
  2.08638686e-77 1.13537871e-49 1.67205090e-42 5.00778539e-76
  1.88550744e-25 2.88247392e-53 1.46749255e-13 2.76720705e-23
  1.00000000e+00]
 [1.02258843e-61 1.00000000e+00 5.96663545e-40 4.01430518e-75
  4.67382348e-37 2.49632810e-18 7.14992560e-44 7.02587184e-50
  6.06089104e-27 2.93980501e-45 1.49725011e-59 1.96141409e-25
  1.61515940e-21 8.36036173e-40 1.22474917e-73 3.88309029e-21
  1.20900040e-38 4.70781283e-61 8.54847405e-35 2.14216624e-44
  1.00000000e+00]
 [1.90563233e-76 5.96663545e-40 1.00000000e+00 6.09387250e-55
  5.96292747e-39 2.39126047e-59 3.27438166e-69 4.63933680e-17
  8.64740766e-47 4.04087904e-66 4.11461102e-50 9.90133255e-57
  2.98267700e-52 4.18340311e-43 1.91820593e-66 1.10218160e-78
  4.88341382e-29 4.08161862e-34 9.43949556e-32 1.99221878e-22
  1.00000000e+00]
 [5.58047133e-24 4.01430518e-75 6.09387250e-55 1.00000000e+00
  8.70564754e-16 1.05044433e-82 5.02433813e-44 4.39345620e-29
  3.75047967e-44 2.54016926e-46 1.76275972e-39 2.76848211e-74
  8.04723782e-66 4.22764598e-32 1.54901634e-15 1.78952085e-92
  1.43633216e-21 8.46471845e-20 1.83470419e-18 2.90361993e-15
  1.00000000e+00]
 [1.14105744e-16 4.67382348e-37 5.96292747e-39 8.70564754e-16
  1.00000000e+00 2.20906233e-46 1.98368623e-28 7.75529974e-20
  1.25488103e-38 1.87629149e-21 8.32154427e-33 2.70372955e-25
  4.62918057e-41 2.02528485e-30 1.45143364e-20 3.15946696e-50
  1.04448073e-15 1.43400895e-32 5.26142119e-09 1.74428086e-10
  1.00000000e+00]
 [2.07394757e-61 2.49632810e-18 2.39126047e-59 1.05044433e-82
  2.20906233e-46 1.00000000e+00 4.83219347e-47 7.40289766e-74
  9.33362846e-29 2.61130625e-60 1.54220122e-54 7.92066706e-25
  4.06166998e-22 1.23460163e-49 1.31396096e-62 3.19176366e-11
  2.00359395e-49 3.54656574e-58 2.71113364e-37 1.19803850e-43
  1.00000000e+00]
 [2.58726186e-38 7.14992560e-44 3.27438166e-69 5.02433813e-44
  1.98368623e-28 4.83219347e-47 1.00000000e+00 1.31216404e-51
  9.92609330e-53 5.84390923e-08 8.36597537e-40 1.29932085e-43
  1.58344482e-26 4.51584274e-78 3.13348270e-52 9.31405135e-34
  1.19684896e-15 1.45296122e-67 1.16383154e-20 7.80373238e-41
  1.00000000e+00]
 [9.90495093e-64 7.02587184e-50 4.63933680e-17 4.39345620e-29
  7.75529974e-20 7.40289766e-74 1.31216404e-51 1.00000000e+00
  1.14654073e-43 9.81049636e-39 1.16752183e-23 5.09787138e-47
  5.28827837e-44 2.83668994e-39 1.29488047e-34 3.26182515e-75
  1.26415683e-25 2.99331995e-30 2.01492069e-29 6.28895754e-21
  1.00000000e+00]
 [2.54244499e-64 6.06089104e-27 8.64740766e-47 3.75047967e-44
  1.25488103e-38 9.33362846e-29 9.92609330e-53 1.14654073e-43
  1.00000000e+00 4.89799447e-65 7.03938165e-31 4.35863691e-53
  1.64817893e-19 6.24921099e-14 1.78378483e-32 6.84514577e-37
  3.97333113e-42 4.09451848e-19 6.07103325e-37 5.08420694e-34
  1.00000000e+00]
 [4.16585075e-43 2.93980501e-45 4.04087904e-66 2.54016926e-46
  1.87629149e-21 2.61130625e-60 5.84390923e-08 9.81049636e-39
  4.89799447e-65 1.00000000e+00 6.22995593e-39 5.86572321e-32
  4.71724134e-33 4.24559838e-82 3.07645778e-53 1.44702646e-40
  2.06664556e-21 4.03657435e-78 2.53427943e-26 7.47640833e-44
  1.00000000e+00]
 [1.41455769e-77 1.49725011e-59 4.11461102e-50 1.76275972e-39
  8.32154427e-33 1.54220122e-54 8.36597537e-40 1.16752183e-23
  7.03938165e-31 6.22995593e-39 1.00000000e+00 3.63338952e-44
  2.17254742e-20 6.04112642e-51 1.22607768e-18 2.18274961e-45
  5.79661161e-40 2.53766686e-32 3.76360620e-41 4.10943008e-35
  1.00000000e+00]
 [1.47204241e-56 1.96141409e-25 9.90133255e-57 2.76848211e-74
  2.70372955e-25 7.92066706e-25 1.29932085e-43 5.09787138e-47
  4.35863691e-53 5.86572321e-32 3.63338952e-44 1.00000000e+00
  1.91591883e-30 2.02120968e-61 5.45598716e-54 5.04598408e-20
  7.45467705e-49 7.14678513e-75 7.49254268e-38 1.67825942e-42
  1.00000000e+00]
 [2.08638686e-77 1.61515940e-21 2.98267700e-52 8.04723782e-66
  4.62918057e-41 4.06166998e-22 1.58344482e-26 5.28827837e-44
  1.64817893e-19 4.71724134e-33 2.17254742e-20 1.91591883e-30
  1.00000000e+00 1.33388880e-52 3.72255374e-48 7.28244664e-11
  3.73591402e-38 2.01031458e-51 7.07871259e-40 1.43999287e-47
  1.00000000e+00]
 [1.13537871e-49 8.36036173e-40 4.18340311e-43 4.22764598e-32
  2.02528485e-30 1.23460163e-49 4.51584274e-78 2.83668994e-39
  6.24921099e-14 4.24559838e-82 6.04112642e-51 2.02120968e-61
  1.33388880e-52 1.00000000e+00 5.56216091e-30 1.07735938e-70
  2.34269244e-47 1.24825679e-13 1.16645800e-35 7.88205403e-25
  1.00000000e+00]
 [1.67205090e-42 1.22474917e-73 1.91820593e-66 1.54901634e-15
  1.45143364e-20 1.31396096e-62 3.13348270e-52 1.29488047e-34
  1.78378483e-32 3.07645778e-53 1.22607768e-18 5.45598716e-54
  3.72255374e-48 5.56216091e-30 1.00000000e+00 2.98436547e-67
  3.34665799e-42 3.24308178e-19 2.55563938e-32 8.59177596e-23
  1.00000000e+00]
 [5.00778539e-76 3.88309029e-21 1.10218160e-78 1.78952085e-92
  3.15946696e-50 3.19176366e-11 9.31405135e-34 3.26182515e-75
  6.84514577e-37 1.44702646e-40 2.18274961e-45 5.04598408e-20
  7.28244664e-11 1.07735938e-70 2.98436547e-67 1.00000000e+00
  7.72900006e-56 9.98741559e-81 1.50912816e-49 2.99437451e-63
  1.00000000e+00]
 [1.88550744e-25 1.20900040e-38 4.88341382e-29 1.43633216e-21
  1.04448073e-15 2.00359395e-49 1.19684896e-15 1.26415683e-25
  3.97333113e-42 2.06664556e-21 5.79661161e-40 7.45467705e-49
  3.73591402e-38 2.34269244e-47 3.34665799e-42 7.72900006e-56
  1.00000000e+00 1.58371705e-34 1.95219927e-04 8.34112544e-13
  1.00000000e+00]
 [2.88247392e-53 4.70781283e-61 4.08161862e-34 8.46471845e-20
  1.43400895e-32 3.54656574e-58 1.45296122e-67 2.99331995e-30
  4.09451848e-19 4.03657435e-78 2.53766686e-32 7.14678513e-75
  2.01031458e-51 1.24825679e-13 3.24308178e-19 9.98741559e-81
  1.58371705e-34 1.00000000e+00 1.14988225e-28 1.23633907e-14
  1.00000000e+00]
 [1.46749255e-13 8.54847405e-35 9.43949556e-32 1.83470419e-18
  5.26142119e-09 2.71113364e-37 1.16383154e-20 2.01492069e-29
  6.07103325e-37 2.53427943e-26 3.76360620e-41 7.49254268e-38
  7.07871259e-40 1.16645800e-35 2.55563938e-32 1.50912816e-49
  1.95219927e-04 1.14988225e-28 1.00000000e+00 3.25621887e-06
  1.00000000e+00]
 [2.76720705e-23 2.14216624e-44 1.99221878e-22 2.90361993e-15
  1.74428086e-10 1.19803850e-43 7.80373238e-41 6.28895754e-21
  5.08420694e-34 7.47640833e-44 4.10943008e-35 1.67825942e-42
  1.43999287e-47 7.88205403e-25 8.59177596e-23 2.99437451e-63
  8.34112544e-13 1.23633907e-14 3.25621887e-06 1.00000000e+00
  1.00000000e+00]
 [1.00000000e+00 1.00000000e+00 1.00000000e+00 1.00000000e+00
  1.00000000e+00 1.00000000e+00 1.00000000e+00 1.00000000e+00
  1.00000000e+00 1.00000000e+00 1.00000000e+00 1.00000000e+00
  1.00000000e+00 1.00000000e+00 1.00000000e+00 1.00000000e+00
  1.00000000e+00 1.00000000e+00 1.00000000e+00 1.00000000e+00
  0.00000000e+00]]
