[[1.00000000e+00 7.15839573e-59 1.33410790e-87 ... 1.82978089e-28
  3.37574973e-27 1.00000000e+00]
 [7.15839573e-59 1.00000000e+00 3.83057099e-27 ... 1.92827377e-27
  5.00837751e-50 1.00000000e+00]
 [1.33410790e-87 3.83057099e-27 1.00000000e+00 ... 1.05598407e-37
  2.98951536e-38 1.00000000e+00]
 ...
 [1.82978089e-28 1.92827377e-27 1.05598407e-37 ... 1.00000000e+00
  1.12471123e-22 1.00000000e+00]
 [3.37574973e-27 5.00837751e-50 2.98951536e-38 ... 1.12471123e-22
  1.00000000e+00 1.00000000e+00]
 [1.00000000e+00 1.00000000e+00 1.00000000e+00 ... 1.00000000e+00
  1.00000000e+00 0.00000000e+00]]
