[[1.00000000e+000 3.19700694e-105 5.79582172e-076 ... 1.70394979e-041
  1.16066075e-031 1.00000000e+000]
 [3.19700694e-105 1.00000000e+000 1.21777139e-060 ... 2.68905787e-038
  4.24207798e-045 1.00000000e+000]
 [5.79582172e-076 1.21777139e-060 1.00000000e+000 ... 2.30038316e-029
  3.41480993e-050 1.00000000e+000]
 ...
 [1.70394979e-041 2.68905787e-038 2.30038316e-029 ... 1.00000000e+000
  6.11784200e-036 1.00000000e+000]
 [1.16066075e-031 4.24207798e-045 3.41480993e-050 ... 6.11784200e-036
  1.00000000e+000 1.00000000e+000]
 [1.00000000e+000 1.00000000e+000 1.00000000e+000 ... 1.00000000e+000
  1.00000000e+000 0.00000000e+000]]
