[[-1.67782521  2.74319474 -2.23223034  0.14838822  0.93550954 -4.45913556]
 [ 4.71965054 -2.8957374   4.37869612  1.18166846 -0.53799611  2.3856088 ]
 [ 0.78493138  1.3116869   4.09117745 -0.79164759 -0.3396982   4.67597596]
 [ 4.62291755 -4.96778272  4.14005328 -0.99548983 -0.23138837  4.12844715]
 [ 2.66346942 -3.90415463 -1.09652312 -3.17320645 -1.82659662 -2.36563126]
 [ 3.03457395  0.37692755 -3.797823    3.69282117  3.28605287  0.02095445]
 [ 0.7732534   0.06248206 -0.27139669  3.31378627  2.48975662 -0.59115361]
 [-0.54192455 -2.20635974  0.2179455   1.70762362  1.68036335 -2.86453463]
 [ 4.49540361  4.3406864  -0.73787656 -1.37412247 -3.36388269  4.91674529]
 [ 2.11659003  4.21155538 -4.23196587 -1.27067668 -4.37939832  2.77715805]
 [-4.18388671 -2.42925367 -4.17409407 -2.71574374  0.21746196  1.64797687]
 [ 1.01306244  0.32219945 -1.20387946  4.72330716  1.39372232 -0.94137303]
 [ 2.9793926  -2.28377819 -3.51918177 -3.48429608  2.42938303 -3.61929364]
 [ 1.36024404 -4.07204576  0.41699592 -1.6032389  -4.96045417  4.79115732]
 [ 2.52396077  2.59235719 -2.06994163 -2.66441688 -4.34661382  1.54562618]
 [ 4.7596629  -3.7939807  -1.75015086  3.37933625 -1.00553001 -2.87975741]
 [-2.3811192   2.51969836  2.45590408 -0.02984153 -0.42688146  3.29377441]
 [-4.22729211 -2.95436199  1.84025466 -4.25027585  2.0621592  -2.59847939]
 [ 2.87545951  0.34225083  0.81300474 -3.24525469  0.75337169 -1.95326211]
 [-2.51857311  0.83259787  1.47386962 -0.9871033  -0.41003097  1.71280064]],[[  9615.48166458]
 [ 65365.60643868]
 [   707.12928506]
 [111761.50371944]
 [ 52987.53478991]
 [ 20078.03294492]
 [  7252.95859935]
 [  2953.17680557]
 [ 66302.13064302]
 [ 51881.16438   ]
 [ 55064.23530643]
 [ 43982.42509697]
 [ 29550.56073918]
 [ 35340.64848219]
 [ 22272.9687126 ]
 [111497.87487045]
 [  2540.89599456]
 [ 73788.97542752]
 [ 15914.09673814]
 [  3305.64106869]],[[-29513.22625241]
 [ 26236.54436142]
 [-38421.57649523]
 [ 72632.66786363]
 [ 13858.82686859]
 [-19050.67515853]
 [-31947.0813696 ]
 [-36175.52530055]
 [ 27173.42272186]
 [ 12752.76070887]
 [ 15935.52738489]
 [  5284.95507842]
 [ -9578.14717982]
 [ -3788.05943738]
 [-16855.96939787]
 [ 72369.16694326]
 [-36562.27816071]
 [ 34660.2675041 ]
 [-23214.61117949]
 [-35796.98950344]
 [ 39128.70791995]],[[1.00000000e+000 4.80520288e-073 6.00483658e-059 1.29924444e-094
  1.13806342e-038 1.93727217e-030 5.03348848e-020 6.19319239e-017
  1.44316014e-066 1.54926564e-045 1.07465037e-036 1.97425574e-021
  7.57763742e-029 1.51455399e-081 1.25465466e-039 1.22670610e-044
  1.96793152e-037 2.62159642e-035 5.27123163e-024 1.78993868e-026
  1.00000000e+000]
 [4.80520288e-073 1.00000000e+000 3.68008469e-019 4.87596967e-006
  8.74041386e-035 3.65240808e-047 1.74150484e-030 1.05641385e-034
  6.01320550e-044 6.79704720e-067 4.24547913e-074 1.33703108e-036
  3.11133260e-058 2.02365984e-027 5.43480042e-047 1.26682975e-031
  5.74518072e-038 7.88659690e-065 1.08776403e-029 1.98869559e-035
  1.00000000e+000]
 [6.00483658e-059 3.68008469e-019 1.00000000e+000 2.10582314e-024
  1.01631951e-050 3.46545548e-054 1.62737002e-032 1.46688975e-042
  5.80943889e-025 5.48667335e-044 6.40548923e-053 1.43785128e-041
  5.99361907e-070 6.93418131e-029 5.45901242e-032 2.86802206e-066
  5.84135797e-008 2.00869450e-052 6.41882745e-030 2.25803517e-012
  1.00000000e+000]
 [1.29924444e-094 4.87596967e-006 2.10582314e-024 1.00000000e+000
  2.83033700e-036 7.71104314e-064 1.47404277e-047 2.65565962e-048
  2.72278725e-053 8.70498266e-079 2.83230682e-071 1.87024123e-057
  2.43510831e-062 8.80857599e-022 1.13365426e-055 2.65002524e-046
  2.46317079e-048 2.44330128e-065 8.67576769e-038 4.01480278e-043
  1.00000000e+000]
 [1.13806342e-038 8.74041386e-035 1.01631951e-050 2.83033700e-036
  1.00000000e+000 3.25176723e-046 3.84564318e-037 5.49806613e-023
  3.16570769e-057 1.28036393e-049 4.76319529e-035 3.88546937e-042
  4.74501763e-013 4.73387966e-030 5.45213536e-029 7.02296551e-022
  3.11826373e-054 1.40023508e-032 3.97066935e-013 3.57461821e-035
  1.00000000e+000]
 [1.93727217e-030 3.65240808e-047 3.46545548e-054 7.71104314e-064
  3.25176723e-046 1.00000000e+000 6.83943625e-009 1.24665661e-022
  2.62216775e-053 4.45418025e-047 6.51228906e-050 7.64264101e-008
  2.79094597e-032 7.47487710e-070 3.94700003e-048 4.32322951e-023
  4.22457519e-049 2.76340530e-073 2.35213728e-035 5.75613218e-043
  1.00000000e+000]
 [5.03348848e-020 1.74150484e-030 1.62737002e-032 1.47404277e-047
  3.84564318e-037 6.83943625e-009 1.00000000e+000 1.81878102e-007
  2.18333854e-052 2.40048352e-050 6.42821242e-041 1.34984614e-002
  7.24707042e-034 1.08044092e-055 4.82125517e-044 1.28063960e-022
  5.26865053e-026 3.74580698e-044 5.45855614e-024 5.28307307e-021
  1.00000000e+000]
 [6.19319239e-017 1.05641385e-034 1.46688975e-042 2.65565962e-048
  5.49806613e-023 1.24665661e-022 1.81878102e-007 1.00000000e+000
  3.13976693e-072 6.59769276e-064 3.71621999e-033 5.05406524e-011
  2.23341555e-024 3.40918099e-053 1.31810466e-049 4.67416622e-020
  8.82101064e-034 1.60481597e-023 3.68010793e-020 2.86119379e-021
  1.00000000e+000]
 [1.44316014e-066 6.01320550e-044 5.80943889e-025 2.72278725e-053
  3.16570769e-057 2.62216775e-053 2.18333854e-052 3.13976693e-072
  1.00000000e+000 6.19994507e-011 1.81809205e-069 5.56498977e-054
  2.69103661e-072 1.89899159e-037 1.36772327e-010 1.44165789e-068
  8.29296916e-033 1.12277836e-100 3.10793614e-039 7.12473562e-038
  1.00000000e+000]
 [1.54926564e-045 6.79704720e-067 5.48667335e-044 8.70498266e-079
  1.28036393e-049 4.45418025e-047 2.40048352e-050 6.59769276e-064
  6.19994507e-011 1.00000000e+000 9.29977332e-048 6.85978975e-048
  1.26676218e-059 4.06008783e-042 1.80500908e-005 1.68224260e-062
  9.48685114e-038 6.04370030e-091 2.19393907e-041 1.59243723e-036
  1.00000000e+000]
 [1.07465037e-036 4.24547913e-074 6.40548923e-053 2.83230682e-071
  4.76319529e-035 6.51228906e-050 6.42821242e-041 3.71621999e-033
  1.81809205e-069 9.29977332e-048 1.00000000e+000 4.02590678e-047
  1.22826005e-037 7.12538790e-041 3.40561390e-042 1.63934799e-064
  2.35417958e-036 6.88741994e-027 2.19308681e-042 7.08716992e-022
  1.00000000e+000]
 [1.97425574e-021 1.33703108e-036 1.43785128e-041 1.87024123e-057
  3.88546937e-042 7.64264101e-008 1.34984614e-002 5.05406524e-011
  5.56498977e-054 6.85978975e-048 4.02590678e-047 1.00000000e+000
  1.61059287e-040 1.70354152e-059 5.55525906e-045 3.16055204e-019
  1.10047579e-032 1.06761344e-057 3.36702626e-032 5.27055055e-028
  1.00000000e+000]
 [7.57763742e-029 3.11133260e-058 5.99361907e-070 2.43510831e-062
  4.74501763e-013 2.79094597e-032 7.24707042e-034 2.23341555e-024
  2.69103661e-072 1.26676218e-059 1.22826005e-037 1.61059287e-040
  1.00000000e+000 5.89334113e-066 7.14634252e-044 2.83776942e-030
  3.26627023e-068 1.02007621e-036 2.50855037e-014 1.86271932e-047
  1.00000000e+000]
 [1.51455399e-081 2.02365984e-027 6.93418131e-029 8.80857599e-022
  4.73387966e-030 7.47487710e-070 1.08044092e-055 3.40918099e-053
  1.89899159e-037 4.06008783e-042 7.12538790e-041 1.70354152e-059
  5.89334113e-066 1.00000000e+000 1.62036264e-028 5.99863969e-051
  1.86112529e-038 6.95436450e-064 2.33123639e-045 1.82239216e-031
  1.00000000e+000]
 [1.25465466e-039 5.43480042e-047 5.45901242e-032 1.13365426e-055
  5.45213536e-029 3.94700003e-048 4.82125517e-044 1.31810466e-049
  1.36772327e-010 1.80500908e-005 3.40561390e-042 5.55525906e-045
  7.14634252e-044 1.62036264e-028 1.00000000e+000 7.16709279e-050
  4.35122979e-031 6.53469605e-067 2.39193673e-023 1.56314647e-026
  1.00000000e+000]
 [1.22670610e-044 1.26682975e-031 2.86802206e-066 2.65002524e-046
  7.02296551e-022 4.32322951e-023 1.28063960e-022 4.67416622e-020
  1.44165789e-068 1.68224260e-062 1.63934799e-064 3.16055204e-019
  2.83776942e-030 5.99863969e-051 7.16709279e-050 1.00000000e+000
  1.30256923e-069 4.14289426e-071 2.50822158e-033 3.88809923e-055
  1.00000000e+000]
 [1.96793152e-037 5.74518072e-038 5.84135797e-008 2.46317079e-048
  3.11826373e-054 4.22457519e-049 5.26865053e-026 8.82101064e-034
  8.29296916e-033 9.48685114e-038 2.35417958e-036 1.10047579e-032
  3.26627023e-068 1.86112529e-038 4.35122979e-031 1.30256923e-069
  1.00000000e+000 6.87044777e-041 5.20708878e-033 7.13230834e-004
  1.00000000e+000]
 [2.62159642e-035 7.88659690e-065 2.00869450e-052 2.44330128e-065
  1.40023508e-032 2.76340530e-073 3.74580698e-044 1.60481597e-023
  1.12277836e-100 6.04370030e-091 6.88741994e-027 1.06761344e-057
  1.02007621e-036 6.95436450e-064 6.53469605e-067 4.14289426e-071
  6.87044777e-041 1.00000000e+000 3.53845830e-029 1.24269046e-023
  1.00000000e+000]
 [5.27123163e-024 1.08776403e-029 6.41882745e-030 8.67576769e-038
  3.97066935e-013 2.35213728e-035 5.45855614e-024 3.68010793e-020
  3.10793614e-039 2.19393907e-041 2.19308681e-042 3.36702626e-032
  2.50855037e-014 2.33123639e-045 2.39193673e-023 2.50822158e-033
  5.20708878e-033 3.53845830e-029 1.00000000e+000 2.69482178e-022
  1.00000000e+000]
 [1.78993868e-026 1.98869559e-035 2.25803517e-012 4.01480278e-043
  3.57461821e-035 5.75613218e-043 5.28307307e-021 2.86119379e-021
  7.12473562e-038 1.59243723e-036 7.08716992e-022 5.27055055e-028
  1.86271932e-047 1.82239216e-031 1.56314647e-026 3.88809923e-055
  7.13230834e-004 1.24269046e-023 2.69482178e-022 1.00000000e+000
  1.00000000e+000]
 [1.00000000e+000 1.00000000e+000 1.00000000e+000 1.00000000e+000
  1.00000000e+000 1.00000000e+000 1.00000000e+000 1.00000000e+000
  1.00000000e+000 1.00000000e+000 1.00000000e+000 1.00000000e+000
  1.00000000e+000 1.00000000e+000 1.00000000e+000 1.00000000e+000
  1.00000000e+000 1.00000000e+000 1.00000000e+000 1.00000000e+000
  0.00000000e+000]]
