[[1.00000000e+00 2.24083982e-58 6.01045801e-36 ... 8.00108070e-37
  3.59708050e-43 1.00000000e+00]
 [2.24083982e-58 1.00000000e+00 3.45230600e-31 ... 2.66623784e-54
  1.04588910e-23 1.00000000e+00]
 [6.01045801e-36 3.45230600e-31 1.00000000e+00 ... 9.59177722e-29
  4.64224578e-45 1.00000000e+00]
 ...
 [8.00108070e-37 2.66623784e-54 9.59177722e-29 ... 1.00000000e+00
  2.37487832e-70 1.00000000e+00]
 [3.59708050e-43 1.04588910e-23 4.64224578e-45 ... 2.37487832e-70
  1.00000000e+00 1.00000000e+00]
 [1.00000000e+00 1.00000000e+00 1.00000000e+00 ... 1.00000000e+00
  1.00000000e+00 0.00000000e+00]]
