[[1.00000000e+00 4.44615001e-67 3.80173059e-53 1.15202873e-39
  9.64836685e-25 3.26389463e-48 4.12796514e-30 4.40906136e-62
  1.59186825e-80 2.50844246e-89 3.59190188e-51 2.37210257e-38
  1.26494125e-34 1.87200293e-38 1.85163892e-32 1.10523962e-60
  8.08001463e-42 1.29570901e-18 5.93612063e-56 2.60893018e-43
  1.00000000e+00]
 [4.44615001e-67 1.00000000e+00 3.69722517e-18 7.42163737e-33
  9.08466521e-34 2.45663696e-14 8.96494472e-51 1.74402242e-39
  3.26967337e-40 2.39393083e-64 3.62529398e-78 1.60407554e-54
  9.76069143e-39 2.18540756e-10 1.02976180e-64 3.69114589e-10
  6.88173098e-25 2.61974761e-42 3.95109710e-34 1.00285628e-74
  1.00000000e+00]
 [3.80173059e-53 3.69722517e-18 1.00000000e+00 2.75730381e-41
  1.10862897e-23 5.20817239e-20 1.13832779e-32 1.31533056e-23
  8.12541095e-25 8.65012766e-46 5.66321455e-37 1.33171872e-36
  1.83154485e-41 1.63387639e-15 3.90443479e-29 7.95023706e-04
  1.06938876e-09 1.70944423e-19 3.74218022e-31 2.29273724e-30
  1.00000000e+00]
 [1.15202873e-39 7.42163737e-33 2.75730381e-41 1.00000000e+00
  4.11474204e-37 3.50235042e-17 3.98823919e-45 9.31169450e-76
  4.36302596e-44 4.35171489e-44 2.29070194e-54 3.71512886e-21
  5.52950202e-31 2.59389725e-21 2.67581801e-47 1.73118542e-44
  9.36014388e-32 8.02220182e-36 3.82729753e-37 9.60610950e-88
  1.00000000e+00]
 [9.64836685e-25 9.08466521e-34 1.10862897e-23 4.11474204e-37
  1.00000000e+00 1.28650671e-23 1.76546426e-10 7.48857875e-28
  6.79402693e-44 3.35817840e-50 4.33106008e-37 1.45931755e-25
  5.37285574e-18 8.74902889e-12 2.03861831e-29 2.32982847e-22
  5.92381952e-38 4.52989970e-09 2.35552845e-10 1.23472349e-42
  1.00000000e+00]
 [3.26389463e-48 2.45663696e-14 5.20817239e-20 3.50235042e-17
  1.28650671e-23 1.00000000e+00 2.68637636e-48 3.54348193e-27
  7.12547068e-28 6.45424013e-27 1.55940180e-38 4.17834679e-39
  4.79639681e-22 6.40469593e-10 5.68921438e-53 1.50191629e-20
  1.10338584e-21 3.30338813e-22 6.74943215e-22 6.80113327e-71
  1.00000000e+00]
 [4.12796514e-30 8.96494472e-51 1.13832779e-32 3.98823919e-45
  1.76546426e-10 2.68637636e-48 1.00000000e+00 2.45998736e-60
  9.73540907e-62 5.45078991e-71 9.99529751e-51 5.60404804e-18
  2.57411020e-40 9.12597803e-23 1.29875491e-23 2.90967312e-32
  1.29789405e-47 4.60773875e-23 2.28153844e-21 9.69108294e-39
  1.00000000e+00]
 [4.40906136e-62 1.74402242e-39 1.31533056e-23 9.31169450e-76
  7.48857875e-28 3.54348193e-27 2.45998736e-60 1.00000000e+00
  4.77234068e-51 6.22689379e-52 1.73971535e-38 1.92666349e-80
  5.98412152e-45 4.41861560e-31 7.33227420e-66 9.04524427e-26
  1.86850063e-36 2.89600405e-23 1.29501016e-38 3.61996659e-46
  1.00000000e+00]
 [1.59186825e-80 3.26967337e-40 8.12541095e-25 4.36302596e-44
  6.79402693e-44 7.12547068e-28 9.73540907e-62 4.77234068e-51
  1.00000000e+00 1.61240912e-50 2.05883192e-56 2.30494080e-34
  9.29680896e-28 6.90041888e-43 6.53063629e-33 7.89262696e-29
  7.17026183e-39 2.45527139e-31 1.46777058e-45 4.40802362e-89
  1.00000000e+00]
 [2.50844246e-89 2.39393083e-64 8.65012766e-46 4.35171489e-44
  3.35817840e-50 6.45424013e-27 5.45078991e-71 6.22689379e-52
  1.61240912e-50 1.00000000e+00 4.00219531e-19 6.90853311e-53
  6.08982972e-65 6.77703316e-41 3.65467918e-78 7.24312754e-56
  4.51156592e-53 1.46475979e-45 9.51632089e-31 4.20544636e-90
  1.00000000e+00]
 [3.59190188e-51 3.62529398e-78 5.66321455e-37 2.29070194e-54
  4.33106008e-37 1.55940180e-38 9.99529751e-51 1.73971535e-38
  2.05883192e-56 4.00219531e-19 1.00000000e+00 8.96562630e-46
  1.85332268e-61 5.17656968e-45 2.34565379e-45 2.63783814e-54
  5.89872335e-38 4.91175227e-22 4.07839726e-41 1.25999153e-40
  1.00000000e+00]
 [2.37210257e-38 1.60407554e-54 1.33171872e-36 3.71512886e-21
  1.45931755e-25 4.17834679e-39 5.60404804e-18 1.92666349e-80
  2.30494080e-34 6.90853311e-53 8.96562630e-46 1.00000000e+00
  4.23593275e-31 1.43193399e-31 5.09009768e-15 4.52786425e-42
  3.94845818e-43 2.27273465e-25 3.04430154e-30 1.74730023e-66
  1.00000000e+00]
 [1.26494125e-34 9.76069143e-39 1.83154485e-41 5.52950202e-31
  5.37285574e-18 4.79639681e-22 2.57411020e-40 5.98412152e-45
  9.29680896e-28 6.08982972e-65 1.85332268e-61 4.23593275e-31
  1.00000000e+00 2.11717019e-28 2.17544694e-36 1.52776109e-39
  2.08468828e-50 4.26417481e-17 3.47526322e-30 1.47608065e-88
  1.00000000e+00]
 [1.87200293e-38 2.18540756e-10 1.63387639e-15 2.59389725e-21
  8.74902889e-12 6.40469593e-10 9.12597803e-23 4.41861560e-31
  6.90041888e-43 6.77703316e-41 5.17656968e-45 1.43193399e-31
  2.11717019e-28 1.00000000e+00 1.16661811e-45 7.22827073e-12
  1.46009557e-22 4.98697308e-22 1.97243210e-12 8.17595932e-51
  1.00000000e+00]
 [1.85163892e-32 1.02976180e-64 3.90443479e-29 2.67581801e-47
  2.03861831e-29 5.68921438e-53 1.29875491e-23 7.33227420e-66
  6.53063629e-33 3.65467918e-78 2.34565379e-45 5.09009768e-15
  2.17544694e-36 1.16661811e-45 1.00000000e+00 3.46023963e-39
  1.89513575e-34 7.13387002e-17 1.22723868e-52 7.52314516e-39
  1.00000000e+00]
 [1.10523962e-60 3.69114589e-10 7.95023706e-04 1.73118542e-44
  2.32982847e-22 1.50191629e-20 2.90967312e-32 9.04524427e-26
  7.89262696e-29 7.24312754e-56 2.63783814e-54 4.52786425e-42
  1.52776109e-39 7.22827073e-12 3.46023963e-39 1.00000000e+00
  3.22814628e-18 1.33600329e-26 7.11352146e-27 1.10537440e-42
  1.00000000e+00]
 [8.08001463e-42 6.88173098e-25 1.06938876e-09 9.36014388e-32
  5.92381952e-38 1.10338584e-21 1.29789405e-47 1.86850063e-36
  7.17026183e-39 4.51156592e-53 5.89872335e-38 3.94845818e-43
  2.08468828e-50 1.46009557e-22 1.89513575e-34 3.22814628e-18
  1.00000000e+00 2.43595165e-24 8.41308804e-53 2.82665361e-30
  1.00000000e+00]
 [1.29570901e-18 2.61974761e-42 1.70944423e-19 8.02220182e-36
  4.52989970e-09 3.30338813e-22 4.60773875e-23 2.89600405e-23
  2.45527139e-31 1.46475979e-45 4.91175227e-22 2.27273465e-25
  4.26417481e-17 4.98697308e-22 7.13387002e-17 1.33600329e-26
  2.43595165e-24 1.00000000e+00 9.12000366e-27 8.11114203e-33
  1.00000000e+00]
 [5.93612063e-56 3.95109710e-34 3.74218022e-31 3.82729753e-37
  2.35552845e-10 6.74943215e-22 2.28153844e-21 1.29501016e-38
  1.46777058e-45 9.51632089e-31 4.07839726e-41 3.04430154e-30
  3.47526322e-30 1.97243210e-12 1.22723868e-52 7.11352146e-27
  8.41308804e-53 9.12000366e-27 1.00000000e+00 6.31704341e-71
  1.00000000e+00]
 [2.60893018e-43 1.00285628e-74 2.29273724e-30 9.60610950e-88
  1.23472349e-42 6.80113327e-71 9.69108294e-39 3.61996659e-46
  4.40802362e-89 4.20544636e-90 1.25999153e-40 1.74730023e-66
  1.47608065e-88 8.17595932e-51 7.52314516e-39 1.10537440e-42
  2.82665361e-30 8.11114203e-33 6.31704341e-71 1.00000000e+00
  1.00000000e+00]
 [1.00000000e+00 1.00000000e+00 1.00000000e+00 1.00000000e+00
  1.00000000e+00 1.00000000e+00 1.00000000e+00 1.00000000e+00
  1.00000000e+00 1.00000000e+00 1.00000000e+00 1.00000000e+00
  1.00000000e+00 1.00000000e+00 1.00000000e+00 1.00000000e+00
  1.00000000e+00 1.00000000e+00 1.00000000e+00 1.00000000e+00
  0.00000000e+00]]
