[[1.00000000e+00 4.41795118e-49 9.29189325e-39 ... 9.58728477e-18
  8.48249889e-35 1.00000000e+00]
 [4.41795118e-49 1.00000000e+00 9.38709689e-33 ... 6.96704717e-70
  1.13510713e-79 1.00000000e+00]
 [9.29189325e-39 9.38709689e-33 1.00000000e+00 ... 9.73806333e-50
  4.57479214e-48 1.00000000e+00]
 ...
 [9.58728477e-18 6.96704717e-70 9.73806333e-50 ... 1.00000000e+00
  5.46767732e-78 1.00000000e+00]
 [8.48249889e-35 1.13510713e-79 4.57479214e-48 ... 5.46767732e-78
  1.00000000e+00 1.00000000e+00]
 [1.00000000e+00 1.00000000e+00 1.00000000e+00 ... 1.00000000e+00
  1.00000000e+00 0.00000000e+00]]
