[[1.00000000e+00 6.53322277e-75 2.14161891e-49 9.51659055e-60
  8.85146017e-34 1.84636397e-57 1.64320059e-32 1.18148735e-35
  3.47066902e-37 7.53680936e-52 4.35847188e-38 2.14869896e-70
  6.40334080e-31 2.17240318e-29 1.40020501e-35 1.70406109e-38
  6.60710377e-35 1.46196234e-37 1.00000000e+00]
 [6.53322277e-75 1.00000000e+00 1.58327245e-34 1.03387064e-28
  7.21383162e-67 2.33379689e-33 7.75332749e-56 7.09949754e-39
  1.47645674e-34 3.54863010e-55 1.47441603e-64 3.80996347e-34
  2.31944561e-77 3.41110568e-76 2.86195593e-37 4.69751932e-40
  1.78194777e-63 1.67826158e-35 1.00000000e+00]
 [2.14161891e-49 1.58327245e-34 1.00000000e+00 1.20665433e-33
  2.96032722e-46 2.64798375e-71 2.27888189e-46 9.65107793e-35
  4.35403014e-72 4.05681166e-36 2.00930833e-76 5.83485035e-46
  5.05163113e-56 2.08741221e-33 5.85978679e-43 4.48827855e-41
  2.89580042e-81 1.06369711e-38 1.00000000e+00]
 [9.51659055e-60 1.03387064e-28 1.20665433e-33 1.00000000e+00
  2.60566878e-69 4.78081395e-44 3.94195008e-35 1.01233076e-34
  7.46681406e-36 2.64086315e-47 1.28558004e-40 2.02554213e-32
  1.22250333e-35 8.29431570e-44 3.18419842e-51 1.24671604e-38
  7.93402090e-67 8.05910726e-76 1.00000000e+00]
 [8.85146017e-34 7.21383162e-67 2.96032722e-46 2.60566878e-69
  1.00000000e+00 1.12963224e-38 4.35977516e-77 2.21698180e-32
  1.81176375e-74 6.38817647e-35 9.00008659e-41 1.36038865e-38
  2.08319853e-31 1.28312096e-35 1.12436962e-55 2.23241790e-62
  1.27692987e-34 1.96158934e-32 1.00000000e+00]
 [1.84636397e-57 2.33379689e-33 2.64798375e-71 4.78081395e-44
  1.12963224e-38 1.00000000e+00 1.01881644e-67 6.76649655e-36
  1.90649195e-32 1.07021046e-41 3.86219329e-42 4.45325166e-42
  8.64197493e-36 8.99429383e-81 6.69627933e-68 1.92822480e-33
  5.28263488e-29 1.19267826e-41 1.00000000e+00]
 [1.64320059e-32 7.75332749e-56 2.27888189e-46 3.94195008e-35
  4.35977516e-77 1.01881644e-67 1.00000000e+00 3.38776851e-73
  1.44401602e-34 8.23029739e-38 3.56141036e-60 1.01249498e-56
  1.12545763e-46 8.89549812e-33 1.75006788e-34 1.34811878e-37
  7.07146787e-40 7.05843216e-55 1.00000000e+00]
 [1.18148735e-35 7.09949754e-39 9.65107793e-35 1.01233076e-34
  2.21698180e-32 6.76649655e-36 3.38776851e-73 1.00000000e+00
  1.61871807e-40 4.54401273e-66 6.92079311e-35 1.75019863e-53
  6.96014168e-38 5.51520046e-55 5.74873748e-51 1.87933156e-37
  8.70592123e-69 2.92095446e-47 1.00000000e+00]
 [3.47066902e-37 1.47645674e-34 4.35403014e-72 7.46681406e-36
  1.81176375e-74 1.90649195e-32 1.44401602e-34 1.61871807e-40
  1.00000000e+00 9.43305752e-76 2.08850241e-32 1.75127746e-58
  3.69232249e-56 2.95461316e-70 7.27722222e-32 3.47417103e-36
  2.79000123e-38 1.21790435e-51 1.00000000e+00]
 [7.53680936e-52 3.54863010e-55 4.05681166e-36 2.64086315e-47
  6.38817647e-35 1.07021046e-41 8.23029739e-38 4.54401273e-66
  9.43305752e-76 1.00000000e+00 6.09788864e-76 1.16630611e-40
  1.33303787e-28 3.60525384e-39 7.64082963e-70 4.01013932e-36
  6.81245260e-36 3.48623005e-39 1.00000000e+00]
 [4.35847188e-38 1.47441603e-64 2.00930833e-76 1.28558004e-40
  9.00008659e-41 3.86219329e-42 3.56141036e-60 6.92079311e-35
  2.08850241e-32 6.09788864e-76 1.00000000e+00 2.37632074e-31
  1.14181367e-35 2.46361033e-37 3.16496270e-38 4.77716543e-79
  4.85511013e-35 6.72442580e-76 1.00000000e+00]
 [2.14869896e-70 3.80996347e-34 5.83485035e-46 2.02554213e-32
  1.36038865e-38 4.45325166e-42 1.01249498e-56 1.75019863e-53
  1.75127746e-58 1.16630611e-40 2.37632074e-31 1.00000000e+00
  5.21107913e-52 2.06293027e-33 7.77256998e-36 4.82065155e-81
  2.28756314e-38 1.58078405e-57 1.00000000e+00]
 [6.40334080e-31 2.31944561e-77 5.05163113e-56 1.22250333e-35
  2.08319853e-31 8.64197493e-36 1.12545763e-46 6.96014168e-38
  3.69232249e-56 1.33303787e-28 1.14181367e-35 5.21107913e-52
  1.00000000e+00 1.61335990e-34 3.64081423e-78 1.21374161e-37
  1.55821137e-39 5.70887919e-70 1.00000000e+00]
 [2.17240318e-29 3.41110568e-76 2.08741221e-33 8.29431570e-44
  1.28312096e-35 8.99429383e-81 8.89549812e-33 5.51520046e-55
  2.95461316e-70 3.60525384e-39 2.46361033e-37 2.06293027e-33
  1.61335990e-34 1.00000000e+00 3.84767324e-34 2.41412592e-74
  8.38921605e-47 8.21526199e-63 1.00000000e+00]
 [1.40020501e-35 2.86195593e-37 5.85978679e-43 3.18419842e-51
  1.12436962e-55 6.69627933e-68 1.75006788e-34 5.74873748e-51
  7.27722222e-32 7.64082963e-70 3.16496270e-38 7.77256998e-36
  3.64081423e-78 3.84767324e-34 1.00000000e+00 3.06406793e-70
  5.17844128e-42 6.20459210e-35 1.00000000e+00]
 [1.70406109e-38 4.69751932e-40 4.48827855e-41 1.24671604e-38
  2.23241790e-62 1.92822480e-33 1.34811878e-37 1.87933156e-37
  3.47417103e-36 4.01013932e-36 4.77716543e-79 4.82065155e-81
  1.21374161e-37 2.41412592e-74 3.06406793e-70 1.00000000e+00
  1.11585092e-58 1.19686664e-37 1.00000000e+00]
 [6.60710377e-35 1.78194777e-63 2.89580042e-81 7.93402090e-67
  1.27692987e-34 5.28263488e-29 7.07146787e-40 8.70592123e-69
  2.79000123e-38 6.81245260e-36 4.85511013e-35 2.28756314e-38
  1.55821137e-39 8.38921605e-47 5.17844128e-42 1.11585092e-58
  1.00000000e+00 2.08687410e-37 1.00000000e+00]
 [1.46196234e-37 1.67826158e-35 1.06369711e-38 8.05910726e-76
  1.96158934e-32 1.19267826e-41 7.05843216e-55 2.92095446e-47
  1.21790435e-51 3.48623005e-39 6.72442580e-76 1.58078405e-57
  5.70887919e-70 8.21526199e-63 6.20459210e-35 1.19686664e-37
  2.08687410e-37 1.00000000e+00 1.00000000e+00]
 [1.00000000e+00 1.00000000e+00 1.00000000e+00 1.00000000e+00
  1.00000000e+00 1.00000000e+00 1.00000000e+00 1.00000000e+00
  1.00000000e+00 1.00000000e+00 1.00000000e+00 1.00000000e+00
  1.00000000e+00 1.00000000e+00 1.00000000e+00 1.00000000e+00
  1.00000000e+00 1.00000000e+00 0.00000000e+00]]
