[[1.00000000e+000 7.50540945e-045 4.50841928e-058 4.43571140e-062
  3.46542525e-047 1.71619768e-048 5.47657779e-046 1.12592967e-082
  1.62991233e-045 1.02163425e-074 2.90817571e-052 6.25460041e-102
  9.79042474e-039 8.08811284e-010 8.03497686e-038 1.31880280e-039
  3.54733886e-023 8.90104687e-038 2.15694605e-048 2.07662329e-054
  1.00000000e+000]
 [7.50540945e-045 1.00000000e+000 1.69518451e-030 7.53927042e-030
  2.66365977e-043 6.80615445e-042 5.03264745e-029 8.73785061e-028
  3.44077224e-059 7.57125666e-028 3.87268032e-005 9.52616811e-054
  5.53568134e-021 1.31221305e-028 7.39451848e-022 5.18469488e-058
  5.33763693e-051 3.13946713e-013 1.24539861e-050 1.01660420e-039
  1.00000000e+000]
 [4.50841928e-058 1.69518451e-030 1.00000000e+000 2.25800604e-041
  1.68660560e-058 1.69059953e-060 1.34595214e-065 4.22141946e-066
  2.44880332e-061 1.13534811e-032 9.90336235e-041 3.35852490e-038
  7.56957291e-030 1.21429228e-044 5.58102608e-019 2.42186672e-115
  1.33885390e-060 2.80928210e-025 4.19288202e-028 4.38363518e-036
  1.00000000e+000]
 [4.43571140e-062 7.53927042e-030 2.25800604e-041 1.00000000e+000
  2.24154959e-017 3.92231287e-025 6.10086723e-039 5.36305000e-081
  1.29550547e-053 3.51158739e-016 8.57168704e-040 9.37126850e-039
  1.08717214e-010 3.04546656e-057 2.47615059e-018 1.09137981e-054
  1.63291407e-039 1.45396816e-055 6.92124440e-052 5.95712533e-077
  1.00000000e+000]
 [3.46542525e-047 2.66365977e-043 1.68660560e-058 2.24154959e-017
  1.00000000e+000 7.87021667e-043 7.61110385e-020 6.98987180e-070
  1.12296305e-022 9.34430615e-035 3.95647840e-041 8.61844938e-074
  9.66624224e-034 1.25101619e-039 2.16651587e-026 6.79905930e-032
  6.55044446e-038 1.87554745e-073 2.97902634e-075 1.62051996e-052
  1.00000000e+000]
 [1.71619768e-048 6.80615445e-042 1.69059953e-060 3.92231287e-025
  7.87021667e-043 1.00000000e+000 1.65574426e-040 8.62266684e-083
  3.09070626e-075 2.61062719e-020 7.02295394e-060 4.09026326e-029
  4.27274425e-024 1.57699508e-043 3.59943614e-033 9.45244240e-041
  3.39189190e-024 7.67024335e-048 6.86132815e-025 9.67576221e-090
  1.00000000e+000]
 [5.47657779e-046 5.03264745e-029 1.34595214e-065 6.10086723e-039
  7.61110385e-020 1.65574426e-040 1.00000000e+000 3.30900434e-025
  1.39748160e-024 4.73840915e-031 8.07484095e-026 4.94960058e-068
  1.17452121e-051 4.41018544e-023 1.45473347e-042 3.18351811e-027
  3.88239725e-037 7.53680764e-049 9.20330387e-074 1.79021526e-032
  1.00000000e+000]
 [1.12592967e-082 8.73785061e-028 4.22141946e-066 5.36305000e-081
  6.98987180e-070 8.62266684e-083 3.30900434e-025 1.00000000e+000
  5.25600099e-067 2.29303432e-050 4.67513422e-019 8.89627429e-084
  1.72157251e-084 3.89462251e-040 1.20008274e-062 2.23654792e-078
  2.55471568e-092 1.00748221e-041 2.69808015e-092 1.24365626e-023
  1.00000000e+000]
 [1.62991233e-045 3.44077224e-059 2.44880332e-061 1.29550547e-053
  1.12296305e-022 3.09070626e-075 1.39748160e-024 5.25600099e-067
  1.00000000e+000 3.23793907e-058 4.50447949e-058 1.49920884e-093
  3.56084878e-066 6.15998495e-035 1.60044599e-057 7.61596017e-065
  1.46748292e-033 3.10513135e-068 1.31726575e-090 3.65622463e-033
  1.00000000e+000]
 [1.02163425e-074 7.57125666e-028 1.13534811e-032 3.51158739e-016
  9.34430615e-035 2.61062719e-020 4.73840915e-031 2.29303432e-050
  3.23793907e-058 1.00000000e+000 8.80517246e-039 1.05524882e-010
  4.16592692e-028 1.07266323e-051 6.67828265e-026 3.38081373e-070
  1.47961270e-044 1.95522946e-041 3.54791002e-034 2.09805352e-056
  1.00000000e+000]
 [2.90817571e-052 3.87268032e-005 9.90336235e-041 8.57168704e-040
  3.95647840e-041 7.02295394e-060 8.07484095e-026 4.67513422e-019
  4.50447949e-058 8.80517246e-039 1.00000000e+000 2.63941753e-075
  3.53194185e-035 2.92037632e-030 4.33051906e-026 1.88806208e-055
  4.10240865e-069 1.92149005e-026 9.35582599e-072 1.81427244e-031
  1.00000000e+000]
 [6.25460041e-102 9.52616811e-054 3.35852490e-038 9.37126850e-039
  8.61844938e-074 4.09026326e-029 4.94960058e-068 8.89627429e-084
  1.49920884e-093 1.05524882e-010 2.63941753e-075 1.00000000e+000
  2.40684147e-045 3.73101528e-079 4.18694905e-047 1.27927807e-116
  2.08528283e-059 1.39384837e-051 5.76130806e-026 1.05820771e-085
  1.00000000e+000]
 [9.79042474e-039 5.53568134e-021 7.56957291e-030 1.08717214e-010
  9.66624224e-034 4.27274425e-024 1.17452121e-051 1.72157251e-084
  3.56084878e-066 4.16592692e-028 3.53194185e-035 2.40684147e-045
  1.00000000e+000 9.83227624e-043 1.25012104e-011 1.20318086e-057
  2.49947393e-034 8.86661724e-033 2.66740772e-033 1.43224946e-075
  1.00000000e+000]
 [8.08811284e-010 1.31221305e-028 1.21429228e-044 3.04546656e-057
  1.25101619e-039 1.57699508e-043 4.41018544e-023 3.89462251e-040
  6.15998495e-035 1.07266323e-051 2.92037632e-030 3.73101528e-079
  9.83227624e-043 1.00000000e+000 1.19588988e-030 1.55780702e-036
  3.55775116e-029 1.93775926e-025 1.57595388e-042 2.54931753e-024
  1.00000000e+000]
 [8.03497686e-038 7.39451848e-022 5.58102608e-019 2.47615059e-018
  2.16651587e-026 3.59943614e-033 1.45473347e-042 1.20008274e-062
  1.60044599e-057 6.67828265e-026 4.33051906e-026 4.18694905e-047
  1.25012104e-011 1.19588988e-030 1.00000000e+000 2.94551570e-055
  1.15474540e-048 2.26934100e-036 1.35226864e-029 7.51391479e-045
  1.00000000e+000]
 [1.31880280e-039 5.18469488e-058 2.42186672e-115 1.09137981e-054
  6.79905930e-032 9.45244240e-041 3.18351811e-027 2.23654792e-078
  7.61596017e-065 3.38081373e-070 1.88806208e-055 1.27927807e-116
  1.20318086e-057 1.55780702e-036 2.94551570e-055 1.00000000e+000
  2.66845993e-047 6.14775396e-086 7.26201824e-093 3.95148630e-088
  1.00000000e+000]
 [3.54733886e-023 5.33763693e-051 1.33885390e-060 1.63291407e-039
  6.55044446e-038 3.39189190e-024 3.88239725e-037 2.55471568e-092
  1.46748292e-033 1.47961270e-044 4.10240865e-069 2.08528283e-059
  2.49947393e-034 3.55775116e-029 1.15474540e-048 2.66845993e-047
  1.00000000e+000 5.20608763e-044 6.25494345e-042 7.39826743e-073
  1.00000000e+000]
 [8.90104687e-038 3.13946713e-013 2.80928210e-025 1.45396816e-055
  1.87554745e-073 7.67024335e-048 7.53680764e-049 1.00748221e-041
  3.10513135e-068 1.95522946e-041 1.92149005e-026 1.39384837e-051
  8.86661724e-033 1.93775926e-025 2.26934100e-036 6.14775396e-086
  5.20608763e-044 1.00000000e+000 3.47797153e-033 8.61833991e-042
  1.00000000e+000]
 [2.15694605e-048 1.24539861e-050 4.19288202e-028 6.92124440e-052
  2.97902634e-075 6.86132815e-025 9.20330387e-074 2.69808015e-092
  1.31726575e-090 3.54791002e-034 9.35582599e-072 5.76130806e-026
  2.66740772e-033 1.57595388e-042 1.35226864e-029 7.26201824e-093
  6.25494345e-042 3.47797153e-033 1.00000000e+000 2.42881490e-072
  1.00000000e+000]
 [2.07662329e-054 1.01660420e-039 4.38363518e-036 5.95712533e-077
  1.62051996e-052 9.67576221e-090 1.79021526e-032 1.24365626e-023
  3.65622463e-033 2.09805352e-056 1.81427244e-031 1.05820771e-085
  1.43224946e-075 2.54931753e-024 7.51391479e-045 3.95148630e-088
  7.39826743e-073 8.61833991e-042 2.42881490e-072 1.00000000e+000
  1.00000000e+000]
 [1.00000000e+000 1.00000000e+000 1.00000000e+000 1.00000000e+000
  1.00000000e+000 1.00000000e+000 1.00000000e+000 1.00000000e+000
  1.00000000e+000 1.00000000e+000 1.00000000e+000 1.00000000e+000
  1.00000000e+000 1.00000000e+000 1.00000000e+000 1.00000000e+000
  1.00000000e+000 1.00000000e+000 1.00000000e+000 1.00000000e+000
  0.00000000e+000]]
