[[1.00000000e+000 4.89157911e-047 6.39188676e-041 2.52907842e-042
  3.67560356e-039 3.73791516e-033 5.87626197e-061 1.04868376e-073
  7.17959075e-040 4.61288520e-058 3.82323193e-032 3.79132435e-062
  2.17963155e-032 3.47135735e-091 9.50975198e-046 9.21636705e-032
  4.83977679e-076 4.26180140e-034 1.87007611e-061 2.81837165e-073
  1.00000000e+000]
 [4.89157911e-047 1.00000000e+000 3.86921437e-015 1.00661114e-101
  1.89206303e-041 5.62441394e-059 6.27654517e-039 1.32178029e-024
  2.48258209e-025 4.29773585e-043 8.13453030e-033 4.38026614e-034
  1.70867609e-027 7.08016740e-032 2.56784241e-069 9.80723351e-011
  1.90959578e-077 4.09273776e-010 2.74296445e-064 3.85472812e-069
  1.00000000e+000]
 [6.39188676e-041 3.86921437e-015 1.00000000e+000 7.30306054e-087
  7.08921759e-040 4.93629744e-054 1.23306333e-043 1.34287489e-058
  2.16758786e-004 3.25757523e-072 9.31505767e-034 7.96439230e-041
  9.70597009e-011 2.03495771e-050 1.98277760e-083 1.11267585e-015
  1.00568634e-097 5.30414099e-012 6.10139289e-063 1.10127219e-047
  1.00000000e+000]
 [2.52907842e-042 1.00661114e-101 7.30306054e-087 1.00000000e+000
  1.81885091e-032 3.82285230e-049 1.68263405e-076 3.74293272e-085
  5.18398378e-092 2.68761414e-094 1.30570111e-059 9.14661545e-088
  1.15787802e-057 1.95892277e-084 9.32457891e-036 1.67263301e-058
  1.58264748e-040 6.92685688e-096 5.59529113e-032 1.42179160e-063
  1.00000000e+000]
 [3.67560356e-039 1.89206303e-041 7.08921759e-040 1.81885091e-032
  1.00000000e+000 1.15676441e-059 2.48577578e-074 8.30198165e-040
  1.96366512e-043 1.60215596e-082 6.06090659e-021 6.47421868e-066
  1.25624313e-034 7.10818806e-047 1.26975676e-038 4.65076998e-020
  1.90612519e-056 2.57783627e-043 6.04949522e-036 6.96280840e-069
  1.00000000e+000]
 [3.73791516e-033 5.62441394e-059 4.93629744e-054 3.82285230e-049
  1.15676441e-059 1.00000000e+000 4.57200862e-048 1.11342307e-060
  1.06381750e-070 1.93165600e-074 4.67833688e-031 4.48130578e-020
  2.42112659e-057 3.43584377e-081 5.48967313e-032 2.08726792e-049
  5.34292362e-041 4.24257761e-043 7.67107198e-061 3.17651295e-025
  1.00000000e+000]
 [5.87626197e-061 6.27654517e-039 1.23306333e-043 1.68263405e-076
  2.48577578e-074 4.57200862e-048 1.00000000e+000 1.57964150e-047
  1.53198912e-060 4.90249619e-023 8.62617792e-080 3.73161347e-036
  2.36946458e-029 4.22901837e-028 3.81458035e-069 3.83536916e-033
  8.20763450e-043 1.06570453e-054 2.97674032e-041 9.60197909e-041
  1.00000000e+000]
 [1.04868376e-073 1.32178029e-024 1.34287489e-058 3.74293272e-085
  8.30198165e-040 1.11342307e-060 1.57964150e-047 1.00000000e+000
  5.04211925e-081 3.31167000e-047 2.65352603e-043 2.35229641e-033
  3.45880788e-064 4.57272523e-017 4.58408367e-047 4.88435301e-024
  1.91640639e-032 2.96531897e-042 6.10538771e-045 6.22153606e-078
  1.00000000e+000]
 [7.17959075e-040 2.48258209e-025 2.16758786e-004 5.18398378e-092
  1.96366512e-043 1.06381750e-070 1.53198912e-060 5.04211925e-081
  1.00000000e+000 1.52075386e-083 1.14480879e-040 3.86810473e-066
  5.40122525e-011 5.73438821e-071 4.80433552e-095 1.39758146e-024
  6.80398899e-123 4.41261754e-021 3.35697078e-079 5.09743207e-064
  1.00000000e+000]
 [4.61288520e-058 4.29773585e-043 3.25757523e-072 2.68761414e-094
  1.60215596e-082 1.93165600e-074 4.90249619e-023 3.31167000e-047
  1.52075386e-083 1.00000000e+000 1.51436548e-087 1.13298112e-072
  1.56307167e-051 1.15392927e-047 3.43607989e-060 7.57466246e-046
  4.74742222e-055 2.67292270e-071 1.10938044e-072 7.21898040e-092
  1.00000000e+000]
 [3.82323193e-032 8.13453030e-033 9.31505767e-034 1.30570111e-059
  6.06090659e-021 4.67833688e-031 8.62617792e-080 2.65352603e-043
  1.14480879e-040 1.51436548e-087 1.00000000e+000 4.43638477e-041
  6.32158470e-048 1.30968205e-072 2.56950746e-030 4.52397642e-031
  5.93507592e-068 1.16338805e-023 3.63012481e-073 2.39406529e-052
  1.00000000e+000]
 [3.79132435e-062 4.38026614e-034 7.96439230e-041 9.14661545e-088
  6.47421868e-066 4.48130578e-020 3.73161347e-036 2.35229641e-033
  3.86810473e-066 1.13298112e-072 4.43638477e-041 1.00000000e+000
  2.89544595e-057 2.28297491e-045 1.94633564e-062 4.50351138e-034
  1.19122217e-045 1.12149996e-026 6.37002189e-053 8.12568911e-034
  1.00000000e+000]
 [2.17963155e-032 1.70867609e-027 9.70597009e-011 1.15787802e-057
  1.25624313e-034 2.42112659e-057 2.36946458e-029 3.45880788e-064
  5.40122525e-011 1.56307167e-051 6.32158470e-048 2.89544595e-057
  1.00000000e+000 3.93113827e-044 2.93050747e-072 6.38937604e-016
  4.47882891e-080 1.10744709e-031 1.13772350e-043 2.00108575e-047
  1.00000000e+000]
 [3.47135735e-091 7.08016740e-032 2.03495771e-050 1.95892277e-084
  7.10818806e-047 3.43584377e-081 4.22901837e-028 4.57272523e-017
  5.73438821e-071 1.15392927e-047 1.30968205e-072 2.28297491e-045
  3.93113827e-044 1.00000000e+000 5.68420408e-075 5.51809923e-023
  3.44544533e-040 5.37807887e-057 1.04808897e-028 4.11801279e-068
  1.00000000e+000]
 [9.50975198e-046 2.56784241e-069 1.98277760e-083 9.32457891e-036
  1.26975676e-038 5.48967313e-032 3.81458035e-069 4.58408367e-047
  4.80433552e-095 3.43607989e-060 2.56950746e-030 1.94633564e-062
  2.93050747e-072 5.68420408e-075 1.00000000e+000 1.07677736e-058
  6.15130189e-027 3.87737710e-076 3.99704748e-069 1.09198571e-053
  1.00000000e+000]
 [9.21636705e-032 9.80723351e-011 1.11267585e-015 1.67263301e-058
  4.65076998e-020 2.08726792e-049 3.83536916e-033 4.88435301e-024
  1.39758146e-024 7.57466246e-046 4.52397642e-031 4.50351138e-034
  6.38937604e-016 5.51809923e-023 1.07677736e-058 1.00000000e+000
  1.57019315e-055 9.15738773e-015 3.24636882e-027 2.08372212e-061
  1.00000000e+000]
 [4.83977679e-076 1.90959578e-077 1.00568634e-097 1.58264748e-040
  1.90612519e-056 5.34292362e-041 8.20763450e-043 1.91640639e-032
  6.80398899e-123 4.74742222e-055 5.93507592e-068 1.19122217e-045
  4.47882891e-080 3.44544533e-040 6.15130189e-027 1.57019315e-055
  1.00000000e+000 1.95210695e-090 1.31431404e-031 2.25383930e-054
  1.00000000e+000]
 [4.26180140e-034 4.09273776e-010 5.30414099e-012 6.92685688e-096
  2.57783627e-043 4.24257761e-043 1.06570453e-054 2.96531897e-042
  4.41261754e-021 2.67292270e-071 1.16338805e-023 1.12149996e-026
  1.10744709e-031 5.37807887e-057 3.87737710e-076 9.15738773e-015
  1.95210695e-090 1.00000000e+000 1.63905843e-067 1.68606996e-065
  1.00000000e+000]
 [1.87007611e-061 2.74296445e-064 6.10139289e-063 5.59529113e-032
  6.04949522e-036 7.67107198e-061 2.97674032e-041 6.10538771e-045
  3.35697078e-079 1.10938044e-072 3.63012481e-073 6.37002189e-053
  1.13772350e-043 1.04808897e-028 3.99704748e-069 3.24636882e-027
  1.31431404e-031 1.63905843e-067 1.00000000e+000 1.73794584e-067
  1.00000000e+000]
 [2.81837165e-073 3.85472812e-069 1.10127219e-047 1.42179160e-063
  6.96280840e-069 3.17651295e-025 9.60197909e-041 6.22153606e-078
  5.09743207e-064 7.21898040e-092 2.39406529e-052 8.12568911e-034
  2.00108575e-047 4.11801279e-068 1.09198571e-053 2.08372212e-061
  2.25383930e-054 1.68606996e-065 1.73794584e-067 1.00000000e+000
  1.00000000e+000]
 [1.00000000e+000 1.00000000e+000 1.00000000e+000 1.00000000e+000
  1.00000000e+000 1.00000000e+000 1.00000000e+000 1.00000000e+000
  1.00000000e+000 1.00000000e+000 1.00000000e+000 1.00000000e+000
  1.00000000e+000 1.00000000e+000 1.00000000e+000 1.00000000e+000
  1.00000000e+000 1.00000000e+000 1.00000000e+000 1.00000000e+000
  0.00000000e+000]]
