[[1.00000000e+00 6.72030303e-64 8.78156490e-63 3.05407389e-57
  5.15697200e-56 1.00000000e+00]
 [6.72030303e-64 1.00000000e+00 4.91709495e-61 1.06127950e-62
  1.25351850e-54 1.00000000e+00]
 [8.78156490e-63 4.91709495e-61 1.00000000e+00 4.05715140e-60
  7.34648674e-59 1.00000000e+00]
 [3.05407389e-57 1.06127950e-62 4.05715140e-60 1.00000000e+00
  3.10392048e-63 1.00000000e+00]
 [5.15697200e-56 1.25351850e-54 7.34648674e-59 3.10392048e-63
  1.00000000e+00 1.00000000e+00]
 [1.00000000e+00 1.00000000e+00 1.00000000e+00 1.00000000e+00
  1.00000000e+00 0.00000000e+00]]
