[[1.00000000e+000 2.73689072e-041 1.06116895e-010 1.32330495e-034
  6.67960776e-060 3.67422656e-036 1.83977560e-024 1.26964608e-046
  8.40961813e-078 7.42963610e-065 2.44413608e-022 7.59820702e-027
  3.85871393e-053 2.11164115e-071 2.20332775e-035 1.84654283e-087
  4.51494178e-067 1.13575076e-034 1.50327501e-071 3.10081062e-024
  1.00000000e+000]
 [2.73689072e-041 1.00000000e+000 3.68090297e-024 4.91440631e-034
  2.74262499e-060 2.18880274e-028 8.52268934e-031 1.95607149e-010
  2.95299530e-052 1.15687847e-024 7.30716210e-027 6.82109124e-005
  7.57979427e-035 3.46156592e-028 7.10498205e-086 4.47608559e-075
  9.76517878e-043 7.08574048e-077 3.37350843e-040 3.22926317e-027
  1.00000000e+000]
 [1.06116895e-010 3.68090297e-024 1.00000000e+000 1.51081783e-038
  3.03069393e-074 1.69284760e-017 2.58302343e-005 2.04303493e-026
  1.22428695e-053 1.01685659e-067 6.10899021e-024 4.04611166e-020
  5.58672694e-036 8.68784585e-048 8.84312664e-052 1.83548308e-071
  4.04945099e-067 6.93834422e-057 1.50536145e-062 1.94938439e-031
  1.00000000e+000]
 [1.32330495e-034 4.91440631e-034 1.51081783e-038 1.00000000e+000
  1.09252934e-023 6.50473799e-030 1.46363671e-059 5.89896285e-046
  2.18215846e-044 1.71215755e-026 1.04875001e-038 7.20660823e-022
  1.00892525e-052 1.12294558e-073 4.53708615e-032 9.77015877e-100
  8.06053628e-038 2.91596692e-028 3.53780245e-016 4.91844138e-029
  1.00000000e+000]
 [6.67960776e-060 2.74262499e-060 3.03069393e-074 1.09252934e-023
  1.00000000e+000 9.90374076e-055 1.53861960e-098 8.86266096e-072
  7.52859100e-082 2.31351105e-044 7.39524500e-043 6.31751572e-050
  3.19802598e-049 3.07159060e-080 1.54192999e-035 2.06613982e-078
  9.61808789e-015 5.96742548e-023 6.48653158e-018 9.49069009e-025
  1.00000000e+000]
 [3.67422656e-036 2.18880274e-028 1.69284760e-017 6.50473799e-030
  9.90374076e-055 1.00000000e+000 1.77541448e-017 3.34736297e-040
  7.84393160e-031 1.86727012e-068 2.43408112e-045 4.00857341e-028
  1.16850540e-030 7.65801572e-045 1.19986064e-046 3.03975348e-062
  7.43997466e-046 1.28918639e-053 9.27129087e-031 2.89807806e-030
  1.00000000e+000]
 [1.83977560e-024 8.52268934e-031 2.58302343e-005 1.46363671e-059
  1.53861960e-098 1.77541448e-017 1.00000000e+000 1.91229533e-037
  1.48550279e-063 9.86480672e-089 1.77801993e-042 8.81311505e-032
  1.67046410e-045 6.57851709e-053 2.51823141e-075 1.76734956e-079
  1.91450081e-079 3.80154687e-083 8.87278935e-079 2.96448950e-042
  1.00000000e+000]
 [1.26964608e-046 1.95607149e-010 2.04303493e-026 5.89896285e-046
  8.86266096e-072 3.34736297e-040 1.91229533e-037 1.00000000e+000
  2.65654197e-052 8.35614881e-046 1.45037199e-016 3.36601987e-017
  1.15606712e-021 1.48066402e-024 3.93328742e-086 7.59632721e-059
  1.97947774e-058 5.74672936e-083 1.84723508e-049 2.37726604e-047
  1.00000000e+000]
 [8.40961813e-078 2.95299530e-052 1.22428695e-053 2.18215846e-044
  7.52859100e-082 7.84393160e-031 1.48550279e-063 2.65654197e-052
  1.00000000e+000 4.98172659e-092 6.05636274e-071 2.53262679e-047
  3.44249110e-043 4.02198168e-040 4.51053368e-056 4.97792689e-062
  5.72622270e-098 7.25344587e-065 4.86352291e-043 2.09736898e-074
  1.00000000e+000]
 [7.42963610e-065 1.15687847e-024 1.01685659e-067 1.71215755e-026
  2.31351105e-044 1.86727012e-068 9.86480672e-089 8.35614881e-046
  4.98172659e-092 1.00000000e+000 4.83262991e-051 1.10905833e-019
  3.00621070e-081 3.54190847e-080 2.49532379e-098 3.97007506e-137
  4.72317672e-040 8.50697864e-077 5.95087416e-040 1.28396039e-036
  1.00000000e+000]
 [2.44413608e-022 7.30716210e-027 6.10899021e-024 1.04875001e-038
  7.39524500e-043 2.43408112e-045 1.77801993e-042 1.45037199e-016
  6.05636274e-071 4.83262991e-051 1.00000000e+000 2.20517563e-023
  3.94997583e-019 3.63386275e-037 4.10932868e-048 5.63219595e-047
  4.58587338e-044 3.35619116e-042 7.09183014e-051 6.54793928e-027
  1.00000000e+000]
 [7.59820702e-027 6.82109124e-005 4.04611166e-020 7.20660823e-022
  6.31751572e-050 4.00857341e-028 8.81311505e-032 3.36601987e-017
  2.53262679e-047 1.10905833e-019 2.20517563e-023 1.00000000e+000
  2.91168781e-040 4.69370668e-034 8.12733926e-064 1.24281052e-078
  2.69562347e-045 7.27106119e-054 3.28162791e-039 4.41471873e-019
  1.00000000e+000]
 [3.85871393e-053 7.57979427e-035 5.58672694e-036 1.00892525e-052
  3.19802598e-049 1.16850540e-030 1.67046410e-045 1.15606712e-021
  3.44249110e-043 3.00621070e-081 3.94997583e-019 2.91168781e-040
  1.00000000e+000 4.13240407e-018 2.32852844e-053 1.04333436e-014
  1.73220750e-044 2.01465413e-055 7.96784120e-038 1.59736129e-041
  1.00000000e+000]
 [2.11164115e-071 3.46156592e-028 8.68784585e-048 1.12294558e-073
  3.07159060e-080 7.65801572e-045 6.57851709e-053 1.48066402e-024
  4.02198168e-040 3.54190847e-080 3.63386275e-037 4.69370668e-034
  4.13240407e-018 1.00000000e+000 2.73489651e-087 5.13488990e-022
  1.31786046e-072 3.82658706e-081 1.72213889e-062 6.68445910e-049
  1.00000000e+000]
 [2.20332775e-035 7.10498205e-086 8.84312664e-052 4.53708615e-032
  1.54192999e-035 1.19986064e-046 2.51823141e-075 3.93328742e-086
  4.51053368e-056 2.49532379e-098 4.10932868e-048 8.12733926e-064
  2.32852844e-053 2.73489651e-087 1.00000000e+000 4.70473385e-070
  1.88223482e-071 2.70672889e-005 1.80629648e-050 2.01316131e-044
  1.00000000e+000]
 [1.84654283e-087 4.47608559e-075 1.83548308e-071 9.77015877e-100
  2.06613982e-078 3.03975348e-062 1.76734956e-079 7.59632721e-059
  4.97792689e-062 3.97007506e-137 5.63219595e-047 1.24281052e-078
  1.04333436e-014 5.13488990e-022 4.70473385e-070 1.00000000e+000
  1.34371574e-081 5.46394768e-071 6.46093506e-077 9.12415292e-067
  1.00000000e+000]
 [4.51494178e-067 9.76517878e-043 4.04945099e-067 8.06053628e-038
  9.61808789e-015 7.43997466e-046 1.91450081e-079 1.97947774e-058
  5.72622270e-098 4.72317672e-040 4.58587338e-044 2.69562347e-045
  1.73220750e-044 1.31786046e-072 1.88223482e-071 1.34371574e-081
  1.00000000e+000 3.69107740e-058 7.24645838e-021 3.41386644e-022
  1.00000000e+000]
 [1.13575076e-034 7.08574048e-077 6.93834422e-057 2.91596692e-028
  5.96742548e-023 1.28918639e-053 3.80154687e-083 5.74672936e-083
  7.25344587e-065 8.50697864e-077 3.35619116e-042 7.27106119e-054
  2.01465413e-055 3.82658706e-081 2.70672889e-005 5.46394768e-071
  3.69107740e-058 1.00000000e+000 6.80675231e-047 4.17310138e-031
  1.00000000e+000]
 [1.50327501e-071 3.37350843e-040 1.50536145e-062 3.53780245e-016
  6.48653158e-018 9.27129087e-031 8.87278935e-079 1.84723508e-049
  4.86352291e-043 5.95087416e-040 7.09183014e-051 3.28162791e-039
  7.96784120e-038 1.72213889e-062 1.80629648e-050 6.46093506e-077
  7.24645838e-021 6.80675231e-047 1.00000000e+000 3.46675604e-039
  1.00000000e+000]
 [3.10081062e-024 3.22926317e-027 1.94938439e-031 4.91844138e-029
  9.49069009e-025 2.89807806e-030 2.96448950e-042 2.37726604e-047
  2.09736898e-074 1.28396039e-036 6.54793928e-027 4.41471873e-019
  1.59736129e-041 6.68445910e-049 2.01316131e-044 9.12415292e-067
  3.41386644e-022 4.17310138e-031 3.46675604e-039 1.00000000e+000
  1.00000000e+000]
 [1.00000000e+000 1.00000000e+000 1.00000000e+000 1.00000000e+000
  1.00000000e+000 1.00000000e+000 1.00000000e+000 1.00000000e+000
  1.00000000e+000 1.00000000e+000 1.00000000e+000 1.00000000e+000
  1.00000000e+000 1.00000000e+000 1.00000000e+000 1.00000000e+000
  1.00000000e+000 1.00000000e+000 1.00000000e+000 1.00000000e+000
  0.00000000e+000]]
