[[1.00000000e+00 3.73253829e-22 2.57514552e-04 1.28330140e-48
  8.03781425e-21 1.30129857e-43 4.64255592e-22 2.58075334e-38
  1.41353808e-25 2.37444048e-21 5.54990816e-29 7.51438984e-06
  1.91266784e-14 1.79381806e-13 5.49748936e-31 1.55342962e-58
  8.38150244e-34 8.09687310e-16 5.11722293e-17 1.02351552e-14
  1.00000000e+00]
 [3.73253829e-22 1.00000000e+00 1.04149078e-31 1.88699607e-75
  1.66209557e-79 4.98681908e-30 6.80486017e-55 2.91870506e-65
  9.84814808e-26 1.67658300e-40 9.80791471e-41 8.35076453e-26
  3.57419306e-60 3.96445169e-23 7.42576737e-35 2.30324334e-74
  5.58562796e-33 1.47578241e-39 2.70932424e-48 2.05508979e-13
  1.00000000e+00]
 [2.57514552e-04 1.04149078e-31 1.00000000e+00 1.97653750e-67
  1.41433024e-24 2.87580932e-64 1.55760161e-19 2.07390857e-47
  3.37802143e-29 3.69856840e-24 5.54686922e-45 7.60552099e-07
  6.33678091e-10 7.31972543e-27 8.38259648e-46 8.03516718e-77
  2.68748225e-43 1.28656710e-09 2.08505683e-30 2.25673165e-16
  1.00000000e+00]
 [1.28330140e-48 1.88699607e-75 1.97653750e-67 1.00000000e+00
  3.65967560e-50 1.03794858e-45 2.36721470e-77 3.03992925e-43
  5.33069262e-50 1.04644895e-51 1.73372292e-20 2.11539257e-46
  3.01146709e-78 2.53541029e-54 1.14872471e-24 2.58160329e-53
  2.50073470e-59 3.91562310e-69 8.69093128e-55 1.00650636e-75
  1.00000000e+00]
 [8.03781425e-21 1.66209557e-79 1.41433024e-24 3.65967560e-50
  1.00000000e+00 2.30617164e-86 5.07350306e-29 5.11194957e-42
  6.73523030e-63 7.29154234e-39 3.03578719e-43 6.48184140e-28
  8.96942654e-13 7.14780981e-34 4.22139456e-62 1.04679308e-67
  1.38381942e-59 1.47920595e-40 7.70425666e-21 9.58473721e-53
  1.00000000e+00]
 [1.30129857e-43 4.98681908e-30 2.87580932e-64 1.03794858e-45
  2.30617164e-86 1.00000000e+00 9.38141997e-68 3.77467872e-36
  9.76248266e-43 3.94742140e-80 7.11251053e-19 9.86684003e-39
  1.43535707e-91 5.50593026e-50 2.52571145e-30 8.29070897e-34
  2.17899056e-59 1.52899426e-78 1.15096822e-60 6.66959295e-53
  1.00000000e+00]
 [4.64255592e-22 6.80486017e-55 1.55760161e-19 2.36721470e-77
  5.07350306e-29 9.38141997e-68 1.00000000e+00 1.63711850e-21
  1.10377539e-45 1.33895523e-52 4.01962381e-34 1.33717393e-12
  3.61177415e-19 2.10406797e-48 3.77898504e-80 4.39929938e-68
  2.90516520e-48 3.04677704e-37 7.60909585e-56 5.30793228e-24
  1.00000000e+00]
 [2.58075334e-38 2.91870506e-65 2.07390857e-47 3.03992925e-43
  5.11194957e-42 3.77467872e-36 1.63711850e-21 1.00000000e+00
  5.44227249e-40 9.85394084e-66 6.05404300e-11 1.02694967e-22
  3.60427075e-47 9.86139972e-61 8.33002598e-56 1.78140186e-23
  2.68030769e-47 8.63912308e-59 5.04720238e-66 9.70345805e-48
  1.00000000e+00]
 [1.41353808e-25 9.84814808e-26 3.37802143e-29 5.33069262e-50
  6.73523030e-63 9.76248266e-43 1.10377539e-45 5.44227249e-40
  1.00000000e+00 1.63352799e-18 6.40127175e-30 3.75675635e-17
  1.14518426e-42 4.18710253e-41 3.74267051e-20 1.57471010e-45
  4.26991429e-16 7.92534963e-16 1.65224237e-65 4.66494601e-20
  1.00000000e+00]
 [2.37444048e-21 1.67658300e-40 3.69856840e-24 1.04644895e-51
  7.29154234e-39 3.94742140e-80 1.33895523e-52 9.85394084e-66
  1.63352799e-18 1.00000000e+00 3.55346203e-47 1.30009990e-26
  3.48240790e-26 9.93900419e-24 5.09960432e-30 4.81617752e-75
  2.50790545e-16 7.26482320e-13 5.34463684e-42 2.96929945e-24
  1.00000000e+00]
 [5.54990816e-29 9.80791471e-41 5.54686922e-45 1.73372292e-20
  3.03578719e-43 7.11251053e-19 4.01962381e-34 6.05404300e-11
  6.40127175e-30 3.55346203e-47 1.00000000e+00 3.05252186e-21
  6.02719683e-54 1.61701687e-35 1.27028980e-30 2.05492437e-26
  7.08981361e-31 4.63545644e-55 6.65180936e-47 2.94864095e-36
  1.00000000e+00]
 [7.51438984e-06 8.35076453e-26 7.60552099e-07 2.11539257e-46
  6.48184140e-28 9.86684003e-39 1.33717393e-12 1.02694967e-22
  3.75675635e-17 1.30009990e-26 3.05252186e-21 1.00000000e+00
  4.81582597e-18 1.19100712e-28 3.69359690e-34 9.31472846e-51
  1.02893881e-31 1.67360869e-14 5.89010387e-37 4.49034237e-13
  1.00000000e+00]
 [1.91266784e-14 3.57419306e-60 6.33678091e-10 3.01146709e-78
  8.96942654e-13 1.43535707e-91 3.61177415e-19 3.60427075e-47
  1.14518426e-42 3.48240790e-26 6.02719683e-54 4.81582597e-18
  1.00000000e+00 1.00356189e-33 3.33643512e-64 1.14808976e-72
  4.42879367e-44 2.19943611e-17 6.98262921e-33 3.70540541e-30
  1.00000000e+00]
 [1.79381806e-13 3.96445169e-23 7.31972543e-27 2.53541029e-54
  7.14780981e-34 5.50593026e-50 2.10406797e-48 9.86139972e-61
  4.18710253e-41 9.93900419e-24 1.61701687e-35 1.19100712e-28
  1.00356189e-33 1.00000000e+00 2.22789228e-35 5.50842192e-66
  5.11360602e-27 2.27156267e-40 5.45300519e-11 1.00213080e-22
  1.00000000e+00]
 [5.49748936e-31 7.42576737e-35 8.38259648e-46 1.14872471e-24
  4.22139456e-62 2.52571145e-30 3.77898504e-80 8.33002598e-56
  3.74267051e-20 5.09960432e-30 1.27028980e-30 3.69359690e-34
  3.33643512e-64 2.22789228e-35 1.00000000e+00 3.09719660e-41
  5.55948302e-39 6.36625132e-38 1.16094242e-43 7.59963972e-50
  1.00000000e+00]
 [1.55342962e-58 2.30324334e-74 8.03516718e-77 2.58160329e-53
  1.04679308e-67 8.29070897e-34 4.39929938e-68 1.78140186e-23
  1.57471010e-45 4.81617752e-75 2.05492437e-26 9.31472846e-51
  1.14808976e-72 5.50842192e-66 3.09719660e-41 1.00000000e+00
  9.92043697e-52 3.43772795e-78 3.54733764e-69 5.01048160e-76
  1.00000000e+00]
 [8.38150244e-34 5.58562796e-33 2.68748225e-43 2.50073470e-59
  1.38381942e-59 2.17899056e-59 2.90516520e-48 2.68030769e-47
  4.26991429e-16 2.50790545e-16 7.08981361e-31 1.02893881e-31
  4.42879367e-44 5.11360602e-27 5.55948302e-39 9.92043697e-52
  1.00000000e+00 8.93938898e-35 2.25870370e-59 1.79532576e-18
  1.00000000e+00]
 [8.09687310e-16 1.47578241e-39 1.28656710e-09 3.91562310e-69
  1.47920595e-40 1.52899426e-78 3.04677704e-37 8.63912308e-59
  7.92534963e-16 7.26482320e-13 4.63545644e-55 1.67360869e-14
  2.19943611e-17 2.27156267e-40 6.36625132e-38 3.43772795e-78
  8.93938898e-35 1.00000000e+00 4.13178928e-52 4.23296200e-22
  1.00000000e+00]
 [5.11722293e-17 2.70932424e-48 2.08505683e-30 8.69093128e-55
  7.70425666e-21 1.15096822e-60 7.60909585e-56 5.04720238e-66
  1.65224237e-65 5.34463684e-42 6.65180936e-47 5.89010387e-37
  6.98262921e-33 5.45300519e-11 1.16094242e-43 3.54733764e-69
  2.25870370e-59 4.13178928e-52 1.00000000e+00 3.05210648e-49
  1.00000000e+00]
 [1.02351552e-14 2.05508979e-13 2.25673165e-16 1.00650636e-75
  9.58473721e-53 6.66959295e-53 5.30793228e-24 9.70345805e-48
  4.66494601e-20 2.96929945e-24 2.94864095e-36 4.49034237e-13
  3.70540541e-30 1.00213080e-22 7.59963972e-50 5.01048160e-76
  1.79532576e-18 4.23296200e-22 3.05210648e-49 1.00000000e+00
  1.00000000e+00]
 [1.00000000e+00 1.00000000e+00 1.00000000e+00 1.00000000e+00
  1.00000000e+00 1.00000000e+00 1.00000000e+00 1.00000000e+00
  1.00000000e+00 1.00000000e+00 1.00000000e+00 1.00000000e+00
  1.00000000e+00 1.00000000e+00 1.00000000e+00 1.00000000e+00
  1.00000000e+00 1.00000000e+00 1.00000000e+00 1.00000000e+00
  0.00000000e+00]]
