[[1.00000000e+000 1.54800471e-093 1.23213120e-061 9.16968722e-067
  6.41978623e-057 8.63057996e-016 1.50020924e-061 4.65658411e-088
  5.23188925e-062 2.65846110e-086 1.03924157e-037 2.62949876e-072
  1.95857910e-072 6.81042084e-044 1.04459932e-034 9.32148392e-021
  5.15285653e-029 3.86050739e-081 4.41800201e-108 9.56092227e-047
  1.00000000e+000]
 [1.54800471e-093 1.00000000e+000 7.38994923e-048 1.48770611e-012
  8.51312839e-062 7.68122189e-062 4.61851897e-100 1.90443241e-030
  2.40916932e-048 1.77041081e-059 2.80440486e-039 2.38490941e-031
  1.48870195e-057 6.19541718e-074 3.35945084e-079 3.09535972e-072
  1.64300056e-047 2.94394422e-032 1.31874927e-064 1.01825046e-070
  1.00000000e+000]
 [1.23213120e-061 7.38994923e-048 1.00000000e+000 2.79512726e-040
  2.23542594e-038 4.28352032e-037 5.39786319e-050 1.40388586e-028
  3.45306376e-032 2.61786387e-028 1.88878047e-038 6.99135654e-077
  5.43908277e-041 2.44305677e-030 1.23016250e-081 1.49545645e-043
  7.99793175e-055 3.40487282e-039 1.08025134e-040 1.42700869e-043
  1.00000000e+000]
 [9.16968722e-067 1.48770611e-012 2.79512726e-040 1.00000000e+000
  1.76284922e-056 1.52118728e-031 1.39162058e-081 1.70910092e-025
  6.27335031e-056 7.23890276e-050 4.00213330e-039 1.87529100e-050
  8.06567186e-048 2.86698460e-042 1.63375844e-046 2.02337336e-057
  4.32515347e-042 2.39093493e-032 1.62642469e-089 7.99501690e-082
  1.00000000e+000]
 [6.41978623e-057 8.51312839e-062 2.23542594e-038 1.76284922e-056
  1.00000000e+000 2.18796318e-042 6.41047091e-008 3.83954675e-058
  1.46598513e-027 3.36199457e-011 8.69263586e-065 1.46821912e-039
  2.83082710e-014 3.23664236e-030 4.99712839e-072 2.53924103e-031
  2.06123574e-028 3.24672849e-042 1.52080399e-029 2.80743606e-035
  1.00000000e+000]
 [8.63057996e-016 7.68122189e-062 4.28352032e-037 1.52118728e-031
  2.18796318e-042 1.00000000e+000 9.12927991e-049 3.34284905e-058
  6.14559200e-060 4.10637276e-053 2.55327870e-036 3.78630483e-069
  1.00215162e-050 1.97914053e-026 4.88708776e-028 5.63443536e-027
  3.96337506e-033 2.84065504e-066 9.33522129e-100 1.10109617e-050
  1.00000000e+000]
 [1.50020924e-061 4.61851897e-100 5.39786319e-050 1.39162058e-081
  6.41047091e-008 9.12927991e-049 1.00000000e+000 4.47578423e-072
  8.53813934e-051 6.16715727e-015 6.41183391e-085 9.46222667e-071
  6.23652629e-016 2.38037738e-028 1.59037756e-072 3.38045000e-032
  8.03270704e-050 1.08494097e-058 2.40901835e-051 6.86351059e-054
  1.00000000e+000]
 [4.65658411e-088 1.90443241e-030 1.40388586e-028 1.70910092e-025
  3.83954675e-058 3.34284905e-058 4.47578423e-072 1.00000000e+000
  1.14085317e-062 4.57140226e-038 9.04150084e-033 4.93572505e-061
  1.74559666e-028 5.21777692e-047 1.56812856e-053 1.65743235e-044
  9.35444282e-073 1.84363249e-014 2.50957647e-066 3.22221789e-081
  1.00000000e+000]
 [5.23188925e-062 2.40916932e-048 3.45306376e-032 6.27335031e-056
  1.46598513e-027 6.14559200e-060 8.53813934e-051 1.14085317e-062
  1.00000000e+000 1.07307554e-040 7.92414985e-061 1.82603658e-048
  1.11762286e-050 3.63519235e-039 1.04032985e-107 2.35008299e-054
  2.79769052e-018 5.18509479e-034 5.31111511e-021 2.60176676e-043
  1.00000000e+000]
 [2.65846110e-086 1.77041081e-059 2.61786387e-028 7.23890276e-050
  3.36199457e-011 4.10637276e-053 6.16715727e-015 4.57140226e-038
  1.07307554e-040 1.00000000e+000 1.87030076e-075 1.18038237e-063
  1.76599412e-009 4.75772435e-026 3.62887448e-081 1.02790789e-046
  4.82724734e-055 6.44931436e-034 3.62440679e-036 4.88456770e-062
  1.00000000e+000]
 [1.03924157e-037 2.80440486e-039 1.88878047e-038 4.00213330e-039
  8.69263586e-065 2.55327870e-036 6.41183391e-085 9.04150084e-033
  7.92414985e-061 1.87030076e-075 1.00000000e+000 1.10459445e-039
  8.04531133e-057 1.03546928e-068 7.79567635e-038 1.79691521e-022
  8.74244957e-050 2.56886755e-046 1.13350548e-074 1.26136719e-034
  1.00000000e+000]
 [2.62949876e-072 2.38490941e-031 6.99135654e-077 1.87529100e-050
  1.46821912e-039 3.78630483e-069 9.46222667e-071 4.93572505e-061
  1.82603658e-048 1.18038237e-063 1.10459445e-039 1.00000000e+000
  2.67858607e-045 3.74413943e-089 7.00265435e-069 7.05188798e-044
  1.58978101e-032 1.14515557e-045 5.79713500e-050 1.35342152e-038
  1.00000000e+000]
 [1.95857910e-072 1.48870195e-057 5.43908277e-041 8.06567186e-048
  2.83082710e-014 1.00215162e-050 6.23652629e-016 1.74559666e-028
  1.11762286e-050 1.76599412e-009 8.04531133e-057 2.67858607e-045
  1.00000000e+000 8.15872652e-031 3.61923040e-050 2.85162498e-026
  3.65156988e-051 9.49193188e-024 1.07455956e-045 4.20631372e-060
  1.00000000e+000]
 [6.81042084e-044 6.19541718e-074 2.44305677e-030 2.86698460e-042
  3.23664236e-030 1.97914053e-026 2.38037738e-028 5.21777692e-047
  3.63519235e-039 4.75772435e-026 1.03546928e-068 3.74413943e-089
  8.15872652e-031 1.00000000e+000 2.33345545e-054 5.26904174e-038
  1.26307375e-036 2.89978826e-036 1.86815541e-075 5.61878693e-081
  1.00000000e+000]
 [1.04459932e-034 3.35945084e-079 1.23016250e-081 1.63375844e-046
  4.99712839e-072 4.88708776e-028 1.59037756e-072 1.56812856e-053
  1.04032985e-107 3.62887448e-081 7.79567635e-038 7.00265435e-069
  3.61923040e-050 2.33345545e-054 1.00000000e+000 2.60709955e-023
  3.49679462e-062 9.91291178e-064 5.03740898e-142 7.36544003e-089
  1.00000000e+000]
 [9.32148392e-021 3.09535972e-072 1.49545645e-043 2.02337336e-057
  2.53924103e-031 5.63443536e-027 3.38045000e-032 1.65743235e-044
  2.35008299e-054 1.02790789e-046 1.79691521e-022 7.05188798e-044
  2.85162498e-026 5.26904174e-038 2.60709955e-023 1.00000000e+000
  2.95051610e-037 3.04479742e-043 1.54502719e-066 2.85715776e-033
  1.00000000e+000]
 [5.15285653e-029 1.64300056e-047 7.99793175e-055 4.32515347e-042
  2.06123574e-028 3.96337506e-033 8.03270704e-050 9.35444282e-073
  2.79769052e-018 4.82724734e-055 8.74244957e-050 1.58978101e-032
  3.65156988e-051 1.26307375e-036 3.49679462e-062 2.95051610e-037
  1.00000000e+000 6.31299172e-044 1.32940421e-057 1.66824534e-044
  1.00000000e+000]
 [3.86050739e-081 2.94394422e-032 3.40487282e-039 2.39093493e-032
  3.24672849e-042 2.84065504e-066 1.08494097e-058 1.84363249e-014
  5.18509479e-034 6.44931436e-034 2.56886755e-046 1.14515557e-045
  9.49193188e-024 2.89978826e-036 9.91291178e-064 3.04479742e-043
  6.31299172e-044 1.00000000e+000 6.95332294e-047 8.30197939e-081
  1.00000000e+000]
 [4.41800201e-108 1.31874927e-064 1.08025134e-040 1.62642469e-089
  1.52080399e-029 9.33522129e-100 2.40901835e-051 2.50957647e-066
  5.31111511e-021 3.62440679e-036 1.13350548e-074 5.79713500e-050
  1.07455956e-045 1.86815541e-075 5.03740898e-142 1.54502719e-066
  1.32940421e-057 6.95332294e-047 1.00000000e+000 1.68407509e-037
  1.00000000e+000]
 [9.56092227e-047 1.01825046e-070 1.42700869e-043 7.99501690e-082
  2.80743606e-035 1.10109617e-050 6.86351059e-054 3.22221789e-081
  2.60176676e-043 4.88456770e-062 1.26136719e-034 1.35342152e-038
  4.20631372e-060 5.61878693e-081 7.36544003e-089 2.85715776e-033
  1.66824534e-044 8.30197939e-081 1.68407509e-037 1.00000000e+000
  1.00000000e+000]
 [1.00000000e+000 1.00000000e+000 1.00000000e+000 1.00000000e+000
  1.00000000e+000 1.00000000e+000 1.00000000e+000 1.00000000e+000
  1.00000000e+000 1.00000000e+000 1.00000000e+000 1.00000000e+000
  1.00000000e+000 1.00000000e+000 1.00000000e+000 1.00000000e+000
  1.00000000e+000 1.00000000e+000 1.00000000e+000 1.00000000e+000
  0.00000000e+000]]
