[[ 0.73962702 -0.62470919  0.27123366 -4.62698201  3.29475567  4.8022758 ]
 [ 1.46404436 -0.56719448  3.08716828 -1.21954615  4.85840834 -0.32400796]
 [ 0.87362375 -3.39430014  1.22086579 -0.98403781  2.15083393 -3.24878947]
 [-3.76941139  1.625785   -4.22379849  0.6019995   1.60638671 -0.3443215 ]
 [ 3.4485524   2.25954187  4.78013673 -2.75130295  2.12221457 -3.24470122]
 [-4.93310299  0.54582274  0.74080976  0.56717296 -3.902661   -1.300335  ]
 [ 1.9802885   1.63882801  4.97227468  1.2943403   2.53324952  3.15194283]
 [ 2.79739115 -1.06432872  0.69575105 -0.2627902  -4.74290543  4.51977677]
 [ 0.5333347   1.68063353 -2.34513998 -1.80635458  1.28559808 -0.87555853]
 [ 2.13296988  2.13769906  3.32625483 -0.15393661  2.27766353 -3.26424092]
 [-3.76107098 -0.32898296  4.67756349 -1.36161865 -3.23031533  4.55567984]
 [-3.88882707 -4.25232261 -4.74083217 -0.04413167 -2.08014703  4.70912169]
 [ 2.35593253 -4.88774069  1.05992393 -4.35886717  3.70552544  1.68298381]
 [ 1.08472988 -2.18588306 -4.72651618  4.32796307  0.3374222  -1.2329926 ]
 [-4.48668594  0.33060324 -1.41020473 -4.41870863 -0.98989899  2.70794614]
 [-3.34403788 -2.38165581 -1.39256671  1.27581023  2.13882227 -4.98826707]
 [-1.33732811 -3.0680714   4.28181303  2.03496203  3.69623021 -2.85774237]
 [-4.20772363  2.55883524  1.02383406  2.52975129  1.84633145  0.19369787]
 [-1.93763373 -2.8898372  -4.99129034  2.89772018 -1.49228355 -1.91354848]
 [ 4.99771237 -4.96431833 -1.12802054 -3.96678154  1.72981142 -0.55643933]],[[ 32985.53767842]
 [  2643.56227871]
 [ 12501.4295358 ]
 [ 20725.95843232]
 [ 12279.13149004]
 [ 58434.61878918]
 [  1118.95530715]
 [ 10246.41013976]
 [  3267.01742219]
 [  1248.28368763]
 [ 25654.43812456]
 [ 90115.60608795]
 [ 86473.26388622]
 [ 44018.97463285]
 [ 81579.85376728]
 [ 23446.59462457]
 [  5034.42006747]
 [ 28096.8378061 ]
 [ 32023.44095864]
 [175762.83454061]],[[ -4397.39478171]
 [-34739.37017731]
 [-24881.50292208]
 [-16656.97402656]
 [-25102.92746438]
 [ 21051.68632651]
 [-36263.97714979]
 [-27136.5223181 ]
 [-34115.91503495]
 [-36134.04193062]
 [-11728.49433483]
 [ 52732.67362211]
 [ 49090.33129812]
 [  6636.043111  ]
 [ 44196.92130229]
 [-13936.33783461]
 [-32348.51238974]
 [ -9286.09465354]
 [ -5359.49266452]
 [138379.9020227 ]
 [ 37382.93246057]],[[1.00000000e+000 6.45517283e-022 6.11764306e-039 3.79833398e-045
  1.32931355e-046 8.81268876e-066 7.02430353e-030 4.31878135e-039
  3.10060938e-025 2.46490347e-046 3.84414323e-041 2.51014450e-048
  2.35767972e-014 3.96700166e-067 4.13702986e-024 7.46709657e-068
  5.26080044e-057 2.20491448e-048 3.17165817e-072 2.35840187e-031
  1.00000000e+000]
 [6.45517283e-022 1.00000000e+000 8.74627641e-013 5.87793172e-044
  3.97664840e-015 1.45520933e-056 7.72054181e-015 1.03345136e-054
  6.13753035e-022 2.90555922e-011 1.79949249e-052 3.43185341e-078
  1.43211377e-017 4.82453939e-051 1.56894544e-048 2.82031329e-036
  1.91025288e-015 5.95313510e-031 2.06038016e-062 8.15623780e-030
  1.00000000e+000]
 [6.11764306e-039 8.74627641e-013 1.00000000e+000 8.58098087e-039
  2.39500121e-024 8.04749529e-041 1.75322435e-038 6.92106514e-052
  1.50304542e-020 6.15289837e-017 2.04528273e-058 5.41038110e-062
  3.21132591e-019 3.44622884e-032 4.69865434e-047 2.14210516e-015
  5.00963098e-012 6.74866976e-038 4.12117995e-034 1.14274264e-018
  1.00000000e+000]
 [3.79833398e-045 5.87793172e-044 8.58098087e-039 1.00000000e+000
  2.17882257e-067 4.19796321e-026 1.05981567e-057 3.23908767e-061
  5.48670886e-013 7.13407162e-045 4.65337181e-059 4.98418816e-033
  5.87173292e-062 1.88703062e-024 4.88720888e-023 6.01436144e-021
  8.15310140e-050 6.52188447e-015 7.99851310e-019 3.19269786e-066
  1.00000000e+000]
 [1.32931355e-046 3.97664840e-015 2.39500121e-024 2.17882257e-067
  1.00000000e+000 8.69862651e-062 8.48722247e-027 2.70812327e-062
  9.66647718e-030 2.41739809e-005 6.38672298e-066 3.21532261e-120
  3.38011148e-042 6.83526313e-076 3.91399670e-067 4.96282647e-055
  3.37318161e-034 1.24668381e-049 1.30525542e-086 1.93995257e-043
  1.00000000e+000]
 [8.81268876e-066 1.45520933e-056 8.04749529e-041 4.19796321e-026
  8.69862651e-062 1.00000000e+000 1.31960596e-056 4.00462868e-043
  1.29408041e-032 6.65261714e-045 4.31655578e-025 1.54660066e-041
  3.28846060e-076 1.25150840e-046 2.66460507e-024 1.69195412e-029
  1.58747062e-044 9.56817552e-020 4.59055228e-029 3.31762071e-081
  1.00000000e+000]
 [7.02430353e-030 7.72054181e-015 1.75322435e-038 1.05981567e-057
  8.48722247e-027 1.31960596e-056 1.00000000e+000 5.44242654e-037
  8.70552706e-037 7.70968636e-021 4.15727384e-035 8.31618773e-083
  2.39041469e-041 1.01117002e-062 5.63760831e-057 1.69508896e-066
  7.59236218e-032 3.66038045e-029 1.03576524e-078 4.72530099e-058
  1.00000000e+000]
 [4.31878135e-039 1.03345136e-054 6.92106514e-052 3.23908767e-061
  2.70812327e-062 4.00462868e-043 5.44242654e-037 1.00000000e+000
  1.05965395e-039 4.21904358e-056 4.79105969e-028 1.65566398e-040
  5.36264817e-049 4.74969337e-050 1.38802148e-041 1.30326171e-080
  2.43253416e-072 3.71380710e-058 7.37861585e-053 3.18309508e-046
  1.00000000e+000]
 [3.10060938e-025 6.13753035e-022 1.50304542e-020 5.48670886e-013
  9.66647718e-030 1.29408041e-032 8.70552706e-037 1.05965395e-039
  1.00000000e+000 5.46715691e-020 1.16015433e-053 8.20178675e-047
  3.70811000e-034 1.33059059e-026 1.24405696e-023 1.32511702e-026
  9.45530958e-042 1.49726265e-024 6.39553070e-029 2.33053475e-031
  1.00000000e+000]
 [2.46490347e-046 2.90555922e-011 6.15289837e-017 7.13407162e-045
  2.41739809e-005 6.65261714e-045 7.70968636e-021 4.21904358e-056
  5.46715691e-020 1.00000000e+000 1.29015173e-059 2.46933719e-098
  1.31406326e-043 1.23299744e-049 6.05430433e-059 1.75543177e-034
  3.77851633e-021 5.73454111e-029 5.91879717e-060 1.93026382e-044
  1.00000000e+000]
 [3.84414323e-041 1.79949249e-052 2.04528273e-058 4.65337181e-059
  6.38672298e-066 4.31655578e-025 4.15727384e-035 4.79105969e-028
  1.16015433e-053 1.29015173e-059 1.00000000e+000 2.78487642e-047
  4.59982064e-060 5.72209252e-085 5.82844427e-025 9.84379731e-074
  2.55586150e-056 2.89314108e-036 5.50382225e-073 5.38514216e-083
  1.00000000e+000]
 [2.51014450e-048 3.43185341e-078 5.41038110e-062 4.98418816e-033
  3.21532261e-120 1.54660066e-041 8.31618773e-083 1.65566398e-040
  8.20178675e-047 2.46933719e-098 2.78487642e-047 1.00000000e+000
  4.73277534e-059 1.69146820e-039 2.18285930e-025 1.42817434e-056
  9.41281312e-081 8.87726044e-054 3.60068884e-026 6.12016403e-066
  1.00000000e+000]
 [2.35767972e-014 1.43211377e-017 3.21132591e-019 5.87173292e-062
  3.38011148e-042 3.28846060e-076 2.39041469e-041 5.36264817e-049
  3.70811000e-034 1.31406326e-043 4.59982064e-060 4.73277534e-059
  1.00000000e+000 1.56544184e-060 1.43492600e-045 2.32803390e-054
  2.63674786e-039 1.36151664e-066 1.37268645e-066 8.86128729e-010
  1.00000000e+000]
 [3.96700166e-067 4.82453939e-051 3.44622884e-032 1.88703062e-024
  6.83526313e-076 1.25150840e-046 1.01117002e-062 4.74969337e-050
  1.33059059e-026 1.23299744e-049 5.72209252e-085 1.69146820e-039
  1.56544184e-060 1.00000000e+000 1.80747512e-062 1.14377236e-025
  3.48206696e-047 2.63436310e-040 1.75274461e-007 2.83469326e-047
  1.00000000e+000]
 [4.13702986e-024 1.56894544e-048 4.69865434e-047 4.88720888e-023
  3.91399670e-067 2.66460507e-024 5.63760831e-057 1.38802148e-041
  1.24405696e-023 6.05430433e-059 5.82844427e-025 2.18285930e-025
  1.43492600e-045 1.80747512e-062 1.00000000e+000 1.51231266e-048
  3.36342629e-065 1.07100511e-032 2.95974446e-046 6.22265436e-060
  1.00000000e+000]
 [7.46709657e-068 2.82031329e-036 2.14210516e-015 6.01436144e-021
  4.96282647e-055 1.69195412e-029 1.69508896e-066 1.30326171e-080
  1.32511702e-026 1.75543177e-034 9.84379731e-074 1.42817434e-056
  2.32803390e-054 1.14377236e-025 1.51231266e-048 1.00000000e+000
  6.13554841e-020 1.43783009e-026 2.69145875e-018 2.05754172e-054
  1.00000000e+000]
 [5.26080044e-057 1.91025288e-015 5.00963098e-012 8.15310140e-050
  3.37318161e-034 1.58747062e-044 7.59236218e-032 2.43253416e-072
  9.45530958e-042 3.77851633e-021 2.55586150e-056 9.41281312e-081
  2.63674786e-039 3.48206696e-047 3.36342629e-065 6.13554841e-020
  1.00000000e+000 2.66040249e-028 1.20942565e-050 4.73940145e-052
  1.00000000e+000]
 [2.20491448e-048 5.95313510e-031 6.74866976e-038 6.52188447e-015
  1.24668381e-049 9.56817552e-020 3.66038045e-029 3.71380710e-058
  1.49726265e-024 5.73454111e-029 2.89314108e-036 8.87726044e-054
  1.36151664e-066 2.63436310e-040 1.07100511e-032 1.43783009e-026
  2.66040249e-028 1.00000000e+000 2.12322063e-038 1.06437349e-082
  1.00000000e+000]
 [3.17165817e-072 2.06038016e-062 4.12117995e-034 7.99851310e-019
  1.30525542e-086 4.59055228e-029 1.03576524e-078 7.37861585e-053
  6.39553070e-029 5.91879717e-060 5.50382225e-073 3.60068884e-026
  1.37268645e-066 1.75274461e-007 2.95974446e-046 2.69145875e-018
  1.20942565e-050 2.12322063e-038 1.00000000e+000 9.70255353e-056
  1.00000000e+000]
 [2.35840187e-031 8.15623780e-030 1.14274264e-018 3.19269786e-066
  1.93995257e-043 3.31762071e-081 4.72530099e-058 3.18309508e-046
  2.33053475e-031 1.93026382e-044 5.38514216e-083 6.12016403e-066
  8.86128729e-010 2.83469326e-047 6.22265436e-060 2.05754172e-054
  4.73940145e-052 1.06437349e-082 9.70255353e-056 1.00000000e+000
  1.00000000e+000]
 [1.00000000e+000 1.00000000e+000 1.00000000e+000 1.00000000e+000
  1.00000000e+000 1.00000000e+000 1.00000000e+000 1.00000000e+000
  1.00000000e+000 1.00000000e+000 1.00000000e+000 1.00000000e+000
  1.00000000e+000 1.00000000e+000 1.00000000e+000 1.00000000e+000
  1.00000000e+000 1.00000000e+000 1.00000000e+000 1.00000000e+000
  0.00000000e+000]]
