[[1.00000000e+000 5.04170903e-045 3.67456033e-023 4.67785230e-024
  6.92175783e-013 5.08786418e-052 3.36717623e-054 1.02404232e-029
  4.45828023e-038 5.54142099e-018 4.53816381e-040 1.75004436e-015
  6.37821501e-026 3.24012891e-018 2.34451355e-020 5.24859030e-045
  3.00935675e-057 8.79989999e-064 4.99603530e-015 3.04820141e-011
  1.00000000e+000]
 [5.04170903e-045 1.00000000e+000 5.23841271e-047 3.15982190e-088
  1.68184139e-064 1.16216950e-053 7.34963058e-031 3.64675092e-080
  3.24253010e-048 1.66116558e-025 1.72295416e-042 8.59614123e-030
  2.05691491e-030 1.36674724e-050 1.68574665e-060 9.27279835e-026
  2.87500559e-048 7.15985836e-036 3.54733396e-064 8.80939700e-045
  1.00000000e+000]
 [3.67456033e-023 5.23841271e-047 1.00000000e+000 5.12442847e-068
  3.99212985e-043 1.75938733e-084 1.21893602e-088 1.44305897e-063
  1.54425643e-035 6.52409800e-036 1.20776590e-050 6.59266167e-034
  9.29286470e-045 7.08989668e-035 2.74725015e-051 4.76834849e-064
  4.51404715e-028 1.78550471e-071 2.21662866e-049 1.40727175e-012
  1.00000000e+000]
 [4.67785230e-024 3.15982190e-088 5.12442847e-068 1.00000000e+000
  1.05208777e-040 2.37084655e-072 1.21887551e-075 1.86084802e-055
  2.91942451e-081 8.42545793e-067 6.46346616e-042 9.11446151e-044
  4.05103777e-053 3.89194125e-036 3.97734250e-033 7.75500419e-061
  3.10232039e-106 9.69282147e-091 4.70448793e-022 6.68745932e-061
  1.00000000e+000]
 [6.92175783e-013 1.68184139e-064 3.99212985e-043 1.05208777e-040
  1.00000000e+000 1.14651881e-079 1.85577781e-090 1.22717832e-053
  7.83625196e-053 1.88299584e-033 5.39385978e-084 1.27084133e-038
  1.47460909e-062 1.07957087e-025 6.98909149e-047 1.65847936e-083
  2.11090515e-091 4.31409455e-110 4.99810812e-031 2.38908170e-030
  1.00000000e+000]
 [5.08786418e-052 1.16216950e-053 1.75938733e-084 2.37084655e-072
  1.14651881e-079 1.00000000e+000 8.55024972e-024 7.22812981e-089
  1.00029261e-128 5.62909940e-041 5.74865747e-077 5.30618870e-032
  9.63499994e-061 3.11713519e-050 1.99617340e-015 3.81964726e-015
  8.24471273e-054 4.42040978e-044 2.93159976e-085 2.89965594e-062
  1.00000000e+000]
 [3.36717623e-054 7.34963058e-031 1.21893602e-088 1.21887551e-075
  1.85577781e-090 8.55024972e-024 1.00000000e+000 5.25654249e-057
  4.74902480e-083 5.79629671e-029 1.95159126e-040 1.98201947e-021
  6.85882198e-025 9.66704599e-054 6.37004103e-039 3.28979182e-010
  5.95991618e-064 1.24625141e-013 2.13414242e-059 1.11840219e-066
  1.00000000e+000]
 [1.02404232e-029 3.64675092e-080 1.44305897e-063 1.86084802e-055
  1.22717832e-053 7.22812981e-089 5.25654249e-057 1.00000000e+000
  5.22129116e-033 2.68257750e-027 5.37931315e-048 3.73994088e-022
  2.70562638e-024 1.87028662e-036 1.14879633e-057 2.20808850e-074
  2.14753475e-086 8.05798612e-055 4.60889541e-013 2.78129556e-043
  1.00000000e+000]
 [4.45828023e-038 3.24253010e-048 1.54425643e-035 2.91942451e-081
  7.83625196e-053 1.00029261e-128 4.74902480e-083 5.22129116e-033
  1.00000000e+000 1.40668315e-034 4.50481453e-043 8.73325880e-037
  4.98917588e-030 2.61686727e-044 3.20232105e-096 1.81692757e-088
  1.42610759e-074 1.16224209e-066 5.87532454e-027 1.23246220e-040
  1.00000000e+000]
 [5.54142099e-018 1.66116558e-025 6.52409800e-036 8.42545793e-067
  1.88299584e-033 5.62909940e-041 5.79629671e-029 2.68257750e-027
  1.40668315e-034 1.00000000e+000 2.22995459e-050 1.77306003e-007
  6.95750432e-020 2.11665429e-024 1.16456082e-033 2.87343402e-035
  2.19268753e-042 2.57089538e-035 1.51854488e-032 7.66636086e-018
  1.00000000e+000]
 [4.53816381e-040 1.72295416e-042 1.20776590e-050 6.46346616e-042
  5.39385978e-084 5.74865747e-077 1.95159126e-040 5.37931315e-048
  4.50481453e-043 2.22995459e-050 1.00000000e+000 1.40679616e-030
  1.18755787e-013 4.20567069e-051 5.41484475e-054 4.61233710e-032
  1.69140820e-065 4.49718191e-031 4.88142266e-030 2.97001181e-054
  1.00000000e+000]
 [1.75004436e-015 8.59614123e-030 6.59266167e-034 9.11446151e-044
  1.27084133e-038 5.30618870e-032 1.98201947e-021 3.73994088e-022
  8.73325880e-037 1.77306003e-007 1.40679616e-030 1.00000000e+000
  7.56974183e-016 3.17575310e-012 5.67666755e-023 1.06114974e-022
  1.51052432e-032 7.49592647e-021 2.38509576e-022 1.77395018e-024
  1.00000000e+000]
 [6.37821501e-026 2.05691491e-030 9.29286470e-045 4.05103777e-053
  1.47460909e-062 9.63499994e-061 6.85882198e-025 2.70562638e-024
  4.98917588e-030 6.95750432e-020 1.18755787e-013 7.56974183e-016
  1.00000000e+000 3.09416417e-045 2.08023530e-042 2.90722225e-029
  1.60936637e-060 1.48973863e-025 7.70345630e-023 3.24606799e-030
  1.00000000e+000]
 [3.24012891e-018 1.36674724e-050 7.08989668e-035 3.89194125e-036
  1.07957087e-025 3.11713519e-050 9.66704599e-054 1.87028662e-036
  2.61686727e-044 2.11665429e-024 4.20567069e-051 3.17575310e-012
  3.09416417e-045 1.00000000e+000 2.61325522e-034 5.66395019e-048
  4.04211875e-041 6.03132634e-050 4.59594159e-025 1.09415228e-037
  1.00000000e+000]
 [2.34451355e-020 1.68574665e-060 2.74725015e-051 3.97734250e-033
  6.98909149e-047 1.99617340e-015 6.37004103e-039 1.14879633e-057
  3.20232105e-096 1.16456082e-033 5.41484475e-054 5.67666755e-023
  2.08023530e-042 2.61325522e-034 1.00000000e+000 6.04804179e-024
  1.65600345e-053 1.38735592e-055 8.01738615e-048 2.36133266e-031
  1.00000000e+000]
 [5.24859030e-045 9.27279835e-026 4.76834849e-064 7.75500419e-061
  1.65847936e-083 3.81964726e-015 3.28979182e-010 2.20808850e-074
  1.81692757e-088 2.87343402e-035 4.61233710e-032 1.06114974e-022
  2.90722225e-029 5.66395019e-048 6.04804179e-024 1.00000000e+000
  5.23562796e-043 1.55082173e-018 7.98430499e-064 9.64583492e-054
  1.00000000e+000]
 [3.00935675e-057 2.87500559e-048 4.51404715e-028 3.10232039e-106
  2.11090515e-091 8.24471273e-054 5.95991618e-064 2.14753475e-086
  1.42610759e-074 2.19268753e-042 1.69140820e-065 1.51052432e-032
  1.60936637e-060 4.04211875e-041 1.65600345e-053 5.23562796e-043
  1.00000000e+000 3.65294581e-037 1.31860168e-088 4.29618970e-043
  1.00000000e+000]
 [8.79989999e-064 7.15985836e-036 1.78550471e-071 9.69282147e-091
  4.31409455e-110 4.42040978e-044 1.24625141e-013 8.05798612e-055
  1.16224209e-066 2.57089538e-035 4.49718191e-031 7.49592647e-021
  1.48973863e-025 6.03132634e-050 1.38735592e-055 1.55082173e-018
  3.65294581e-037 1.00000000e+000 3.55666769e-063 3.54256672e-068
  1.00000000e+000]
 [4.99603530e-015 3.54733396e-064 2.21662866e-049 4.70448793e-022
  4.99810812e-031 2.93159976e-085 2.13414242e-059 4.60889541e-013
  5.87532454e-027 1.51854488e-032 4.88142266e-030 2.38509576e-022
  7.70345630e-023 4.59594159e-025 8.01738615e-048 7.98430499e-064
  1.31860168e-088 3.55666769e-063 1.00000000e+000 4.24931702e-039
  1.00000000e+000]
 [3.04820141e-011 8.80939700e-045 1.40727175e-012 6.68745932e-061
  2.38908170e-030 2.89965594e-062 1.11840219e-066 2.78129556e-043
  1.23246220e-040 7.66636086e-018 2.97001181e-054 1.77395018e-024
  3.24606799e-030 1.09415228e-037 2.36133266e-031 9.64583492e-054
  4.29618970e-043 3.54256672e-068 4.24931702e-039 1.00000000e+000
  1.00000000e+000]
 [1.00000000e+000 1.00000000e+000 1.00000000e+000 1.00000000e+000
  1.00000000e+000 1.00000000e+000 1.00000000e+000 1.00000000e+000
  1.00000000e+000 1.00000000e+000 1.00000000e+000 1.00000000e+000
  1.00000000e+000 1.00000000e+000 1.00000000e+000 1.00000000e+000
  1.00000000e+000 1.00000000e+000 1.00000000e+000 1.00000000e+000
  0.00000000e+000]]
