[[1.00000000e+000 2.91725726e-073 6.03066248e-018 2.89697131e-068
  3.32527585e-085 9.90711841e-080 2.61442744e-127 6.89077445e-033
  2.35656292e-084 3.17351454e-103 2.12085875e-063 5.05395680e-070
  4.44956700e-030 3.81784548e-054 2.38497074e-049 1.78233556e-081
  2.39767012e-102 1.48796582e-082 5.90129408e-065 1.44222332e-116
  1.00000000e+000]
 [2.91725726e-073 1.00000000e+000 1.85500457e-029 2.26837402e-033
  8.44556165e-018 8.44196974e-013 7.70273200e-031 4.89863004e-035
  7.23200299e-055 2.13922820e-046 9.68255314e-070 5.29631906e-056
  1.15289839e-076 1.05454559e-036 6.51563476e-070 1.90517380e-031
  5.67184650e-080 2.27265390e-081 6.46959063e-042 2.13112357e-045
  1.00000000e+000]
 [6.03066248e-018 1.85500457e-029 1.00000000e+000 8.90832502e-043
  1.02382342e-044 4.27241755e-037 4.53986949e-062 4.95082708e-020
  9.00956796e-065 2.99817204e-056 5.34598331e-049 2.26972978e-053
  1.51647654e-050 1.76559926e-030 4.49542464e-044 1.78287231e-041
  1.12288663e-087 1.67026135e-082 8.82625099e-040 4.51888871e-072
  1.00000000e+000]
 [2.89697131e-068 2.26837402e-033 8.90832502e-043 1.00000000e+000
  4.43638887e-010 2.87837770e-036 7.99517129e-027 1.68595438e-023
  3.15633295e-018 3.45165553e-016 6.34280647e-032 2.90251580e-043
  3.75304610e-041 1.91401873e-035 7.28920049e-038 5.69190032e-019
  7.52698012e-019 8.50068804e-023 2.14692774e-005 6.27432690e-030
  1.00000000e+000]
 [3.32527585e-085 8.44556165e-018 1.02382342e-044 4.43638887e-010
  1.00000000e+000 2.62428922e-012 1.11935608e-019 7.89106815e-039
  2.02918542e-016 1.06748033e-026 8.33086118e-038 5.49148333e-030
  2.20710313e-056 8.73685975e-031 1.92976527e-045 2.47075047e-010
  1.30380922e-028 2.08478228e-036 3.80589995e-023 2.44234715e-026
  1.00000000e+000]
 [9.90711841e-080 8.44196974e-013 4.27241755e-037 2.87837770e-036
  2.62428922e-012 1.00000000e+000 3.19580855e-040 2.37017228e-051
  1.36100293e-032 9.18372463e-060 1.45444680e-056 1.77252466e-028
  8.31323626e-067 1.17243579e-035 4.94751663e-058 7.87998837e-017
  6.32344167e-063 1.52384866e-063 2.39844051e-053 1.18051463e-052
  1.00000000e+000]
 [2.61442744e-127 7.70273200e-031 4.53986949e-062 7.99517129e-027
  1.11935608e-019 3.19580855e-040 1.00000000e+000 1.40651124e-058
  2.01651561e-055 1.13798017e-012 1.50796878e-062 8.24167060e-078
  4.08860474e-118 2.44855703e-048 3.22539304e-084 1.92894150e-026
  1.99476685e-062 5.08878692e-088 8.84897012e-029 7.47311709e-028
  1.00000000e+000]
 [6.89077445e-033 4.89863004e-035 4.95082708e-020 1.68595438e-023
  7.89106815e-039 2.37017228e-051 1.40651124e-058 1.00000000e+000
  5.62004575e-061 4.71448152e-036 8.62340309e-060 1.23545573e-070
  4.49085549e-047 1.05653689e-057 1.32765575e-039 1.89636266e-048
  2.50260821e-071 1.17929147e-055 1.72909569e-016 6.45076240e-068
  1.00000000e+000]
 [2.35656292e-084 7.23200299e-055 9.00956796e-065 3.15633295e-018
  2.02918542e-016 1.36100293e-032 2.01651561e-055 5.62004575e-061
  1.00000000e+000 4.34295108e-056 1.32348784e-033 4.47185620e-024
  2.40105436e-032 2.80986462e-039 1.12847111e-048 1.72557179e-014
  2.51899320e-010 4.04365674e-012 2.07638262e-036 8.38023881e-054
  1.00000000e+000]
 [3.17351454e-103 2.13922820e-046 2.99817204e-056 3.45165553e-016
  1.06748033e-026 9.18372463e-060 1.13798017e-012 4.71448152e-036
  4.34295108e-056 1.00000000e+000 4.94706432e-047 9.14486404e-078
  4.15812691e-097 5.77114408e-053 3.95656663e-056 1.32133542e-037
  9.71173581e-050 8.67783762e-070 4.23756133e-011 2.52762869e-026
  1.00000000e+000]
 [2.12085875e-063 9.68255314e-070 5.34598331e-049 6.34280647e-032
  8.33086118e-038 1.45444680e-056 1.50796878e-062 8.62340309e-060
  1.32348784e-033 4.94706432e-047 1.00000000e+000 3.29836315e-018
  2.91583605e-044 6.19146371e-017 1.68877989e-015 1.25711434e-044
  9.23093853e-026 1.03990717e-050 3.14259600e-043 1.41380317e-028
  1.00000000e+000]
 [5.05395680e-070 5.29631906e-056 2.26972978e-053 2.90251580e-043
  5.49148333e-030 1.77252466e-028 8.24167060e-078 1.23545573e-070
  4.47185620e-024 9.14486404e-078 3.29836315e-018 1.00000000e+000
  1.66180983e-039 2.87878795e-025 1.33833648e-022 2.19765567e-037
  5.65307772e-035 3.77798315e-046 7.00043320e-067 6.67547325e-047
  1.00000000e+000]
 [4.44956700e-030 1.15289839e-076 1.51647654e-050 3.75304610e-041
  2.20710313e-056 8.31323626e-067 4.08860474e-118 4.49085549e-047
  2.40105436e-032 4.15812691e-097 2.91583605e-044 1.66180983e-039
  1.00000000e+000 1.24940894e-048 8.76599691e-041 9.92698456e-059
  2.29173218e-040 7.18871566e-023 1.65885454e-053 1.30757336e-092
  1.00000000e+000]
 [3.81784548e-054 1.05454559e-036 1.76559926e-030 1.91401873e-035
  8.73685975e-031 1.17243579e-035 2.44855703e-048 1.05653689e-057
  2.80986462e-039 5.77114408e-053 6.19146371e-017 2.87878795e-025
  1.24940894e-048 1.00000000e+000 4.89816316e-041 3.47343391e-036
  8.28379676e-046 6.50527099e-070 9.08898926e-048 4.07317028e-028
  1.00000000e+000]
 [2.38497074e-049 6.51563476e-070 4.49542464e-044 7.28920049e-038
  1.92976527e-045 4.94751663e-058 3.22539304e-084 1.32765575e-039
  1.12847111e-048 3.95656663e-056 1.68877989e-015 1.33833648e-022
  8.76599691e-041 4.89816316e-041 1.00000000e+000 1.60373336e-060
  8.72674322e-045 3.30854044e-051 2.12567452e-046 3.36613743e-047
  1.00000000e+000]
 [1.78233556e-081 1.90517380e-031 1.78287231e-041 5.69190032e-019
  2.47075047e-010 7.87998837e-017 1.92894150e-026 1.89636266e-048
  1.72557179e-014 1.32133542e-037 1.25711434e-044 2.19765567e-037
  9.92698456e-059 3.47343391e-036 1.60373336e-060 1.00000000e+000
  1.18077236e-035 2.41139290e-039 1.34698497e-028 4.52094633e-053
  1.00000000e+000]
 [2.39767012e-102 5.67184650e-080 1.12288663e-087 7.52698012e-019
  1.30380922e-028 6.32344167e-063 1.99476685e-062 2.50260821e-071
  2.51899320e-010 9.71173581e-050 9.23093853e-026 5.65307772e-035
  2.29173218e-040 8.28379676e-046 8.72674322e-045 1.18077236e-035
  1.00000000e+000 4.72486765e-014 2.19540952e-035 7.05281316e-042
  1.00000000e+000]
 [1.48796582e-082 2.27265390e-081 1.67026135e-082 8.50068804e-023
  2.08478228e-036 1.52384866e-063 5.08878692e-088 1.17929147e-055
  4.04365674e-012 8.67783762e-070 1.03990717e-050 3.77798315e-046
  7.18871566e-023 6.50527099e-070 3.30854044e-051 2.41139290e-039
  4.72486765e-014 1.00000000e+000 6.44036092e-037 1.29989801e-079
  1.00000000e+000]
 [5.90129408e-065 6.46959063e-042 8.82625099e-040 2.14692774e-005
  3.80589995e-023 2.39844051e-053 8.84897012e-029 1.72909569e-016
  2.07638262e-036 4.23756133e-011 3.14259600e-043 7.00043320e-067
  1.65885454e-053 9.08898926e-048 2.12567452e-046 1.34698497e-028
  2.19540952e-035 6.44036092e-037 1.00000000e+000 3.27449081e-042
  1.00000000e+000]
 [1.44222332e-116 2.13112357e-045 4.51888871e-072 6.27432690e-030
  2.44234715e-026 1.18051463e-052 7.47311709e-028 6.45076240e-068
  8.38023881e-054 2.52762869e-026 1.41380317e-028 6.67547325e-047
  1.30757336e-092 4.07317028e-028 3.36613743e-047 4.52094633e-053
  7.05281316e-042 1.29989801e-079 3.27449081e-042 1.00000000e+000
  1.00000000e+000]
 [1.00000000e+000 1.00000000e+000 1.00000000e+000 1.00000000e+000
  1.00000000e+000 1.00000000e+000 1.00000000e+000 1.00000000e+000
  1.00000000e+000 1.00000000e+000 1.00000000e+000 1.00000000e+000
  1.00000000e+000 1.00000000e+000 1.00000000e+000 1.00000000e+000
  1.00000000e+000 1.00000000e+000 1.00000000e+000 1.00000000e+000
  0.00000000e+000]]
