[[1.00000000e+00 4.02766942e-24 8.62354449e-95 ... 1.00701297e-17
  4.08377434e-46 1.00000000e+00]
 [4.02766942e-24 1.00000000e+00 1.61951500e-97 ... 4.67785666e-22
  4.63292376e-51 1.00000000e+00]
 [8.62354449e-95 1.61951500e-97 1.00000000e+00 ... 3.75990522e-68
  9.12115591e-28 1.00000000e+00]
 ...
 [1.00701297e-17 4.67785666e-22 3.75990522e-68 ... 1.00000000e+00
  3.36974952e-53 1.00000000e+00]
 [4.08377434e-46 4.63292376e-51 9.12115591e-28 ... 3.36974952e-53
  1.00000000e+00 1.00000000e+00]
 [1.00000000e+00 1.00000000e+00 1.00000000e+00 ... 1.00000000e+00
  1.00000000e+00 0.00000000e+00]]
