[[1.00000000e+000 6.12011570e-057 3.16731010e-072 9.65387987e-058
  8.72485687e-036 1.77107792e-032 1.06781027e-025 1.69783275e-030
  3.74838366e-030 2.45063024e-097 1.40687489e-057 1.13161095e-029
  2.28771929e-052 1.25931082e-028 1.32665564e-024 3.19895352e-035
  1.24433558e-090 5.42996096e-028 4.52518030e-019 3.44955635e-032
  1.00000000e+000]
 [6.12011570e-057 1.00000000e+000 1.75409424e-023 5.41379316e-023
  2.45296408e-092 4.08224053e-069 4.06045644e-047 2.77025307e-064
  4.22483701e-062 3.11722411e-054 4.51222589e-030 2.08028542e-056
  1.52733560e-066 1.99815801e-023 1.84249259e-038 3.75664836e-042
  5.88376810e-035 1.08315974e-026 6.81987428e-056 1.88236689e-054
  1.00000000e+000]
 [3.16731010e-072 1.75409424e-023 1.00000000e+000 1.04563329e-008
  1.60278032e-125 9.04087532e-062 2.99938763e-074 2.06555008e-042
  6.50975471e-037 6.79367714e-032 2.69586486e-061 2.74253804e-054
  1.80382515e-056 9.37645931e-035 5.48746987e-030 1.44169044e-034
  7.65048294e-052 2.32933347e-023 8.63821670e-046 7.93139008e-040
  1.00000000e+000]
 [9.65387987e-058 5.41379316e-023 1.04563329e-008 1.00000000e+000
  6.40900864e-090 2.49113119e-056 1.56498424e-050 4.83936666e-049
  6.91568101e-036 1.31550123e-035 3.33988050e-040 3.26610079e-057
  6.26542798e-043 1.08048117e-028 4.29502825e-036 3.23793601e-028
  1.49441397e-057 6.30166088e-025 3.56678440e-035 9.03575389e-025
  1.00000000e+000]
 [8.72485687e-036 2.45296408e-092 1.60278032e-125 6.40900864e-090
  1.00000000e+000 2.56519507e-057 5.05357870e-012 6.97837487e-082
  8.75384468e-075 6.50073788e-099 7.84406320e-037 1.57673957e-050
  7.68659958e-056 6.69484691e-055 3.68971092e-078 2.08812982e-065
  6.22533183e-088 5.35308383e-063 4.47429709e-075 3.67186620e-079
  1.00000000e+000]
 [1.77107792e-032 4.08224053e-069 9.04087532e-062 2.49113119e-056
  2.56519507e-057 1.00000000e+000 1.07571982e-048 1.30287793e-041
  4.42560214e-046 2.23960651e-062 9.31690701e-054 3.75188677e-021
  2.15658962e-057 1.46145784e-023 1.71058329e-044 9.18883417e-022
  1.73701436e-056 4.89086230e-020 2.60479726e-042 7.83114909e-051
  1.00000000e+000]
 [1.06781027e-025 4.06045644e-047 2.99938763e-074 1.56498424e-050
  5.05357870e-012 1.07571982e-048 1.00000000e+000 4.62809029e-050
  4.62305334e-051 5.88784240e-059 1.17259359e-022 3.18886355e-031
  4.77548323e-026 1.18755122e-024 5.47926013e-046 4.40871252e-051
  1.14023723e-054 1.51842796e-030 1.43430593e-057 1.26637889e-060
  1.00000000e+000]
 [1.69783275e-030 2.77025307e-064 2.06555008e-042 4.83936666e-049
  6.97837487e-082 1.30287793e-041 4.62809029e-050 1.00000000e+000
  1.21954846e-011 2.01593410e-051 3.06126744e-088 1.04814735e-015
  1.93173698e-032 6.52601739e-036 1.29485585e-009 9.04977054e-047
  9.90411495e-078 2.23953680e-017 2.67138386e-037 1.52841071e-049
  1.00000000e+000]
 [3.74838366e-030 4.22483701e-062 6.50975471e-037 6.91568101e-036
  8.75384468e-075 4.42560214e-046 4.62305334e-051 1.21954846e-011
  1.00000000e+000 7.50513915e-057 7.95961000e-075 1.46266128e-027
  2.13091187e-047 1.70814354e-048 4.56516751e-008 5.76053945e-027
  2.53002279e-085 7.32757918e-028 2.48417802e-018 8.03619768e-023
  1.00000000e+000]
 [2.45063024e-097 3.11722411e-054 6.79367714e-032 1.31550123e-035
  6.50073788e-099 2.23960651e-062 5.88784240e-059 2.01593410e-051
  7.50513915e-057 1.00000000e+000 1.30340629e-052 7.66623979e-039
  1.69529286e-033 8.48127363e-043 1.72604844e-055 9.89097990e-059
  1.35459712e-026 3.70850453e-030 2.46257258e-097 2.80185175e-090
  1.00000000e+000]
 [1.40687489e-057 4.51222589e-030 2.69586486e-061 3.33988050e-040
  7.84406320e-037 9.31690701e-054 1.17259359e-022 3.06126744e-088
  7.95961000e-075 1.30340629e-052 1.00000000e+000 1.40121904e-052
  1.34458507e-062 2.84888164e-032 1.47185600e-065 5.51138341e-036
  1.05998923e-028 5.23806660e-041 3.18979878e-070 2.07253340e-063
  1.00000000e+000]
 [1.13161095e-029 2.08028542e-056 2.74253804e-054 3.26610079e-057
  1.57673957e-050 3.75188677e-021 3.18886355e-031 1.04814735e-015
  1.46266128e-027 7.66623979e-039 1.40121904e-052 1.00000000e+000
  1.90418378e-035 1.98469676e-024 5.57892787e-020 2.97580315e-035
  3.37512439e-038 2.77151870e-012 3.23438920e-052 9.77831659e-065
  1.00000000e+000]
 [2.28771929e-052 1.52733560e-066 1.80382515e-056 6.26542798e-043
  7.68659958e-056 2.15658962e-057 4.77548323e-026 1.93173698e-032
  2.13091187e-047 1.69529286e-033 1.34458507e-062 1.90418378e-035
  1.00000000e+000 1.52793202e-028 3.76237822e-050 8.79013861e-074
  3.09634866e-070 3.51006700e-026 3.34309994e-074 1.05261967e-074
  1.00000000e+000]
 [1.25931082e-028 1.99815801e-023 9.37645931e-035 1.08048117e-028
  6.69484691e-055 1.46145784e-023 1.18755122e-024 6.52601739e-036
  1.70814354e-048 8.48127363e-043 2.84888164e-032 1.98469676e-024
  1.52793202e-028 1.00000000e+000 5.40558346e-034 6.47325262e-035
  3.51215080e-036 8.73820368e-006 1.77173582e-045 1.06936710e-050
  1.00000000e+000]
 [1.32665564e-024 1.84249259e-038 5.48746987e-030 4.29502825e-036
  3.68971092e-078 1.71058329e-044 5.47926013e-046 1.29485585e-009
  4.56516751e-008 1.72604844e-055 1.47185600e-065 5.57892787e-020
  3.76237822e-050 5.40558346e-034 1.00000000e+000 4.00781933e-028
  7.07901293e-064 2.87720805e-017 2.14010971e-022 8.04310556e-032
  1.00000000e+000]
 [3.19895352e-035 3.75664836e-042 1.44169044e-034 3.23793601e-028
  2.08812982e-065 9.18883417e-022 4.40871252e-051 9.04977054e-047
  5.76053945e-027 9.89097990e-059 5.51138341e-036 2.97580315e-035
  8.79013861e-074 6.47325262e-035 4.00781933e-028 1.00000000e+000
  1.34962256e-053 2.00980609e-026 8.51850473e-019 6.07065739e-018
  1.00000000e+000]
 [1.24433558e-090 5.88376810e-035 7.65048294e-052 1.49441397e-057
  6.22533183e-088 1.73701436e-056 1.14023723e-054 9.90411495e-078
  2.53002279e-085 1.35459712e-026 1.05998923e-028 3.37512439e-038
  3.09634866e-070 3.51215080e-036 7.07901293e-064 1.34962256e-053
  1.00000000e+000 1.77211495e-033 1.43390145e-107 1.02137954e-107
  1.00000000e+000]
 [5.42996096e-028 1.08315974e-026 2.32933347e-023 6.30166088e-025
  5.35308383e-063 4.89086230e-020 1.51842796e-030 2.23953680e-017
  7.32757918e-028 3.70850453e-030 5.23806660e-041 2.77151870e-012
  3.51006700e-026 8.73820368e-006 2.87720805e-017 2.00980609e-026
  1.77211495e-033 1.00000000e+000 3.98479871e-037 1.92694492e-043
  1.00000000e+000]
 [4.52518030e-019 6.81987428e-056 8.63821670e-046 3.56678440e-035
  4.47429709e-075 2.60479726e-042 1.43430593e-057 2.67138386e-037
  2.48417802e-018 2.46257258e-097 3.18979878e-070 3.23438920e-052
  3.34309994e-074 1.77173582e-045 2.14010971e-022 8.51850473e-019
  1.43390145e-107 3.98479871e-037 1.00000000e+000 2.23881811e-004
  1.00000000e+000]
 [3.44955635e-032 1.88236689e-054 7.93139008e-040 9.03575389e-025
  3.67186620e-079 7.83114909e-051 1.26637889e-060 1.52841071e-049
  8.03619768e-023 2.80185175e-090 2.07253340e-063 9.77831659e-065
  1.05261967e-074 1.06936710e-050 8.04310556e-032 6.07065739e-018
  1.02137954e-107 1.92694492e-043 2.23881811e-004 1.00000000e+000
  1.00000000e+000]
 [1.00000000e+000 1.00000000e+000 1.00000000e+000 1.00000000e+000
  1.00000000e+000 1.00000000e+000 1.00000000e+000 1.00000000e+000
  1.00000000e+000 1.00000000e+000 1.00000000e+000 1.00000000e+000
  1.00000000e+000 1.00000000e+000 1.00000000e+000 1.00000000e+000
  1.00000000e+000 1.00000000e+000 1.00000000e+000 1.00000000e+000
  0.00000000e+000]]
