[[1.00000000e+000 5.17205153e-037 6.60136346e-035 3.12887903e-041
  1.52248584e-024 6.50118951e-032 1.59241841e-011 2.21805488e-009
  1.66496952e-025 5.96804112e-023 2.97191236e-023 7.00156334e-018
  1.52878117e-022 1.88915496e-043 1.97488206e-031 1.84556130e-025
  3.78615102e-017 1.34988542e-058 1.72975558e-053 1.17625436e-051
  1.00000000e+000]
 [5.17205153e-037 1.00000000e+000 4.70530808e-032 3.40382125e-018
  2.79208936e-086 2.22252452e-046 7.22315197e-050 1.23681831e-021
  5.33653472e-031 4.80159973e-056 5.48649239e-038 1.73874467e-042
  9.37622599e-023 3.39947086e-060 5.52249124e-057 9.12456461e-053
  3.49274479e-046 3.73994556e-075 1.61368804e-010 3.80581417e-042
  1.00000000e+000]
 [6.60136346e-035 4.70530808e-032 1.00000000e+000 3.77365172e-018
  3.51657190e-047 2.17929548e-076 6.41365436e-036 5.04329955e-018
  3.27465960e-056 6.76150609e-029 1.29916946e-021 9.86444388e-037
  1.11197631e-051 6.59621696e-037 1.83270259e-023 1.08358293e-036
  4.81546879e-065 1.06683427e-042 4.62343085e-054 5.76067391e-055
  1.00000000e+000]
 [3.12887903e-041 3.40382125e-018 3.77365172e-018 1.00000000e+000
  1.77569265e-068 9.28765130e-056 1.00802034e-032 1.57504640e-028
  2.33616278e-060 8.99067669e-037 7.02269994e-040 1.86307257e-056
  1.52444485e-051 7.20841162e-026 7.19902296e-055 2.79746622e-041
  2.12330501e-043 1.37964975e-036 4.77268686e-040 1.53591694e-029
  1.00000000e+000]
 [1.52248584e-024 2.79208936e-086 3.51657190e-047 1.77569265e-068
  1.00000000e+000 1.49729584e-042 1.63206394e-019 2.64171724e-038
  2.08447196e-073 6.63989081e-020 8.83653348e-037 8.37623858e-057
  1.79160187e-055 3.59360876e-035 1.93373359e-025 1.12863061e-016
  2.77367600e-042 1.92729254e-030 7.17737009e-094 7.74388098e-070
  1.00000000e+000]
 [6.50118951e-032 2.22252452e-046 2.17929548e-076 9.28765130e-056
  1.49729584e-042 1.00000000e+000 4.96564396e-031 1.39262651e-042
  7.17659552e-059 3.32353078e-049 4.96809293e-061 9.87997021e-073
  3.04037154e-027 6.66608983e-051 3.58899088e-066 1.17419918e-031
  8.50669614e-017 1.47721950e-047 3.73514074e-036 2.29334790e-042
  1.00000000e+000]
 [1.59241841e-011 7.22315197e-050 6.41365436e-036 1.00802034e-032
  1.63206394e-019 4.96564396e-031 1.00000000e+000 5.43171489e-019
  6.10606551e-058 4.81723195e-026 2.09925235e-037 5.71379628e-048
  6.84930842e-039 7.00277203e-026 6.81759883e-038 1.45923891e-026
  3.64034258e-018 4.38527687e-033 1.08769664e-066 1.49320973e-054
  1.00000000e+000]
 [2.21805488e-009 1.23681831e-021 5.04329955e-018 1.57504640e-028
  2.64171724e-038 1.39262651e-042 5.43171489e-019 1.00000000e+000
  5.60582367e-034 8.81126852e-036 2.14386731e-026 6.41758094e-018
  8.51084726e-023 4.78525332e-053 3.01726123e-030 1.54562789e-038
  3.85930478e-031 1.31587303e-060 7.38181863e-035 7.49839843e-056
  1.00000000e+000]
 [1.66496952e-025 5.33653472e-031 3.27465960e-056 2.33616278e-060
  2.08447196e-073 7.17659552e-059 6.10606551e-058 5.60582367e-034
  1.00000000e+000 8.15377284e-044 1.57326140e-019 4.01115311e-028
  2.98199495e-018 4.79432556e-071 1.82683986e-043 1.52957874e-042
  4.38861906e-054 1.53483353e-106 2.25980270e-049 2.96960714e-068
  1.00000000e+000]
 [5.96804112e-023 4.80159973e-056 6.76150609e-029 8.99067669e-037
  6.63989081e-020 3.32353078e-049 4.81723195e-026 8.81126852e-036
  8.15377284e-044 1.00000000e+000 2.08714921e-016 1.60655634e-037
  2.66243297e-052 6.86484117e-015 3.91899346e-026 4.59336852e-006
  3.49217219e-037 1.31288848e-027 2.04765663e-078 1.03406164e-031
  1.00000000e+000]
 [2.97191236e-023 5.48649239e-038 1.29916946e-021 7.02269994e-040
  8.83653348e-037 4.96809293e-061 2.09925235e-037 2.14386731e-026
  1.57326140e-019 2.08714921e-016 1.00000000e+000 1.84965971e-033
  2.93669056e-027 1.92828228e-032 9.13454426e-009 1.27808107e-016
  4.45718413e-060 8.17305792e-055 1.00037471e-058 5.31340641e-061
  1.00000000e+000]
 [7.00156334e-018 1.73874467e-042 9.86444388e-037 1.86307257e-056
  8.37623858e-057 9.87997021e-073 5.71379628e-048 6.41758094e-018
  4.01115311e-028 1.60655634e-037 1.84965971e-033 1.00000000e+000
  2.19389022e-047 2.43400757e-080 1.30292913e-050 1.83276035e-051
  3.85957804e-044 1.76853850e-098 1.38852398e-065 5.44982023e-058
  1.00000000e+000]
 [1.52878117e-022 9.37622599e-023 1.11197631e-051 1.52444485e-051
  1.79160187e-055 3.04037154e-027 6.84930842e-039 8.51084726e-023
  2.98199495e-018 2.66243297e-052 2.93669056e-027 2.19389022e-047
  1.00000000e+000 2.79097238e-063 3.99217890e-034 1.17011126e-037
  3.69037050e-043 7.45086527e-079 2.09086527e-022 6.80339285e-072
  1.00000000e+000]
 [1.88915496e-043 3.39947086e-060 6.59621696e-037 7.20841162e-026
  3.59360876e-035 6.66608983e-051 7.00277203e-026 4.78525332e-053
  4.79432556e-071 6.86484117e-015 1.92828228e-032 2.43400757e-080
  2.79097238e-063 1.00000000e+000 1.07763759e-039 2.49584815e-014
  5.53814301e-047 3.01513163e-012 1.64094598e-082 1.45007706e-038
  1.00000000e+000]
 [1.97488206e-031 5.52249124e-057 1.83270259e-023 7.19902296e-055
  1.93373359e-025 3.58899088e-066 6.81759883e-038 3.01726123e-030
  1.82683986e-043 3.91899346e-026 9.13454426e-009 1.30292913e-050
  3.99217890e-034 1.07763759e-039 1.00000000e+000 3.34548506e-021
  8.95080706e-076 6.22906386e-049 2.50483124e-069 3.33135125e-086
  1.00000000e+000]
 [1.84556130e-025 9.12456461e-053 1.08358293e-036 2.79746622e-041
  1.12863061e-016 1.17419918e-031 1.45923891e-026 1.54562789e-038
  1.52957874e-042 4.59336852e-006 1.27808107e-016 1.83276035e-051
  1.17011126e-037 2.49584815e-014 3.34548506e-021 1.00000000e+000
  3.86474086e-037 7.79863469e-022 3.78356468e-063 2.55801909e-035
  1.00000000e+000]
 [3.78615102e-017 3.49274479e-046 4.81546879e-065 2.12330501e-043
  2.77367600e-042 8.50669614e-017 3.64034258e-018 3.85930478e-031
  4.38861906e-054 3.49217219e-037 4.45718413e-060 3.85957804e-044
  3.69037050e-043 5.53814301e-047 8.95080706e-076 3.86474086e-037
  1.00000000e+000 1.49397053e-054 2.22310106e-056 2.35998217e-030
  1.00000000e+000]
 [1.34988542e-058 3.73994556e-075 1.06683427e-042 1.37964975e-036
  1.92729254e-030 1.47721950e-047 4.38527687e-033 1.31587303e-060
  1.53483353e-106 1.31288848e-027 8.17305792e-055 1.76853850e-098
  7.45086527e-079 3.01513163e-012 6.22906386e-049 7.79863469e-022
  1.49397053e-054 1.00000000e+000 1.53539476e-082 1.67939982e-042
  1.00000000e+000]
 [1.72975558e-053 1.61368804e-010 4.62343085e-054 4.77268686e-040
  7.17737009e-094 3.73514074e-036 1.08769664e-066 7.38181863e-035
  2.25980270e-049 2.04765663e-078 1.00037471e-058 1.38852398e-065
  2.09086527e-022 1.64094598e-082 2.50483124e-069 3.78356468e-063
  2.22310106e-056 1.53539476e-082 1.00000000e+000 1.24273551e-054
  1.00000000e+000]
 [1.17625436e-051 3.80581417e-042 5.76067391e-055 1.53591694e-029
  7.74388098e-070 2.29334790e-042 1.49320973e-054 7.49839843e-056
  2.96960714e-068 1.03406164e-031 5.31340641e-061 5.44982023e-058
  6.80339285e-072 1.45007706e-038 3.33135125e-086 2.55801909e-035
  2.35998217e-030 1.67939982e-042 1.24273551e-054 1.00000000e+000
  1.00000000e+000]
 [1.00000000e+000 1.00000000e+000 1.00000000e+000 1.00000000e+000
  1.00000000e+000 1.00000000e+000 1.00000000e+000 1.00000000e+000
  1.00000000e+000 1.00000000e+000 1.00000000e+000 1.00000000e+000
  1.00000000e+000 1.00000000e+000 1.00000000e+000 1.00000000e+000
  1.00000000e+000 1.00000000e+000 1.00000000e+000 1.00000000e+000
  0.00000000e+000]]
