[[1.00000000e+00 3.25874757e-44 2.81690772e-28 ... 3.04742054e-55
  3.95444176e-54 1.00000000e+00]
 [3.25874757e-44 1.00000000e+00 2.10982982e-18 ... 1.03525620e-22
  6.60219190e-22 1.00000000e+00]
 [2.81690772e-28 2.10982982e-18 1.00000000e+00 ... 1.79065056e-46
  6.58755296e-30 1.00000000e+00]
 ...
 [3.04742054e-55 1.03525620e-22 1.79065056e-46 ... 1.00000000e+00
  1.51360195e-25 1.00000000e+00]
 [3.95444176e-54 6.60219190e-22 6.58755296e-30 ... 1.51360195e-25
  1.00000000e+00 1.00000000e+00]
 [1.00000000e+00 1.00000000e+00 1.00000000e+00 ... 1.00000000e+00
  1.00000000e+00 0.00000000e+00]]
