[[1.00000000e+00 1.16773176e-49 4.33654354e-43 ... 9.99361820e-33
  8.13390353e-18 1.00000000e+00]
 [1.16773176e-49 1.00000000e+00 4.40831486e-39 ... 7.77403779e-38
  1.72445844e-72 1.00000000e+00]
 [4.33654354e-43 4.40831486e-39 1.00000000e+00 ... 1.47967003e-62
  1.78507559e-76 1.00000000e+00]
 ...
 [9.99361820e-33 7.77403779e-38 1.47967003e-62 ... 1.00000000e+00
  1.77626818e-30 1.00000000e+00]
 [8.13390353e-18 1.72445844e-72 1.78507559e-76 ... 1.77626818e-30
  1.00000000e+00 1.00000000e+00]
 [1.00000000e+00 1.00000000e+00 1.00000000e+00 ... 1.00000000e+00
  1.00000000e+00 0.00000000e+00]]
