[[1.00000000e+00 4.18724952e-48 4.07958474e-48 ... 6.68265580e-15
  3.32995692e-29 1.00000000e+00]
 [4.18724952e-48 1.00000000e+00 1.13058801e-38 ... 4.23878266e-29
  4.27484493e-38 1.00000000e+00]
 [4.07958474e-48 1.13058801e-38 1.00000000e+00 ... 5.75880088e-29
  1.13758590e-43 1.00000000e+00]
 ...
 [6.68265580e-15 4.23878266e-29 5.75880088e-29 ... 1.00000000e+00
  2.26717382e-33 1.00000000e+00]
 [3.32995692e-29 4.27484493e-38 1.13758590e-43 ... 2.26717382e-33
  1.00000000e+00 1.00000000e+00]
 [1.00000000e+00 1.00000000e+00 1.00000000e+00 ... 1.00000000e+00
  1.00000000e+00 0.00000000e+00]]
