[[1.00000000e+000 4.67119759e-043 4.77208474e-052 5.67238013e-026
  2.08607639e-051 4.05908011e-066 1.00310086e-048 2.62800421e-068
  2.73687170e-029 2.71339231e-029 1.85993071e-046 4.27340190e-069
  3.66103745e-039 1.35042655e-025 7.31976727e-050 6.66355927e-039
  7.95727305e-079 2.17772125e-022 6.14432176e-051 2.77084231e-030
  1.00000000e+000]
 [4.67119759e-043 1.00000000e+000 2.44558657e-033 6.68226780e-024
  1.64914852e-018 1.75530372e-076 2.91415042e-020 4.66168432e-043
  1.82017911e-043 7.15957503e-031 2.40466884e-038 5.06891907e-065
  1.14575887e-046 6.95947283e-041 3.35615882e-036 3.64876791e-039
  2.99429922e-057 1.95587803e-033 1.45882421e-033 9.59525576e-034
  1.00000000e+000]
 [4.77208474e-052 2.44558657e-033 1.00000000e+000 2.43067077e-017
  9.54792397e-034 5.00564170e-036 3.41966036e-013 3.76836260e-022
  3.75759848e-064 6.46557941e-035 1.18048979e-008 6.81317041e-032
  1.66314144e-028 6.49170506e-037 2.62972948e-049 2.94686781e-023
  2.75312512e-071 1.48293734e-060 9.29991460e-038 4.20874069e-031
  1.00000000e+000]
 [5.67238013e-026 6.68226780e-024 2.43067077e-017 1.00000000e+000
  1.12174671e-019 4.06598776e-027 1.60094564e-010 3.72190412e-015
  6.85696898e-038 6.14023885e-012 2.01711172e-014 1.59071270e-026
  1.05962841e-007 5.69412888e-013 3.07270122e-029 2.65944955e-013
  5.98202633e-052 1.29799365e-022 1.26207049e-022 5.17790366e-008
  1.00000000e+000]
 [2.08607639e-051 1.64914852e-018 9.54792397e-034 1.12174671e-019
  1.00000000e+000 5.56643940e-065 1.54167434e-032 3.39417392e-026
  6.89620706e-082 6.25385742e-041 1.93600959e-034 1.15597823e-056
  4.15117417e-045 1.54349128e-053 1.04021644e-060 1.32221368e-052
  4.42759383e-104 3.06787577e-054 3.60535553e-051 1.89809970e-015
  1.00000000e+000]
 [4.05908011e-066 1.75530372e-076 5.00564170e-036 4.06598776e-027
  5.56643940e-065 1.00000000e+000 3.83694232e-030 5.68450690e-031
  9.67962915e-078 2.45520735e-052 3.25652450e-046 2.28310409e-040
  6.31200731e-022 1.10403609e-046 4.61829350e-078 2.39265309e-016
  1.20234552e-078 8.57085929e-065 5.73053590e-026 2.25730148e-052
  1.00000000e+000]
 [1.00310086e-048 2.91415042e-020 3.41966036e-013 1.60094564e-010
  1.54167434e-032 3.83694232e-030 1.00000000e+000 2.69179223e-015
  5.01878619e-035 3.99322409e-024 6.68651519e-016 1.01370412e-023
  1.02934624e-013 1.26103298e-019 1.38097036e-022 1.75673449e-011
  1.83466416e-030 5.79269500e-036 2.54326651e-011 6.61116500e-030
  1.00000000e+000]
 [2.62800421e-068 4.66168432e-043 3.76836260e-022 3.72190412e-015
  3.39417392e-026 5.68450690e-031 2.69179223e-015 1.00000000e+000
  6.05932596e-069 6.97931421e-046 5.39176760e-015 1.13398102e-010
  3.81735082e-016 3.73817153e-033 2.60444020e-038 2.13987718e-034
  1.05353567e-067 1.74890352e-066 3.25485992e-029 7.14709394e-022
  1.00000000e+000]
 [2.73687170e-029 1.82017911e-043 3.75759848e-064 6.85696898e-038
  6.89620706e-082 9.67962915e-078 5.01878619e-035 6.05932596e-069
  1.00000000e+000 1.97491575e-036 6.17930947e-052 2.19486780e-055
  7.16691859e-034 2.71310154e-014 1.06134393e-014 9.27702218e-036
  1.37190944e-018 4.00268101e-023 5.94958228e-030 2.81645914e-057
  1.00000000e+000]
 [2.71339231e-029 7.15957503e-031 6.46557941e-035 6.14023885e-012
  6.25385742e-041 2.45520735e-052 3.99322409e-024 6.97931421e-046
  1.97491575e-036 1.00000000e+000 5.32979944e-033 1.50976835e-058
  6.48406592e-020 8.17965273e-016 9.85902551e-036 6.44546991e-018
  3.09570535e-048 4.85813859e-009 2.30252825e-042 3.11899878e-020
  1.00000000e+000]
 [1.85993071e-046 2.40466884e-038 1.18048979e-008 2.01711172e-014
  1.93600959e-034 3.25652450e-046 6.68651519e-016 5.39176760e-015
  6.17930947e-052 5.32979944e-033 1.00000000e+000 8.27974774e-015
  5.01866714e-019 4.88510684e-022 2.28736257e-029 5.05987868e-032
  4.44332078e-063 2.48463155e-057 7.30043433e-042 3.88431374e-019
  1.00000000e+000]
 [4.27340190e-069 5.06891907e-065 6.81317041e-032 1.59071270e-026
  1.15597823e-056 2.28310409e-040 1.01370412e-023 1.13398102e-010
  2.19486780e-055 1.50976835e-058 8.27974774e-015 1.00000000e+000
  5.38321451e-016 9.71318916e-026 4.32262794e-028 4.20366416e-042
  1.22882621e-056 7.04402662e-077 1.89338805e-034 1.58192050e-035
  1.00000000e+000]
 [3.66103745e-039 1.14575887e-046 1.66314144e-028 1.05962841e-007
  4.15117417e-045 6.31200731e-022 1.02934624e-013 3.81735082e-016
  7.16691859e-034 6.48406592e-020 5.01866714e-019 5.38321451e-016
  1.00000000e+000 9.21920205e-008 7.28702247e-024 3.95913620e-013
  9.77531662e-038 7.09962275e-030 2.06875125e-020 5.35938148e-020
  1.00000000e+000]
 [1.35042655e-025 6.95947283e-041 6.49170506e-037 5.69412888e-013
  1.54349128e-053 1.10403609e-046 1.26103298e-019 3.73817153e-033
  2.71310154e-014 8.17965273e-016 4.88510684e-022 9.71318916e-026
  9.21920205e-008 1.00000000e+000 2.52375804e-011 2.04240656e-020
  1.89841922e-027 4.29377634e-019 1.24629567e-027 6.03834708e-023
  1.00000000e+000]
 [7.31976727e-050 3.35615882e-036 2.62972948e-049 3.07270122e-029
  1.04021644e-060 4.61829350e-078 1.38097036e-022 2.60444020e-038
  1.06134393e-014 9.85902551e-036 2.28736257e-029 4.32262794e-028
  7.28702247e-024 2.52375804e-011 1.00000000e+000 1.24876797e-041
  4.82106223e-018 5.26982463e-037 1.22067123e-031 7.38242763e-040
  1.00000000e+000]
 [6.66355927e-039 3.64876791e-039 2.94686781e-023 2.65944955e-013
  1.32221368e-052 2.39265309e-016 1.75673449e-011 2.13987718e-034
  9.27702218e-036 6.44546991e-018 5.05987868e-032 4.20366416e-042
  3.95913620e-013 2.04240656e-020 1.24876797e-041 1.00000000e+000
  1.13801154e-036 6.95504186e-025 9.69091534e-015 1.07435677e-038
  1.00000000e+000]
 [7.95727305e-079 2.99429922e-057 2.75312512e-071 5.98202633e-052
  4.42759383e-104 1.20234552e-078 1.83466416e-030 1.05353567e-067
  1.37190944e-018 3.09570535e-048 4.44332078e-063 1.22882621e-056
  9.77531662e-038 1.89841922e-027 4.82106223e-018 1.13801154e-036
  1.00000000e+000 1.33802337e-042 5.68670112e-028 3.74580498e-083
  1.00000000e+000]
 [2.17772125e-022 1.95587803e-033 1.48293734e-060 1.29799365e-022
  3.06787577e-054 8.57085929e-065 5.79269500e-036 1.74890352e-066
  4.00268101e-023 4.85813859e-009 2.48463155e-057 7.04402662e-077
  7.09962275e-030 4.29377634e-019 5.26982463e-037 6.95504186e-025
  1.33802337e-042 1.00000000e+000 7.61777851e-039 1.53983553e-034
  1.00000000e+000]
 [6.14432176e-051 1.45882421e-033 9.29991460e-038 1.26207049e-022
  3.60535553e-051 5.73053590e-026 2.54326651e-011 3.25485992e-029
  5.94958228e-030 2.30252825e-042 7.30043433e-042 1.89338805e-034
  2.06875125e-020 1.24629567e-027 1.22067123e-031 9.69091534e-015
  5.68670112e-028 7.61777851e-039 1.00000000e+000 1.81237370e-050
  1.00000000e+000]
 [2.77084231e-030 9.59525576e-034 4.20874069e-031 5.17790366e-008
  1.89809970e-015 2.25730148e-052 6.61116500e-030 7.14709394e-022
  2.81645914e-057 3.11899878e-020 3.88431374e-019 1.58192050e-035
  5.35938148e-020 6.03834708e-023 7.38242763e-040 1.07435677e-038
  3.74580498e-083 1.53983553e-034 1.81237370e-050 1.00000000e+000
  1.00000000e+000]
 [1.00000000e+000 1.00000000e+000 1.00000000e+000 1.00000000e+000
  1.00000000e+000 1.00000000e+000 1.00000000e+000 1.00000000e+000
  1.00000000e+000 1.00000000e+000 1.00000000e+000 1.00000000e+000
  1.00000000e+000 1.00000000e+000 1.00000000e+000 1.00000000e+000
  1.00000000e+000 1.00000000e+000 1.00000000e+000 1.00000000e+000
  0.00000000e+000]]
