[[1.00000000e+000 7.22321984e-048 5.61902081e-014 1.05859051e-033
  7.77078894e-052 3.25962202e-053 8.52444957e-031 8.17651089e-054
  3.64832456e-025 1.31372744e-051 1.72398204e-007 1.43069176e-071
  1.26679853e-018 7.47409657e-053 3.98905823e-053 7.86971237e-016
  4.68903722e-034 5.81015816e-024 7.27605537e-055 3.74182298e-019
  1.00000000e+000]
 [7.22321984e-048 1.00000000e+000 4.03017134e-049 4.46964977e-057
  3.71377943e-084 5.53811105e-080 1.61312895e-094 1.99741931e-038
  8.13519267e-057 2.35549338e-031 2.80113710e-047 1.59578941e-079
  1.04451635e-076 2.49500691e-061 5.84927761e-040 3.33387389e-034
  5.41035988e-053 5.50401852e-036 3.62020652e-065 6.43213254e-041
  1.00000000e+000]
 [5.61902081e-014 4.03017134e-049 1.00000000e+000 2.57775828e-027
  1.97177046e-064 3.92647891e-064 8.42145734e-032 1.08915103e-025
  3.80946398e-003 4.00261968e-058 1.90872427e-025 8.52832342e-049
  1.50308785e-010 1.89073762e-056 1.40515640e-036 1.50810627e-018
  3.46042103e-043 4.41381496e-014 1.00788566e-043 3.28173474e-025
  1.00000000e+000]
 [1.05859051e-033 4.46964977e-057 2.57775828e-027 1.00000000e+000
  8.04654555e-027 9.04650389e-075 1.21431627e-046 3.19696413e-051
  3.51581405e-023 3.15725219e-056 3.17198879e-037 4.10735465e-038
  1.25452402e-035 1.20423299e-100 3.69330253e-062 1.23532274e-037
  2.66900837e-043 1.69689293e-010 4.97567949e-060 3.44754925e-025
  1.00000000e+000]
 [7.77078894e-052 3.71377943e-084 1.97177046e-064 8.04654555e-027
  1.00000000e+000 7.71342838e-056 3.60174382e-058 7.46681447e-084
  5.00829797e-068 1.19914349e-056 2.50477722e-039 5.85533939e-050
  5.79794359e-070 2.35822959e-091 1.33759044e-075 5.10357875e-055
  8.73660960e-078 6.19024418e-043 3.40631530e-052 2.10784774e-034
  1.00000000e+000]
 [3.25962202e-053 5.53811105e-080 3.92647891e-064 9.04650389e-075
  7.71342838e-056 1.00000000e+000 5.99394479e-039 2.50976835e-054
  9.39222192e-075 2.14269642e-072 9.36982175e-037 1.69283998e-055
  7.49994209e-046 3.01432829e-020 9.44793272e-028 1.12522930e-023
  2.40694764e-041 6.22522928e-047 6.83927049e-020 1.63023479e-051
  1.00000000e+000]
 [8.52444957e-031 1.61312895e-094 8.42145734e-032 1.21431627e-046
  3.60174382e-058 5.99394479e-039 1.00000000e+000 8.71128298e-048
  2.64676937e-035 6.79613375e-117 8.65437974e-044 1.51377798e-031
  1.07354328e-017 7.83432371e-068 1.90540656e-059 1.75887928e-036
  7.92698991e-036 4.83413887e-031 3.97905563e-030 7.10513663e-064
  1.00000000e+000]
 [8.17651089e-054 1.99741931e-038 1.08915103e-025 3.19696413e-051
  7.46681447e-084 2.50976835e-054 8.71128298e-048 1.00000000e+000
  1.00391488e-023 1.41394007e-069 2.17645384e-060 9.68706167e-026
  3.35166037e-038 2.41696493e-045 1.34172915e-013 2.74383496e-029
  6.07768178e-052 6.56696583e-022 5.63332919e-020 3.38651067e-055
  1.00000000e+000]
 [3.64832456e-025 8.13519267e-057 3.80946398e-003 3.51581405e-023
  5.00829797e-068 9.39222192e-075 2.64676937e-035 1.00391488e-023
  1.00000000e+000 9.61780062e-069 9.37253536e-039 3.40800141e-041
  3.57714751e-013 4.53815186e-072 9.32629384e-041 5.28061101e-027
  1.44727355e-047 1.54630326e-012 3.39580024e-047 3.95777968e-033
  1.00000000e+000]
 [1.31372744e-051 2.35549338e-031 4.00261968e-058 3.15725219e-056
  1.19914349e-056 2.14269642e-072 6.79613375e-117 1.41394007e-069
  9.61780062e-069 1.00000000e+000 2.39624769e-030 6.61380021e-107
  4.14886427e-082 3.99248274e-053 2.13750171e-043 2.12022253e-034
  7.37113612e-083 7.96967507e-050 1.96883228e-076 4.35533152e-014
  1.00000000e+000]
 [1.72398204e-007 2.80113710e-047 1.90872427e-025 3.17198879e-037
  2.50477722e-039 9.36982175e-037 8.65437974e-044 2.17645384e-060
  9.37253536e-039 2.39624769e-030 1.00000000e+000 1.23357490e-078
  1.58325857e-027 3.61784065e-037 5.45396385e-043 9.16917409e-011
  6.72171177e-038 3.66132279e-028 6.99822188e-051 2.29625010e-008
  1.00000000e+000]
 [1.43069176e-071 1.59578941e-079 8.52832342e-049 4.10735465e-038
  5.85533939e-050 1.69283998e-055 1.51377798e-031 9.68706167e-026
  3.40800141e-041 6.61380021e-107 1.23357490e-078 1.00000000e+000
  1.01849619e-050 2.00815516e-086 2.13332112e-046 7.78936192e-056
  1.12641962e-060 8.73905324e-028 2.82812996e-019 1.84949957e-075
  1.00000000e+000]
 [1.26679853e-018 1.04451635e-076 1.50308785e-010 1.25452402e-035
  5.79794359e-070 7.49994209e-046 1.07354328e-017 3.35166037e-038
  3.57714751e-013 4.14886427e-082 1.58325857e-027 1.01849619e-050
  1.00000000e+000 8.72099607e-055 2.47615129e-041 3.18821181e-017
  2.82651062e-028 7.83759964e-018 2.61705674e-043 1.07836181e-035
  1.00000000e+000]
 [7.47409657e-053 2.49500691e-061 1.89073762e-056 1.20423299e-100
  2.35822959e-091 3.01432829e-020 7.83432371e-068 2.41696493e-045
  4.53815186e-072 3.99248274e-053 3.61784065e-037 2.00815516e-086
  8.72099607e-055 1.00000000e+000 5.29551793e-016 1.23260161e-021
  3.68841889e-066 9.50242163e-061 1.24910734e-029 1.07822556e-048
  1.00000000e+000]
 [3.98905823e-053 5.84927761e-040 1.40515640e-036 3.69330253e-062
  1.33759044e-075 9.44793272e-028 1.90540656e-059 1.34172915e-013
  9.32629384e-041 2.13750171e-043 5.45396385e-043 2.13332112e-046
  2.47615129e-041 5.29551793e-016 1.00000000e+000 4.14222443e-016
  5.18080826e-050 2.26222332e-029 5.20778957e-018 1.02207763e-038
  1.00000000e+000]
 [7.86971237e-016 3.33387389e-034 1.50810627e-018 1.23532274e-037
  5.10357875e-055 1.12522930e-023 1.75887928e-036 2.74383496e-029
  5.28061101e-027 2.12022253e-034 9.16917409e-011 7.78936192e-056
  3.18821181e-017 1.23260161e-021 4.14222443e-016 1.00000000e+000
  7.09162262e-021 6.00990068e-015 4.00417488e-031 2.48080859e-015
  1.00000000e+000]
 [4.68903722e-034 5.41035988e-053 3.46042103e-043 2.66900837e-043
  8.73660960e-078 2.40694764e-041 7.92698991e-036 6.07768178e-052
  1.44727355e-047 7.37113612e-083 6.72171177e-038 1.12641962e-060
  2.82651062e-028 3.68841889e-066 5.18080826e-050 7.09162262e-021
  1.00000000e+000 2.47146868e-020 9.54744806e-058 1.60041622e-049
  1.00000000e+000]
 [5.81015816e-024 5.50401852e-036 4.41381496e-014 1.69689293e-010
  6.19024418e-043 6.22522928e-047 4.83413887e-031 6.56696583e-022
  1.54630326e-012 7.96967507e-050 3.66132279e-028 8.73905324e-028
  7.83759964e-018 9.50242163e-061 2.26222332e-029 6.00990068e-015
  2.47146868e-020 1.00000000e+000 5.34018979e-035 6.12876134e-023
  1.00000000e+000]
 [7.27605537e-055 3.62020652e-065 1.00788566e-043 4.97567949e-060
  3.40631530e-052 6.83927049e-020 3.97905563e-030 5.63332919e-020
  3.39580024e-047 1.96883228e-076 6.99822188e-051 2.82812996e-019
  2.61705674e-043 1.24910734e-029 5.20778957e-018 4.00417488e-031
  9.54744806e-058 5.34018979e-035 1.00000000e+000 4.61219990e-057
  1.00000000e+000]
 [3.74182298e-019 6.43213254e-041 3.28173474e-025 3.44754925e-025
  2.10784774e-034 1.63023479e-051 7.10513663e-064 3.38651067e-055
  3.95777968e-033 4.35533152e-014 2.29625010e-008 1.84949957e-075
  1.07836181e-035 1.07822556e-048 1.02207763e-038 2.48080859e-015
  1.60041622e-049 6.12876134e-023 4.61219990e-057 1.00000000e+000
  1.00000000e+000]
 [1.00000000e+000 1.00000000e+000 1.00000000e+000 1.00000000e+000
  1.00000000e+000 1.00000000e+000 1.00000000e+000 1.00000000e+000
  1.00000000e+000 1.00000000e+000 1.00000000e+000 1.00000000e+000
  1.00000000e+000 1.00000000e+000 1.00000000e+000 1.00000000e+000
  1.00000000e+000 1.00000000e+000 1.00000000e+000 1.00000000e+000
  0.00000000e+000]]
