[[1.00000000e+000 4.06868631e-042 1.69993536e-068 4.76096083e-026
  5.71592581e-018 7.54999646e-047 1.86717915e-028 4.00039602e-062
  2.94316699e-067 4.49433224e-047 4.54890003e-057 1.46349324e-023
  2.06103040e-029 6.08999136e-083 2.64727175e-053 1.05277412e-051
  5.35325822e-079 3.76837012e-025 8.18323462e-037 1.22398844e-043
  1.00000000e+000]
 [4.06868631e-042 1.00000000e+000 1.66375635e-025 2.35660987e-027
  6.72410215e-058 3.27238690e-025 1.19100157e-042 2.66615786e-019
  2.60732594e-065 8.05964812e-047 1.94607128e-027 1.48793527e-053
  2.00466125e-033 5.91093082e-056 2.38353238e-015 2.37887256e-014
  2.32019259e-024 1.04905589e-026 1.93876035e-045 6.10064057e-045
  1.00000000e+000]
 [1.69993536e-068 1.66375635e-025 1.00000000e+000 5.05413172e-049
  6.52647060e-072 3.12696953e-045 3.36247055e-074 1.20704850e-017
  8.52773550e-025 2.50007893e-035 6.81405660e-034 1.29644666e-055
  3.15498903e-064 1.13017005e-032 2.82020783e-017 2.16599618e-027
  3.44870383e-028 6.38407922e-043 7.03215515e-046 2.89959741e-039
  1.00000000e+000]
 [4.76096083e-026 2.35660987e-027 5.05413172e-049 1.00000000e+000
  1.26735961e-028 1.98303822e-062 1.69470088e-036 1.89567427e-054
  4.25160627e-071 1.36009934e-059 1.59546946e-047 4.51128312e-068
  3.18823910e-033 1.31219258e-066 1.04608057e-039 9.17291269e-059
  5.06453731e-046 2.17345963e-015 6.57984967e-079 2.48002437e-030
  1.00000000e+000]
 [5.71592581e-018 6.72410215e-058 6.52647060e-072 1.26735961e-028
  1.00000000e+000 1.20066164e-055 5.60362301e-026 2.31111224e-080
  7.85037619e-060 2.10190414e-031 1.90794846e-039 1.05393963e-053
  1.15618722e-035 4.18377368e-055 2.43266866e-080 7.26054831e-076
  3.32359642e-056 1.26849026e-046 3.98585155e-070 3.57011725e-035
  1.00000000e+000]
 [7.54999646e-047 3.27238690e-025 3.12696953e-045 1.98303822e-062
  1.20066164e-055 1.00000000e+000 2.62957519e-072 4.76188758e-053
  1.56942483e-046 3.57602233e-033 2.10038352e-034 2.21104897e-053
  2.57729580e-027 7.32708809e-072 3.98643554e-044 9.72182131e-011
  1.34090420e-043 2.78345193e-060 1.79875932e-043 1.20791370e-038
  1.00000000e+000]
 [1.86717915e-028 1.19100157e-042 3.36247055e-074 1.69470088e-036
  5.60362301e-026 2.62957519e-072 1.00000000e+000 2.02963087e-051
  3.72402062e-105 5.88397400e-050 7.08485142e-036 9.67940216e-050
  1.32690617e-058 4.13799921e-055 2.49545368e-070 8.51028622e-076
  8.90859718e-051 1.76512901e-046 1.71437377e-059 7.61124146e-080
  1.00000000e+000]
 [4.00039602e-062 2.66615786e-019 1.20704850e-017 1.89567427e-054
  2.31111224e-080 4.76188758e-053 2.02963087e-051 1.00000000e+000
  7.56759079e-060 2.45579576e-040 1.77603750e-046 4.78657425e-039
  2.75816599e-059 7.39267687e-035 1.28899412e-026 6.29687354e-033
  2.45791487e-039 6.93480893e-032 2.50430909e-029 8.30024831e-080
  1.00000000e+000]
 [2.94316699e-067 2.60732594e-065 8.52773550e-025 4.25160627e-071
  7.85037619e-060 1.56942483e-046 3.72402062e-105 7.56759079e-060
  1.00000000e+000 1.08517703e-024 1.78103913e-059 7.66325360e-056
  1.13711097e-058 7.17453309e-046 1.96556756e-056 4.46716243e-049
  1.54311558e-062 1.50466436e-062 2.54078583e-054 8.54210914e-030
  1.00000000e+000]
 [4.49433224e-047 8.05964812e-047 2.50007893e-035 1.36009934e-059
  2.10190414e-031 3.57602233e-033 5.88397400e-050 2.45579576e-040
  1.08517703e-024 1.00000000e+000 6.04859249e-034 6.56983717e-040
  2.64904762e-034 3.69896071e-016 5.36287078e-069 1.23009303e-048
  8.42190032e-037 1.92601687e-051 2.34165713e-040 4.06991067e-049
  1.00000000e+000]
 [4.54890003e-057 1.94607128e-027 6.81405660e-034 1.59546946e-047
  1.90794846e-039 2.10038352e-034 7.08485142e-036 1.77603750e-046
  1.78103913e-059 6.04859249e-034 1.00000000e+000 3.36688191e-073
  3.08471205e-063 1.57409920e-038 1.33235099e-042 3.34049519e-037
  4.64306940e-010 7.62942614e-071 3.05652539e-067 3.66764818e-039
  1.00000000e+000]
 [1.46349324e-023 1.48793527e-053 1.29644666e-055 4.51128312e-068
  1.05393963e-053 2.21104897e-053 9.67940216e-050 4.78657425e-039
  7.66325360e-056 6.56983717e-040 3.36688191e-073 1.00000000e+000
  1.86582497e-054 1.01544526e-072 1.18418462e-053 4.23170794e-047
  8.89238961e-096 4.78223536e-039 1.16844532e-004 4.56913955e-078
  1.00000000e+000]
 [2.06103040e-029 2.00466125e-033 3.15498903e-064 3.18823910e-033
  1.15618722e-035 2.57729580e-027 1.32690617e-058 2.75816599e-059
  1.13711097e-058 2.64904762e-034 3.08471205e-063 1.86582497e-054
  1.00000000e+000 1.63403850e-066 2.63435284e-067 1.22409743e-044
  1.29471575e-059 3.23818849e-025 1.27346239e-059 1.75583216e-045
  1.00000000e+000]
 [6.08999136e-083 5.91093082e-056 1.13017005e-032 1.31219258e-066
  4.18377368e-055 7.32708809e-072 4.13799921e-055 7.39267687e-035
  7.17453309e-046 3.69896071e-016 1.57409920e-038 1.01544526e-072
  1.63403850e-066 1.00000000e+000 8.02174380e-079 2.02132903e-077
  6.85632316e-027 1.79209912e-062 2.60934665e-071 7.50124706e-075
  1.00000000e+000]
 [2.64727175e-053 2.38353238e-015 2.82020783e-017 1.04608057e-039
  2.43266866e-080 3.98643554e-044 2.49545368e-070 1.28899412e-026
  1.96556756e-056 5.36287078e-069 1.33235099e-042 1.18418462e-053
  2.63435284e-067 8.02174380e-079 1.00000000e+000 1.48572421e-016
  3.86775725e-047 9.99089016e-038 3.41012316e-044 3.01088920e-041
  1.00000000e+000]
 [1.05277412e-051 2.37887256e-014 2.16599618e-027 9.17291269e-059
  7.26054831e-076 9.72182131e-011 8.51028622e-076 6.29687354e-033
  4.46716243e-049 1.23009303e-048 3.34049519e-037 4.23170794e-047
  1.22409743e-044 2.02132903e-077 1.48572421e-016 1.00000000e+000
  8.86120679e-045 7.38958585e-051 7.04101397e-033 5.00660806e-043
  1.00000000e+000]
 [5.35325822e-079 2.32019259e-024 3.44870383e-028 5.06453731e-046
  3.32359642e-056 1.34090420e-043 8.90859718e-051 2.45791487e-039
  1.54311558e-062 8.42190032e-037 4.64306940e-010 8.89238961e-096
  1.29471575e-059 6.85632316e-027 3.86775725e-047 8.86120679e-045
  1.00000000e+000 2.99513027e-065 5.67589252e-087 1.11956978e-047
  1.00000000e+000]
 [3.76837012e-025 1.04905589e-026 6.38407922e-043 2.17345963e-015
  1.26849026e-046 2.78345193e-060 1.76512901e-046 6.93480893e-032
  1.50466436e-062 1.92601687e-051 7.62942614e-071 4.78223536e-039
  3.23818849e-025 1.79209912e-062 9.99089016e-038 7.38958585e-051
  2.99513027e-065 1.00000000e+000 7.99928502e-047 9.09233740e-053
  1.00000000e+000]
 [8.18323462e-037 1.93876035e-045 7.03215515e-046 6.57984967e-079
  3.98585155e-070 1.79875932e-043 1.71437377e-059 2.50430909e-029
  2.54078583e-054 2.34165713e-040 3.05652539e-067 1.16844532e-004
  1.27346239e-059 2.60934665e-071 3.41012316e-044 7.04101397e-033
  5.67589252e-087 7.99928502e-047 1.00000000e+000 4.53293061e-082
  1.00000000e+000]
 [1.22398844e-043 6.10064057e-045 2.89959741e-039 2.48002437e-030
  3.57011725e-035 1.20791370e-038 7.61124146e-080 8.30024831e-080
  8.54210914e-030 4.06991067e-049 3.66764818e-039 4.56913955e-078
  1.75583216e-045 7.50124706e-075 3.01088920e-041 5.00660806e-043
  1.11956978e-047 9.09233740e-053 4.53293061e-082 1.00000000e+000
  1.00000000e+000]
 [1.00000000e+000 1.00000000e+000 1.00000000e+000 1.00000000e+000
  1.00000000e+000 1.00000000e+000 1.00000000e+000 1.00000000e+000
  1.00000000e+000 1.00000000e+000 1.00000000e+000 1.00000000e+000
  1.00000000e+000 1.00000000e+000 1.00000000e+000 1.00000000e+000
  1.00000000e+000 1.00000000e+000 1.00000000e+000 1.00000000e+000
  0.00000000e+000]]
