[[1.00000000e+00 9.41531024e-68 1.84800570e-36 2.73058426e-30
  9.63892791e-70 9.77667247e-41 2.49435762e-40 4.04295802e-49
  3.95318759e-30 3.74133811e-37 2.43664473e-72 1.36514749e-28
  1.74646560e-33 1.17150696e-61 1.18580713e-77 3.73003714e-36
  9.70909936e-69 1.14885270e-44 1.29718821e-34 1.64713972e-40
  3.28543750e-33 1.76210523e-76 1.00000000e+00]
 [9.41531024e-68 1.00000000e+00 1.67215078e-34 2.98138568e-33
  4.10145947e-45 6.58217495e-57 1.18301267e-28 1.49067264e-76
  2.57866526e-78 3.42236254e-44 4.52416237e-47 8.89124421e-58
  9.27765779e-56 1.28731740e-38 4.60033817e-32 7.22396504e-38
  1.42284822e-40 3.99433788e-67 1.87382491e-68 3.40338000e-31
  2.13825200e-34 2.34346878e-28 1.00000000e+00]
 [1.84800570e-36 1.67215078e-34 1.00000000e+00 3.12146167e-32
  3.51347354e-65 5.38738185e-34 3.72939696e-68 4.03013993e-34
  9.51634443e-68 2.99068055e-45 4.68550849e-62 4.12324019e-37
  4.59594248e-51 3.16756378e-63 6.74387261e-29 1.74352090e-43
  4.22908285e-33 2.62707839e-77 1.46972257e-32 8.78662536e-36
  1.75618923e-38 6.96102256e-47 1.00000000e+00]
 [2.73058426e-30 2.98138568e-33 3.12146167e-32 1.00000000e+00
  8.43906584e-65 8.05831549e-33 1.08880004e-32 1.18754745e-37
  1.08085529e-39 1.38690923e-55 3.02028124e-32 5.39830852e-28
  9.01381806e-35 1.28872165e-35 2.52829100e-47 1.58543394e-64
  5.64761702e-62 2.22520772e-62 4.36997228e-66 3.74755575e-30
  1.36313932e-29 8.39364479e-66 1.00000000e+00]
 [9.63892791e-70 4.10145947e-45 3.51347354e-65 8.43906584e-65
  1.00000000e+00 8.50346542e-61 5.97545889e-34 3.14791824e-49
  1.41070943e-29 2.08665085e-44 5.19419722e-37 1.03572264e-46
  1.37930702e-49 5.60869500e-29 6.38528536e-27 2.60938150e-38
  6.56835720e-36 6.34766268e-35 8.93953112e-34 3.72815955e-33
  3.96803283e-70 1.65551130e-34 1.00000000e+00]
 [9.77667247e-41 6.58217495e-57 5.38738185e-34 8.05831549e-33
  8.50346542e-61 1.00000000e+00 7.93051052e-60 9.43079879e-35
  5.09644280e-44 1.51171683e-36 3.46139598e-37 2.09031259e-38
  2.50624086e-64 3.13293029e-27 1.73218550e-44 2.98738149e-66
  5.09714226e-58 1.02355017e-39 5.76615651e-31 1.28097344e-74
  1.19081804e-28 7.95664881e-33 1.00000000e+00]
 [2.49435762e-40 1.18301267e-28 3.72939696e-68 1.08880004e-32
  5.97545889e-34 7.93051052e-60 1.00000000e+00 1.67003296e-80
  3.51864916e-35 1.23554566e-36 6.06658178e-44 8.37513983e-48
  1.17687533e-35 1.54719747e-28 6.29683222e-65 6.70254603e-30
  5.61787268e-63 1.39508554e-29 2.27341378e-63 1.89183322e-31
  2.58366280e-32 5.51586200e-47 1.00000000e+00]
 [4.04295802e-49 1.49067264e-76 4.03013993e-34 1.18754745e-37
  3.14791824e-49 9.43079879e-35 1.67003296e-80 1.00000000e+00
  6.64105211e-29 2.30840418e-78 1.14449187e-32 1.89602117e-33
  7.82118390e-42 6.14065487e-56 7.60174107e-31 2.06656212e-80
  2.83596573e-41 6.79398896e-67 7.65911833e-34 1.11360526e-43
  6.39372791e-69 1.21748178e-73 1.00000000e+00]
 [3.95318759e-30 2.57866526e-78 9.51634443e-68 1.08085529e-39
  1.41070943e-29 5.09644280e-44 3.51864916e-35 6.64105211e-29
  1.00000000e+00 3.32493437e-54 1.42850327e-34 3.09175781e-29
  1.32236236e-29 4.72756470e-36 1.85549978e-58 1.24565165e-55
  4.00992249e-61 3.67013729e-27 5.14155499e-35 3.83789545e-39
  1.77473583e-58 8.67934925e-72 1.00000000e+00]
 [3.74133811e-37 3.42236254e-44 2.99068055e-45 1.38690923e-55
  2.08665085e-44 1.51171683e-36 1.23554566e-36 2.30840418e-78
  3.32493437e-54 1.00000000e+00 2.27247485e-83 7.18479298e-29
  1.76808058e-83 5.67791011e-28 7.44792627e-50 2.64975454e-33
  8.43461296e-77 1.19978339e-46 2.35681265e-32 2.70386689e-55
  1.50938786e-47 1.96651039e-33 1.00000000e+00]
 [2.43664473e-72 4.52416237e-47 4.68550849e-62 3.02028124e-32
  5.19419722e-37 3.46139598e-37 6.06658178e-44 1.14449187e-32
  1.42850327e-34 2.27247485e-83 1.00000000e+00 1.11997573e-64
  1.45440851e-32 8.85858738e-33 1.07522948e-41 4.27974960e-73
  7.14125456e-36 9.86955136e-38 5.01147192e-60 5.10136986e-53
  1.15982510e-41 1.98191886e-44 1.00000000e+00]
 [1.36514749e-28 8.89124421e-58 4.12324019e-37 5.39830852e-28
  1.03572264e-46 2.09031259e-38 8.37513983e-48 1.89602117e-33
  3.09175781e-29 7.18479298e-29 1.11997573e-64 1.00000000e+00
  2.04735819e-65 3.00298617e-30 1.57293719e-34 3.44657167e-65
  1.29903467e-80 2.67288563e-71 4.30446514e-42 1.49619225e-29
  3.96993106e-69 2.37891709e-73 1.00000000e+00]
 [1.74646560e-33 9.27765779e-56 4.59594248e-51 9.01381806e-35
  1.37930702e-49 2.50624086e-64 1.17687533e-35 7.82118390e-42
  1.32236236e-29 1.76808058e-83 1.45440851e-32 2.04735819e-65
  1.00000000e+00 3.19375513e-73 9.14757730e-71 4.98071626e-36
  4.75331949e-29 1.62282480e-36 7.60859263e-50 1.68303677e-29
  1.07785920e-33 2.54425790e-71 1.00000000e+00]
 [1.17150696e-61 1.28731740e-38 3.16756378e-63 1.28872165e-35
  5.60869500e-29 3.13293029e-27 1.54719747e-28 6.14065487e-56
  4.72756470e-36 5.67791011e-28 8.85858738e-33 3.00298617e-30
  3.19375513e-73 1.00000000e+00 1.10299855e-33 3.46967752e-66
  3.33473155e-73 9.37931732e-41 1.87719602e-53 4.29723419e-54
  6.45131730e-51 1.90083413e-32 1.00000000e+00]
 [1.18580713e-77 4.60033817e-32 6.74387261e-29 2.52829100e-47
  6.38528536e-27 1.73218550e-44 6.29683222e-65 7.60174107e-31
  1.85549978e-58 7.44792627e-50 1.07522948e-41 1.57293719e-34
  9.14757730e-71 1.10299855e-33 1.00000000e+00 3.51927642e-64
  8.02570936e-36 1.34531237e-78 1.27950841e-41 1.21353901e-33
  2.29294282e-73 5.68235583e-37 1.00000000e+00]
 [3.73003714e-36 7.22396504e-38 1.74352090e-43 1.58543394e-64
  2.60938150e-38 2.98738149e-66 6.70254603e-30 2.06656212e-80
  1.24565165e-55 2.64975454e-33 4.27974960e-73 3.44657167e-65
  4.98071626e-36 3.46967752e-66 3.51927642e-64 1.00000000e+00
  2.66688190e-32 1.67583486e-32 1.77650149e-29 1.33005177e-37
  6.50718286e-33 1.65764228e-35 1.00000000e+00]
 [9.70909936e-69 1.42284822e-40 4.22908285e-33 5.64761702e-62
  6.56835720e-36 5.09714226e-58 5.61787268e-63 2.83596573e-41
  4.00992249e-61 8.43461296e-77 7.14125456e-36 1.29903467e-80
  4.75331949e-29 3.33473155e-73 8.02570936e-36 2.66688190e-32
  1.00000000e+00 2.28800893e-48 3.77749962e-32 2.12515305e-42
  8.48153254e-44 3.53375375e-33 1.00000000e+00]
 [1.14885270e-44 3.99433788e-67 2.62707839e-77 2.22520772e-62
  6.34766268e-35 1.02355017e-39 1.39508554e-29 6.79398896e-67
  3.67013729e-27 1.19978339e-46 9.86955136e-38 2.67288563e-71
  1.62282480e-36 9.37931732e-41 1.34531237e-78 1.67583486e-32
  2.28800893e-48 1.00000000e+00 4.03202324e-32 5.56501436e-71
  2.13153384e-29 3.82506213e-34 1.00000000e+00]
 [1.29718821e-34 1.87382491e-68 1.46972257e-32 4.36997228e-66
  8.93953112e-34 5.76615651e-31 2.27341378e-63 7.65911833e-34
  5.14155499e-35 2.35681265e-32 5.01147192e-60 4.30446514e-42
  7.60859263e-50 1.87719602e-53 1.27950841e-41 1.77650149e-29
  3.77749962e-32 4.03202324e-32 1.00000000e+00 3.03799592e-54
  2.87942793e-49 1.84634630e-35 1.00000000e+00]
 [1.64713972e-40 3.40338000e-31 8.78662536e-36 3.74755575e-30
  3.72815955e-33 1.28097344e-74 1.89183322e-31 1.11360526e-43
  3.83789545e-39 2.70386689e-55 5.10136986e-53 1.49619225e-29
  1.68303677e-29 4.29723419e-54 1.21353901e-33 1.33005177e-37
  2.12515305e-42 5.56501436e-71 3.03799592e-54 1.00000000e+00
  9.53940906e-62 5.36267772e-71 1.00000000e+00]
 [3.28543750e-33 2.13825200e-34 1.75618923e-38 1.36313932e-29
  3.96803283e-70 1.19081804e-28 2.58366280e-32 6.39372791e-69
  1.77473583e-58 1.50938786e-47 1.15982510e-41 3.96993106e-69
  1.07785920e-33 6.45131730e-51 2.29294282e-73 6.50718286e-33
  8.48153254e-44 2.13153384e-29 2.87942793e-49 9.53940906e-62
  1.00000000e+00 6.59920611e-33 1.00000000e+00]
 [1.76210523e-76 2.34346878e-28 6.96102256e-47 8.39364479e-66
  1.65551130e-34 7.95664881e-33 5.51586200e-47 1.21748178e-73
  8.67934925e-72 1.96651039e-33 1.98191886e-44 2.37891709e-73
  2.54425790e-71 1.90083413e-32 5.68235583e-37 1.65764228e-35
  3.53375375e-33 3.82506213e-34 1.84634630e-35 5.36267772e-71
  6.59920611e-33 1.00000000e+00 1.00000000e+00]
 [1.00000000e+00 1.00000000e+00 1.00000000e+00 1.00000000e+00
  1.00000000e+00 1.00000000e+00 1.00000000e+00 1.00000000e+00
  1.00000000e+00 1.00000000e+00 1.00000000e+00 1.00000000e+00
  1.00000000e+00 1.00000000e+00 1.00000000e+00 1.00000000e+00
  1.00000000e+00 1.00000000e+00 1.00000000e+00 1.00000000e+00
  1.00000000e+00 1.00000000e+00 0.00000000e+00]]
