[[1.00000000e+000 6.33907738e-095 5.32586326e-049 4.54712426e-034
  1.27223453e-054 7.10220262e-047 1.57419572e-068 2.97656358e-035
  8.94559042e-036 1.02076956e-026 1.10299365e-050 2.20689614e-028
  4.60412947e-062 5.36717442e-094 3.75182507e-050 1.16276826e-071
  2.44605959e-051 1.74749974e-048 1.65545979e-046 1.54990370e-076
  1.00000000e+000]
 [6.33907738e-095 1.00000000e+000 1.39206162e-033 1.36314450e-028
  1.59021400e-073 1.10262599e-054 4.21462628e-019 7.40393391e-083
  7.68144540e-085 5.61374277e-071 1.09125923e-070 5.81249767e-048
  8.47895666e-040 5.45498750e-005 1.23659583e-037 5.51747599e-095
  9.41588632e-025 1.63276731e-045 4.17223381e-038 1.22582254e-018
  1.00000000e+000]
 [5.32586326e-049 1.39206162e-033 1.00000000e+000 9.83314571e-022
  8.40930053e-041 6.32992897e-042 3.34582206e-020 1.03094378e-021
  3.07283309e-032 5.49143264e-055 1.24946285e-039 6.97378708e-044
  2.71084318e-038 1.48636524e-020 8.02883298e-067 2.76990742e-058
  5.53111977e-019 1.26854927e-025 1.47734734e-030 2.42406041e-035
  1.00000000e+000]
 [4.54712426e-034 1.36314450e-028 9.83314571e-022 1.00000000e+000
  1.40910793e-052 2.16729110e-049 9.00250980e-029 4.70222061e-025
  1.79967544e-063 2.60078348e-033 6.59488227e-044 1.97024029e-018
  2.11535347e-021 4.02973064e-025 4.97409039e-032 4.92789562e-034
  4.29846211e-026 2.00857284e-012 5.76932099e-030 2.23131465e-013
  1.00000000e+000]
 [1.27223453e-054 1.59021400e-073 8.40930053e-041 1.40910793e-052
  1.00000000e+000 1.10672877e-031 7.91341496e-084 2.82333429e-050
  1.18647880e-026 1.82039262e-053 1.34194166e-013 1.89775654e-055
  3.26806860e-023 3.12800119e-067 4.94228982e-054 6.24766935e-066
  3.45548773e-035 1.97881173e-033 4.66256096e-048 3.46866272e-078
  1.00000000e+000]
 [7.10220262e-047 1.10262599e-054 6.32992897e-042 2.16729110e-049
  1.10672877e-031 1.00000000e+000 4.04948686e-053 5.56971101e-070
  6.72594421e-034 7.83154155e-048 7.83916534e-021 4.51830361e-044
  5.28790927e-040 4.54871966e-061 9.39154290e-041 3.18331758e-104
  1.55953953e-011 4.52458029e-045 1.10485818e-014 6.89729580e-057
  1.00000000e+000]
 [1.57419572e-068 4.21462628e-019 3.34582206e-020 9.00250980e-029
  7.91341496e-084 4.04948686e-053 1.00000000e+000 4.94956580e-059
  6.93268904e-065 4.40672609e-082 8.87212705e-084 2.47698848e-034
  5.17636381e-062 1.57170042e-017 9.54525875e-061 3.69728268e-110
  4.14568598e-021 9.72757385e-056 2.31084857e-044 1.29367204e-034
  1.00000000e+000]
 [2.97656358e-035 7.40393391e-083 1.03094378e-021 4.70222061e-025
  2.82333429e-050 5.56971101e-070 4.94956580e-059 1.00000000e+000
  3.37361358e-054 4.35442583e-061 3.17679676e-045 1.63308631e-045
  2.40266855e-042 2.24151695e-062 8.27341428e-092 1.12246841e-028
  4.75954241e-048 1.61462939e-020 1.56214499e-057 2.22059013e-054
  1.00000000e+000]
 [8.94559042e-036 7.68144540e-085 3.07283309e-032 1.79967544e-063
  1.18647880e-026 6.72594421e-034 6.93268904e-065 3.37361358e-054
  1.00000000e+000 6.34048373e-050 5.22459072e-040 3.47382595e-062
  2.78838809e-069 1.17394224e-078 2.22170337e-070 2.78138872e-107
  2.81758604e-041 9.97842907e-066 2.40474536e-047 2.50485160e-101
  1.00000000e+000]
 [1.02076956e-026 5.61374277e-071 5.49143264e-055 2.60078348e-033
  1.82039262e-053 7.83154155e-048 4.40672609e-082 4.35442583e-061
  6.34048373e-050 1.00000000e+000 4.05279122e-037 1.67805057e-056
  7.17200511e-051 1.78024068e-075 1.63393659e-029 4.90007370e-056
  1.33742311e-056 1.06894195e-040 4.41359293e-026 2.65769386e-054
  1.00000000e+000]
 [1.10299365e-050 1.09125923e-070 1.24946285e-039 6.59488227e-044
  1.34194166e-013 7.83916534e-021 8.87212705e-084 3.17679676e-045
  5.22459072e-040 4.05279122e-037 1.00000000e+000 8.65872756e-062
  1.86406270e-020 1.20429066e-065 3.97068195e-054 1.65336641e-048
  5.75865690e-029 7.78448270e-020 3.60776293e-022 5.65950749e-054
  1.00000000e+000]
 [2.20689614e-028 5.81249767e-048 6.97378708e-044 1.97024029e-018
  1.89775654e-055 4.51830361e-044 2.47698848e-034 1.63308631e-045
  3.47382595e-062 1.67805057e-056 8.65872756e-062 1.00000000e+000
  5.52961755e-035 2.95569755e-052 5.21387129e-029 1.17165308e-079
  1.03080815e-027 1.34187564e-038 1.02342346e-051 4.66370956e-045
  1.00000000e+000]
 [4.60412947e-062 8.47895666e-040 2.71084318e-038 2.11535347e-021
  3.26806860e-023 5.28790927e-040 5.17636381e-062 2.40266855e-042
  2.78838809e-069 7.17200511e-051 1.86406270e-020 5.52961755e-035
  1.00000000e+000 1.42537191e-036 1.57127932e-035 1.28135938e-034
  8.64300871e-026 2.61878485e-008 1.49764599e-037 1.36614923e-027
  1.00000000e+000]
 [5.36717442e-094 5.45498750e-005 1.48636524e-020 4.02973064e-025
  3.12800119e-067 4.54871966e-061 1.57170042e-017 2.24151695e-062
  1.17394224e-078 1.78024068e-075 1.20429066e-065 2.95569755e-052
  1.42537191e-036 1.00000000e+000 5.00955990e-054 4.94791698e-077
  2.14925855e-025 3.98936881e-036 2.07122461e-041 4.68737007e-018
  1.00000000e+000]
 [3.75182507e-050 1.23659583e-037 8.02883298e-067 4.97409039e-032
  4.94228982e-054 9.39154290e-041 9.54525875e-061 8.27341428e-092
  2.22170337e-070 1.63393659e-029 3.97068195e-054 5.21387129e-029
  1.57127932e-035 5.00955990e-054 1.00000000e+000 9.55378700e-091
  1.13716844e-039 1.94299903e-049 5.00695018e-038 7.18885995e-045
  1.00000000e+000]
 [1.16276826e-071 5.51747599e-095 2.76990742e-058 4.92789562e-034
  6.24766935e-066 3.18331758e-104 3.69728268e-110 1.12246841e-028
  2.78138872e-107 4.90007370e-056 1.65336641e-048 1.17165308e-079
  1.28135938e-034 4.94791698e-077 9.55378700e-091 1.00000000e+000
  5.51917057e-083 3.16614947e-016 3.79804670e-071 7.69296869e-049
  1.00000000e+000]
 [2.44605959e-051 9.41588632e-025 5.53111977e-019 4.29846211e-026
  3.45548773e-035 1.55953953e-011 4.14568598e-021 4.75954241e-048
  2.81758604e-041 1.33742311e-056 5.75865690e-029 1.03080815e-027
  8.64300871e-026 2.14925855e-025 1.13716844e-039 5.51917057e-083
  1.00000000e+000 4.02919858e-028 1.10804218e-016 3.25478911e-029
  1.00000000e+000]
 [1.74749974e-048 1.63276731e-045 1.26854927e-025 2.00857284e-012
  1.97881173e-033 4.52458029e-045 9.72757385e-056 1.61462939e-020
  9.97842907e-066 1.06894195e-040 7.78448270e-020 1.34187564e-038
  2.61878485e-008 3.98936881e-036 1.94299903e-049 3.16614947e-016
  4.02919858e-028 1.00000000e+000 1.73015464e-029 1.25897898e-019
  1.00000000e+000]
 [1.65545979e-046 4.17223381e-038 1.47734734e-030 5.76932099e-030
  4.66256096e-048 1.10485818e-014 2.31084857e-044 1.56214499e-057
  2.40474536e-047 4.41359293e-026 3.60776293e-022 1.02342346e-051
  1.49764599e-037 2.07122461e-041 5.00695018e-038 3.79804670e-071
  1.10804218e-016 1.73015464e-029 1.00000000e+000 2.82700175e-027
  1.00000000e+000]
 [1.54990370e-076 1.22582254e-018 2.42406041e-035 2.23131465e-013
  3.46866272e-078 6.89729580e-057 1.29367204e-034 2.22059013e-054
  2.50485160e-101 2.65769386e-054 5.65950749e-054 4.66370956e-045
  1.36614923e-027 4.68737007e-018 7.18885995e-045 7.69296869e-049
  3.25478911e-029 1.25897898e-019 2.82700175e-027 1.00000000e+000
  1.00000000e+000]
 [1.00000000e+000 1.00000000e+000 1.00000000e+000 1.00000000e+000
  1.00000000e+000 1.00000000e+000 1.00000000e+000 1.00000000e+000
  1.00000000e+000 1.00000000e+000 1.00000000e+000 1.00000000e+000
  1.00000000e+000 1.00000000e+000 1.00000000e+000 1.00000000e+000
  1.00000000e+000 1.00000000e+000 1.00000000e+000 1.00000000e+000
  0.00000000e+000]]
