[[1.00000000e+00 1.38965709e-47 8.23477051e-32 ... 1.17229057e-67
  1.06507218e-64 1.00000000e+00]
 [1.38965709e-47 1.00000000e+00 3.67268097e-43 ... 8.29931381e-56
  1.95772975e-30 1.00000000e+00]
 [8.23477051e-32 3.67268097e-43 1.00000000e+00 ... 2.32045080e-43
  2.90601810e-49 1.00000000e+00]
 ...
 [1.17229057e-67 8.29931381e-56 2.32045080e-43 ... 1.00000000e+00
  5.17775982e-39 1.00000000e+00]
 [1.06507218e-64 1.95772975e-30 2.90601810e-49 ... 5.17775982e-39
  1.00000000e+00 1.00000000e+00]
 [1.00000000e+00 1.00000000e+00 1.00000000e+00 ... 1.00000000e+00
  1.00000000e+00 0.00000000e+00]]
