[[1.00000000e+000 1.12595813e-100 5.49943958e-057 9.85541716e-068
  7.12511907e-118 1.21289428e-108 2.39088252e-034 1.10295537e-064
  2.22157464e-049 4.96523363e-063 9.75112791e-025 8.09271222e-057
  1.22780526e-052 5.38248129e-043 4.28602182e-045 3.68306354e-020
  4.08478069e-037 3.72164954e-052 7.28641833e-054 3.90173871e-089
  1.00000000e+000]
 [1.12595813e-100 1.00000000e+000 5.84969805e-046 6.29881907e-040
  1.72085823e-014 3.15680399e-019 7.35260158e-023 1.04943264e-035
  4.01201716e-058 6.09012812e-043 1.34903774e-050 5.71573921e-051
  2.72395546e-032 3.46162789e-031 1.42611754e-099 5.11032853e-062
  1.22686822e-071 2.62537338e-068 2.54438162e-039 9.08899373e-016
  1.00000000e+000]
 [5.49943958e-057 5.84969805e-046 1.00000000e+000 1.70937814e-005
  3.22437346e-061 3.66854397e-062 6.59517404e-030 6.27092179e-033
  8.71180895e-034 3.87026436e-013 1.83150197e-038 3.14169598e-011
  3.19966568e-010 2.79536033e-034 3.67448890e-022 2.83653322e-024
  3.45860742e-010 4.19003978e-013 1.23690205e-047 8.65233575e-046
  1.00000000e+000]
 [9.85541716e-068 6.29881907e-040 1.70937814e-005 1.00000000e+000
  5.85661699e-057 6.26118326e-064 7.57543791e-037 3.02793297e-025
  1.39162910e-039 1.39704367e-022 5.73063076e-038 2.12658569e-005
  6.26324035e-007 2.26030949e-039 3.25184162e-031 2.81007510e-035
  2.26666628e-016 5.43848891e-011 5.26052896e-035 1.83662492e-039
  1.00000000e+000]
 [7.12511907e-118 1.72085823e-014 3.22437346e-061 5.85661699e-057
  1.00000000e+000 1.14294881e-005 6.89786465e-042 2.42766116e-037
  1.86661374e-048 1.77892914e-075 2.37505690e-070 2.52500721e-068
  3.54289302e-060 4.75158749e-029 3.91393328e-137 6.19547491e-078
  3.16523206e-097 6.55675331e-097 7.90317299e-049 7.60511836e-005
  1.00000000e+000]
 [1.21289428e-108 3.15680399e-019 3.66854397e-062 6.26118326e-064
  1.14294881e-005 1.00000000e+000 2.67962699e-036 2.24108073e-053
  7.02140127e-048 1.49113148e-069 3.21776206e-072 2.35594617e-075
  1.22789232e-067 2.83748000e-031 1.34920042e-128 5.95253256e-065
  3.50280357e-093 7.85587718e-097 1.00471715e-064 8.86115372e-010
  1.00000000e+000]
 [2.39088252e-034 7.35260158e-023 6.59517404e-030 7.57543791e-037
  6.89786465e-042 2.67962699e-036 1.00000000e+000 8.00344097e-036
  2.94642236e-035 5.29777830e-022 2.66501913e-019 1.98390249e-039
  3.45452446e-022 5.79498502e-016 3.78218181e-051 2.69604130e-019
  1.74292573e-034 7.51591212e-044 3.49676467e-035 5.89041958e-033
  1.00000000e+000]
 [1.10295537e-064 1.04943264e-035 6.27092179e-033 3.02793297e-025
  2.42766116e-037 2.24108073e-053 8.00344097e-036 1.00000000e+000
  9.64713110e-022 2.76126748e-054 1.90309002e-022 7.45968457e-021
  1.75048986e-022 1.22400516e-025 1.79929873e-079 1.11131607e-060
  1.90990954e-046 2.82284486e-045 3.97698705e-007 1.25970768e-022
  1.00000000e+000]
 [2.22157464e-049 4.01201716e-058 8.71180895e-034 1.39162910e-039
  1.86661374e-048 7.02140127e-048 2.94642236e-035 9.64713110e-022
  1.00000000e+000 2.18000148e-049 1.37614392e-022 8.82146264e-029
  2.95299910e-043 2.40855259e-034 1.35132095e-067 3.89370440e-046
  1.77301109e-036 2.13067851e-045 4.24266380e-036 3.58609914e-031
  1.00000000e+000]
 [4.96523363e-063 6.09012812e-043 3.87026436e-013 1.39704367e-022
  1.77892914e-075 1.49113148e-069 5.29777830e-022 2.76126748e-054
  2.18000148e-049 1.00000000e+000 3.42475776e-038 5.59394315e-027
  7.25405885e-016 1.05149767e-050 1.37781440e-021 5.47760186e-030
  5.21308744e-015 3.11558330e-021 3.02919162e-066 8.86291352e-064
  1.00000000e+000]
 [9.75112791e-025 1.34903774e-050 1.83150197e-038 5.73063076e-038
  2.37505690e-070 3.21776206e-072 2.66501913e-019 1.90309002e-022
  1.37614392e-022 3.42475776e-038 1.00000000e+000 3.12645524e-024
  5.28946389e-024 2.27159611e-036 1.07299551e-047 1.28360878e-036
  3.01226752e-027 7.72587443e-032 7.92697722e-018 1.17775629e-047
  1.00000000e+000]
 [8.09271222e-057 5.71573921e-051 3.14169598e-011 2.12658569e-005
  2.52500721e-068 2.35594617e-075 1.98390249e-039 7.45968457e-021
  8.82146264e-029 5.59394315e-027 3.12645524e-024 1.00000000e+000
  6.05793710e-010 2.58669299e-047 1.27226121e-028 2.51269301e-039
  6.61061395e-012 1.28540348e-006 3.29539427e-028 6.69179967e-045
  1.00000000e+000]
 [1.22780526e-052 2.72395546e-032 3.19966568e-010 6.26324035e-007
  3.54289302e-060 1.22789232e-067 3.45452446e-022 1.75048986e-022
  2.95299910e-043 7.25405885e-016 5.28946389e-024 6.05793710e-010
  1.00000000e+000 1.37263984e-032 4.00562281e-029 1.63777860e-031
  2.89655912e-016 3.17660698e-014 9.81818874e-026 7.09339586e-044
  1.00000000e+000]
 [5.38248129e-043 3.46162789e-031 2.79536033e-034 2.26030949e-039
  4.75158749e-029 2.83748000e-031 5.79498502e-016 1.22400516e-025
  2.40855259e-034 1.05149767e-050 2.27159611e-036 2.58669299e-047
  1.37263984e-032 1.00000000e+000 2.85634957e-078 1.07360892e-027
  2.53800471e-053 2.04464412e-063 7.39098725e-029 4.63442038e-022
  1.00000000e+000]
 [4.28602182e-045 1.42611754e-099 3.67448890e-022 3.25184162e-031
  3.91393328e-137 1.34920042e-128 3.78218181e-051 1.79929873e-079
  1.35132095e-067 1.37781440e-021 1.07299551e-047 1.27226121e-028
  4.00562281e-029 2.85634957e-078 1.00000000e+000 2.87729924e-026
  4.45259401e-006 5.41886669e-011 2.74194899e-084 1.24161884e-108
  1.00000000e+000]
 [3.68306354e-020 5.11032853e-062 2.83653322e-024 2.81007510e-035
  6.19547491e-078 5.95253256e-065 2.69604130e-019 1.11131607e-060
  3.89370440e-046 5.47760186e-030 1.28360878e-036 2.51269301e-039
  1.63777860e-031 1.07360892e-027 2.87729924e-026 1.00000000e+000
  2.21507795e-021 1.34609669e-031 9.75156778e-060 5.00530627e-059
  1.00000000e+000]
 [4.08478069e-037 1.22686822e-071 3.45860742e-010 2.26666628e-016
  3.16523206e-097 3.50280357e-093 1.74292573e-034 1.90990954e-046
  1.77301109e-036 5.21308744e-015 3.01226752e-027 6.61061395e-012
  2.89655912e-016 2.53800471e-053 4.45259401e-006 2.21507795e-021
  1.00000000e+000 6.61793877e-005 3.57864016e-054 5.48604395e-072
  1.00000000e+000]
 [3.72164954e-052 2.62537338e-068 4.19003978e-013 5.43848891e-011
  6.55675331e-097 7.85587718e-097 7.51591212e-044 2.82284486e-045
  2.13067851e-045 3.11558330e-021 7.72587443e-032 1.28540348e-006
  3.17660698e-014 2.04464412e-063 5.41886669e-011 1.34609669e-031
  6.61793877e-005 1.00000000e+000 7.13689746e-050 9.32400836e-070
  1.00000000e+000]
 [7.28641833e-054 2.54438162e-039 1.23690205e-047 5.26052896e-035
  7.90317299e-049 1.00471715e-064 3.49676467e-035 3.97698705e-007
  4.24266380e-036 3.02919162e-066 7.92697722e-018 3.29539427e-028
  9.81818874e-026 7.39098725e-029 2.74194899e-084 9.75156778e-060
  3.57864016e-054 7.13689746e-050 1.00000000e+000 4.14313819e-030
  1.00000000e+000]
 [3.90173871e-089 9.08899373e-016 8.65233575e-046 1.83662492e-039
  7.60511836e-005 8.86115372e-010 5.89041958e-033 1.25970768e-022
  3.58609914e-031 8.86291352e-064 1.17775629e-047 6.69179967e-045
  7.09339586e-044 4.63442038e-022 1.24161884e-108 5.00530627e-059
  5.48604395e-072 9.32400836e-070 4.14313819e-030 1.00000000e+000
  1.00000000e+000]
 [1.00000000e+000 1.00000000e+000 1.00000000e+000 1.00000000e+000
  1.00000000e+000 1.00000000e+000 1.00000000e+000 1.00000000e+000
  1.00000000e+000 1.00000000e+000 1.00000000e+000 1.00000000e+000
  1.00000000e+000 1.00000000e+000 1.00000000e+000 1.00000000e+000
  1.00000000e+000 1.00000000e+000 1.00000000e+000 1.00000000e+000
  0.00000000e+000]]
