[[1.00000000e+000 2.17605929e-094 6.60625837e-035 1.32105515e-090
  1.13284788e-054 3.88905368e-018 3.17044217e-049 1.03494924e-070
  4.68822642e-051 4.38008531e-031 1.65935145e-048 3.47753381e-047
  1.55391419e-061 2.92483195e-040 2.93424961e-066 6.98497944e-044
  2.71369410e-069 2.07809567e-084 1.65346536e-074 1.90096751e-080
  1.00000000e+000]
 [2.17605929e-094 1.00000000e+000 1.05696665e-026 2.81745864e-012
  1.06546039e-008 3.05708595e-066 1.86596262e-049 2.18963516e-072
  3.13859527e-054 8.88462932e-084 4.07217685e-059 2.03162104e-048
  8.34800064e-085 4.67806615e-101 1.91029446e-060 6.37033650e-042
  1.57258856e-075 2.20984599e-022 3.39427878e-045 1.68416086e-067
  1.00000000e+000]
 [6.60625837e-035 1.05696665e-026 1.00000000e+000 6.28432867e-029
  4.97271345e-013 8.63001436e-024 3.57929202e-039 5.32542211e-059
  1.09042699e-039 1.18285481e-053 6.16512422e-021 8.61429592e-031
  7.58700422e-056 2.92419560e-043 4.49356889e-061 7.20005051e-041
  4.34401389e-035 1.24225700e-043 2.42060640e-034 1.77086596e-047
  1.00000000e+000]
 [1.32105515e-090 2.81745864e-012 6.28432867e-029 1.00000000e+000
  2.82613554e-020 2.04545214e-051 4.06871696e-046 7.30492197e-044
  3.64183018e-030 4.86057608e-059 1.12231087e-050 1.10830136e-037
  1.12014873e-084 3.93296643e-088 3.42148301e-032 5.39236221e-039
  3.00755765e-054 5.02253729e-010 6.79268629e-035 6.74927468e-030
  1.00000000e+000]
 [1.13284788e-054 1.06546039e-008 4.97271345e-013 2.82613554e-020
  1.00000000e+000 4.64523106e-041 6.46844399e-043 5.14270794e-067
  1.61231583e-035 2.12241459e-053 2.46122787e-033 7.50023115e-029
  1.07588580e-070 5.25684627e-066 2.07310770e-053 7.69898518e-032
  1.43323764e-055 5.28494194e-030 3.18925041e-047 4.34835684e-062
  1.00000000e+000]
 [3.88905368e-018 3.05708595e-066 8.63001436e-024 2.04545214e-051
  4.64523106e-041 1.00000000e+000 4.41149785e-044 1.11628828e-025
  7.79340495e-030 7.08877716e-025 1.24540472e-026 2.18679388e-048
  1.08885197e-040 5.41534340e-042 1.69041552e-045 1.54621073e-028
  3.72637856e-032 5.74362350e-047 2.48360937e-037 2.22238972e-054
  1.00000000e+000]
 [3.17044217e-049 1.86596262e-049 3.57929202e-039 4.06871696e-046
  6.46844399e-043 4.41149785e-044 1.00000000e+000 2.40203998e-039
  5.33981286e-066 2.57988941e-057 5.20875496e-081 1.19417294e-040
  3.17704273e-029 1.69856247e-057 1.45633352e-044 4.36674904e-013
  7.62221716e-081 1.51331442e-036 9.49787241e-022 1.42279118e-052
  1.00000000e+000]
 [1.03494924e-070 2.18963516e-072 5.32542211e-059 7.30492197e-044
  5.14270794e-067 1.11628828e-025 2.40203998e-039 1.00000000e+000
  3.52317886e-047 1.23731224e-045 6.06923129e-067 6.50307110e-073
  1.58553095e-036 1.33553277e-076 5.83294742e-037 1.52225085e-023
  1.03571831e-050 2.73271097e-029 4.84612885e-021 1.50990240e-050
  1.00000000e+000]
 [4.68822642e-051 3.13859527e-054 1.09042699e-039 3.64183018e-030
  1.61231583e-035 7.79340495e-030 5.33981286e-066 3.52317886e-047
  1.00000000e+000 8.78074553e-011 2.47669666e-033 1.78506899e-023
  1.01323647e-102 4.76307607e-062 1.23722332e-018 1.67375865e-043
  1.15857514e-045 8.13764119e-034 1.60865698e-071 3.57745692e-029
  1.00000000e+000]
 [4.38008531e-031 8.88462932e-084 1.18285481e-053 4.86057608e-059
  2.12241459e-053 7.08877716e-025 2.57988941e-057 1.23731224e-045
  8.78074553e-011 1.00000000e+000 5.80402092e-047 4.28174930e-028
  1.34498718e-087 5.40238509e-051 7.79126915e-022 1.59143084e-035
  5.33460911e-059 2.62595762e-051 1.55249380e-078 5.71288973e-044
  1.00000000e+000]
 [1.65935145e-048 4.07217685e-059 6.16512422e-021 1.12231087e-050
  2.46122787e-033 1.24540472e-026 5.20875496e-081 6.06923129e-067
  2.47669666e-033 5.80402092e-047 1.00000000e+000 6.01001139e-038
  4.79691129e-074 1.10429651e-029 6.86860378e-083 2.89996783e-066
  8.50459848e-010 1.81657583e-074 1.22780172e-059 2.48658043e-058
  1.00000000e+000]
 [3.47753381e-047 2.03162104e-048 8.61429592e-031 1.10830136e-037
  7.50023115e-029 2.18679388e-048 1.19417294e-040 6.50307110e-073
  1.78506899e-023 4.28174930e-028 6.01001139e-038 1.00000000e+000
  7.27968047e-087 1.91193812e-031 1.24257349e-039 6.87681889e-044
  8.23095340e-051 2.40064040e-052 4.45924138e-064 1.04586010e-026
  1.00000000e+000]
 [1.55391419e-061 8.34800064e-085 7.58700422e-056 1.12014873e-084
  1.07588580e-070 1.08885197e-040 3.17704273e-029 1.58553095e-036
  1.01323647e-102 1.34498718e-087 4.79691129e-074 7.27968047e-087
  1.00000000e+000 9.18148107e-054 5.83079666e-101 1.08478404e-030
  5.28612220e-062 5.41675739e-076 2.50440971e-018 5.14165896e-101
  1.00000000e+000]
 [2.92483195e-040 4.67806615e-101 2.92419560e-043 3.93296643e-088
  5.25684627e-066 5.41534340e-042 1.69856247e-057 1.33553277e-076
  4.76307607e-062 5.40238509e-051 1.10429651e-029 1.91193812e-031
  9.18148107e-054 1.00000000e+000 1.63164263e-096 8.12269121e-066
  3.00591111e-028 1.25838068e-107 4.37679511e-061 4.18704144e-059
  1.00000000e+000]
 [2.93424961e-066 1.91029446e-060 4.49356889e-061 3.42148301e-032
  2.07310770e-053 1.69041552e-045 1.45633352e-044 5.83294742e-037
  1.23722332e-018 7.79126915e-022 6.86860378e-083 1.24257349e-039
  5.83079666e-101 1.63164263e-096 1.00000000e+000 1.50691951e-030
  2.51847447e-089 5.34133141e-018 3.01368186e-065 4.21256296e-030
  1.00000000e+000]
 [6.98497944e-044 6.37033650e-042 7.20005051e-041 5.39236221e-039
  7.69898518e-032 1.54621073e-028 4.36674904e-013 1.52225085e-023
  1.67375865e-043 1.59143084e-035 2.89996783e-066 6.87681889e-044
  1.08478404e-030 8.12269121e-066 1.50691951e-030 1.00000000e+000
  7.99437229e-072 5.87730593e-022 9.92087703e-028 9.39053589e-063
  1.00000000e+000]
 [2.71369410e-069 1.57258856e-075 4.34401389e-035 3.00755765e-054
  1.43323764e-055 3.72637856e-032 7.62221716e-081 1.03571831e-050
  1.15857514e-045 5.33460911e-059 8.50459848e-010 8.23095340e-051
  5.28612220e-062 3.00591111e-028 2.51847447e-089 7.99437229e-072
  1.00000000e+000 9.69681805e-079 1.14192678e-044 1.07076905e-049
  1.00000000e+000]
 [2.07809567e-084 2.20984599e-022 1.24225700e-043 5.02253729e-010
  5.28494194e-030 5.74362350e-047 1.51331442e-036 2.73271097e-029
  8.13764119e-034 2.62595762e-051 1.81657583e-074 2.40064040e-052
  5.41675739e-076 1.25838068e-107 5.34133141e-018 5.87730593e-022
  9.69681805e-079 1.00000000e+000 1.13813239e-035 8.89547981e-044
  1.00000000e+000]
 [1.65346536e-074 3.39427878e-045 2.42060640e-034 6.79268629e-035
  3.18925041e-047 2.48360937e-037 9.49787241e-022 4.84612885e-021
  1.60865698e-071 1.55249380e-078 1.22780172e-059 4.45924138e-064
  2.50440971e-018 4.37679511e-061 3.01368186e-065 9.92087703e-028
  1.14192678e-044 1.13813239e-035 1.00000000e+000 2.02335352e-052
  1.00000000e+000]
 [1.90096751e-080 1.68416086e-067 1.77086596e-047 6.74927468e-030
  4.34835684e-062 2.22238972e-054 1.42279118e-052 1.50990240e-050
  3.57745692e-029 5.71288973e-044 2.48658043e-058 1.04586010e-026
  5.14165896e-101 4.18704144e-059 4.21256296e-030 9.39053589e-063
  1.07076905e-049 8.89547981e-044 2.02335352e-052 1.00000000e+000
  1.00000000e+000]
 [1.00000000e+000 1.00000000e+000 1.00000000e+000 1.00000000e+000
  1.00000000e+000 1.00000000e+000 1.00000000e+000 1.00000000e+000
  1.00000000e+000 1.00000000e+000 1.00000000e+000 1.00000000e+000
  1.00000000e+000 1.00000000e+000 1.00000000e+000 1.00000000e+000
  1.00000000e+000 1.00000000e+000 1.00000000e+000 1.00000000e+000
  0.00000000e+000]]
