[[1.00000000e+000 1.86115833e-032 1.39185419e-063 9.36426958e-027
  2.67771990e-015 6.35110421e-032 7.22879437e-024 2.52834568e-032
  6.17357655e-032 7.70743229e-022 2.37353881e-027 2.29961223e-022
  2.96237472e-021 1.36218159e-024 1.46439954e-029 1.31053604e-009
  5.01295469e-031 1.53012990e-039 1.73867782e-045 1.14584458e-044
  1.00000000e+000]
 [1.86115833e-032 1.00000000e+000 5.76612690e-049 1.01145068e-019
  3.72953291e-054 1.89338151e-037 1.94562614e-044 6.61056976e-069
  7.67913842e-047 7.34481062e-047 1.49425906e-049 3.30371325e-042
  1.70267093e-019 1.81265031e-069 1.23526532e-063 7.67894304e-021
  2.24547955e-044 3.18797580e-016 3.49284392e-065 1.73162727e-049
  1.00000000e+000]
 [1.39185419e-063 5.76612690e-049 1.00000000e+000 4.43062554e-059
  1.30760588e-045 1.35024828e-052 1.26920597e-078 8.88007920e-096
  2.69190061e-071 6.93921783e-052 1.03771724e-029 2.45704461e-106
  2.33390953e-066 3.14026291e-061 3.14591855e-096 1.34611772e-064
  4.85278080e-087 7.60618257e-034 1.86205481e-087 1.07905330e-063
  1.00000000e+000]
 [9.36426958e-027 1.01145068e-019 4.43062554e-059 1.00000000e+000
  6.67188997e-040 2.27479496e-031 3.39827483e-018 1.32214774e-033
  8.01977316e-028 3.27656299e-049 8.28529349e-050 6.65971029e-016
  1.92885426e-021 2.77531474e-068 2.24171755e-055 3.87678478e-032
  1.69921586e-039 1.47690653e-021 1.72414473e-030 2.30069859e-067
  1.00000000e+000]
 [2.67771990e-015 3.72953291e-054 1.30760588e-045 6.67188997e-040
  1.00000000e+000 6.98808805e-052 1.04625519e-051 1.31780357e-056
  5.63946974e-055 7.92109054e-024 1.98917562e-028 1.78614569e-050
  1.71645135e-051 2.78694898e-022 3.56781114e-046 3.93714108e-026
  3.22447020e-050 7.25352180e-058 1.44625875e-067 9.76082616e-080
  1.00000000e+000]
 [6.35110421e-032 1.89338151e-037 1.35024828e-052 2.27479496e-031
  6.98808805e-052 1.00000000e+000 3.73867541e-020 1.26475201e-038
  6.21390251e-028 5.79120415e-020 2.18543657e-033 5.51775750e-054
  1.70080226e-044 1.34818642e-032 6.45068431e-069 1.63663200e-053
  3.11026791e-055 4.77542012e-036 2.44527618e-018 1.57274234e-021
  1.00000000e+000]
 [7.22879437e-024 1.94562614e-044 1.26920597e-078 3.39827483e-018
  1.04625519e-051 3.73867541e-020 1.00000000e+000 2.05555931e-009
  8.85555371e-014 7.58948309e-050 1.30319504e-041 3.76163601e-016
  1.27890259e-021 1.80223708e-059 4.85536232e-052 6.32042911e-045
  6.81136785e-046 1.55675713e-030 1.89596286e-011 4.29200673e-040
  1.00000000e+000]
 [2.52834568e-032 6.61056976e-069 8.88007920e-096 1.32214774e-033
  1.31780357e-056 1.26475201e-038 2.05555931e-009 1.00000000e+000
  3.08124083e-007 2.05702403e-064 2.18560473e-037 2.23770541e-026
  2.01309470e-030 6.39308271e-066 1.56771713e-083 6.94268397e-062
  2.28393720e-083 1.47036939e-042 6.77911854e-013 9.40724600e-066
  1.00000000e+000]
 [6.17357655e-032 7.67913842e-047 2.69190061e-071 8.01977316e-028
  5.63946974e-055 6.21390251e-028 8.85555371e-014 3.08124083e-007
  1.00000000e+000 1.72606448e-052 2.43913664e-023 2.16938579e-035
  4.15234450e-023 3.29480424e-058 5.62713076e-096 3.15988151e-055
  2.86277367e-089 2.84595549e-024 2.42303529e-012 2.61960816e-054
  1.00000000e+000]
 [7.70743229e-022 7.34481062e-047 6.93921783e-052 3.27656299e-049
  7.92109054e-024 5.79120415e-020 7.58948309e-050 2.05702403e-064
  1.72606448e-052 1.00000000e+000 7.05160971e-030 4.52507818e-071
  3.14826755e-063 5.72083561e-005 8.92597876e-064 1.59366677e-039
  7.83375460e-058 2.24324001e-062 1.58286582e-051 1.30995707e-044
  1.00000000e+000]
 [2.37353881e-027 1.49425906e-049 1.03771724e-029 8.28529349e-050
  1.98917562e-028 2.18543657e-033 1.30319504e-041 2.18560473e-037
  2.43913664e-023 7.05160971e-030 1.00000000e+000 6.86020491e-069
  2.44556435e-037 4.23254762e-027 4.93036183e-087 1.91829560e-044
  1.93960300e-088 1.86863457e-029 4.20816920e-045 6.66575760e-045
  1.00000000e+000]
 [2.29961223e-022 3.30371325e-042 2.45704461e-106 6.65971029e-016
  1.78614569e-050 5.51775750e-054 3.76163601e-016 2.23770541e-026
  2.16938579e-035 4.52507818e-071 6.86020491e-069 1.00000000e+000
  1.15099219e-018 2.15647239e-083 3.99995037e-039 3.56444270e-029
  2.67900101e-034 1.29197118e-043 6.43012120e-043 5.74103920e-077
  1.00000000e+000]
 [2.96237472e-021 1.70267093e-019 2.33390953e-066 1.92885426e-021
  1.71645135e-051 1.70080226e-044 1.27890259e-021 2.01309470e-030
  4.15234450e-023 3.14826755e-063 2.44556435e-037 1.15099219e-018
  1.00000000e+000 8.86817645e-075 8.19341473e-053 4.74186739e-019
  3.52570291e-047 2.13469345e-012 8.73603225e-049 6.11008664e-046
  1.00000000e+000]
 [1.36218159e-024 1.81265031e-069 3.14026291e-061 2.77531474e-068
  2.78694898e-022 1.34818642e-032 1.80223708e-059 6.39308271e-066
  3.29480424e-058 5.72083561e-005 4.23254762e-027 2.15647239e-083
  8.86817645e-075 1.00000000e+000 3.49619570e-071 4.74424462e-048
  1.69828151e-073 1.81470105e-078 4.25936849e-061 1.13605429e-053
  1.00000000e+000]
 [1.46439954e-029 1.23526532e-063 3.14591855e-096 2.24171755e-055
  3.56781114e-046 6.45068431e-069 4.85536232e-052 1.56771713e-083
  5.62713076e-096 8.92597876e-064 4.93036183e-087 3.99995037e-039
  8.19341473e-053 3.49619570e-071 1.00000000e+000 2.16376665e-027
  1.53551035e-005 9.42751550e-079 8.15607130e-099 1.18065211e-061
  1.00000000e+000]
 [1.31053604e-009 7.67894304e-021 1.34611772e-064 3.87678478e-032
  3.93714108e-026 1.63663200e-053 6.32042911e-045 6.94268397e-062
  3.15988151e-055 1.59366677e-039 1.91829560e-044 3.56444270e-029
  4.74186739e-019 4.74424462e-048 2.16376665e-027 1.00000000e+000
  7.10460303e-026 4.32748304e-038 4.73290171e-080 2.44000848e-055
  1.00000000e+000]
 [5.01295469e-031 2.24547955e-044 4.85278080e-087 1.69921586e-039
  3.22447020e-050 3.11026791e-055 6.81136785e-046 2.28393720e-083
  2.86277367e-089 7.83375460e-058 1.93960300e-088 2.67900101e-034
  3.52570291e-047 1.69828151e-073 1.53551035e-005 7.10460303e-026
  1.00000000e+000 2.23111920e-065 3.46022306e-087 4.37558985e-056
  1.00000000e+000]
 [1.53012990e-039 3.18797580e-016 7.60618257e-034 1.47690653e-021
  7.25352180e-058 4.77542012e-036 1.55675713e-030 1.47036939e-042
  2.84595549e-024 2.24324001e-062 1.86863457e-029 1.29197118e-043
  2.13469345e-012 1.81470105e-078 9.42751550e-079 4.32748304e-038
  2.23111920e-065 1.00000000e+000 6.78737338e-046 5.13293614e-044
  1.00000000e+000]
 [1.73867782e-045 3.49284392e-065 1.86205481e-087 1.72414473e-030
  1.44625875e-067 2.44527618e-018 1.89596286e-011 6.77911854e-013
  2.42303529e-012 1.58286582e-051 4.20816920e-045 6.43012120e-043
  8.73603225e-049 4.25936849e-061 8.15607130e-099 4.73290171e-080
  3.46022306e-087 6.78737338e-046 1.00000000e+000 2.39432486e-058
  1.00000000e+000]
 [1.14584458e-044 1.73162727e-049 1.07905330e-063 2.30069859e-067
  9.76082616e-080 1.57274234e-021 4.29200673e-040 9.40724600e-066
  2.61960816e-054 1.30995707e-044 6.66575760e-045 5.74103920e-077
  6.11008664e-046 1.13605429e-053 1.18065211e-061 2.44000848e-055
  4.37558985e-056 5.13293614e-044 2.39432486e-058 1.00000000e+000
  1.00000000e+000]
 [1.00000000e+000 1.00000000e+000 1.00000000e+000 1.00000000e+000
  1.00000000e+000 1.00000000e+000 1.00000000e+000 1.00000000e+000
  1.00000000e+000 1.00000000e+000 1.00000000e+000 1.00000000e+000
  1.00000000e+000 1.00000000e+000 1.00000000e+000 1.00000000e+000
  1.00000000e+000 1.00000000e+000 1.00000000e+000 1.00000000e+000
  0.00000000e+000]]
