[[1.00000000e+00 2.37516422e-35 1.78967781e-34 ... 1.50658111e-38
  1.24593505e-47 1.00000000e+00]
 [2.37516422e-35 1.00000000e+00 7.19306290e-19 ... 3.53626599e-45
  6.33781298e-31 1.00000000e+00]
 [1.78967781e-34 7.19306290e-19 1.00000000e+00 ... 3.17345883e-60
  8.51149686e-48 1.00000000e+00]
 ...
 [1.50658111e-38 3.53626599e-45 3.17345883e-60 ... 1.00000000e+00
  1.17422029e-66 1.00000000e+00]
 [1.24593505e-47 6.33781298e-31 8.51149686e-48 ... 1.17422029e-66
  1.00000000e+00 1.00000000e+00]
 [1.00000000e+00 1.00000000e+00 1.00000000e+00 ... 1.00000000e+00
  1.00000000e+00 0.00000000e+00]]
