[[1.00000000e+00 4.35168765e-44 8.62824927e-70 5.63220419e-50
  4.27774437e-63 9.22995839e-60 5.59126705e-64 6.67787129e-43
  6.23468347e-47 4.48184952e-06 1.74666946e-73 1.62196881e-21
  8.51853050e-50 7.76201906e-65 5.82170046e-25 4.55903379e-61
  6.21684566e-11 8.72393906e-08 2.06788976e-34 3.99418501e-76
  1.00000000e+00]
 [4.35168765e-44 1.00000000e+00 1.80825360e-68 1.90611203e-60
  8.01708172e-48 1.89123075e-61 2.53609327e-07 6.93954084e-87
  3.25493079e-50 1.80558347e-48 6.54199855e-89 4.94190357e-23
  6.38157265e-71 1.25320894e-59 2.79809303e-87 2.18333362e-74
  1.72925218e-39 1.18598316e-34 1.92066617e-62 5.03429151e-82
  1.00000000e+00]
 [8.62824927e-70 1.80825360e-68 1.00000000e+00 3.91324587e-21
  1.33979945e-13 2.82342439e-32 2.63760957e-53 6.63925238e-53
  4.80683885e-41 4.65524176e-72 1.26024997e-48 5.78326401e-56
  3.80814860e-56 3.26052804e-64 5.04082202e-81 1.51621285e-13
  9.29421208e-56 1.34473733e-38 8.36499378e-20 2.69966720e-39
  1.00000000e+00]
 [5.63220419e-50 1.90611203e-60 3.91324587e-21 1.00000000e+00
  2.98018815e-34 4.60975100e-38 6.86890592e-47 5.94416334e-24
  8.30504590e-12 2.45060798e-65 3.38694934e-11 5.07636820e-22
  1.65943757e-16 4.33064113e-43 1.37342493e-46 2.60528192e-11
  1.70662828e-37 1.26610415e-28 1.05455671e-21 4.46749411e-09
  1.00000000e+00]
 [4.27774437e-63 8.01708172e-48 1.33979945e-13 2.98018815e-34
  1.00000000e+00 1.11613941e-23 4.47141542e-39 2.08747024e-45
  2.40324191e-61 1.63094846e-70 9.86317086e-76 2.38737680e-51
  5.53630103e-80 3.93971460e-78 2.77856250e-66 1.42052291e-26
  2.77070794e-37 5.30324506e-42 1.03616530e-30 7.79508205e-50
  1.00000000e+00]
 [9.22995839e-60 1.89123075e-61 2.82342439e-32 4.60975100e-38
  1.11613941e-23 1.00000000e+00 7.66645230e-49 2.13050091e-36
  1.57706911e-70 2.77828590e-62 1.13837054e-63 5.45885758e-55
  1.11700267e-88 1.21152931e-37 5.06535035e-61 2.24366947e-57
  5.00177988e-47 5.37181155e-37 5.75775699e-28 3.73440721e-39
  1.00000000e+00]
 [5.59126705e-64 2.53609327e-07 2.63760957e-53 6.86890592e-47
  4.47141542e-39 7.66645230e-49 1.00000000e+00 8.05514451e-84
  1.86848919e-43 4.14018286e-70 2.62886184e-71 2.59645949e-27
  4.24543560e-67 2.32063321e-48 1.17526184e-98 3.78736868e-64
  5.45057359e-53 5.75415799e-43 9.03186546e-61 4.43040428e-59
  1.00000000e+00]
 [6.67787129e-43 6.93954084e-87 6.63925238e-53 5.94416334e-24
  2.08747024e-45 2.13050091e-36 8.05514451e-84 1.00000000e+00
  5.90465099e-53 4.43447675e-65 1.27803627e-42 5.02598282e-37
  8.78989239e-51 5.69205554e-70 2.82049346e-13 3.64670826e-37
  1.10844554e-22 2.45366315e-39 1.90622039e-31 3.60180693e-28
  1.00000000e+00]
 [6.23468347e-47 3.25493079e-50 4.80683885e-41 8.30504590e-12
  2.40324191e-61 1.57706911e-70 1.86848919e-43 5.90465099e-53
  1.00000000e+00 6.21870050e-59 4.97248515e-14 3.66514205e-15
  3.29346608e-04 1.08703062e-43 2.58274983e-67 1.02740666e-24
  1.47707304e-47 6.04911389e-28 7.99111975e-35 1.54730212e-29
  1.00000000e+00]
 [4.48184952e-06 1.80558347e-48 4.65524176e-72 2.45060798e-65
  1.63094846e-70 2.77828590e-62 4.14018286e-70 4.43447675e-65
  6.21870050e-59 1.00000000e+00 7.75908803e-88 1.91080714e-36
  1.43400068e-65 1.94530101e-60 1.94862195e-48 5.19696633e-76
  4.00664720e-26 7.63824580e-09 1.18616447e-33 7.28939820e-98
  1.00000000e+00]
 [1.74666946e-73 6.54199855e-89 1.26024997e-48 3.38694934e-11
  9.86317086e-76 1.13837054e-63 2.62886184e-71 1.27803627e-42
  4.97248515e-14 7.75908803e-88 1.00000000e+00 3.68217789e-35
  1.94522444e-13 5.20583556e-35 1.80133509e-74 1.61187266e-34
  9.05012243e-70 8.14452899e-48 1.57572010e-35 5.45964799e-18
  1.00000000e+00]
 [1.62196881e-21 4.94190357e-23 5.78326401e-56 5.07636820e-22
  2.38737680e-51 5.45885758e-55 2.59645949e-27 5.02598282e-37
  3.66514205e-15 1.91080714e-36 3.68217789e-35 1.00000000e+00
  2.23276751e-20 1.23016796e-43 5.21985296e-38 4.72529415e-40
  4.93329893e-18 7.73745126e-17 4.25558134e-37 8.44055571e-38
  1.00000000e+00]
 [8.51853050e-50 6.38157265e-71 3.80814860e-56 1.65943757e-16
  5.53630103e-80 1.11700267e-88 4.24543560e-67 8.78989239e-51
  3.29346608e-04 1.43400068e-65 1.94522444e-13 2.23276751e-20
  1.00000000e+00 1.68053894e-56 6.20816972e-63 3.25106358e-29
  2.23393283e-51 8.77850368e-36 1.06198874e-40 5.31988440e-36
  1.00000000e+00]
 [7.76201906e-65 1.25320894e-59 3.26052804e-64 4.33064113e-43
  3.93971460e-78 1.21152931e-37 2.32063321e-48 5.69205554e-70
  1.08703062e-43 1.94530101e-60 5.20583556e-35 1.23016796e-43
  1.68053894e-56 1.00000000e+00 4.37254008e-99 1.42878125e-82
  7.56020663e-77 1.08116766e-37 5.26118180e-36 4.28401417e-51
  1.00000000e+00]
 [5.82170046e-25 2.79809303e-87 5.04082202e-81 1.37342493e-46
  2.77856250e-66 5.06535035e-61 1.17526184e-98 2.82049346e-13
  2.58274983e-67 1.94862195e-48 1.80133509e-74 5.21985296e-38
  6.20816972e-63 4.37254008e-99 1.00000000e+00 1.41651232e-57
  6.36501908e-13 2.90714218e-36 7.79473700e-52 2.22682956e-55
  1.00000000e+00]
 [4.55903379e-61 2.18333362e-74 1.51621285e-13 2.60528192e-11
  1.42052291e-26 2.24366947e-57 3.78736868e-64 3.64670826e-37
  1.02740666e-24 5.19696633e-76 1.61187266e-34 4.72529415e-40
  3.25106358e-29 1.42878125e-82 1.41651232e-57 1.00000000e+00
  3.86101699e-42 2.40974803e-40 2.28370789e-26 4.89678147e-31
  1.00000000e+00]
 [6.21684566e-11 1.72925218e-39 9.29421208e-56 1.70662828e-37
  2.77070794e-37 5.00177988e-47 5.45057359e-53 1.10844554e-22
  1.47707304e-47 4.00664720e-26 9.05012243e-70 4.93329893e-18
  2.23393283e-51 7.56020663e-77 6.36501908e-13 3.86101699e-42
  1.00000000e+00 4.67600581e-17 5.08687639e-34 2.96798004e-57
  1.00000000e+00]
 [8.72393906e-08 1.18598316e-34 1.34473733e-38 1.26610415e-28
  5.30324506e-42 5.37181155e-37 5.75415799e-43 2.45366315e-39
  6.04911389e-28 7.63824580e-09 8.14452899e-48 7.73745126e-17
  8.77850368e-36 1.08116766e-37 2.90714218e-36 2.40974803e-40
  4.67600581e-17 1.00000000e+00 1.57398801e-16 2.20698530e-51
  1.00000000e+00]
 [2.06788976e-34 1.92066617e-62 8.36499378e-20 1.05455671e-21
  1.03616530e-30 5.75775699e-28 9.03186546e-61 1.90622039e-31
  7.99111975e-35 1.18616447e-33 1.57572010e-35 4.25558134e-37
  1.06198874e-40 5.26118180e-36 7.79473700e-52 2.28370789e-26
  5.08687639e-34 1.57398801e-16 1.00000000e+00 2.28010673e-46
  1.00000000e+00]
 [3.99418501e-76 5.03429151e-82 2.69966720e-39 4.46749411e-09
  7.79508205e-50 3.73440721e-39 4.43040428e-59 3.60180693e-28
  1.54730212e-29 7.28939820e-98 5.45964799e-18 8.44055571e-38
  5.31988440e-36 4.28401417e-51 2.22682956e-55 4.89678147e-31
  2.96798004e-57 2.20698530e-51 2.28010673e-46 1.00000000e+00
  1.00000000e+00]
 [1.00000000e+00 1.00000000e+00 1.00000000e+00 1.00000000e+00
  1.00000000e+00 1.00000000e+00 1.00000000e+00 1.00000000e+00
  1.00000000e+00 1.00000000e+00 1.00000000e+00 1.00000000e+00
  1.00000000e+00 1.00000000e+00 1.00000000e+00 1.00000000e+00
  1.00000000e+00 1.00000000e+00 1.00000000e+00 1.00000000e+00
  0.00000000e+00]]
