[[1.00000000e+00 4.03217926e-49 9.67100811e-45 2.68807060e-32
  1.69174428e-65 4.74924092e-75 1.47321178e-53 1.34325257e-60
  1.37525223e-43 1.35625578e-83 2.41086799e-45 8.52177822e-72
  1.13619742e-69 1.85585009e-59 3.69273755e-47 2.54422507e-92
  2.29603151e-99 1.19961176e-16 2.38876354e-65 1.54601026e-48
  1.00000000e+00]
 [4.03217926e-49 1.00000000e+00 1.86350513e-50 1.65984603e-43
  3.19049502e-24 3.66778361e-37 3.01527218e-89 1.36083701e-18
  1.79746577e-53 1.65647064e-19 3.25876677e-46 8.62271173e-87
  1.68118063e-36 8.89053003e-18 3.40614577e-26 7.03709519e-92
  2.89794655e-47 3.17683988e-35 3.91904164e-54 1.77436926e-64
  1.00000000e+00]
 [9.67100811e-45 1.86350513e-50 1.00000000e+00 3.97475900e-14
  1.05608512e-80 2.13580191e-50 1.00221186e-46 1.73541437e-65
  6.06233559e-64 4.86378344e-48 1.02862086e-25 6.17689105e-38
  7.31597736e-55 9.44227246e-56 1.23496619e-62 3.68302538e-22
  8.61395484e-51 4.89413551e-20 8.15839215e-71 1.71412151e-34
  1.00000000e+00]
 [2.68807060e-32 1.65984603e-43 3.97475900e-14 1.00000000e+00
  5.11518670e-64 4.52506662e-23 4.99777507e-24 2.24883503e-56
  1.76965489e-38 3.65574605e-43 1.29835896e-30 4.11014550e-27
  6.99958737e-43 2.04127922e-63 2.50771334e-37 1.24504000e-31
  1.41790279e-38 1.97230722e-26 9.73848890e-47 4.96313870e-14
  1.00000000e+00]
 [1.69174428e-65 3.19049502e-24 1.05608512e-80 5.11518670e-64
  1.00000000e+00 2.21439110e-43 1.12628191e-70 1.33874222e-07
  3.44606619e-23 7.30020039e-27 1.42048754e-32 5.33523209e-85
  2.04273852e-40 1.24037083e-28 6.21482766e-14 1.47625129e-93
  4.83140594e-59 4.81430018e-52 1.41626580e-21 7.25060106e-52
  1.00000000e+00]
 [4.74924092e-75 3.66778361e-37 2.13580191e-50 4.52506662e-23
  2.21439110e-43 1.00000000e+00 1.44835761e-40 5.43736495e-38
  8.31233816e-38 1.73122834e-31 4.45624136e-46 1.09783715e-33
  9.33383185e-32 1.26323355e-61 4.43316631e-19 1.87083841e-60
  1.11280961e-10 1.37899560e-68 1.16105520e-41 6.77371241e-30
  1.00000000e+00]
 [1.47321178e-53 3.01527218e-89 1.00221186e-46 4.99777507e-24
  1.12628191e-70 1.44835761e-40 1.00000000e+00 7.12058878e-64
  1.52709681e-18 1.57331583e-80 1.62794424e-27 1.04978595e-14
  3.46266566e-45 2.81988636e-86 1.51259792e-44 2.52433220e-39
  1.30205193e-60 3.05399463e-53 1.02011066e-30 5.94447457e-11
  1.00000000e+00]
 [1.34325257e-60 1.36083701e-18 1.73541437e-65 2.24883503e-56
  1.33874222e-07 5.43736495e-38 7.12058878e-64 1.00000000e+00
  3.35400853e-24 6.10898431e-31 6.42705102e-26 1.47836238e-64
  1.92883887e-19 4.69803932e-11 4.85108084e-15 1.75190810e-87
  1.82835247e-45 5.71734377e-46 2.49819081e-27 9.97000628e-56
  1.00000000e+00]
 [1.37525223e-43 1.79746577e-53 6.06233559e-64 1.76965489e-38
  3.44606619e-23 8.31233816e-38 1.52709681e-18 3.35400853e-24
  1.00000000e+00 1.30579327e-54 9.78416416e-20 4.14914548e-40
  7.26294711e-31 5.26193426e-49 1.35050205e-17 3.03534101e-65
  1.43342853e-61 2.02669474e-43 2.73790943e-08 5.52647879e-20
  1.00000000e+00]
 [1.35625578e-83 1.65647064e-19 4.86378344e-48 3.65574605e-43
  7.30020039e-27 1.73122834e-31 1.57331583e-80 6.10898431e-31
  1.30579327e-54 1.00000000e+00 1.29903986e-39 3.90355339e-85
  8.01143582e-46 2.87776064e-40 1.14193893e-37 7.34152552e-53
  5.13159405e-43 9.83147776e-47 9.83136604e-39 1.13186249e-44
  1.00000000e+00]
 [2.41086799e-45 3.25876677e-46 1.02862086e-25 1.29835896e-30
  1.42048754e-32 4.45624136e-46 1.62794424e-27 6.42705102e-26
  9.78416416e-20 1.29903986e-39 1.00000000e+00 1.14299975e-32
  1.71478279e-33 9.39017121e-33 4.62573303e-32 1.56465075e-29
  4.32869784e-51 4.48346002e-22 1.01326131e-24 8.70415042e-23
  1.00000000e+00]
 [8.52177822e-72 8.62271173e-87 6.17689105e-38 4.11014550e-27
  5.33523209e-85 1.09783715e-33 1.04978595e-14 1.47836238e-64
  4.14914548e-40 3.90355339e-85 1.14299975e-32 1.00000000e+00
  1.08020364e-40 1.74494938e-79 5.88023054e-48 1.33357090e-43
  1.04293752e-32 8.89696476e-68 1.65007776e-59 3.67566948e-31
  1.00000000e+00]
 [1.13619742e-69 1.68118063e-36 7.31597736e-55 6.99958737e-43
  2.04273852e-40 9.33383185e-32 3.46266566e-45 1.92883887e-19
  7.26294711e-31 8.01143582e-46 1.71478279e-33 1.08020364e-40
  1.00000000e+00 7.85384813e-22 3.24267277e-36 9.36522213e-70
  5.20475425e-43 3.30513481e-52 8.66042579e-32 1.73473157e-49
  1.00000000e+00]
 [1.85585009e-59 8.89053003e-18 9.44227246e-56 2.04127922e-63
  1.24037083e-28 1.26323355e-61 2.81988636e-86 4.69803932e-11
  5.26193426e-49 2.87776064e-40 9.39017121e-33 1.74494938e-79
  7.85384813e-22 1.00000000e+00 1.52675387e-40 3.65183664e-92
  3.86500355e-64 5.64443250e-36 1.62292116e-51 4.60087242e-78
  1.00000000e+00]
 [3.69273755e-47 3.40614577e-26 1.23496619e-62 2.50771334e-37
  6.21482766e-14 4.43316631e-19 1.51259792e-44 4.85108084e-15
  1.35050205e-17 1.14193893e-37 4.62573303e-32 5.88023054e-48
  3.24267277e-36 1.52675387e-40 1.00000000e+00 2.50211781e-85
  1.58744157e-30 4.06233138e-52 5.11449947e-30 2.35435817e-36
  1.00000000e+00]
 [2.54422507e-92 7.03709519e-92 3.68302538e-22 1.24504000e-31
  1.47625129e-93 1.87083841e-60 2.52433220e-39 1.75190810e-87
  3.03534101e-65 7.34152552e-53 1.56465075e-29 1.33357090e-43
  9.36522213e-70 3.65183664e-92 2.50211781e-85 1.00000000e+00
  3.62981353e-67 5.41428180e-49 9.39391278e-57 2.91503160e-24
  1.00000000e+00]
 [2.29603151e-99 2.89794655e-47 8.61395484e-51 1.41790279e-38
  4.83140594e-59 1.11280961e-10 1.30205193e-60 1.82835247e-45
  1.43342853e-61 5.13159405e-43 4.32869784e-51 1.04293752e-32
  5.20475425e-43 3.86500355e-64 1.58744157e-30 3.62981353e-67
  1.00000000e+00 6.89647174e-86 4.15153167e-71 1.23217026e-53
  1.00000000e+00]
 [1.19961176e-16 3.17683988e-35 4.89413551e-20 1.97230722e-26
  4.81430018e-52 1.37899560e-68 3.05399463e-53 5.71734377e-46
  2.02669474e-43 9.83147776e-47 4.48346002e-22 8.89696476e-68
  3.30513481e-52 5.64443250e-36 4.06233138e-52 5.41428180e-49
  6.89647174e-86 1.00000000e+00 2.20148830e-48 1.63332084e-37
  1.00000000e+00]
 [2.38876354e-65 3.91904164e-54 8.15839215e-71 9.73848890e-47
  1.41626580e-21 1.16105520e-41 1.02011066e-30 2.49819081e-27
  2.73790943e-08 9.83136604e-39 1.01326131e-24 1.65007776e-59
  8.66042579e-32 1.62292116e-51 5.11449947e-30 9.39391278e-57
  4.15153167e-71 2.20148830e-48 1.00000000e+00 5.01211439e-21
  1.00000000e+00]
 [1.54601026e-48 1.77436926e-64 1.71412151e-34 4.96313870e-14
  7.25060106e-52 6.77371241e-30 5.94447457e-11 9.97000628e-56
  5.52647879e-20 1.13186249e-44 8.70415042e-23 3.67566948e-31
  1.73473157e-49 4.60087242e-78 2.35435817e-36 2.91503160e-24
  1.23217026e-53 1.63332084e-37 5.01211439e-21 1.00000000e+00
  1.00000000e+00]
 [1.00000000e+00 1.00000000e+00 1.00000000e+00 1.00000000e+00
  1.00000000e+00 1.00000000e+00 1.00000000e+00 1.00000000e+00
  1.00000000e+00 1.00000000e+00 1.00000000e+00 1.00000000e+00
  1.00000000e+00 1.00000000e+00 1.00000000e+00 1.00000000e+00
  1.00000000e+00 1.00000000e+00 1.00000000e+00 1.00000000e+00
  0.00000000e+00]]
