[[1.00000000e+00 1.25827784e-34 3.41867684e-62 ... 8.55670853e-34
  9.79334633e-76 1.00000000e+00]
 [1.25827784e-34 1.00000000e+00 4.24082492e-31 ... 3.60770000e-14
  4.07717024e-28 1.00000000e+00]
 [3.41867684e-62 4.24082492e-31 1.00000000e+00 ... 1.47988469e-12
  1.18064458e-50 1.00000000e+00]
 ...
 [8.55670853e-34 3.60770000e-14 1.47988469e-12 ... 1.00000000e+00
  4.02559613e-52 1.00000000e+00]
 [9.79334633e-76 4.07717024e-28 1.18064458e-50 ... 4.02559613e-52
  1.00000000e+00 1.00000000e+00]
 [1.00000000e+00 1.00000000e+00 1.00000000e+00 ... 1.00000000e+00
  1.00000000e+00 0.00000000e+00]]
