[[1.00000000e+00 1.62845017e-37 1.20675374e-30 1.91313888e-35
  1.72435630e-70 7.04306667e-60 3.14627909e-28 3.18606265e-30
  2.27620334e-50 6.38881501e-37 1.13880069e-32 1.80806329e-49
  5.53629480e-30 2.20131309e-52 9.45112908e-36 1.12680003e-26
  7.80055749e-72 8.70359393e-38 2.07783905e-78 6.21426344e-69
  2.96432389e-28 2.77613648e-65 1.79197268e-75 2.70987239e-34
  1.00000000e+00]
 [1.62845017e-37 1.00000000e+00 2.32256939e-25 7.47961104e-57
  2.62671066e-51 1.96363715e-72 1.03396686e-30 1.04357319e-35
  3.31356109e-29 1.10737401e-30 4.29001200e-68 6.78139017e-37
  3.92870057e-36 9.28522977e-36 5.66906472e-27 2.51287539e-28
  8.39951223e-56 3.92152568e-68 1.51442015e-28 1.84230243e-55
  1.67103413e-56 1.11473443e-50 2.30487371e-34 2.31726576e-61
  1.00000000e+00]
 [1.20675374e-30 2.32256939e-25 1.00000000e+00 2.23793846e-61
  3.56931238e-73 1.86977415e-80 3.99603070e-27 1.98554655e-58
  2.10991782e-29 3.75019423e-29 3.30127051e-56 4.25652495e-64
  8.30437320e-40 2.17706212e-31 3.42363948e-41 1.06300085e-62
  8.88539301e-53 9.34352876e-37 7.33460259e-60 5.17889435e-65
  6.42839062e-34 1.06586652e-30 2.31999504e-47 5.52642661e-30
  1.00000000e+00]
 [1.91313888e-35 7.47961104e-57 2.23793846e-61 1.00000000e+00
  2.92910160e-36 3.72657338e-39 9.27676182e-26 2.03481587e-32
  7.56124513e-32 8.11242773e-37 1.44356441e-32 6.91056932e-47
  1.03179032e-45 1.86860792e-69 5.88185551e-74 1.88641719e-29
  4.49367627e-32 3.31249325e-29 3.73459120e-51 9.98687675e-67
  2.40089810e-51 1.68368151e-57 9.60953256e-69 8.95966740e-74
  1.00000000e+00]
 [1.72435630e-70 2.62671066e-51 3.56931238e-73 2.92910160e-36
  1.00000000e+00 3.46043168e-33 6.91230252e-67 1.15068599e-57
  1.85664745e-43 1.41428305e-31 2.50465333e-27 3.25099458e-50
  1.67481104e-35 1.30038514e-72 2.29876997e-46 1.74522745e-27
  2.26379861e-45 1.12472319e-56 2.42404129e-29 1.21430722e-34
  7.30988665e-72 3.31231367e-29 2.88260223e-34 2.28441145e-64
  1.00000000e+00]
 [7.04306667e-60 1.96363715e-72 1.86977415e-80 3.72657338e-39
  3.46043168e-33 1.00000000e+00 2.78315664e-62 4.01915218e-32
  8.29624038e-66 1.15362133e-71 1.68889409e-31 1.42711953e-28
  1.13700365e-62 1.41228661e-38 2.44199018e-43 1.14872378e-41
  1.31245733e-31 9.66172955e-32 2.26306515e-39 9.58373084e-30
  3.89893573e-36 3.43815643e-40 3.11776470e-49 9.06756683e-49
  1.00000000e+00]
 [3.14627909e-28 1.03396686e-30 3.99603070e-27 9.27676182e-26
  6.91230252e-67 2.78315664e-62 1.00000000e+00 2.72550511e-41
  2.59559999e-36 8.58392682e-29 7.43103523e-55 2.40412374e-30
  2.33232989e-65 2.37347129e-43 7.62688032e-56 1.05089289e-43
  2.81002206e-26 9.71853790e-41 1.43882670e-55 6.23493753e-91
  1.06648535e-27 3.78630996e-55 2.59259784e-44 1.07809861e-69
  1.00000000e+00]
 [3.18606265e-30 1.04357319e-35 1.98554655e-58 2.03481587e-32
  1.15068599e-57 4.01915218e-32 2.72550511e-41 1.00000000e+00
  2.63251650e-37 3.67224256e-71 2.76288167e-59 5.13692089e-34
  4.54023442e-41 2.06829781e-30 6.29979772e-46 4.68241805e-26
  1.98669376e-49 1.00376942e-37 3.21495230e-32 5.78500172e-36
  8.56542199e-51 7.69081657e-70 2.05591859e-74 5.61352379e-59
  1.00000000e+00]
 [2.27620334e-50 3.31356109e-29 2.10991782e-29 7.56124513e-32
  1.85664745e-43 8.29624038e-66 2.59559999e-36 2.63251650e-37
  1.00000000e+00 2.59917063e-39 8.19593991e-64 6.65622360e-71
  9.50243226e-29 3.60179786e-43 4.91850580e-70 1.90268809e-50
  2.11909395e-38 1.19730570e-31 3.73899454e-25 1.05365335e-41
  3.32638181e-72 8.66801015e-37 9.25708308e-62 1.10321666e-60
  1.00000000e+00]
 [6.38881501e-37 1.10737401e-30 3.75019423e-29 8.11242773e-37
  1.41428305e-31 1.15362133e-71 8.58392682e-29 3.67224256e-71
  2.59917063e-39 1.00000000e+00 5.42164231e-28 1.77723199e-52
  2.78398106e-35 4.43135227e-73 9.36192230e-41 5.92982124e-32
  9.54233476e-52 6.51705162e-57 6.51278367e-60 3.21463542e-77
  1.17997645e-46 1.89331140e-33 5.19588099e-31 1.38242785e-54
  1.00000000e+00]
 [1.13880069e-32 4.29001200e-68 3.30127051e-56 1.44356441e-32
  2.50465333e-27 1.68889409e-31 7.43103523e-55 2.76288167e-59
  8.19593991e-64 5.42164231e-28 1.00000000e+00 2.35666351e-53
  3.06477807e-33 3.38979397e-72 2.74588324e-37 7.42409432e-31
  2.49980881e-58 2.72781845e-34 3.26771892e-74 5.08090986e-52
  2.54566921e-32 3.84901641e-33 9.49798797e-53 2.99368532e-29
  1.00000000e+00]
 [1.80806329e-49 6.78139017e-37 4.25652495e-64 6.91056932e-47
  3.25099458e-50 1.42711953e-28 2.40412374e-30 5.13692089e-34
  6.65622360e-71 1.77723199e-52 2.35666351e-53 1.00000000e+00
  4.41471130e-80 5.90583354e-36 2.88229859e-28 4.35710560e-30
  1.53205336e-30 3.40269122e-64 1.68956532e-39 2.58521247e-68
  2.54641429e-28 4.04421742e-59 6.26531035e-25 2.76793560e-74
  1.00000000e+00]
 [5.53629480e-30 3.92870057e-36 8.30437320e-40 1.03179032e-45
  1.67481104e-35 1.13700365e-62 2.33232989e-65 4.54023442e-41
  9.50243226e-29 2.78398106e-35 3.06477807e-33 4.41471130e-80
  1.00000000e+00 1.82294770e-63 1.35819119e-40 1.71377394e-27
  9.38467875e-84 6.36202543e-44 3.04280246e-51 1.49228008e-29
  2.33943606e-70 2.53220940e-43 2.95306468e-74 1.28951918e-31
  1.00000000e+00]
 [2.20131309e-52 9.28522977e-36 2.17706212e-31 1.86860792e-69
  1.30038514e-72 1.41228661e-38 2.37347129e-43 2.06829781e-30
  3.60179786e-43 4.43135227e-73 3.38979397e-72 5.90583354e-36
  1.82294770e-63 1.00000000e+00 1.14255801e-35 1.79497017e-65
  7.57605233e-34 1.19221889e-33 3.14575269e-31 2.48152731e-35
  4.23040741e-31 4.44842324e-36 1.23758950e-43 8.35195309e-38
  1.00000000e+00]
 [9.45112908e-36 5.66906472e-27 3.42363948e-41 5.88185551e-74
  2.29876997e-46 2.44199018e-43 7.62688032e-56 6.29979772e-46
  4.91850580e-70 9.36192230e-41 2.74588324e-37 2.88229859e-28
  1.35819119e-40 1.14255801e-35 1.00000000e+00 1.87425118e-27
  1.10264691e-68 2.35500207e-65 1.83497186e-50 6.28507294e-43
  3.38812171e-31 1.37746756e-40 2.29964439e-28 7.87661462e-30
  1.00000000e+00]
 [1.12680003e-26 2.51287539e-28 1.06300085e-62 1.88641719e-29
  1.74522745e-27 1.14872378e-41 1.05089289e-43 4.68241805e-26
  1.90268809e-50 5.92982124e-32 7.42409432e-31 4.35710560e-30
  1.71377394e-27 1.79497017e-65 1.87425118e-27 1.00000000e+00
  1.48378498e-64 1.60358860e-63 1.32881588e-43 7.01785169e-51
  1.09798835e-54 7.26221049e-64 9.54098700e-51 2.55337030e-62
  1.00000000e+00]
 [7.80055749e-72 8.39951223e-56 8.88539301e-53 4.49367627e-32
  2.26379861e-45 1.31245733e-31 2.81002206e-26 1.98669376e-49
  2.11909395e-38 9.54233476e-52 2.49980881e-58 1.53205336e-30
  9.38467875e-84 7.57605233e-34 1.10264691e-68 1.48378498e-64
  1.00000000e+00 7.98800313e-32 1.32821142e-30 4.40567034e-63
  2.11288538e-38 3.49504928e-32 1.97916737e-31 2.04279172e-75
  1.00000000e+00]
 [8.70359393e-38 3.92152568e-68 9.34352876e-37 3.31249325e-29
  1.12472319e-56 9.66172955e-32 9.71853790e-41 1.00376942e-37
  1.19730570e-31 6.51705162e-57 2.72781845e-34 3.40269122e-64
  6.36202543e-44 1.19221889e-33 2.35500207e-65 1.60358860e-63
  7.98800313e-32 1.00000000e+00 5.82149634e-56 7.21154003e-40
  5.22568003e-31 1.67571269e-29 2.61010320e-72 8.21954896e-28
  1.00000000e+00]
 [2.07783905e-78 1.51442015e-28 7.33460259e-60 3.73459120e-51
  2.42404129e-29 2.26306515e-39 1.43882670e-55 3.21495230e-32
  3.73899454e-25 6.51278367e-60 3.26771892e-74 1.68956532e-39
  3.04280246e-51 3.14575269e-31 1.83497186e-50 1.32881588e-43
  1.32821142e-30 5.82149634e-56 1.00000000e+00 4.33248777e-26
  8.16179050e-76 1.26804721e-38 1.47294197e-35 2.41319274e-76
  1.00000000e+00]
 [6.21426344e-69 1.84230243e-55 5.17889435e-65 9.98687675e-67
  1.21430722e-34 9.58373084e-30 6.23493753e-91 5.78500172e-36
  1.05365335e-41 3.21463542e-77 5.08090986e-52 2.58521247e-68
  1.49228008e-29 2.48152731e-35 6.28507294e-43 7.01785169e-51
  4.40567034e-63 7.21154003e-40 4.33248777e-26 1.00000000e+00
  2.14070440e-72 8.63166948e-33 7.99340081e-65 3.98950316e-35
  1.00000000e+00]
 [2.96432389e-28 1.67103413e-56 6.42839062e-34 2.40089810e-51
  7.30988665e-72 3.89893573e-36 1.06648535e-27 8.56542199e-51
  3.32638181e-72 1.17997645e-46 2.54566921e-32 2.54641429e-28
  2.33943606e-70 4.23040741e-31 3.38812171e-31 1.09798835e-54
  2.11288538e-38 5.22568003e-31 8.16179050e-76 2.14070440e-72
  1.00000000e+00 3.25470629e-40 8.00584647e-42 6.69025333e-30
  1.00000000e+00]
 [2.77613648e-65 1.11473443e-50 1.06586652e-30 1.68368151e-57
  3.31231367e-29 3.43815643e-40 3.78630996e-55 7.69081657e-70
  8.66801015e-37 1.89331140e-33 3.84901641e-33 4.04421742e-59
  2.53220940e-43 4.44842324e-36 1.37746756e-40 7.26221049e-64
  3.49504928e-32 1.67571269e-29 1.26804721e-38 8.63166948e-33
  3.25470629e-40 1.00000000e+00 2.46517812e-25 4.95685879e-27
  1.00000000e+00]
 [1.79197268e-75 2.30487371e-34 2.31999504e-47 9.60953256e-69
  2.88260223e-34 3.11776470e-49 2.59259784e-44 2.05591859e-74
  9.25708308e-62 5.19588099e-31 9.49798797e-53 6.26531035e-25
  2.95306468e-74 1.23758950e-43 2.29964439e-28 9.54098700e-51
  1.97916737e-31 2.61010320e-72 1.47294197e-35 7.99340081e-65
  8.00584647e-42 2.46517812e-25 1.00000000e+00 1.10279746e-65
  1.00000000e+00]
 [2.70987239e-34 2.31726576e-61 5.52642661e-30 8.95966740e-74
  2.28441145e-64 9.06756683e-49 1.07809861e-69 5.61352379e-59
  1.10321666e-60 1.38242785e-54 2.99368532e-29 2.76793560e-74
  1.28951918e-31 8.35195309e-38 7.87661462e-30 2.55337030e-62
  2.04279172e-75 8.21954896e-28 2.41319274e-76 3.98950316e-35
  6.69025333e-30 4.95685879e-27 1.10279746e-65 1.00000000e+00
  1.00000000e+00]
 [1.00000000e+00 1.00000000e+00 1.00000000e+00 1.00000000e+00
  1.00000000e+00 1.00000000e+00 1.00000000e+00 1.00000000e+00
  1.00000000e+00 1.00000000e+00 1.00000000e+00 1.00000000e+00
  1.00000000e+00 1.00000000e+00 1.00000000e+00 1.00000000e+00
  1.00000000e+00 1.00000000e+00 1.00000000e+00 1.00000000e+00
  1.00000000e+00 1.00000000e+00 1.00000000e+00 1.00000000e+00
  0.00000000e+00]]
