[[1.00000000e+00 2.53757905e-91 3.90667342e-44 ... 6.95462761e-38
  1.00468406e-40 1.00000000e+00]
 [2.53757905e-91 1.00000000e+00 3.36602962e-55 ... 1.37662850e-67
  7.40568174e-24 1.00000000e+00]
 [3.90667342e-44 3.36602962e-55 1.00000000e+00 ... 5.91208971e-37
  1.15508999e-43 1.00000000e+00]
 ...
 [6.95462761e-38 1.37662850e-67 5.91208971e-37 ... 1.00000000e+00
  7.06243224e-53 1.00000000e+00]
 [1.00468406e-40 7.40568174e-24 1.15508999e-43 ... 7.06243224e-53
  1.00000000e+00 1.00000000e+00]
 [1.00000000e+00 1.00000000e+00 1.00000000e+00 ... 1.00000000e+00
  1.00000000e+00 0.00000000e+00]]
