[[1.00000000e+000 6.46445346e-032 1.10494851e-073 7.11984176e-061
  1.09152172e-031 1.94162638e-033 5.57323002e-049 1.82284450e-080
  9.49432304e-035 1.51003972e-053 1.96878095e-060 4.69854176e-030
  1.20154850e-033 2.07722447e-018 5.72292415e-018 9.34097089e-033
  1.36957539e-031 9.71892025e-027 4.12682861e-019 1.09050285e-021
  1.00000000e+000]
 [6.46445346e-032 1.00000000e+000 7.67445786e-056 4.41887360e-042
  1.68996845e-033 6.67985215e-027 1.17243532e-015 2.01192093e-031
  3.97630019e-016 2.32086295e-031 4.46554473e-040 3.32591315e-023
  3.97051579e-074 1.65063883e-049 1.20983261e-017 5.22692736e-035
  5.46047341e-080 6.33446278e-031 8.07893435e-023 7.87674586e-022
  1.00000000e+000]
 [1.10494851e-073 7.67445786e-056 1.00000000e+000 4.58943626e-072
  8.42917133e-043 4.96563525e-058 8.76485625e-048 3.67225636e-021
  1.73594216e-072 2.25007357e-042 4.84030231e-038 4.11392980e-063
  8.02778363e-061 3.39193148e-034 3.49819074e-065 2.17035304e-018
  1.31538576e-064 1.53162187e-038 7.36536509e-033 5.49870908e-019
  1.00000000e+000]
 [7.11984176e-061 4.41887360e-042 4.58943626e-072 1.00000000e+000
  5.67352609e-017 4.68128421e-040 1.91582191e-035 1.23205212e-048
  1.99452497e-051 1.21943157e-080 2.04609639e-070 2.27774907e-071
  4.18326544e-046 2.56476327e-075 9.32417551e-041 1.07023033e-036
  6.93368848e-070 2.99277570e-050 1.60715072e-038 6.00356759e-054
  1.00000000e+000]
 [1.09152172e-031 1.68996845e-033 8.42917133e-043 5.67352609e-017
  1.00000000e+000 5.74818119e-022 2.11731913e-029 1.29776004e-047
  2.19558395e-037 3.41574876e-036 3.18251321e-038 3.13044177e-056
  6.84341142e-017 2.06086091e-033 2.44576749e-017 7.62163822e-019
  5.20995962e-032 5.25521578e-037 2.75220631e-023 4.37863911e-021
  1.00000000e+000]
 [1.94162638e-033 6.67985215e-027 4.96563525e-058 4.68128421e-040
  5.74818119e-022 1.00000000e+000 5.34296186e-011 5.35758866e-049
  1.24521285e-060 2.18899324e-030 7.76502992e-023 2.33938622e-027
  2.25395049e-058 3.94212214e-051 1.27827224e-031 8.05905755e-032
  1.07616357e-078 1.11777393e-051 1.22607969e-019 1.07991500e-029
  1.00000000e+000]
 [5.57323002e-049 1.17243532e-015 8.76485625e-048 1.91582191e-035
  2.11731913e-029 5.34296186e-011 1.00000000e+000 3.55926254e-021
  5.80687912e-047 2.97374935e-031 5.06209556e-016 1.25350034e-032
  1.65155614e-079 3.34809957e-059 1.48118760e-032 9.38463099e-027
  4.11851479e-095 1.59044756e-039 7.19634362e-025 2.28636108e-030
  1.00000000e+000]
 [1.82284450e-080 2.01192093e-031 3.67225636e-021 1.23205212e-048
  1.29776004e-047 5.35758866e-049 3.55926254e-021 1.00000000e+000
  4.54570739e-056 2.37227126e-051 1.13836194e-033 2.70174046e-053
  1.11361819e-092 1.18043158e-061 3.86797756e-059 6.22771303e-023
  8.58223015e-101 6.90052607e-033 1.29775069e-034 1.41738076e-032
  1.00000000e+000]
 [9.49432304e-035 3.97630019e-016 1.73594216e-072 1.99452497e-051
  2.19558395e-037 1.24521285e-060 5.80687912e-047 4.54570739e-056
  1.00000000e+000 4.15986995e-046 1.67267405e-064 8.23794275e-062
  2.04504260e-061 1.66657310e-045 3.09958809e-010 1.67707363e-044
  2.45322562e-055 1.82090255e-030 2.84589025e-046 1.66364743e-029
  1.00000000e+000]
 [1.51003972e-053 2.32086295e-031 2.25007357e-042 1.21943157e-080
  3.41574876e-036 2.18899324e-030 2.97374935e-031 2.37227126e-051
  4.15986995e-046 1.00000000e+000 3.48286053e-018 9.73962782e-057
  1.18295704e-072 2.53874093e-047 3.85342885e-029 6.17617001e-045
  3.87021601e-079 1.28125579e-063 4.43579432e-046 4.14488457e-021
  1.00000000e+000]
 [1.96878095e-060 4.46554473e-040 4.84030231e-038 2.04609639e-070
  3.18251321e-038 7.76502992e-023 5.06209556e-016 1.13836194e-033
  1.67267405e-064 3.48286053e-018 1.00000000e+000 2.70719152e-060
  3.36563847e-080 1.97467504e-048 1.84044518e-040 7.83770508e-028
  1.74587949e-087 9.95824225e-049 9.65549009e-043 5.13498709e-029
  1.00000000e+000]
 [4.69854176e-030 3.32591315e-023 4.11392980e-063 2.27774907e-071
  3.13044177e-056 2.33938622e-027 1.25350034e-032 2.70174046e-053
  8.23794275e-062 9.73962782e-057 2.70719152e-060 1.00000000e+000
  3.19867981e-085 9.59691027e-051 6.52413381e-052 1.90232645e-044
  7.69486629e-095 4.58017370e-044 1.88290299e-012 2.13807561e-030
  1.00000000e+000]
 [1.20154850e-033 3.97051579e-074 8.02778363e-061 4.18326544e-046
  6.84341142e-017 2.25395049e-058 1.65155614e-079 1.11361819e-092
  2.04504260e-061 1.18295704e-072 3.36563847e-080 3.19867981e-085
  1.00000000e+000 1.04805847e-025 1.75105311e-037 2.31480189e-032
  1.74317664e-007 3.49184579e-047 2.89302494e-039 1.37341414e-034
  1.00000000e+000]
 [2.07722447e-018 1.65063883e-049 3.39193148e-034 2.56476327e-075
  2.06086091e-033 3.94212214e-051 3.34809957e-059 1.18043158e-061
  1.66657310e-045 2.53874093e-047 1.97467504e-048 9.59691027e-051
  1.04805847e-025 1.00000000e+000 6.53485621e-031 6.53519783e-016
  4.58520654e-016 2.71738792e-017 3.59907804e-023 2.11880654e-010
  1.00000000e+000]
 [5.72292415e-018 1.20983261e-017 3.49819074e-065 9.32417551e-041
  2.44576749e-017 1.27827224e-031 1.48118760e-032 3.86797756e-059
  3.09958809e-010 3.85342885e-029 1.84044518e-040 6.52413381e-052
  1.75105311e-037 6.53485621e-031 1.00000000e+000 1.70185107e-031
  4.10520301e-038 4.51508574e-030 5.67559485e-033 3.08291253e-020
  1.00000000e+000]
 [9.34097089e-033 5.22692736e-035 2.17035304e-018 1.07023033e-036
  7.62163822e-019 8.05905755e-032 9.38463099e-027 6.22771303e-023
  1.67707363e-044 6.17617001e-045 7.83770508e-028 1.90232645e-044
  2.31480189e-032 6.53519783e-016 1.70185107e-031 1.00000000e+000
  6.84180884e-035 3.71989954e-010 8.95948574e-014 5.30429514e-012
  1.00000000e+000]
 [1.36957539e-031 5.46047341e-080 1.31538576e-064 6.93368848e-070
  5.20995962e-032 1.07616357e-078 4.11851479e-095 8.58223015e-101
  2.45322562e-055 3.87021601e-079 1.74587949e-087 7.69486629e-095
  1.74317664e-007 4.58520654e-016 4.10520301e-038 6.84180884e-035
  1.00000000e+000 1.72371298e-038 2.32196652e-048 4.36226539e-034
  1.00000000e+000]
 [9.71892025e-027 6.33446278e-031 1.53162187e-038 2.99277570e-050
  5.25521578e-037 1.11777393e-051 1.59044756e-039 6.90052607e-033
  1.82090255e-030 1.28125579e-063 9.95824225e-049 4.58017370e-044
  3.49184579e-047 2.71738792e-017 4.51508574e-030 3.71989954e-010
  1.72371298e-038 1.00000000e+000 2.39676799e-020 2.18306678e-018
  1.00000000e+000]
 [4.12682861e-019 8.07893435e-023 7.36536509e-033 1.60715072e-038
  2.75220631e-023 1.22607969e-019 7.19634362e-025 1.29775069e-034
  2.84589025e-046 4.43579432e-046 9.65549009e-043 1.88290299e-012
  2.89302494e-039 3.59907804e-023 5.67559485e-033 8.95948574e-014
  2.32196652e-048 2.39676799e-020 1.00000000e+000 2.86052163e-012
  1.00000000e+000]
 [1.09050285e-021 7.87674586e-022 5.49870908e-019 6.00356759e-054
  4.37863911e-021 1.07991500e-029 2.28636108e-030 1.41738076e-032
  1.66364743e-029 4.14488457e-021 5.13498709e-029 2.13807561e-030
  1.37341414e-034 2.11880654e-010 3.08291253e-020 5.30429514e-012
  4.36226539e-034 2.18306678e-018 2.86052163e-012 1.00000000e+000
  1.00000000e+000]
 [1.00000000e+000 1.00000000e+000 1.00000000e+000 1.00000000e+000
  1.00000000e+000 1.00000000e+000 1.00000000e+000 1.00000000e+000
  1.00000000e+000 1.00000000e+000 1.00000000e+000 1.00000000e+000
  1.00000000e+000 1.00000000e+000 1.00000000e+000 1.00000000e+000
  1.00000000e+000 1.00000000e+000 1.00000000e+000 1.00000000e+000
  0.00000000e+000]]
