[[ 1.81320003 -0.91577847 -0.5793548   1.52467202 -0.4182809  -1.0243715 ]
 [ 0.75016242 -1.8559351   0.88561824  0.08283585 -0.08213889  1.82485419]
 [-0.10168537  1.47145395 -1.99997713  1.32342898 -0.60222778  0.22749494]
 [ 1.02294919 -0.37399429 -1.72064651  0.31731101  1.26532898  1.0474054 ]
 [ 0.42785527  0.30297782 -1.59452248 -1.4659065  -1.16603392 -1.26153548]
 [-0.98033063 -1.42437651 -1.18299116  0.72473444 -1.97064882 -0.06004833]
 [ 0.33275893 -0.44214413  1.08998243  1.62742715  1.78651909 -0.34689067]
 [-1.55910955  1.3147359   0.77666122 -0.89336694 -1.7161611   0.46955317]
 [-1.9165956  -0.18932749 -0.39612661  0.99296801  0.75018849  1.58588745]
 [ 1.57718842 -1.02107867  0.47953537 -1.69223665  1.08162736 -0.65036687]
 [-0.5439112  -0.63307487 -1.23985109 -0.17065429  1.94230495 -1.6629561 ]
 [ 1.73817938  1.95109261  0.38891895  0.43307084  0.38068038 -0.93689687]
 [-0.66269981  1.79946457 -0.79634234 -1.19218904  1.40316425  0.10717928]
 [-1.76274796  0.7451996   0.13888003  1.11567792 -0.35767438 -1.98153228]
 [-0.34244493  1.18989785  1.95077524 -0.26423289  0.9326883   1.30541162]
 [ 0.02046689  0.56147826  1.20057407  1.98460491 -1.33731516  0.66977967]
 [ 0.85398558  0.0828112   1.58170703 -0.64997114 -1.51653904 -1.48826203]
 [ 1.3806759   0.97917724 -0.08517648 -1.20634768 -0.86162458  1.73936363]
 [-1.37192261 -1.73088785  1.6344681  -0.51042129  0.00999069 -0.54127717]
 [-1.02472217 -1.3603797  -0.80842209 -1.93953349  0.58550172  0.92433914]],[[2000.32244578 2051.98762693 2444.8354401  2071.41304873 2425.19783778
  2014.31528002]
 [1276.00328797 1327.66846913 1720.5162823  1347.09389093 1700.87867997
  1289.99612221]
 [1977.77079911 2029.43598027 2422.28379344 2048.86140207 2402.64619111
  1991.76363335]
 [ 577.79903637  629.46421752 1022.31203069  648.88963932 1002.67442837
   591.79187061]
 [ 314.61679919  366.28198034  759.12979351  385.70740214  739.49219119
   328.60963343]
 [1638.4144903  1690.07967145 2082.92748462 1709.50509325 2063.2898823
  1652.40732454]
 [ 141.10194966  192.76713082  585.61494398  212.19255262  565.97734166
   155.0947839 ]
 [ 249.81729028  301.48247144  694.33028461  320.90789324  674.69268228
   263.81012452]
 [1548.59870137 1600.26388252 1993.11169569 1619.68930432 1973.47409337
  1562.59153561]
 [1295.14978393 1346.81496509 1739.66277825 1366.24038688 1720.02517593
  1309.14261817]
 [ 388.50577442  440.17095557  833.01876874  459.59637737  813.38116642
   402.49860866]
 [1312.14102749 1363.80620865 1756.65402181 1383.23163045 1737.01641949
  1326.13386173]
 [1844.09279905 1895.75798021 2288.60579338 1915.18340201 2268.96819105
  1858.08563329]
 [ 610.98141212  662.64659328 1055.49440645  682.07201508 1035.85680412
   624.97424636]
 [ 173.50407895  225.1692601   618.01707327  244.5946819   598.37947095
   187.49691319]
 [ 139.00776091  190.67294207  583.52075523  210.09836386  563.88315291
   153.00059515]
 [ 318.66999008  370.33517124  763.18298441  389.76059304  743.54538208
   332.66282432]
 [ 223.07962442  274.74480557  667.59261874  294.17022737  647.95501642
   237.07245866]
 [1531.87189202 1583.53707317 1976.38488634 1602.96249497 1956.74728402
  1545.86472626]
 [1325.74678523 1377.41196638 1770.25977955 1396.83738818 1750.62217723
  1339.73961947]],[[1055.98556811]
 [ 331.64260867]
 [1033.42337977]
 [-366.63592788]
 [-629.74569237]
 [ 694.04929268]
 [-803.2651218 ]
 [-694.5146062 ]
 [ 604.24258608]
 [ 350.79669961]
 [-555.86046751]
 [ 367.77737373]
 [ 899.76446758]
 [-333.37565113]
 [-770.84592425]
 [-805.344993  ]
 [-625.69339224]
 [-721.26927134]
 [ 587.50779012]
 [ 381.36128139]
 [ 944.35955432]],[[1.00000000e+00 5.19676425e-07 2.20377808e-06 2.02958199e-05
  8.36487992e-07 4.09179058e-06 2.66318144e-05 7.27136548e-13
  1.09602525e-10 8.95267142e-07 3.29253719e-07 1.67064438e-05
  8.18177414e-12 3.56605944e-08 5.44989933e-12 3.76171053e-06
  2.93765128e-06 4.08722063e-09 1.57529558e-09 1.24448152e-11
  1.00000000e+00]
 [5.19676425e-07 1.00000000e+00 2.32447106e-11 9.74991477e-06
  3.71849359e-11 3.08558335e-07 2.73626701e-06 8.74293862e-10
  2.02434650e-06 5.14330768e-06 3.71861659e-11 5.19633280e-11
  1.43203593e-11 1.94275573e-13 2.20319898e-06 2.25597060e-06
  1.81371219e-08 8.67771417e-06 1.60680561e-05 9.05483048e-06
  1.00000000e+00]
 [2.20377808e-06 2.32447106e-11 1.00000000e+00 4.91417054e-05
  5.41886277e-06 5.34681191e-06 3.30808998e-09 1.04718496e-07
  4.08620028e-06 7.79934088e-13 2.55370982e-08 3.97043700e-06
  4.85514317e-06 2.64179383e-06 3.46123587e-10 4.73926877e-06
  7.27354558e-11 3.52224726e-07 1.69399482e-13 1.21112718e-10
  1.00000000e+00]
 [2.02958199e-05 9.74991477e-06 4.91417054e-05 1.00000000e+00
  2.38014689e-07 3.16190482e-08 4.49409183e-06 3.27625461e-12
  1.07433521e-05 3.64863169e-06 2.04852690e-05 2.76429868e-07
  9.15428691e-06 1.50968411e-11 1.12285331e-08 1.84675469e-09
  3.99174526e-12 6.40727021e-06 5.52975543e-11 9.45728644e-06
  1.00000000e+00]
 [8.36487992e-07 3.71849359e-11 5.41886277e-06 2.38014689e-07
  1.00000000e+00 5.98662462e-06 2.09038240e-12 6.66447080e-07
  1.38774415e-11 2.61946133e-06 1.44571892e-06 5.19135022e-07
  3.32196178e-06 1.32669398e-07 3.46954641e-12 5.04167886e-11
  1.42535640e-05 2.73694161e-06 1.11217522e-09 1.28475728e-06
  1.00000000e+00]
 [4.09179058e-06 3.08558335e-07 5.34681191e-06 3.16190482e-08
  5.98662462e-06 1.00000000e+00 1.17001197e-10 4.37822130e-07
  1.84118076e-06 1.42514501e-11 3.39115658e-09 9.93373208e-13
  6.70134192e-12 1.35297491e-06 4.95244833e-13 1.95009585e-06
  2.73182095e-08 9.70202838e-10 9.51245238e-07 3.93723859e-07
  1.00000000e+00]
 [2.66318144e-05 2.73626701e-06 3.30808998e-09 4.49409183e-06
  2.09038240e-12 1.17001197e-10 1.00000000e+00 4.84189045e-12
  3.56558337e-06 9.51188589e-07 1.33696471e-05 6.48995109e-06
  1.72174098e-08 6.56045216e-07 1.84964237e-05 5.92369751e-06
  1.26133131e-08 4.19440463e-11 3.28055013e-06 2.59691335e-10
  1.00000000e+00]
 [7.27136548e-13 8.74293862e-10 1.04718496e-07 3.27625461e-12
  6.66447080e-07 4.37822130e-07 4.84189045e-12 1.00000000e+00
  4.32892558e-07 1.25573825e-11 1.33085498e-12 3.19495971e-09
  1.42170656e-06 3.16875313e-06 1.69494837e-05 8.22363896e-06
  6.64998346e-06 6.53518072e-06 6.84401580e-07 6.47165501e-08
  1.00000000e+00]
 [1.09602525e-10 2.02434650e-06 4.08620028e-06 1.07433521e-05
  1.38774415e-11 1.84118076e-06 3.56558337e-06 4.32892558e-07
  1.00000000e+00 5.18044654e-12 9.94920513e-08 9.59732480e-12
  2.09577391e-06 2.62728819e-07 9.34482238e-06 2.15948222e-06
  2.67487602e-13 2.53625189e-09 7.30677700e-07 1.11829309e-05
  1.00000000e+00]
 [8.95267142e-07 5.14330768e-06 7.79934088e-13 3.64863169e-06
  2.61946133e-06 1.42514501e-11 9.51188589e-07 1.25573825e-11
  5.18044654e-12 1.00000000e+00 8.40052713e-06 8.66945626e-07
  1.80463527e-07 4.53618356e-12 6.02716970e-08 2.91544445e-12
  1.01785101e-05 7.66318161e-07 2.06176564e-06 1.19965226e-05
  1.00000000e+00]
 [3.29253719e-07 3.71861659e-11 2.55370982e-08 2.04852690e-05
  1.44571892e-06 3.39115658e-09 1.33696471e-05 1.33085498e-12
  9.94920513e-08 8.40052713e-06 1.00000000e+00 1.73605033e-08
  2.50247788e-05 4.40773647e-06 6.99525341e-11 4.01382657e-13
  1.45381051e-10 5.96840180e-13 2.35878100e-07 3.33770266e-06
  1.00000000e+00]
 [1.67064438e-05 5.19633280e-11 3.97043700e-06 2.76429868e-07
  5.19135022e-07 9.93373208e-13 6.48995109e-06 3.19495971e-09
  9.59732480e-12 8.66945626e-07 1.73605033e-08 1.00000000e+00
  6.33706846e-06 1.27446013e-07 1.91325863e-06 1.39792093e-06
  2.09904597e-05 3.08000387e-06 5.28995985e-12 2.14921828e-13
  1.00000000e+00]
 [8.18177414e-12 1.43203593e-11 4.85514317e-06 9.15428691e-06
  3.32196178e-06 6.70134192e-12 1.72174098e-08 1.42170656e-06
  2.09577391e-06 1.80463527e-07 2.50247788e-05 6.33706846e-06
  1.00000000e+00 1.14151419e-07 2.64831796e-05 4.14817141e-11
  2.13698975e-10 1.95033937e-06 3.75989373e-10 6.07901486e-06
  1.00000000e+00]
 [3.56605944e-08 1.94275573e-13 2.64179383e-06 1.50968411e-11
  1.32669398e-07 1.35297491e-06 6.56045216e-07 3.16875313e-06
  2.62728819e-07 4.53618356e-12 4.40773647e-06 1.27446013e-07
  1.14151419e-07 1.00000000e+00 2.34455230e-09 2.07616491e-06
  7.74071195e-07 1.57887197e-13 1.55466846e-06 2.19223556e-11
  1.00000000e+00]
 [5.44989933e-12 2.20319898e-06 3.46123587e-10 1.12285331e-08
  3.46954641e-12 4.95244833e-13 1.84964237e-05 1.69494837e-05
  9.34482238e-06 6.02716970e-08 6.99525341e-11 1.91325863e-06
  2.64831796e-05 2.34455230e-09 1.00000000e+00 8.26374130e-06
  5.34019161e-08 1.06058872e-05 8.20704487e-07 2.15051246e-08
  1.00000000e+00]
 [3.76171053e-06 2.25597060e-06 4.73926877e-06 1.84675469e-09
  5.04167886e-11 1.95009585e-06 5.92369751e-06 8.22363896e-06
  2.15948222e-06 2.91544445e-12 4.01382657e-13 1.39792093e-06
  4.14817141e-11 2.07616491e-06 8.26374130e-06 1.00000000e+00
  3.05297503e-06 2.42985197e-07 4.62593410e-08 7.03357460e-13
  1.00000000e+00]
 [2.93765128e-06 1.81371219e-08 7.27354558e-11 3.99174526e-12
  1.42535640e-05 2.73182095e-08 1.26133131e-08 6.64998346e-06
  2.67487602e-13 1.01785101e-05 1.45381051e-10 2.09904597e-05
  2.13698975e-10 7.74071195e-07 5.34019161e-08 3.05297503e-06
  1.00000000e+00 3.01224296e-07 1.01961255e-05 8.17585406e-11
  1.00000000e+00]
 [4.08722063e-09 8.67771417e-06 3.52224726e-07 6.40727021e-06
  2.73694161e-06 9.70202838e-10 4.19440463e-11 6.53518072e-06
  2.53625189e-09 7.66318161e-07 5.96840180e-13 3.08000387e-06
  1.95033937e-06 1.57887197e-13 1.06058872e-05 2.42985197e-07
  3.01224296e-07 1.00000000e+00 2.73097291e-11 2.82792716e-07
  1.00000000e+00]
 [1.57529558e-09 1.60680561e-05 1.69399482e-13 5.52975543e-11
  1.11217522e-09 9.51245238e-07 3.28055013e-06 6.84401580e-07
  7.30677700e-07 2.06176564e-06 2.35878100e-07 5.28995985e-12
  3.75989373e-10 1.55466846e-06 8.20704487e-07 4.62593410e-08
  1.01961255e-05 2.73097291e-11 1.00000000e+00 2.15067715e-05
  1.00000000e+00]
 [1.24448152e-11 9.05483048e-06 1.21112718e-10 9.45728644e-06
  1.28475728e-06 3.93723859e-07 2.59691335e-10 6.47165501e-08
  1.11829309e-05 1.19965226e-05 3.33770266e-06 2.14921828e-13
  6.07901486e-06 2.19223556e-11 2.15051246e-08 7.03357460e-13
  8.17585406e-11 2.82792716e-07 2.15067715e-05 1.00000000e+00
  1.00000000e+00]
 [1.00000000e+00 1.00000000e+00 1.00000000e+00 1.00000000e+00
  1.00000000e+00 1.00000000e+00 1.00000000e+00 1.00000000e+00
  1.00000000e+00 1.00000000e+00 1.00000000e+00 1.00000000e+00
  1.00000000e+00 1.00000000e+00 1.00000000e+00 1.00000000e+00
  1.00000000e+00 1.00000000e+00 1.00000000e+00 1.00000000e+00
  0.00000000e+00]]
