[[1.00000000e+00 7.40762724e-23 2.57302716e-26 ... 3.85914606e-33
  1.74786708e-22 1.00000000e+00]
 [7.40762724e-23 1.00000000e+00 3.85311465e-45 ... 1.27535581e-16
  5.05904353e-39 1.00000000e+00]
 [2.57302716e-26 3.85311465e-45 1.00000000e+00 ... 2.25211865e-30
  9.79778043e-42 1.00000000e+00]
 ...
 [3.85914606e-33 1.27535581e-16 2.25211865e-30 ... 1.00000000e+00
  3.35253696e-53 1.00000000e+00]
 [1.74786708e-22 5.05904353e-39 9.79778043e-42 ... 3.35253696e-53
  1.00000000e+00 1.00000000e+00]
 [1.00000000e+00 1.00000000e+00 1.00000000e+00 ... 1.00000000e+00
  1.00000000e+00 0.00000000e+00]]
