[[1.00000000e+000 1.89373394e-069 7.00415852e-025 4.46209574e-064
  1.02008352e-037 1.39401222e-095 1.33853314e-046 2.87707472e-060
  5.78167323e-039 4.00793814e-054 1.83900494e-085 1.24956746e-042
  1.72955736e-088 8.05172377e-053 9.89522833e-052 1.28174894e-094
  5.25493269e-023 9.38653789e-072 1.96003407e-034 1.54294592e-031
  1.00000000e+000]
 [1.89373394e-069 1.00000000e+000 1.15158683e-035 9.03060550e-048
  2.78361450e-066 2.07175066e-062 1.89192976e-032 1.84526368e-064
  4.63575241e-052 5.85015354e-042 1.60951798e-069 4.16736556e-069
  2.11478515e-007 3.31771110e-035 2.88756182e-004 5.95828442e-042
  1.10939924e-023 3.51228215e-026 3.69339280e-016 1.19248548e-053
  1.00000000e+000]
 [7.00415852e-025 1.15158683e-035 1.00000000e+000 7.67027938e-067
  1.44901643e-038 7.83192832e-072 3.78882947e-037 3.66295099e-038
  4.89347353e-010 2.91088390e-062 1.32499194e-070 3.34819599e-041
  2.15335145e-052 3.25613925e-033 2.75158786e-025 9.32356040e-078
  4.19014581e-007 7.42848708e-062 1.58548557e-021 1.26438448e-018
  1.00000000e+000]
 [4.46209574e-064 9.03060550e-048 7.67027938e-067 1.00000000e+000
  9.50171257e-042 1.96071387e-069 7.08455607e-057 1.78375289e-074
  6.06077761e-074 7.54369334e-068 1.15144402e-072 3.57186802e-057
  3.41838109e-075 4.35386753e-068 4.22091137e-040 1.07971764e-056
  1.11281274e-053 4.51667489e-083 8.86842208e-023 9.43650600e-054
  1.00000000e+000]
 [1.02008352e-037 2.78361450e-066 1.44901643e-038 9.50171257e-042
  1.00000000e+000 2.66448919e-029 2.27605630e-039 7.63736475e-031
  1.96377092e-053 1.26890435e-046 6.73225039e-029 1.11362812e-004
  1.30539730e-093 1.13958727e-026 8.77794903e-041 2.54833082e-043
  4.95015447e-038 1.05111552e-072 5.07509101e-044 3.02939712e-018
  1.00000000e+000]
 [1.39401222e-095 2.07175066e-062 7.83192832e-072 1.96071387e-069
  2.66448919e-029 1.00000000e+000 7.55100213e-050 4.15644858e-053
  3.05490967e-104 1.10769753e-046 1.22892687e-048 1.23551087e-037
  1.81344631e-070 1.10679052e-027 2.11242131e-040 9.30971690e-036
  1.56788537e-055 5.04179983e-059 8.70143728e-066 8.14515397e-051
  1.00000000e+000]
 [1.33853314e-046 1.89192976e-032 3.78882947e-037 7.08455607e-057
  2.27605630e-039 7.55100213e-050 1.00000000e+000 5.81900667e-016
  2.42458636e-073 5.74617551e-055 1.96454478e-032 7.98024354e-037
  5.47228158e-039 9.81195652e-048 1.20931735e-021 1.59000261e-020
  3.65562638e-023 1.73280082e-016 1.76684986e-026 7.73384542e-018
  1.00000000e+000]
 [2.87707472e-060 1.84526368e-064 3.66295099e-038 1.78375289e-074
  7.63736475e-031 4.15644858e-053 5.81900667e-016 1.00000000e+000
  3.14853273e-068 7.18912362e-094 1.53147746e-024 2.58715539e-026
  2.69443692e-082 1.50052451e-060 1.76126236e-045 1.09791270e-035
  3.64813384e-038 1.95395530e-057 7.64171376e-048 3.58012221e-007
  1.00000000e+000]
 [5.78167323e-039 4.63575241e-052 4.89347353e-010 6.06077761e-074
  1.96377092e-053 3.05490967e-104 2.42458636e-073 3.14853273e-068
  1.00000000e+000 3.59793206e-083 5.28791246e-093 4.11616933e-056
  5.16743309e-081 7.12517957e-047 1.21751883e-043 7.33035774e-111
  1.84698639e-027 5.57672497e-104 3.58477277e-036 1.80524357e-040
  1.00000000e+000]
 [4.00793814e-054 5.85015354e-042 2.91088390e-062 7.54369334e-068
  1.26890435e-046 1.10769753e-046 5.74617551e-055 7.18912362e-094
  3.59793206e-083 1.00000000e+000 2.08983888e-070 9.63011571e-049
  8.90075403e-050 1.22536876e-015 8.14975490e-029 6.45550838e-053
  6.26761694e-045 6.60491061e-036 4.64825424e-053 2.64531179e-074
  1.00000000e+000]
 [1.83900494e-085 1.60951798e-069 1.32499194e-070 1.15144402e-072
  6.73225039e-029 1.22892687e-048 1.96454478e-032 1.53147746e-024
  5.28791246e-093 2.08983888e-070 1.00000000e+000 4.18859141e-016
  6.66445894e-097 6.95588059e-049 3.06136989e-049 4.80438534e-015
  7.52261641e-071 1.64393795e-059 5.36571002e-072 4.20142260e-035
  1.00000000e+000]
 [1.24956746e-042 4.16736556e-069 3.34819599e-041 3.57186802e-057
  1.11362812e-004 1.23551087e-037 7.98024354e-037 2.58715539e-026
  4.11616933e-056 9.63011571e-049 4.18859141e-016 1.00000000e+000
  2.88487030e-098 5.31978602e-027 1.85055260e-043 3.55518413e-037
  8.95586749e-045 1.23562673e-068 2.21048306e-054 1.54675945e-019
  1.00000000e+000]
 [1.72955736e-088 2.11478515e-007 2.15335145e-052 3.41838109e-075
  1.30539730e-093 1.81344631e-070 5.47228158e-039 2.69443692e-082
  5.16743309e-081 8.90075403e-050 6.66445894e-097 2.88487030e-098
  1.00000000e+000 1.59889332e-049 2.19476301e-013 4.69058778e-055
  3.62181033e-031 4.66317538e-020 1.60516444e-029 1.17595533e-073
  1.00000000e+000]
 [8.05172377e-053 3.31771110e-035 3.25613925e-033 4.35386753e-068
  1.13958727e-026 1.10679052e-027 9.81195652e-048 1.50052451e-060
  7.12517957e-047 1.22536876e-015 6.95588059e-049 5.31978602e-027
  1.59889332e-049 1.00000000e+000 1.64277058e-019 1.59104740e-047
  5.53763187e-030 1.72895211e-046 9.72475753e-046 1.42671919e-045
  1.00000000e+000]
 [9.89522833e-052 2.88756182e-004 2.75158786e-025 4.22091137e-040
  8.77794903e-041 2.11242131e-040 1.20931735e-021 1.76126236e-045
  1.21751883e-043 8.14975490e-029 3.06136989e-049 1.85055260e-043
  2.19476301e-013 1.64277058e-019 1.00000000e+000 3.84097554e-030
  7.19910865e-015 9.78255795e-022 2.90506340e-013 4.81193353e-035
  1.00000000e+000]
 [1.28174894e-094 5.95828442e-042 9.32356040e-078 1.07971764e-056
  2.54833082e-043 9.30971690e-036 1.59000261e-020 1.09791270e-035
  7.33035774e-111 6.45550838e-053 4.80438534e-015 3.55518413e-037
  4.69058778e-055 1.59104740e-047 3.84097554e-030 1.00000000e+000
  1.54213914e-061 4.05350438e-028 4.42138822e-054 1.89470646e-046
  1.00000000e+000]
 [5.25493269e-023 1.10939924e-023 4.19014581e-007 1.11281274e-053
  4.95015447e-038 1.56788537e-055 3.65562638e-023 3.64813384e-038
  1.84698639e-027 6.26761694e-045 7.52261641e-071 8.95586749e-045
  3.62181033e-031 5.53763187e-030 7.19910865e-015 1.54213914e-061
  1.00000000e+000 2.84144573e-037 2.54981357e-011 8.13373373e-020
  1.00000000e+000]
 [9.38653789e-072 3.51228215e-026 7.42848708e-062 4.51667489e-083
  1.05111552e-072 5.04179983e-059 1.73280082e-016 1.95395530e-057
  5.57672497e-104 6.60491061e-036 1.64393795e-059 1.23562673e-068
  4.66317538e-020 1.72895211e-046 9.78255795e-022 4.05350438e-028
  2.84144573e-037 1.00000000e+000 2.84058303e-043 2.00089443e-058
  1.00000000e+000]
 [1.96003407e-034 3.69339280e-016 1.58548557e-021 8.86842208e-023
  5.07509101e-044 8.70143728e-066 1.76684986e-026 7.64171376e-048
  3.58477277e-036 4.64825424e-053 5.36571002e-072 2.21048306e-054
  1.60516444e-029 9.72475753e-046 2.90506340e-013 4.42138822e-054
  2.54981357e-011 2.84058303e-043 1.00000000e+000 1.21511587e-028
  1.00000000e+000]
 [1.54294592e-031 1.19248548e-053 1.26438448e-018 9.43650600e-054
  3.02939712e-018 8.14515397e-051 7.73384542e-018 3.58012221e-007
  1.80524357e-040 2.64531179e-074 4.20142260e-035 1.54675945e-019
  1.17595533e-073 1.42671919e-045 4.81193353e-035 1.89470646e-046
  8.13373373e-020 2.00089443e-058 1.21511587e-028 1.00000000e+000
  1.00000000e+000]
 [1.00000000e+000 1.00000000e+000 1.00000000e+000 1.00000000e+000
  1.00000000e+000 1.00000000e+000 1.00000000e+000 1.00000000e+000
  1.00000000e+000 1.00000000e+000 1.00000000e+000 1.00000000e+000
  1.00000000e+000 1.00000000e+000 1.00000000e+000 1.00000000e+000
  1.00000000e+000 1.00000000e+000 1.00000000e+000 1.00000000e+000
  0.00000000e+000]]
