[[1.00000000e+000 1.34105877e-088 1.04329143e-065 9.41043297e-060
  4.41133065e-060 3.22402774e-037 3.92930653e-065 3.91115704e-032
  1.91281577e-073 2.60482919e-029 1.22780830e-040 8.13280790e-031
  5.00025060e-015 3.14791024e-061 2.97721295e-011 2.83636721e-058
  8.48934019e-019 8.00979257e-033 3.06680242e-025 9.40021490e-034
  1.00000000e+000]
 [1.34105877e-088 1.00000000e+000 2.06404017e-079 1.87608057e-070
  4.13798885e-026 4.30331787e-047 9.08244744e-086 3.95925862e-067
  1.93467280e-114 2.58283539e-030 3.03465837e-105 5.57543063e-041
  4.56965329e-068 2.48129252e-102 1.48147899e-057 5.64445699e-033
  1.12761716e-049 6.73677839e-063 2.91354145e-087 4.44160692e-073
  1.00000000e+000]
 [1.04329143e-065 2.06404017e-079 1.00000000e+000 3.84835335e-053
  6.70418014e-078 1.12270561e-082 9.10818470e-127 2.20784926e-045
  6.02499947e-081 3.63094534e-056 4.38015822e-029 3.81643734e-034
  6.09856751e-035 5.14238876e-073 3.99972822e-053 1.36283044e-018
  2.88583402e-041 5.70372263e-045 1.61981057e-040 1.32673945e-028
  1.00000000e+000]
 [9.41043297e-060 1.87608057e-070 3.84835335e-053 1.00000000e+000
  5.13046811e-042 2.45497919e-019 1.07955738e-039 4.57433374e-058
  7.34138147e-033 2.98403653e-064 3.67071502e-018 8.99061318e-027
  1.54348692e-048 1.74117680e-052 1.13598941e-043 4.96713891e-040
  9.11796280e-018 3.53919232e-054 1.10791285e-022 2.60426199e-060
  1.00000000e+000]
 [4.41133065e-060 4.13798885e-026 6.70418014e-078 5.13046811e-042
  1.00000000e+000 6.07111397e-020 4.25786263e-041 4.56295647e-086
  5.81504335e-092 1.56806110e-027 1.21396232e-068 7.44687447e-048
  2.66588054e-035 1.20933188e-057 2.27500361e-025 1.19544928e-031
  1.53831582e-037 3.47806697e-030 9.46080466e-066 7.14476091e-068
  1.00000000e+000]
 [3.22402774e-037 4.30331787e-047 1.12270561e-082 2.45497919e-019
  6.07111397e-020 1.00000000e+000 1.24873618e-015 3.05809823e-053
  1.49612979e-055 7.32544497e-032 2.97922506e-042 1.43775791e-026
  1.68856237e-038 2.32635519e-051 1.45771375e-022 1.39115706e-050
  3.13008796e-014 1.86279214e-039 4.54521457e-034 8.85515504e-056
  1.00000000e+000]
 [3.92930653e-065 9.08244744e-086 9.10818470e-127 1.07955738e-039
  4.25786263e-041 1.24873618e-015 1.00000000e+000 9.78706993e-090
  4.56662370e-056 3.05843017e-061 3.96975719e-068 7.44186909e-067
  4.11327987e-071 2.30606388e-035 2.35143226e-041 2.68523121e-098
  2.74321815e-041 1.62742019e-076 9.20022731e-053 3.16996158e-074
  1.00000000e+000]
 [3.91115704e-032 3.95925862e-067 2.20784926e-045 4.57433374e-058
  4.56295647e-086 3.05809823e-053 9.78706993e-090 1.00000000e+000
  1.89464213e-061 7.61648180e-037 5.90602943e-047 3.67929525e-011
  7.87026420e-048 3.06317032e-081 1.27437385e-043 5.09810203e-053
  1.27693486e-017 1.27296346e-065 3.07912842e-024 2.05773591e-022
  1.00000000e+000]
 [1.91281577e-073 1.93467280e-114 6.02499947e-081 7.34138147e-033
  5.81504335e-092 1.49612979e-055 4.56662370e-056 1.89464213e-061
  1.00000000e+000 9.98395438e-104 1.92801910e-048 4.50910354e-055
  1.13777207e-083 1.27518792e-039 5.89484225e-065 1.43568026e-082
  1.29190176e-036 1.19600433e-118 7.38712512e-018 5.51976952e-069
  1.00000000e+000]
 [2.60482919e-029 2.58283539e-030 3.63094534e-056 2.98403653e-064
  1.56806110e-027 7.32544497e-032 3.05843017e-061 7.61648180e-037
  9.98395438e-104 1.00000000e+000 9.28767215e-062 1.10331268e-026
  3.62907604e-021 1.88735050e-063 1.17956962e-015 1.70335881e-035
  2.86742598e-026 1.36358288e-019 4.20200805e-053 1.09938486e-024
  1.00000000e+000]
 [1.22780830e-040 3.03465837e-105 4.38015822e-029 3.67071502e-018
  1.21396232e-068 2.97922506e-042 3.96975719e-068 5.90602943e-047
  1.92801910e-048 9.28767215e-062 1.00000000e+000 4.94547968e-029
  2.66489479e-029 1.15510135e-051 2.68527055e-037 8.35474166e-043
  4.60804491e-021 1.61863219e-038 3.42707379e-016 2.55601341e-036
  1.00000000e+000]
 [8.13280790e-031 5.57543063e-041 3.81643734e-034 8.99061318e-027
  7.44687447e-048 1.43775791e-026 7.44186909e-067 3.67929525e-011
  4.50910354e-055 1.10331268e-026 4.94547968e-029 1.00000000e+000
  9.02605372e-032 6.66882112e-073 9.63132722e-031 1.21532282e-025
  6.49484491e-006 3.31151215e-039 3.51485311e-020 4.28910358e-029
  1.00000000e+000]
 [5.00025060e-015 4.56965329e-068 6.09856751e-035 1.54348692e-048
  2.66588054e-035 1.68856237e-038 4.11327987e-071 7.87026420e-048
  1.13777207e-083 3.62907604e-021 2.66489479e-029 9.02605372e-032
  1.00000000e+000 1.86956175e-050 4.09319319e-007 5.04581743e-026
  7.03932117e-023 1.63494854e-008 9.34006387e-033 6.05491623e-028
  1.00000000e+000]
 [3.14791024e-061 2.48129252e-102 5.14238876e-073 1.74117680e-052
  1.20933188e-057 2.32635519e-051 2.30606388e-035 3.06317032e-081
  1.27518792e-039 1.88735050e-063 1.15510135e-051 6.66882112e-073
  1.86956175e-050 1.00000000e+000 4.13447083e-033 4.52013136e-075
  6.17797884e-047 9.25737851e-072 1.88717675e-036 1.88806717e-038
  1.00000000e+000]
 [2.97721295e-011 1.48147899e-057 3.99972822e-053 1.13598941e-043
  2.27500361e-025 1.45771375e-022 2.35143226e-041 1.27437385e-043
  5.89484225e-065 1.17956962e-015 2.68527055e-037 9.63132722e-031
  4.09319319e-007 4.13447083e-033 1.00000000e+000 2.29432215e-036
  1.76391650e-016 2.93233824e-018 6.19762471e-027 1.38967933e-026
  1.00000000e+000]
 [2.83636721e-058 5.64445699e-033 1.36283044e-018 4.96713891e-040
  1.19544928e-031 1.39115706e-050 2.68523121e-098 5.09810203e-053
  1.43568026e-082 1.70335881e-035 8.35474166e-043 1.21532282e-025
  5.04581743e-026 4.52013136e-075 2.29432215e-036 1.00000000e+000
  9.41061561e-031 1.67274284e-029 1.24204736e-046 6.65882368e-046
  1.00000000e+000]
 [8.48934019e-019 1.12761716e-049 2.88583402e-041 9.11796280e-018
  1.53831582e-037 3.13008796e-014 2.74321815e-041 1.27693486e-017
  1.29190176e-036 2.86742598e-026 4.60804491e-021 6.49484491e-006
  7.03932117e-023 6.17797884e-047 1.76391650e-016 9.41061561e-031
  1.00000000e+000 6.83732058e-035 3.36580793e-009 7.65300191e-027
  1.00000000e+000]
 [8.00979257e-033 6.73677839e-063 5.70372263e-045 3.53919232e-054
  3.47806697e-030 1.86279214e-039 1.62742019e-076 1.27296346e-065
  1.19600433e-118 1.36358288e-019 1.61863219e-038 3.31151215e-039
  1.63494854e-008 9.25737851e-072 2.93233824e-018 1.67274284e-029
  6.83732058e-035 1.00000000e+000 2.75777336e-057 2.16129233e-040
  1.00000000e+000]
 [3.06680242e-025 2.91354145e-087 1.61981057e-040 1.10791285e-022
  9.46080466e-066 4.54521457e-034 9.20022731e-053 3.07912842e-024
  7.38712512e-018 4.20200805e-053 3.42707379e-016 3.51485311e-020
  9.34006387e-033 1.88717675e-036 6.19762471e-027 1.24204736e-046
  3.36580793e-009 2.75777336e-057 1.00000000e+000 8.49651434e-029
  1.00000000e+000]
 [9.40021490e-034 4.44160692e-073 1.32673945e-028 2.60426199e-060
  7.14476091e-068 8.85515504e-056 3.16996158e-074 2.05773591e-022
  5.51976952e-069 1.09938486e-024 2.55601341e-036 4.28910358e-029
  6.05491623e-028 1.88806717e-038 1.38967933e-026 6.65882368e-046
  7.65300191e-027 2.16129233e-040 8.49651434e-029 1.00000000e+000
  1.00000000e+000]
 [1.00000000e+000 1.00000000e+000 1.00000000e+000 1.00000000e+000
  1.00000000e+000 1.00000000e+000 1.00000000e+000 1.00000000e+000
  1.00000000e+000 1.00000000e+000 1.00000000e+000 1.00000000e+000
  1.00000000e+000 1.00000000e+000 1.00000000e+000 1.00000000e+000
  1.00000000e+000 1.00000000e+000 1.00000000e+000 1.00000000e+000
  0.00000000e+000]]
