[[1.00000000e+000 7.39034521e-044 2.85603603e-025 7.46205675e-030
  4.89916538e-051 2.69439831e-014 5.99604830e-020 6.49412265e-046
  4.14243466e-023 1.22193631e-059 6.25334529e-050 1.04047625e-013
  3.73102650e-023 3.76125448e-021 1.04042083e-038 6.58608507e-007
  7.97385052e-046 1.45556461e-015 5.25287795e-051 1.80291332e-059
  1.00000000e+000]
 [7.39034521e-044 1.00000000e+000 3.51272249e-097 1.34750771e-033
  8.96283017e-048 4.94575678e-051 2.64574560e-030 5.05832482e-047
  3.99567267e-086 3.69487705e-089 3.76171596e-042 5.91412097e-031
  6.26382217e-099 4.75381190e-091 5.78392899e-018 9.05875574e-050
  7.12475469e-035 2.46762459e-073 3.98958217e-066 1.19240104e-033
  1.00000000e+000]
 [2.85603603e-025 3.51272249e-097 1.00000000e+000 4.57593991e-048
  1.23406024e-066 2.28190951e-058 1.54664700e-048 8.76298487e-060
  1.16008735e-021 4.66519353e-035 3.50965480e-070 9.76944293e-055
  5.99469903e-018 7.68432519e-043 5.68996415e-052 4.72712479e-030
  1.73031750e-061 1.71600423e-025 6.28658568e-044 4.01489891e-079
  1.00000000e+000]
 [7.46205675e-030 1.34750771e-033 4.57593991e-048 1.00000000e+000
  5.33797634e-077 2.39172831e-053 2.00290964e-016 1.57903353e-022
  1.08039816e-039 1.54685520e-038 4.00426172e-065 1.05470316e-036
  1.35417829e-047 8.61366763e-083 1.66299279e-024 4.59319632e-044
  5.63941110e-038 4.25198643e-068 6.13893445e-042 3.32603763e-063
  1.00000000e+000]
 [4.89916538e-051 8.96283017e-048 1.23406024e-066 5.33797634e-077
  1.00000000e+000 5.97187400e-077 1.21891459e-073 2.69861859e-044
  9.27770106e-093 5.53942471e-064 5.82331528e-010 8.03222001e-070
  5.64200799e-069 1.30959319e-053 3.91994492e-039 9.70530036e-060
  2.37343077e-028 2.88643276e-055 4.14142856e-030 1.17300052e-025
  1.00000000e+000]
 [2.69439831e-014 4.94575678e-051 2.28190951e-058 2.39172831e-053
  5.97187400e-077 1.00000000e+000 9.76190751e-044 8.00845370e-084
  1.90106930e-038 3.62281140e-091 1.84274836e-060 8.38831539e-009
  1.17833691e-057 8.30064564e-042 8.39046957e-058 6.47202348e-021
  6.64412759e-077 1.07516102e-030 2.31806126e-097 1.96206874e-063
  1.00000000e+000]
 [5.99604830e-020 2.64574560e-030 1.54664700e-048 2.00290964e-016
  1.21891459e-073 9.76190751e-044 1.00000000e+000 1.51032277e-046
  1.69790188e-031 4.46858505e-079 5.21176166e-075 1.28523593e-029
  5.61306123e-046 6.49318566e-071 3.03786597e-027 1.79105539e-017
  2.44294356e-033 4.62522611e-051 1.02828260e-053 1.67312303e-065
  1.00000000e+000]
 [6.49412265e-046 5.05832482e-047 8.76298487e-060 1.57903353e-022
  2.69861859e-044 8.00845370e-084 1.51032277e-046 1.00000000e+000
  3.62427727e-071 4.02710558e-029 3.09795324e-040 8.29561015e-072
  4.12737400e-043 2.46764741e-071 1.66268625e-041 7.34927191e-071
  1.41279960e-026 1.34612334e-084 4.23266749e-013 8.88142423e-061
  1.00000000e+000]
 [4.14243466e-023 3.99567267e-086 1.16008735e-021 1.08039816e-039
  9.27770106e-093 1.90106930e-038 1.69790188e-031 3.62427727e-071
  1.00000000e+000 7.60492049e-061 4.67907438e-080 9.64113897e-047
  1.05666385e-020 5.53916993e-068 8.35130525e-057 1.70018326e-022
  4.33654529e-054 1.41443551e-048 1.13684597e-060 2.39857116e-074
  1.00000000e+000]
 [1.22193631e-059 3.69487705e-089 4.66519353e-035 1.54685520e-038
  5.53942471e-064 3.62281140e-091 4.46858505e-079 4.02710558e-029
  7.60492049e-061 1.00000000e+000 2.30607323e-049 1.35423978e-081
  4.16635630e-048 1.30794078e-086 7.28957569e-048 1.18582728e-085
  1.61924205e-057 2.23116763e-078 7.70938547e-030 6.07106567e-064
  1.00000000e+000]
 [6.25334529e-050 3.76171596e-042 3.50965480e-070 4.00426172e-065
  5.82331528e-010 1.84274836e-060 5.21176166e-075 3.09795324e-040
  4.67907438e-080 2.30607323e-049 1.00000000e+000 1.06329096e-060
  4.62459769e-069 5.67143212e-066 8.65963151e-036 1.34156661e-064
  1.36664934e-027 4.05818889e-066 1.13926816e-033 5.28454966e-012
  1.00000000e+000]
 [1.04047625e-013 5.91412097e-031 9.76944293e-055 1.05470316e-036
  8.03222001e-070 8.38831539e-009 1.28523593e-029 8.29561015e-072
  9.64113897e-047 1.35423978e-081 1.06329096e-060 1.00000000e+000
  2.56681896e-067 9.08531728e-047 6.77843491e-035 6.79485906e-019
  4.93341902e-070 8.70732767e-025 3.78829455e-090 2.39672145e-058
  1.00000000e+000]
 [3.73102650e-023 6.26382217e-099 5.99469903e-018 1.35417829e-047
  5.64200799e-069 1.17833691e-057 5.61306123e-046 4.12737400e-043
  1.05666385e-020 4.16635630e-048 4.62459769e-069 2.56681896e-067
  1.00000000e+000 3.51338272e-036 2.09430874e-074 2.10867605e-034
  6.50042162e-050 5.47014117e-047 8.88992238e-033 1.37471284e-090
  1.00000000e+000]
 [3.76125448e-021 4.75381190e-091 7.68432519e-043 8.61366763e-083
  1.30959319e-053 8.30064564e-042 6.49318566e-071 2.46764741e-071
  5.53916993e-068 1.30794078e-086 5.67143212e-066 9.08531728e-047
  3.51338272e-036 1.00000000e+000 3.92987432e-088 2.33706131e-034
  6.79062887e-087 1.16161762e-017 3.00561379e-072 2.56911576e-101
  1.00000000e+000]
 [1.04042083e-038 5.78392899e-018 5.68996415e-052 1.66299279e-024
  3.91994492e-039 8.39046957e-058 3.03786597e-027 1.66268625e-041
  8.35130525e-057 7.28957569e-048 8.65963151e-036 6.77843491e-035
  2.09430874e-074 3.92987432e-088 1.00000000e+000 1.82064640e-040
  3.51897791e-025 4.70999658e-054 2.08368364e-042 1.48322407e-021
  1.00000000e+000]
 [6.58608507e-007 9.05875574e-050 4.72712479e-030 4.59319632e-044
  9.70530036e-060 6.47202348e-021 1.79105539e-017 7.34927191e-071
  1.70018326e-022 1.18582728e-085 1.34156661e-064 6.79485906e-019
  2.10867605e-034 2.33706131e-034 1.82064640e-040 1.00000000e+000
  6.48851071e-049 3.29946299e-016 1.36462168e-065 1.26943664e-062
  1.00000000e+000]
 [7.97385052e-046 7.12475469e-035 1.73031750e-061 5.63941110e-038
  2.37343077e-028 6.64412759e-077 2.44294356e-033 1.41279960e-026
  4.33654529e-054 1.61924205e-057 1.36664934e-027 4.93341902e-070
  6.50042162e-050 6.79062887e-087 3.51897791e-025 6.48851071e-049
  1.00000000e+000 1.09576808e-080 7.81830647e-015 3.19376514e-025
  1.00000000e+000]
 [1.45556461e-015 2.46762459e-073 1.71600423e-025 4.25198643e-068
  2.88643276e-055 1.07516102e-030 4.62522611e-051 1.34612334e-084
  1.41443551e-048 2.23116763e-078 4.05818889e-066 8.70732767e-025
  5.47014117e-047 1.16161762e-017 4.70999658e-054 3.29946299e-016
  1.09576808e-080 1.00000000e+000 2.64523653e-079 2.09510947e-077
  1.00000000e+000]
 [5.25287795e-051 3.98958217e-066 6.28658568e-044 6.13893445e-042
  4.14142856e-030 2.31806126e-097 1.02828260e-053 4.23266749e-013
  1.13684597e-060 7.70938547e-030 1.13926816e-033 3.78829455e-090
  8.88992238e-033 3.00561379e-072 2.08368364e-042 1.36462168e-065
  7.81830647e-015 2.64523653e-079 1.00000000e+000 9.67591038e-050
  1.00000000e+000]
 [1.80291332e-059 1.19240104e-033 4.01489891e-079 3.32603763e-063
  1.17300052e-025 1.96206874e-063 1.67312303e-065 8.88142423e-061
  2.39857116e-074 6.07106567e-064 5.28454966e-012 2.39672145e-058
  1.37471284e-090 2.56911576e-101 1.48322407e-021 1.26943664e-062
  3.19376514e-025 2.09510947e-077 9.67591038e-050 1.00000000e+000
  1.00000000e+000]
 [1.00000000e+000 1.00000000e+000 1.00000000e+000 1.00000000e+000
  1.00000000e+000 1.00000000e+000 1.00000000e+000 1.00000000e+000
  1.00000000e+000 1.00000000e+000 1.00000000e+000 1.00000000e+000
  1.00000000e+000 1.00000000e+000 1.00000000e+000 1.00000000e+000
  1.00000000e+000 1.00000000e+000 1.00000000e+000 1.00000000e+000
  0.00000000e+000]]
