[[1.00000000e+000 4.51976375e-072 2.66778251e-034 5.43455869e-023
  5.91715039e-015 4.40875832e-021 1.72222368e-019 4.50050179e-006
  6.94334766e-048 1.23104528e-047 9.79610111e-050 3.53411274e-055
  2.43535871e-035 3.71141259e-035 5.56499427e-027 7.91937908e-016
  2.43546054e-019 1.98899294e-023 4.58929047e-022 2.14360880e-016
  1.71131947e-035 1.00000000e+000]
 [4.51976375e-072 1.00000000e+000 8.80144925e-064 1.41469239e-098
  3.35409068e-060 2.10771311e-071 7.97197949e-052 2.87853691e-066
  3.87703495e-065 1.98025443e-071 1.90266542e-044 4.70196198e-020
  6.68594849e-081 1.94198980e-038 9.55383554e-028 2.11043037e-111
  4.84202569e-050 6.59552950e-104 1.47941678e-061 1.20400213e-061
  2.26796224e-051 1.00000000e+000]
 [2.66778251e-034 8.80144925e-064 1.00000000e+000 3.38232908e-029
  3.84443872e-034 4.48717331e-066 5.97580926e-055 1.37916083e-026
  1.56762493e-028 3.55953002e-032 9.52941706e-046 5.44088494e-055
  1.75875872e-026 3.84237775e-027 1.39255849e-038 1.55439806e-055
  1.72368874e-024 1.39585961e-061 1.96433260e-014 3.17812345e-063
  7.86689172e-049 1.00000000e+000]
 [5.43455869e-023 1.41469239e-098 3.38232908e-029 1.00000000e+000
  3.06591814e-029 6.52240670e-058 1.63337800e-054 5.53439871e-025
  9.82542396e-027 1.16894731e-041 7.51363809e-082 1.02352128e-063
  2.64040588e-055 7.96039036e-032 4.96420915e-061 3.88488512e-028
  6.40779849e-044 3.89561864e-034 1.89953721e-021 2.70413679e-041
  6.47860115e-046 1.00000000e+000]
 [5.91715039e-015 3.35409068e-060 3.84443872e-034 3.06591814e-029
  1.00000000e+000 2.72525543e-047 1.78345733e-014 1.68998460e-011
  6.34437631e-063 4.18060494e-043 6.44022826e-075 2.49116525e-058
  8.13947868e-038 3.75575952e-047 1.28938570e-016 6.87732012e-036
  1.81660742e-037 2.42492893e-036 1.82373405e-043 2.22440621e-043
  8.19687756e-009 1.00000000e+000]
 [4.40875832e-021 2.10771311e-071 4.48717331e-066 6.52240670e-058
  2.72525543e-047 1.00000000e+000 4.60450077e-053 9.76581207e-019
  9.80326287e-079 5.40598352e-093 8.99254177e-038 1.32041658e-039
  4.83038405e-079 4.19840564e-051 3.14987377e-051 8.92119817e-029
  1.27558334e-034 1.07515723e-077 4.89493257e-040 1.15710221e-018
  5.58018621e-080 1.00000000e+000]
 [1.72222368e-019 7.97197949e-052 5.97580926e-055 1.63337800e-054
  1.78345733e-014 4.60450077e-053 1.00000000e+000 2.05709685e-028
  3.25730148e-068 2.49238247e-039 4.20779669e-064 1.19632830e-069
  4.99700920e-031 9.24852568e-046 2.25181341e-014 1.71953486e-044
  2.38492469e-040 7.20758151e-025 1.24067344e-052 3.97492734e-038
  2.21024626e-015 1.00000000e+000]
 [4.50050179e-006 2.87853691e-066 1.37916083e-026 5.53439871e-025
  1.68998460e-011 9.76581207e-019 2.05709685e-028 1.00000000e+000
  2.93712675e-056 3.05353935e-052 8.63653544e-048 1.72317012e-046
  5.84990954e-039 1.97942684e-039 2.66269160e-026 4.26907697e-019
  9.10771392e-023 3.83307405e-046 3.53984474e-025 2.39996095e-028
  2.06556300e-035 1.00000000e+000]
 [6.94334766e-048 3.87703495e-065 1.56762493e-028 9.82542396e-027
  6.34437631e-063 9.80326287e-079 3.25730148e-068 2.93712675e-056
  1.00000000e+000 4.30839855e-034 2.86189552e-053 5.14361048e-047
  2.82357730e-056 2.97420993e-009 8.44858041e-064 7.89409774e-066
  7.10090706e-037 2.50728103e-047 4.22755502e-012 2.97366517e-045
  3.63340266e-067 1.00000000e+000]
 [1.23104528e-047 1.98025443e-071 3.55953002e-032 1.16894731e-041
  4.18060494e-043 5.40598352e-093 2.49238247e-039 3.05353935e-052
  4.30839855e-034 1.00000000e+000 2.48732848e-054 7.57653464e-084
  2.48593237e-015 1.26168839e-022 4.96560053e-057 1.26734774e-048
  2.34120056e-065 8.33859711e-046 3.31228598e-039 4.34616321e-078
  3.31206931e-045 1.00000000e+000]
 [9.79610111e-050 1.90266542e-044 9.52941706e-046 7.51363809e-082
  6.44022826e-075 8.99254177e-038 4.20779669e-064 8.63653544e-048
  2.86189552e-053 2.48732848e-054 1.00000000e+000 5.25527530e-042
  1.92043301e-046 2.13430613e-025 6.43234775e-057 2.69903776e-058
  3.78032827e-038 5.31142576e-096 7.39890500e-031 7.57475010e-051
  8.48041885e-097 1.00000000e+000]
 [3.53411274e-055 4.70196198e-020 5.44088494e-055 1.02352128e-063
  2.49116525e-058 1.32041658e-039 1.19632830e-069 1.72317012e-046
  5.14361048e-047 7.57653464e-084 5.25527530e-042 1.00000000e+000
  3.47143980e-099 4.07477685e-029 1.72099360e-043 7.55613540e-082
  8.01495989e-039 3.08754171e-101 1.70586805e-038 3.54760789e-036
  1.42748972e-065 1.00000000e+000]
 [2.43535871e-035 6.68594849e-081 1.75875872e-026 2.64040588e-055
  8.13947868e-038 4.83038405e-079 4.99700920e-031 5.84990954e-039
  2.82357730e-056 2.48593237e-015 1.92043301e-046 3.47143980e-099
  1.00000000e+000 1.75432560e-040 3.44871872e-043 7.65908778e-046
  2.71914283e-047 1.66185963e-045 1.88750163e-039 1.13719407e-076
  8.20859504e-050 1.00000000e+000]
 [3.71141259e-035 1.94198980e-038 3.84237775e-027 7.96039036e-032
  3.75575952e-047 4.19840564e-051 9.24852568e-046 1.97942684e-039
  2.97420993e-009 1.26168839e-022 2.13430613e-025 4.07477685e-029
  1.75432560e-040 1.00000000e+000 2.08303381e-045 3.75001152e-046
  3.41598263e-032 3.52587195e-049 4.05439147e-012 4.61273979e-034
  7.06247374e-054 1.00000000e+000]
 [5.56499427e-027 9.55383554e-028 1.39255849e-038 4.96420915e-061
  1.28938570e-016 3.14987377e-051 2.25181341e-014 2.66269160e-026
  8.44858041e-064 4.96560053e-057 6.43234775e-057 1.72099360e-043
  3.44871872e-043 2.08303381e-045 1.00000000e+000 3.30204822e-070
  1.33796163e-021 1.33630436e-048 2.32790461e-044 5.12345515e-040
  2.70590921e-016 1.00000000e+000]
 [7.91937908e-016 2.11043037e-111 1.55439806e-055 3.88488512e-028
  6.87732012e-036 8.92119817e-029 1.71953486e-044 4.26907697e-019
  7.89409774e-066 1.26734774e-048 2.69903776e-058 7.55613540e-082
  7.65908778e-046 3.75001152e-046 3.30204822e-070 1.00000000e+000
  5.43647780e-058 5.01163549e-046 2.05803828e-039 2.68294669e-039
  1.05796484e-067 1.00000000e+000]
 [2.43546054e-019 4.84202569e-050 1.72368874e-024 6.40779849e-044
  1.81660742e-037 1.27558334e-034 2.38492469e-040 9.10771392e-023
  7.10090706e-037 2.34120056e-065 3.78032827e-038 8.01495989e-039
  2.71914283e-047 3.41598263e-032 1.33796163e-021 5.43647780e-058
  1.00000000e+000 7.49031354e-046 1.95488058e-013 4.91670014e-022
  1.09989604e-052 1.00000000e+000]
 [1.98899294e-023 6.59552950e-104 1.39585961e-061 3.89561864e-034
  2.42492893e-036 1.07515723e-077 7.20758151e-025 3.83307405e-046
  2.50728103e-047 8.33859711e-046 5.31142576e-096 3.08754171e-101
  1.66185963e-045 3.52587195e-049 1.33630436e-048 5.01163549e-046
  7.49031354e-046 1.00000000e+000 7.37583320e-044 7.77618038e-037
  1.43953109e-039 1.00000000e+000]
 [4.58929047e-022 1.47941678e-061 1.96433260e-014 1.89953721e-021
  1.82373405e-043 4.89493257e-040 1.24067344e-052 3.53984474e-025
  4.22755502e-012 3.31228598e-039 7.39890500e-031 1.70586805e-038
  1.88750163e-039 4.05439147e-012 2.32790461e-044 2.05803828e-039
  1.95488058e-013 7.37583320e-044 1.00000000e+000 1.85324802e-027
  7.58002024e-062 1.00000000e+000]
 [2.14360880e-016 1.20400213e-061 3.17812345e-063 2.70413679e-041
  2.22440621e-043 1.15710221e-018 3.97492734e-038 2.39996095e-028
  2.97366517e-045 4.34616321e-078 7.57475010e-051 3.54760789e-036
  1.13719407e-076 4.61273979e-034 5.12345515e-040 2.68294669e-039
  4.91670014e-022 7.77618038e-037 1.85324802e-027 1.00000000e+000
  1.97623004e-059 1.00000000e+000]
 [1.71131947e-035 2.26796224e-051 7.86689172e-049 6.47860115e-046
  8.19687756e-009 5.58018621e-080 2.21024626e-015 2.06556300e-035
  3.63340266e-067 3.31206931e-045 8.48041885e-097 1.42748972e-065
  8.20859504e-050 7.06247374e-054 2.70590921e-016 1.05796484e-067
  1.09989604e-052 1.43953109e-039 7.58002024e-062 1.97623004e-059
  1.00000000e+000 1.00000000e+000]
 [1.00000000e+000 1.00000000e+000 1.00000000e+000 1.00000000e+000
  1.00000000e+000 1.00000000e+000 1.00000000e+000 1.00000000e+000
  1.00000000e+000 1.00000000e+000 1.00000000e+000 1.00000000e+000
  1.00000000e+000 1.00000000e+000 1.00000000e+000 1.00000000e+000
  1.00000000e+000 1.00000000e+000 1.00000000e+000 1.00000000e+000
  1.00000000e+000 0.00000000e+000]]
