[[1.00000000e+00 1.20827899e-26 1.12790498e-14 1.16832469e-24
  2.30354566e-49 1.28676282e-23 1.34136806e-32 6.97589884e-27
  1.10707949e-30 8.60102927e-26 1.27772322e-31 1.67320272e-29
  4.94625200e-27 1.05231352e-23 2.32993405e-26 1.88682428e-23
  7.87474857e-11 1.17510699e-55 1.00841642e-30 1.94021215e-35
  1.00000000e+00]
 [1.20827899e-26 1.00000000e+00 2.57191167e-35 2.33601487e-55
  5.22610183e-69 4.69685326e-50 1.62345284e-71 1.45924546e-39
  5.45175076e-68 6.77517441e-27 2.86573533e-45 8.37345674e-30
  1.78755627e-18 2.93297590e-58 9.61909618e-53 5.65889921e-06
  3.02079593e-33 7.76088930e-65 1.85758960e-41 3.66215047e-71
  1.00000000e+00]
 [1.12790498e-14 2.57191167e-35 1.00000000e+00 5.73464543e-18
  2.25982794e-21 5.33463086e-35 3.31525108e-20 2.32468035e-12
  4.54029609e-28 1.57244796e-10 6.88587112e-38 4.73606956e-54
  3.48420856e-38 2.43929959e-09 1.43001431e-50 4.70567042e-39
  1.52096763e-18 2.01806269e-45 7.97155523e-08 9.17253989e-12
  1.00000000e+00]
 [1.16832469e-24 2.33601487e-55 5.73464543e-18 1.00000000e+00
  5.23961474e-31 3.22458341e-13 5.39839223e-14 1.13292086e-52
  1.43014488e-35 2.50635306e-27 7.18449845e-19 1.63393941e-44
  8.51669435e-33 1.81614798e-37 5.21844997e-64 2.08152361e-53
  5.10690935e-26 2.02491363e-76 1.34891298e-39 7.32557994e-39
  1.00000000e+00]
 [2.30354566e-49 5.22610183e-69 2.25982794e-21 5.23961474e-31
  1.00000000e+00 9.12950992e-41 1.89667510e-16 2.43611617e-27
  1.31408119e-31 3.00648085e-44 1.02641802e-47 3.83099643e-68
  4.55632799e-64 9.54406019e-19 9.51404237e-86 3.95242071e-64
  2.97111547e-30 2.40210169e-23 6.36753587e-32 2.35358437e-15
  1.00000000e+00]
 [1.28676282e-23 4.69685326e-50 5.33463086e-35 3.22458341e-13
  9.12950992e-41 1.00000000e+00 2.40058883e-18 6.56650346e-61
  5.29353805e-36 2.84940673e-50 5.89458577e-08 8.86078508e-27
  3.84698929e-34 9.59075989e-49 3.05302387e-56 3.01206718e-35
  1.04382459e-16 5.85877932e-63 8.70036750e-67 8.99162478e-55
  1.00000000e+00]
 [1.34136806e-32 1.62345284e-71 3.31525108e-20 5.39839223e-14
  1.89667510e-16 2.40058883e-18 1.00000000e+00 4.51187671e-40
  2.19431882e-15 1.01325838e-38 7.92700273e-30 2.16763163e-66
  5.88855703e-62 1.61366176e-23 1.15932644e-59 6.80804232e-60
  1.05942726e-16 7.61888474e-49 2.38790603e-40 2.27668807e-22
  1.00000000e+00]
 [6.97589884e-27 1.45924546e-39 2.32468035e-12 1.13292086e-52
  2.43611617e-27 6.56650346e-61 4.51187671e-40 1.00000000e+00
  1.07159120e-39 5.92642738e-30 8.78943594e-62 2.57059491e-70
  1.49337698e-63 6.57910179e-07 9.37097941e-62 6.98751802e-40
  5.17792051e-26 1.63682445e-24 6.80064177e-15 1.88408119e-10
  1.00000000e+00]
 [1.10707949e-30 5.45175076e-68 4.54029609e-28 1.43014488e-35
  1.31408119e-31 5.29353805e-36 2.19431882e-15 1.07159120e-39
  1.00000000e+00 2.53517140e-41 3.29878805e-62 8.66264035e-67
  2.16092464e-60 8.40372104e-26 1.94014903e-23 8.84603947e-59
  5.09262449e-11 2.30516779e-44 5.22296374e-36 1.88282944e-33
  1.00000000e+00]
 [8.60102927e-26 6.77517441e-27 1.57244796e-10 2.50635306e-27
  3.00648085e-44 2.84940673e-50 1.01325838e-38 5.92642738e-30
  2.53517140e-41 1.00000000e+00 6.76751422e-51 1.31534547e-64
  1.44433386e-32 3.89972689e-34 1.93678463e-51 6.84783114e-39
  1.12107149e-31 6.15485910e-77 1.14899373e-09 4.35701393e-38
  1.00000000e+00]
 [1.27772322e-31 2.86573533e-45 6.88587112e-38 7.18449845e-19
  1.02641802e-47 5.89458577e-08 7.92700273e-30 8.78943594e-62
  3.29878805e-62 6.76751422e-51 1.00000000e+00 1.99665013e-35
  5.21960335e-41 4.04749469e-57 1.30170583e-86 3.27699469e-32
  8.90789428e-31 2.10141825e-73 8.92994115e-73 4.04931585e-59
  1.00000000e+00]
 [1.67320272e-29 8.37345674e-30 4.73606956e-54 1.63393941e-44
  3.83099643e-68 8.86078508e-27 2.16763163e-66 2.57059491e-70
  8.66264035e-67 1.31534547e-64 1.99665013e-35 1.00000000e+00
  4.55155357e-12 1.46274616e-70 6.40698042e-55 1.08105039e-24
  4.47276932e-33 3.67671764e-64 1.03266573e-76 2.27426530e-87
  1.00000000e+00]
 [4.94625200e-27 1.78755627e-18 3.48420856e-38 8.51669435e-33
  4.55632799e-64 3.84698929e-34 5.88855703e-62 1.49337698e-63
  2.16092464e-60 1.44433386e-32 5.21960335e-41 4.55155357e-12
  1.00000000e+00 1.92297587e-66 8.43518992e-48 1.02523279e-25
  9.17974541e-35 1.24094377e-79 9.50549585e-49 8.61931578e-81
  1.00000000e+00]
 [1.05231352e-23 2.93297590e-58 2.43929959e-09 1.81614798e-37
  9.54406019e-19 9.59075989e-49 1.61366176e-23 6.57910179e-07
  8.40372104e-26 3.89972689e-34 4.04749469e-57 1.46274616e-70
  1.92297587e-66 1.00000000e+00 1.31786959e-56 2.76496661e-55
  3.01058647e-21 4.09781440e-27 7.15579332e-17 4.52383876e-03
  1.00000000e+00]
 [2.32993405e-26 9.61909618e-53 1.43001431e-50 5.21844997e-64
  9.51404237e-86 3.05302387e-56 1.15932644e-59 9.37097941e-62
  1.94014903e-23 1.93678463e-51 1.30170583e-86 6.40698042e-55
  8.43518992e-48 1.31786959e-56 1.00000000e+00 7.30416293e-49
  4.48883697e-22 9.12033452e-79 2.33793991e-54 2.07273734e-77
  1.00000000e+00]
 [1.88682428e-23 5.65889921e-06 4.70567042e-39 2.08152361e-53
  3.95242071e-64 3.01206718e-35 6.80804232e-60 6.98751802e-40
  8.84603947e-59 6.84783114e-39 3.27699469e-32 1.08105039e-24
  1.02523279e-25 2.76496661e-55 7.30416293e-49 1.00000000e+00
  7.37169502e-23 2.40658182e-52 4.25574130e-54 4.66051772e-68
  1.00000000e+00]
 [7.87474857e-11 3.02079593e-33 1.52096763e-18 5.10690935e-26
  2.97111547e-30 1.04382459e-16 1.05942726e-16 5.17792051e-26
  5.09262449e-11 1.12107149e-31 8.90789428e-31 4.47276932e-33
  9.17974541e-35 3.01058647e-21 4.48883697e-22 7.37169502e-23
  1.00000000e+00 2.09874777e-32 7.06080344e-34 8.65288784e-31
  1.00000000e+00]
 [1.17510699e-55 7.76088930e-65 2.01806269e-45 2.02491363e-76
  2.40210169e-23 5.85877932e-63 7.61888474e-49 1.63682445e-24
  2.30516779e-44 6.15485910e-77 2.10141825e-73 3.67671764e-64
  1.24094377e-79 4.09781440e-27 9.12033452e-79 2.40658182e-52
  2.09874777e-32 1.00000000e+00 1.72927036e-54 2.13705136e-32
  1.00000000e+00]
 [1.00841642e-30 1.85758960e-41 7.97155523e-08 1.34891298e-39
  6.36753587e-32 8.70036750e-67 2.38790603e-40 6.80064177e-15
  5.22296374e-36 1.14899373e-09 8.92994115e-73 1.03266573e-76
  9.50549585e-49 7.15579332e-17 2.33793991e-54 4.25574130e-54
  7.06080344e-34 1.72927036e-54 1.00000000e+00 3.02805017e-20
  1.00000000e+00]
 [1.94021215e-35 3.66215047e-71 9.17253989e-12 7.32557994e-39
  2.35358437e-15 8.99162478e-55 2.27668807e-22 1.88408119e-10
  1.88282944e-33 4.35701393e-38 4.04931585e-59 2.27426530e-87
  8.61931578e-81 4.52383876e-03 2.07273734e-77 4.66051772e-68
  8.65288784e-31 2.13705136e-32 3.02805017e-20 1.00000000e+00
  1.00000000e+00]
 [1.00000000e+00 1.00000000e+00 1.00000000e+00 1.00000000e+00
  1.00000000e+00 1.00000000e+00 1.00000000e+00 1.00000000e+00
  1.00000000e+00 1.00000000e+00 1.00000000e+00 1.00000000e+00
  1.00000000e+00 1.00000000e+00 1.00000000e+00 1.00000000e+00
  1.00000000e+00 1.00000000e+00 1.00000000e+00 1.00000000e+00
  0.00000000e+00]]
