[[1.00000000e+00 3.47891833e-09 8.03673580e-13 ... 5.05438889e-52
  1.82226119e-51 1.00000000e+00]
 [3.47891833e-09 1.00000000e+00 1.00843081e-30 ... 6.43219746e-50
  1.41582312e-65 1.00000000e+00]
 [8.03673580e-13 1.00843081e-30 1.00000000e+00 ... 4.60432895e-38
  2.75672005e-49 1.00000000e+00]
 ...
 [5.05438889e-52 6.43219746e-50 4.60432895e-38 ... 1.00000000e+00
  4.56545050e-49 1.00000000e+00]
 [1.82226119e-51 1.41582312e-65 2.75672005e-49 ... 4.56545050e-49
  1.00000000e+00 1.00000000e+00]
 [1.00000000e+00 1.00000000e+00 1.00000000e+00 ... 1.00000000e+00
  1.00000000e+00 0.00000000e+00]]
