[[1.00000000e+000 2.80462146e-022 3.80918098e-008 2.84127433e-025
  5.05938678e-031 1.67937221e-015 3.64010754e-011 2.02928760e-066
  1.14317417e-034 3.14963392e-030 7.16345337e-038 1.19213804e-035
  2.42613454e-014 1.05143349e-044 9.07147251e-028 1.68654995e-010
  1.90527145e-026 4.59935664e-024 1.81390911e-018 5.15854956e-023
  1.00000000e+000]
 [2.80462146e-022 1.00000000e+000 7.36718119e-017 1.34504703e-080
  3.99660115e-051 2.13285686e-064 1.60632507e-042 3.51840007e-073
  1.95354981e-054 5.85638160e-006 1.55264530e-056 4.47365384e-057
  8.04277727e-046 3.71374331e-032 3.41903377e-014 6.29513865e-027
  7.61285973e-041 1.94579934e-010 1.73864500e-043 4.66997189e-007
  1.00000000e+000]
 [3.80918098e-008 7.36718119e-017 1.00000000e+000 4.33459631e-040
  6.41254097e-040 8.36094071e-030 2.25205573e-021 9.21881524e-047
  2.15565441e-039 1.50252550e-022 1.90133562e-038 9.51391749e-033
  1.14156420e-030 3.48493182e-060 1.28400796e-023 3.33071610e-005
  4.79378108e-040 2.44878625e-027 1.06641009e-022 1.14836337e-024
  1.00000000e+000]
 [2.84127433e-025 1.34504703e-080 4.33459631e-040 1.00000000e+000
  2.08692177e-042 1.30714627e-028 4.88541080e-037 1.34263538e-098
  4.33045555e-056 5.78045769e-089 1.83629688e-034 4.28723119e-038
  2.85215324e-038 5.53796104e-108 7.11567273e-073 1.05871848e-031
  2.44058570e-074 6.33882529e-075 7.10843730e-035 4.16113688e-082
  1.00000000e+000]
 [5.05938678e-031 3.99660115e-051 6.41254097e-040 2.08692177e-042
  1.00000000e+000 2.42053063e-051 7.50840972e-046 2.63287141e-041
  4.89289695e-049 7.34057089e-056 3.49875708e-030 1.31653921e-011
  8.24537616e-042 6.83299820e-052 7.90060146e-036 5.54709125e-025
  1.52984830e-050 2.28427508e-036 5.65700131e-020 1.81241917e-033
  1.00000000e+000]
 [1.67937221e-015 2.13285686e-064 8.36094071e-030 1.30714627e-028
  2.42053063e-051 1.00000000e+000 1.18309604e-025 1.34439280e-077
  1.15418685e-031 1.55747738e-082 1.76121209e-060 5.12321040e-055
  4.46864261e-032 3.97139815e-072 7.28810808e-073 2.89060127e-030
  5.16393217e-052 7.92255494e-058 1.43864857e-033 1.36399656e-057
  1.00000000e+000]
 [3.64010754e-011 1.60632507e-042 2.25205573e-021 4.88541080e-037
  7.50840972e-046 1.18309604e-025 1.00000000e+000 1.02748836e-086
  1.58692769e-075 6.83861494e-040 7.02719924e-068 1.25045796e-054
  2.10242362e-003 1.83707064e-068 3.86925953e-040 6.54828104e-021
  5.29886264e-012 3.77127287e-050 4.04810819e-025 3.08241178e-042
  1.00000000e+000]
 [2.02928760e-066 3.51840007e-073 9.21881524e-047 1.34263538e-098
  2.63287141e-041 1.34439280e-077 1.02748836e-086 1.00000000e+000
  7.33541474e-057 7.13044543e-081 6.57555671e-070 9.38779632e-026
  8.38252845e-098 1.60162233e-096 4.34824889e-060 4.88203959e-038
  8.55630803e-103 2.82358178e-066 2.50898287e-053 4.10307159e-061
  1.00000000e+000]
 [1.14317417e-034 1.95354981e-054 2.15565441e-039 4.33045555e-056
  4.89289695e-049 1.15418685e-031 1.58692769e-075 7.33541474e-057
  1.00000000e+000 1.67652103e-081 2.29959032e-056 6.63688025e-042
  4.29324791e-079 6.82644798e-049 9.04123664e-061 1.26316567e-045
  1.15742866e-102 3.35242576e-033 1.06262747e-061 4.77424850e-047
  1.00000000e+000]
 [3.14963392e-030 5.85638160e-006 1.50252550e-022 5.78045769e-089
  7.34057089e-056 1.55747738e-082 6.83861494e-040 7.13044543e-081
  1.67652103e-081 1.00000000e+000 4.58164745e-071 5.05572041e-060
  2.31661420e-041 3.69215216e-044 5.64236938e-009 1.80190424e-031
  9.31664256e-036 2.52270481e-019 2.49264394e-050 9.19028613e-015
  1.00000000e+000]
 [7.16345337e-038 1.55264530e-056 1.90133562e-038 1.83629688e-034
  3.49875708e-030 1.76121209e-060 7.02719924e-068 6.57555671e-070
  2.29959032e-056 4.58164745e-071 1.00000000e+000 1.85235048e-034
  5.30956968e-074 3.04772843e-100 7.82817996e-068 3.57071571e-024
  1.77890168e-085 1.28968673e-061 5.61824883e-020 1.14878696e-055
  1.00000000e+000]
 [1.19213804e-035 4.47365384e-057 9.51391749e-033 4.28723119e-038
  1.31653921e-011 5.12321040e-055 1.25045796e-054 9.38779632e-026
  6.63688025e-042 5.05572041e-060 1.85235048e-034 1.00000000e+000
  4.65278329e-055 1.05887539e-073 7.87129523e-034 3.10775919e-022
  4.18777689e-077 3.37596339e-043 2.52808036e-033 4.82945800e-049
  1.00000000e+000]
 [2.42613454e-014 8.04277727e-046 1.14156420e-030 2.85215324e-038
  8.24537616e-042 4.46864261e-032 2.10242362e-003 8.38252845e-098
  4.29324791e-079 2.31661420e-041 5.30956968e-074 4.65278329e-055
  1.00000000e+000 8.47386673e-059 3.87281587e-037 1.39644004e-029
  4.49731979e-011 1.19009043e-046 1.36802998e-031 5.52352631e-042
  1.00000000e+000]
 [1.05143349e-044 3.71374331e-032 3.48493182e-060 5.53796104e-108
  6.83299820e-052 3.97139815e-072 1.83707064e-068 1.60162233e-096
  6.82644798e-049 3.69215216e-044 3.04772843e-100 1.05887539e-073
  8.47386673e-059 1.00000000e+000 2.64971041e-033 6.69368241e-070
  4.82707725e-056 4.83398616e-011 3.49547180e-077 2.85378132e-016
  1.00000000e+000]
 [9.07147251e-028 3.41903377e-014 1.28400796e-023 7.11567273e-073
  7.90060146e-036 7.28810808e-073 3.86925953e-040 4.34824889e-060
  9.04123664e-061 5.64236938e-009 7.82817996e-068 7.87129523e-034
  3.87281587e-037 2.64971041e-033 1.00000000e+000 6.45435696e-030
  2.34407148e-043 6.97915095e-012 5.60155253e-051 2.00398374e-016
  1.00000000e+000]
 [1.68654995e-010 6.29513865e-027 3.33071610e-005 1.05871848e-031
  5.54709125e-025 2.89060127e-030 6.54828104e-021 4.88203959e-038
  1.26316567e-045 1.80190424e-031 3.57071571e-024 3.10775919e-022
  1.39644004e-029 6.69368241e-070 6.45435696e-030 1.00000000e+000
  2.13755062e-037 2.13795325e-036 3.65308973e-009 5.01300921e-029
  1.00000000e+000]
 [1.90527145e-026 7.61285973e-041 4.79378108e-040 2.44058570e-074
  1.52984830e-050 5.16393217e-052 5.29886264e-012 8.55630803e-103
  1.15742866e-102 9.31664256e-036 1.77890168e-085 4.18777689e-077
  4.49731979e-011 4.82707725e-056 2.34407148e-043 2.13755062e-037
  1.00000000e+000 2.37043597e-050 1.33404697e-031 8.79554549e-033
  1.00000000e+000]
 [4.59935664e-024 1.94579934e-010 2.44878625e-027 6.33882529e-075
  2.28427508e-036 7.92255494e-058 3.77127287e-050 2.82358178e-066
  3.35242576e-033 2.52270481e-019 1.28968673e-061 3.37596339e-043
  1.19009043e-046 4.83398616e-011 6.97915095e-012 2.13795325e-036
  2.37043597e-050 1.00000000e+000 6.64061741e-052 1.01349254e-006
  1.00000000e+000]
 [1.81390911e-018 1.73864500e-043 1.06641009e-022 7.10843730e-035
  5.65700131e-020 1.43864857e-033 4.04810819e-025 2.50898287e-053
  1.06262747e-061 2.49264394e-050 5.61824883e-020 2.52808036e-033
  1.36802998e-031 3.49547180e-077 5.60155253e-051 3.65308973e-009
  1.33404697e-031 6.64061741e-052 1.00000000e+000 6.62549276e-036
  1.00000000e+000]
 [5.15854956e-023 4.66997189e-007 1.14836337e-024 4.16113688e-082
  1.81241917e-033 1.36399656e-057 3.08241178e-042 4.10307159e-061
  4.77424850e-047 9.19028613e-015 1.14878696e-055 4.82945800e-049
  5.52352631e-042 2.85378132e-016 2.00398374e-016 5.01300921e-029
  8.79554549e-033 1.01349254e-006 6.62549276e-036 1.00000000e+000
  1.00000000e+000]
 [1.00000000e+000 1.00000000e+000 1.00000000e+000 1.00000000e+000
  1.00000000e+000 1.00000000e+000 1.00000000e+000 1.00000000e+000
  1.00000000e+000 1.00000000e+000 1.00000000e+000 1.00000000e+000
  1.00000000e+000 1.00000000e+000 1.00000000e+000 1.00000000e+000
  1.00000000e+000 1.00000000e+000 1.00000000e+000 1.00000000e+000
  0.00000000e+000]]
