[[1.00000000e+00 5.76312105e-34 6.18271425e-33 ... 1.71073547e-30
  8.00453656e-30 1.00000000e+00]
 [5.76312105e-34 1.00000000e+00 5.31319057e-73 ... 9.06263254e-58
  1.32661730e-35 1.00000000e+00]
 [6.18271425e-33 5.31319057e-73 1.00000000e+00 ... 3.11974555e-30
  2.53384131e-26 1.00000000e+00]
 ...
 [1.71073547e-30 9.06263254e-58 3.11974555e-30 ... 1.00000000e+00
  1.68738959e-38 1.00000000e+00]
 [8.00453656e-30 1.32661730e-35 2.53384131e-26 ... 1.68738959e-38
  1.00000000e+00 1.00000000e+00]
 [1.00000000e+00 1.00000000e+00 1.00000000e+00 ... 1.00000000e+00
  1.00000000e+00 0.00000000e+00]]
