[[1.00000000e+000 1.95323859e-064 6.55598834e-072 1.88520413e-018
  3.57759209e-025 5.62818544e-019 9.38450420e-065 6.99775752e-065
  3.33364802e-053 3.93196233e-012 1.86847363e-035 2.62590079e-091
  5.89313294e-052 9.02228700e-051 1.12728888e-035 2.86413806e-005
  1.01735892e-042 5.05329849e-043 5.71988127e-085 9.99141430e-042
  1.00000000e+000]
 [1.95323859e-064 1.00000000e+000 1.39263198e-044 5.54447850e-030
  1.90130809e-025 2.44474670e-045 1.51548610e-035 4.22616580e-004
  5.12314751e-016 4.12731636e-047 5.26780193e-039 1.10905615e-017
  3.46683826e-017 1.50305860e-025 1.97126656e-044 6.75859689e-076
  1.11446911e-033 1.52717753e-043 1.71179032e-048 6.43885254e-031
  1.00000000e+000]
 [6.55598834e-072 1.39263198e-044 1.00000000e+000 9.70633118e-063
  1.45500185e-054 1.50745007e-061 5.68253137e-052 1.14455460e-038
  9.09240864e-046 2.86303655e-073 1.87541963e-054 1.21410868e-029
  4.98736368e-053 4.49104589e-013 2.31264009e-037 5.34571296e-074
  1.30426309e-027 9.00657723e-039 1.05115260e-080 2.51292834e-047
  1.00000000e+000]
 [1.88520413e-018 5.54447850e-030 9.70633118e-063 1.00000000e+000
  2.95597007e-007 1.05858336e-037 2.85211875e-068 8.17035769e-036
  7.12712710e-040 2.17086653e-020 4.69943733e-038 4.61426221e-062
  4.13455442e-038 7.58011301e-045 4.35288033e-039 3.23049966e-033
  1.11569379e-040 1.08694859e-052 2.18664700e-049 2.19073604e-040
  1.00000000e+000]
 [3.57759209e-025 1.90130809e-025 1.45500185e-054 2.95597007e-007
  1.00000000e+000 1.81045334e-032 3.26778539e-060 6.59561518e-036
  1.08976235e-025 4.56250760e-028 5.66390808e-032 4.63006621e-055
  2.56279379e-022 6.63764387e-031 2.40889870e-042 4.49723029e-034
  1.20346192e-037 4.39551590e-040 6.76294145e-031 1.43905149e-027
  1.00000000e+000]
 [5.62818544e-019 2.44474670e-045 1.50745007e-061 1.05858336e-037
  1.81045334e-032 1.00000000e+000 1.30092037e-020 3.41573533e-047
  8.89889248e-021 1.54538098e-025 1.66155115e-030 4.40961111e-066
  1.53590100e-025 9.35617371e-033 2.06746112e-023 1.11933355e-012
  8.80105869e-042 7.81346076e-019 6.32387191e-071 1.80084097e-021
  1.00000000e+000]
 [9.38450420e-065 1.51548610e-035 5.68253137e-052 2.85211875e-068
  3.26778539e-060 1.30092037e-020 1.00000000e+000 3.19617061e-036
  9.29704481e-017 6.06408275e-064 2.94590533e-047 2.35284390e-038
  2.37249019e-034 8.09548753e-036 4.95217248e-024 5.09536800e-057
  2.36042042e-058 3.17567004e-032 3.41452698e-070 1.99011807e-039
  1.00000000e+000]
 [6.99775752e-065 4.22616580e-004 1.14455460e-038 8.17035769e-036
  6.59561518e-036 3.41573533e-047 3.19617061e-036 1.00000000e+000
  6.90960032e-024 1.28347107e-042 6.11951511e-038 7.10934143e-015
  2.84485852e-023 1.70528717e-023 3.94199672e-045 1.08302695e-077
  9.06233232e-024 5.84393655e-043 4.11198263e-073 6.71380225e-033
  1.00000000e+000]
 [3.33364802e-053 5.12314751e-016 9.09240864e-046 7.12712710e-040
  1.08976235e-025 8.89889248e-021 9.29704481e-017 6.90960032e-024
  1.00000000e+000 3.32997929e-054 1.56120359e-045 4.48016023e-039
  1.22620014e-006 1.14587793e-019 2.52626822e-026 8.77445160e-049
  3.99536716e-045 7.10852171e-017 1.20670178e-035 3.84893522e-013
  1.00000000e+000]
 [3.93196233e-012 4.12731636e-047 2.86303655e-073 2.17086653e-020
  4.56250760e-028 1.54538098e-025 6.06408275e-064 1.28347107e-042
  3.32997929e-054 1.00000000e+000 1.22385568e-017 8.20294247e-067
  2.97463737e-045 3.55483301e-046 2.59448472e-055 6.54849741e-025
  3.37489929e-024 1.08018077e-051 1.25204205e-103 8.39700576e-043
  1.00000000e+000]
 [1.86847363e-035 5.26780193e-039 1.87541963e-054 4.69943733e-038
  5.66390808e-032 1.66155115e-030 2.94590533e-047 6.11951511e-038
  1.56120359e-045 1.22385568e-017 1.00000000e+000 2.91207239e-034
  9.78050426e-043 1.41973903e-033 2.25670530e-063 6.54126672e-046
  1.60884425e-022 2.36972972e-057 6.17201080e-084 8.29136583e-051
  1.00000000e+000]
 [2.62590079e-091 1.10905615e-017 1.21410868e-029 4.61426221e-062
  4.63006621e-055 4.40961111e-066 2.35284390e-038 7.10934143e-015
  4.48016023e-039 8.20294247e-067 2.91207239e-034 1.00000000e+000
  8.42950218e-047 1.35218006e-028 2.36323488e-060 8.35211250e-104
  2.40383471e-034 7.76814687e-067 2.68010093e-075 2.10537233e-062
  1.00000000e+000]
 [5.89313294e-052 3.46683826e-017 4.98736368e-053 4.13455442e-038
  2.56279379e-022 1.53590100e-025 2.37249019e-034 2.84485852e-023
  1.22620014e-006 2.97463737e-045 9.78050426e-043 8.42950218e-047
  1.00000000e+000 2.78545792e-017 2.56042144e-044 1.90213586e-050
  1.31186142e-033 1.20080987e-015 1.91790477e-051 7.48209656e-006
  1.00000000e+000]
 [9.02228700e-051 1.50305860e-025 4.49104589e-013 7.58011301e-045
  6.63764387e-031 9.35617371e-033 8.09548753e-036 1.70528717e-023
  1.14587793e-019 3.55483301e-046 1.41973903e-033 1.35218006e-028
  2.78545792e-017 1.00000000e+000 1.25020980e-035 3.17559899e-050
  3.15877919e-013 2.03885572e-014 3.60180386e-066 7.61035697e-015
  1.00000000e+000]
 [1.12728888e-035 1.97126656e-044 2.31264009e-037 4.35288033e-039
  2.40889870e-042 2.06746112e-023 4.95217248e-024 3.94199672e-045
  2.52626822e-026 2.59448472e-055 2.25670530e-063 2.36323488e-060
  2.56042144e-044 1.25020980e-035 1.00000000e+000 6.21427221e-031
  1.55026270e-056 4.52133992e-026 3.98875871e-058 3.30446516e-036
  1.00000000e+000]
 [2.86413806e-005 6.75859689e-076 5.34571296e-074 3.23049966e-033
  4.49723029e-034 1.11933355e-012 5.09536800e-057 1.08302695e-077
  8.77445160e-049 6.54849741e-025 6.54126672e-046 8.35211250e-104
  1.90213586e-050 3.17559899e-050 6.21427221e-031 1.00000000e+000
  1.15602454e-052 3.08274496e-032 8.48015502e-086 1.82479424e-036
  1.00000000e+000]
 [1.01735892e-042 1.11446911e-033 1.30426309e-027 1.11569379e-040
  1.20346192e-037 8.80105869e-042 2.36042042e-058 9.06233232e-024
  3.99536716e-045 3.37489929e-024 1.60884425e-022 2.40383471e-034
  1.31186142e-033 3.15877919e-013 1.55026270e-056 1.15602454e-052
  1.00000000e+000 3.67890659e-034 6.58838378e-107 1.33069360e-029
  1.00000000e+000]
 [5.05329849e-043 1.52717753e-043 9.00657723e-039 1.08694859e-052
  4.39551590e-040 7.81346076e-019 3.17567004e-032 5.84393655e-043
  7.10852171e-017 1.08018077e-051 2.36972972e-057 7.76814687e-067
  1.20080987e-015 2.03885572e-014 4.52133992e-026 3.08274496e-032
  3.67890659e-034 1.00000000e+000 2.26195994e-076 5.34792222e-005
  1.00000000e+000]
 [5.71988127e-085 1.71179032e-048 1.05115260e-080 2.18664700e-049
  6.76294145e-031 6.32387191e-071 3.41452698e-070 4.11198263e-073
  1.20670178e-035 1.25204205e-103 6.17201080e-084 2.68010093e-075
  1.91790477e-051 3.60180386e-066 3.98875871e-058 8.48015502e-086
  6.58838378e-107 2.26195994e-076 1.00000000e+000 6.86653731e-068
  1.00000000e+000]
 [9.99141430e-042 6.43885254e-031 2.51292834e-047 2.19073604e-040
  1.43905149e-027 1.80084097e-021 1.99011807e-039 6.71380225e-033
  3.84893522e-013 8.39700576e-043 8.29136583e-051 2.10537233e-062
  7.48209656e-006 7.61035697e-015 3.30446516e-036 1.82479424e-036
  1.33069360e-029 5.34792222e-005 6.86653731e-068 1.00000000e+000
  1.00000000e+000]
 [1.00000000e+000 1.00000000e+000 1.00000000e+000 1.00000000e+000
  1.00000000e+000 1.00000000e+000 1.00000000e+000 1.00000000e+000
  1.00000000e+000 1.00000000e+000 1.00000000e+000 1.00000000e+000
  1.00000000e+000 1.00000000e+000 1.00000000e+000 1.00000000e+000
  1.00000000e+000 1.00000000e+000 1.00000000e+000 1.00000000e+000
  0.00000000e+000]]
