[[1.00000000e+00 1.56724245e-30 6.23640093e-16 ... 2.21677028e-43
  2.15975813e-43 1.00000000e+00]
 [1.56724245e-30 1.00000000e+00 6.22635232e-44 ... 9.54204984e-29
  9.03017821e-33 1.00000000e+00]
 [6.23640093e-16 6.22635232e-44 1.00000000e+00 ... 5.63608690e-31
  1.28638632e-39 1.00000000e+00]
 ...
 [2.21677028e-43 9.54204984e-29 5.63608690e-31 ... 1.00000000e+00
  4.49766430e-29 1.00000000e+00]
 [2.15975813e-43 9.03017821e-33 1.28638632e-39 ... 4.49766430e-29
  1.00000000e+00 1.00000000e+00]
 [1.00000000e+00 1.00000000e+00 1.00000000e+00 ... 1.00000000e+00
  1.00000000e+00 0.00000000e+00]]
