[[1.00000000e+00 1.32437001e-29 2.27822537e-32 ... 1.55276813e-28
  4.58830349e-82 1.00000000e+00]
 [1.32437001e-29 1.00000000e+00 5.10986266e-44 ... 1.66549969e-56
  6.23725716e-49 1.00000000e+00]
 [2.27822537e-32 5.10986266e-44 1.00000000e+00 ... 2.13870160e-20
  6.56840714e-47 1.00000000e+00]
 ...
 [1.55276813e-28 1.66549969e-56 2.13870160e-20 ... 1.00000000e+00
  4.66395904e-67 1.00000000e+00]
 [4.58830349e-82 6.23725716e-49 6.56840714e-47 ... 4.66395904e-67
  1.00000000e+00 1.00000000e+00]
 [1.00000000e+00 1.00000000e+00 1.00000000e+00 ... 1.00000000e+00
  1.00000000e+00 0.00000000e+00]]
