[[1.00000000e+000 8.73839913e-015 4.63762319e-036 4.09251543e-087
  2.58778053e-015 1.17480960e-037 2.40458663e-007 1.17501866e-025
  1.26725066e-067 7.58210925e-058 3.58016496e-018 5.98710150e-055
  8.04571055e-035 1.62823730e-055 6.30060625e-032 3.55733590e-077
  1.39560707e-055 4.17229762e-034 9.94521383e-030 7.01575001e-050
  1.00000000e+000]
 [8.73839913e-015 1.00000000e+000 6.44226522e-026 3.09288679e-056
  4.62117096e-024 1.16498621e-022 1.85557966e-024 1.55754936e-016
  4.36690646e-031 7.52275954e-036 5.90410012e-027 2.27454185e-024
  5.83327784e-019 1.21798418e-038 6.59507222e-026 2.55625649e-051
  5.51361316e-031 8.86096596e-042 1.46080546e-028 5.56709427e-050
  1.00000000e+000]
 [4.63762319e-036 6.44226522e-026 1.00000000e+000 1.50370670e-031
  2.27623310e-030 3.86893363e-026 1.36199173e-047 2.53656261e-023
  4.32461931e-024 2.00512011e-043 1.08686906e-022 1.58574892e-032
  2.32464896e-032 2.50420902e-025 5.87592771e-041 7.12470333e-017
  9.03404710e-038 7.37252062e-052 1.53956186e-019 1.63173600e-059
  1.00000000e+000]
 [4.09251543e-087 3.09288679e-056 1.50370670e-031 1.00000000e+000
  6.57237691e-102 2.24007654e-051 4.09663755e-107 7.91923926e-031
  8.07694642e-012 1.05435558e-068 1.18160294e-082 7.79522120e-036
  5.53834505e-061 1.37570648e-041 2.00559265e-072 5.68825469e-050
  2.70902427e-040 2.39703844e-064 4.72453472e-043 1.22091717e-076
  1.00000000e+000]
 [2.58778053e-015 4.62117096e-024 2.27623310e-030 6.57237691e-102
  1.00000000e+000 1.29286576e-054 5.06678777e-024 2.95687023e-045
  9.33298103e-070 2.34682979e-044 3.16631125e-010 2.01914134e-047
  8.54400643e-039 7.40404664e-054 3.24412519e-039 3.03683207e-050
  1.24311035e-061 3.69667891e-043 4.33763439e-052 1.11091320e-046
  1.00000000e+000]
 [1.17480960e-037 1.16498621e-022 3.86893363e-026 2.24007654e-051
  1.29286576e-054 1.00000000e+000 4.66573639e-045 1.17611989e-014
  4.72469061e-036 7.50744776e-044 2.91341114e-048 7.34838713e-061
  1.14049387e-050 3.83404619e-043 3.13519556e-068 1.00555687e-069
  6.08045266e-053 4.05619134e-076 1.38216307e-015 7.21546724e-110
  1.00000000e+000]
 [2.40458663e-007 1.85557966e-024 1.36199173e-047 4.09663755e-107
  5.06678777e-024 4.66573639e-045 1.00000000e+000 3.19954788e-040
  1.36203703e-085 3.69863180e-075 7.62002995e-016 2.34686204e-072
  2.35828656e-029 1.51869607e-050 1.19727520e-026 5.71774769e-093
  1.73958924e-052 5.88562723e-055 4.17058747e-044 2.81341307e-079
  1.00000000e+000]
 [1.17501866e-025 1.55754936e-016 2.53656261e-023 7.91923926e-031
  2.95687023e-045 1.17611989e-014 3.19954788e-040 1.00000000e+000
  6.57393374e-021 2.70034376e-029 2.45141375e-039 1.95057553e-033
  3.29479462e-042 5.34341867e-033 2.32451462e-051 1.34526004e-066
  1.01867323e-034 1.66332942e-028 1.15488747e-018 1.35448748e-058
  1.00000000e+000]
 [1.26725066e-067 4.36690646e-031 4.32461931e-024 8.07694642e-012
  9.33298103e-070 4.72469061e-036 1.36203703e-085 6.57393374e-021
  1.00000000e+000 1.08497371e-030 5.29851645e-060 1.76933801e-013
  4.40152854e-041 6.98483026e-027 5.07048780e-057 6.37413851e-038
  9.12709848e-024 1.22893594e-051 1.16073089e-045 6.47316290e-064
  1.00000000e+000]
 [7.58210925e-058 7.52275954e-036 2.00512011e-043 1.05435558e-068
  2.34682979e-044 7.50744776e-044 3.69863180e-075 2.70034376e-029
  1.08497371e-030 1.00000000e+000 6.90956903e-049 1.56079801e-030
  3.47039805e-064 8.08886060e-041 1.77804769e-082 2.41090097e-070
  7.11434534e-048 1.27520748e-042 3.14259066e-073 1.49764219e-072
  1.00000000e+000]
 [3.58016496e-018 5.90410012e-027 1.08686906e-022 1.18160294e-082
  3.16631125e-010 2.91341114e-048 7.62002995e-016 2.45141375e-039
  5.29851645e-060 6.90956903e-049 1.00000000e+000 1.43659008e-045
  6.82065761e-022 1.11482073e-025 8.98958537e-023 6.99849370e-048
  3.02314499e-036 1.30408230e-043 2.72294081e-048 1.81443833e-059
  1.00000000e+000]
 [5.98710150e-055 2.27454185e-024 1.58574892e-032 7.79522120e-036
  2.01914134e-047 7.34838713e-061 2.34686204e-072 1.95057553e-033
  1.76933801e-013 1.56079801e-030 1.43659008e-045 1.00000000e+000
  1.25356235e-027 5.10829183e-032 1.39993188e-035 3.89105673e-035
  3.75329453e-020 2.47058859e-035 4.33056029e-066 6.55969076e-032
  1.00000000e+000]
 [8.04571055e-035 5.83327784e-019 2.32464896e-032 5.53834505e-061
  8.54400643e-039 1.14049387e-050 2.35828656e-029 3.29479462e-042
  4.40152854e-041 3.47039805e-064 6.82065761e-022 1.25356235e-027
  1.00000000e+000 7.20825581e-021 2.57843070e-004 1.24547749e-045
  5.57971738e-012 2.51873355e-061 3.24348868e-055 1.95866771e-065
  1.00000000e+000]
 [1.62823730e-055 1.21798418e-038 2.50420902e-025 1.37570648e-041
  7.40404664e-054 3.83404619e-043 1.51869607e-050 5.34341867e-033
  6.98483026e-027 8.08886060e-041 1.11482073e-025 5.10829183e-032
  7.20825581e-021 1.00000000e+000 1.67103814e-032 2.80110883e-049
  2.83323363e-008 2.64151164e-056 2.66405694e-059 2.35118282e-086
  1.00000000e+000]
 [6.30060625e-032 6.59507222e-026 5.87592771e-041 2.00559265e-072
  3.24412519e-039 3.13519556e-068 1.19727520e-026 2.32451462e-051
  5.07048780e-057 1.77804769e-082 8.98958537e-023 1.39993188e-035
  2.57843070e-004 1.67103814e-032 1.00000000e+000 6.83645475e-055
  8.75699380e-021 1.31353911e-056 2.22220210e-061 3.67223482e-055
  1.00000000e+000]
 [3.55733590e-077 2.55625649e-051 7.12470333e-017 5.68825469e-050
  3.03683207e-050 1.00555687e-069 5.71774769e-093 1.34526004e-066
  6.37413851e-038 2.41090097e-070 6.99849370e-048 3.89105673e-035
  1.24547749e-045 2.80110883e-049 6.83645475e-055 1.00000000e+000
  7.18180255e-057 1.91624504e-088 9.37803950e-059 5.56467575e-067
  1.00000000e+000]
 [1.39560707e-055 5.51361316e-031 9.03404710e-038 2.70902427e-040
  1.24311035e-061 6.08045266e-053 1.73958924e-052 1.01867323e-034
  9.12709848e-024 7.11434534e-048 3.02314499e-036 3.75329453e-020
  5.57971738e-012 2.83323363e-008 8.75699380e-021 7.18180255e-057
  1.00000000e+000 3.27230386e-052 1.35500786e-067 3.72496650e-072
  1.00000000e+000]
 [4.17229762e-034 8.86096596e-042 7.37252062e-052 2.39703844e-064
  3.69667891e-043 4.05619134e-076 5.88562723e-055 1.66332942e-028
  1.22893594e-051 1.27520748e-042 1.30408230e-043 2.47058859e-035
  2.51873355e-061 2.64151164e-056 1.31353911e-056 1.91624504e-088
  3.27230386e-052 1.00000000e+000 2.49067495e-065 1.62331028e-019
  1.00000000e+000]
 [9.94521383e-030 1.46080546e-028 1.53956186e-019 4.72453472e-043
  4.33763439e-052 1.38216307e-015 4.17058747e-044 1.15488747e-018
  1.16073089e-045 3.14259066e-073 2.72294081e-048 4.33056029e-066
  3.24348868e-055 2.66405694e-059 2.22220210e-061 9.37803950e-059
  1.35500786e-067 2.49067495e-065 1.00000000e+000 1.35524583e-081
  1.00000000e+000]
 [7.01575001e-050 5.56709427e-050 1.63173600e-059 1.22091717e-076
  1.11091320e-046 7.21546724e-110 2.81341307e-079 1.35448748e-058
  6.47316290e-064 1.49764219e-072 1.81443833e-059 6.55969076e-032
  1.95866771e-065 2.35118282e-086 3.67223482e-055 5.56467575e-067
  3.72496650e-072 1.62331028e-019 1.35524583e-081 1.00000000e+000
  1.00000000e+000]
 [1.00000000e+000 1.00000000e+000 1.00000000e+000 1.00000000e+000
  1.00000000e+000 1.00000000e+000 1.00000000e+000 1.00000000e+000
  1.00000000e+000 1.00000000e+000 1.00000000e+000 1.00000000e+000
  1.00000000e+000 1.00000000e+000 1.00000000e+000 1.00000000e+000
  1.00000000e+000 1.00000000e+000 1.00000000e+000 1.00000000e+000
  0.00000000e+000]]
