[[1.00000000e+00 1.27003510e-30 1.51089242e-32 1.41435908e-76
  1.35163207e-13 1.85534361e-12 9.18120274e-85 2.35135326e-31
  1.56314874e-48 3.14467087e-80 7.11079114e-19 1.47953049e-65
  1.12415859e-38 2.22697119e-82 4.61777393e-33 4.77182813e-85
  4.85222643e-47 5.01252214e-56 2.29225573e-68 2.03903868e-38
  1.00000000e+00]
 [1.27003510e-30 1.00000000e+00 4.72299984e-24 2.93901460e-91
  2.15754513e-29 3.47728696e-45 1.12245517e-75 3.00765219e-74
  1.25167553e-27 4.73820896e-96 4.83579318e-34 1.06006142e-77
  1.04178945e-47 3.53437557e-66 1.27072854e-36 1.18306589e-96
  2.52338244e-35 1.01023111e-70 1.32337107e-48 6.09083100e-49
  1.00000000e+00]
 [1.51089242e-32 4.72299984e-24 1.00000000e+00 1.17833950e-84
  4.32322023e-38 1.07203028e-24 2.73099393e-54 1.09707655e-56
  1.49383421e-29 1.37453809e-69 3.27465399e-41 5.93749804e-23
  3.66291574e-36 5.83341247e-47 2.42153783e-11 2.78545825e-82
  1.41339942e-24 2.87949281e-71 6.73243376e-44 9.82998161e-27
  1.00000000e+00]
 [1.41435908e-76 2.93901460e-91 1.17833950e-84 1.00000000e+00
  2.70362973e-56 1.21894326e-72 3.47196506e-34 1.96274902e-59
  8.32778912e-90 1.88168972e-52 5.76917318e-38 1.13428763e-60
  1.07932247e-52 1.23602921e-26 2.11249753e-57 1.80552851e-30
  8.84167391e-47 8.24040111e-06 4.87407549e-30 1.33157448e-58
  1.00000000e+00]
 [1.35163207e-13 2.15754513e-29 4.32322023e-38 2.70362973e-56
  1.00000000e+00 1.82368203e-29 7.25149655e-89 4.02573376e-18
  2.01441613e-62 7.56921912e-61 4.45956762e-04 6.18691237e-69
  3.73521870e-31 2.67322193e-74 2.27822262e-44 5.82100892e-90
  1.25379377e-48 5.92870710e-35 8.11212022e-41 2.29137137e-42
  1.00000000e+00]
 [1.85534361e-12 3.47728696e-45 1.07203028e-24 1.21894326e-72
  1.82368203e-29 1.00000000e+00 1.17413801e-63 9.46125203e-43
  6.24408769e-35 7.85733814e-61 5.51146099e-27 3.45871644e-39
  7.20951184e-20 3.32492798e-59 4.82168058e-14 2.41464392e-72
  1.07029359e-26 8.32107467e-62 1.15989921e-70 7.33679436e-46
  1.00000000e+00]
 [9.18120274e-85 1.12245517e-75 2.73099393e-54 3.47196506e-34
  7.25149655e-89 1.17413801e-63 1.00000000e+00 8.65815957e-97
  1.86305163e-40 2.17260561e-55 1.68969281e-69 9.05651293e-32
  3.50852845e-53 2.73345836e-08 4.35385422e-29 4.00364888e-12
  2.05380728e-23 2.10372978e-48 1.76726979e-36 3.53811323e-44
  1.00000000e+00]
 [2.35135326e-31 3.00765219e-74 1.09707655e-56 1.96274902e-59
  4.02573376e-18 9.46125203e-43 8.65815957e-97 1.00000000e+00
  7.39341742e-95 9.71587009e-43 1.93223936e-20 4.52439277e-59
  3.21972507e-48 1.67996419e-92 1.63327538e-63 7.94187235e-83
  2.29236928e-78 2.32429574e-45 1.14263916e-45 1.17105689e-33
  1.00000000e+00]
 [1.56314874e-48 1.25167553e-27 1.49383421e-29 8.32778912e-90
  2.01441613e-62 6.24408769e-35 1.86305163e-40 7.39341742e-95
  1.00000000e+00 5.47408797e-64 1.84293067e-53 1.98343415e-55
  4.96523153e-30 3.51654853e-43 3.46509557e-21 4.89228641e-57
  2.27788799e-16 3.03146605e-89 1.03334337e-57 5.49583916e-57
  1.00000000e+00]
 [3.14467087e-80 4.73820896e-96 1.37453809e-69 1.88168972e-52
  7.56921912e-61 7.85733814e-61 2.17260561e-55 9.71587009e-43
  5.47408797e-64 1.00000000e+00 1.03334342e-43 1.31641079e-46
  3.28739016e-27 1.00870480e-53 3.47770512e-58 1.08827655e-45
  7.76806317e-53 7.00871907e-63 3.88061655e-33 1.11880373e-58
  1.00000000e+00]
 [7.11079114e-19 4.83579318e-34 3.27465399e-41 5.76917318e-38
  4.45956762e-04 5.51146099e-27 1.68969281e-69 1.93223936e-20
  1.84293067e-53 1.03334342e-43 1.00000000e+00 2.82285416e-61
  5.92030194e-19 3.58361406e-55 1.04286600e-37 7.86250657e-69
  1.06407090e-35 8.77995517e-24 4.60147435e-32 1.18090768e-44
  1.00000000e+00]
 [1.47953049e-65 1.06006142e-77 5.93749804e-23 1.13428763e-60
  6.18691237e-69 3.45871644e-39 9.05651293e-32 4.52439277e-59
  1.98343415e-55 1.31641079e-46 2.82285416e-61 1.00000000e+00
  9.91987678e-44 1.54038053e-30 1.41834523e-17 1.97057816e-52
  2.18036750e-32 1.50212524e-63 3.47885382e-42 5.43801206e-28
  1.00000000e+00]
 [1.12415859e-38 1.04178945e-47 3.66291574e-36 1.07932247e-52
  3.73521870e-31 7.20951184e-20 3.50852845e-53 3.21972507e-48
  4.96523153e-30 3.28739016e-27 5.92030194e-19 9.91987678e-44
  1.00000000e+00 1.85415559e-38 4.89659830e-22 9.41598095e-63
  8.28982202e-16 4.73659554e-50 2.08662932e-43 2.08288463e-63
  1.00000000e+00]
 [2.22697119e-82 3.53437557e-66 5.83341247e-47 1.23602921e-26
  2.67322193e-74 3.32492798e-59 2.73345836e-08 1.67996419e-92
  3.51654853e-43 1.00870480e-53 3.58361406e-55 1.54038053e-30
  1.85415559e-38 1.00000000e+00 1.11205170e-23 8.31819819e-30
  3.60587775e-13 1.03389047e-35 2.24667577e-29 8.48708063e-55
  1.00000000e+00]
 [4.61777393e-33 1.27072854e-36 2.42153783e-11 2.11249753e-57
  2.27822262e-44 4.82168058e-14 4.35385422e-29 1.63327538e-63
  3.46509557e-21 3.47770512e-58 1.04286600e-37 1.41834523e-17
  4.89659830e-22 1.11205170e-23 1.00000000e+00 2.57425318e-52
  1.88055511e-07 3.00131433e-53 1.40526706e-46 1.70260453e-35
  1.00000000e+00]
 [4.77182813e-85 1.18306589e-96 2.78545825e-82 1.80552851e-30
  5.82100892e-90 2.41464392e-72 4.00364888e-12 7.94187235e-83
  4.89228641e-57 1.08827655e-45 7.86250657e-69 1.97057816e-52
  9.41598095e-63 8.31819819e-30 2.57425318e-52 1.00000000e+00
  8.95242517e-47 4.11866055e-48 3.06057398e-43 4.12376853e-46
  1.00000000e+00]
 [4.85222643e-47 2.52338244e-35 1.41339942e-24 8.84167391e-47
  1.25379377e-48 1.07029359e-26 2.05380728e-23 2.29236928e-78
  2.27788799e-16 7.76806317e-53 1.06407090e-35 2.18036750e-32
  8.28982202e-16 3.60587775e-13 1.88055511e-07 8.95242517e-47
  1.00000000e+00 1.10186284e-46 1.94719388e-39 3.43187181e-53
  1.00000000e+00]
 [5.01252214e-56 1.01023111e-70 2.87949281e-71 8.24040111e-06
  5.92870710e-35 8.32107467e-62 2.10372978e-48 2.32429574e-45
  3.03146605e-89 7.00871907e-63 8.77995517e-24 1.50212524e-63
  4.73659554e-50 1.03389047e-35 3.00131433e-53 4.11866055e-48
  1.10186284e-46 1.00000000e+00 3.54174100e-29 1.30270168e-51
  1.00000000e+00]
 [2.29225573e-68 1.32337107e-48 6.73243376e-44 4.87407549e-30
  8.11212022e-41 1.15989921e-70 1.76726979e-36 1.14263916e-45
  1.03334337e-57 3.88061655e-33 4.60147435e-32 3.47885382e-42
  2.08662932e-43 2.24667577e-29 1.40526706e-46 3.06057398e-43
  1.94719388e-39 3.54174100e-29 1.00000000e+00 1.30290976e-29
  1.00000000e+00]
 [2.03903868e-38 6.09083100e-49 9.82998161e-27 1.33157448e-58
  2.29137137e-42 7.33679436e-46 3.53811323e-44 1.17105689e-33
  5.49583916e-57 1.11880373e-58 1.18090768e-44 5.43801206e-28
  2.08288463e-63 8.48708063e-55 1.70260453e-35 4.12376853e-46
  3.43187181e-53 1.30270168e-51 1.30290976e-29 1.00000000e+00
  1.00000000e+00]
 [1.00000000e+00 1.00000000e+00 1.00000000e+00 1.00000000e+00
  1.00000000e+00 1.00000000e+00 1.00000000e+00 1.00000000e+00
  1.00000000e+00 1.00000000e+00 1.00000000e+00 1.00000000e+00
  1.00000000e+00 1.00000000e+00 1.00000000e+00 1.00000000e+00
  1.00000000e+00 1.00000000e+00 1.00000000e+00 1.00000000e+00
  0.00000000e+00]]
