[[1.00000000e+00 9.57255837e-60 6.83959321e-40 ... 4.42602082e-49
  4.42222207e-26 1.00000000e+00]
 [9.57255837e-60 1.00000000e+00 2.42887490e-74 ... 8.16759743e-50
  5.91730074e-35 1.00000000e+00]
 [6.83959321e-40 2.42887490e-74 1.00000000e+00 ... 4.65345426e-20
  2.83994881e-29 1.00000000e+00]
 ...
 [4.42602082e-49 8.16759743e-50 4.65345426e-20 ... 1.00000000e+00
  6.44148793e-31 1.00000000e+00]
 [4.42222207e-26 5.91730074e-35 2.83994881e-29 ... 6.44148793e-31
  1.00000000e+00 1.00000000e+00]
 [1.00000000e+00 1.00000000e+00 1.00000000e+00 ... 1.00000000e+00
  1.00000000e+00 0.00000000e+00]]
