[[1.00000000e+000 9.60820373e-050 1.13169002e-044 4.54949602e-023
  9.85443474e-022 5.56114447e-021 2.37719337e-027 6.18597062e-034
  7.59357963e-060 1.29016557e-031 9.63760515e-033 3.17664550e-073
  5.30556084e-053 1.29524090e-027 8.67802732e-023 1.72324864e-037
  1.31601125e-034 1.59926656e-012 1.09283909e-038 1.33804427e-036
  1.00000000e+000]
 [9.60820373e-050 1.00000000e+000 1.25489518e-027 6.16092683e-030
  6.98920980e-043 1.25109445e-058 2.34335826e-051 1.21114025e-020
  7.97334142e-051 4.54732480e-035 1.04943896e-053 1.91758115e-017
  1.11045215e-036 1.09601051e-018 5.08388060e-065 1.79238241e-022
  4.32639610e-038 1.36310045e-025 2.71284236e-002 4.54897947e-049
  1.00000000e+000]
 [1.13169002e-044 1.25489518e-027 1.00000000e+000 1.91973260e-010
  1.03598631e-035 4.17312242e-030 8.40518207e-073 1.90903621e-035
  5.12839548e-098 1.88075824e-036 4.19024911e-044 1.24080711e-033
  4.32920093e-036 7.79101066e-023 7.47591200e-025 6.17736708e-054
  3.18093692e-059 4.59607122e-015 1.00682486e-029 3.99348412e-013
  1.00000000e+000]
 [4.54949602e-023 6.16092683e-030 1.91973260e-010 1.00000000e+000
  1.06597800e-030 1.59040813e-024 1.03381270e-039 1.38795479e-036
  6.41231530e-087 2.99628197e-025 1.29566920e-028 3.04268650e-046
  5.99880987e-034 7.57719957e-028 3.19112523e-010 3.22158407e-056
  6.65887381e-052 4.09792431e-004 7.04253180e-030 1.04554229e-010
  1.00000000e+000]
 [9.85443474e-022 6.98920980e-043 1.03598631e-035 1.06597800e-030
  1.00000000e+000 5.88985143e-035 5.42358283e-036 1.24821579e-038
  9.25715862e-037 2.69333503e-052 3.30572465e-068 7.40791431e-044
  9.27988227e-032 4.17737762e-028 9.35337431e-031 1.28924029e-039
  3.71863967e-018 7.86503878e-027 1.84394242e-034 1.66964148e-026
  1.00000000e+000]
 [5.56114447e-021 1.25109445e-058 4.17312242e-030 1.59040813e-024
  5.88985143e-035 1.00000000e+000 5.36651749e-050 1.73858069e-030
  5.86836635e-087 2.33167395e-020 6.41751455e-019 1.96214705e-092
  7.13663047e-057 2.03763180e-033 1.90608090e-026 2.03205977e-047
  1.11410579e-056 3.19969316e-015 6.02520275e-049 1.22088614e-023
  1.00000000e+000]
 [2.37719337e-027 2.34335826e-051 8.40518207e-073 1.03381270e-039
  5.42358283e-036 5.36651749e-050 1.00000000e+000 2.37650133e-048
  5.06942180e-042 1.05900692e-035 1.07911665e-047 1.04733106e-089
  2.10906086e-053 3.38128805e-063 1.60351893e-049 2.60947691e-058
  7.00305648e-041 2.69715476e-032 2.34016374e-043 1.36961044e-052
  1.00000000e+000]
 [6.18597062e-034 1.21114025e-020 1.90903621e-035 1.38795479e-036
  1.24821579e-038 1.73858069e-030 2.37650133e-048 1.00000000e+000
  4.88206216e-062 1.00495145e-012 4.12730799e-025 6.88748202e-056
  2.39992487e-070 6.51365659e-025 1.76819527e-056 1.66194748e-010
  4.20690928e-052 4.97372662e-023 7.20394996e-015 1.77863204e-056
  1.00000000e+000]
 [7.59357963e-060 7.97334142e-051 5.12839548e-098 6.41231530e-087
  9.25715862e-037 5.86836635e-087 5.06942180e-042 4.88206216e-062
  1.00000000e+000 9.98584139e-088 2.99900887e-115 2.78773110e-064
  3.44643634e-043 1.49468484e-050 2.52784854e-112 7.13027689e-039
  6.94841145e-011 1.63301007e-071 2.90376287e-039 2.45227242e-086
  1.00000000e+000]
 [1.29016557e-031 4.54732480e-035 1.88075824e-036 2.99628197e-025
  2.69333503e-052 2.33167395e-020 1.05900692e-035 1.00495145e-012
  9.98584139e-088 1.00000000e+000 1.18158214e-004 2.50876451e-085
  7.71757310e-075 3.42247011e-043 8.76834665e-041 5.02620236e-037
  1.47033282e-072 1.20041453e-015 1.34135750e-030 1.79844221e-045
  1.00000000e+000]
 [9.63760515e-033 1.04943896e-053 4.19024911e-044 1.29566920e-028
  3.30572465e-068 6.41751455e-019 1.07911665e-047 4.12730799e-025
  2.99900887e-115 1.18158214e-004 1.00000000e+000 2.80885416e-109
  5.70584651e-091 4.60292707e-053 8.42463282e-040 5.35777516e-053
  1.03623125e-091 2.35926209e-018 3.36566745e-048 5.24201397e-051
  1.00000000e+000]
 [3.17664550e-073 1.91758115e-017 1.24080711e-033 3.04268650e-046
  7.40791431e-044 1.96214705e-092 1.04733106e-089 6.88748202e-056
  2.78773110e-064 2.50876451e-085 2.80885416e-109 1.00000000e+000
  2.44825849e-034 4.13058756e-026 4.02006249e-077 1.86559680e-048
  9.20253669e-041 2.00601601e-049 2.41991908e-021 5.42353097e-056
  1.00000000e+000]
 [5.30556084e-053 1.11045215e-036 4.32920093e-036 5.99880987e-034
  9.27988227e-032 7.13663047e-057 2.10906086e-053 2.39992487e-070
  3.44643634e-043 7.71757310e-075 5.70584651e-091 2.44825849e-034
  1.00000000e+000 5.35272621e-030 9.44862868e-058 4.56346451e-065
  5.11398808e-019 2.28895219e-036 5.88812687e-035 1.80045466e-022
  1.00000000e+000]
 [1.29524090e-027 1.09601051e-018 7.79101066e-023 7.57719957e-028
  4.17737762e-028 2.03763180e-033 3.38128805e-063 6.51365659e-025
  1.49468484e-050 3.42247011e-043 4.60292707e-053 4.13058756e-026
  5.35272621e-030 1.00000000e+000 3.26043954e-050 5.15443514e-017
  4.15699782e-023 1.18142959e-018 2.40582616e-013 3.36288304e-036
  1.00000000e+000]
 [8.67802732e-023 5.08388060e-065 7.47591200e-025 3.19112523e-010
  9.35337431e-031 1.90608090e-026 1.60351893e-049 1.76819527e-056
  2.52784854e-112 8.76834665e-041 8.42463282e-040 4.02006249e-077
  9.44862868e-058 3.26043954e-050 1.00000000e+000 2.82891765e-082
  9.21199807e-071 3.85298881e-015 1.24972181e-061 1.81210770e-015
  1.00000000e+000]
 [1.72324864e-037 1.79238241e-022 6.17736708e-054 3.22158407e-056
  1.28924029e-039 2.03205977e-047 2.60947691e-058 1.66194748e-010
  7.13027689e-039 5.02620236e-037 5.35777516e-053 1.86559680e-048
  4.56346451e-065 5.15443514e-017 2.82891765e-082 1.00000000e+000
  5.09900090e-033 5.73615140e-037 2.13967159e-013 5.61715795e-075
  1.00000000e+000]
 [1.31601125e-034 4.32639610e-038 3.18093692e-059 6.65887381e-052
  3.71863967e-018 1.11410579e-056 7.00305648e-041 4.20690928e-052
  6.94841145e-011 1.47033282e-072 1.03623125e-091 9.20253669e-041
  5.11398808e-019 4.15699782e-023 9.21199807e-071 5.09900090e-033
  1.00000000e+000 9.09258200e-042 2.45321063e-028 1.85133360e-048
  1.00000000e+000]
 [1.59926656e-012 1.36310045e-025 4.59607122e-015 4.09792431e-004
  7.86503878e-027 3.19969316e-015 2.69715476e-032 4.97372662e-023
  1.63301007e-071 1.20041453e-015 2.35926209e-018 2.00601601e-049
  2.28895219e-036 1.18142959e-018 3.85298881e-015 5.73615140e-037
  9.09258200e-042 1.00000000e+000 5.21279482e-022 6.88224147e-017
  1.00000000e+000]
 [1.09283909e-038 2.71284236e-002 1.00682486e-029 7.04253180e-030
  1.84394242e-034 6.02520275e-049 2.34016374e-043 7.20394996e-015
  2.90376287e-039 1.34135750e-030 3.36566745e-048 2.41991908e-021
  5.88812687e-035 2.40582616e-013 1.24972181e-061 2.13967159e-013
  2.45321063e-028 5.21279482e-022 1.00000000e+000 1.47538552e-047
  1.00000000e+000]
 [1.33804427e-036 4.54897947e-049 3.99348412e-013 1.04554229e-010
  1.66964148e-026 1.22088614e-023 1.36961044e-052 1.77863204e-056
  2.45227242e-086 1.79844221e-045 5.24201397e-051 5.42353097e-056
  1.80045466e-022 3.36288304e-036 1.81210770e-015 5.61715795e-075
  1.85133360e-048 6.88224147e-017 1.47538552e-047 1.00000000e+000
  1.00000000e+000]
 [1.00000000e+000 1.00000000e+000 1.00000000e+000 1.00000000e+000
  1.00000000e+000 1.00000000e+000 1.00000000e+000 1.00000000e+000
  1.00000000e+000 1.00000000e+000 1.00000000e+000 1.00000000e+000
  1.00000000e+000 1.00000000e+000 1.00000000e+000 1.00000000e+000
  1.00000000e+000 1.00000000e+000 1.00000000e+000 1.00000000e+000
  0.00000000e+000]]
