[[1.00000000e+000 1.17574129e-039 1.01937478e-050 1.28732339e-022
  1.93614498e-049 1.45783338e-020 1.19747276e-051 8.73433235e-107
  1.94581718e-050 2.32332202e-016 1.02821320e-033 5.08084756e-054
  1.74912173e-101 7.04443587e-105 1.76013548e-063 6.14714245e-035
  2.42206593e-049 2.11029955e-025 5.22395636e-033 3.62793812e-029
  1.00000000e+000]
 [1.17574129e-039 1.00000000e+000 8.33286491e-048 4.73624328e-016
  4.30793722e-030 3.01273712e-053 5.72012365e-032 1.00713865e-035
  1.61611619e-035 9.83444776e-042 4.82127887e-034 1.35326443e-026
  5.75293717e-052 2.56922470e-039 1.04994207e-032 2.17256313e-073
  3.79130012e-035 1.48173363e-048 4.91972404e-034 5.20437074e-054
  1.00000000e+000]
 [1.01937478e-050 8.33286491e-048 1.00000000e+000 3.68939758e-042
  3.50717462e-018 8.40960860e-024 2.23041642e-050 2.76129926e-057
  4.79756206e-016 5.98729004e-028 5.72723778e-057 3.93469104e-034
  9.43873217e-043 1.20627585e-034 7.02809473e-018 2.35835801e-026
  6.50398442e-027 4.06723331e-023 1.07061991e-058 9.42924380e-058
  1.00000000e+000]
 [1.28732339e-022 4.73624328e-016 3.68939758e-042 1.00000000e+000
  1.14013415e-035 2.11721390e-031 6.74969027e-044 2.23683163e-071
  4.31854086e-041 8.91712710e-036 3.44853899e-034 9.27968612e-032
  5.78078190e-080 8.56121073e-067 3.06432064e-042 1.57581037e-064
  1.18926186e-030 2.29069402e-024 3.66860932e-009 8.27086415e-063
  1.00000000e+000]
 [1.93614498e-049 4.30793722e-030 3.50717462e-018 1.14013415e-035
  1.00000000e+000 6.46477616e-036 7.24465344e-056 2.36375173e-060
  7.52174528e-020 7.18755036e-045 1.46720997e-064 1.07923420e-026
  9.77673812e-063 5.51029745e-046 2.61953695e-032 5.72100193e-061
  3.90659287e-033 2.14091430e-024 1.45234792e-066 5.32384399e-077
  1.00000000e+000]
 [1.45783338e-020 3.01273712e-053 8.40960860e-024 2.11721390e-031
  6.46477616e-036 1.00000000e+000 1.03469417e-033 2.36035138e-108
  2.36585436e-020 3.57318432e-029 4.62486972e-056 4.95155262e-069
  5.83580478e-093 1.23960447e-078 1.11401692e-050 2.13786423e-028
  4.87552763e-020 6.83684953e-025 1.24294144e-033 8.73971088e-054
  1.00000000e+000]
 [1.19747276e-051 5.72012365e-032 2.23041642e-050 6.74969027e-044
  7.24465344e-056 1.03469417e-033 1.00000000e+000 3.72378975e-069
  2.51149032e-019 2.60773060e-055 2.03385522e-057 2.20349573e-086
  2.60841573e-068 1.16006617e-043 9.50122980e-048 1.02414812e-059
  7.65621134e-017 9.46603791e-079 2.42386115e-039 4.77843315e-058
  1.00000000e+000]
 [8.73433235e-107 1.00713865e-035 2.76129926e-057 2.23683163e-071
  2.36375173e-060 2.36035138e-108 3.72378975e-069 1.00000000e+000
  6.18260504e-055 2.52655676e-072 1.68351823e-045 1.53208226e-044
  9.15415906e-008 3.04501842e-013 1.17549662e-016 4.97768529e-085
  5.53491098e-083 5.72834726e-087 2.19625489e-096 2.96857957e-075
  1.00000000e+000]
 [1.94581718e-050 1.61611619e-035 4.79756206e-016 4.31854086e-041
  7.52174528e-020 2.36585436e-020 2.51149032e-019 6.18260504e-055
  1.00000000e+000 8.46327355e-046 6.83655550e-052 9.78651572e-060
  9.21367743e-047 4.95537732e-028 3.85525614e-022 1.13050146e-041
  7.55532868e-017 3.76862918e-040 6.96238655e-052 3.18899634e-064
  1.00000000e+000]
 [2.32332202e-016 9.83444776e-042 5.98729004e-028 8.91712710e-036
  7.18755036e-045 3.57318432e-029 2.60773060e-055 2.52655676e-072
  8.46327355e-046 1.00000000e+000 7.24427616e-033 6.29638093e-033
  7.05199934e-060 4.78498605e-072 1.28851820e-038 3.01430132e-012
  5.10976829e-049 6.34168212e-028 1.94295967e-050 3.40282999e-011
  1.00000000e+000]
 [1.02821320e-033 4.82127887e-034 5.72723778e-057 3.44853899e-034
  1.46720997e-064 4.62486972e-056 2.03385522e-057 1.68351823e-045
  6.83655550e-052 7.24427616e-033 1.00000000e+000 7.36863254e-053
  1.24380688e-041 2.35310240e-062 2.03406082e-027 3.68347550e-042
  1.50993779e-077 3.70954721e-040 8.48293269e-047 2.37405964e-032
  1.00000000e+000]
 [5.08084756e-054 1.35326443e-026 3.93469104e-034 9.27968612e-032
  1.07923420e-026 4.95155262e-069 2.20349573e-086 1.53208226e-044
  9.78651572e-060 6.29638093e-033 7.36863254e-053 1.00000000e+000
  4.33967116e-053 5.18355778e-054 1.11533646e-033 2.29543649e-066
  3.43525538e-061 2.99563344e-032 2.43904622e-064 9.03864181e-062
  1.00000000e+000]
 [1.74912173e-101 5.75293717e-052 9.43873217e-043 5.78078190e-080
  9.77673812e-063 5.83580478e-093 2.60841573e-068 9.15415906e-008
  9.21367743e-047 7.05199934e-060 1.24380688e-041 4.33967116e-053
  1.00000000e+000 1.62309920e-013 8.64985619e-010 4.42427504e-057
  1.49485409e-081 4.30066867e-078 7.98135739e-101 1.19879635e-061
  1.00000000e+000]
 [7.04443587e-105 2.56922470e-039 1.20627585e-034 8.56121073e-067
  5.51029745e-046 1.23960447e-078 1.16006617e-043 3.04501842e-013
  4.95537732e-028 4.78498605e-072 2.35310240e-062 5.18355778e-054
  1.62309920e-013 1.00000000e+000 3.50825389e-013 6.55953226e-074
  6.90729788e-047 5.84044947e-081 7.57945161e-082 1.45718112e-084
  1.00000000e+000]
 [1.76013548e-063 1.04994207e-032 7.02809473e-018 3.06432064e-042
  2.61953695e-032 1.11401692e-050 9.50122980e-048 1.17549662e-016
  3.85525614e-022 1.28851820e-038 2.03406082e-027 1.11533646e-033
  8.64985619e-010 3.50825389e-013 1.00000000e+000 5.18685258e-039
  2.28382509e-047 9.17343558e-038 9.06106025e-060 1.45508970e-053
  1.00000000e+000]
 [6.14714245e-035 2.17256313e-073 2.35835801e-026 1.57581037e-064
  5.72100193e-061 2.13786423e-028 1.02414812e-059 4.97768529e-085
  1.13050146e-041 3.01430132e-012 3.68347550e-042 2.29543649e-066
  4.42427504e-057 6.55953226e-074 5.18685258e-039 1.00000000e+000
  2.26929892e-059 2.59346276e-039 3.09825267e-073 7.82066746e-019
  1.00000000e+000]
 [2.42206593e-049 3.79130012e-035 6.50398442e-027 1.18926186e-030
  3.90659287e-033 4.87552763e-020 7.65621134e-017 5.53491098e-083
  7.55532868e-017 5.10976829e-049 1.50993779e-077 3.43525538e-061
  1.49485409e-081 6.90729788e-047 2.28382509e-047 2.26929892e-059
  1.00000000e+000 3.94531963e-053 2.12487195e-030 4.79806514e-076
  1.00000000e+000]
 [2.11029955e-025 1.48173363e-048 4.06723331e-023 2.29069402e-024
  2.14091430e-024 6.83684953e-025 9.46603791e-079 5.72834726e-087
  3.76862918e-040 6.34168212e-028 3.70954721e-040 2.99563344e-032
  4.30066867e-078 5.84044947e-081 9.17343558e-038 2.59346276e-039
  3.94531963e-053 1.00000000e+000 3.53022800e-046 1.47214122e-062
  1.00000000e+000]
 [5.22395636e-033 4.91972404e-034 1.07061991e-058 3.66860932e-009
  1.45234792e-066 1.24294144e-033 2.42386115e-039 2.19625489e-096
  6.96238655e-052 1.94295967e-050 8.48293269e-047 2.43904622e-064
  7.98135739e-101 7.57945161e-082 9.06106025e-060 3.09825267e-073
  2.12487195e-030 3.53022800e-046 1.00000000e+000 2.34675049e-075
  1.00000000e+000]
 [3.62793812e-029 5.20437074e-054 9.42924380e-058 8.27086415e-063
  5.32384399e-077 8.73971088e-054 4.77843315e-058 2.96857957e-075
  3.18899634e-064 3.40282999e-011 2.37405964e-032 9.03864181e-062
  1.19879635e-061 1.45718112e-084 1.45508970e-053 7.82066746e-019
  4.79806514e-076 1.47214122e-062 2.34675049e-075 1.00000000e+000
  1.00000000e+000]
 [1.00000000e+000 1.00000000e+000 1.00000000e+000 1.00000000e+000
  1.00000000e+000 1.00000000e+000 1.00000000e+000 1.00000000e+000
  1.00000000e+000 1.00000000e+000 1.00000000e+000 1.00000000e+000
  1.00000000e+000 1.00000000e+000 1.00000000e+000 1.00000000e+000
  1.00000000e+000 1.00000000e+000 1.00000000e+000 1.00000000e+000
  0.00000000e+000]]
