[[1.00000000e+000 2.98698156e-053 1.45103188e-020 9.92556146e-036
  1.22409877e-023 8.96893929e-054 2.48016276e-049 1.03479127e-041
  1.02773531e-017 7.68767283e-042 5.47250196e-059 8.89997626e-009
  1.19448827e-017 2.03226553e-056 1.92021267e-056 2.27985868e-054
  1.10210517e-044 2.64335520e-069 1.35089578e-068 1.37828240e-035
  1.00000000e+000]
 [2.98698156e-053 1.00000000e+000 4.75241706e-022 1.06409702e-019
  1.27122320e-018 1.31708857e-027 1.00981512e-077 4.90882281e-034
  1.41630584e-054 8.34375191e-017 3.43879580e-043 1.18595669e-037
  2.89107785e-041 3.58417542e-049 5.73192913e-041 1.82703582e-055
  1.52635132e-017 2.05180995e-019 7.64341785e-028 1.26531815e-041
  1.00000000e+000]
 [1.45103188e-020 4.75241706e-022 1.00000000e+000 4.13934595e-034
  5.38150964e-007 5.60014330e-014 1.25762082e-047 8.00040879e-036
  5.36574786e-035 3.06145132e-023 5.90162310e-033 2.54404186e-025
  1.68318836e-015 1.43157061e-072 1.12532289e-029 4.69561495e-038
  2.63867028e-031 2.12558054e-034 7.54100985e-060 1.64593385e-055
  1.00000000e+000]
 [9.92556146e-036 1.06409702e-019 4.13934595e-034 1.00000000e+000
  1.40933368e-033 2.46402628e-059 1.24526560e-046 1.02447201e-023
  1.93235788e-037 3.40956136e-038 2.26328633e-038 2.26572604e-014
  4.25806488e-044 1.43592584e-021 3.67816926e-047 1.34187266e-074
  3.93270143e-018 8.10495710e-047 2.44318728e-015 3.11270045e-015
  1.00000000e+000]
 [1.22409877e-023 1.27122320e-018 5.38150964e-007 1.40933368e-033
  1.00000000e+000 6.06103322e-020 3.10347696e-059 2.54685097e-045
  5.98204877e-024 1.03090071e-017 1.07399895e-031 1.37155025e-024
  3.52987056e-014 2.94558118e-065 5.16555184e-046 4.48337500e-040
  1.06761790e-034 1.65991298e-027 5.49320850e-053 9.14411019e-040
  1.00000000e+000]
 [8.96893929e-054 1.31708857e-027 5.60014330e-014 2.46402628e-059
  6.06103322e-020 1.00000000e+000 2.37706135e-076 1.16480743e-078
  1.33651377e-071 1.36651257e-016 1.41670540e-046 3.53216419e-055
  3.86370398e-051 3.55272078e-122 4.26966112e-036 3.91141677e-067
  1.91750831e-057 1.60028776e-049 7.37171103e-096 1.15424045e-090
  1.00000000e+000]
 [2.48016276e-049 1.00981512e-077 1.25762082e-047 1.24526560e-046
  3.10347696e-059 2.37706135e-076 1.00000000e+000 5.97028216e-074
  7.26828133e-041 3.66273959e-087 2.64769559e-019 6.35259579e-035
  1.37832085e-071 5.39206648e-080 1.40089457e-033 2.50061105e-072
  3.37727875e-057 3.26563993e-078 3.15059490e-093 8.70762454e-075
  1.00000000e+000]
 [1.03479127e-041 4.90882281e-034 8.00040879e-036 1.02447201e-023
  2.54685097e-045 1.16480743e-078 5.97028216e-074 1.00000000e+000
  1.88054435e-057 3.62404740e-069 3.97138999e-071 1.09507132e-036
  1.02229495e-028 2.87027991e-027 1.39145802e-061 5.68247691e-058
  6.31951400e-019 2.67304568e-048 4.44932406e-020 1.81764255e-045
  1.00000000e+000]
 [1.02773531e-017 1.41630584e-054 5.36574786e-035 1.93235788e-037
  5.98204877e-024 1.33651377e-071 7.26828133e-041 1.88054435e-057
  1.00000000e+000 6.48906350e-051 1.83226136e-039 4.42043248e-013
  2.84063303e-028 2.03143275e-042 9.70737436e-061 1.33412239e-041
  1.00169673e-041 3.90657481e-048 2.07077281e-064 1.08314468e-026
  1.00000000e+000]
 [7.68767283e-042 8.34375191e-017 3.06145132e-023 3.40956136e-038
  1.03090071e-017 1.36651257e-016 3.66273959e-087 3.62404740e-069
  6.48906350e-051 1.00000000e+000 5.31452629e-059 3.69075850e-034
  1.64461253e-050 1.28857195e-079 1.05181820e-044 3.78193644e-064
  1.10170193e-039 3.71958833e-041 2.00117225e-069 8.58924587e-051
  1.00000000e+000]
 [5.47250196e-059 3.43879580e-043 5.90162310e-033 2.26328633e-038
  1.07399895e-031 1.41670540e-046 2.64769559e-019 3.97138999e-071
  1.83226136e-039 5.31452629e-059 1.00000000e+000 2.74549170e-041
  2.08824124e-056 2.31341486e-080 5.94849052e-039 1.14411796e-067
  1.02465836e-050 6.33227622e-046 7.70392247e-068 2.71832614e-061
  1.00000000e+000]
 [8.89997626e-009 1.18595669e-037 2.54404186e-025 2.26572604e-014
  1.37155025e-024 3.53216419e-055 6.35259579e-035 1.09507132e-036
  4.42043248e-013 3.69075850e-034 2.74549170e-041 1.00000000e+000
  4.47445537e-030 1.44676894e-032 7.84431650e-044 3.03885326e-056
  6.45666492e-028 3.42307494e-055 1.60608594e-045 3.07767437e-017
  1.00000000e+000]
 [1.19448827e-017 2.89107785e-041 1.68318836e-015 4.25806488e-044
  3.52987056e-014 3.86370398e-051 1.37832085e-071 1.02229495e-028
  2.84063303e-028 1.64461253e-050 2.08824124e-056 4.47445537e-030
  1.00000000e+000 1.60977624e-060 2.74799097e-072 2.42557661e-045
  3.31377811e-044 3.15060030e-048 1.09853502e-051 1.10551055e-044
  1.00000000e+000]
 [2.03226553e-056 3.58417542e-049 1.43157061e-072 1.43592584e-021
  2.94558118e-065 3.55272078e-122 5.39206648e-080 2.87027991e-027
  2.03143275e-042 1.28857195e-079 2.31341486e-080 1.44676894e-032
  1.60977624e-060 1.00000000e+000 2.23915667e-081 3.43038727e-069
  2.36866038e-021 5.85999679e-053 7.37358756e-020 3.30370674e-022
  1.00000000e+000]
 [1.92021267e-056 5.73192913e-041 1.12532289e-029 3.67816926e-047
  5.16555184e-046 4.26966112e-036 1.40089457e-033 1.39145802e-061
  9.70737436e-061 1.05181820e-044 5.94849052e-039 7.84431650e-044
  2.74799097e-072 2.23915667e-081 1.00000000e+000 2.46600801e-037
  7.82492598e-027 1.16406535e-038 3.63325755e-091 5.14390647e-093
  1.00000000e+000]
 [2.27985868e-054 1.82703582e-055 4.69561495e-038 1.34187266e-074
  4.48337500e-040 3.91141677e-067 2.50061105e-072 5.68247691e-058
  1.33412239e-041 3.78193644e-064 1.14411796e-067 3.03885326e-056
  2.42557661e-045 3.43038727e-069 2.46600801e-037 1.00000000e+000
  5.97548062e-030 7.03234170e-020 1.01306825e-094 1.28725434e-093
  1.00000000e+000]
 [1.10210517e-044 1.52635132e-017 2.63867028e-031 3.93270143e-018
  1.06761790e-034 1.91750831e-057 3.37727875e-057 6.31951400e-019
  1.00169673e-041 1.10170193e-039 1.02465836e-050 6.45666492e-028
  3.31377811e-044 2.36866038e-021 7.82492598e-027 5.97548062e-030
  1.00000000e+000 2.24665408e-017 1.59876035e-029 1.05717650e-042
  1.00000000e+000]
 [2.64335520e-069 2.05180995e-019 2.12558054e-034 8.10495710e-047
  1.65991298e-027 1.60028776e-049 3.26563993e-078 2.67304568e-048
  3.90657481e-048 3.71958833e-041 6.33227622e-046 3.42307494e-055
  3.15060030e-048 5.85999679e-053 1.16406535e-038 7.03234170e-020
  2.24665408e-017 1.00000000e+000 2.36519466e-052 2.57271525e-067
  1.00000000e+000]
 [1.35089578e-068 7.64341785e-028 7.54100985e-060 2.44318728e-015
  5.49320850e-053 7.37171103e-096 3.15059490e-093 4.44932406e-020
  2.07077281e-064 2.00117225e-069 7.70392247e-068 1.60608594e-045
  1.09853502e-051 7.37358756e-020 3.63325755e-091 1.01306825e-094
  1.59876035e-029 2.36519466e-052 1.00000000e+000 3.35437554e-024
  1.00000000e+000]
 [1.37828240e-035 1.26531815e-041 1.64593385e-055 3.11270045e-015
  9.14411019e-040 1.15424045e-090 8.70762454e-075 1.81764255e-045
  1.08314468e-026 8.58924587e-051 2.71832614e-061 3.07767437e-017
  1.10551055e-044 3.30370674e-022 5.14390647e-093 1.28725434e-093
  1.05717650e-042 2.57271525e-067 3.35437554e-024 1.00000000e+000
  1.00000000e+000]
 [1.00000000e+000 1.00000000e+000 1.00000000e+000 1.00000000e+000
  1.00000000e+000 1.00000000e+000 1.00000000e+000 1.00000000e+000
  1.00000000e+000 1.00000000e+000 1.00000000e+000 1.00000000e+000
  1.00000000e+000 1.00000000e+000 1.00000000e+000 1.00000000e+000
  1.00000000e+000 1.00000000e+000 1.00000000e+000 1.00000000e+000
  0.00000000e+000]]
