[[1.00000000e+00 1.50352670e-31 1.39501325e-10 ... 6.64537894e-39
  3.36380335e-30 1.00000000e+00]
 [1.50352670e-31 1.00000000e+00 6.00450978e-57 ... 2.70486287e-57
  1.28682529e-32 1.00000000e+00]
 [1.39501325e-10 6.00450978e-57 1.00000000e+00 ... 7.67899797e-32
  5.00729746e-38 1.00000000e+00]
 ...
 [6.64537894e-39 2.70486287e-57 7.67899797e-32 ... 1.00000000e+00
  1.43747309e-67 1.00000000e+00]
 [3.36380335e-30 1.28682529e-32 5.00729746e-38 ... 1.43747309e-67
  1.00000000e+00 1.00000000e+00]
 [1.00000000e+00 1.00000000e+00 1.00000000e+00 ... 1.00000000e+00
  1.00000000e+00 0.00000000e+00]]
