[[1.00000000e+00 1.90316366e-57 6.57986992e-10 1.00420347e-48
  1.11922757e-60 2.27713315e-30 5.56683315e-26 1.33347090e-31
  6.76145930e-25 5.98173722e-40 5.89739983e-44 6.98405823e-30
  7.66114773e-21 2.19836921e-44 6.70034675e-14 8.46999774e-27
  2.53587393e-08 3.28906530e-49 1.11215702e-20 4.45988053e-06
  1.00000000e+00]
 [1.90316366e-57 1.00000000e+00 7.46743628e-39 4.52032681e-32
  1.53147225e-47 1.27842024e-34 3.87509742e-44 1.64205004e-64
  4.91380313e-59 4.16489282e-19 2.73774283e-45 1.39806536e-74
  3.24229200e-76 6.74694294e-84 4.49006745e-54 2.91160357e-22
  6.09804389e-64 1.23646937e-99 2.08202359e-64 1.05113431e-53
  1.00000000e+00]
 [6.57986992e-10 7.46743628e-39 1.00000000e+00 3.02539676e-47
  2.63264531e-75 6.25054228e-31 9.17505299e-35 2.86180951e-39
  5.23911272e-38 7.45571540e-28 1.71318860e-27 5.82240358e-48
  4.19626753e-43 3.39571360e-45 2.76611750e-11 8.85085799e-30
  2.26551151e-14 2.21482315e-51 1.29008499e-28 1.14225584e-14
  1.00000000e+00]
 [1.00420347e-48 4.52032681e-32 3.02539676e-47 1.00000000e+00
  1.29287006e-20 1.75514303e-18 6.63435390e-66 2.93626812e-17
  3.63134170e-25 3.08213395e-07 5.28566967e-42 1.15155083e-53
  1.45383595e-35 1.31489926e-33 2.48761067e-48 3.66730682e-15
  2.82270781e-66 3.27851718e-43 1.15505228e-36 4.59082589e-50
  1.00000000e+00]
 [1.11922757e-60 1.53147225e-47 2.63264531e-75 1.29287006e-20
  1.00000000e+00 5.25620381e-26 1.19026493e-45 1.51940126e-30
  8.12749067e-42 9.08466239e-34 2.05522337e-89 4.50324641e-34
  5.89408312e-34 1.00633321e-82 6.32013062e-74 7.15604215e-20
  1.36839096e-66 3.36140893e-64 1.59494929e-62 1.93712595e-59
  1.00000000e+00]
 [2.27713315e-30 1.27842024e-34 6.25054228e-31 1.75514303e-18
  5.25620381e-26 1.00000000e+00 1.08426223e-31 1.36432977e-21
  1.18425995e-24 4.07016115e-18 1.18033068e-33 3.08662323e-44
  2.04626542e-40 1.04567820e-36 1.45671623e-50 2.17796214e-20
  2.92678710e-30 1.17496529e-27 1.11138989e-34 1.72258961e-32
  1.00000000e+00]
 [5.56683315e-26 3.87509742e-44 9.17505299e-35 6.63435390e-66
  1.19026493e-45 1.08426223e-31 1.00000000e+00 6.81893658e-64
  6.44114068e-47 8.66656184e-58 4.58516977e-68 3.55579357e-27
  7.18287029e-51 6.94639124e-98 5.03281670e-48 2.04506190e-35
  2.31290244e-16 6.07566677e-84 1.67144576e-50 2.43671645e-20
  1.00000000e+00]
 [1.33347090e-31 1.64205004e-64 2.86180951e-39 2.93626812e-17
  1.51940126e-30 1.36432977e-21 6.81893658e-64 1.00000000e+00
  2.74017251e-33 2.23230882e-19 7.21425736e-63 1.73060674e-37
  1.49913113e-14 2.11918620e-36 1.87548385e-37 1.22146162e-19
  3.01740480e-42 1.91562423e-16 4.62664340e-41 3.41685872e-44
  1.00000000e+00]
 [6.76145930e-25 4.91380313e-59 5.23911272e-38 3.63134170e-25
  8.12749067e-42 1.18425995e-24 6.44114068e-47 2.74017251e-33
  1.00000000e+00 1.85666973e-36 3.98162216e-28 5.66034116e-39
  1.36847028e-31 6.48025442e-20 3.45082652e-37 1.57333681e-34
  3.28567746e-43 1.14256191e-49 8.72648131e-05 3.09626818e-17
  1.00000000e+00]
 [5.98173722e-40 4.16489282e-19 7.45571540e-28 3.08213395e-07
  9.08466239e-34 4.07016115e-18 8.66656184e-58 2.23230882e-19
  1.85666973e-36 1.00000000e+00 1.60293338e-34 4.16707789e-56
  1.13808569e-40 1.68093269e-39 2.17436596e-34 7.54981946e-12
  7.78753602e-52 1.74827476e-42 1.39587073e-41 5.59086250e-45
  1.00000000e+00]
 [5.89739983e-44 2.73774283e-45 1.71318860e-27 5.28566967e-42
  2.05522337e-89 1.18033068e-33 4.58516977e-68 7.21425736e-63
  3.98162216e-28 1.60293338e-34 1.00000000e+00 6.17811924e-86
  4.86940155e-85 1.20383800e-22 8.10376395e-45 5.67239514e-58
  1.32611454e-55 8.90692982e-62 1.98695363e-21 9.06421078e-35
  1.00000000e+00]
 [6.98405823e-30 1.39806536e-74 5.82240358e-48 1.15155083e-53
  4.50324641e-34 3.08662323e-44 3.55579357e-27 1.73060674e-37
  5.66034116e-39 4.16707789e-56 6.17811924e-86 1.00000000e+00
  2.44695228e-23 6.32159321e-88 4.18005608e-33 6.77320977e-38
  2.96192000e-28 4.62496987e-59 1.05725040e-40 1.74383128e-24
  1.00000000e+00]
 [7.66114773e-21 3.24229200e-76 4.19626753e-43 1.45383595e-35
  5.89408312e-34 2.04626542e-40 7.18287029e-51 1.49913113e-14
  1.36847028e-31 1.13808569e-40 4.86940155e-85 2.44695228e-23
  1.00000000e+00 3.56748847e-57 2.48826797e-30 6.63143694e-20
  5.05558067e-37 2.25319396e-48 2.56253774e-38 1.83192185e-31
  1.00000000e+00]
 [2.19836921e-44 6.74694294e-84 3.39571360e-45 1.31489926e-33
  1.00633321e-82 1.04567820e-36 6.94639124e-98 2.11918620e-36
  6.48025442e-20 1.68093269e-39 1.20383800e-22 6.32159321e-88
  3.56748847e-57 1.00000000e+00 2.37114069e-53 5.49002808e-58
  4.80345139e-68 8.13389464e-37 4.57841278e-20 1.23960354e-46
  1.00000000e+00]
 [6.70034675e-14 4.49006745e-54 2.76611750e-11 2.48761067e-48
  6.32013062e-74 1.45671623e-50 5.03281670e-48 1.87548385e-37
  3.45082652e-37 2.17436596e-34 8.10376395e-45 4.18005608e-33
  2.48826797e-30 2.37114069e-53 1.00000000e+00 7.44819061e-33
  2.89094562e-26 5.30748586e-61 3.55192970e-25 1.12077995e-15
  1.00000000e+00]
 [8.46999774e-27 2.91160357e-22 8.85085799e-30 3.66730682e-15
  7.15604215e-20 2.17796214e-20 2.04506190e-35 1.22146162e-19
  1.57333681e-34 7.54981946e-12 5.67239514e-58 6.77320977e-38
  6.63143694e-20 5.49002808e-58 7.44819061e-33 1.00000000e+00
  6.64572167e-39 1.38792841e-57 3.74021918e-44 1.83416232e-34
  1.00000000e+00]
 [2.53587393e-08 6.09804389e-64 2.26551151e-14 2.82270781e-66
  1.36839096e-66 2.92678710e-30 2.31290244e-16 3.01740480e-42
  3.28567746e-43 7.78753602e-52 1.32611454e-55 2.96192000e-28
  5.05558067e-37 4.80345139e-68 2.89094562e-26 6.64572167e-39
  1.00000000e+00 1.55213161e-47 2.12967398e-38 8.21869527e-13
  1.00000000e+00]
 [3.28906530e-49 1.23646937e-99 2.21482315e-51 3.27851718e-43
  3.36140893e-64 1.17496529e-27 6.07566677e-84 1.91562423e-16
  1.14256191e-49 1.74827476e-42 8.90692982e-62 4.62496987e-59
  2.25319396e-48 8.13389464e-37 5.30748586e-61 1.38792841e-57
  1.55213161e-47 1.00000000e+00 5.38832450e-53 2.75526447e-60
  1.00000000e+00]
 [1.11215702e-20 2.08202359e-64 1.29008499e-28 1.15505228e-36
  1.59494929e-62 1.11138989e-34 1.67144576e-50 4.62664340e-41
  8.72648131e-05 1.39587073e-41 1.98695363e-21 1.05725040e-40
  2.56253774e-38 4.57841278e-20 3.55192970e-25 3.74021918e-44
  2.12967398e-38 5.38832450e-53 1.00000000e+00 1.24270198e-11
  1.00000000e+00]
 [4.45988053e-06 1.05113431e-53 1.14225584e-14 4.59082589e-50
  1.93712595e-59 1.72258961e-32 2.43671645e-20 3.41685872e-44
  3.09626818e-17 5.59086250e-45 9.06421078e-35 1.74383128e-24
  1.83192185e-31 1.23960354e-46 1.12077995e-15 1.83416232e-34
  8.21869527e-13 2.75526447e-60 1.24270198e-11 1.00000000e+00
  1.00000000e+00]
 [1.00000000e+00 1.00000000e+00 1.00000000e+00 1.00000000e+00
  1.00000000e+00 1.00000000e+00 1.00000000e+00 1.00000000e+00
  1.00000000e+00 1.00000000e+00 1.00000000e+00 1.00000000e+00
  1.00000000e+00 1.00000000e+00 1.00000000e+00 1.00000000e+00
  1.00000000e+00 1.00000000e+00 1.00000000e+00 1.00000000e+00
  0.00000000e+00]]
