[[1.00000000e+000 8.42626421e-042 7.93901430e-057 3.49490964e-058
  3.57665282e-027 1.10841470e-019 1.42071051e-017 1.53413301e-026
  1.50831973e-024 1.04335826e-033 6.31475246e-050 7.08013045e-053
  1.07319202e-055 6.86875990e-034 7.06874360e-017 3.61237286e-025
  3.61933930e-048 9.49735020e-099 6.00945916e-034 6.22878067e-004
  1.00000000e+000]
 [8.42626421e-042 1.00000000e+000 5.78342566e-028 1.00810486e-038
  2.76545348e-006 8.59153325e-049 6.44655276e-048 1.23570863e-009
  4.06270188e-048 7.48204149e-032 3.33052568e-040 8.43164268e-034
  6.86842446e-044 7.30835548e-032 2.84715698e-023 3.04636036e-050
  8.67399116e-062 7.52804843e-072 6.61320023e-048 1.19699438e-049
  1.00000000e+000]
 [7.93901430e-057 5.78342566e-028 1.00000000e+000 1.00576505e-047
  1.64450401e-023 1.65444759e-063 9.81543790e-064 4.86470864e-029
  6.73572564e-070 2.79414981e-017 5.27971988e-068 3.03497345e-027
  2.24268205e-061 8.28542174e-057 1.77508436e-040 4.32190303e-032
  5.24688988e-118 1.52280896e-109 2.37755594e-064 1.39937751e-055
  1.00000000e+000]
 [3.49490964e-058 1.00810486e-038 1.00576505e-047 1.00000000e+000
  3.25225657e-028 2.28358043e-042 2.91878156e-071 7.94323088e-036
  8.96687312e-033 4.36661992e-058 1.48786721e-008 1.06618383e-018
  7.84319460e-031 9.86039938e-033 1.00773429e-021 2.66832319e-048
  1.28983214e-034 1.02741731e-026 9.03596177e-051 9.11495031e-053
  1.00000000e+000]
 [3.57665282e-027 2.76545348e-006 1.64450401e-023 3.25225657e-028
  1.00000000e+000 1.53463388e-038 8.75560593e-041 1.31040859e-005
  4.66703265e-039 1.23083662e-024 2.36763517e-031 2.41330937e-030
  3.68499501e-033 1.04835789e-031 6.03358363e-014 3.55013858e-040
  1.65158476e-051 5.79448156e-054 1.77461791e-030 1.09086831e-028
  1.00000000e+000]
 [1.10841470e-019 8.59153325e-049 1.65444759e-063 2.28358043e-042
  1.53463388e-038 1.00000000e+000 4.12821931e-051 5.52248822e-026
  6.30521980e-016 9.97508765e-035 4.40909615e-047 4.50420779e-045
  2.09196939e-081 3.91290433e-010 9.43378675e-012 2.52201036e-027
  2.60007734e-044 1.16150673e-081 7.72677411e-026 4.72559464e-019
  1.00000000e+000]
 [1.42071051e-017 6.44655276e-048 9.81543790e-064 2.91878156e-071
  8.75560593e-041 4.12821931e-051 1.00000000e+000 1.01611486e-048
  3.79973649e-049 3.95825295e-048 9.41062278e-055 6.12119951e-044
  1.05151450e-035 2.35555530e-050 5.75299684e-033 7.29719840e-025
  3.75499823e-064 1.09562376e-128 4.88474612e-069 4.04627941e-031
  1.00000000e+000]
 [1.53413301e-026 1.23570863e-009 4.86470864e-029 7.94323088e-036
  1.31040859e-005 5.52248822e-026 1.01611486e-048 1.00000000e+000
  1.61810395e-040 2.37825219e-016 3.23703782e-044 7.35732787e-035
  2.34517295e-053 1.21586471e-019 5.87391124e-010 3.24403176e-038
  6.76049012e-058 1.33786309e-059 3.15438570e-017 2.77234138e-028
  1.00000000e+000]
 [1.50831973e-024 4.06270188e-048 6.73572564e-070 8.96687312e-033
  4.66703265e-039 6.30521980e-016 3.79973649e-049 1.61810395e-040
  1.00000000e+000 2.32122585e-064 1.47028807e-024 9.33723056e-050
  1.69867732e-065 1.74890607e-027 2.01354256e-023 1.30282878e-041
  1.40274032e-023 9.09212602e-078 3.23098166e-059 4.86842174e-024
  1.00000000e+000]
 [1.04335826e-033 7.48204149e-032 2.79414981e-017 4.36661992e-058
  1.23083662e-024 9.97508765e-035 3.95825295e-048 2.37825219e-016
  2.32122585e-064 1.00000000e+000 1.43279965e-077 3.17742558e-031
  1.88214195e-071 7.39595247e-032 5.25753971e-022 2.12689569e-018
  1.07050514e-106 2.92867490e-108 5.93197841e-028 3.71455833e-035
  1.00000000e+000]
 [6.31475246e-050 3.33052568e-040 5.27971988e-068 1.48786721e-008
  2.36763517e-031 4.40909615e-047 9.41062278e-055 3.23703782e-044
  1.47028807e-024 1.43279965e-077 1.00000000e+000 9.35532970e-030
  1.97720193e-021 9.81707709e-039 1.25870207e-025 1.94346966e-056
  7.65210473e-015 2.51197331e-033 1.31685496e-064 8.99083040e-050
  1.00000000e+000]
 [7.08013045e-053 8.43164268e-034 3.03497345e-027 1.06618383e-018
  2.41330937e-030 4.50420779e-045 6.12119951e-044 7.35732787e-035
  9.33723056e-050 3.17742558e-031 9.35532970e-030 1.00000000e+000
  3.87974658e-028 2.16092387e-027 3.03211656e-021 5.36136307e-019
  1.13242079e-067 1.67873421e-072 1.30823204e-055 1.44658807e-056
  1.00000000e+000]
 [1.07319202e-055 6.86842446e-044 2.24268205e-061 7.84319460e-031
  3.68499501e-033 2.09196939e-081 1.05151450e-035 2.34517295e-053
  1.69867732e-065 1.88214195e-071 1.97720193e-021 3.87974658e-028
  1.00000000e+000 5.99663386e-065 6.90972978e-038 4.48996813e-054
  6.45555948e-049 1.84718864e-058 2.14749234e-074 5.55077478e-061
  1.00000000e+000]
 [6.86875990e-034 7.30835548e-032 8.28542174e-057 9.86039938e-033
  1.04835789e-031 3.91290433e-010 2.35555530e-050 1.21586471e-019
  1.74890607e-027 7.39595247e-032 9.81707709e-039 2.16092387e-027
  5.99663386e-065 1.00000000e+000 9.48819034e-009 3.04689292e-029
  1.90702537e-043 1.63726047e-069 5.87630119e-028 2.25603305e-039
  1.00000000e+000]
 [7.06874360e-017 2.84715698e-023 1.77508436e-040 1.00773429e-021
  6.03358363e-014 9.43378675e-012 5.75299684e-033 5.87391124e-010
  2.01354256e-023 5.25753971e-022 1.25870207e-025 3.03211656e-021
  6.90972978e-038 9.48819034e-009 1.00000000e+000 1.91275069e-021
  2.19068461e-034 4.02506262e-050 4.31921927e-015 3.30353624e-018
  1.00000000e+000]
 [3.61237286e-025 3.04636036e-050 4.32190303e-032 2.66832319e-048
  3.55013858e-040 2.52201036e-027 7.29719840e-025 3.24403176e-038
  1.30282878e-041 2.12689569e-018 1.94346966e-056 5.36136307e-019
  4.48996813e-054 3.04689292e-029 1.91275069e-021 1.00000000e+000
  1.41380755e-082 3.88724798e-118 2.30244511e-049 5.88644536e-029
  1.00000000e+000]
 [3.61933930e-048 8.67399116e-062 5.24688988e-118 1.28983214e-034
  1.65158476e-051 2.60007734e-044 3.75499823e-064 6.76049012e-058
  1.40274032e-023 1.07050514e-106 7.65210473e-015 1.13242079e-067
  6.45555948e-049 1.90702537e-043 2.19068461e-034 1.41380755e-082
  1.00000000e+000 9.74959402e-043 2.24539661e-066 2.77536367e-050
  1.00000000e+000]
 [9.49735020e-099 7.52804843e-072 1.52280896e-109 1.02741731e-026
  5.79448156e-054 1.16150673e-081 1.09562376e-128 1.33786309e-059
  9.09212602e-078 2.92867490e-108 2.51197331e-033 1.67873421e-072
  1.84718864e-058 1.63726047e-069 4.02506262e-050 3.88724798e-118
  9.74959402e-043 1.00000000e+000 2.45128825e-054 9.11238154e-088
  1.00000000e+000]
 [6.00945916e-034 6.61320023e-048 2.37755594e-064 9.03596177e-051
  1.77461791e-030 7.72677411e-026 4.88474612e-069 3.15438570e-017
  3.23098166e-059 5.93197841e-028 1.31685496e-064 1.30823204e-055
  2.14749234e-074 5.87630119e-028 4.31921927e-015 2.30244511e-049
  2.24539661e-066 2.45128825e-054 1.00000000e+000 2.59686112e-029
  1.00000000e+000]
 [6.22878067e-004 1.19699438e-049 1.39937751e-055 9.11495031e-053
  1.09086831e-028 4.72559464e-019 4.04627941e-031 2.77234138e-028
  4.86842174e-024 3.71455833e-035 8.99083040e-050 1.44658807e-056
  5.55077478e-061 2.25603305e-039 3.30353624e-018 5.88644536e-029
  2.77536367e-050 9.11238154e-088 2.59686112e-029 1.00000000e+000
  1.00000000e+000]
 [1.00000000e+000 1.00000000e+000 1.00000000e+000 1.00000000e+000
  1.00000000e+000 1.00000000e+000 1.00000000e+000 1.00000000e+000
  1.00000000e+000 1.00000000e+000 1.00000000e+000 1.00000000e+000
  1.00000000e+000 1.00000000e+000 1.00000000e+000 1.00000000e+000
  1.00000000e+000 1.00000000e+000 1.00000000e+000 1.00000000e+000
  0.00000000e+000]]
