[[1.00000000e+00 1.84090547e-50 3.86665194e-49 3.49569428e-39
  1.02297997e-36 5.72476453e-34 6.42909801e-40 6.89109985e-54
  7.75505179e-52 1.33639850e-53 1.57271731e-48 1.71153541e-30
  3.83294120e-32 5.73901607e-11 1.10531089e-23 1.74639704e-37
  1.92920677e-26 3.48815339e-67 2.17842777e-13 4.08129167e-38
  1.00000000e+00]
 [1.84090547e-50 1.00000000e+00 1.20192559e-45 8.13583086e-08
  1.75272195e-59 1.86342304e-65 9.31702374e-66 1.00478447e-22
  1.62278619e-14 2.50520542e-21 3.74253271e-44 4.82655432e-54
  1.92896697e-25 2.29776565e-53 1.48603008e-19 8.88515720e-59
  4.10141195e-34 4.69019667e-10 7.64500304e-63 1.16594949e-18
  1.00000000e+00]
 [3.86665194e-49 1.20192559e-45 1.00000000e+00 2.59896232e-42
  2.02682977e-32 5.87056225e-86 3.80728008e-56 2.49662589e-69
  4.56962035e-66 3.16437163e-72 1.41670692e-20 3.92561107e-91
  2.68788033e-85 3.70783618e-55 5.40358244e-34 2.28901510e-47
  1.58847925e-35 8.10517495e-32 8.17301274e-68 2.13278128e-24
  1.00000000e+00]
 [3.49569428e-39 8.13583086e-08 2.59896232e-42 1.00000000e+00
  5.17695214e-49 7.60147592e-70 2.88008017e-66 8.27774501e-24
  3.00219633e-06 2.85537442e-17 3.72228553e-40 1.03522613e-56
  2.96711143e-26 9.39508356e-44 5.97434231e-21 1.16587078e-62
  7.06776430e-44 1.17443811e-21 1.44645379e-55 3.33466781e-17
  1.00000000e+00]
 [1.02297997e-36 1.75272195e-59 2.02682977e-32 5.17695214e-49
  1.00000000e+00 5.60077064e-58 4.41017150e-38 2.38641987e-54
  2.02242997e-52 2.38994145e-48 2.48581953e-19 4.56743796e-39
  6.56960976e-69 9.78068501e-50 2.68391005e-38 6.91566888e-48
  6.63759388e-28 3.74527498e-65 1.62103558e-51 3.75512081e-43
  1.00000000e+00]
 [5.72476453e-34 1.86342304e-65 5.87056225e-86 7.60147592e-70
  5.60077064e-58 1.00000000e+00 5.59884034e-18 3.09275139e-32
  1.02264957e-83 1.51993015e-62 1.39463522e-91 5.30390286e-23
  2.19475619e-30 2.72241074e-38 1.17765003e-23 1.14941643e-22
  1.00802420e-19 4.45260653e-69 8.21435404e-12 1.02630140e-59
  1.00000000e+00]
 [6.42909801e-40 9.31702374e-66 3.80728008e-56 2.88008017e-66
  4.41017150e-38 5.59884034e-18 1.00000000e+00 1.38030385e-32
  7.53905404e-84 3.43032774e-50 1.44250508e-53 3.17890333e-45
  8.16935466e-41 1.06139959e-27 3.19332733e-17 2.21158656e-39
  4.07355251e-22 3.77728060e-62 2.08136689e-17 1.41615390e-65
  1.00000000e+00]
 [6.89109985e-54 1.00478447e-22 2.49662589e-69 8.27774501e-24
  2.38641987e-54 3.09275139e-32 1.38030385e-32 1.00000000e+00
  1.44453786e-29 3.53444735e-15 2.44970123e-65 1.37593030e-41
  4.91901292e-16 5.66283266e-49 6.12304145e-14 1.81343709e-49
  4.72469291e-34 3.46883076e-29 4.86534781e-39 1.20620540e-38
  1.00000000e+00]
 [7.75505179e-52 1.62278619e-14 4.56962035e-66 3.00219633e-06
  2.02242997e-52 1.02264957e-83 7.53905404e-84 1.44453786e-29
  1.00000000e+00 3.87719191e-13 2.28824960e-47 3.27478332e-52
  8.33372729e-31 7.64036147e-60 6.05354437e-37 1.61601191e-84
  2.39634035e-57 4.18477542e-39 2.36921484e-73 3.05925094e-32
  1.00000000e+00]
 [1.33639850e-53 2.50520542e-21 3.16437163e-72 2.85537442e-17
  2.38994145e-48 1.51993015e-62 3.43032774e-50 3.53444735e-15
  3.87719191e-13 1.00000000e+00 4.62708489e-42 7.85762000e-46
  4.56581222e-18 4.53562418e-44 4.00646168e-25 2.49845247e-87
  3.17961035e-49 1.17377815e-43 4.73271319e-56 1.81908731e-52
  1.00000000e+00]
 [1.57271731e-48 3.74253271e-44 1.41670692e-20 3.72228553e-40
  2.48581953e-19 1.39463522e-91 1.44250508e-53 2.44970123e-65
  2.28824960e-47 4.62708489e-42 1.00000000e+00 5.79052858e-70
  1.94064649e-70 3.80360697e-46 1.72148831e-38 1.39611168e-80
  6.83599605e-40 1.07087575e-50 2.57861502e-72 1.64270316e-48
  1.00000000e+00]
 [1.71153541e-30 4.82655432e-54 3.92561107e-91 1.03522613e-56
  4.56743796e-39 5.30390286e-23 3.17890333e-45 1.37593030e-41
  3.27478332e-52 7.85762000e-46 5.79052858e-70 1.00000000e+00
  2.47966958e-31 2.95728039e-48 3.95465203e-38 1.35720525e-42
  1.82630720e-22 3.66259089e-77 3.33800745e-34 1.39343705e-56
  1.00000000e+00]
 [3.83294120e-32 1.92896697e-25 2.68788033e-85 2.96711143e-26
  6.56960976e-69 2.19475619e-30 8.16935466e-41 4.91901292e-16
  8.33372729e-31 4.56581222e-18 1.94064649e-70 2.47966958e-31
  1.00000000e+00 2.40986353e-25 6.45129151e-16 6.62211123e-62
  7.73609229e-37 1.07281406e-47 1.54238288e-25 1.28938015e-50
  1.00000000e+00]
 [5.73901607e-11 2.29776565e-53 3.70783618e-55 9.39508356e-44
  9.78068501e-50 2.72241074e-38 1.06139959e-27 5.66283266e-49
  7.64036147e-60 4.53562418e-44 3.80360697e-46 2.95728039e-48
  2.40986353e-25 1.00000000e+00 1.07682585e-18 9.39813993e-60
  6.96138394e-36 2.97399714e-69 7.81498355e-12 1.48011595e-58
  1.00000000e+00]
 [1.10531089e-23 1.48603008e-19 5.40358244e-34 5.97434231e-21
  2.68391005e-38 1.17765003e-23 3.19332733e-17 6.12304145e-14
  6.05354437e-37 4.00646168e-25 1.72148831e-38 3.95465203e-38
  6.45129151e-16 1.07682585e-18 1.00000000e+00 9.24047392e-30
  5.02736383e-14 2.10486723e-21 1.16910270e-17 1.85219487e-24
  1.00000000e+00]
 [1.74639704e-37 8.88515720e-59 2.28901510e-47 1.16587078e-62
  6.91566888e-48 1.14941643e-22 2.21158656e-39 1.81343709e-49
  1.61601191e-84 2.49845247e-87 1.39611168e-80 1.35720525e-42
  6.62211123e-62 9.39813993e-60 9.24047392e-30 1.00000000e+00
  2.23435419e-15 1.42993042e-46 1.72164896e-32 6.11871170e-26
  1.00000000e+00]
 [1.92920677e-26 4.10141195e-34 1.58847925e-35 7.06776430e-44
  6.63759388e-28 1.00802420e-19 4.07355251e-22 4.72469291e-34
  2.39634035e-57 3.17961035e-49 6.83599605e-40 1.82630720e-22
  7.73609229e-37 6.96138394e-36 5.02736383e-14 2.23435419e-15
  1.00000000e+00 4.87880306e-33 1.07261907e-26 2.18192767e-27
  1.00000000e+00]
 [3.48815339e-67 4.69019667e-10 8.10517495e-32 1.17443811e-21
  3.74527498e-65 4.45260653e-69 3.77728060e-62 3.46883076e-29
  4.18477542e-39 1.17377815e-43 1.07087575e-50 3.66259089e-77
  1.07281406e-47 2.97399714e-69 2.10486723e-21 1.42993042e-46
  4.87880306e-33 1.00000000e+00 1.65370346e-71 1.10915986e-15
  1.00000000e+00]
 [2.17842777e-13 7.64500304e-63 8.17301274e-68 1.44645379e-55
  1.62103558e-51 8.21435404e-12 2.08136689e-17 4.86534781e-39
  2.36921484e-73 4.73271319e-56 2.57861502e-72 3.33800745e-34
  1.54238288e-25 7.81498355e-12 1.16910270e-17 1.72164896e-32
  1.07261907e-26 1.65370346e-71 1.00000000e+00 2.90959811e-55
  1.00000000e+00]
 [4.08129167e-38 1.16594949e-18 2.13278128e-24 3.33466781e-17
  3.75512081e-43 1.02630140e-59 1.41615390e-65 1.20620540e-38
  3.05925094e-32 1.81908731e-52 1.64270316e-48 1.39343705e-56
  1.28938015e-50 1.48011595e-58 1.85219487e-24 6.11871170e-26
  2.18192767e-27 1.10915986e-15 2.90959811e-55 1.00000000e+00
  1.00000000e+00]
 [1.00000000e+00 1.00000000e+00 1.00000000e+00 1.00000000e+00
  1.00000000e+00 1.00000000e+00 1.00000000e+00 1.00000000e+00
  1.00000000e+00 1.00000000e+00 1.00000000e+00 1.00000000e+00
  1.00000000e+00 1.00000000e+00 1.00000000e+00 1.00000000e+00
  1.00000000e+00 1.00000000e+00 1.00000000e+00 1.00000000e+00
  0.00000000e+00]]
