[[1.00000000e+00 5.46405289e-21 8.44291508e-32 1.75258145e-41
  3.74925001e-62 3.30307585e-79 1.23469103e-82 1.90491134e-29
  3.08796073e-81 1.25934732e-47 1.29502536e-25 2.05283416e-20
  4.60733894e-64 4.09043368e-46 2.54658179e-35 2.76603008e-75
  1.00950373e-21 4.54258838e-39 2.16259020e-37 3.10583778e-79
  1.00000000e+00]
 [5.46405289e-21 1.00000000e+00 7.17096020e-51 3.65787798e-15
  8.98467442e-43 3.05170488e-70 1.77730909e-59 1.83178029e-32
  1.38179531e-59 4.33905905e-25 6.10106772e-36 1.19054675e-47
  3.75632188e-75 7.76920215e-36 2.04247781e-21 1.78339948e-66
  5.62706208e-30 6.46887344e-72 5.91886080e-66 8.97293777e-92
  1.00000000e+00]
 [8.44291508e-32 7.17096020e-51 1.00000000e+00 2.42877091e-55
  5.13838772e-44 5.48657460e-33 2.46360564e-61 3.15086273e-30
  7.51167795e-83 3.44328273e-52 1.46354636e-09 2.46915432e-37
  1.78730526e-78 2.29958306e-67 2.08022599e-65 6.91297712e-42
  9.57539977e-43 1.61463301e-30 1.16152706e-46 1.60894609e-31
  1.00000000e+00]
 [1.75258145e-41 3.65787798e-15 2.42877091e-55 1.00000000e+00
  9.75059412e-37 1.44503339e-42 3.82717036e-46 2.62241154e-48
  6.71486953e-37 9.03255410e-06 3.28096314e-52 8.65192835e-55
  1.03320800e-61 2.98840871e-42 4.89130321e-25 1.24842479e-45
  4.38421142e-42 2.71103130e-69 5.83253809e-48 8.10416911e-72
  1.00000000e+00]
 [3.74925001e-62 8.98467442e-43 5.13838772e-44 9.75059412e-37
  1.00000000e+00 1.53788088e-25 1.51016256e-17 5.84534748e-32
  4.34178760e-15 1.91568661e-27 1.34282945e-33 5.77779413e-47
  4.26034415e-50 9.56607286e-22 5.59807456e-30 1.28785915e-45
  2.03149246e-33 1.84438530e-55 3.22860066e-67 1.05712247e-51
  1.00000000e+00]
 [3.30307585e-79 3.05170488e-70 5.48657460e-33 1.44503339e-42
  1.53788088e-25 1.00000000e+00 2.46884538e-19 7.93431277e-51
  1.21616199e-39 1.70487146e-27 4.54609582e-47 3.03425893e-74
  3.09463640e-52 4.06286209e-53 2.94847856e-54 5.37019345e-12
  4.40767708e-51 1.48484952e-50 8.35248891e-51 1.90756191e-21
  1.00000000e+00]
 [1.23469103e-82 1.77730909e-59 2.46360564e-61 3.82717036e-46
  1.51016256e-17 2.46884538e-19 1.00000000e+00 4.07722044e-37
  1.63556745e-24 4.12805331e-26 4.16024027e-56 5.17550647e-84
  7.34955983e-32 4.05001327e-20 5.94620572e-26 6.62222736e-26
  5.65103364e-35 4.67326340e-77 9.14817865e-77 1.26082407e-40
  1.00000000e+00]
 [1.90491134e-29 1.83178029e-32 3.15086273e-30 2.62241154e-48
  5.84534748e-32 7.93431277e-51 4.07722044e-37 1.00000000e+00
  1.54537624e-55 1.00470906e-36 1.38569626e-11 2.71745006e-34
  2.65323665e-40 7.91452893e-26 1.28599663e-24 4.49180783e-64
  2.42627154e-27 2.75088441e-70 1.89369622e-74 2.13378771e-35
  1.00000000e+00]
 [3.08796073e-81 1.38179531e-59 7.51167795e-83 6.71486953e-37
  4.34178760e-15 1.21616199e-39 1.63556745e-24 1.54537624e-55
  1.00000000e+00 1.41303254e-23 8.83541143e-72 4.75223840e-56
  8.68195229e-33 8.69319627e-22 1.06106288e-26 1.17474707e-61
  3.78047715e-43 7.13025983e-73 3.50433728e-62 8.22881526e-70
  1.00000000e+00]
 [1.25934732e-47 4.33905905e-25 3.44328273e-52 9.03255410e-06
  1.91568661e-27 1.70487146e-27 4.12805331e-26 1.00470906e-36
  1.41303254e-23 1.00000000e+00 1.55254074e-48 2.38654422e-53
  4.10513619e-37 7.89690942e-30 2.46617056e-17 6.39978319e-35
  3.69837883e-36 1.59347206e-68 4.97843837e-46 1.64525037e-47
  1.00000000e+00]
 [1.29502536e-25 6.10106772e-36 1.46354636e-09 3.28096314e-52
  1.34282945e-33 4.54609582e-47 4.16024027e-56 1.38569626e-11
  8.83541143e-72 1.55254074e-48 1.00000000e+00 1.71606398e-27
  2.34630549e-71 2.19809069e-49 7.86170435e-49 7.30198667e-63
  1.79268024e-37 9.90493420e-50 8.81096215e-67 3.97774282e-38
  1.00000000e+00]
 [2.05283416e-20 1.19054675e-47 2.46915432e-37 8.65192835e-55
  5.77779413e-47 3.03425893e-74 5.17550647e-84 2.71745006e-34
  4.75223840e-56 2.38654422e-53 1.71606398e-27 1.00000000e+00
  1.81360437e-55 9.19652052e-49 1.55966468e-47 9.65651230e-97
  6.78185024e-37 1.93235929e-37 4.10335157e-38 5.13265729e-68
  1.00000000e+00]
 [4.60733894e-64 3.75632188e-75 1.78730526e-78 1.03320800e-61
  4.26034415e-50 3.09463640e-52 7.34955983e-32 2.65323665e-40
  8.68195229e-33 4.10513619e-37 2.34630549e-71 1.81360437e-55
  1.00000000e+00 4.21691175e-21 1.19135696e-22 2.79193310e-60
  1.03081538e-29 2.61805144e-71 9.04020354e-50 7.85852467e-48
  1.00000000e+00]
 [4.09043368e-46 7.76920215e-36 2.29958306e-67 2.98840871e-42
  9.56607286e-22 4.06286209e-53 4.05001327e-20 7.91452893e-26
  8.69319627e-22 7.89690942e-30 2.19809069e-49 9.19652052e-49
  4.21691175e-21 1.00000000e+00 1.51992147e-05 2.70149091e-56
  1.78436006e-11 4.83090774e-64 3.52916916e-62 3.23667639e-70
  1.00000000e+00]
 [2.54658179e-35 2.04247781e-21 2.08022599e-65 4.89130321e-25
  5.59807456e-30 2.94847856e-54 5.94620572e-26 1.28599663e-24
  1.06106288e-26 2.46617056e-17 7.86170435e-49 1.55966468e-47
  1.19135696e-22 1.51992147e-05 1.00000000e+00 1.89684222e-53
  2.76674139e-13 6.07370733e-69 2.50177071e-55 2.14403834e-69
  1.00000000e+00]
 [2.76603008e-75 1.78339948e-66 6.91297712e-42 1.24842479e-45
  1.28785915e-45 5.37019345e-12 6.62222736e-26 4.49180783e-64
  1.17474707e-61 6.39978319e-35 7.30198667e-63 9.65651230e-97
  2.79193310e-60 2.70149091e-56 1.89684222e-53 1.00000000e+00
  1.14888203e-42 1.90931070e-48 2.92588994e-47 1.41205886e-43
  1.00000000e+00]
 [1.00950373e-21 5.62706208e-30 9.57539977e-43 4.38421142e-42
  2.03149246e-33 4.40767708e-51 5.65103364e-35 2.42627154e-27
  3.78047715e-43 3.69837883e-36 1.79268024e-37 6.78185024e-37
  1.03081538e-29 1.78436006e-11 2.76674139e-13 1.14888203e-42
  1.00000000e+00 2.99935393e-31 1.68578309e-34 2.37769216e-68
  1.00000000e+00]
 [4.54258838e-39 6.46887344e-72 1.61463301e-30 2.71103130e-69
  1.84438530e-55 1.48484952e-50 4.67326340e-77 2.75088441e-70
  7.13025983e-73 1.59347206e-68 9.90493420e-50 1.93235929e-37
  2.61805144e-71 4.83090774e-64 6.07370733e-69 1.90931070e-48
  2.99935393e-31 1.00000000e+00 8.82224655e-15 9.20155249e-76
  1.00000000e+00]
 [2.16259020e-37 5.91886080e-66 1.16152706e-46 5.83253809e-48
  3.22860066e-67 8.35248891e-51 9.14817865e-77 1.89369622e-74
  3.50433728e-62 4.97843837e-46 8.81096215e-67 4.10335157e-38
  9.04020354e-50 3.52916916e-62 2.50177071e-55 2.92588994e-47
  1.68578309e-34 8.82224655e-15 1.00000000e+00 2.61241782e-71
  1.00000000e+00]
 [3.10583778e-79 8.97293777e-92 1.60894609e-31 8.10416911e-72
  1.05712247e-51 1.90756191e-21 1.26082407e-40 2.13378771e-35
  8.22881526e-70 1.64525037e-47 3.97774282e-38 5.13265729e-68
  7.85852467e-48 3.23667639e-70 2.14403834e-69 1.41205886e-43
  2.37769216e-68 9.20155249e-76 2.61241782e-71 1.00000000e+00
  1.00000000e+00]
 [1.00000000e+00 1.00000000e+00 1.00000000e+00 1.00000000e+00
  1.00000000e+00 1.00000000e+00 1.00000000e+00 1.00000000e+00
  1.00000000e+00 1.00000000e+00 1.00000000e+00 1.00000000e+00
  1.00000000e+00 1.00000000e+00 1.00000000e+00 1.00000000e+00
  1.00000000e+00 1.00000000e+00 1.00000000e+00 1.00000000e+00
  0.00000000e+00]]
