[[1.00000000e+000 7.24829537e-050 1.33922195e-025 5.54939875e-040
  3.53546312e-054 3.08524531e-014 5.17028982e-074 2.65471269e-028
  9.16797270e-062 3.39111568e-012 1.76172141e-045 1.43164137e-067
  1.37079460e-018 1.46422197e-023 1.48139760e-059 1.08113308e-022
  5.34887862e-035 2.07358953e-064 2.33536972e-067 2.24577004e-101
  1.00000000e+000]
 [7.24829537e-050 1.00000000e+000 7.27294949e-065 6.35645986e-022
  8.78222755e-042 6.38782221e-022 2.65829148e-075 6.44888678e-013
  3.09511179e-037 6.24379172e-043 4.41764542e-042 6.79006894e-046
  1.41215169e-029 2.06124423e-015 2.68915872e-037 1.18521260e-059
  3.46349877e-059 2.90552658e-092 8.07308548e-031 5.53338835e-070
  1.00000000e+000]
 [1.33922195e-025 7.27294949e-065 1.00000000e+000 1.02362753e-044
  2.82148700e-024 2.85611047e-017 3.62031859e-070 3.00757596e-046
  1.43515571e-063 1.32875945e-008 4.67892834e-076 1.49450644e-066
  2.32856942e-042 4.35392930e-060 1.03890540e-068 6.83113998e-017
  3.48077618e-006 1.42750834e-060 1.76404482e-048 1.41935012e-064
  1.00000000e+000]
 [5.54939875e-040 6.35645986e-022 1.02362753e-044 1.00000000e+000
  3.62955416e-033 3.82799917e-028 3.62252582e-031 1.08714498e-018
  9.48224940e-022 1.22467776e-035 4.04118842e-016 4.28607287e-026
  4.80476715e-028 2.46070466e-022 3.66750704e-005 7.32337219e-037
  3.23139272e-034 3.12260613e-035 1.21675468e-007 1.85434321e-034
  1.00000000e+000]
 [3.53546312e-054 8.78222755e-042 2.82148700e-024 3.62955416e-033
  1.00000000e+000 5.67102147e-026 5.01993947e-081 1.82297534e-043
  1.18931658e-043 5.20289746e-024 2.62172114e-084 2.60968210e-037
  9.93055289e-063 4.46891788e-051 4.05163552e-057 2.95880635e-027
  4.99646840e-026 1.55331132e-075 4.78471042e-025 1.06828481e-030
  1.00000000e+000]
 [3.08524531e-014 6.38782221e-022 2.85611047e-017 3.82799917e-028
  5.67102147e-026 1.00000000e+000 4.92632108e-064 2.23336797e-016
  2.25736964e-041 1.14081640e-008 7.92899017e-049 2.48974314e-056
  2.82719952e-020 1.19838887e-022 3.62045881e-051 1.28131668e-021
  2.02104952e-023 8.29478065e-076 1.13480736e-040 1.28667526e-067
  1.00000000e+000]
 [5.17028982e-074 2.65829148e-075 3.62031859e-070 3.62252582e-031
  5.01993947e-081 4.92632108e-064 1.00000000e+000 7.86527888e-070
  8.58590269e-029 1.19376473e-082 2.14506338e-030 1.53782442e-087
  1.43916465e-069 1.33427691e-082 3.89380647e-028 6.41689777e-057
  2.02650025e-062 1.26713054e-059 1.50681160e-038 5.79655191e-039
  1.00000000e+000]
 [2.65471269e-028 6.44888678e-013 3.00757596e-046 1.08714498e-018
  1.82297534e-043 2.23336797e-016 7.86527888e-070 1.00000000e+000
  8.03685478e-057 1.11568393e-023 2.90243913e-025 4.08153555e-058
  3.18447923e-024 3.42594227e-013 8.32620647e-030 5.34388387e-056
  3.44762830e-045 3.89105978e-079 3.22437297e-035 1.38356199e-080
  1.00000000e+000]
 [9.16797270e-062 3.09511179e-037 1.43515571e-063 9.48224940e-022
  1.18931658e-043 2.25736964e-041 8.58590269e-029 8.03685478e-057
  1.00000000e+000 1.42326195e-064 3.42115470e-048 2.80934737e-037
  3.26292488e-050 9.90310965e-046 3.05126575e-033 8.90358097e-031
  2.75362443e-057 2.43331779e-060 7.69813170e-025 2.53765954e-025
  1.00000000e+000]
 [3.39111568e-012 6.24379172e-043 1.32875945e-008 1.22467776e-035
  5.20289746e-024 1.14081640e-008 1.19376473e-082 1.11568393e-023
  1.42326195e-064 1.00000000e+000 1.54402323e-060 1.68035157e-055
  1.85223220e-027 2.92781536e-031 4.77989708e-059 2.38279746e-021
  3.26924438e-015 1.85533544e-064 9.52217390e-048 3.57816764e-078
  1.00000000e+000]
 [1.76172141e-045 4.41764542e-042 4.67892834e-076 4.04118842e-016
  2.62172114e-084 7.92899017e-049 2.14506338e-030 2.90243913e-025
  3.42115470e-048 1.54402323e-060 1.00000000e+000 2.39621182e-070
  5.93631889e-036 3.32115468e-033 1.29957145e-010 1.43520029e-069
  3.58944828e-067 1.80291825e-055 6.33083162e-039 1.90095415e-077
  1.00000000e+000]
 [1.43164137e-067 6.79006894e-046 1.49450644e-066 4.28607287e-026
  2.60968210e-037 2.48974314e-056 1.53782442e-087 4.08153555e-058
  2.80934737e-037 1.68035157e-055 2.39621182e-070 1.00000000e+000
  9.70933381e-045 3.35536636e-037 9.91452267e-040 7.46640838e-042
  5.22073157e-049 1.89176918e-032 4.87213694e-025 4.28831640e-054
  1.00000000e+000]
 [1.37079460e-018 1.41215169e-029 2.32856942e-042 4.80476715e-028
  9.93055289e-063 2.82719952e-020 1.43916465e-069 3.18447923e-024
  3.26292488e-050 1.85223220e-027 5.93631889e-036 9.70933381e-045
  1.00000000e+000 4.49670423e-017 5.07243501e-043 1.85804169e-037
  2.97545944e-034 1.70456919e-045 1.49049972e-048 2.59663745e-101
  1.00000000e+000]
 [1.46422197e-023 2.06124423e-015 4.35392930e-060 2.46070466e-022
  4.46891788e-051 1.19838887e-022 1.33427691e-082 3.42594227e-013
  9.90310965e-046 2.92781536e-031 3.32115468e-033 3.35536636e-037
  4.49670423e-017 1.00000000e+000 1.08076180e-036 3.35986709e-045
  1.37714786e-058 5.15207258e-069 4.00938780e-045 1.83067893e-090
  1.00000000e+000]
 [1.48139760e-059 2.68915872e-037 1.03890540e-068 3.66750704e-005
  4.05163552e-057 3.62045881e-051 3.89380647e-028 8.32620647e-030
  3.05126575e-033 4.77989708e-059 1.29957145e-010 9.91452267e-040
  5.07243501e-043 1.08076180e-036 1.00000000e+000 2.42403471e-060
  2.56645806e-053 3.28921117e-037 1.70029373e-013 5.35549340e-043
  1.00000000e+000]
 [1.08113308e-022 1.18521260e-059 6.83113998e-017 7.32337219e-037
  2.95880635e-027 1.28131668e-021 6.41689777e-057 5.34388387e-056
  8.90358097e-031 2.38279746e-021 1.43520029e-069 7.46640838e-042
  1.85804169e-037 3.35986709e-045 2.42403471e-060 1.00000000e+000
  3.64529772e-022 1.44062398e-047 1.09081876e-045 1.70664628e-050
  1.00000000e+000]
 [5.34887862e-035 3.46349877e-059 3.48077618e-006 3.23139272e-034
  4.99646840e-026 2.02104952e-023 2.02650025e-062 3.44762830e-045
  2.75362443e-057 3.26924438e-015 3.58944828e-067 5.22073157e-049
  2.97545944e-034 1.37714786e-058 2.56645806e-053 3.64529772e-022
  1.00000000e+000 1.73537382e-038 4.42775152e-033 9.07317071e-058
  1.00000000e+000]
 [2.07358953e-064 2.90552658e-092 1.42750834e-060 3.12260613e-035
  1.55331132e-075 8.29478065e-076 1.26713054e-059 3.89105978e-079
  2.43331779e-060 1.85533544e-064 1.80291825e-055 1.89176918e-032
  1.70456919e-045 5.15207258e-069 3.28921117e-037 1.44062398e-047
  1.73537382e-038 1.00000000e+000 3.46154050e-041 1.29169081e-074
  1.00000000e+000]
 [2.33536972e-067 8.07308548e-031 1.76404482e-048 1.21675468e-007
  4.78471042e-025 1.13480736e-040 1.50681160e-038 3.22437297e-035
  7.69813170e-025 9.52217390e-048 6.33083162e-039 4.87213694e-025
  1.49049972e-048 4.00938780e-045 1.70029373e-013 1.09081876e-045
  4.42775152e-033 3.46154050e-041 1.00000000e+000 2.03421403e-019
  1.00000000e+000]
 [2.24577004e-101 5.53338835e-070 1.41935012e-064 1.85434321e-034
  1.06828481e-030 1.28667526e-067 5.79655191e-039 1.38356199e-080
  2.53765954e-025 3.57816764e-078 1.90095415e-077 4.28831640e-054
  2.59663745e-101 1.83067893e-090 5.35549340e-043 1.70664628e-050
  9.07317071e-058 1.29169081e-074 2.03421403e-019 1.00000000e+000
  1.00000000e+000]
 [1.00000000e+000 1.00000000e+000 1.00000000e+000 1.00000000e+000
  1.00000000e+000 1.00000000e+000 1.00000000e+000 1.00000000e+000
  1.00000000e+000 1.00000000e+000 1.00000000e+000 1.00000000e+000
  1.00000000e+000 1.00000000e+000 1.00000000e+000 1.00000000e+000
  1.00000000e+000 1.00000000e+000 1.00000000e+000 1.00000000e+000
  0.00000000e+000]]
