[[1.00000000e+000 5.01779738e-106 1.62788123e-028 ... 1.72770709e-064
  1.71956177e-042 1.00000000e+000]
 [5.01779738e-106 1.00000000e+000 3.83199438e-046 ... 4.65889623e-042
  2.27036002e-077 1.00000000e+000]
 [1.62788123e-028 3.83199438e-046 1.00000000e+000 ... 1.75675469e-018
  4.51247183e-037 1.00000000e+000]
 ...
 [1.72770709e-064 4.65889623e-042 1.75675469e-018 ... 1.00000000e+000
  5.95860171e-034 1.00000000e+000]
 [1.71956177e-042 2.27036002e-077 4.51247183e-037 ... 5.95860171e-034
  1.00000000e+000 1.00000000e+000]
 [1.00000000e+000 1.00000000e+000 1.00000000e+000 ... 1.00000000e+000
  1.00000000e+000 0.00000000e+000]]
