[[1.00000000e+000 3.21280749e-028 4.78132842e-015 3.20590806e-088
  7.60601450e-030 1.23790334e-076 2.37489429e-057 7.35909305e-038
  4.15240127e-024 2.71177531e-037 3.06141390e-080 1.65479189e-080
  3.54510746e-052 1.16813832e-045 1.13622344e-030 1.97396459e-046
  4.19808299e-049 1.52090837e-065 1.69888706e-041 1.48438771e-040
  1.00000000e+000]
 [3.21280749e-028 1.00000000e+000 1.74547763e-008 1.03045449e-087
  4.42302435e-058 1.62818089e-083 8.24269817e-054 1.72136040e-038
  4.66243181e-031 2.14686073e-005 3.94754849e-071 1.50848009e-064
  4.29426741e-049 2.66850561e-052 1.92291548e-044 2.73274029e-032
  5.92063703e-044 2.14278622e-063 1.55222440e-052 1.28378126e-083
  1.00000000e+000]
 [4.78132842e-015 1.74547763e-008 1.00000000e+000 1.62415052e-084
  2.78800564e-047 6.27131990e-072 2.38976356e-036 2.57951839e-020
  3.35374642e-024 8.09728063e-019 1.17971492e-049 3.09422580e-064
  3.80304077e-040 4.78243176e-041 2.85124040e-038 1.05240187e-024
  3.91230896e-044 2.61980252e-057 1.24447181e-042 6.97555513e-064
  1.00000000e+000]
 [3.20590806e-088 1.03045449e-087 1.62415052e-084 1.00000000e+000
  3.02316160e-036 5.64830437e-032 2.40257573e-052 1.30035053e-042
  1.26925840e-040 1.31071010e-073 3.38853826e-059 2.61603097e-065
  3.66732782e-034 4.81898167e-062 1.68906293e-061 6.95585130e-109
  5.41916145e-032 1.57391165e-107 1.39426288e-062 3.31061164e-054
  1.00000000e+000]
 [7.60601450e-030 4.42302435e-058 2.78800564e-047 3.02316160e-036
  1.00000000e+000 9.69278860e-024 3.99967358e-034 1.17070820e-040
  1.90341348e-025 2.52805020e-060 1.81294163e-057 5.39925438e-059
  9.26298870e-019 2.94400220e-037 1.82227001e-018 2.30993856e-058
  1.21567681e-013 1.01726101e-061 1.82586600e-017 3.50130168e-029
  1.00000000e+000]
 [1.23790334e-076 1.62818089e-083 6.27131990e-072 5.64830437e-032
  9.69278860e-024 1.00000000e+000 6.03396474e-021 2.81481138e-043
  1.70310289e-044 1.67089963e-080 7.83838827e-037 2.31866479e-045
  1.10290489e-007 8.04851625e-031 2.98495162e-055 3.38550997e-056
  3.20538763e-012 5.65664274e-048 1.90290639e-022 7.95856766e-040
  1.00000000e+000]
 [2.37489429e-057 8.24269817e-054 2.38976356e-036 2.40257573e-052
  3.99967358e-034 6.03396474e-021 1.00000000e+000 1.28595258e-017
  2.71295110e-038 4.00233032e-065 7.89634157e-007 1.94120162e-047
  3.18926580e-007 1.20012645e-033 1.61938943e-039 2.75527263e-028
  1.71799619e-021 1.44887976e-052 2.72660547e-024 8.37607455e-066
  1.00000000e+000]
 [7.35909305e-038 1.72136040e-038 2.57951839e-020 1.30035053e-042
  1.17070820e-040 2.81481138e-043 1.28595258e-017 1.00000000e+000
  1.37138210e-017 4.14910499e-043 4.80147683e-017 4.85021252e-047
  7.61969242e-024 3.05296265e-030 1.44353265e-041 9.98417935e-040
  1.52138111e-036 4.79893269e-063 3.30611809e-048 3.44104855e-049
  1.00000000e+000]
 [4.15240127e-024 4.66243181e-031 3.35374642e-024 1.26925840e-040
  1.90341348e-025 1.70310289e-044 2.71295110e-038 1.37138210e-017
  1.00000000e+000 1.64413442e-027 5.15739677e-046 1.73314740e-024
  3.09405112e-027 1.27227669e-014 7.51522839e-022 3.85217592e-037
  6.03571593e-024 2.68537019e-040 3.28154662e-051 7.49659186e-033
  1.00000000e+000]
 [2.71177531e-037 2.14686073e-005 8.09728063e-019 1.31071010e-073
  2.52805020e-060 1.67089963e-080 4.00233032e-065 4.14910499e-043
  1.64413442e-027 1.00000000e+000 2.26392161e-082 5.01959166e-057
  5.24799142e-052 5.37269952e-049 1.67786656e-053 2.68467980e-044
  2.75202092e-042 2.46398685e-062 1.25140372e-061 9.49920345e-075
  1.00000000e+000]
 [3.06141390e-080 3.94754849e-071 1.17971492e-049 3.38853826e-059
  1.81294163e-057 7.83838827e-037 7.89634157e-007 4.80147683e-017
  5.15739677e-046 2.26392161e-082 1.00000000e+000 4.68501697e-048
  8.76916541e-020 3.85245782e-042 2.58994374e-053 1.00435063e-039
  8.35434294e-040 4.10172474e-068 6.93943073e-054 1.01581876e-087
  1.00000000e+000]
 [1.65479189e-080 1.50848009e-064 3.09422580e-064 2.61603097e-065
  5.39925438e-059 2.31866479e-045 1.94120162e-047 4.85021252e-047
  1.73314740e-024 5.01959166e-057 4.68501697e-048 1.00000000e+000
  8.91411010e-033 3.29412647e-012 4.41974562e-047 9.15275856e-034
  6.72854033e-030 5.39585420e-022 5.08889102e-080 1.90565527e-071
  1.00000000e+000]
 [3.54510746e-052 4.29426741e-049 3.80304077e-040 3.66732782e-034
  9.26298870e-019 1.10290489e-007 3.18926580e-007 7.61969242e-024
  3.09405112e-027 5.24799142e-052 8.76916541e-020 8.91411010e-033
  1.00000000e+000 1.98913662e-022 2.75340454e-031 2.77823296e-030
  1.81863868e-005 7.82203871e-039 1.72083799e-016 1.28302184e-046
  1.00000000e+000]
 [1.16813832e-045 2.66850561e-052 4.78243176e-041 4.81898167e-062
  2.94400220e-037 8.04851625e-031 1.20012645e-033 3.05296265e-030
  1.27227669e-014 5.37269952e-049 3.85245782e-042 3.29412647e-012
  1.98913662e-022 1.00000000e+000 3.64856887e-042 1.16200887e-022
  4.60118433e-024 1.95841427e-010 9.77626149e-050 1.98598947e-032
  1.00000000e+000]
 [1.13622344e-030 1.92291548e-044 2.85124040e-038 1.68906293e-061
  1.82227001e-018 2.98495162e-055 1.61938943e-039 1.44353265e-041
  7.51522839e-022 1.67786656e-053 2.58994374e-053 4.41974562e-047
  2.75340454e-031 3.64856887e-042 1.00000000e+000 4.36247573e-044
  1.29248884e-024 4.49413964e-065 5.24988037e-044 7.46937979e-070
  1.00000000e+000]
 [1.97396459e-046 2.73274029e-032 1.05240187e-024 6.95585130e-109
  2.30993856e-058 3.38550997e-056 2.75527263e-028 9.98417935e-040
  3.85217592e-037 2.68467980e-044 1.00435063e-039 9.15275856e-034
  2.77823296e-030 1.16200887e-022 4.36247573e-044 1.00000000e+000
  5.19420658e-036 3.33893034e-018 2.10277593e-045 9.55849936e-081
  1.00000000e+000]
 [4.19808299e-049 5.92063703e-044 3.91230896e-044 5.41916145e-032
  1.21567681e-013 3.20538763e-012 1.71799619e-021 1.52138111e-036
  6.03571593e-024 2.75202092e-042 8.35434294e-040 6.72854033e-030
  1.81863868e-005 4.60118433e-024 1.29248884e-024 5.19420658e-036
  1.00000000e+000 4.84337863e-038 1.84294581e-018 8.88055406e-046
  1.00000000e+000]
 [1.52090837e-065 2.14278622e-063 2.61980252e-057 1.57391165e-107
  1.01726101e-061 5.65664274e-048 1.44887976e-052 4.79893269e-063
  2.68537019e-040 2.46398685e-062 4.10172474e-068 5.39585420e-022
  7.82203871e-039 1.95841427e-010 4.49413964e-065 3.33893034e-018
  4.84337863e-038 1.00000000e+000 1.02581535e-059 1.87809742e-057
  1.00000000e+000]
 [1.69888706e-041 1.55222440e-052 1.24447181e-042 1.39426288e-062
  1.82586600e-017 1.90290639e-022 2.72660547e-024 3.30611809e-048
  3.28154662e-051 1.25140372e-061 6.93943073e-054 5.08889102e-080
  1.72083799e-016 9.77626149e-050 5.24988037e-044 2.10277593e-045
  1.84294581e-018 1.02581535e-059 1.00000000e+000 5.74055946e-048
  1.00000000e+000]
 [1.48438771e-040 1.28378126e-083 6.97555513e-064 3.31061164e-054
  3.50130168e-029 7.95856766e-040 8.37607455e-066 3.44104855e-049
  7.49659186e-033 9.49920345e-075 1.01581876e-087 1.90565527e-071
  1.28302184e-046 1.98598947e-032 7.46937979e-070 9.55849936e-081
  8.88055406e-046 1.87809742e-057 5.74055946e-048 1.00000000e+000
  1.00000000e+000]
 [1.00000000e+000 1.00000000e+000 1.00000000e+000 1.00000000e+000
  1.00000000e+000 1.00000000e+000 1.00000000e+000 1.00000000e+000
  1.00000000e+000 1.00000000e+000 1.00000000e+000 1.00000000e+000
  1.00000000e+000 1.00000000e+000 1.00000000e+000 1.00000000e+000
  1.00000000e+000 1.00000000e+000 1.00000000e+000 1.00000000e+000
  0.00000000e+000]]
