[[1.00000000e+000 2.01095460e-080 9.40399098e-120 ... 3.64498290e-061
  3.50615441e-097 1.00000000e+000]
 [2.01095460e-080 1.00000000e+000 3.74056477e-033 ... 2.37352237e-031
  1.64185693e-043 1.00000000e+000]
 [9.40399098e-120 3.74056477e-033 1.00000000e+000 ... 9.35844572e-040
  1.83971115e-080 1.00000000e+000]
 ...
 [3.64498290e-061 2.37352237e-031 9.35844572e-040 ... 1.00000000e+000
  8.54583404e-035 1.00000000e+000]
 [3.50615441e-097 1.64185693e-043 1.83971115e-080 ... 8.54583404e-035
  1.00000000e+000 1.00000000e+000]
 [1.00000000e+000 1.00000000e+000 1.00000000e+000 ... 1.00000000e+000
  1.00000000e+000 0.00000000e+000]]
