[[1.00000000e+00 1.40263824e-59 7.35223029e-13 ... 2.05973927e-15
  1.97849131e-16 1.00000000e+00]
 [1.40263824e-59 1.00000000e+00 4.36166102e-81 ... 1.05114784e-46
  7.71783009e-44 1.00000000e+00]
 [7.35223029e-13 4.36166102e-81 1.00000000e+00 ... 3.40789758e-31
  7.57388595e-30 1.00000000e+00]
 ...
 [2.05973927e-15 1.05114784e-46 3.40789758e-31 ... 1.00000000e+00
  1.03057009e-27 1.00000000e+00]
 [1.97849131e-16 7.71783009e-44 7.57388595e-30 ... 1.03057009e-27
  1.00000000e+00 1.00000000e+00]
 [1.00000000e+00 1.00000000e+00 1.00000000e+00 ... 1.00000000e+00
  1.00000000e+00 0.00000000e+00]]
