[[1.00000000e+00 6.14439530e-11 8.79803812e-56 ... 1.54658591e-51
  4.42057838e-59 1.00000000e+00]
 [6.14439530e-11 1.00000000e+00 1.18801078e-35 ... 2.90533633e-59
  1.41815881e-55 1.00000000e+00]
 [8.79803812e-56 1.18801078e-35 1.00000000e+00 ... 6.11363605e-73
  7.68752953e-81 1.00000000e+00]
 ...
 [1.54658591e-51 2.90533633e-59 6.11363605e-73 ... 1.00000000e+00
  3.54663899e-53 1.00000000e+00]
 [4.42057838e-59 1.41815881e-55 7.68752953e-81 ... 3.54663899e-53
  1.00000000e+00 1.00000000e+00]
 [1.00000000e+00 1.00000000e+00 1.00000000e+00 ... 1.00000000e+00
  1.00000000e+00 0.00000000e+00]]
