[[1.00000000e+00 2.01354659e-32 3.05482667e-67 7.47935543e-70
  1.19248763e-76 8.24677882e-31 1.47724545e-28 2.74118865e-55
  1.34094768e-26 6.06650155e-35 3.78185666e-29 3.39665058e-28
  2.99105771e-53 4.80487883e-58 5.50514447e-37 5.56357209e-34
  5.04471117e-70 3.48816706e-50 2.17371906e-65 8.85654692e-38
  1.62863876e-68 4.42358252e-33 5.35648934e-30 4.11408204e-53
  2.84903768e-33 1.14887051e-76 1.00000000e+00]
 [2.01354659e-32 1.00000000e+00 2.28167410e-25 5.26467932e-56
  4.82461255e-36 8.74656840e-47 4.07782644e-35 9.92140101e-41
  5.25065522e-61 1.28536753e-33 2.04259085e-58 2.42805320e-26
  1.19821964e-29 6.54625835e-34 4.04263812e-34 3.25622016e-29
  5.26452828e-70 4.36031667e-52 1.29310482e-62 9.74400606e-56
  2.62817701e-33 2.48935260e-60 6.15863102e-27 2.05366198e-83
  4.77265588e-25 3.07640126e-66 1.00000000e+00]
 [3.05482667e-67 2.28167410e-25 1.00000000e+00 4.84164210e-37
  7.93277203e-30 4.76088908e-36 5.45525055e-57 1.26733081e-33
  6.92623380e-74 1.49491288e-67 3.58776227e-49 3.99911897e-42
  9.32592178e-52 6.52351981e-36 9.30734458e-54 3.31052728e-29
  5.17872078e-65 3.41873351e-32 5.09369168e-41 9.35482809e-63
  2.40165781e-26 1.47660769e-63 2.57278759e-48 7.00163858e-59
  7.11898097e-36 6.30276409e-30 1.00000000e+00]
 [7.47935543e-70 5.26467932e-56 4.84164210e-37 1.00000000e+00
  1.08500754e-28 5.26825259e-37 2.05682119e-29 1.28526369e-63
  1.19852441e-41 3.86289039e-59 2.09547747e-65 6.72851256e-66
  2.22276215e-30 1.95012844e-25 3.40444713e-27 1.42524882e-39
  1.58220364e-35 2.06711327e-24 4.81560650e-30 1.51301247e-53
  1.73383322e-35 3.74436223e-49 4.16467352e-61 1.61290411e-28
  1.37344492e-75 5.84873295e-39 1.00000000e+00]
 [1.19248763e-76 4.82461255e-36 7.93277203e-30 1.08500754e-28
  1.00000000e+00 9.30528724e-69 1.18085819e-61 7.12977571e-33
  1.20350120e-52 1.24027989e-30 2.48368373e-70 2.80344636e-34
  7.49149150e-25 2.23898581e-26 1.15867496e-35 1.42512311e-58
  1.37358872e-32 2.08969533e-28 7.14405121e-50 5.83971838e-71
  3.03988379e-39 5.55881521e-48 1.19968126e-52 2.34291040e-75
  8.16533103e-53 3.72595651e-33 1.00000000e+00]
 [8.24677882e-31 8.74656840e-47 4.76088908e-36 5.26825259e-37
  9.30528724e-69 1.00000000e+00 1.51905614e-33 7.31301743e-71
  8.99978658e-50 4.40397739e-70 1.45696386e-33 1.47423674e-45
  1.21450379e-73 2.27952527e-36 3.27048464e-35 3.40945986e-32
  1.07115743e-74 3.96028631e-29 9.49464173e-58 1.14899928e-37
  2.09581089e-56 1.54056541e-30 4.76817940e-63 1.50256761e-26
  1.32960773e-39 9.19210913e-41 1.00000000e+00]
 [1.47724545e-28 4.07782644e-35 5.45525055e-57 2.05682119e-29
  1.18085819e-61 1.51905614e-33 1.00000000e+00 1.71193971e-76
  7.08709198e-36 1.54049611e-42 1.15091043e-55 2.19045987e-66
  7.22278933e-31 1.83975261e-31 8.45813955e-31 3.02839995e-32
  2.12631107e-47 4.23900991e-58 1.11119693e-42 2.93714925e-26
  1.75611097e-30 1.21725600e-51 1.52143241e-30 2.52118612e-34
  5.58744846e-53 1.49948966e-72 1.00000000e+00]
 [2.74118865e-55 9.92140101e-41 1.26733081e-33 1.28526369e-63
  7.12977571e-33 7.31301743e-71 1.71193971e-76 1.00000000e+00
  1.10089695e-37 1.28253962e-44 4.88721635e-29 5.41737178e-26
  9.32485711e-43 1.28684800e-74 7.54830587e-70 1.21220346e-36
  7.11833184e-46 3.23267145e-32 4.47377403e-30 9.33932215e-74
  4.63134450e-52 2.78761823e-58 6.77924742e-27 4.14840417e-68
  6.29776854e-46 8.25456319e-44 1.00000000e+00]
 [1.34094768e-26 5.25065522e-61 6.92623380e-74 1.19852441e-41
  1.20350120e-52 8.99978658e-50 7.08709198e-36 1.10089695e-37
  1.00000000e+00 6.69730324e-31 8.91525645e-27 2.61137314e-39
  7.05832796e-35 1.22051790e-62 6.55064293e-40 2.29413861e-40
  1.38828295e-28 5.37076717e-30 1.80906680e-30 7.33030690e-44
  3.20440128e-65 7.63233984e-29 4.84061222e-31 1.54931997e-30
  8.82116779e-63 3.20391858e-57 1.00000000e+00]
 [6.06650155e-35 1.28536753e-33 1.49491288e-67 3.86289039e-59
  1.24027989e-30 4.40397739e-70 1.54049611e-42 1.28253962e-44
  6.69730324e-31 1.00000000e+00 6.98821893e-52 2.87559248e-29
  1.03722619e-32 5.52672091e-33 3.70821381e-40 7.91153143e-71
  9.42607271e-27 5.70564651e-55 1.89227216e-66 2.47530290e-37
  1.07922222e-48 9.34017911e-28 9.30375980e-29 2.38195002e-74
  2.09330917e-31 1.33927595e-54 1.00000000e+00]
 [3.78185666e-29 2.04259085e-58 3.58776227e-49 2.09547747e-65
  2.48368373e-70 1.45696386e-33 1.15091043e-55 4.88721635e-29
  8.91525645e-27 6.98821893e-52 1.00000000e+00 4.60311578e-39
  1.05606169e-76 7.06868021e-69 7.58713093e-75 8.39326850e-41
  1.43759608e-45 1.24161868e-37 7.78898607e-34 3.63504425e-31
  1.87342765e-55 1.18831736e-29 2.42587177e-30 5.75382433e-27
  1.36399603e-30 1.14135934e-33 1.00000000e+00]
 [3.39665058e-28 2.42805320e-26 3.99911897e-42 6.72851256e-66
  2.80344636e-34 1.47423674e-45 2.19045987e-66 5.41737178e-26
  2.61137314e-39 2.87559248e-29 4.60311578e-39 1.00000000e+00
  2.80618340e-47 5.01661471e-51 7.52133928e-32 5.93670859e-44
  3.21134641e-67 2.02283126e-24 5.40398140e-72 4.10739261e-70
  4.53601435e-75 1.91393599e-29 7.81277147e-47 1.65147186e-80
  9.66092590e-31 3.38753596e-50 1.00000000e+00]
 [2.99105771e-53 1.19821964e-29 9.32592178e-52 2.22276215e-30
  7.49149150e-25 1.21450379e-73 7.22278933e-31 9.32485711e-43
  7.05832796e-35 1.03722619e-32 1.05606169e-76 2.80618340e-47
  1.00000000e+00 4.82309992e-46 2.49686994e-26 1.64967390e-33
  7.61977915e-43 3.32458758e-44 1.46010589e-38 3.98553018e-73
  6.30566927e-42 2.24602561e-70 9.89888014e-32 5.29617674e-72
  3.22983476e-74 1.96642792e-79 1.00000000e+00]
 [4.80487883e-58 6.54625835e-34 6.52351981e-36 1.95012844e-25
  2.23898581e-26 2.27952527e-36 1.83975261e-31 1.28684800e-74
  1.22051790e-62 5.52672091e-33 7.06868021e-69 5.01661471e-51
  4.82309992e-46 1.00000000e+00 5.29184486e-29 2.20572819e-65
  4.07997668e-40 8.72686825e-46 4.35892651e-68 4.61652282e-32
  2.68401657e-28 4.36728086e-32 1.91300273e-58 5.87973503e-55
  1.34044591e-33 2.34512498e-32 1.00000000e+00]
 [5.50514447e-37 4.04263812e-34 9.30734458e-54 3.40444713e-27
  1.15867496e-35 3.27048464e-35 8.45813955e-31 7.54830587e-70
  6.55064293e-40 3.70821381e-40 7.58713093e-75 7.52133928e-32
  2.49686994e-26 5.29184486e-29 1.00000000e+00 4.88225125e-40
  6.60525643e-67 1.26475890e-26 1.82179678e-71 6.87583865e-69
  1.12832459e-68 7.13203297e-39 3.48411237e-65 1.91606086e-64
  1.17247139e-64 3.42946397e-69 1.00000000e+00]
 [5.56357209e-34 3.25622016e-29 3.31052728e-29 1.42524882e-39
  1.42512311e-58 3.40945986e-32 3.02839995e-32 1.21220346e-36
  2.29413861e-40 7.91153143e-71 8.39326850e-41 5.93670859e-44
  1.64967390e-33 2.20572819e-65 4.88225125e-40 1.00000000e+00
  1.01671450e-75 1.31895271e-32 2.56548943e-27 9.31187682e-68
  8.52810393e-47 1.05796752e-71 3.35039986e-32 5.55463079e-45
  9.65473369e-61 1.68189907e-71 1.00000000e+00]
 [5.04471117e-70 5.26452828e-70 5.17872078e-65 1.58220364e-35
  1.37358872e-32 1.07115743e-74 2.12631107e-47 7.11833184e-46
  1.38828295e-28 9.42607271e-27 1.43759608e-45 3.21134641e-67
  7.61977915e-43 4.07997668e-40 6.60525643e-67 1.01671450e-75
  1.00000000e+00 4.09366702e-51 4.08949189e-30 6.32285165e-31
  8.70495735e-33 1.47080409e-37 7.58635156e-36 6.29280557e-38
  1.29444910e-56 7.99880075e-32 1.00000000e+00]
 [3.48816706e-50 4.36031667e-52 3.41873351e-32 2.06711327e-24
  2.08969533e-28 3.96028631e-29 4.23900991e-58 3.23267145e-32
  5.37076717e-30 5.70564651e-55 1.24161868e-37 2.02283126e-24
  3.32458758e-44 8.72686825e-46 1.26475890e-26 1.31895271e-32
  4.09366702e-51 1.00000000e+00 2.20344413e-39 6.74322171e-70
  2.20420847e-66 9.78430185e-30 9.77176973e-63 4.56638579e-39
  1.05838088e-59 1.27227335e-29 1.00000000e+00]
 [2.17371906e-65 1.29310482e-62 5.09369168e-41 4.81560650e-30
  7.14405121e-50 9.49464173e-58 1.11119693e-42 4.47377403e-30
  1.80906680e-30 1.89227216e-66 7.78898607e-34 5.40398140e-72
  1.46010589e-38 4.35892651e-68 1.82179678e-71 2.56548943e-27
  4.08949189e-30 2.20344413e-39 1.00000000e+00 5.13499534e-52
  1.98966472e-30 2.30003261e-69 1.17663583e-27 5.59934403e-24
  1.19310615e-72 8.10342684e-47 1.00000000e+00]
 [8.85654692e-38 9.74400606e-56 9.35482809e-63 1.51301247e-53
  5.83971838e-71 1.14899928e-37 2.93714925e-26 9.33932215e-74
  7.33030690e-44 2.47530290e-37 3.63504425e-31 4.10739261e-70
  3.98553018e-73 4.61652282e-32 6.87583865e-69 9.31187682e-68
  6.32285165e-31 6.74322171e-70 5.13499534e-52 1.00000000e+00
  1.61987681e-29 1.48019778e-29 1.42364468e-33 3.90647920e-28
  7.87429212e-26 9.58999464e-40 1.00000000e+00]
 [1.62863876e-68 2.62817701e-33 2.40165781e-26 1.73383322e-35
  3.03988379e-39 2.09581089e-56 1.75611097e-30 4.63134450e-52
  3.20440128e-65 1.07922222e-48 1.87342765e-55 4.53601435e-75
  6.30566927e-42 2.68401657e-28 1.12832459e-68 8.52810393e-47
  8.70495735e-33 2.20420847e-66 1.98966472e-30 1.61987681e-29
  1.00000000e+00 5.96716375e-69 1.12594474e-25 1.00675632e-47
  5.92034822e-38 2.13631086e-41 1.00000000e+00]
 [4.42358252e-33 2.48935260e-60 1.47660769e-63 3.74436223e-49
  5.55881521e-48 1.54056541e-30 1.21725600e-51 2.78761823e-58
  7.63233984e-29 9.34017911e-28 1.18831736e-29 1.91393599e-29
  2.24602561e-70 4.36728086e-32 7.13203297e-39 1.05796752e-71
  1.47080409e-37 9.78430185e-30 2.30003261e-69 1.48019778e-29
  5.96716375e-69 1.00000000e+00 1.20723273e-59 1.29737556e-39
  1.04624459e-31 1.38771045e-26 1.00000000e+00]
 [5.35648934e-30 6.15863102e-27 2.57278759e-48 4.16467352e-61
  1.19968126e-52 4.76817940e-63 1.52143241e-30 6.77924742e-27
  4.84061222e-31 9.30375980e-29 2.42587177e-30 7.81277147e-47
  9.89888014e-32 1.91300273e-58 3.48411237e-65 3.35039986e-32
  7.58635156e-36 9.77176973e-63 1.17663583e-27 1.42364468e-33
  1.12594474e-25 1.20723273e-59 1.00000000e+00 1.88946159e-53
  8.64022878e-34 2.66262515e-64 1.00000000e+00]
 [4.11408204e-53 2.05366198e-83 7.00163858e-59 1.61290411e-28
  2.34291040e-75 1.50256761e-26 2.52118612e-34 4.14840417e-68
  1.54931997e-30 2.38195002e-74 5.75382433e-27 1.65147186e-80
  5.29617674e-72 5.87973503e-55 1.91606086e-64 5.55463079e-45
  6.29280557e-38 4.56638579e-39 5.59934403e-24 3.90647920e-28
  1.00675632e-47 1.29737556e-39 1.88946159e-53 1.00000000e+00
  4.52349016e-67 1.74035152e-37 1.00000000e+00]
 [2.84903768e-33 4.77265588e-25 7.11898097e-36 1.37344492e-75
  8.16533103e-53 1.32960773e-39 5.58744846e-53 6.29776854e-46
  8.82116779e-63 2.09330917e-31 1.36399603e-30 9.66092590e-31
  3.22983476e-74 1.34044591e-33 1.17247139e-64 9.65473369e-61
  1.29444910e-56 1.05838088e-59 1.19310615e-72 7.87429212e-26
  5.92034822e-38 1.04624459e-31 8.64022878e-34 4.52349016e-67
  1.00000000e+00 1.84732393e-35 1.00000000e+00]
 [1.14887051e-76 3.07640126e-66 6.30276409e-30 5.84873295e-39
  3.72595651e-33 9.19210913e-41 1.49948966e-72 8.25456319e-44
  3.20391858e-57 1.33927595e-54 1.14135934e-33 3.38753596e-50
  1.96642792e-79 2.34512498e-32 3.42946397e-69 1.68189907e-71
  7.99880075e-32 1.27227335e-29 8.10342684e-47 9.58999464e-40
  2.13631086e-41 1.38771045e-26 2.66262515e-64 1.74035152e-37
  1.84732393e-35 1.00000000e+00 1.00000000e+00]
 [1.00000000e+00 1.00000000e+00 1.00000000e+00 1.00000000e+00
  1.00000000e+00 1.00000000e+00 1.00000000e+00 1.00000000e+00
  1.00000000e+00 1.00000000e+00 1.00000000e+00 1.00000000e+00
  1.00000000e+00 1.00000000e+00 1.00000000e+00 1.00000000e+00
  1.00000000e+00 1.00000000e+00 1.00000000e+00 1.00000000e+00
  1.00000000e+00 1.00000000e+00 1.00000000e+00 1.00000000e+00
  1.00000000e+00 1.00000000e+00 0.00000000e+00]]
