[[1.00000000e+00 3.38966422e-67 1.73723642e-63 7.20412464e-65
  1.00000000e+00]
 [3.38966422e-67 1.00000000e+00 1.15783938e-61 2.89868701e-68
  1.00000000e+00]
 [1.73723642e-63 1.15783938e-61 1.00000000e+00 2.34185450e-67
  1.00000000e+00]
 [7.20412464e-65 2.89868701e-68 2.34185450e-67 1.00000000e+00
  1.00000000e+00]
 [1.00000000e+00 1.00000000e+00 1.00000000e+00 1.00000000e+00
  0.00000000e+00]]
