[[1.00000000e+00 5.65105414e-59 2.03448661e-11 1.41915921e-37
  3.54132750e-47 7.84628015e-39 1.30753221e-46 9.43394426e-48
  6.82404116e-56 8.87324049e-22 1.79409818e-76 4.39295347e-38
  8.48506719e-45 4.82769705e-76 5.77591512e-59 4.79732663e-53
  5.13740732e-30 1.78671578e-60 5.25035263e-39 4.74915934e-33
  1.00000000e+00]
 [5.65105414e-59 1.00000000e+00 2.82135622e-45 1.48925065e-52
  2.27741742e-41 9.89752180e-30 6.34857767e-47 1.20236483e-23
  1.08810872e-41 1.88504650e-55 1.72003894e-50 1.44966063e-74
  3.76413613e-65 4.10442266e-43 7.90229460e-15 2.23799844e-90
  2.22369028e-25 2.72937202e-57 4.34740889e-20 7.63564771e-55
  1.00000000e+00]
 [2.03448661e-11 2.82135622e-45 1.00000000e+00 3.17557020e-45
  5.20923915e-46 9.34717196e-43 2.80922346e-73 7.13888446e-45
  6.39356816e-63 2.05302325e-22 8.40299923e-98 1.76158727e-43
  1.38314136e-61 1.81447578e-68 5.32921265e-48 1.03376012e-85
  7.56217344e-30 3.87138363e-70 8.43680430e-40 1.03304591e-41
  1.00000000e+00]
 [1.41915921e-37 1.48925065e-52 3.17557020e-45 1.00000000e+00
  1.70667398e-10 9.41893957e-44 1.81489171e-42 1.34902198e-30
  4.63052977e-32 8.45108644e-16 2.10044220e-79 2.14158185e-15
  2.87176916e-30 3.18337737e-36 2.29499737e-49 9.90138541e-25
  3.66396048e-44 1.11756749e-62 1.26499762e-13 8.58836815e-18
  1.00000000e+00]
 [3.54132750e-47 2.27741742e-41 5.20923915e-46 1.70667398e-10
  1.00000000e+00 2.39274059e-33 4.78672609e-49 3.60211621e-18
  5.22940535e-14 7.48923999e-27 1.80306110e-57 1.89952197e-09
  8.40147353e-35 3.17567567e-15 9.89452159e-39 2.34285626e-33
  6.99414997e-33 2.85193298e-38 1.57449775e-14 2.40947633e-08
  1.00000000e+00]
 [7.84628015e-39 9.89752180e-30 9.34717196e-43 9.41893957e-44
  2.39274059e-33 1.00000000e+00 1.92196109e-26 2.85272374e-34
  6.65955343e-39 1.58614610e-63 2.31759651e-40 1.37811011e-49
  7.22799208e-81 4.09750526e-39 1.03135661e-12 1.37565490e-66
  1.03809540e-42 1.46075725e-37 1.18483279e-31 8.66464798e-36
  1.00000000e+00]
 [1.30753221e-46 6.34857767e-47 2.80922346e-73 1.81489171e-42
  4.78672609e-49 1.92196109e-26 1.00000000e+00 4.88230453e-33
  1.46706419e-49 1.38366394e-60 1.55874825e-30 5.17922287e-63
  4.48862423e-57 2.28253154e-77 5.07060455e-37 1.28699717e-45
  5.52316711e-52 2.95722876e-66 4.80817920e-26 1.91764254e-40
  1.00000000e+00]
 [9.43394426e-48 1.20236483e-23 7.13888446e-45 1.34902198e-30
  3.60211621e-18 2.85272374e-34 4.88230453e-33 1.00000000e+00
  1.00091335e-26 1.58874295e-30 6.17704345e-39 4.14014336e-32
  9.65414103e-38 6.77114008e-45 9.37784979e-26 2.24838990e-59
  7.33113742e-25 1.29767789e-56 1.07121121e-07 1.34503371e-16
  1.00000000e+00]
 [6.82404116e-56 1.08810872e-41 6.39356816e-63 4.63052977e-32
  5.22940535e-14 6.65955343e-39 1.46706419e-49 1.00091335e-26
  1.00000000e+00 5.24744056e-48 2.15658553e-27 5.85234872e-27
  6.05492041e-26 1.24852277e-13 1.27528253e-55 1.53865985e-26
  8.25114066e-19 2.85438661e-12 6.48065432e-28 3.83379174e-16
  1.00000000e+00]
 [8.87324049e-22 1.88504650e-55 2.05302325e-22 8.45108644e-16
  7.48923999e-27 1.58614610e-63 1.38366394e-60 1.58874295e-30
  5.24744056e-48 1.00000000e+00 3.45338850e-95 1.96923094e-22
  1.93394753e-23 3.56898120e-64 3.23907070e-64 1.90944423e-46
  7.80497935e-32 3.27278203e-80 8.49259493e-20 1.24483069e-23
  1.00000000e+00]
 [1.79409818e-76 1.72003894e-50 8.40299923e-98 2.10044220e-79
  1.80306110e-57 2.31759651e-40 1.55874825e-30 6.17704345e-39
  2.15658553e-27 3.45338850e-95 1.00000000e+00 9.96351217e-77
  1.41467078e-58 3.91914571e-61 7.63984375e-60 8.72935594e-58
  1.10924388e-36 2.08727624e-29 3.11102824e-50 1.54822139e-45
  1.00000000e+00]
 [4.39295347e-38 1.44966063e-74 1.76158727e-43 2.14158185e-15
  1.89952197e-09 1.37811011e-49 5.17922287e-63 4.14014336e-32
  5.85234872e-27 1.96923094e-22 9.96351217e-77 1.00000000e+00
  9.52457731e-36 2.28918102e-36 2.86539852e-66 9.28735942e-32
  1.13541583e-43 8.06343001e-50 8.85530035e-31 1.80858643e-05
  1.00000000e+00]
 [8.48506719e-45 3.76413613e-65 1.38314136e-61 2.87176916e-30
  8.40147353e-35 7.22799208e-81 4.48862423e-57 9.65414103e-38
  6.05492041e-26 1.93394753e-23 1.41467078e-58 9.52457731e-36
  1.00000000e+00 2.42412171e-59 3.95270828e-94 8.15207290e-21
  2.49956857e-22 3.10942079e-54 3.47494131e-30 7.94082480e-27
  1.00000000e+00]
 [4.82769705e-76 4.10442266e-43 1.81447578e-68 3.18337737e-36
  3.17567567e-15 4.09750526e-39 2.28253154e-77 6.77114008e-45
  1.24852277e-13 3.56898120e-64 3.91914571e-61 2.28918102e-36
  2.42412171e-59 1.00000000e+00 8.48615954e-50 2.25888650e-51
  7.66631430e-40 3.56975711e-22 1.61223098e-39 4.77449866e-34
  1.00000000e+00]
 [5.77591512e-59 7.90229460e-15 5.32921265e-48 2.29499737e-49
  9.89452159e-39 1.03135661e-12 5.07060455e-37 9.37784979e-26
  1.27528253e-55 3.23907070e-64 7.63984375e-60 2.86539852e-66
  3.95270828e-94 8.48615954e-50 1.00000000e+00 1.62648347e-98
  1.96581191e-51 5.84729623e-70 9.26171320e-24 1.79471284e-50
  1.00000000e+00]
 [4.79732663e-53 2.23799844e-90 1.03376012e-85 9.90138541e-25
  2.34285626e-33 1.37565490e-66 1.28699717e-45 2.24838990e-59
  1.53865985e-26 1.90944423e-46 8.72935594e-58 9.28735942e-32
  8.15207290e-21 2.25888650e-51 1.62648347e-98 1.00000000e+00
  5.85604706e-50 1.75391768e-44 8.07545617e-44 1.51203098e-27
  1.00000000e+00]
 [5.13740732e-30 2.22369028e-25 7.56217344e-30 3.66396048e-44
  6.99414997e-33 1.03809540e-42 5.52316711e-52 7.33113742e-25
  8.25114066e-19 7.80497935e-32 1.10924388e-36 1.13541583e-43
  2.49956857e-22 7.66631430e-40 1.96581191e-51 5.85604706e-50
  1.00000000e+00 1.66969382e-27 3.02372813e-26 2.12682209e-28
  1.00000000e+00]
 [1.78671578e-60 2.72937202e-57 3.87138363e-70 1.11756749e-62
  2.85193298e-38 1.46075725e-37 2.95722876e-66 1.29767789e-56
  2.85438661e-12 3.27278203e-80 2.08727624e-29 8.06343001e-50
  3.10942079e-54 3.56975711e-22 5.84729623e-70 1.75391768e-44
  1.66969382e-27 1.00000000e+00 1.70690614e-59 6.47043133e-37
  1.00000000e+00]
 [5.25035263e-39 4.34740889e-20 8.43680430e-40 1.26499762e-13
  1.57449775e-14 1.18483279e-31 4.80817920e-26 1.07121121e-07
  6.48065432e-28 8.49259493e-20 3.11102824e-50 8.85530035e-31
  3.47494131e-30 1.61223098e-39 9.26171320e-24 8.07545617e-44
  3.02372813e-26 1.70690614e-59 1.00000000e+00 6.15043205e-20
  1.00000000e+00]
 [4.74915934e-33 7.63564771e-55 1.03304591e-41 8.58836815e-18
  2.40947633e-08 8.66464798e-36 1.91764254e-40 1.34503371e-16
  3.83379174e-16 1.24483069e-23 1.54822139e-45 1.80858643e-05
  7.94082480e-27 4.77449866e-34 1.79471284e-50 1.51203098e-27
  2.12682209e-28 6.47043133e-37 6.15043205e-20 1.00000000e+00
  1.00000000e+00]
 [1.00000000e+00 1.00000000e+00 1.00000000e+00 1.00000000e+00
  1.00000000e+00 1.00000000e+00 1.00000000e+00 1.00000000e+00
  1.00000000e+00 1.00000000e+00 1.00000000e+00 1.00000000e+00
  1.00000000e+00 1.00000000e+00 1.00000000e+00 1.00000000e+00
  1.00000000e+00 1.00000000e+00 1.00000000e+00 1.00000000e+00
  0.00000000e+00]]
