[[1.00000000e+00 4.92546514e-41 1.11701773e-41 ... 1.98723865e-29
  5.18395064e-15 1.00000000e+00]
 [4.92546514e-41 1.00000000e+00 5.59472133e-34 ... 5.49889381e-16
  7.07473904e-43 1.00000000e+00]
 [1.11701773e-41 5.59472133e-34 1.00000000e+00 ... 1.53151931e-19
  1.10554237e-35 1.00000000e+00]
 ...
 [1.98723865e-29 5.49889381e-16 1.53151931e-19 ... 1.00000000e+00
  2.80126648e-17 1.00000000e+00]
 [5.18395064e-15 7.07473904e-43 1.10554237e-35 ... 2.80126648e-17
  1.00000000e+00 1.00000000e+00]
 [1.00000000e+00 1.00000000e+00 1.00000000e+00 ... 1.00000000e+00
  1.00000000e+00 0.00000000e+00]]
