[[1.00000000e+000 1.43322211e-041 9.63758820e-054 2.91138179e-022
  4.00263202e-044 1.92287257e-029 5.05540426e-041 4.17775910e-025
  2.06267315e-034 2.03891104e-044 1.50289376e-055 3.17494602e-045
  8.27990950e-031 4.92251078e-016 4.43210659e-028 6.83317005e-039
  1.29253508e-023 3.51235306e-034 9.22872983e-067 3.09632661e-030
  1.00000000e+000]
 [1.43322211e-041 1.00000000e+000 7.73737261e-062 4.31334180e-023
  5.88936433e-027 1.84021908e-010 1.19835738e-023 6.75537606e-059
  2.41071799e-033 2.13030016e-026 2.62846745e-038 2.74850528e-046
  4.79564411e-041 5.08191389e-039 2.19749471e-025 3.51605497e-036
  5.60861416e-023 2.47691279e-009 1.37436691e-035 1.14461549e-047
  1.00000000e+000]
 [9.63758820e-054 7.73737261e-062 1.00000000e+000 5.26356137e-044
  2.60471060e-046 1.62017516e-055 5.61421058e-080 5.81929197e-026
  6.92996409e-048 1.59311664e-105 7.56316517e-025 8.15093140e-030
  1.44645648e-040 1.19260585e-077 5.55532342e-079 1.23337944e-019
  3.46330439e-027 1.33927141e-058 6.05211034e-049 4.75042325e-075
  1.00000000e+000]
 [2.91138179e-022 4.31334180e-023 5.26356137e-044 1.00000000e+000
  1.44809329e-012 1.43996925e-020 4.20636124e-059 1.44656531e-046
  6.74528872e-016 1.29898891e-032 6.28729068e-053 2.85772781e-057
  2.26085671e-052 2.50844456e-018 1.84877707e-017 1.33322976e-018
  7.91085728e-027 4.39780215e-025 2.05189995e-017 1.62620340e-026
  1.00000000e+000]
 [4.00263202e-044 5.88936433e-027 2.60471060e-046 1.44809329e-012
  1.00000000e+000 7.58433229e-019 1.23548960e-072 4.71417762e-043
  2.49314142e-022 1.62693925e-036 2.01947588e-044 7.91743847e-046
  2.02489519e-063 4.91553675e-054 3.16099563e-033 2.35714000e-037
  4.26802771e-037 4.37498659e-039 2.18925513e-024 2.79584183e-043
  1.00000000e+000]
 [1.92287257e-029 1.84021908e-010 1.62017516e-055 1.43996925e-020
  7.58433229e-019 1.00000000e+000 9.35070301e-023 4.96173107e-038
  7.48512291e-026 5.60776638e-033 5.36806748e-028 8.11237699e-037
  3.29440114e-049 1.56636315e-035 5.86248387e-013 1.67976941e-036
  3.71981713e-014 1.55421848e-012 1.92707067e-040 1.42907816e-024
  1.00000000e+000]
 [5.05540426e-041 1.19835738e-023 5.61421058e-080 4.20636124e-059
  1.23548960e-072 9.35070301e-023 1.00000000e+000 2.84446254e-056
  3.96761197e-053 2.33461109e-052 6.04453512e-045 1.05808738e-052
  6.65451547e-043 1.04125948e-049 4.01204684e-037 1.90992094e-056
  1.86937198e-018 1.52534523e-013 7.01263996e-083 3.11842619e-048
  1.00000000e+000]
 [4.17775910e-025 6.75537606e-059 5.81929197e-026 1.44656531e-046
  4.71417762e-043 4.96173107e-038 2.84446254e-056 1.00000000e+000
  3.95157262e-048 6.55021760e-077 1.13838166e-026 1.81230613e-012
  6.10908489e-026 1.59308860e-068 5.98761434e-065 4.46314454e-049
  6.06196542e-025 4.23840270e-057 2.28129638e-083 3.70211748e-060
  1.00000000e+000]
 [2.06267315e-034 2.41071799e-033 6.92996409e-048 6.74528872e-016
  2.49314142e-022 7.48512291e-026 3.96761197e-053 3.95157262e-048
  1.00000000e+000 4.10503281e-028 2.92722939e-065 1.09921965e-070
  4.54104762e-066 9.28509549e-039 1.67111170e-024 9.19619267e-022
  9.93371773e-024 5.23523332e-021 1.71254403e-017 1.10231136e-019
  1.00000000e+000]
 [2.03891104e-044 2.13030016e-026 1.59311664e-105 1.29898891e-032
  1.62693925e-036 5.60776638e-033 2.33461109e-052 6.55021760e-077
  4.10503281e-028 1.00000000e+000 9.96760615e-099 1.96643915e-086
  5.34306784e-065 2.28672720e-050 1.57681318e-038 5.12347884e-070
  2.14355496e-055 3.46925898e-031 4.20282831e-054 2.30000179e-053
  1.00000000e+000]
 [1.50289376e-055 2.62846745e-038 7.56316517e-025 6.28729068e-053
  2.01947588e-044 5.36806748e-028 6.04453512e-045 1.13838166e-026
  2.92722939e-065 9.96760615e-099 1.00000000e+000 2.76620934e-011
  6.72284457e-039 6.91737892e-079 5.15669230e-062 1.64254735e-041
  4.14612967e-020 9.68044109e-045 2.96522049e-070 9.32122415e-072
  1.00000000e+000]
 [3.17494602e-045 2.74850528e-046 8.15093140e-030 2.85772781e-057
  7.91743847e-046 8.11237699e-037 1.05808738e-052 1.81230613e-012
  1.09921965e-070 1.96643915e-086 2.76620934e-011 1.00000000e+000
  1.07561458e-019 1.80994798e-086 1.39333527e-078 4.71959535e-059
  5.22805417e-031 7.48219777e-059 3.30505287e-091 9.57075365e-089
  1.00000000e+000]
 [8.27990950e-031 4.79564411e-041 1.44645648e-040 2.26085671e-052
  2.02489519e-063 3.29440114e-049 6.65451547e-043 6.10908489e-026
  4.54104762e-066 5.34306784e-065 6.72284457e-039 1.07561458e-019
  1.00000000e+000 3.89752521e-063 2.03016109e-079 6.15744422e-053
  1.14917038e-033 2.72264776e-048 2.52646977e-090 4.91887451e-093
  1.00000000e+000]
 [4.92251078e-016 5.08191389e-039 1.19260585e-077 2.50844456e-018
  4.91553675e-054 1.56636315e-035 1.04125948e-049 1.59308860e-068
  9.28509549e-039 2.28672720e-050 6.91737892e-079 1.80994798e-086
  3.89752521e-063 1.00000000e+000 4.08999800e-015 9.86943703e-034
  4.25042492e-034 1.17498601e-028 1.13279719e-050 5.94763043e-024
  1.00000000e+000]
 [4.43210659e-028 2.19749471e-025 5.55532342e-079 1.84877707e-017
  3.16099563e-033 5.86248387e-013 4.01204684e-037 5.98761434e-065
  1.67111170e-024 1.57681318e-038 5.15669230e-062 1.39333527e-078
  2.03016109e-079 4.08999800e-015 1.00000000e+000 7.11929605e-036
  6.35728697e-025 3.00183941e-016 3.26147042e-037 8.19815579e-008
  1.00000000e+000]
 [6.83317005e-039 3.51605497e-036 1.23337944e-019 1.33322976e-018
  2.35714000e-037 1.67976941e-036 1.90992094e-056 4.46314454e-049
  9.19619267e-022 5.12347884e-070 1.64254735e-041 4.71959535e-059
  6.15744422e-053 9.86943703e-034 7.11929605e-036 1.00000000e+000
  3.90435177e-016 9.17214416e-025 2.48386152e-016 8.35391105e-036
  1.00000000e+000]
 [1.29253508e-023 5.60861416e-023 3.46330439e-027 7.91085728e-027
  4.26802771e-037 3.71981713e-014 1.86937198e-018 6.06196542e-025
  9.93371773e-024 2.14355496e-055 4.14612967e-020 5.22805417e-031
  1.14917038e-033 4.25042492e-034 6.35728697e-025 3.90435177e-016
  1.00000000e+000 1.15616330e-011 8.17208845e-041 1.15003779e-025
  1.00000000e+000]
 [3.51235306e-034 2.47691279e-009 1.33927141e-058 4.39780215e-025
  4.37498659e-039 1.55421848e-012 1.52534523e-013 4.23840270e-057
  5.23523332e-021 3.46925898e-031 9.68044109e-045 7.48219777e-059
  2.72264776e-048 1.17498601e-028 3.00183941e-016 9.17214416e-025
  1.15616330e-011 1.00000000e+000 1.72889058e-032 3.01891629e-026
  1.00000000e+000]
 [9.22872983e-067 1.37436691e-035 6.05211034e-049 2.05189995e-017
  2.18925513e-024 1.92707067e-040 7.01263996e-083 2.28129638e-083
  1.71254403e-017 4.20282831e-054 2.96522049e-070 3.30505287e-091
  2.52646977e-090 1.13279719e-050 3.26147042e-037 2.48386152e-016
  8.17208845e-041 1.72889058e-032 1.00000000e+000 1.02948449e-042
  1.00000000e+000]
 [3.09632661e-030 1.14461549e-047 4.75042325e-075 1.62620340e-026
  2.79584183e-043 1.42907816e-024 3.11842619e-048 3.70211748e-060
  1.10231136e-019 2.30000179e-053 9.32122415e-072 9.57075365e-089
  4.91887451e-093 5.94763043e-024 8.19815579e-008 8.35391105e-036
  1.15003779e-025 3.01891629e-026 1.02948449e-042 1.00000000e+000
  1.00000000e+000]
 [1.00000000e+000 1.00000000e+000 1.00000000e+000 1.00000000e+000
  1.00000000e+000 1.00000000e+000 1.00000000e+000 1.00000000e+000
  1.00000000e+000 1.00000000e+000 1.00000000e+000 1.00000000e+000
  1.00000000e+000 1.00000000e+000 1.00000000e+000 1.00000000e+000
  1.00000000e+000 1.00000000e+000 1.00000000e+000 1.00000000e+000
  0.00000000e+000]]
