[[1.00000000e+000 2.59907193e-068 1.02916070e-042 1.19511966e-056
  1.78403043e-027 1.84592993e-045 6.72336909e-033 3.38206998e-065
  7.52174321e-042 2.48934950e-005 2.06466234e-039 1.72766184e-065
  6.57107628e-026 9.98240938e-066 2.98801363e-042 9.75737360e-026
  1.06408238e-060 9.92093288e-027 9.50292536e-067 2.36191820e-066
  1.00000000e+000]
 [2.59907193e-068 1.00000000e+000 3.00518137e-036 9.46332337e-054
  5.08234536e-044 1.39812052e-045 1.99682570e-097 1.87333158e-020
  1.80828415e-042 1.64587017e-070 3.63312178e-033 6.54526462e-076
  4.29904105e-053 1.74192344e-096 3.85798604e-029 3.60963285e-028
  2.58115072e-052 2.35763679e-031 1.29527299e-014 2.43845284e-079
  1.00000000e+000]
 [1.02916070e-042 3.00518137e-036 1.00000000e+000 9.14081521e-053
  2.35559655e-060 2.36931856e-005 2.14798814e-034 8.90802835e-024
  7.93195262e-025 6.49498361e-036 2.57000263e-064 6.09224295e-046
  1.60103594e-045 1.96225269e-038 1.19375745e-002 2.72669346e-015
  6.52111027e-004 1.44756865e-057 9.77574702e-021 1.91093812e-062
  1.00000000e+000]
 [1.19511966e-056 9.46332337e-054 9.14081521e-053 1.00000000e+000
  6.78356421e-090 4.04587287e-050 3.78782624e-036 1.22256404e-052
  4.53612482e-045 1.97325625e-065 1.16503154e-045 3.00967543e-044
  2.09732618e-055 6.06570372e-059 5.49650279e-047 4.45806368e-039
  5.07924491e-061 2.81600171e-042 3.02032026e-061 1.75575025e-060
  1.00000000e+000]
 [1.78403043e-027 5.08234536e-044 2.35559655e-060 6.78356421e-090
  1.00000000e+000 9.43737946e-064 7.25201547e-092 6.58376629e-066
  2.23120401e-043 8.44175498e-037 2.85493190e-038 1.13026865e-073
  3.28104011e-019 1.30991630e-115 3.43732318e-059 5.52177806e-035
  1.95475750e-082 4.47227160e-019 7.10851005e-055 6.41688420e-075
  1.00000000e+000]
 [1.84592993e-045 1.39812052e-045 2.36931856e-005 4.04587287e-050
  9.43737946e-064 1.00000000e+000 2.56954204e-026 5.96518307e-022
  3.97637384e-031 1.25011965e-037 2.77464271e-064 8.72829823e-036
  1.93875231e-040 1.27647708e-027 3.27144525e-007 4.78566203e-026
  1.61743596e-006 9.18316083e-062 6.92116979e-020 1.52510138e-043
  1.00000000e+000]
 [6.72336909e-033 1.99682570e-097 2.14798814e-034 3.78782624e-036
  7.25201547e-092 2.56954204e-026 1.00000000e+000 4.42661439e-065
  1.01233314e-048 4.40911867e-031 9.22974119e-077 5.17453953e-042
  6.48915204e-051 1.46713797e-024 9.05195693e-037 8.66080911e-043
  3.13236774e-036 2.97232071e-071 4.56859831e-073 4.31521133e-053
  1.00000000e+000]
 [3.38206998e-065 1.87333158e-020 8.90802835e-024 1.22256404e-052
  6.58376629e-066 5.96518307e-022 4.42661439e-065 1.00000000e+000
  3.98097482e-063 6.94778023e-053 4.32930152e-042 3.09778676e-080
  2.62871658e-066 6.98480715e-060 1.71221282e-014 1.12803959e-040
  2.76390394e-036 4.80016729e-057 5.85238423e-004 2.53613228e-064
  1.00000000e+000]
 [7.52174321e-042 1.80828415e-042 7.93195262e-025 4.53612482e-045
  2.23120401e-043 3.97637384e-031 1.01233314e-048 3.98097482e-063
  1.00000000e+000 1.30660507e-053 7.07194448e-068 2.52888921e-018
  3.17604668e-021 3.05708090e-071 2.29190847e-031 6.69115415e-010
  1.87157160e-027 1.08327709e-036 2.72721659e-052 4.97375104e-065
  1.00000000e+000]
 [2.48934950e-005 1.64587017e-070 6.49498361e-036 1.97325625e-065
  8.44175498e-037 1.25011965e-037 4.40911867e-031 6.94778023e-053
  1.30660507e-053 1.00000000e+000 6.48832679e-049 1.26286483e-079
  8.81849113e-041 1.04159241e-063 4.34762760e-033 1.64235042e-029
  8.09637722e-054 4.64361226e-043 5.30035517e-058 2.20227785e-076
  1.00000000e+000]
 [2.06466234e-039 3.63312178e-033 2.57000263e-064 1.16503154e-045
  2.85493190e-038 2.77464271e-064 9.22974119e-077 4.32930152e-042
  7.07194448e-068 6.48832679e-049 1.00000000e+000 3.59023570e-084
  2.63378870e-038 2.46416462e-072 1.42566947e-056 6.17895471e-051
  7.11250464e-088 4.15128255e-011 2.73196518e-042 6.29840990e-045
  1.00000000e+000]
 [1.72766184e-065 6.54526462e-076 6.09224295e-046 3.00967543e-044
  1.13026865e-073 8.72829823e-036 5.17453953e-042 3.09778676e-080
  2.52888921e-018 1.26286483e-079 3.59023570e-084 1.00000000e+000
  9.51891075e-024 6.11853320e-055 5.09833207e-055 2.24242215e-042
  7.26179269e-041 3.99397993e-058 6.56551378e-070 6.78421525e-037
  1.00000000e+000]
 [6.57107628e-026 4.29904105e-053 1.60103594e-045 2.09732618e-055
  3.28104011e-019 1.93875231e-040 6.48915204e-051 2.62871658e-066
  3.17604668e-021 8.81849113e-041 2.63378870e-038 9.51891075e-024
  1.00000000e+000 9.58058571e-064 9.97780867e-051 1.45134753e-030
  2.07614779e-055 6.47163132e-018 7.80796365e-055 6.00139652e-030
  1.00000000e+000]
 [9.98240938e-066 1.74192344e-096 1.96225269e-038 6.06570372e-059
  1.30991630e-115 1.27647708e-027 1.46713797e-024 6.98480715e-060
  3.05708090e-071 1.04159241e-063 2.46416462e-072 6.11853320e-055
  9.58058571e-064 1.00000000e+000 5.59385434e-044 4.87243705e-071
  2.46914695e-036 1.44451497e-084 2.58277856e-061 6.11468340e-028
  1.00000000e+000]
 [2.98801363e-042 3.85798604e-029 1.19375745e-002 5.49650279e-047
  3.43732318e-059 3.27144525e-007 9.05195693e-037 1.71221282e-014
  2.29190847e-031 4.34762760e-033 1.42566947e-056 5.09833207e-055
  9.97780867e-051 5.59385434e-044 1.00000000e+000 1.63442555e-015
  3.79219185e-009 1.19235179e-054 6.96903860e-015 4.48708747e-067
  1.00000000e+000]
 [9.75737360e-026 3.60963285e-028 2.72669346e-015 4.45806368e-039
  5.52177806e-035 4.78566203e-026 8.66080911e-043 1.12803959e-040
  6.69115415e-010 1.64235042e-029 6.17895471e-051 2.24242215e-042
  1.45134753e-030 4.87243705e-071 1.63442555e-015 1.00000000e+000
  2.66175972e-025 7.80654748e-030 3.67753307e-037 9.00494265e-078
  1.00000000e+000]
 [1.06408238e-060 2.58115072e-052 6.52111027e-004 5.07924491e-061
  1.95475750e-082 1.61743596e-006 3.13236774e-036 2.76390394e-036
  1.87157160e-027 8.09637722e-054 7.11250464e-088 7.26179269e-041
  2.07614779e-055 2.46914695e-036 3.79219185e-009 2.66175972e-025
  1.00000000e+000 3.61652953e-078 1.80751917e-031 5.48248386e-066
  1.00000000e+000]
 [9.92093288e-027 2.35763679e-031 1.44756865e-057 2.81600171e-042
  4.47227160e-019 9.18316083e-062 2.97232071e-071 4.80016729e-057
  1.08327709e-036 4.64361226e-043 4.15128255e-011 3.99397993e-058
  6.47163132e-018 1.44451497e-084 1.19235179e-054 7.80654748e-030
  3.61652953e-078 1.00000000e+000 1.31149058e-051 2.29460550e-051
  1.00000000e+000]
 [9.50292536e-067 1.29527299e-014 9.77574702e-021 3.02032026e-061
  7.10851005e-055 6.92116979e-020 4.56859831e-073 5.85238423e-004
  2.72721659e-052 5.30035517e-058 2.73196518e-042 6.56551378e-070
  7.80796365e-055 2.58277856e-061 6.96903860e-015 3.67753307e-037
  1.80751917e-031 1.31149058e-051 1.00000000e+000 5.28903442e-057
  1.00000000e+000]
 [2.36191820e-066 2.43845284e-079 1.91093812e-062 1.75575025e-060
  6.41688420e-075 1.52510138e-043 4.31521133e-053 2.53613228e-064
  4.97375104e-065 2.20227785e-076 6.29840990e-045 6.78421525e-037
  6.00139652e-030 6.11468340e-028 4.48708747e-067 9.00494265e-078
  5.48248386e-066 2.29460550e-051 5.28903442e-057 1.00000000e+000
  1.00000000e+000]
 [1.00000000e+000 1.00000000e+000 1.00000000e+000 1.00000000e+000
  1.00000000e+000 1.00000000e+000 1.00000000e+000 1.00000000e+000
  1.00000000e+000 1.00000000e+000 1.00000000e+000 1.00000000e+000
  1.00000000e+000 1.00000000e+000 1.00000000e+000 1.00000000e+000
  1.00000000e+000 1.00000000e+000 1.00000000e+000 1.00000000e+000
  0.00000000e+000]]
