[[1.00000000e+00 2.56518041e-18 1.31757160e-26 ... 6.28462851e-33
  5.82781205e-39 1.00000000e+00]
 [2.56518041e-18 1.00000000e+00 9.06597754e-36 ... 5.43765848e-31
  2.71994549e-15 1.00000000e+00]
 [1.31757160e-26 9.06597754e-36 1.00000000e+00 ... 6.51683715e-65
  4.58770656e-35 1.00000000e+00]
 ...
 [6.28462851e-33 5.43765848e-31 6.51683715e-65 ... 1.00000000e+00
  2.51051184e-28 1.00000000e+00]
 [5.82781205e-39 2.71994549e-15 4.58770656e-35 ... 2.51051184e-28
  1.00000000e+00 1.00000000e+00]
 [1.00000000e+00 1.00000000e+00 1.00000000e+00 ... 1.00000000e+00
  1.00000000e+00 0.00000000e+00]]
