[[1.00000000e+000 4.62842498e-042 9.82059950e-059 7.13248830e-055
  4.73446455e-057 3.77452143e-040 2.68020920e-026 4.70931149e-061
  9.62338794e-068 4.41655968e-069 3.71013296e-046 4.92416337e-062
  4.51803455e-100 1.01827885e-056 2.02477753e-084 2.09745057e-069
  1.28185824e-050 1.89702666e-065 1.34761159e-038 6.58741639e-085
  1.00000000e+000]
 [4.62842498e-042 1.00000000e+000 1.13904435e-017 3.09800652e-078
  1.61220924e-054 1.10400017e-040 2.45630419e-034 8.64740651e-035
  9.69686286e-051 2.45013746e-047 9.33783351e-014 1.77139679e-023
  1.48088821e-056 1.42726336e-042 1.72362340e-054 1.58565435e-028
  5.40517213e-078 2.29286516e-056 9.51294626e-079 3.65993411e-038
  1.00000000e+000]
 [9.82059950e-059 1.13904435e-017 1.00000000e+000 1.73392430e-068
  4.80536429e-050 3.17920686e-049 6.01166385e-047 3.63018396e-037
  3.79712142e-018 6.71368201e-038 2.03884339e-005 8.96180285e-027
  1.93781382e-038 3.29137873e-046 5.23138071e-071 1.29153955e-018
  1.67482657e-090 4.91166818e-047 1.27947890e-078 1.01883737e-019
  1.00000000e+000]
 [7.13248830e-055 3.09800652e-078 1.73392430e-068 1.00000000e+000
  1.75452375e-025 2.39794748e-018 1.27237626e-044 2.17457717e-048
  1.65889193e-032 3.38927696e-052 6.66188263e-055 1.20624718e-040
  4.15550253e-042 1.15069339e-032 3.45334197e-036 1.50343998e-051
  2.13665063e-049 1.11475282e-031 1.37125682e-019 1.52653141e-051
  1.00000000e+000]
 [4.73446455e-057 1.61220924e-054 4.80536429e-050 1.75452375e-025
  1.00000000e+000 2.12678987e-016 1.10347675e-063 9.85822678e-055
  9.84982065e-043 2.20292107e-027 2.17198706e-040 3.09799955e-037
  5.33937215e-036 1.98120963e-043 3.53161128e-018 7.06351172e-047
  4.68702592e-078 1.61563870e-052 2.37529302e-023 7.96604253e-049
  1.00000000e+000]
 [3.77452143e-040 1.10400017e-040 3.17920686e-049 2.39794748e-018
  2.12678987e-016 1.00000000e+000 4.08398783e-043 1.11080979e-055
  5.03279379e-040 1.16094178e-055 7.15133798e-036 3.50082807e-023
  1.15423793e-043 1.02517849e-044 9.98860249e-022 2.95059275e-051
  3.62374764e-075 2.45491482e-052 1.02862514e-036 1.44606898e-042
  1.00000000e+000]
 [2.68020920e-026 2.45630419e-034 6.01166385e-047 1.27237626e-044
  1.10347675e-063 4.08398783e-043 1.00000000e+000 3.55329927e-029
  3.40963568e-044 6.82707740e-062 2.30492849e-044 1.68509497e-026
  2.05783415e-051 3.07883846e-023 3.41308463e-066 5.89258995e-028
  6.87923982e-034 2.95161517e-019 6.56369543e-047 5.36394159e-042
  1.00000000e+000]
 [4.70931149e-061 8.64740651e-035 3.63018396e-037 2.17457717e-048
  9.85822678e-055 1.11080979e-055 3.55329927e-029 1.00000000e+000
  2.00051488e-041 5.94232010e-020 2.79943973e-028 5.08852511e-035
  1.08073913e-042 3.83788837e-004 1.02747244e-046 1.83882105e-013
  4.24263408e-022 5.93278341e-016 1.86175036e-044 1.41881730e-044
  1.00000000e+000]
 [9.62338794e-068 9.69686286e-051 3.79712142e-018 1.65889193e-032
  9.84982065e-043 5.03279379e-040 3.40963568e-044 2.00051488e-041
  1.00000000e+000 3.80456310e-046 1.05188456e-022 7.14467598e-026
  1.96190034e-022 9.24325692e-040 8.17408367e-067 2.34382119e-021
  3.39267669e-080 1.46107769e-027 3.02704250e-059 3.46900056e-013
  1.00000000e+000]
 [4.41655968e-069 2.45013746e-047 6.71368201e-038 3.38927696e-052
  2.20292107e-027 1.16094178e-055 6.82707740e-062 5.94232010e-020
  3.80456310e-046 1.00000000e+000 2.12774553e-029 4.42351789e-052
  5.67113506e-045 8.71112310e-022 4.08842327e-040 2.93148628e-026
  9.90755523e-047 4.04948912e-038 1.07823842e-031 1.15001346e-056
  1.00000000e+000]
 [3.71013296e-046 9.33783351e-014 2.03884339e-005 6.66188263e-055
  2.17198706e-040 7.15133798e-036 2.30492849e-044 2.79943973e-028
  1.05188456e-022 2.12774553e-029 1.00000000e+000 1.81934335e-028
  3.88336996e-046 4.93082192e-037 7.20239847e-056 3.11186897e-023
  1.85175641e-071 2.30325115e-047 3.50029521e-062 5.98499033e-030
  1.00000000e+000]
 [4.92416337e-062 1.77139679e-023 8.96180285e-027 1.20624718e-040
  3.09799955e-037 3.50082807e-023 1.68509497e-026 5.08852511e-035
  7.14467598e-026 4.42351789e-052 1.81934335e-028 1.00000000e+000
  6.31881922e-014 7.83585742e-030 1.09990532e-030 1.53281095e-015
  3.26723233e-078 2.25905569e-026 7.85957500e-065 1.24136299e-008
  1.00000000e+000]
 [4.51803455e-100 1.48088821e-056 1.93781382e-038 4.15550253e-042
  5.33937215e-036 1.15423793e-043 2.05783415e-051 1.08073913e-042
  1.96190034e-022 5.67113506e-045 3.88336996e-046 6.31881922e-014
  1.00000000e+000 5.08478775e-034 3.08694170e-036 2.69578008e-015
  7.98637982e-092 9.65735473e-023 6.35353244e-066 7.59691304e-009
  1.00000000e+000]
 [1.01827885e-056 1.42726336e-042 3.29137873e-046 1.15069339e-032
  1.98120963e-043 1.02517849e-044 3.07883846e-023 3.83788837e-004
  9.24325692e-040 8.71112310e-022 4.93082192e-037 7.83585742e-030
  5.08478775e-034 1.00000000e+000 3.54112387e-035 8.73002256e-015
  1.92515830e-017 1.37072205e-008 2.29247652e-030 4.38170786e-042
  1.00000000e+000]
 [2.02477753e-084 1.72362340e-054 5.23138071e-071 3.45334197e-036
  3.53161128e-018 9.98860249e-022 3.41308463e-066 1.02747244e-046
  8.17408367e-067 4.08842327e-040 7.20239847e-056 1.09990532e-030
  3.08694170e-036 3.54112387e-035 1.00000000e+000 7.78584733e-048
  1.00170996e-075 3.01887170e-052 1.09772718e-043 1.71498404e-054
  1.00000000e+000]
 [2.09745057e-069 1.58565435e-028 1.29153955e-018 1.50343998e-051
  7.06351172e-047 2.95059275e-051 5.89258995e-028 1.83882105e-013
  2.34382119e-021 2.93148628e-026 3.11186897e-023 1.53281095e-015
  2.69578008e-015 8.73002256e-015 7.78584733e-048 1.00000000e+000
  7.60376497e-055 3.32134075e-012 1.57502851e-058 1.35636735e-013
  1.00000000e+000]
 [1.28185824e-050 5.40517213e-078 1.67482657e-090 2.13665063e-049
  4.68702592e-078 3.62374764e-075 6.87923982e-034 4.24263408e-022
  3.39267669e-080 9.90755523e-047 1.85175641e-071 3.26723233e-078
  7.98637982e-092 1.92515830e-017 1.00170996e-075 7.60376497e-055
  1.00000000e+000 2.24166377e-031 2.08529802e-029 3.52898007e-100
  1.00000000e+000]
 [1.89702666e-065 2.29286516e-056 4.91166818e-047 1.11475282e-031
  1.61563870e-052 2.45491482e-052 2.95161517e-019 5.93278341e-016
  1.46107769e-027 4.04948912e-038 2.30325115e-047 2.25905569e-026
  9.65735473e-023 1.37072205e-008 3.01887170e-052 3.32134075e-012
  2.24166377e-031 1.00000000e+000 1.10117738e-039 7.99683065e-029
  1.00000000e+000]
 [1.34761159e-038 9.51294626e-079 1.27947890e-078 1.37125682e-019
  2.37529302e-023 1.02862514e-036 6.56369543e-047 1.86175036e-044
  3.02704250e-059 1.07823842e-031 3.50029521e-062 7.85957500e-065
  6.35353244e-066 2.29247652e-030 1.09772718e-043 1.57502851e-058
  2.08529802e-029 1.10117738e-039 1.00000000e+000 1.41140022e-082
  1.00000000e+000]
 [6.58741639e-085 3.65993411e-038 1.01883737e-019 1.52653141e-051
  7.96604253e-049 1.44606898e-042 5.36394159e-042 1.41881730e-044
  3.46900056e-013 1.15001346e-056 5.98499033e-030 1.24136299e-008
  7.59691304e-009 4.38170786e-042 1.71498404e-054 1.35636735e-013
  3.52898007e-100 7.99683065e-029 1.41140022e-082 1.00000000e+000
  1.00000000e+000]
 [1.00000000e+000 1.00000000e+000 1.00000000e+000 1.00000000e+000
  1.00000000e+000 1.00000000e+000 1.00000000e+000 1.00000000e+000
  1.00000000e+000 1.00000000e+000 1.00000000e+000 1.00000000e+000
  1.00000000e+000 1.00000000e+000 1.00000000e+000 1.00000000e+000
  1.00000000e+000 1.00000000e+000 1.00000000e+000 1.00000000e+000
  0.00000000e+000]]
