[[1.00000000e+000 8.82244197e-058 2.64208491e-037 1.04496619e-051
  4.83860696e-049 3.52811502e-062 5.79077140e-061 9.82128658e-022
  9.74941824e-013 1.97299332e-054 3.55275193e-022 9.22660861e-060
  4.80014350e-047 2.83064893e-027 1.70264906e-022 9.95055584e-047
  1.04319138e-030 5.05199941e-073 3.42407806e-039 2.74955757e-108
  1.00000000e+000]
 [8.82244197e-058 1.00000000e+000 2.04720880e-038 8.85474046e-050
  1.08417615e-049 1.26038949e-048 2.17033420e-107 1.26013301e-062
  4.63160894e-031 2.06073814e-077 4.79697541e-054 1.94596906e-050
  1.69519887e-051 2.58298590e-032 8.55656455e-063 4.06332072e-042
  5.05760941e-062 1.94942385e-047 1.62541093e-065 1.12063674e-081
  1.00000000e+000]
 [2.64208491e-037 2.04720880e-038 1.00000000e+000 1.05943171e-067
  1.48840156e-060 9.45888990e-009 1.98808993e-081 7.31511711e-025
  7.32185931e-037 1.20021999e-068 4.42119120e-037 4.67099028e-045
  3.25144227e-041 1.05971471e-008 4.10939182e-029 3.90803347e-037
  1.14591998e-041 1.38155602e-051 1.78992581e-040 1.46869963e-087
  1.00000000e+000]
 [1.04496619e-051 8.85474046e-050 1.05943171e-067 1.00000000e+000
  8.83375335e-059 6.20353101e-058 4.99023182e-045 6.69152728e-062
  5.11634080e-050 5.52716570e-046 1.34960603e-060 5.24148563e-067
  1.90499270e-063 3.16220382e-057 7.59541199e-060 8.33040491e-015
  4.81255784e-041 1.49413222e-035 2.33957864e-042 4.02496557e-045
  1.00000000e+000]
 [4.83860696e-049 1.08417615e-049 1.48840156e-060 8.83375335e-059
  1.00000000e+000 2.97712261e-076 9.41391211e-039 1.48128581e-046
  1.02466207e-031 1.81023782e-064 2.61627201e-021 1.93145886e-037
  1.54954911e-020 1.30016084e-051 1.03228806e-037 5.94322225e-031
  6.64163166e-018 3.20432440e-024 2.37959420e-016 1.49227032e-045
  1.00000000e+000]
 [3.52811502e-062 1.26038949e-048 9.45888990e-009 6.20353101e-058
  2.97712261e-076 1.00000000e+000 6.23298051e-077 3.85237786e-039
  4.24262629e-061 2.44076574e-070 8.42645166e-057 1.45834644e-050
  1.82603826e-052 1.19331662e-019 2.64074221e-045 4.13508643e-029
  3.51913397e-049 8.67156722e-043 6.88222616e-044 2.52074320e-068
  1.00000000e+000]
 [5.79077140e-061 2.17033420e-107 1.98808993e-081 4.99023182e-045
  9.41391211e-039 6.23298051e-077 1.00000000e+000 3.93004527e-047
  1.67442032e-064 5.84370027e-053 1.23522071e-038 1.21633493e-041
  8.19803589e-044 6.27224610e-066 1.70885796e-056 1.34809486e-024
  8.12153816e-016 1.33257766e-028 2.96047065e-014 2.14306009e-027
  1.00000000e+000]
 [9.82128658e-022 1.26013301e-062 7.31511711e-025 6.69152728e-062
  1.48128581e-046 3.85237786e-039 3.93004527e-047 1.00000000e+000
  8.69740841e-038 1.97898222e-023 6.57166640e-008 2.22776258e-039
  6.88587524e-056 3.12397341e-025 5.78879550e-043 1.46292289e-032
  4.96919350e-014 5.96982047e-059 1.27270026e-032 1.32127805e-070
  1.00000000e+000]
 [9.74941824e-013 4.63160894e-031 7.32185931e-037 5.11634080e-050
  1.02466207e-031 4.24262629e-061 1.67442032e-064 8.69740841e-038
  1.00000000e+000 9.22279070e-076 7.08661395e-027 1.25742368e-037
  5.08468212e-023 8.49996076e-019 4.12038960e-022 1.62500984e-043
  7.34161320e-036 8.07147757e-050 6.04824533e-035 2.52761682e-093
  1.00000000e+000]
 [1.97299332e-054 2.06073814e-077 1.20021999e-068 5.52716570e-046
  1.81023782e-064 2.44076574e-070 5.84370027e-053 1.97898222e-023
  9.22279070e-076 1.00000000e+000 1.49365406e-028 9.12152341e-070
  5.55095977e-103 2.14454914e-070 2.50119901e-092 2.20369160e-031
  4.80681100e-025 4.15663710e-070 2.01075109e-057 5.55244131e-054
  1.00000000e+000]
 [3.55275193e-022 4.79697541e-054 4.42119120e-037 1.34960603e-060
  2.61627201e-021 8.42645166e-057 1.23522071e-038 6.57166640e-008
  7.08661395e-027 1.49365406e-028 1.00000000e+000 1.05747047e-030
  6.54031211e-040 4.76156223e-031 1.90069826e-039 4.47979179e-031
  1.71026182e-007 2.77036011e-046 1.69692103e-023 8.61992227e-060
  1.00000000e+000]
 [9.22660861e-060 1.94596906e-050 4.67099028e-045 5.24148563e-067
  1.93145886e-037 1.45834644e-050 1.21633493e-041 2.22776258e-039
  1.25742368e-037 9.12152341e-070 1.05747047e-030 1.00000000e+000
  1.78489144e-026 1.33610070e-023 7.09117971e-062 4.79573124e-035
  4.53448591e-030 7.90871380e-025 3.55077084e-031 3.94195782e-041
  1.00000000e+000]
 [4.80014350e-047 1.69519887e-051 3.25144227e-041 1.90499270e-063
  1.54954911e-020 1.82603826e-052 8.19803589e-044 6.88587524e-056
  5.08468212e-023 5.55095977e-103 6.54031211e-040 1.78489144e-026
  1.00000000e+000 5.50650071e-027 5.56371124e-019 1.09133018e-036
  1.05233455e-033 2.58576257e-020 2.61432094e-014 1.15628304e-061
  1.00000000e+000]
 [2.83064893e-027 2.58298590e-032 1.05971471e-008 3.16220382e-057
  1.30016084e-051 1.19331662e-019 6.27224610e-066 3.12397341e-025
  8.49996076e-019 2.14454914e-070 4.76156223e-031 1.33610070e-023
  5.50650071e-027 1.00000000e+000 6.36862698e-028 6.53086241e-035
  1.06154202e-036 3.33528222e-042 1.08252892e-034 2.05657858e-079
  1.00000000e+000]
 [1.70264906e-022 8.55656455e-063 4.10939182e-029 7.59541199e-060
  1.03228806e-037 2.64074221e-045 1.70885796e-056 5.78879550e-043
  4.12038960e-022 2.50119901e-092 1.90069826e-039 7.09117971e-062
  5.56371124e-019 6.36862698e-028 1.00000000e+000 1.50251981e-041
  1.09473336e-035 3.27360991e-048 3.15570033e-020 2.43603725e-096
  1.00000000e+000]
 [9.95055584e-047 4.06332072e-042 3.90803347e-037 8.33040491e-015
  5.94322225e-031 4.13508643e-029 1.34809486e-024 1.46292289e-032
  1.62500984e-043 2.20369160e-031 4.47979179e-031 4.79573124e-035
  1.09133018e-036 6.53086241e-035 1.50251981e-041 1.00000000e+000
  1.46809993e-014 3.80260146e-012 2.43326841e-015 5.43073006e-019
  1.00000000e+000]
 [1.04319138e-030 5.05760941e-062 1.14591998e-041 4.81255784e-041
  6.64163166e-018 3.51913397e-049 8.12153816e-016 4.96919350e-014
  7.34161320e-036 4.80681100e-025 1.71026182e-007 4.53448591e-030
  1.05233455e-033 1.06154202e-036 1.09473336e-035 1.46809993e-014
  1.00000000e+000 5.25312698e-027 2.13741983e-009 1.84899154e-033
  1.00000000e+000]
 [5.05199941e-073 1.94942385e-047 1.38155602e-051 1.49413222e-035
  3.20432440e-024 8.67156722e-043 1.33257766e-028 5.96982047e-059
  8.07147757e-050 4.15663710e-070 2.77036011e-046 7.90871380e-025
  2.58576257e-020 3.33528222e-042 3.27360991e-048 3.80260146e-012
  5.25312698e-027 1.00000000e+000 5.98525999e-015 7.89598349e-015
  1.00000000e+000]
 [3.42407806e-039 1.62541093e-065 1.78992581e-040 2.33957864e-042
  2.37959420e-016 6.88222616e-044 2.96047065e-014 1.27270026e-032
  6.04824533e-035 2.01075109e-057 1.69692103e-023 3.55077084e-031
  2.61432094e-014 1.08252892e-034 3.15570033e-020 2.43326841e-015
  2.13741983e-009 5.98525999e-015 1.00000000e+000 1.75952477e-034
  1.00000000e+000]
 [2.74955757e-108 1.12063674e-081 1.46869963e-087 4.02496557e-045
  1.49227032e-045 2.52074320e-068 2.14306009e-027 1.32127805e-070
  2.52761682e-093 5.55244131e-054 8.61992227e-060 3.94195782e-041
  1.15628304e-061 2.05657858e-079 2.43603725e-096 5.43073006e-019
  1.84899154e-033 7.89598349e-015 1.75952477e-034 1.00000000e+000
  1.00000000e+000]
 [1.00000000e+000 1.00000000e+000 1.00000000e+000 1.00000000e+000
  1.00000000e+000 1.00000000e+000 1.00000000e+000 1.00000000e+000
  1.00000000e+000 1.00000000e+000 1.00000000e+000 1.00000000e+000
  1.00000000e+000 1.00000000e+000 1.00000000e+000 1.00000000e+000
  1.00000000e+000 1.00000000e+000 1.00000000e+000 1.00000000e+000
  0.00000000e+000]]
