[[1.00000000e+00 1.01716102e-59 9.07083471e-25 ... 1.16021996e-75
  9.15184442e-25 1.00000000e+00]
 [1.01716102e-59 1.00000000e+00 1.93763835e-65 ... 2.87007397e-47
  2.75375459e-31 1.00000000e+00]
 [9.07083471e-25 1.93763835e-65 1.00000000e+00 ... 2.02535909e-60
  2.33940761e-30 1.00000000e+00]
 ...
 [1.16021996e-75 2.87007397e-47 2.02535909e-60 ... 1.00000000e+00
  3.26961606e-76 1.00000000e+00]
 [9.15184442e-25 2.75375459e-31 2.33940761e-30 ... 3.26961606e-76
  1.00000000e+00 1.00000000e+00]
 [1.00000000e+00 1.00000000e+00 1.00000000e+00 ... 1.00000000e+00
  1.00000000e+00 0.00000000e+00]]
