[[1.00000000e+00 1.79003070e-48 5.01478908e-16 ... 4.78714037e-19
  8.07894948e-18 1.00000000e+00]
 [1.79003070e-48 1.00000000e+00 6.36028049e-41 ... 5.73478275e-40
  1.36626280e-74 1.00000000e+00]
 [5.01478908e-16 6.36028049e-41 1.00000000e+00 ... 4.20952930e-14
  1.17905223e-59 1.00000000e+00]
 ...
 [4.78714037e-19 5.73478275e-40 4.20952930e-14 ... 1.00000000e+00
  3.63653798e-49 1.00000000e+00]
 [8.07894948e-18 1.36626280e-74 1.17905223e-59 ... 3.63653798e-49
  1.00000000e+00 1.00000000e+00]
 [1.00000000e+00 1.00000000e+00 1.00000000e+00 ... 1.00000000e+00
  1.00000000e+00 0.00000000e+00]]
