[[1.00000000e+00 1.00129852e-25 8.85791016e-30 ... 4.51692100e-15
  5.14588100e-49 1.00000000e+00]
 [1.00129852e-25 1.00000000e+00 6.10142533e-25 ... 3.32223395e-38
  2.65816834e-95 1.00000000e+00]
 [8.85791016e-30 6.10142533e-25 1.00000000e+00 ... 9.24412212e-14
  6.40344082e-40 1.00000000e+00]
 ...
 [4.51692100e-15 3.32223395e-38 9.24412212e-14 ... 1.00000000e+00
  1.25559808e-27 1.00000000e+00]
 [5.14588100e-49 2.65816834e-95 6.40344082e-40 ... 1.25559808e-27
  1.00000000e+00 1.00000000e+00]
 [1.00000000e+00 1.00000000e+00 1.00000000e+00 ... 1.00000000e+00
  1.00000000e+00 0.00000000e+00]]
