[[1.00000000e+000 1.22874870e-023 8.21716814e-039 8.61323281e-010
  1.47591233e-034 7.19715582e-061 8.48751542e-043 6.45703963e-024
  4.90378033e-035 1.63398657e-035 1.67890316e-042 2.65358159e-037
  2.75904227e-032 3.35511365e-004 2.31268613e-061 7.82489299e-034
  5.91740234e-030 1.54225392e-032 3.23190744e-039 8.34946677e-045
  9.37248048e-033 4.98228404e-040 2.16867495e-049 4.65796998e-066
  3.55072206e-012 1.00000000e+000]
 [1.22874870e-023 1.00000000e+000 2.73554664e-065 9.12560184e-045
  1.06486918e-048 4.86233957e-091 1.34985913e-053 9.81954259e-059
  1.28545484e-035 4.22630128e-032 6.86640226e-045 2.52554629e-060
  1.46180657e-065 4.11845386e-016 8.25871381e-056 2.26116610e-038
  5.07562490e-053 2.53833358e-010 3.40719203e-015 2.48982699e-060
  4.29945381e-050 7.90834188e-074 2.05915766e-098 5.47627432e-108
  8.98391741e-026 1.00000000e+000]
 [8.21716814e-039 2.73554664e-065 1.00000000e+000 2.71286199e-038
  5.65734833e-071 4.38293471e-063 2.37658110e-054 1.51103564e-019
  7.47905486e-046 1.26472782e-040 1.90189296e-054 1.01231020e-030
  2.98976295e-073 8.40029291e-039 2.82333347e-080 6.65659800e-038
  7.02466474e-036 4.00712225e-064 6.36492891e-051 1.99913144e-034
  2.43449048e-019 7.96692869e-052 1.41367642e-041 2.97153905e-055
  2.44018977e-054 1.00000000e+000]
 [8.61323281e-010 9.12560184e-045 2.71286199e-038 1.00000000e+000
  6.87990383e-036 9.31716301e-074 4.20055434e-031 9.87537224e-018
  1.88317212e-036 2.84176735e-044 1.23060071e-037 5.61338737e-021
  4.03381979e-019 4.49672691e-018 1.96929883e-078 2.49784424e-033
  4.03048776e-041 8.47332672e-045 1.07765471e-058 5.72857473e-036
  9.80257048e-047 5.16030597e-045 7.05398463e-040 9.26248170e-048
  9.79257341e-025 1.00000000e+000]
 [1.47591233e-034 1.06486918e-048 5.65734833e-071 6.87990383e-036
  1.00000000e+000 8.28114090e-064 1.11767120e-074 1.14708041e-036
  3.67856774e-063 1.15606532e-020 2.71281497e-035 1.60213252e-076
  9.56057625e-034 4.82474454e-027 2.25731550e-037 4.96513700e-084
  1.69672424e-066 6.52888148e-043 7.16267351e-069 1.17514570e-024
  6.07825581e-051 1.31591800e-064 2.69840820e-045 7.25402179e-030
  1.00439029e-014 1.00000000e+000]
 [7.19715582e-061 4.86233957e-091 4.38293471e-063 9.31716301e-074
  8.28114090e-064 1.00000000e+000 1.98925718e-077 2.68077983e-028
  5.94580503e-061 4.53155147e-034 6.90022447e-043 3.15897232e-091
  1.59937515e-052 5.08879522e-067 1.02918738e-031 2.91491042e-092
  4.27107231e-017 4.57563509e-065 9.01747229e-086 3.71088557e-063
  7.93485028e-018 6.13114975e-016 4.67385054e-019 1.82080936e-048
  1.99838358e-037 1.00000000e+000]
 [8.48751542e-043 1.34985913e-053 2.37658110e-054 4.20055434e-031
  1.11767120e-074 1.98925718e-077 1.00000000e+000 2.48556075e-033
  5.13657489e-007 1.93610104e-046 5.31792204e-036 7.31691944e-010
  5.70544678e-037 1.69964472e-054 1.39341222e-065 1.31947290e-011
  2.96963366e-034 8.76742612e-036 1.15860707e-068 6.98739645e-042
  3.57810137e-057 1.02563005e-034 1.93825836e-055 1.28402001e-077
  1.18709358e-055 1.00000000e+000]
 [6.45703963e-024 9.81954259e-059 1.51103564e-019 9.87537224e-018
  1.14708041e-036 2.68077983e-028 2.48556075e-033 1.00000000e+000
  3.48132105e-032 4.39550305e-023 8.55825268e-021 3.28717783e-027
  2.18176334e-021 9.88285508e-031 7.02065316e-049 2.27392223e-041
  2.14515384e-017 2.87396270e-043 5.68415466e-055 8.83119814e-024
  5.61699449e-015 1.99080823e-020 6.84874854e-009 3.30268810e-021
  1.21766760e-023 1.00000000e+000]
 [4.90378033e-035 1.28545484e-035 7.47905486e-046 1.88317212e-036
  3.67856774e-063 5.94580503e-061 5.13657489e-007 3.48132105e-032
  1.00000000e+000 5.78392974e-029 8.51356026e-036 2.42381812e-018
  1.07533484e-046 3.49920146e-040 9.52628409e-040 1.40214754e-008
  4.64864787e-023 6.31842867e-024 5.36847407e-053 2.19153975e-033
  5.58707636e-039 2.57381947e-026 3.62997250e-054 5.37118500e-079
  2.08346657e-042 1.00000000e+000]
 [1.63398657e-035 4.22630128e-032 1.26472782e-040 2.84176735e-044
  1.15606532e-020 4.53155147e-034 1.93610104e-046 4.39550305e-023
  5.78392974e-029 1.00000000e+000 1.10959470e-017 5.07601693e-054
  1.40109825e-042 3.16068401e-028 2.91278700e-013 5.75743053e-050
  1.87029965e-030 1.72351290e-018 7.96598807e-037 4.27239019e-017
  9.23611733e-018 1.81326885e-036 4.80526313e-035 1.18083358e-036
  4.33429904e-017 1.00000000e+000]
 [1.67890316e-042 6.86640226e-045 1.90189296e-054 1.23060071e-037
  2.71281497e-035 6.90022447e-043 5.31792204e-036 8.55825268e-021
  8.51356026e-036 1.10959470e-017 1.00000000e+000 9.62565529e-047
  4.43140501e-019 5.35775978e-045 5.40369315e-043 1.97223791e-056
  4.89413961e-036 5.58998946e-018 3.27479643e-037 9.14045404e-038
  6.20085805e-034 2.22815090e-043 1.92248469e-034 2.33538939e-034
  3.51081384e-025 1.00000000e+000]
 [2.65358159e-037 2.52554629e-060 1.01231020e-030 5.61338737e-021
  1.60213252e-076 3.15897232e-091 7.31691944e-010 3.28717783e-027
  2.42381812e-018 5.07601693e-054 9.62565529e-047 1.00000000e+000
  9.99209423e-046 1.42689819e-047 6.23957751e-089 3.64135112e-010
  2.02088698e-042 1.54215808e-051 6.99603706e-068 3.66094597e-036
  2.16492868e-054 1.27543468e-047 4.61644467e-054 2.14839427e-070
  1.03117150e-061 1.00000000e+000]
 [2.75904227e-032 1.46180657e-065 2.98976295e-073 4.03381979e-019
  9.56057625e-034 1.59937515e-052 5.70544678e-037 2.18176334e-021
  1.07533484e-046 1.40109825e-042 4.43140501e-019 9.99209423e-046
  1.00000000e+000 1.06831939e-044 2.82893220e-064 1.71883476e-064
  1.51491986e-042 1.98009047e-043 4.64343960e-076 1.82558708e-048
  1.62259345e-055 5.18455495e-038 1.72716884e-028 4.82997608e-034
  1.56690081e-024 1.00000000e+000]
 [3.35511365e-004 4.11845386e-016 8.40029291e-039 4.49672691e-018
  4.82474454e-027 5.08879522e-067 1.69964472e-054 9.88285508e-031
  3.49920146e-040 3.16068401e-028 5.35775978e-045 1.42689819e-047
  1.06831939e-044 1.00000000e+000 1.95654581e-054 6.94265690e-040
  4.01686142e-039 6.08002698e-029 1.22289147e-031 1.46188885e-039
  4.79514246e-032 3.27743682e-052 1.01291159e-058 1.05043213e-067
  4.85456879e-011 1.00000000e+000]
 [2.31268613e-061 8.25871381e-056 2.82333347e-080 1.96929883e-078
  2.25731550e-037 1.02918738e-031 1.39341222e-065 7.02065316e-049
  9.52628409e-040 2.91278700e-013 5.40369315e-043 6.23957751e-089
  2.82893220e-064 1.95654581e-054 1.00000000e+000 1.30234958e-074
  1.80022134e-038 1.05761724e-037 6.56336131e-076 2.73796137e-036
  2.76106005e-035 2.12266859e-034 2.79581438e-049 6.21642680e-062
  3.07081434e-032 1.00000000e+000]
 [7.82489299e-034 2.26116610e-038 6.65659800e-038 2.49784424e-033
  4.96513700e-084 2.91491042e-092 1.31947290e-011 2.27392223e-041
  1.40214754e-008 5.75743053e-050 1.97223791e-056 3.64135112e-010
  1.71883476e-064 6.94265690e-040 1.30234958e-074 1.00000000e+000
  2.74321328e-036 4.43521797e-038 1.78889611e-053 1.70244058e-045
  3.99540208e-051 2.68395722e-046 5.34353175e-075 1.12421809e-101
  1.09519221e-058 1.00000000e+000]
 [5.91740234e-030 5.07562490e-053 7.02466474e-036 4.03048776e-041
  1.69672424e-066 4.27107231e-017 2.96963366e-034 2.14515384e-017
  4.64864787e-023 1.87029965e-030 4.89413961e-036 2.02088698e-042
  1.51491986e-042 4.01686142e-039 1.80022134e-038 2.74321328e-036
  1.00000000e+000 2.85618550e-039 4.54072326e-054 2.97829946e-051
  5.95105978e-012 2.60432596e-006 7.95418048e-027 2.41369208e-064
  3.93808648e-030 1.00000000e+000]
 [1.54225392e-032 2.53833358e-010 4.00712225e-064 8.47332672e-045
  6.52888148e-043 4.57563509e-065 8.76742612e-036 2.87396270e-043
  6.31842867e-024 1.72351290e-018 5.58998946e-018 1.54215808e-051
  1.98009047e-043 6.08002698e-029 1.05761724e-037 4.43521797e-038
  2.85618550e-039 1.00000000e+000 7.53512466e-017 7.97615013e-049
  1.38601501e-040 2.69173482e-054 1.47746532e-072 1.42625457e-080
  5.23464422e-023 1.00000000e+000]
 [3.23190744e-039 3.40719203e-015 6.36492891e-051 1.07765471e-058
  7.16267351e-069 9.01747229e-086 1.15860707e-068 5.68415466e-055
  5.36847407e-053 7.96598807e-037 3.27479643e-037 6.99603706e-068
  4.64343960e-076 1.22289147e-031 6.56336131e-076 1.78889611e-053
  4.54072326e-054 7.53512466e-017 1.00000000e+000 3.41023839e-074
  6.90259035e-040 1.20988610e-085 4.27872159e-096 1.80742496e-103
  1.04282334e-038 1.00000000e+000]
 [8.34946677e-045 2.48982699e-060 1.99913144e-034 5.72857473e-036
  1.17514570e-024 3.71088557e-063 6.98739645e-042 8.83119814e-024
  2.19153975e-033 4.27239019e-017 9.14045404e-038 3.66094597e-036
  1.82558708e-048 1.46188885e-039 2.73796137e-036 1.70244058e-045
  2.97829946e-051 7.97615013e-049 3.41023839e-074 1.00000000e+000
  5.00966233e-038 3.37659403e-048 1.91245640e-033 1.56033952e-026
  4.30593978e-039 1.00000000e+000]
 [9.37248048e-033 4.29945381e-050 2.43449048e-019 9.80257048e-047
  6.07825581e-051 7.93485028e-018 3.57810137e-057 5.61699449e-015
  5.58707636e-039 9.23611733e-018 6.20085805e-034 2.16492868e-054
  1.62259345e-055 4.79514246e-032 2.76106005e-035 3.99540208e-051
  5.95105978e-012 1.38601501e-040 6.90259035e-040 5.00966233e-038
  1.00000000e+000 6.43646232e-024 1.53785613e-025 4.01380066e-047
  2.54104662e-026 1.00000000e+000]
 [4.98228404e-040 7.90834188e-074 7.96692869e-052 5.16030597e-045
  1.31591800e-064 6.13114975e-016 1.02563005e-034 1.99080823e-020
  2.57381947e-026 1.81326885e-036 2.22815090e-043 1.27543468e-047
  5.18455495e-038 3.27743682e-052 2.12266859e-034 2.68395722e-046
  2.60432596e-006 2.69173482e-054 1.20988610e-085 3.37659403e-048
  6.43646232e-024 1.00000000e+000 1.19742423e-019 3.86707647e-057
  2.77099009e-036 1.00000000e+000]
 [2.16867495e-049 2.05915766e-098 1.41367642e-041 7.05398463e-040
  2.69840820e-045 4.67385054e-019 1.93825836e-055 6.84874854e-009
  3.62997250e-054 4.80526313e-035 1.92248469e-034 4.61644467e-054
  1.72716884e-028 1.01291159e-058 2.79581438e-049 5.34353175e-075
  7.95418048e-027 1.47746532e-072 4.27872159e-096 1.91245640e-033
  1.53785613e-025 1.19742423e-019 1.00000000e+000 3.35180483e-014
  5.09805608e-038 1.00000000e+000]
 [4.65796998e-066 5.47627432e-108 2.97153905e-055 9.26248170e-048
  7.25402179e-030 1.82080936e-048 1.28402001e-077 3.30268810e-021
  5.37118500e-079 1.18083358e-036 2.33538939e-034 2.14839427e-070
  4.82997608e-034 1.05043213e-067 6.21642680e-062 1.12421809e-101
  2.41369208e-064 1.42625457e-080 1.80742496e-103 1.56033952e-026
  4.01380066e-047 3.86707647e-057 3.35180483e-014 1.00000000e+000
  8.75033884e-046 1.00000000e+000]
 [3.55072206e-012 8.98391741e-026 2.44018977e-054 9.79257341e-025
  1.00439029e-014 1.99838358e-037 1.18709358e-055 1.21766760e-023
  2.08346657e-042 4.33429904e-017 3.51081384e-025 1.03117150e-061
  1.56690081e-024 4.85456879e-011 3.07081434e-032 1.09519221e-058
  3.93808648e-030 5.23464422e-023 1.04282334e-038 4.30593978e-039
  2.54104662e-026 2.77099009e-036 5.09805608e-038 8.75033884e-046
  1.00000000e+000 1.00000000e+000]
 [1.00000000e+000 1.00000000e+000 1.00000000e+000 1.00000000e+000
  1.00000000e+000 1.00000000e+000 1.00000000e+000 1.00000000e+000
  1.00000000e+000 1.00000000e+000 1.00000000e+000 1.00000000e+000
  1.00000000e+000 1.00000000e+000 1.00000000e+000 1.00000000e+000
  1.00000000e+000 1.00000000e+000 1.00000000e+000 1.00000000e+000
  1.00000000e+000 1.00000000e+000 1.00000000e+000 1.00000000e+000
  1.00000000e+000 0.00000000e+000]]
