[[1.00000000e+000 1.22809946e-025 1.03437529e-018 2.83090787e-022
  9.31935354e-064 2.28569053e-072 7.39386523e-034 3.12721468e-037
  4.99531362e-042 1.29362920e-040 1.13037934e-033 3.08545693e-025
  7.56687209e-028 5.63087972e-025 4.69852335e-028 3.32450089e-017
  1.21763749e-032 8.93608780e-044 1.89917605e-039 1.20838766e-039
  1.00000000e+000]
 [1.22809946e-025 1.00000000e+000 1.33818862e-050 4.02245955e-018
  2.12032441e-082 1.35395003e-029 2.36872878e-082 3.62164791e-038
  1.95373396e-060 4.72529723e-015 2.07495802e-022 8.34095894e-052
  4.36604714e-014 7.30260272e-015 6.13395241e-037 1.62011011e-033
  2.85189403e-023 5.58642274e-053 7.51393206e-012 1.15211833e-038
  1.00000000e+000]
 [1.03437529e-018 1.33818862e-050 1.00000000e+000 1.86646999e-053
  3.66130595e-047 4.05141294e-080 5.15464747e-027 4.14536559e-028
  4.01878015e-047 2.87339040e-042 7.62532542e-062 6.12982543e-053
  1.24139511e-037 7.79929497e-028 1.25680451e-034 7.45365672e-020
  6.15317179e-035 1.76095543e-044 6.63550950e-057 5.89315714e-053
  1.00000000e+000]
 [2.83090787e-022 4.02245955e-018 1.86646999e-053 1.00000000e+000
  2.01578833e-077 2.56763323e-053 5.00708134e-074 3.29183856e-057
  5.58875193e-033 7.31631141e-031 5.03985873e-022 1.20884989e-039
  8.57189590e-019 3.52227194e-021 5.17790196e-052 9.36911978e-027
  2.78325042e-054 5.43981062e-022 5.27261308e-045 6.10994702e-060
  1.00000000e+000]
 [9.31935354e-064 2.12032441e-082 3.66130595e-047 2.01578833e-077
  1.00000000e+000 3.17612395e-067 2.84506611e-090 2.67596676e-072
  1.50892101e-071 4.82094349e-086 1.40186291e-058 5.73186860e-104
  3.31389159e-035 1.59260118e-049 1.43645483e-053 5.54447955e-027
  3.34309627e-106 1.73656956e-073 9.75057271e-075 6.15596790e-055
  1.00000000e+000]
 [2.28569053e-072 1.35395003e-029 4.05141294e-080 2.56763323e-053
  3.17612395e-067 1.00000000e+000 1.06122739e-109 8.87556777e-038
  2.94189616e-102 1.45576272e-043 1.05428920e-033 4.61027242e-106
  3.56431036e-016 1.58731856e-040 6.08318757e-054 2.61416699e-065
  8.87595918e-063 2.18733585e-075 1.85212645e-017 4.00498493e-067
  1.00000000e+000]
 [7.39386523e-034 2.36872878e-082 5.15464747e-027 5.00708134e-074
  2.84506611e-090 1.06122739e-109 1.00000000e+000 3.81905878e-053
  7.99197119e-058 2.72255207e-078 3.59062494e-065 1.59408499e-031
  1.66774023e-069 2.40763507e-080 2.02548967e-033 9.08070273e-063
  4.37573169e-052 1.16300449e-058 2.60838902e-078 1.13171324e-073
  1.00000000e+000]
 [3.12721468e-037 3.62164791e-038 4.14536559e-028 3.29183856e-057
  2.67596676e-072 8.87556777e-038 3.81905878e-053 1.00000000e+000
  1.75242473e-099 2.44664471e-047 2.44686309e-064 4.93853991e-090
  4.67909213e-030 2.08543871e-033 2.36618099e-053 2.59066709e-051
  8.68797291e-041 3.41140918e-066 1.82779581e-033 9.77031290e-084
  1.00000000e+000]
 [4.99531362e-042 1.95373396e-060 4.01878015e-047 5.58875193e-033
  1.50892101e-071 2.94189616e-102 7.99197119e-058 1.75242473e-099
  1.00000000e+000 1.69685486e-040 5.10816858e-040 9.18126040e-029
  7.04524330e-048 1.53341101e-045 3.17389281e-046 3.67889746e-030
  2.42930992e-063 5.31273183e-016 2.58357547e-086 9.88946138e-053
  1.00000000e+000]
 [1.29362920e-040 4.72529723e-015 2.87339040e-042 7.31631141e-031
  4.82094349e-086 1.45576272e-043 2.72255207e-078 2.44664471e-047
  1.69685486e-040 1.00000000e+000 1.59855491e-037 1.44043885e-056
  2.61705857e-024 3.57339483e-015 1.08348042e-041 5.42235234e-036
  1.16105385e-016 5.01105249e-036 1.71830852e-030 1.09792683e-045
  1.00000000e+000]
 [1.13037934e-033 2.07495802e-022 7.62532542e-062 5.03985873e-022
  1.40186291e-058 1.05428920e-033 3.59062494e-065 2.44686309e-064
  5.10816858e-040 1.59855491e-037 1.00000000e+000 2.54015175e-030
  2.54340116e-015 4.95883998e-039 1.57885211e-018 2.92713972e-036
  4.52730036e-048 1.60753567e-045 1.40817798e-022 1.21265489e-024
  1.00000000e+000]
 [3.08545693e-025 8.34095894e-052 6.12982543e-053 1.20884989e-039
  5.73186860e-104 4.61027242e-106 1.59408499e-031 4.93853991e-090
  9.18126040e-029 1.44043885e-056 2.54015175e-030 1.00000000e+000
  2.57345456e-058 5.23779185e-068 1.53617801e-024 1.15341630e-050
  8.90555024e-044 5.78476771e-051 5.67167112e-063 1.13860438e-039
  1.00000000e+000]
 [7.56687209e-028 4.36604714e-014 1.24139511e-037 8.57189590e-019
  3.31389159e-035 3.56431036e-016 1.66774023e-069 4.67909213e-030
  7.04524330e-048 2.61705857e-024 2.54340116e-015 2.57345456e-058
  1.00000000e+000 1.25236466e-011 3.88809697e-030 9.94654678e-019
  5.22792476e-043 1.64842840e-035 6.72365837e-018 4.49732635e-037
  1.00000000e+000]
 [5.63087972e-025 7.30260272e-015 7.79929497e-028 3.52227194e-021
  1.59260118e-049 1.58731856e-040 2.40763507e-080 2.08543871e-033
  1.53341101e-045 3.57339483e-015 4.95883998e-039 5.23779185e-068
  1.25236466e-011 1.00000000e+000 1.52267455e-047 3.96036558e-012
  7.43795483e-036 9.02711514e-035 2.93397075e-033 1.88831919e-047
  1.00000000e+000]
 [4.69852335e-028 6.13395241e-037 1.25680451e-034 5.17790196e-052
  1.43645483e-053 6.08318757e-054 2.02548967e-033 2.36618099e-053
  3.17389281e-046 1.08348042e-041 1.57885211e-018 1.53617801e-024
  3.88809697e-030 1.52267455e-047 1.00000000e+000 2.38208407e-036
  2.73795399e-027 7.73746730e-064 2.52612703e-024 1.90214580e-011
  1.00000000e+000]
 [3.32450089e-017 1.62011011e-033 7.45365672e-020 9.36911978e-027
  5.54447955e-027 2.61416699e-065 9.08070273e-063 2.59066709e-051
  3.67889746e-030 5.42235234e-036 2.92713972e-036 1.15341630e-050
  9.94654678e-019 3.96036558e-012 2.38208407e-036 1.00000000e+000
  3.23461846e-051 1.42959657e-035 1.01628452e-049 9.02804570e-034
  1.00000000e+000]
 [1.21763749e-032 2.85189403e-023 6.15317179e-035 2.78325042e-054
  3.34309627e-106 8.87595918e-063 4.37573169e-052 8.68797291e-041
  2.42930992e-063 1.16105385e-016 4.52730036e-048 8.90555024e-044
  5.22792476e-043 7.43795483e-036 2.73795399e-027 3.23461846e-051
  1.00000000e+000 4.09175776e-068 2.02958683e-025 1.19168374e-038
  1.00000000e+000]
 [8.93608780e-044 5.58642274e-053 1.76095543e-044 5.43981062e-022
  1.73656956e-073 2.18733585e-075 1.16300449e-058 3.41140918e-066
  5.31273183e-016 5.01105249e-036 1.60753567e-045 5.78476771e-051
  1.64842840e-035 9.02711514e-035 7.73746730e-064 1.42959657e-035
  4.09175776e-068 1.00000000e+000 4.93261525e-081 2.57724480e-085
  1.00000000e+000]
 [1.89917605e-039 7.51393206e-012 6.63550950e-057 5.27261308e-045
  9.75057271e-075 1.85212645e-017 2.60838902e-078 1.82779581e-033
  2.58357547e-086 1.71830852e-030 1.40817798e-022 5.67167112e-063
  6.72365837e-018 2.93397075e-033 2.52612703e-024 1.01628452e-049
  2.02958683e-025 4.93261525e-081 1.00000000e+000 5.41781656e-031
  1.00000000e+000]
 [1.20838766e-039 1.15211833e-038 5.89315714e-053 6.10994702e-060
  6.15596790e-055 4.00498493e-067 1.13171324e-073 9.77031290e-084
  9.88946138e-053 1.09792683e-045 1.21265489e-024 1.13860438e-039
  4.49732635e-037 1.88831919e-047 1.90214580e-011 9.02804570e-034
  1.19168374e-038 2.57724480e-085 5.41781656e-031 1.00000000e+000
  1.00000000e+000]
 [1.00000000e+000 1.00000000e+000 1.00000000e+000 1.00000000e+000
  1.00000000e+000 1.00000000e+000 1.00000000e+000 1.00000000e+000
  1.00000000e+000 1.00000000e+000 1.00000000e+000 1.00000000e+000
  1.00000000e+000 1.00000000e+000 1.00000000e+000 1.00000000e+000
  1.00000000e+000 1.00000000e+000 1.00000000e+000 1.00000000e+000
  0.00000000e+000]]
