[[1.00000000e+000 6.07680618e-022 1.57343967e-028 2.08574037e-063
  1.97822324e-064 1.08498276e-082 1.08210582e-045 1.65752452e-043
  4.25843991e-046 8.99156965e-051 4.49475733e-064 1.31412628e-064
  1.69424550e-026 2.07015802e-073 2.89963127e-048 1.06943658e-028
  1.60018699e-040 1.59679793e-027 8.38278257e-010 4.84846132e-032
  4.90019991e-076 9.01270912e-011 3.79869771e-033 6.67176115e-027
  9.29789567e-014 3.78709562e-075 5.33450415e-021 1.74579877e-020
  1.00000000e+000]
 [6.07680618e-022 1.00000000e+000 8.17083450e-067 3.85787884e-054
  2.47191705e-046 6.37744581e-073 1.37737766e-050 4.20293389e-056
  3.05634895e-050 4.35885568e-097 1.43447489e-041 5.69134303e-043
  1.17359426e-027 8.60220485e-066 2.08354891e-058 5.28554182e-020
  8.58773149e-035 2.03384219e-022 4.50172138e-017 3.70419251e-038
  1.19037616e-067 1.91314546e-004 1.67215393e-041 1.74972708e-009
  6.86920307e-013 2.38048850e-090 2.69004661e-029 1.31789957e-035
  1.00000000e+000]
 [1.57343967e-028 8.17083450e-067 1.00000000e+000 1.67496430e-082
  2.90857326e-051 7.65274446e-066 5.71138850e-080 9.63243468e-029
  5.79271102e-068 3.26659827e-016 5.21953020e-082 8.52432435e-074
  4.29761430e-027 2.40187509e-072 1.69267722e-046 1.51455805e-075
  7.01159733e-051 2.54636862e-054 7.05658832e-046 8.15655046e-049
  3.06684222e-065 1.19630961e-053 6.36090848e-042 2.92068871e-049
  1.27218231e-068 6.90869077e-044 1.25438650e-034 4.00941419e-039
  1.00000000e+000]
 [2.08574037e-063 3.85787884e-054 1.67496430e-082 1.00000000e+000
  2.78588922e-040 4.99540191e-027 1.19506362e-060 7.58516071e-041
  9.50532841e-042 2.51946515e-082 3.11144164e-050 1.76720395e-092
  1.31035986e-059 9.75926432e-024 8.51105852e-046 1.13458388e-030
  1.63101440e-018 1.13753538e-021 2.71120465e-067 9.13287281e-055
  1.16434172e-017 2.87415441e-053 7.78764513e-029 1.29787400e-041
  1.19457271e-067 4.86894171e-057 4.72044711e-067 9.10741354e-023
  1.00000000e+000]
 [1.97822324e-064 2.47191705e-046 2.90857326e-051 2.78588922e-040
  1.00000000e+000 2.25299768e-018 5.13670586e-087 1.44097018e-037
  4.21637839e-073 5.12889605e-077 1.55300739e-061 8.01308200e-063
  4.65282930e-020 2.46416929e-044 3.55304730e-030 1.80099867e-047
  1.14041964e-034 8.62414996e-043 1.85538112e-053 4.11311459e-057
  2.95979710e-035 1.88583317e-052 2.49502064e-024 5.51120462e-030
  2.49160860e-070 1.88031267e-049 1.67002396e-059 3.22189753e-048
  1.00000000e+000]
 [1.08498276e-082 6.37744581e-073 7.65274446e-066 4.99540191e-027
  2.25299768e-018 1.00000000e+000 1.43997270e-060 8.54274092e-022
  1.21990635e-044 8.65946098e-061 2.39452639e-054 8.36294074e-068
  9.07995338e-036 1.24543561e-041 2.28649943e-031 6.43543632e-070
  1.54755119e-029 5.10522894e-059 4.73856199e-083 8.65167950e-058
  1.03681616e-015 1.11862071e-076 9.26301669e-023 7.16625248e-048
  1.07226784e-095 3.78039816e-029 2.04816991e-087 6.54682620e-046
  1.00000000e+000]
 [1.08210582e-045 1.37737766e-050 5.71138850e-080 1.19506362e-060
  5.13670586e-087 1.43997270e-060 1.00000000e+000 9.23709792e-030
  4.65983149e-006 6.03728563e-060 6.12935347e-035 6.30928250e-040
  7.23801875e-050 7.12125316e-073 7.26508160e-049 8.18699657e-070
  3.44930417e-034 2.63307967e-065 1.52121552e-055 1.12021793e-023
  7.19833828e-057 1.34813310e-050 6.65154278e-043 7.19788118e-041
  1.45132939e-047 8.97879374e-050 1.91289025e-066 3.03237922e-033
  1.00000000e+000]
 [1.65752452e-043 4.20293389e-056 9.63243468e-029 7.58516071e-041
  1.44097018e-037 8.54274092e-022 9.23709792e-030 1.00000000e+000
  8.30296150e-017 2.82355144e-016 1.32536679e-028 1.94865359e-034
  6.49784538e-027 4.04912094e-035 5.11769788e-029 7.58063275e-070
  2.81792400e-015 6.37237832e-045 6.41210869e-059 3.23668048e-023
  2.13882405e-017 1.35577388e-054 1.05397931e-027 1.39259526e-029
  4.16481774e-069 9.88450811e-009 2.72123622e-043 3.23843878e-023
  1.00000000e+000]
 [4.25843991e-046 3.05634895e-050 5.79271102e-068 9.50532841e-042
  4.21637839e-073 1.21990635e-044 4.65983149e-006 8.30296150e-017
  1.00000000e+000 1.22789419e-044 2.33133334e-021 1.40085353e-036
  3.52523352e-049 3.55804319e-049 8.27283789e-049 6.71894351e-067
  2.53535307e-019 4.26231715e-049 7.78568352e-063 7.65741053e-023
  2.22291373e-031 4.20047210e-050 4.25204510e-041 4.79386614e-034
  2.96292691e-057 1.34952804e-033 3.15601548e-056 8.88292286e-025
  1.00000000e+000]
 [8.99156965e-051 4.35885568e-097 3.26659827e-016 2.51946515e-082
  5.12889605e-077 8.65946098e-061 6.03728563e-060 2.82355144e-016
  1.22789419e-044 1.00000000e+000 1.25322959e-070 4.78496190e-072
  3.70631949e-050 2.43567468e-069 2.56762177e-055 9.65523358e-109
  1.15254053e-047 3.90326291e-074 6.20256192e-081 2.39391051e-047
  3.11558854e-051 9.23479511e-084 1.26812569e-054 7.77236242e-067
  1.48711719e-099 2.30879927e-023 8.63042160e-056 8.07766792e-042
  1.00000000e+000]
 [4.49475733e-064 1.43447489e-041 5.21953020e-082 3.11144164e-050
  1.55300739e-061 2.39452639e-054 6.12935347e-035 1.32536679e-028
  2.33133334e-021 1.25322959e-070 1.00000000e+000 9.76061804e-016
  3.08384798e-059 1.07132885e-029 4.58368072e-063 7.53102372e-072
  2.08133384e-013 4.27985429e-040 1.56741322e-073 1.81770484e-023
  1.90160477e-027 2.44446375e-054 1.09995052e-067 6.02278531e-018
  1.55951188e-067 8.78443112e-038 5.43717643e-039 6.18028698e-038
  1.00000000e+000]
 [1.31412628e-064 5.69134303e-043 8.52432435e-074 1.76720395e-092
  8.01308200e-063 8.36294074e-068 6.30928250e-040 1.94865359e-034
  1.40085353e-036 4.78496190e-072 9.76061804e-016 1.00000000e+000
  2.27347112e-043 1.57070019e-065 4.03048434e-064 3.89098655e-094
  3.65434327e-036 1.48932247e-069 7.67834568e-068 3.96878416e-027
  6.98300169e-058 1.01266366e-057 9.98915325e-074 1.33174600e-021
  1.34006427e-067 2.17300312e-045 2.07346659e-045 8.85275170e-061
  1.00000000e+000]
 [1.69424550e-026 1.17359426e-027 4.29761430e-027 1.31035986e-059
  4.65282930e-020 9.07995338e-036 7.23801875e-050 6.49784538e-027
  3.52523352e-049 3.70631949e-050 3.08384798e-059 2.27347112e-043
  1.00000000e+000 8.66289397e-071 3.58393933e-027 4.26983383e-044
  5.81185077e-039 2.35401446e-046 1.47947819e-023 2.95768595e-038
  3.69646278e-055 5.59025441e-026 1.28786444e-015 9.58907732e-023
  8.26057979e-037 1.36979591e-050 4.37293978e-044 8.39931558e-038
  1.00000000e+000]
 [2.07015802e-073 8.60220485e-066 2.40187509e-072 9.75926432e-024
  2.46416929e-044 1.24543561e-041 7.12125316e-073 4.04912094e-035
  3.55804319e-049 2.43567468e-069 1.07132885e-029 1.57070019e-065
  8.66289397e-071 1.00000000e+000 4.29006810e-042 1.96533005e-054
  7.62986158e-010 4.25070848e-025 7.32368172e-077 1.89615743e-033
  2.00165929e-016 6.54345023e-073 7.60393832e-054 1.95901970e-033
  8.01176401e-082 1.76615013e-031 1.41158558e-039 5.19343542e-024
  1.00000000e+000]
 [2.89963127e-048 2.08354891e-058 1.69267722e-046 8.51105852e-046
  3.55304730e-030 2.28649943e-031 7.26508160e-049 5.11769788e-029
  8.27283789e-049 2.56762177e-055 4.58368072e-063 4.03048434e-064
  3.58393933e-027 4.29006810e-042 1.00000000e+000 1.23998380e-045
  7.90366210e-030 1.49125196e-051 6.35072871e-036 7.42566567e-023
  7.53704286e-049 2.70188765e-059 4.21373385e-013 1.74908247e-037
  2.79909098e-049 7.78437879e-031 4.96076266e-052 8.10346158e-024
  1.00000000e+000]
 [1.06943658e-028 5.28554182e-020 1.51455805e-075 1.13458388e-030
  1.80099867e-047 6.43543632e-070 8.18699657e-070 7.58063275e-070
  6.71894351e-067 9.65523358e-109 7.53102372e-072 3.89098655e-094
  4.26983383e-044 1.96533005e-054 1.23998380e-045 1.00000000e+000
  1.35059766e-037 1.17261921e-014 3.88824514e-018 1.76359090e-049
  2.38714209e-068 4.13280107e-017 1.52953785e-028 4.64357891e-029
  7.90835778e-017 1.68408093e-099 2.66335800e-042 5.13115992e-024
  1.00000000e+000]
 [1.60018699e-040 8.58773149e-035 7.01159733e-051 1.63101440e-018
  1.14041964e-034 1.54755119e-029 3.44930417e-034 2.81792400e-015
  2.53535307e-019 1.15254053e-047 2.08133384e-013 3.65434327e-036
  5.81185077e-039 7.62986158e-010 7.90366210e-030 1.35059766e-037
  1.00000000e+000 3.30214777e-016 6.31571934e-047 2.27144746e-015
  4.09443877e-012 5.15060076e-039 5.68099352e-031 2.19401829e-013
  2.19250890e-048 1.03230227e-023 1.73962809e-026 1.50910881e-010
  1.00000000e+000]
 [1.59679793e-027 2.03384219e-022 2.54636862e-054 1.13753538e-021
  8.62414996e-043 5.10522894e-059 2.63307967e-065 6.37237832e-045
  4.26231715e-049 3.90326291e-074 4.27985429e-040 1.48932247e-069
  2.35401446e-046 4.25070848e-025 1.49125196e-051 1.17261921e-014
  3.30214777e-016 1.00000000e+000 7.79607660e-033 1.98738225e-037
  1.49712463e-036 1.25752784e-020 6.57565721e-039 1.78104806e-017
  2.83313942e-033 3.52321216e-067 4.09539305e-020 2.10352039e-014
  1.00000000e+000]
 [8.38278257e-010 4.50172138e-017 7.05658832e-046 2.71120465e-067
  1.85538112e-053 4.73856199e-083 1.52121552e-055 6.41210869e-059
  7.78568352e-063 6.20256192e-081 1.56741322e-073 7.67834568e-068
  1.47947819e-023 7.32368172e-077 6.35072871e-036 3.88824514e-018
  6.31571934e-047 7.79607660e-033 1.00000000e+000 1.38906315e-032
  1.02606279e-089 3.64478918e-012 2.69756955e-028 7.12720169e-025
  6.35166534e-005 1.33441753e-087 6.57530620e-028 1.76184466e-027
  1.00000000e+000]
 [4.84846132e-032 3.70419251e-038 8.15655046e-049 9.13287281e-055
  4.11311459e-057 8.65167950e-058 1.12021793e-023 3.23668048e-023
  7.65741053e-023 2.39391051e-047 1.81770484e-023 3.96878416e-027
  2.95768595e-038 1.89615743e-033 7.42566567e-023 1.76359090e-049
  2.27144746e-015 1.98738225e-037 1.38906315e-032 1.00000000e+000
  1.28477628e-046 2.85044759e-042 4.29375288e-038 8.22319953e-018
  5.82382127e-034 1.19912857e-028 1.85468488e-021 3.20812376e-015
  1.00000000e+000]
 [4.90019991e-076 1.19037616e-067 3.06684222e-065 1.16434172e-017
  2.95979710e-035 1.03681616e-015 7.19833828e-057 2.13882405e-017
  2.22291373e-031 3.11558854e-051 1.90160477e-027 6.98300169e-058
  3.69646278e-055 2.00165929e-016 7.53704286e-049 2.38714209e-068
  4.09443877e-012 1.49712463e-036 1.02606279e-089 1.28477628e-046
  1.00000000e+000 1.28372327e-071 1.25060220e-042 7.43562944e-038
  9.00918990e-096 6.95885189e-023 9.74901903e-062 1.79494211e-032
  1.00000000e+000]
 [9.01270912e-011 1.91314546e-004 1.19630961e-053 2.87415441e-053
  1.88583317e-052 1.11862071e-076 1.34813310e-050 1.35577388e-054
  4.20047210e-050 9.23479511e-084 2.44446375e-054 1.01266366e-057
  5.59025441e-026 6.54345023e-073 2.70188765e-059 4.13280107e-017
  5.15060076e-039 1.25752784e-020 3.64478918e-012 2.85044759e-042
  1.28372327e-071 1.00000000e+000 5.67281077e-036 1.09467326e-016
  4.22918707e-010 4.80227990e-093 6.58592185e-029 3.13168103e-030
  1.00000000e+000]
 [3.79869771e-033 1.67215393e-041 6.36090848e-042 7.78764513e-029
  2.49502064e-024 9.26301669e-023 6.65154278e-043 1.05397931e-027
  4.25204510e-041 1.26812569e-054 1.09995052e-067 9.98915325e-074
  1.28786444e-015 7.60393832e-054 4.21373385e-013 1.52953785e-028
  5.68099352e-031 6.57565721e-039 2.69756955e-028 4.29375288e-038
  1.25060220e-042 5.67281077e-036 1.00000000e+000 4.33848627e-035
  1.18042578e-038 5.60151216e-047 2.21902458e-058 2.11469955e-021
  1.00000000e+000]
 [6.67176115e-027 1.74972708e-009 2.92068871e-049 1.29787400e-041
  5.51120462e-030 7.16625248e-048 7.19788118e-041 1.39259526e-029
  4.79386614e-034 7.77236242e-067 6.02278531e-018 1.33174600e-021
  9.58907732e-023 1.95901970e-033 1.74908247e-037 4.64357891e-029
  2.19401829e-013 1.78104806e-017 7.12720169e-025 8.22319953e-018
  7.43562944e-038 1.09467326e-016 4.33848627e-035 1.00000000e+000
  1.49737806e-025 1.93359571e-048 1.63003023e-016 8.18409187e-023
  1.00000000e+000]
 [9.29789567e-014 6.86920307e-013 1.27218231e-068 1.19457271e-067
  2.49160860e-070 1.07226784e-095 1.45132939e-047 4.16481774e-069
  2.96292691e-057 1.48711719e-099 1.55951188e-067 1.34006427e-067
  8.26057979e-037 8.01176401e-082 2.79909098e-049 7.90835778e-017
  2.19250890e-048 2.83313942e-033 6.35166534e-005 5.82382127e-034
  9.00918990e-096 4.22918707e-010 1.18042578e-038 1.49737806e-025
  1.00000000e+000 4.84354398e-102 2.46208549e-033 3.26455114e-030
  1.00000000e+000]
 [3.78709562e-075 2.38048850e-090 6.90869077e-044 4.86894171e-057
  1.88031267e-049 3.78039816e-029 8.97879374e-050 9.88450811e-009
  1.34952804e-033 2.30879927e-023 8.78443112e-038 2.17300312e-045
  1.36979591e-050 1.76615013e-031 7.78437879e-031 1.68408093e-099
  1.03230227e-023 3.52321216e-067 1.33441753e-087 1.19912857e-028
  6.95885189e-023 4.80227990e-093 5.60151216e-047 1.93359571e-048
  4.84354398e-102 1.00000000e+000 1.25415339e-057 5.59173522e-037
  1.00000000e+000]
 [5.33450415e-021 2.69004661e-029 1.25438650e-034 4.72044711e-067
  1.67002396e-059 2.04816991e-087 1.91289025e-066 2.72123622e-043
  3.15601548e-056 8.63042160e-056 5.43717643e-039 2.07346659e-045
  4.37293978e-044 1.41158558e-039 4.96076266e-052 2.66335800e-042
  1.73962809e-026 4.09539305e-020 6.57530620e-028 1.85468488e-021
  9.74901903e-062 6.58592185e-029 2.21902458e-058 1.63003023e-016
  2.46208549e-033 1.25415339e-057 1.00000000e+000 4.74141855e-023
  1.00000000e+000]
 [1.74579877e-020 1.31789957e-035 4.00941419e-039 9.10741354e-023
  3.22189753e-048 6.54682620e-046 3.03237922e-033 3.23843878e-023
  8.88292286e-025 8.07766792e-042 6.18028698e-038 8.85275170e-061
  8.39931558e-038 5.19343542e-024 8.10346158e-024 5.13115992e-024
  1.50910881e-010 2.10352039e-014 1.76184466e-027 3.20812376e-015
  1.79494211e-032 3.13168103e-030 2.11469955e-021 8.18409187e-023
  3.26455114e-030 5.59173522e-037 4.74141855e-023 1.00000000e+000
  1.00000000e+000]
 [1.00000000e+000 1.00000000e+000 1.00000000e+000 1.00000000e+000
  1.00000000e+000 1.00000000e+000 1.00000000e+000 1.00000000e+000
  1.00000000e+000 1.00000000e+000 1.00000000e+000 1.00000000e+000
  1.00000000e+000 1.00000000e+000 1.00000000e+000 1.00000000e+000
  1.00000000e+000 1.00000000e+000 1.00000000e+000 1.00000000e+000
  1.00000000e+000 1.00000000e+000 1.00000000e+000 1.00000000e+000
  1.00000000e+000 1.00000000e+000 1.00000000e+000 1.00000000e+000
  0.00000000e+000]]
