[[1.00000000e+000 8.90768605e-030 2.59395686e-023 9.02740075e-009
  1.83291495e-011 2.12237098e-041 1.50158686e-058 6.59366956e-063
  2.36613856e-009 1.78362804e-050 1.24348435e-038 2.36278983e-024
  1.13057959e-078 2.41505653e-015 1.94921650e-050 1.72728126e-091
  1.49766233e-025 1.25712619e-040 3.37586801e-040 2.58704656e-040
  1.00000000e+000]
 [8.90768605e-030 1.00000000e+000 1.10128599e-026 4.63130944e-026
  1.26580842e-036 3.98622154e-055 4.11027394e-068 7.96013524e-027
  1.77358625e-055 1.95771383e-033 2.31426616e-041 1.59116257e-009
  1.99174273e-061 1.71602031e-040 1.06336551e-009 2.64434148e-054
  1.85945943e-034 1.50473783e-025 8.16617363e-037 9.85100601e-052
  1.00000000e+000]
 [2.59395686e-023 1.10128599e-026 1.00000000e+000 2.29346896e-027
  1.77220649e-030 7.34178245e-022 8.42734460e-032 1.73265925e-035
  1.15215954e-040 1.15088796e-030 2.15132493e-064 1.71917067e-018
  1.40144380e-055 2.02844883e-006 1.63491477e-026 1.27665005e-090
  3.21105346e-031 1.42474244e-047 1.10583101e-055 5.91506485e-025
  1.00000000e+000]
 [9.02740075e-009 4.63130944e-026 2.29346896e-027 1.00000000e+000
  5.71012836e-003 3.05113299e-050 3.27301070e-040 7.11022324e-060
  1.26694228e-011 4.97726063e-027 2.08656495e-025 1.89834601e-022
  2.52927939e-072 8.34437734e-021 9.58726084e-043 1.58780228e-055
  5.68724125e-029 5.66281408e-022 2.47071362e-029 3.03118407e-045
  1.00000000e+000]
 [1.83291495e-011 1.26580842e-036 1.77220649e-030 5.71012836e-003
  1.00000000e+000 1.07241417e-058 1.45335043e-041 4.27889472e-078
  1.64339691e-014 3.15840368e-029 4.18420813e-040 3.70340965e-028
  1.46540719e-088 3.10218853e-022 1.73569892e-051 3.59691052e-071
  4.02727329e-039 5.66392135e-029 5.24021979e-046 2.67051453e-057
  1.00000000e+000]
 [2.12237098e-041 3.98622154e-055 7.34178245e-022 3.05113299e-050
  1.07241417e-058 1.00000000e+000 1.96481626e-030 3.42848369e-037
  2.82955330e-048 4.71219884e-052 2.10959978e-071 1.31343328e-064
  3.33222320e-060 8.96545653e-017 5.67763039e-072 2.29123782e-122
  7.36928015e-053 4.59839776e-083 2.00094230e-046 3.97535017e-034
  1.00000000e+000]
 [1.50158686e-058 4.11027394e-068 8.42734460e-032 3.27301070e-040
  1.45335043e-041 1.96481626e-030 1.00000000e+000 5.69581778e-064
  3.35458636e-052 1.88395803e-022 7.81638500e-072 1.13036051e-067
  7.42062872e-060 3.89203764e-025 9.72554641e-071 1.11007767e-078
  3.95988515e-062 1.76794866e-067 2.13214190e-055 6.90993723e-048
  1.00000000e+000]
 [6.59366956e-063 7.96013524e-027 1.73265925e-035 7.11022324e-060
  4.27889472e-078 3.42848369e-037 5.69581778e-064 1.00000000e+000
  1.92067414e-083 1.65000646e-042 1.71064747e-045 1.34877474e-042
  1.02357511e-067 5.11237535e-052 2.02062552e-037 1.27900091e-072
  8.87247509e-063 7.67513757e-043 2.08515389e-031 1.27892717e-046
  1.00000000e+000]
 [2.36613856e-009 1.77358625e-055 1.15215954e-040 1.26694228e-011
  1.64339691e-014 2.82955330e-048 3.35458636e-052 1.92067414e-083
  1.00000000e+000 3.03958016e-061 2.04826136e-033 5.43365231e-048
  6.27836244e-077 1.31851460e-021 5.95515381e-080 4.71907596e-086
  2.81914913e-028 3.37626619e-053 3.54402798e-036 3.23512415e-039
  1.00000000e+000]
 [1.78362804e-050 1.95771383e-033 1.15088796e-030 4.97726063e-027
  3.15840368e-029 4.71219884e-052 1.88395803e-022 1.65000646e-042
  3.03958016e-061 1.00000000e+000 2.73722740e-050 1.33862031e-037
  2.49494955e-087 3.65129297e-038 2.89609552e-038 6.61462686e-056
  3.94747447e-071 4.51357034e-022 4.00986999e-045 2.24637793e-070
  1.00000000e+000]
 [1.24348435e-038 2.31426616e-041 2.15132493e-064 2.08656495e-025
  4.18420813e-040 2.10959978e-071 7.81638500e-072 1.71064747e-045
  2.04826136e-033 2.73722740e-050 1.00000000e+000 6.87012361e-050
  7.50646539e-085 2.08963181e-059 3.36845619e-069 7.25865141e-039
  1.39442814e-049 2.72599529e-021 5.25095949e-007 1.66597234e-055
  1.00000000e+000]
 [2.36278983e-024 1.59116257e-009 1.71917067e-018 1.89834601e-022
  3.70340965e-028 1.31343328e-064 1.13036051e-067 1.34877474e-042
  5.43365231e-048 1.33862031e-037 6.87012361e-050 1.00000000e+000
  1.58457379e-064 1.82793837e-031 2.44699085e-008 2.11561877e-059
  1.52973962e-026 2.72790117e-026 1.93559389e-054 3.34632867e-041
  1.00000000e+000]
 [1.13057959e-078 1.99174273e-061 1.40144380e-055 2.52927939e-072
  1.46540719e-088 3.33222320e-060 7.42062872e-060 1.02357511e-067
  6.27836244e-077 2.49494955e-087 7.50646539e-085 1.58457379e-064
  1.00000000e+000 7.42020744e-056 5.65434186e-055 2.47935158e-059
  1.53501437e-022 1.26978042e-109 5.62364935e-064 2.57925304e-023
  1.00000000e+000]
 [2.41505653e-015 1.71602031e-040 2.02844883e-006 8.34437734e-021
  3.10218853e-022 8.96545653e-017 3.89203764e-025 5.11237535e-052
  1.31851460e-021 3.65129297e-038 2.08963181e-059 1.82793837e-031
  7.42020744e-056 1.00000000e+000 7.00591929e-048 2.24832150e-097
  2.49035625e-027 9.41679856e-057 1.75258208e-050 2.79522231e-022
  1.00000000e+000]
 [1.94921650e-050 1.06336551e-009 1.63491477e-026 9.58726084e-043
  1.73569892e-051 5.67763039e-072 9.72554641e-071 2.02062552e-037
  5.95515381e-080 2.89609552e-038 3.36845619e-069 2.44699085e-008
  5.65434186e-055 7.00591929e-048 1.00000000e+000 9.48160726e-055
  3.90272263e-038 2.70013232e-039 1.29537853e-065 1.46228707e-051
  1.00000000e+000]
 [1.72728126e-091 2.64434148e-054 1.27665005e-090 1.58780228e-055
  3.59691052e-071 2.29123782e-122 1.11007767e-078 1.27900091e-072
  4.71907596e-086 6.61462686e-056 7.25865141e-039 2.11561877e-059
  2.47935158e-059 2.24832150e-097 9.48160726e-055 1.00000000e+000
  1.28915365e-058 4.32533385e-044 1.78917695e-043 2.26666316e-073
  1.00000000e+000]
 [1.49766233e-025 1.85945943e-034 3.21105346e-031 5.68724125e-029
  4.02727329e-039 7.36928015e-053 3.95988515e-062 8.87247509e-063
  2.81914913e-028 3.94747447e-071 1.39442814e-049 1.52973962e-026
  1.53501437e-022 2.49035625e-027 3.90272263e-038 1.28915365e-058
  1.00000000e+000 4.42743190e-066 1.08634202e-045 1.93263134e-013
  1.00000000e+000]
 [1.25712619e-040 1.50473783e-025 1.42474244e-047 5.66281408e-022
  5.66392135e-029 4.59839776e-083 1.76794866e-067 7.67513757e-043
  3.37626619e-053 4.51357034e-022 2.72599529e-021 2.72790117e-026
  1.26978042e-109 9.41679856e-057 2.70013232e-039 4.32533385e-044
  4.42743190e-066 1.00000000e+000 5.86822516e-033 2.83238140e-075
  1.00000000e+000]
 [3.37586801e-040 8.16617363e-037 1.10583101e-055 2.47071362e-029
  5.24021979e-046 2.00094230e-046 2.13214190e-055 2.08515389e-031
  3.54402798e-036 4.00986999e-045 5.25095949e-007 1.93559389e-054
  5.62364935e-064 1.75258208e-050 1.29537853e-065 1.78917695e-043
  1.08634202e-045 5.86822516e-033 1.00000000e+000 6.28866209e-047
  1.00000000e+000]
 [2.58704656e-040 9.85100601e-052 5.91506485e-025 3.03118407e-045
  2.67051453e-057 3.97535017e-034 6.90993723e-048 1.27892717e-046
  3.23512415e-039 2.24637793e-070 1.66597234e-055 3.34632867e-041
  2.57925304e-023 2.79522231e-022 1.46228707e-051 2.26666316e-073
  1.93263134e-013 2.83238140e-075 6.28866209e-047 1.00000000e+000
  1.00000000e+000]
 [1.00000000e+000 1.00000000e+000 1.00000000e+000 1.00000000e+000
  1.00000000e+000 1.00000000e+000 1.00000000e+000 1.00000000e+000
  1.00000000e+000 1.00000000e+000 1.00000000e+000 1.00000000e+000
  1.00000000e+000 1.00000000e+000 1.00000000e+000 1.00000000e+000
  1.00000000e+000 1.00000000e+000 1.00000000e+000 1.00000000e+000
  0.00000000e+000]]
