[[1.00000000e+000 3.08935126e-060 1.10406723e-052 8.63985702e-040
  1.84586937e-088 3.29998187e-088 3.98182561e-068 1.86131822e-040
  7.07848547e-038 1.21424051e-121 6.24981118e-060 3.46139580e-048
  1.10226047e-030 2.91014035e-022 4.60924174e-107 2.39583737e-010
  4.74885524e-038 2.15033221e-068 8.01077736e-048 2.13047016e-056
  1.00000000e+000]
 [3.08935126e-060 1.00000000e+000 1.03023640e-007 6.66382128e-028
  2.51044458e-019 3.81928905e-024 5.99492885e-033 3.64656648e-013
  1.86663905e-017 3.24991438e-026 1.08242011e-038 1.38291666e-022
  2.34106961e-052 5.79684591e-031 2.49587811e-029 1.94467863e-033
  8.48981148e-016 6.07635342e-020 2.33490885e-035 1.39110011e-047
  1.00000000e+000]
 [1.10406723e-052 1.03023640e-007 1.00000000e+000 4.66451051e-036
  3.23133425e-019 1.44374427e-030 3.12291409e-028 1.39304755e-012
  1.91227999e-018 2.71429256e-017 2.22931765e-024 3.77913285e-010
  3.61001620e-044 2.21139766e-030 1.47408297e-019 1.13438542e-035
  8.91796789e-025 3.40022971e-018 4.68425344e-025 1.50719099e-037
  1.00000000e+000]
 [8.63985702e-040 6.66382128e-028 4.66451051e-036 1.00000000e+000
  1.93434090e-058 5.16868411e-029 2.54472630e-086 1.64187919e-032
  4.20675765e-037 4.60003400e-068 1.06450233e-050 4.41543231e-040
  9.54631515e-050 8.20091083e-015 1.13911570e-082 3.88836015e-016
  3.09266067e-015 2.36133029e-048 2.22469421e-058 2.63430320e-093
  1.00000000e+000]
 [1.84586937e-088 2.51044458e-019 3.23133425e-019 1.93434090e-058
  1.00000000e+000 2.03637706e-070 3.36969908e-056 4.60066389e-047
  7.41706335e-015 5.23508325e-036 7.06164120e-031 2.27622937e-022
  4.69197571e-105 6.75990491e-057 9.20218159e-011 4.30874955e-066
  2.69281309e-055 1.29365267e-009 4.38350360e-069 3.84578218e-060
  1.00000000e+000]
 [3.29998187e-088 3.81928905e-024 1.44374427e-030 5.16868411e-029
  2.03637706e-070 1.00000000e+000 1.23825099e-079 1.49884179e-031
  2.17340091e-065 1.31960639e-033 3.79186127e-065 6.02169769e-052
  9.51077080e-046 2.79962794e-037 3.88197991e-079 1.69286887e-054
  3.85758623e-025 5.67094872e-073 4.29675835e-059 7.58473528e-108
  1.00000000e+000]
 [3.98182561e-068 5.99492885e-033 3.12291409e-028 2.54472630e-086
  3.36969908e-056 1.23825099e-079 1.00000000e+000 4.39584923e-018
  2.52458905e-046 5.19819280e-056 4.71212008e-077 1.11942460e-048
  5.29464510e-062 5.94987559e-081 1.70832330e-046 5.67419105e-053
  2.70796525e-047 1.25453086e-037 6.62481133e-013 6.39688530e-007
  1.00000000e+000]
 [1.86131822e-040 3.64656648e-013 1.39304755e-012 1.64187919e-032
  4.60066389e-047 1.49884179e-031 4.39584923e-018 1.00000000e+000
  3.08603535e-033 4.04407940e-038 4.12023209e-058 2.92354241e-024
  7.16895673e-035 5.87032976e-035 4.74439616e-045 2.73296064e-022
  1.21045227e-009 1.07181451e-031 5.32900950e-010 8.05518328e-030
  1.00000000e+000]
 [7.07848547e-038 1.86663905e-017 1.91227999e-018 4.20675765e-037
  7.41706335e-015 2.17340091e-065 2.52458905e-046 3.08603535e-033
  1.00000000e+000 3.58465112e-061 1.16556477e-022 1.93779834e-021
  3.04044908e-060 3.12576985e-025 2.83966649e-035 2.22372601e-028
  2.42234523e-035 5.41343473e-017 3.82845113e-053 2.56060248e-043
  1.00000000e+000]
 [1.21424051e-121 3.24991438e-026 2.71429256e-017 4.60003400e-068
  5.23508325e-036 1.31960639e-033 5.19819280e-056 4.04407940e-038
  3.58465112e-061 1.00000000e+000 1.04217863e-050 3.05466194e-034
  1.09724508e-088 4.58308015e-076 3.25592558e-024 1.26963977e-087
  4.64357026e-057 3.80702562e-039 6.50896629e-050 3.01265916e-077
  1.00000000e+000]
 [6.24981118e-060 1.08242011e-038 2.22931765e-024 1.06450233e-050
  7.06164120e-031 3.79186127e-065 4.71212008e-077 4.12023209e-058
  1.16556477e-022 1.04217863e-050 1.00000000e+000 6.28919432e-033
  5.16252319e-058 1.28994270e-034 3.49633583e-049 5.95481188e-051
  4.41517888e-069 2.40975428e-037 3.04508498e-068 2.11663730e-071
  1.00000000e+000]
 [3.46139580e-048 1.38291666e-022 3.77913285e-010 4.41543231e-040
  2.27622937e-022 6.02169769e-052 1.11942460e-048 2.92354241e-024
  1.93779834e-021 3.05466194e-034 6.28919432e-033 1.00000000e+000
  3.34522892e-064 3.60430546e-030 2.78907309e-019 1.06680253e-041
  8.98962948e-031 8.95164868e-022 5.82841638e-041 1.15690269e-052
  1.00000000e+000]
 [1.10226047e-030 2.34106961e-052 3.61001620e-044 9.54631515e-050
  4.69197571e-105 9.51077080e-046 5.29464510e-062 7.16895673e-035
  3.04044908e-060 1.09724508e-088 5.16252319e-058 3.34522892e-064
  1.00000000e+000 7.46896661e-028 1.67224062e-117 3.62477317e-029
  7.04368044e-041 1.66499087e-094 6.48754593e-041 1.33999465e-068
  1.00000000e+000]
 [2.91014035e-022 5.79684591e-031 2.21139766e-030 8.20091083e-015
  6.75990491e-057 2.79962794e-037 5.94987559e-081 5.87032976e-035
  3.12576985e-025 4.58308015e-076 1.28994270e-034 3.60430546e-030
  7.46896661e-028 1.00000000e+000 2.46734383e-080 1.26395311e-017
  6.62580039e-022 6.09416500e-058 7.72981776e-062 7.04207534e-085
  1.00000000e+000]
 [4.60924174e-107 2.49587811e-029 1.47408297e-019 1.13911570e-082
  9.20218159e-011 3.88197991e-079 1.70832330e-046 4.74439616e-045
  2.83966649e-035 3.25592558e-024 3.49633583e-049 2.78907309e-019
  1.67224062e-117 2.46734383e-080 1.00000000e+000 7.18371723e-087
  4.99495684e-065 2.31151361e-015 1.20801333e-058 3.51564590e-054
  1.00000000e+000]
 [2.39583737e-010 1.94467863e-033 1.13438542e-035 3.88836015e-016
  4.30874955e-066 1.69286887e-054 5.67419105e-053 2.73296064e-022
  2.22372601e-028 1.26963977e-087 5.95481188e-051 1.06680253e-041
  3.62477317e-029 1.26395311e-017 7.18371723e-087 1.00000000e+000
  1.06681089e-017 2.85249917e-045 7.33207545e-033 2.58937597e-049
  1.00000000e+000]
 [4.74885524e-038 8.48981148e-016 8.91796789e-025 3.09266067e-015
  2.69281309e-055 3.85758623e-025 2.70796525e-047 1.21045227e-009
  2.42234523e-035 4.64357026e-057 4.41517888e-069 8.98962948e-031
  7.04368044e-041 6.62580039e-022 4.99495684e-065 1.06681089e-017
  1.00000000e+000 3.94700731e-044 9.40943437e-034 4.96220690e-062
  1.00000000e+000]
 [2.15033221e-068 6.07635342e-020 3.40022971e-018 2.36133029e-048
  1.29365267e-009 5.67094872e-073 1.25453086e-037 1.07181451e-031
  5.41343473e-017 3.80702562e-039 2.40975428e-037 8.95164868e-022
  1.66499087e-094 6.09416500e-058 2.31151361e-015 2.85249917e-045
  3.94700731e-044 1.00000000e+000 2.82121143e-041 6.92549059e-036
  1.00000000e+000]
 [8.01077736e-048 2.33490885e-035 4.68425344e-025 2.22469421e-058
  4.38350360e-069 4.29675835e-059 6.62481133e-013 5.32900950e-010
  3.82845113e-053 6.50896629e-050 3.04508498e-068 5.82841638e-041
  6.48754593e-041 7.72981776e-062 1.20801333e-058 7.33207545e-033
  9.40943437e-034 2.82121143e-041 1.00000000e+000 4.00497317e-017
  1.00000000e+000]
 [2.13047016e-056 1.39110011e-047 1.50719099e-037 2.63430320e-093
  3.84578218e-060 7.58473528e-108 6.39688530e-007 8.05518328e-030
  2.56060248e-043 3.01265916e-077 2.11663730e-071 1.15690269e-052
  1.33999465e-068 7.04207534e-085 3.51564590e-054 2.58937597e-049
  4.96220690e-062 6.92549059e-036 4.00497317e-017 1.00000000e+000
  1.00000000e+000]
 [1.00000000e+000 1.00000000e+000 1.00000000e+000 1.00000000e+000
  1.00000000e+000 1.00000000e+000 1.00000000e+000 1.00000000e+000
  1.00000000e+000 1.00000000e+000 1.00000000e+000 1.00000000e+000
  1.00000000e+000 1.00000000e+000 1.00000000e+000 1.00000000e+000
  1.00000000e+000 1.00000000e+000 1.00000000e+000 1.00000000e+000
  0.00000000e+000]]
