[[1.00000000e+000 1.45418338e-064 7.41110264e-039 1.73519748e-041
  9.83057819e-052 5.40691547e-043 1.34633252e-016 2.02774693e-046
  6.87393129e-050 1.55323783e-055 8.74209504e-058 5.76929976e-050
  4.16527197e-041 1.97613897e-069 1.93535385e-062 2.22892444e-032
  5.48158224e-056 9.70920739e-012 2.35949887e-021 1.23175034e-054
  1.00000000e+000]
 [1.45418338e-064 1.00000000e+000 1.38007490e-067 8.35274312e-036
  1.98999216e-046 1.39849517e-049 4.09783739e-032 1.84968091e-105
  4.77528977e-099 4.47236060e-007 1.17622352e-043 9.39472151e-024
  1.23203897e-062 1.61485164e-032 8.25704206e-058 8.95768627e-069
  6.83335337e-067 4.85433535e-055 1.71698342e-028 5.65076678e-012
  1.00000000e+000]
 [7.41110264e-039 1.38007490e-067 1.00000000e+000 2.05220848e-049
  1.38595498e-024 2.68442865e-051 1.01535494e-024 2.32041003e-030
  2.80319867e-054 6.30735207e-054 1.02453774e-035 1.50109106e-063
  2.03880253e-068 3.15754435e-052 1.11971192e-081 7.25968623e-050
  2.18060819e-025 1.80985891e-040 1.22123680e-039 7.75528528e-044
  1.00000000e+000]
 [1.73519748e-041 8.35274312e-036 2.05220848e-049 1.00000000e+000
  8.11718748e-055 9.46519193e-062 2.48036725e-024 2.06217360e-047
  2.20248974e-049 1.55978221e-037 1.38629384e-010 4.40151953e-026
  1.48856191e-048 1.40679393e-038 4.34998112e-026 3.04444082e-046
  8.80469229e-075 3.23859179e-051 7.25768311e-038 5.21353281e-022
  1.00000000e+000]
 [9.83057819e-052 1.98999216e-046 1.38595498e-024 8.11718748e-055
  1.00000000e+000 5.02430190e-071 1.78162578e-018 1.70438785e-067
  1.26410851e-057 1.78666669e-044 1.84061444e-058 3.75804781e-063
  3.88233838e-066 2.35272741e-059 2.71834561e-087 8.71031272e-082
  2.53072953e-025 2.86007958e-034 1.81871167e-048 4.32336068e-022
  1.00000000e+000]
 [5.40691547e-043 1.39849517e-049 2.68442865e-051 9.46519193e-062
  5.02430190e-071 1.00000000e+000 3.21997820e-031 2.81155504e-055
  4.84042854e-063 1.79988488e-027 2.96619733e-061 2.47818864e-021
  1.81235267e-021 2.82594648e-032 2.92446631e-066 5.66225155e-032
  2.07312538e-042 1.81273047e-030 3.48997480e-017 3.23928080e-048
  1.00000000e+000]
 [1.34633252e-016 4.09783739e-032 1.01535494e-024 2.48036725e-024
  1.78162578e-018 3.21997820e-031 1.00000000e+000 2.35990114e-035
  9.48223830e-028 2.21534201e-027 2.40504862e-037 3.18610614e-027
  2.36356490e-025 5.75035321e-041 5.76873472e-039 3.46248531e-031
  2.36246520e-032 2.79185371e-008 2.27594331e-019 1.05435064e-016
  1.00000000e+000]
 [2.02774693e-046 1.84968091e-105 2.32041003e-030 2.06217360e-047
  1.70438785e-067 2.81155504e-055 2.35990114e-035 1.00000000e+000
  2.68652104e-016 1.67029467e-090 7.23696757e-049 4.36746616e-070
  4.49790767e-053 7.31716650e-082 6.10702990e-044 9.07363210e-026
  1.00395835e-069 6.53228330e-046 3.40274874e-068 1.17314775e-071
  1.00000000e+000]
 [6.87393129e-050 4.77528977e-099 2.80319867e-054 2.20248974e-049
  1.26410851e-057 4.84042854e-063 9.48223830e-028 2.68652104e-016
  1.00000000e+000 8.96765641e-090 4.80752000e-070 4.21451193e-065
  6.41461799e-035 2.12457250e-090 5.23784070e-037 7.65176603e-040
  2.36601868e-073 5.26706609e-033 1.47778974e-075 3.41228925e-060
  1.00000000e+000]
 [1.55323783e-055 4.47236060e-007 6.30735207e-054 1.55978221e-037
  1.78666669e-044 1.79988488e-027 2.21534201e-027 1.67029467e-090
  8.96765641e-090 1.00000000e+000 2.54381350e-037 2.67313688e-011
  1.42807581e-041 2.68410178e-013 4.52741382e-067 1.15659803e-063
  3.04322343e-041 1.78841202e-045 5.07314377e-014 4.45885820e-012
  1.00000000e+000]
 [8.74209504e-058 1.17622352e-043 1.02453774e-035 1.38629384e-010
  1.84061444e-058 2.96619733e-061 2.40504862e-037 7.23696757e-049
  4.80752000e-070 2.54381350e-037 1.00000000e+000 1.61314891e-031
  3.13631769e-064 9.09941092e-026 7.59355387e-051 1.59006979e-058
  8.79354266e-062 1.77272866e-071 1.77470894e-039 4.25101741e-028
  1.00000000e+000]
 [5.76929976e-050 9.39472151e-024 1.50109106e-063 4.40151953e-026
  3.75804781e-063 2.47818864e-021 3.18610614e-027 4.36746616e-070
  4.21451193e-065 2.67313688e-011 1.61314891e-031 1.00000000e+000
  3.38677556e-018 4.57246037e-011 1.33945699e-049 4.76036097e-053
  1.57035929e-049 1.80975117e-042 2.71403331e-016 4.31502189e-019
  1.00000000e+000]
 [4.16527197e-041 1.23203897e-062 2.03880253e-068 1.48856191e-048
  3.88233838e-066 1.81235267e-021 2.36356490e-025 4.49790767e-053
  6.41461799e-035 1.42807581e-041 3.13631769e-064 3.38677556e-018
  1.00000000e+000 3.41113284e-038 5.33296310e-059 3.45424302e-051
  1.88247443e-045 5.99460266e-024 1.22450633e-029 1.35874833e-041
  1.00000000e+000]
 [1.97613897e-069 1.61485164e-032 3.15754435e-052 1.40679393e-038
  2.35272741e-059 2.82594648e-032 5.75035321e-041 7.31716650e-082
  2.12457250e-090 2.68410178e-013 9.09941092e-026 4.57246037e-011
  3.41113284e-038 1.00000000e+000 1.90095625e-085 7.07291563e-081
  5.70392552e-033 1.83803084e-064 1.03048678e-021 1.85521836e-022
  1.00000000e+000]
 [1.93535385e-062 8.25704206e-058 1.11971192e-081 4.34998112e-026
  2.71834561e-087 2.92446631e-066 5.76873472e-039 6.10702990e-044
  5.23784070e-037 4.52741382e-067 7.59355387e-051 1.33945699e-049
  5.33296310e-059 1.90095625e-085 1.00000000e+000 2.40855544e-024
  7.96549347e-124 5.86734915e-058 1.48771047e-071 5.13716077e-051
  1.00000000e+000]
 [2.22892444e-032 8.95768627e-069 7.25968623e-050 3.04444082e-046
  8.71031272e-082 5.66225155e-032 3.46248531e-031 9.07363210e-026
  7.65176603e-040 1.15659803e-063 1.59006979e-058 4.76036097e-053
  3.45424302e-051 7.07291563e-081 2.40855544e-024 1.00000000e+000
  1.67243056e-091 6.63844415e-034 4.56164381e-045 4.87016042e-067
  1.00000000e+000]
 [5.48158224e-056 6.83335337e-067 2.18060819e-025 8.80469229e-075
  2.53072953e-025 2.07312538e-042 2.36246520e-032 1.00395835e-069
  2.36601868e-073 3.04322343e-041 8.79354266e-062 1.57035929e-049
  1.88247443e-045 5.70392552e-033 7.96549347e-124 1.67243056e-091
  1.00000000e+000 2.31578390e-040 8.57340591e-033 3.63585816e-039
  1.00000000e+000]
 [9.70920739e-012 4.85433535e-055 1.80985891e-040 3.23859179e-051
  2.86007958e-034 1.81273047e-030 2.79185371e-008 6.53228330e-046
  5.26706609e-033 1.78841202e-045 1.77272866e-071 1.80975117e-042
  5.99460266e-024 1.83803084e-064 5.86734915e-058 6.63844415e-034
  2.31578390e-040 1.00000000e+000 4.28583613e-024 3.88184896e-041
  1.00000000e+000]
 [2.35949887e-021 1.71698342e-028 1.22123680e-039 7.25768311e-038
  1.81871167e-048 3.48997480e-017 2.27594331e-019 3.40274874e-068
  1.47778974e-075 5.07314377e-014 1.77470894e-039 2.71403331e-016
  1.22450633e-029 1.03048678e-021 1.48771047e-071 4.56164381e-045
  8.57340591e-033 4.28583613e-024 1.00000000e+000 4.18619143e-029
  1.00000000e+000]
 [1.23175034e-054 5.65076678e-012 7.75528528e-044 5.21353281e-022
  4.32336068e-022 3.23928080e-048 1.05435064e-016 1.17314775e-071
  3.41228925e-060 4.45885820e-012 4.25101741e-028 4.31502189e-019
  1.35874833e-041 1.85521836e-022 5.13716077e-051 4.87016042e-067
  3.63585816e-039 3.88184896e-041 4.18619143e-029 1.00000000e+000
  1.00000000e+000]
 [1.00000000e+000 1.00000000e+000 1.00000000e+000 1.00000000e+000
  1.00000000e+000 1.00000000e+000 1.00000000e+000 1.00000000e+000
  1.00000000e+000 1.00000000e+000 1.00000000e+000 1.00000000e+000
  1.00000000e+000 1.00000000e+000 1.00000000e+000 1.00000000e+000
  1.00000000e+000 1.00000000e+000 1.00000000e+000 1.00000000e+000
  0.00000000e+000]]
