[[1.00000000e+000 8.93072611e-045 1.36227745e-050 ... 1.00887728e-049
  1.14613043e-022 1.00000000e+000]
 [8.93072611e-045 1.00000000e+000 1.34756168e-095 ... 1.20283206e-142
  4.73830330e-033 1.00000000e+000]
 [1.36227745e-050 1.34756168e-095 1.00000000e+000 ... 1.15170427e-048
  1.31356076e-047 1.00000000e+000]
 ...
 [1.00887728e-049 1.20283206e-142 1.15170427e-048 ... 1.00000000e+000
  2.01558863e-054 1.00000000e+000]
 [1.14613043e-022 4.73830330e-033 1.31356076e-047 ... 2.01558863e-054
  1.00000000e+000 1.00000000e+000]
 [1.00000000e+000 1.00000000e+000 1.00000000e+000 ... 1.00000000e+000
  1.00000000e+000 0.00000000e+000]]
