[[1.00000000e+000 7.25610884e-038 2.99825482e-013 1.55693230e-071
  2.76392884e-078 7.49255830e-073 3.38606228e-023 9.24923487e-055
  3.23363064e-031 5.68280332e-056 7.19026098e-069 2.69707425e-037
  2.99932154e-028 2.95656302e-033 1.69221324e-043 1.96239256e-042
  1.87295566e-013 1.74797359e-054 9.44114932e-019 3.60211667e-061
  1.00000000e+000]
 [7.25610884e-038 1.00000000e+000 4.98001965e-022 7.50944883e-100
  1.68546451e-084 3.39678320e-064 3.93044106e-046 2.42380200e-036
  3.14819837e-063 2.14798357e-068 9.60581560e-053 1.10447003e-034
  2.08069908e-017 6.80343331e-017 2.14510321e-034 1.77105548e-063
  2.56404538e-033 2.63648176e-041 1.77325927e-030 1.13343058e-023
  1.00000000e+000]
 [2.99825482e-013 4.98001965e-022 1.00000000e+000 1.26924729e-057
  3.40775193e-041 3.76080483e-030 8.76733825e-012 1.36936721e-048
  3.59347817e-027 2.48475742e-036 2.54115041e-032 6.96287576e-024
  1.18876977e-021 1.53014871e-014 7.88301921e-031 1.42465652e-021
  3.31043486e-010 4.34629142e-034 1.13908354e-018 5.74827961e-028
  1.00000000e+000]
 [1.55693230e-071 7.50944883e-100 1.26924729e-057 1.00000000e+000
  9.68242782e-049 1.55971390e-047 1.86878771e-030 4.22188939e-060
  2.47563745e-054 5.50229175e-007 2.71182285e-057 3.61263784e-076
  1.38209321e-052 3.18955118e-060 2.55453422e-040 5.39878616e-044
  1.11845752e-076 2.41554163e-106 1.75369182e-077 1.86701340e-121
  1.00000000e+000]
 [2.76392884e-078 1.68546451e-084 3.40775193e-041 9.68242782e-049
  1.00000000e+000 2.38188721e-007 9.29212065e-038 8.92213391e-104
  9.02120151e-034 1.14253121e-043 9.86426721e-042 6.89163300e-073
  2.71940043e-069 6.68383043e-048 3.68884988e-086 1.00698758e-050
  1.95242982e-050 1.04005019e-105 9.53072397e-078 6.38476263e-069
  1.00000000e+000]
 [7.49255830e-073 3.39678320e-064 3.76080483e-030 1.55971390e-047
  2.38188721e-007 1.00000000e+000 8.70653276e-029 1.54583153e-087
  8.04897165e-045 7.11058126e-035 2.33722053e-031 1.43383927e-050
  4.95487085e-060 1.43078691e-039 2.10779548e-061 2.28171835e-032
  5.38974388e-051 6.31820929e-080 7.14704101e-063 1.53240120e-050
  1.00000000e+000]
 [3.38606228e-023 3.93044106e-046 8.76733825e-012 1.86878771e-030
  9.29212065e-038 8.70653276e-029 1.00000000e+000 1.71701180e-063
  1.54953013e-020 9.37710067e-020 7.48308237e-042 1.78863349e-020
  1.21295750e-027 7.20785710e-032 8.99896983e-032 1.05759202e-007
  1.59358133e-029 5.98665514e-045 4.62212320e-018 4.06052066e-047
  1.00000000e+000]
 [9.24923487e-055 2.42380200e-036 1.36936721e-048 4.22188939e-060
  8.92213391e-104 1.54583153e-087 1.71701180e-063 1.00000000e+000
  1.40316823e-092 8.56419841e-042 1.41665640e-054 7.56110085e-081
  1.77721395e-023 2.38790255e-027 4.46611790e-015 1.70906286e-086
  5.24238537e-057 7.37020620e-077 1.30753674e-074 1.01778565e-092
  1.00000000e+000]
 [3.23363064e-031 3.14819837e-063 3.59347817e-027 2.47563745e-054
  9.02120151e-034 8.04897165e-045 1.54953013e-020 1.40316823e-092
  1.00000000e+000 2.24058820e-048 3.19774478e-057 3.86064399e-054
  1.43348596e-035 5.45790764e-038 2.44662995e-078 9.93532439e-045
  2.59006922e-022 2.44100359e-073 5.02807592e-037 2.67576107e-055
  1.00000000e+000]
 [5.68280332e-056 2.14798357e-068 2.48475742e-036 5.50229175e-007
  1.14253121e-043 7.11058126e-035 9.37710067e-020 8.56419841e-042
  2.24058820e-048 1.00000000e+000 1.42798403e-029 1.14245766e-059
  1.89149119e-032 6.72775092e-035 1.52584303e-021 1.11214810e-027
  4.00541271e-055 1.60240648e-064 8.17383391e-062 2.15667299e-082
  1.00000000e+000]
 [7.19026098e-069 9.60581560e-053 2.54115041e-032 2.71182285e-057
  9.86426721e-042 2.33722053e-031 7.48308237e-042 1.41665640e-054
  3.19774478e-057 1.42798403e-029 1.00000000e+000 6.93501946e-085
  1.82920492e-035 8.97295941e-016 1.85148901e-044 7.29359137e-046
  1.08139016e-037 4.55539527e-035 5.90774079e-085 4.07861332e-041
  1.00000000e+000]
 [2.69707425e-037 1.10447003e-034 6.96287576e-024 3.61263784e-076
  6.89163300e-073 1.43383927e-050 1.78863349e-020 7.56110085e-081
  3.86064399e-054 1.14245766e-059 6.93501946e-085 1.00000000e+000
  8.19950569e-046 3.57149083e-055 9.42767649e-043 2.65286486e-025
  2.05055464e-056 3.26803222e-063 1.28606581e-006 2.50555661e-046
  1.00000000e+000]
 [2.99932154e-028 2.08069908e-017 1.18876977e-021 1.38209321e-052
  2.71940043e-069 4.95487085e-060 1.21295750e-027 1.77721395e-023
  1.43348596e-035 1.89149119e-032 1.82920492e-035 8.19950569e-046
  1.00000000e+000 1.54791004e-009 4.74678322e-023 9.14273124e-050
  3.43132773e-025 2.84339007e-036 1.44538438e-033 2.16207818e-039
  1.00000000e+000]
 [2.95656302e-033 6.80343331e-017 1.53014871e-014 3.18955118e-060
  6.68383043e-048 1.43078691e-039 7.20785710e-032 2.38790255e-027
  5.45790764e-038 6.72775092e-035 8.97295941e-016 3.57149083e-055
  1.54791004e-009 1.00000000e+000 1.14279502e-029 1.30339434e-049
  7.30684969e-015 8.05256319e-034 6.77441617e-047 2.23922691e-028
  1.00000000e+000]
 [1.69221324e-043 2.14510321e-034 7.88301921e-031 2.55453422e-040
  3.68884988e-086 2.10779548e-061 8.99896983e-032 4.46611790e-015
  2.44662995e-078 1.52584303e-021 1.85148901e-044 9.42767649e-043
  4.74678322e-023 1.14279502e-029 1.00000000e+000 9.53540381e-039
  2.26974100e-055 6.22683008e-049 1.12139020e-045 1.76914638e-071
  1.00000000e+000]
 [1.96239256e-042 1.77105548e-063 1.42465652e-021 5.39878616e-044
  1.00698758e-050 2.28171835e-032 1.05759202e-007 1.70906286e-086
  9.93532439e-045 1.11214810e-027 7.29359137e-046 2.65286486e-025
  9.14273124e-050 1.30339434e-049 9.53540381e-039 1.00000000e+000
  7.31126454e-050 9.96855245e-041 4.41276266e-031 5.80564668e-052
  1.00000000e+000]
 [1.87295566e-013 2.56404538e-033 3.31043486e-010 1.11845752e-076
  1.95242982e-050 5.38974388e-051 1.59358133e-029 5.24238537e-057
  2.59006922e-022 4.00541271e-055 1.08139016e-037 2.05055464e-056
  3.43132773e-025 7.30684969e-015 2.26974100e-055 7.31126454e-050
  1.00000000e+000 1.72540536e-045 2.92734780e-038 8.75368412e-039
  1.00000000e+000]
 [1.74797359e-054 2.63648176e-041 4.34629142e-034 2.41554163e-106
  1.04005019e-105 6.31820929e-080 5.98665514e-045 7.37020620e-077
  2.44100359e-073 1.60240648e-064 4.55539527e-035 3.26803222e-063
  2.84339007e-036 8.05256319e-034 6.22683008e-049 9.96855245e-041
  1.72540536e-045 1.00000000e+000 6.30067495e-057 3.24552363e-025
  1.00000000e+000]
 [9.44114932e-019 1.77325927e-030 1.13908354e-018 1.75369182e-077
  9.53072397e-078 7.14704101e-063 4.62212320e-018 1.30753674e-074
  5.02807592e-037 8.17383391e-062 5.90774079e-085 1.28606581e-006
  1.44538438e-033 6.77441617e-047 1.12139020e-045 4.41276266e-031
  2.92734780e-038 6.30067495e-057 1.00000000e+000 3.30439873e-045
  1.00000000e+000]
 [3.60211667e-061 1.13343058e-023 5.74827961e-028 1.86701340e-121
  6.38476263e-069 1.53240120e-050 4.06052066e-047 1.01778565e-092
  2.67576107e-055 2.15667299e-082 4.07861332e-041 2.50555661e-046
  2.16207818e-039 2.23922691e-028 1.76914638e-071 5.80564668e-052
  8.75368412e-039 3.24552363e-025 3.30439873e-045 1.00000000e+000
  1.00000000e+000]
 [1.00000000e+000 1.00000000e+000 1.00000000e+000 1.00000000e+000
  1.00000000e+000 1.00000000e+000 1.00000000e+000 1.00000000e+000
  1.00000000e+000 1.00000000e+000 1.00000000e+000 1.00000000e+000
  1.00000000e+000 1.00000000e+000 1.00000000e+000 1.00000000e+000
  1.00000000e+000 1.00000000e+000 1.00000000e+000 1.00000000e+000
  0.00000000e+000]]
