[[1.00000000e+00 2.52136213e-32 3.91376943e-22 ... 1.67590494e-54
  5.52602350e-40 1.00000000e+00]
 [2.52136213e-32 1.00000000e+00 7.85176106e-67 ... 9.65746905e-44
  3.68435140e-22 1.00000000e+00]
 [3.91376943e-22 7.85176106e-67 1.00000000e+00 ... 5.35714610e-63
  1.44555249e-50 1.00000000e+00]
 ...
 [1.67590494e-54 9.65746905e-44 5.35714610e-63 ... 1.00000000e+00
  6.59348594e-56 1.00000000e+00]
 [5.52602350e-40 3.68435140e-22 1.44555249e-50 ... 6.59348594e-56
  1.00000000e+00 1.00000000e+00]
 [1.00000000e+00 1.00000000e+00 1.00000000e+00 ... 1.00000000e+00
  1.00000000e+00 0.00000000e+00]]
