[[1.00000000e+000 3.54088931e-025 3.80369089e-067 1.63342518e-045
  1.32872125e-020 5.29292201e-022 3.65064395e-056 1.51296129e-022
  4.24576686e-043 1.30823623e-019 4.69002489e-052 8.32197838e-057
  2.24094224e-062 1.10158678e-066 6.51720035e-047 2.72975963e-035
  1.74220423e-018 3.57902990e-052 2.40324098e-026 3.93879174e-043
  1.00000000e+000]
 [3.54088931e-025 1.00000000e+000 5.19357663e-072 4.96112467e-031
  3.50156542e-035 1.59201553e-020 4.83176583e-038 2.31590661e-013
  2.16033055e-039 3.73678823e-019 3.19748241e-048 1.69786454e-018
  7.43232335e-055 9.52585144e-051 3.82385315e-015 4.13355353e-030
  1.05233705e-028 6.60816573e-048 1.73692386e-034 2.25042562e-058
  1.00000000e+000]
 [3.80369089e-067 5.19357663e-072 1.00000000e+000 8.43753400e-094
  1.26551678e-038 4.66612481e-087 5.24997946e-097 3.28024289e-059
  1.11324495e-056 1.70884999e-056 1.51390257e-034 4.15431678e-050
  1.11680713e-078 4.62272909e-107 1.33482570e-112 4.87361108e-041
  1.58230120e-052 6.87096048e-038 3.46842811e-069 1.46597447e-010
  1.00000000e+000]
 [1.63342518e-045 4.96112467e-031 8.43753400e-094 1.00000000e+000
  9.22291293e-049 3.75471040e-029 1.35038514e-024 4.16304023e-020
  2.91655834e-037 2.51823130e-065 8.41889929e-051 8.45264487e-073
  7.80609290e-012 6.81158867e-038 4.37206941e-015 2.34914501e-036
  2.95578497e-051 2.26170995e-046 3.61283336e-019 8.86706777e-074
  1.00000000e+000]
 [1.32872125e-020 3.50156542e-035 1.26551678e-038 9.22291293e-049
  1.00000000e+000 1.65209959e-045 5.63619958e-070 1.62846710e-034
  2.41926939e-017 5.07479933e-030 1.85244121e-011 6.05463561e-042
  1.60866427e-041 8.04617777e-038 4.30046069e-050 9.23403585e-028
  7.61962060e-040 9.63883372e-023 9.19491549e-024 2.30084073e-012
  1.00000000e+000]
 [5.29292201e-022 1.59201553e-020 4.66612481e-087 3.75471040e-029
  1.65209959e-045 1.00000000e+000 1.59560780e-062 4.82752040e-023
  1.52666656e-072 4.11779649e-031 7.51334368e-072 1.36171220e-052
  1.15560712e-052 1.00102643e-061 1.97613943e-034 8.49867062e-019
  1.27687274e-028 5.97579065e-044 4.71010249e-039 5.90720791e-068
  1.00000000e+000]
 [3.65064395e-056 4.83176583e-038 5.24997946e-097 1.35038514e-024
  5.63619958e-070 1.59560780e-062 1.00000000e+000 7.79457660e-032
  4.81913427e-039 7.27874024e-062 9.33285016e-066 1.15150483e-082
  5.84019768e-050 6.11062441e-067 6.05462438e-028 3.09984666e-079
  1.66882096e-040 9.87916014e-097 5.62828696e-024 6.21656507e-091
  1.00000000e+000]
 [1.51296129e-022 2.31590661e-013 3.28024289e-059 4.16304023e-020
  1.62846710e-034 4.82752040e-023 7.79457660e-032 1.00000000e+000
  4.22911871e-034 2.25726040e-040 9.96879666e-050 4.71512918e-039
  4.47339558e-033 4.78199529e-070 1.00775675e-027 6.28674094e-023
  1.69987832e-033 5.79653612e-037 1.89582342e-032 2.94068342e-050
  1.00000000e+000]
 [4.24576686e-043 2.16033055e-039 1.11324495e-056 2.91655834e-037
  2.41926939e-017 1.52666656e-072 4.81913427e-039 4.22911871e-034
  1.00000000e+000 1.60205593e-054 5.71485279e-012 1.71457712e-054
  1.10309664e-030 1.11282457e-035 3.75398957e-036 1.50981058e-054
  1.13692792e-057 1.48908610e-044 6.71323748e-020 5.19788147e-034
  1.00000000e+000]
 [1.30823623e-019 3.73678823e-019 1.70884999e-056 2.51823130e-065
  5.07479933e-030 4.11779649e-031 7.27874024e-062 2.25726040e-040
  1.60205593e-054 1.00000000e+000 3.67445345e-048 2.68423693e-029
  4.11655990e-090 1.97606199e-060 4.51347023e-048 6.41870467e-042
  2.76556364e-011 1.92752786e-062 1.01664508e-036 3.10241094e-043
  1.00000000e+000]
 [4.69002489e-052 3.19748241e-048 1.51390257e-034 8.41889929e-051
  1.85244121e-011 7.51334368e-072 9.33285016e-066 9.96879666e-050
  5.71485279e-012 3.67445345e-048 1.00000000e+000 1.28989998e-044
  8.24478838e-036 1.05758281e-028 2.14704016e-052 2.35136029e-040
  4.28547249e-057 1.33941243e-026 8.06936930e-027 9.53856654e-015
  1.00000000e+000]
 [8.32197838e-057 1.69786454e-018 4.15431678e-050 8.45264487e-073
  6.05463561e-042 1.36171220e-052 1.15150483e-082 4.71512918e-039
  1.71457712e-054 2.68423693e-029 1.28989998e-044 1.00000000e+000
  1.95126619e-083 4.23528875e-072 6.67571158e-050 1.49084734e-034
  6.07636604e-054 1.94851215e-042 1.18303639e-070 1.30748486e-046
  1.00000000e+000]
 [2.24094224e-062 7.43232335e-055 1.11680713e-078 7.80609290e-012
  1.60866427e-041 1.15560712e-052 5.84019768e-050 4.47339558e-033
  1.10309664e-030 4.11655990e-090 8.24478838e-036 1.95126619e-083
  1.00000000e+000 4.52948613e-040 1.00052618e-037 7.72847781e-035
  1.62271753e-077 1.51858943e-028 1.25556715e-028 1.50423981e-056
  1.00000000e+000]
 [1.10158678e-066 9.52585144e-051 4.62272909e-107 6.81158867e-038
  8.04617777e-038 1.00102643e-061 6.11062441e-067 4.78199529e-070
  1.11282457e-035 1.97606199e-060 1.05758281e-028 4.23528875e-072
  4.52948613e-040 1.00000000e+000 2.31759081e-027 2.84771167e-061
  2.45865932e-073 3.54951297e-056 1.17675037e-024 3.82931814e-068
  1.00000000e+000]
 [6.51720035e-047 3.82385315e-015 1.33482570e-112 4.37206941e-015
  4.30046069e-050 1.97613943e-034 6.05462438e-028 1.00775675e-027
  3.75398957e-036 4.51347023e-048 2.14704016e-052 6.67571158e-050
  1.00052618e-037 2.31759081e-027 1.00000000e+000 1.83928685e-051
  2.35789049e-053 8.69976585e-064 4.08223368e-026 4.44339808e-087
  1.00000000e+000]
 [2.72975963e-035 4.13355353e-030 4.87361108e-041 2.34914501e-036
  9.23403585e-028 8.49867062e-019 3.09984666e-079 6.28674094e-023
  1.50981058e-054 6.41870467e-042 2.35136029e-040 1.49084734e-034
  7.72847781e-035 2.84771167e-061 1.83928685e-051 1.00000000e+000
  1.32090984e-043 4.29009338e-008 3.48117581e-046 6.66207970e-030
  1.00000000e+000]
 [1.74220423e-018 1.05233705e-028 1.58230120e-052 2.95578497e-051
  7.61962060e-040 1.27687274e-028 1.66882096e-040 1.69987832e-033
  1.13692792e-057 2.76556364e-011 4.28547249e-057 6.07636604e-054
  1.62271753e-077 2.45865932e-073 2.35789049e-053 1.32090984e-043
  1.00000000e+000 2.79039913e-069 1.23054750e-026 4.54609600e-047
  1.00000000e+000]
 [3.57902990e-052 6.60816573e-048 6.87096048e-038 2.26170995e-046
  9.63883372e-023 5.97579065e-044 9.87916014e-097 5.79653612e-037
  1.48908610e-044 1.92752786e-062 1.33941243e-026 1.94851215e-042
  1.51858943e-028 3.54951297e-056 8.69976585e-064 4.29009338e-008
  2.79039913e-069 1.00000000e+000 1.15253500e-052 8.72014009e-022
  1.00000000e+000]
 [2.40324098e-026 1.73692386e-034 3.46842811e-069 3.61283336e-019
  9.19491549e-024 4.71010249e-039 5.62828696e-024 1.89582342e-032
  6.71323748e-020 1.01664508e-036 8.06936930e-027 1.18303639e-070
  1.25556715e-028 1.17675037e-024 4.08223368e-026 3.48117581e-046
  1.23054750e-026 1.15253500e-052 1.00000000e+000 9.17376848e-045
  1.00000000e+000]
 [3.93879174e-043 2.25042562e-058 1.46597447e-010 8.86706777e-074
  2.30084073e-012 5.90720791e-068 6.21656507e-091 2.94068342e-050
  5.19788147e-034 3.10241094e-043 9.53856654e-015 1.30748486e-046
  1.50423981e-056 3.82931814e-068 4.44339808e-087 6.66207970e-030
  4.54609600e-047 8.72014009e-022 9.17376848e-045 1.00000000e+000
  1.00000000e+000]
 [1.00000000e+000 1.00000000e+000 1.00000000e+000 1.00000000e+000
  1.00000000e+000 1.00000000e+000 1.00000000e+000 1.00000000e+000
  1.00000000e+000 1.00000000e+000 1.00000000e+000 1.00000000e+000
  1.00000000e+000 1.00000000e+000 1.00000000e+000 1.00000000e+000
  1.00000000e+000 1.00000000e+000 1.00000000e+000 1.00000000e+000
  0.00000000e+000]]
