[[1.00000000e+00 4.00622132e-35 1.23513491e-57 ... 1.24898829e-56
  2.70682159e-79 1.00000000e+00]
 [4.00622132e-35 1.00000000e+00 3.32787923e-47 ... 1.26213307e-21
  2.84895992e-29 1.00000000e+00]
 [1.23513491e-57 3.32787923e-47 1.00000000e+00 ... 3.44397198e-22
  3.05325522e-30 1.00000000e+00]
 ...
 [1.24898829e-56 1.26213307e-21 3.44397198e-22 ... 1.00000000e+00
  5.68566928e-16 1.00000000e+00]
 [2.70682159e-79 2.84895992e-29 3.05325522e-30 ... 5.68566928e-16
  1.00000000e+00 1.00000000e+00]
 [1.00000000e+00 1.00000000e+00 1.00000000e+00 ... 1.00000000e+00
  1.00000000e+00 0.00000000e+00]]
