[[1.00000000e+00 1.41686983e-78 1.41294122e-65 ... 2.21985732e-32
  2.30612041e-44 1.00000000e+00]
 [1.41686983e-78 1.00000000e+00 3.08408104e-51 ... 1.36308503e-77
  2.02015179e-42 1.00000000e+00]
 [1.41294122e-65 3.08408104e-51 1.00000000e+00 ... 2.10434865e-14
  3.40989487e-25 1.00000000e+00]
 ...
 [2.21985732e-32 1.36308503e-77 2.10434865e-14 ... 1.00000000e+00
  2.30574172e-28 1.00000000e+00]
 [2.30612041e-44 2.02015179e-42 3.40989487e-25 ... 2.30574172e-28
  1.00000000e+00 1.00000000e+00]
 [1.00000000e+00 1.00000000e+00 1.00000000e+00 ... 1.00000000e+00
  1.00000000e+00 0.00000000e+00]]
