[[1.00000000e+000 1.48220724e-013 8.94177052e-016 3.17074484e-045
  7.03675525e-013 4.35735138e-096 1.59170060e-062 1.83034798e-017
  5.80465719e-028 3.64382548e-091 3.99771010e-054 1.85418926e-044
  5.75017666e-037 1.59666784e-059 2.53403976e-084 9.82794724e-036
  1.46761570e-048 2.38279643e-058 3.30100727e-032 9.09946268e-089
  1.00000000e+000]
 [1.48220724e-013 1.00000000e+000 4.96376295e-021 1.58038768e-040
  1.56418531e-011 1.46149601e-065 3.20655339e-044 3.02226930e-037
  5.41742952e-030 4.96371885e-063 2.48179714e-034 1.10574213e-025
  5.75783002e-043 4.16103800e-028 7.14317161e-059 6.81983733e-031
  2.19674995e-027 3.41094910e-057 3.92103373e-024 1.04991668e-066
  1.00000000e+000]
 [8.94177052e-016 4.96376295e-021 1.00000000e+000 8.09046226e-050
  2.21736947e-033 1.52509917e-079 2.72767076e-073 1.22493247e-017
  1.06676108e-037 4.15520766e-054 5.91137476e-058 8.11056393e-040
  7.10441621e-038 1.46539366e-076 1.39122230e-060 3.96766903e-053
  3.90333025e-047 2.73694268e-068 9.87786060e-039 3.59324188e-057
  1.00000000e+000]
 [3.17074484e-045 1.58038768e-040 8.09046226e-050 1.00000000e+000
  4.09954995e-038 1.37523328e-020 1.00133900e-029 3.72656309e-052
  2.79905684e-036 3.66595547e-038 3.37621332e-053 2.30299140e-079
  2.21882327e-027 3.36238445e-051 1.17110629e-062 2.18719603e-016
  1.11027681e-047 1.98357418e-038 6.51952284e-040 1.96810464e-045
  1.00000000e+000]
 [7.03675525e-013 1.56418531e-011 2.21736947e-033 4.09954995e-038
  1.00000000e+000 7.60218829e-075 5.34243552e-036 1.68554549e-042
  1.07287547e-033 1.25608090e-083 1.68263696e-045 8.44339499e-041
  3.37047774e-023 2.54322382e-037 2.09036214e-076 5.29876281e-013
  2.45619746e-051 8.60840259e-054 1.68176832e-035 2.78437659e-088
  1.00000000e+000]
 [4.35735138e-096 1.46149601e-065 1.52509917e-079 1.37523328e-020
  7.60218829e-075 1.00000000e+000 3.61019442e-042 1.77328125e-101
  1.10466616e-085 2.88524552e-013 4.44587244e-072 4.88750525e-103
  5.28108870e-052 2.10336176e-064 1.74132869e-053 1.94621831e-041
  6.16726570e-072 1.47607580e-083 8.60279071e-072 9.50868033e-028
  1.00000000e+000]
 [1.59170060e-062 3.20655339e-044 2.72767076e-073 1.00133900e-029
  5.34243552e-036 3.61019442e-042 1.00000000e+000 9.47350102e-064
  6.10931224e-054 1.02700026e-061 1.53395775e-017 1.06006799e-045
  2.19266809e-029 7.23773797e-018 2.59468165e-031 2.21886340e-019
  9.61065983e-045 1.36057486e-038 8.74983889e-025 3.98993165e-050
  1.00000000e+000]
 [1.83034798e-017 3.02226930e-037 1.22493247e-017 3.72656309e-052
  1.68554549e-042 1.77328125e-101 9.47350102e-064 1.00000000e+000
  3.44487902e-040 2.33974945e-084 1.34085165e-044 3.54015806e-046
  3.31191108e-042 3.13419281e-074 3.40376006e-057 4.28789831e-059
  1.77855248e-050 3.05994643e-057 5.19264451e-024 5.05617651e-063
  1.00000000e+000]
 [5.80465719e-028 5.41742952e-030 1.06676108e-037 2.79905684e-036
  1.07287547e-033 1.10466616e-085 6.10931224e-054 3.44487902e-040
  1.00000000e+000 6.85764389e-092 1.52628739e-044 5.57128003e-039
  4.95723954e-053 6.87013666e-050 5.27999229e-087 2.57711636e-041
  4.92727634e-019 6.36758811e-012 3.88287274e-026 2.56070525e-099
  1.00000000e+000]
 [3.64382548e-091 4.96371885e-063 4.15520766e-054 3.66595547e-038
  1.25608090e-083 2.88524552e-013 1.02700026e-061 2.33974945e-084
  6.85764389e-092 1.00000000e+000 2.86012365e-074 1.10244045e-088
  5.61218059e-055 3.68298454e-082 5.99488770e-039 8.35770287e-063
  5.91011711e-072 2.37200876e-099 3.05116796e-072 6.04194992e-013
  1.00000000e+000]
 [3.99771010e-054 2.48179714e-034 5.91137476e-058 3.37621332e-053
  1.68263696e-045 4.44587244e-072 1.53395775e-017 1.34085165e-044
  1.52628739e-044 2.86012365e-074 1.00000000e+000 6.08911869e-016
  2.70891341e-056 5.01298114e-012 1.86751241e-020 6.88172138e-050
  3.91986090e-019 1.13525257e-037 6.00476307e-006 2.25927611e-051
  1.00000000e+000]
 [1.85418926e-044 1.10574213e-025 8.11056393e-040 2.30299140e-079
  8.44339499e-041 4.88750525e-103 1.06006799e-045 3.54015806e-046
  5.57128003e-039 1.10244045e-088 6.08911869e-016 1.00000000e+000
  2.55058200e-064 5.75487829e-029 9.92570681e-040 1.08749338e-064
  8.56621079e-021 2.82363105e-048 6.15624345e-018 6.01204597e-078
  1.00000000e+000]
 [5.75017666e-037 5.75783002e-043 7.10441621e-038 2.21882327e-027
  3.37047774e-023 5.28108870e-052 2.19266809e-029 3.31191108e-042
  4.95723954e-053 5.61218059e-055 2.70891341e-056 2.55058200e-064
  1.00000000e+000 1.81636305e-066 1.24189125e-056 1.67424506e-012
  1.71082765e-076 1.09188061e-055 3.92254427e-049 2.07113191e-057
  1.00000000e+000]
 [1.59666784e-059 4.16103800e-028 1.46539366e-076 3.36238445e-051
  2.54322382e-037 2.10336176e-064 7.23773797e-018 3.13419281e-074
  6.87013666e-050 3.68298454e-082 5.01298114e-012 5.75487829e-029
  1.81636305e-066 1.00000000e+000 8.81890948e-044 3.55132912e-040
  3.59164250e-024 1.75358768e-048 3.68574119e-019 3.75718231e-071
  1.00000000e+000]
 [2.53403976e-084 7.14317161e-059 1.39122230e-060 1.17110629e-062
  2.09036214e-076 1.74132869e-053 2.59468165e-031 3.40376006e-057
  5.27999229e-087 5.99488770e-039 1.86751241e-020 9.92570681e-040
  1.24189125e-056 8.81890948e-044 1.00000000e+000 8.58313080e-070
  8.95339072e-050 1.35828073e-077 1.21351682e-030 6.46351497e-016
  1.00000000e+000]
 [9.82794724e-036 6.81983733e-031 3.96766903e-053 2.18719603e-016
  5.29876281e-013 1.94621831e-041 2.21886340e-019 4.28789831e-059
  2.57711636e-041 8.35770287e-063 6.88172138e-050 1.08749338e-064
  1.67424506e-012 3.55132912e-040 8.58313080e-070 1.00000000e+000
  1.31426614e-060 5.23778044e-045 1.18662686e-043 4.67442119e-071
  1.00000000e+000]
 [1.46761570e-048 2.19674995e-027 3.90333025e-047 1.11027681e-047
  2.45619746e-051 6.16726570e-072 9.61065983e-045 1.77855248e-050
  4.92727634e-019 5.91011711e-072 3.91986090e-019 8.56621079e-021
  1.71082765e-076 3.59164250e-024 8.95339072e-050 1.31426614e-060
  1.00000000e+000 9.96384033e-026 7.97194850e-013 2.50181835e-068
  1.00000000e+000]
 [2.38279643e-058 3.41094910e-057 2.73694268e-068 1.98357418e-038
  8.60840259e-054 1.47607580e-083 1.36057486e-038 3.05994643e-057
  6.36758811e-012 2.37200876e-099 1.13525257e-037 2.82363105e-048
  1.09188061e-055 1.75358768e-048 1.35828073e-077 5.23778044e-045
  9.96384033e-026 1.00000000e+000 7.19891338e-028 8.79772214e-099
  1.00000000e+000]
 [3.30100727e-032 3.92103373e-024 9.87786060e-039 6.51952284e-040
  1.68176832e-035 8.60279071e-072 8.74983889e-025 5.19264451e-024
  3.88287274e-026 3.05116796e-072 6.00476307e-006 6.15624345e-018
  3.92254427e-049 3.68574119e-019 1.21351682e-030 1.18662686e-043
  7.97194850e-013 7.19891338e-028 1.00000000e+000 3.19886487e-052
  1.00000000e+000]
 [9.09946268e-089 1.04991668e-066 3.59324188e-057 1.96810464e-045
  2.78437659e-088 9.50868033e-028 3.98993165e-050 5.05617651e-063
  2.56070525e-099 6.04194992e-013 2.25927611e-051 6.01204597e-078
  2.07113191e-057 3.75718231e-071 6.46351497e-016 4.67442119e-071
  2.50181835e-068 8.79772214e-099 3.19886487e-052 1.00000000e+000
  1.00000000e+000]
 [1.00000000e+000 1.00000000e+000 1.00000000e+000 1.00000000e+000
  1.00000000e+000 1.00000000e+000 1.00000000e+000 1.00000000e+000
  1.00000000e+000 1.00000000e+000 1.00000000e+000 1.00000000e+000
  1.00000000e+000 1.00000000e+000 1.00000000e+000 1.00000000e+000
  1.00000000e+000 1.00000000e+000 1.00000000e+000 1.00000000e+000
  0.00000000e+000]]
