[[1.00000000e+00 2.01082930e-36 1.27066720e-31 1.50791876e-34
  7.16847484e-33 1.39512190e-62 1.50603006e-36 1.29734866e-43
  4.30353641e-36 6.93714444e-42 3.83564909e-61 8.31354595e-66
  1.99330535e-28 2.02383733e-74 4.06651091e-63 5.05095702e-64
  8.83734367e-35 3.95599412e-38 1.33457162e-34 1.95089397e-68
  2.24335011e-25 1.93583861e-29 5.62079840e-31 2.26220423e-64
  1.25977785e-29 1.00000000e+00]
 [2.01082930e-36 1.00000000e+00 2.14526092e-74 5.66742210e-32
  3.09709301e-27 7.00145960e-38 1.26171841e-28 1.58886984e-67
  5.51899717e-37 2.25452373e-52 4.89135977e-39 1.46962098e-38
  1.12065337e-60 6.00564604e-31 9.85979505e-72 1.04237421e-38
  8.21841366e-39 2.28215244e-73 1.08460385e-32 1.59621745e-60
  2.54599595e-29 3.28439647e-39 4.12281062e-27 5.87836675e-70
  2.24024581e-63 1.00000000e+00]
 [1.27066720e-31 2.14526092e-74 1.00000000e+00 6.23579198e-47
  1.04769655e-44 9.36581716e-70 6.66849470e-42 2.92829550e-29
  9.90085415e-58 4.55695982e-41 6.11203784e-32 7.95330814e-73
  2.10027473e-28 2.12813511e-72 1.36805904e-33 2.53738368e-69
  4.91829912e-29 8.10493412e-41 1.41743781e-33 4.16441655e-35
  7.55487767e-75 3.34449625e-53 1.27154666e-47 1.52638710e-33
  1.35320930e-28 1.00000000e+00]
 [1.50791876e-34 5.66742210e-32 6.23579198e-47 1.00000000e+00
  1.74198797e-39 1.32939893e-46 1.01085926e-27 1.60922909e-45
  6.38423152e-51 3.30058951e-71 3.32265537e-35 1.77227044e-28
  1.59433766e-28 3.39353476e-71 2.19708264e-28 6.85945353e-36
  2.11922118e-29 2.44817778e-50 7.48403653e-66 2.24045708e-63
  2.16689595e-35 3.61910786e-64 1.39281966e-29 3.22640401e-67
  3.15586893e-65 1.00000000e+00]
 [7.16847484e-33 3.09709301e-27 1.04769655e-44 1.74198797e-39
  1.00000000e+00 1.21802729e-68 2.29143419e-62 4.59393224e-68
  1.63208519e-64 4.67045005e-29 2.85413783e-31 9.80293151e-32
  2.00458500e-26 6.12542122e-33 4.22889094e-65 2.47011987e-47
  2.66490955e-34 2.32448752e-56 1.19963779e-33 1.28025084e-65
  4.60161706e-52 1.82198110e-32 5.95032773e-29 4.56348875e-36
  8.97147699e-69 1.00000000e+00]
 [1.39512190e-62 7.00145960e-38 9.36581716e-70 1.32939893e-46
  1.21802729e-68 1.00000000e+00 1.23902251e-30 2.89672666e-31
  2.82247053e-37 1.31422320e-59 2.31566402e-46 5.50200903e-33
  1.80015108e-59 9.49858402e-35 7.93051086e-31 2.07729663e-28
  3.89016983e-66 1.72055978e-45 1.47008864e-52 5.51471360e-29
  4.52782525e-29 3.99549670e-34 1.14422768e-44 2.28208549e-44
  1.03613961e-34 1.00000000e+00]
 [1.50603006e-36 1.26171841e-28 6.66849470e-42 1.01085926e-27
  2.29143419e-62 1.23902251e-30 1.00000000e+00 4.54255243e-32
  7.63777573e-30 6.63057152e-70 4.26671260e-31 1.50520696e-64
  1.99631840e-64 1.09227580e-59 7.14310733e-42 2.63669183e-52
  8.38297227e-32 1.57988818e-67 9.57849908e-31 7.48515241e-34
  1.41348241e-44 2.81886239e-59 9.19250613e-34 1.37332731e-70
  1.21390106e-34 1.00000000e+00]
 [1.29734866e-43 1.58886984e-67 2.92829550e-29 1.60922909e-45
  4.59393224e-68 2.89672666e-31 4.54255243e-32 1.00000000e+00
  1.87012961e-69 6.01941164e-76 2.19920986e-41 3.34071276e-53
  7.59249491e-34 1.33951899e-75 9.50481047e-28 4.17396265e-74
  4.89224506e-71 8.72634305e-51 2.14513873e-44 1.17509217e-43
  1.22957296e-52 2.92083157e-38 4.71301521e-26 7.05229435e-32
  1.65902561e-27 1.00000000e+00]
 [4.30353641e-36 5.51899717e-37 9.90085415e-58 6.38423152e-51
  1.63208519e-64 2.82247053e-37 7.63777573e-30 1.87012961e-69
  1.00000000e+00 9.24475704e-32 2.10214842e-66 5.53060648e-76
  1.25573888e-72 8.31040901e-49 3.83443902e-55 1.04285907e-27
  2.68058717e-26 3.11344616e-34 1.20237717e-46 5.84113590e-32
  8.93722880e-29 1.10700591e-49 2.10259515e-76 6.12072102e-82
  4.02131579e-24 1.00000000e+00]
 [6.93714444e-42 2.25452373e-52 4.55695982e-41 3.30058951e-71
  4.67045005e-29 1.31422320e-59 6.63057152e-70 6.01941164e-76
  9.24475704e-32 1.00000000e+00 9.37842554e-54 1.28521291e-60
  2.31620928e-46 1.31280916e-26 1.00693985e-59 4.01579309e-33
  3.37378708e-31 2.38386697e-26 6.95504998e-37 8.85664977e-34
  2.55596691e-52 5.22800550e-30 4.81215070e-74 4.50044748e-37
  2.33402124e-34 1.00000000e+00]
 [3.83564909e-61 4.89135977e-39 6.11203784e-32 3.32265537e-35
  2.85413783e-31 2.31566402e-46 4.26671260e-31 2.19920986e-41
  2.10214842e-66 9.37842554e-54 1.00000000e+00 5.86214394e-38
  5.63792362e-47 2.86930713e-32 3.12596125e-34 1.27737487e-47
  6.16443573e-31 1.90948922e-74 2.51688297e-28 1.76210427e-28
  9.32563644e-80 2.87247177e-60 2.98875419e-31 2.18763292e-29
  3.61602253e-62 1.00000000e+00]
 [8.31354595e-66 1.46962098e-38 7.95330814e-73 1.77227044e-28
  9.80293151e-32 5.50200903e-33 1.50520696e-64 3.34071276e-53
  5.53060648e-76 1.28521291e-60 5.86214394e-38 1.00000000e+00
  1.02950344e-27 1.78955424e-38 3.89102630e-33 1.18223827e-26
  6.98665027e-64 5.75180948e-50 2.77964063e-74 5.37645933e-64
  1.02594535e-40 6.74018060e-42 8.67740718e-34 1.44543990e-34
  4.83534695e-80 1.00000000e+00]
 [1.99330535e-28 1.12065337e-60 2.10027473e-28 1.59433766e-28
  2.00458500e-26 1.80015108e-59 1.99631840e-64 7.59249491e-34
  1.25573888e-72 2.31620928e-46 5.63792362e-47 1.02950344e-27
  1.00000000e+00 4.52530886e-70 5.30483561e-31 1.23525384e-51
  5.83338097e-50 2.29503338e-26 7.29468950e-62 7.65971331e-68
  1.30108598e-41 4.37659292e-33 1.62002313e-30 1.16687208e-28
  1.25292267e-50 1.00000000e+00]
 [2.02383733e-74 6.00564604e-31 2.12813511e-72 3.39353476e-71
  6.12542122e-33 9.49858402e-35 1.09227580e-59 1.33951899e-75
  8.31040901e-49 1.31280916e-26 2.86930713e-32 1.78955424e-38
  4.52530886e-70 1.00000000e+00 3.86542084e-63 4.85220531e-29
  1.28258188e-50 1.62947541e-64 2.17727056e-33 3.95424026e-30
  1.90019688e-61 4.36468717e-36 3.32822085e-58 9.64081744e-34
  2.36038384e-60 1.00000000e+00]
 [4.06651091e-63 9.85979505e-72 1.36805904e-33 2.19708264e-28
  4.22889094e-65 7.93051086e-31 7.14310733e-42 9.50481047e-28
  3.83443902e-55 1.00693985e-59 3.12596125e-34 3.89102630e-33
  5.30483561e-31 3.86542084e-63 1.00000000e+00 1.04187463e-29
  5.68865495e-44 5.66974977e-29 3.12488951e-73 3.49614386e-28
  7.68625456e-56 1.10291210e-62 2.16884484e-56 2.22349314e-35
  2.93076399e-43 1.00000000e+00]
 [5.05095702e-64 1.04237421e-38 2.53738368e-69 6.85945353e-36
  2.47011987e-47 2.07729663e-28 2.63669183e-52 4.17396265e-74
  1.04285907e-27 4.01579309e-33 1.27737487e-47 1.18223827e-26
  1.23525384e-51 4.85220531e-29 1.04187463e-29 1.00000000e+00
  2.74675404e-33 4.93772171e-29 8.90449421e-72 1.30284750e-33
  3.51149404e-35 2.53027231e-53 3.64832762e-72 4.00052749e-55
  5.38711440e-56 1.00000000e+00]
 [8.83734367e-35 8.21841366e-39 4.91829912e-29 2.11922118e-29
  2.66490955e-34 3.89016983e-66 8.38297227e-32 4.89224506e-71
  2.68058717e-26 3.37378708e-31 6.16443573e-31 6.98665027e-64
  5.83338097e-50 1.28258188e-50 5.68865495e-44 2.74675404e-33
  1.00000000e+00 1.67849863e-46 3.62716541e-40 6.75309855e-35
  3.60010975e-59 4.79456263e-69 1.30498255e-61 2.58313080e-66
  1.96344622e-48 1.00000000e+00]
 [3.95599412e-38 2.28215244e-73 8.10493412e-41 2.44817778e-50
  2.32448752e-56 1.72055978e-45 1.57988818e-67 8.72634305e-51
  3.11344616e-34 2.38386697e-26 1.90948922e-74 5.75180948e-50
  2.29503338e-26 1.62947541e-64 5.66974977e-29 4.93772171e-29
  1.67849863e-46 1.00000000e+00 4.55599158e-74 1.19553849e-44
  1.71177153e-30 1.82949937e-35 1.08079966e-74 3.80508622e-45
  7.99414519e-26 1.00000000e+00]
 [1.33457162e-34 1.08460385e-32 1.41743781e-33 7.48403653e-66
  1.19963779e-33 1.47008864e-52 9.57849908e-31 2.14513873e-44
  1.20237717e-46 6.95504998e-37 2.51688297e-28 2.77964063e-74
  7.29468950e-62 2.17727056e-33 3.12488951e-73 8.90449421e-72
  3.62716541e-40 4.55599158e-74 1.00000000e+00 3.20845850e-35
  1.10230013e-64 4.09946392e-32 1.44734049e-32 1.06405323e-40
  3.06121721e-33 1.00000000e+00]
 [1.95089397e-68 1.59621745e-60 4.16441655e-35 2.24045708e-63
  1.28025084e-65 5.51471360e-29 7.48515241e-34 1.17509217e-43
  5.84113590e-32 8.85664977e-34 1.76210427e-28 5.37645933e-64
  7.65971331e-68 3.95424026e-30 3.49614386e-28 1.30284750e-33
  6.75309855e-35 1.19553849e-44 3.20845850e-35 1.00000000e+00
  2.52711479e-70 6.89414505e-55 1.45208756e-71 2.99605574e-35
  5.68019647e-26 1.00000000e+00]
 [2.24335011e-25 2.54599595e-29 7.55487767e-75 2.16689595e-35
  4.60161706e-52 4.52782525e-29 1.41348241e-44 1.22957296e-52
  8.93722880e-29 2.55596691e-52 9.32563644e-80 1.02594535e-40
  1.30108598e-41 1.90019688e-61 7.68625456e-56 3.51149404e-35
  3.60010975e-59 1.71177153e-30 1.10230013e-64 2.52711479e-70
  1.00000000e+00 2.84585821e-25 4.16951356e-43 6.98324199e-73
  6.61249301e-39 1.00000000e+00]
 [1.93583861e-29 3.28439647e-39 3.34449625e-53 3.61910786e-64
  1.82198110e-32 3.99549670e-34 2.81886239e-59 2.92083157e-38
  1.10700591e-49 5.22800550e-30 2.87247177e-60 6.74018060e-42
  4.37659292e-33 4.36468717e-36 1.10291210e-62 2.53027231e-53
  4.79456263e-69 1.82949937e-35 4.09946392e-32 6.89414505e-55
  2.84585821e-25 1.00000000e+00 7.95935427e-32 3.12123234e-28
  1.27856976e-28 1.00000000e+00]
 [5.62079840e-31 4.12281062e-27 1.27154666e-47 1.39281966e-29
  5.95032773e-29 1.14422768e-44 9.19250613e-34 4.71301521e-26
  2.10259515e-76 4.81215070e-74 2.98875419e-31 8.67740718e-34
  1.62002313e-30 3.32822085e-58 2.16884484e-56 3.64832762e-72
  1.30498255e-61 1.08079966e-74 1.44734049e-32 1.45208756e-71
  4.16951356e-43 7.95935427e-32 1.00000000e+00 4.14877723e-42
  4.32297283e-59 1.00000000e+00]
 [2.26220423e-64 5.87836675e-70 1.52638710e-33 3.22640401e-67
  4.56348875e-36 2.28208549e-44 1.37332731e-70 7.05229435e-32
  6.12072102e-82 4.50044748e-37 2.18763292e-29 1.44543990e-34
  1.16687208e-28 9.64081744e-34 2.22349314e-35 4.00052749e-55
  2.58313080e-66 3.80508622e-45 1.06405323e-40 2.99605574e-35
  6.98324199e-73 3.12123234e-28 4.14877723e-42 1.00000000e+00
  3.88595248e-46 1.00000000e+00]
 [1.25977785e-29 2.24024581e-63 1.35320930e-28 3.15586893e-65
  8.97147699e-69 1.03613961e-34 1.21390106e-34 1.65902561e-27
  4.02131579e-24 2.33402124e-34 3.61602253e-62 4.83534695e-80
  1.25292267e-50 2.36038384e-60 2.93076399e-43 5.38711440e-56
  1.96344622e-48 7.99414519e-26 3.06121721e-33 5.68019647e-26
  6.61249301e-39 1.27856976e-28 4.32297283e-59 3.88595248e-46
  1.00000000e+00 1.00000000e+00]
 [1.00000000e+00 1.00000000e+00 1.00000000e+00 1.00000000e+00
  1.00000000e+00 1.00000000e+00 1.00000000e+00 1.00000000e+00
  1.00000000e+00 1.00000000e+00 1.00000000e+00 1.00000000e+00
  1.00000000e+00 1.00000000e+00 1.00000000e+00 1.00000000e+00
  1.00000000e+00 1.00000000e+00 1.00000000e+00 1.00000000e+00
  1.00000000e+00 1.00000000e+00 1.00000000e+00 1.00000000e+00
  1.00000000e+00 0.00000000e+00]]
