[[1.00000000e+000 3.53845342e-010 5.14119557e-025 2.69959048e-028
  1.14300322e-034 9.53726999e-022 3.45215123e-032 1.00960587e-019
  8.36836541e-024 5.12858002e-022 3.72759948e-034 1.42227809e-048
  2.34309559e-031 1.09560167e-022 1.00201934e-013 1.40511822e-010
  9.51353556e-013 7.45302693e-026 5.71152983e-039 1.19044496e-029
  1.00000000e+000]
 [3.53845342e-010 1.00000000e+000 1.35534233e-035 7.91957016e-065
  2.48426037e-014 7.30094098e-022 1.11806503e-052 1.31638332e-013
  3.63531006e-044 8.63337248e-038 4.09575992e-045 1.14963926e-046
  3.24617252e-043 1.79890844e-037 2.43290299e-026 2.31056079e-015
  1.60071991e-026 4.31983357e-051 9.11643320e-061 1.30232202e-031
  1.00000000e+000]
 [5.14119557e-025 1.35534233e-035 1.00000000e+000 3.38876039e-041
  6.49060067e-042 5.98019621e-050 2.33260322e-015 1.38909119e-045
  6.49655625e-010 1.88230998e-063 6.52265165e-026 3.28803775e-020
  3.97816190e-025 4.00856639e-020 1.59384586e-063 2.60953329e-028
  2.29708516e-042 2.94329111e-049 1.28377007e-028 3.11683250e-009
  1.00000000e+000]
 [2.69959048e-028 7.91957016e-065 3.38876039e-041 1.00000000e+000
  1.10045101e-087 6.55472119e-074 1.00969284e-027 4.04237389e-055
  2.46533296e-028 7.60276156e-065 3.17079108e-051 2.08137173e-065
  2.51773958e-038 2.42176088e-047 1.90880270e-033 1.11173114e-053
  3.28885576e-036 4.02842198e-047 2.41190613e-031 2.96062080e-060
  1.00000000e+000]
 [1.14300322e-034 2.48426037e-014 6.49060067e-042 1.10045101e-087
  1.00000000e+000 2.05579167e-053 9.92449251e-058 2.61826309e-016
  3.24383836e-062 2.83075535e-093 1.94769988e-054 1.99714613e-028
  7.81134872e-053 1.13132414e-061 2.07772678e-056 5.91470752e-043
  4.29151196e-059 1.78876844e-099 1.95711459e-064 2.74691127e-038
  1.00000000e+000]
 [9.53726999e-022 7.30094098e-022 5.98019621e-050 6.55472119e-074
  2.05579167e-053 1.00000000e+000 3.57181451e-072 2.83410982e-030
  4.03483713e-040 5.42181746e-021 1.64756278e-028 4.69685316e-079
  4.93204198e-063 1.73844679e-023 4.88895776e-030 6.94224965e-011
  1.37467515e-040 1.07396178e-065 1.27344779e-061 1.23916519e-042
  1.00000000e+000]
 [3.45215123e-032 1.11806503e-052 2.33260322e-015 1.00969284e-027
  9.92449251e-058 3.57181451e-072 1.00000000e+000 1.02469271e-047
  1.92770740e-029 8.41908234e-076 2.66543105e-040 2.73660897e-044
  5.25885733e-042 4.94274320e-032 1.23049790e-060 1.38986038e-036
  3.81107407e-065 7.37194094e-057 2.80366761e-021 2.15749019e-043
  1.00000000e+000]
 [1.00960587e-019 1.31638332e-013 1.38909119e-045 4.04237389e-055
  2.61826309e-016 2.83410982e-030 1.02469271e-047 1.00000000e+000
  7.26113357e-051 3.86825084e-061 2.98268478e-042 3.83020118e-049
  2.39864996e-040 5.01676334e-050 4.47510712e-019 2.86823304e-027
  2.17569108e-046 3.82498928e-086 1.61983801e-052 2.36799733e-046
  1.00000000e+000]
 [8.36836541e-024 3.63531006e-044 6.49655625e-010 2.46533296e-028
  3.24383836e-062 4.03483713e-040 1.92770740e-029 7.26113357e-051
  1.00000000e+000 3.15655772e-052 3.53949061e-018 2.93905854e-030
  1.28557064e-023 4.52914900e-017 2.58675125e-051 1.18255028e-031
  1.92327684e-029 1.10706370e-047 3.13950077e-027 7.84114848e-012
  1.00000000e+000]
 [5.12858002e-022 8.63337248e-038 1.88230998e-063 7.60276156e-065
  2.83075535e-093 5.42181746e-021 8.41908234e-076 3.86825084e-061
  3.15655772e-052 1.00000000e+000 5.41568357e-064 7.19774222e-120
  6.00202716e-074 4.86248725e-035 9.72359990e-032 4.01877908e-017
  1.72030094e-032 2.96003734e-025 3.95175214e-084 2.30483103e-066
  1.00000000e+000]
 [3.72759948e-034 4.09575992e-045 6.52265165e-026 3.17079108e-051
  1.94769988e-054 1.64756278e-028 2.66543105e-040 2.98268478e-042
  3.53949061e-018 5.41568357e-064 1.00000000e+000 5.61853683e-038
  1.43623480e-060 4.09468717e-010 1.51249103e-057 3.02162423e-027
  4.19217203e-058 6.93560959e-085 3.13012610e-014 2.05111442e-030
  1.00000000e+000]
 [1.42227809e-048 1.14963926e-046 3.28803775e-020 2.08137173e-065
  1.99714613e-028 4.69685316e-079 2.73660897e-044 3.83020118e-049
  2.93905854e-030 7.19774222e-120 5.61853683e-038 1.00000000e+000
  6.13380760e-038 1.49855356e-052 2.76936510e-086 3.02605541e-065
  9.68167653e-059 3.09332018e-100 1.72644056e-040 1.54176860e-017
  1.00000000e+000]
 [2.34309559e-031 3.24617252e-043 3.97816190e-025 2.51773958e-038
  7.81134872e-053 4.93204198e-063 5.25885733e-042 2.39864996e-040
  1.28557064e-023 6.00202716e-074 1.43623480e-060 6.13380760e-038
  1.00000000e+000 4.24012103e-062 1.54418974e-045 1.44312830e-053
  7.88271160e-033 7.77778901e-065 1.34528468e-069 6.28799619e-021
  1.00000000e+000]
 [1.09560167e-022 1.79890844e-037 4.00856639e-020 2.42176088e-047
  1.13132414e-061 1.73844679e-023 4.94274320e-032 5.01676334e-050
  4.52914900e-017 4.86248725e-035 4.09468717e-010 1.49855356e-052
  4.24012103e-062 1.00000000e+000 2.98526162e-053 2.94225522e-012
  7.75263067e-046 9.11857618e-047 4.64973188e-020 1.44529137e-030
  1.00000000e+000]
 [1.00201934e-013 2.43290299e-026 1.59384586e-063 1.90880270e-033
  2.07772678e-056 4.88895776e-030 1.23049790e-060 4.47510712e-019
  2.58675125e-051 9.72359990e-032 1.51249103e-057 2.76936510e-086
  1.54418974e-045 2.98526162e-053 1.00000000e+000 9.37447255e-030
  1.41925233e-025 3.12061614e-054 8.12911948e-064 5.20872824e-066
  1.00000000e+000]
 [1.40511822e-010 2.31056079e-015 2.60953329e-028 1.11173114e-053
  5.91470752e-043 6.94224965e-011 1.38986038e-036 2.86823304e-027
  1.18255028e-031 4.01877908e-017 3.02162423e-027 3.02605541e-065
  1.44312830e-053 2.94225522e-012 9.37447255e-030 1.00000000e+000
  3.55548580e-037 7.86243659e-039 9.95962015e-042 5.81487076e-036
  1.00000000e+000]
 [9.51353556e-013 1.60071991e-026 2.29708516e-042 3.28885576e-036
  4.29151196e-059 1.37467515e-040 3.81107407e-065 2.17569108e-046
  1.92327684e-029 1.72030094e-032 4.19217203e-058 9.68167653e-059
  7.88271160e-033 7.75263067e-046 1.41925233e-025 3.55548580e-037
  1.00000000e+000 5.26901926e-025 7.55527637e-068 1.85455503e-034
  1.00000000e+000]
 [7.45302693e-026 4.31983357e-051 2.94329111e-049 4.02842198e-047
  1.78876844e-099 1.07396178e-065 7.37194094e-057 3.82498928e-086
  1.10706370e-047 2.96003734e-025 6.93560959e-085 3.09332018e-100
  7.77778901e-065 9.11857618e-047 3.12061614e-054 7.86243659e-039
  5.26901926e-025 1.00000000e+000 9.56094172e-080 7.47724512e-062
  1.00000000e+000]
 [5.71152983e-039 9.11643320e-061 1.28377007e-028 2.41190613e-031
  1.95711459e-064 1.27344779e-061 2.80366761e-021 1.61983801e-052
  3.13950077e-027 3.95175214e-084 3.13012610e-014 1.72644056e-040
  1.34528468e-069 4.64973188e-020 8.12911948e-064 9.95962015e-042
  7.55527637e-068 9.56094172e-080 1.00000000e+000 2.23940352e-050
  1.00000000e+000]
 [1.19044496e-029 1.30232202e-031 3.11683250e-009 2.96062080e-060
  2.74691127e-038 1.23916519e-042 2.15749019e-043 2.36799733e-046
  7.84114848e-012 2.30483103e-066 2.05111442e-030 1.54176860e-017
  6.28799619e-021 1.44529137e-030 5.20872824e-066 5.81487076e-036
  1.85455503e-034 7.47724512e-062 2.23940352e-050 1.00000000e+000
  1.00000000e+000]
 [1.00000000e+000 1.00000000e+000 1.00000000e+000 1.00000000e+000
  1.00000000e+000 1.00000000e+000 1.00000000e+000 1.00000000e+000
  1.00000000e+000 1.00000000e+000 1.00000000e+000 1.00000000e+000
  1.00000000e+000 1.00000000e+000 1.00000000e+000 1.00000000e+000
  1.00000000e+000 1.00000000e+000 1.00000000e+000 1.00000000e+000
  0.00000000e+000]]
