[[1.00000000e+000 4.78698187e-063 1.68092277e-013 1.65857132e-072
  2.04817459e-102 9.80892061e-033 9.74715155e-058 4.22707266e-026
  6.03484931e-065 1.63350181e-068 1.08508277e-033 1.17058353e-077
  1.54932017e-047 2.31675103e-091 4.71877370e-059 2.11647824e-048
  1.74589293e-073 1.07042664e-081 8.35799205e-049 3.03063119e-059
  1.00000000e+000]
 [4.78698187e-063 1.00000000e+000 5.86992292e-027 6.58002520e-026
  7.69591871e-027 1.86547283e-044 1.57564226e-011 8.69101555e-044
  8.96993043e-044 5.51406517e-028 1.75097997e-026 7.42818876e-053
  1.19285237e-040 1.32569833e-015 3.32900123e-014 1.86322207e-030
  2.95932218e-042 7.98531329e-036 1.00127713e-070 1.15320729e-023
  1.00000000e+000]
 [1.68092277e-013 5.86992292e-027 1.00000000e+000 2.95815850e-040
  2.55470982e-066 3.10076654e-027 6.33399892e-027 1.55545609e-022
  2.68768958e-034 5.75127346e-029 2.57559596e-023 3.72547591e-069
  8.00531345e-033 3.05653925e-061 1.10730282e-033 1.54021605e-028
  4.89981675e-042 1.43686772e-056 4.94791549e-030 3.25981394e-026
  1.00000000e+000]
 [1.65857132e-072 6.58002520e-026 2.95815850e-040 1.00000000e+000
  3.05505216e-016 3.26583870e-084 7.22776245e-015 4.67136105e-075
  5.23526038e-018 3.61713140e-017 3.49540056e-057 3.81861219e-065
  1.68251573e-075 2.11869157e-040 3.68385129e-010 1.69882217e-033
  2.46699447e-054 1.00483886e-021 3.20274531e-045 8.26602028e-024
  1.00000000e+000]
 [2.04817459e-102 7.69591871e-027 2.55470982e-066 3.05505216e-016
  1.00000000e+000 4.40573343e-083 4.62422361e-031 7.33384950e-082
  6.56477163e-037 1.16494045e-053 4.60415679e-064 5.38123029e-041
  1.52062677e-066 1.79360368e-025 5.14798003e-010 1.63626864e-063
  1.66218612e-051 8.56182174e-009 2.33968604e-077 1.06650610e-024
  1.00000000e+000]
 [9.80892061e-033 1.86547283e-044 3.10076654e-027 3.26583870e-084
  4.40573343e-083 1.00000000e+000 2.87400364e-053 1.10690576e-002
  8.72002685e-063 1.29162103e-089 4.98550785e-027 1.12563571e-033
  1.93517210e-011 2.81329853e-070 7.18803967e-062 1.92490120e-049
  2.77836123e-028 1.24050539e-063 6.23965647e-067 1.09154230e-045
  1.00000000e+000]
 [9.74715155e-058 1.57564226e-011 6.33399892e-027 7.22776245e-015
  4.62422361e-031 2.87400364e-053 1.00000000e+000 1.13428198e-046
  1.97360371e-029 8.56522731e-020 1.45584128e-024 1.00876211e-057
  6.21197343e-062 4.91612489e-024 7.24529590e-016 1.07064713e-010
  9.60902891e-041 1.63986176e-040 1.07082469e-052 2.06074192e-030
  1.00000000e+000]
 [4.22707266e-026 8.69101555e-044 1.55545609e-022 4.67136105e-075
  7.33384950e-082 1.10690576e-002 1.13428198e-046 1.00000000e+000
  2.01171233e-055 2.65456549e-078 1.25571964e-028 3.58566211e-033
  9.53716235e-014 1.75211057e-072 2.55345606e-059 4.56713973e-037
  3.76827003e-030 2.21113910e-060 3.70307586e-061 8.09103169e-047
  1.00000000e+000]
 [6.03484931e-065 8.96993043e-044 2.68768958e-034 5.23526038e-018
  6.56477163e-037 8.72002685e-063 1.97360371e-029 2.01171233e-055
  1.00000000e+000 8.40640675e-030 1.54767154e-063 2.08291245e-061
  5.35659356e-056 3.35152627e-077 1.54559762e-032 1.33576857e-040
  5.83427005e-023 3.62822680e-028 3.18009200e-014 3.88762635e-014
  1.00000000e+000]
 [1.63350181e-068 5.51406517e-028 5.75127346e-029 3.61713140e-017
  1.16494045e-053 1.29162103e-089 8.56522731e-020 2.65456549e-078
  8.40640675e-030 1.00000000e+000 1.21129505e-063 5.28662241e-109
  8.25467844e-083 3.85633002e-065 1.05559982e-032 9.10627074e-030
  2.28319531e-068 3.18732842e-059 1.45415200e-046 5.57337962e-036
  1.00000000e+000]
 [1.08508277e-033 1.75097997e-026 2.57559596e-023 3.49540056e-057
  4.60415679e-064 4.98550785e-027 1.45584128e-024 1.25571964e-028
  1.54767154e-063 1.21129505e-063 1.00000000e+000 1.61768981e-058
  3.80588846e-051 7.41719327e-030 1.16086735e-033 3.32518525e-034
  2.65095162e-047 1.44627824e-069 1.72230160e-064 1.45596997e-044
  1.00000000e+000]
 [1.17058353e-077 7.42818876e-053 3.72547591e-069 3.81861219e-065
  5.38123029e-041 1.12563571e-033 1.00876211e-057 3.58566211e-033
  2.08291245e-061 5.28662241e-109 1.61768981e-058 1.00000000e+000
  3.33437379e-030 9.06333413e-055 4.96879030e-047 7.99315588e-064
  2.71584956e-039 4.54251082e-024 4.86535521e-097 9.49727755e-052
  1.00000000e+000]
 [1.54932017e-047 1.19285237e-040 8.00531345e-033 1.68251573e-075
  1.52062677e-066 1.93517210e-011 6.21197343e-062 9.53716235e-014
  5.35659356e-056 8.25467844e-083 3.80588846e-051 3.33437379e-030
  1.00000000e+000 9.58940141e-075 6.00233597e-056 8.11719800e-066
  7.86577288e-030 4.76506339e-043 1.81645461e-070 1.78840977e-033
  1.00000000e+000]
 [2.31675103e-091 1.32569833e-015 3.05653925e-061 2.11869157e-040
  1.79360368e-025 2.81329853e-070 4.91612489e-024 1.75211057e-072
  3.35152627e-077 3.85633002e-065 7.41719327e-030 9.06333413e-055
  9.58940141e-075 1.00000000e+000 8.16793386e-017 1.21708113e-052
  1.60857634e-071 6.75257719e-046 1.05327462e-111 6.07209678e-050
  1.00000000e+000]
 [4.71877370e-059 3.32900123e-014 1.10730282e-033 3.68385129e-010
  5.14798003e-010 7.18803967e-062 7.24529590e-016 2.55345606e-059
  1.54559762e-032 1.05559982e-032 1.16086735e-033 4.96879030e-047
  6.00233597e-056 8.16793386e-017 1.00000000e+000 4.00121775e-041
  8.28747398e-051 1.30590546e-017 2.52822860e-056 7.56732047e-019
  1.00000000e+000]
 [2.11647824e-048 1.86322207e-030 1.54021605e-028 1.69882217e-033
  1.63626864e-063 1.92490120e-049 1.07064713e-010 4.56713973e-037
  1.33576857e-040 9.10627074e-030 3.32518525e-034 7.99315588e-064
  8.11719800e-066 1.21708113e-052 4.00121775e-041 1.00000000e+000
  1.06422049e-051 4.02461886e-062 3.32330051e-061 2.44584519e-055
  1.00000000e+000]
 [1.74589293e-073 2.95932218e-042 4.89981675e-042 2.46699447e-054
  1.66218612e-051 2.77836123e-028 9.60902891e-041 3.76827003e-030
  5.83427005e-023 2.28319531e-068 2.65095162e-047 2.71584956e-039
  7.86577288e-030 1.60857634e-071 8.28747398e-051 1.06422049e-051
  1.00000000e+000 2.84824609e-041 6.14961526e-037 9.25572750e-020
  1.00000000e+000]
 [1.07042664e-081 7.98531329e-036 1.43686772e-056 1.00483886e-021
  8.56182174e-009 1.24050539e-063 1.63986176e-040 2.21113910e-060
  3.62822680e-028 3.18732842e-059 1.44627824e-069 4.54251082e-024
  4.76506339e-043 6.75257719e-046 1.30590546e-017 4.02461886e-062
  2.84824609e-041 1.00000000e+000 3.23340827e-064 2.18404362e-021
  1.00000000e+000]
 [8.35799205e-049 1.00127713e-070 4.94791549e-030 3.20274531e-045
  2.33968604e-077 6.23965647e-067 1.07082469e-052 3.70307586e-061
  3.18009200e-014 1.45415200e-046 1.72230160e-064 4.86535521e-097
  1.81645461e-070 1.05327462e-111 2.52822860e-056 3.32330051e-061
  6.14961526e-037 3.23340827e-064 1.00000000e+000 4.48009971e-026
  1.00000000e+000]
 [3.03063119e-059 1.15320729e-023 3.25981394e-026 8.26602028e-024
  1.06650610e-024 1.09154230e-045 2.06074192e-030 8.09103169e-047
  3.88762635e-014 5.57337962e-036 1.45596997e-044 9.49727755e-052
  1.78840977e-033 6.07209678e-050 7.56732047e-019 2.44584519e-055
  9.25572750e-020 2.18404362e-021 4.48009971e-026 1.00000000e+000
  1.00000000e+000]
 [1.00000000e+000 1.00000000e+000 1.00000000e+000 1.00000000e+000
  1.00000000e+000 1.00000000e+000 1.00000000e+000 1.00000000e+000
  1.00000000e+000 1.00000000e+000 1.00000000e+000 1.00000000e+000
  1.00000000e+000 1.00000000e+000 1.00000000e+000 1.00000000e+000
  1.00000000e+000 1.00000000e+000 1.00000000e+000 1.00000000e+000
  0.00000000e+000]]
