[[1.00000000e+000 1.32194555e-050 1.30451716e-030 6.48819496e-069
  1.13790469e-049 1.96767340e-056 2.19758192e-079 3.63796709e-072
  1.78795868e-051 1.43615933e-038 2.46595080e-034 2.95780732e-059
  6.59530175e-038 4.22288876e-060 8.24566423e-059 4.05913027e-025
  6.04946450e-040 9.98552911e-035 9.51083075e-063 3.35295456e-035
  1.00000000e+000]
 [1.32194555e-050 1.00000000e+000 6.87540151e-018 1.53747137e-064
  4.57583835e-050 6.90964127e-047 1.61707892e-047 6.17550045e-080
  1.40518703e-056 4.95172714e-023 1.88404799e-055 2.27724091e-068
  1.32756693e-073 1.12148451e-065 4.67783173e-077 4.88727790e-016
  2.51377313e-029 2.47212108e-029 1.01902191e-042 8.38214913e-062
  1.00000000e+000]
 [1.30451716e-030 6.87540151e-018 1.00000000e+000 8.92215290e-056
  7.61722633e-044 8.22529695e-054 3.87603752e-032 6.51205852e-071
  1.82489157e-084 5.93135088e-017 1.97390023e-024 4.46828403e-038
  6.25632654e-059 2.34780871e-059 2.51745066e-082 1.07036084e-010
  1.79700033e-045 3.33614906e-023 3.76469847e-036 3.83521693e-051
  1.00000000e+000]
 [6.48819496e-069 1.53747137e-064 8.92215290e-056 1.00000000e+000
  7.89450424e-047 1.20820710e-049 1.04055618e-053 1.48694717e-031
  2.06515772e-078 7.99143142e-087 7.57878412e-067 1.31080423e-018
  1.15169208e-026 6.75573531e-048 3.31397211e-101 7.60627706e-051
  1.15914709e-056 7.17552539e-084 3.40444753e-058 2.36168121e-031
  1.00000000e+000]
 [1.13790469e-049 4.57583835e-050 7.61722633e-044 7.89450424e-047
  1.00000000e+000 2.45639343e-010 8.02827810e-044 5.96683655e-042
  2.96180844e-059 2.38019667e-034 2.33954427e-034 2.71175705e-036
  7.59029954e-037 2.86694691e-034 8.32773643e-033 6.71374904e-040
  1.40593371e-034 3.25115388e-028 1.47459937e-018 4.53040452e-066
  1.00000000e+000]
 [1.96767340e-056 6.90964127e-047 8.22529695e-054 1.20820710e-049
  2.45639343e-010 1.00000000e+000 1.78086437e-037 3.61429199e-023
  3.83613286e-037 1.29927141e-036 5.06732798e-034 1.15500620e-039
  1.63483525e-028 3.39158203e-017 1.18102358e-014 3.15110057e-036
  3.72516842e-027 7.58504298e-036 2.32013601e-020 6.44572360e-056
  1.00000000e+000]
 [2.19758192e-079 1.61707892e-047 3.87603752e-032 1.04055618e-053
  8.02827810e-044 1.78086437e-037 1.00000000e+000 1.50160917e-038
  1.47738858e-090 4.18508644e-030 4.17687730e-021 1.21149396e-022
  2.49610618e-047 1.46374695e-023 3.78986033e-068 2.15218522e-025
  8.89332543e-078 1.29787504e-039 1.99112724e-015 5.48068884e-055
  1.00000000e+000]
 [3.63796709e-072 6.17550045e-080 6.51205852e-071 1.48694717e-031
  5.96683655e-042 3.61429199e-023 1.50160917e-038 1.00000000e+000
  1.91517651e-064 2.82653975e-076 1.29702669e-038 1.64114744e-019
  8.41650445e-017 1.57318072e-016 7.52939028e-044 2.14405885e-052
  2.65439021e-050 1.04389900e-081 2.90667507e-049 1.76085688e-040
  1.00000000e+000]
 [1.78795868e-051 1.40518703e-056 1.82489157e-084 2.06515772e-078
  2.96180844e-059 3.83613286e-037 1.47738858e-090 1.91517651e-064
  1.00000000e+000 2.47297611e-060 6.54133448e-079 2.77759351e-095
  2.03213144e-038 7.88753144e-040 1.01376848e-037 4.44084299e-043
  2.47773271e-044 5.64194234e-053 1.36926891e-059 7.67286439e-039
  1.00000000e+000]
 [1.43615933e-038 4.95172714e-023 5.93135088e-017 7.99143142e-087
  2.38019667e-034 1.29927141e-036 4.18508644e-030 2.82653975e-076
  2.47297611e-060 1.00000000e+000 2.62249881e-021 1.89942872e-059
  4.21174345e-061 1.16744221e-042 6.68940327e-047 3.50706374e-011
  4.98332015e-052 7.81116343e-004 6.12315147e-017 1.03533938e-062
  1.00000000e+000]
 [2.46595080e-034 1.88404799e-055 1.97390023e-024 7.57878412e-067
  2.33954427e-034 5.06732798e-034 4.17687730e-021 1.29702669e-038
  6.54133448e-079 2.62249881e-021 1.00000000e+000 4.85130983e-025
  2.01166404e-034 9.30074982e-026 5.42932973e-041 5.73875499e-021
  4.67743613e-059 1.35558563e-027 2.39175943e-025 4.65935980e-048
  1.00000000e+000]
 [2.95780732e-059 2.27724091e-068 4.46828403e-038 1.31080423e-018
  2.71175705e-036 1.15500620e-039 1.21149396e-022 1.64114744e-019
  2.77759351e-095 1.89942872e-059 4.85130983e-025 1.00000000e+000
  4.87698795e-023 2.76906743e-029 1.43444574e-076 1.36832799e-038
  5.00062930e-065 5.79315796e-063 1.03513529e-036 2.87616816e-037
  1.00000000e+000]
 [6.59530175e-038 1.32756693e-073 6.25632654e-059 1.15169208e-026
  7.59029954e-037 1.63483525e-028 2.49610618e-047 8.41650445e-017
  2.03213144e-038 4.21174345e-061 2.01166404e-034 4.87698795e-023
  1.00000000e+000 1.72485950e-013 3.08305132e-044 3.22821783e-035
  9.67875631e-054 2.84973743e-056 2.10052639e-040 2.29908840e-012
  1.00000000e+000]
 [4.22288876e-060 1.12148451e-065 2.34780871e-059 6.75573531e-048
  2.86694691e-034 3.39158203e-017 1.46374695e-023 1.57318072e-016
  7.88753144e-040 1.16744221e-042 9.30074982e-026 2.76906743e-029
  1.72485950e-013 1.00000000e+000 1.57939961e-028 1.16915150e-030
  3.75330709e-062 2.23669911e-043 8.17320392e-020 1.35884731e-029
  1.00000000e+000]
 [8.24566423e-059 4.67783173e-077 2.51745066e-082 3.31397211e-101
  8.32773643e-033 1.18102358e-014 3.78986033e-068 7.52939028e-044
  1.01376848e-037 6.68940327e-047 5.42932973e-041 1.43444574e-076
  3.08305132e-044 1.57939961e-028 1.00000000e+000 1.82919263e-054
  1.72820350e-043 1.70269712e-046 2.15467247e-043 9.11244334e-077
  1.00000000e+000]
 [4.05913027e-025 4.88727790e-016 1.07036084e-010 7.60627706e-051
  6.71374904e-040 3.15110057e-036 2.15218522e-025 2.14405885e-052
  4.44084299e-043 3.50706374e-011 5.73875499e-021 1.36832799e-038
  3.22821783e-035 1.16915150e-030 1.82919263e-054 1.00000000e+000
  7.49048506e-041 7.94753382e-015 3.44047478e-023 3.52183153e-026
  1.00000000e+000]
 [6.04946450e-040 2.51377313e-029 1.79700033e-045 1.15914709e-056
  1.40593371e-034 3.72516842e-027 8.89332543e-078 2.65439021e-050
  2.47773271e-044 4.98332015e-052 4.67743613e-059 5.00062930e-065
  9.67875631e-054 3.75330709e-062 1.72820350e-043 7.49048506e-041
  1.00000000e+000 5.89631437e-055 8.46257433e-065 8.56212331e-066
  1.00000000e+000]
 [9.98552911e-035 2.47212108e-029 3.33614906e-023 7.17552539e-084
  3.25115388e-028 7.58504298e-036 1.29787504e-039 1.04389900e-081
  5.64194234e-053 7.81116343e-004 1.35558563e-027 5.79315796e-063
  2.84973743e-056 2.23669911e-043 1.70269712e-046 7.94753382e-015
  5.89631437e-055 1.00000000e+000 3.95753251e-015 1.14654767e-059
  1.00000000e+000]
 [9.51083075e-063 1.01902191e-042 3.76469847e-036 3.40444753e-058
  1.47459937e-018 2.32013601e-020 1.99112724e-015 2.90667507e-049
  1.36926891e-059 6.12315147e-017 2.39175943e-025 1.03513529e-036
  2.10052639e-040 8.17320392e-020 2.15467247e-043 3.44047478e-023
  8.46257433e-065 3.95753251e-015 1.00000000e+000 5.96429102e-055
  1.00000000e+000]
 [3.35295456e-035 8.38214913e-062 3.83521693e-051 2.36168121e-031
  4.53040452e-066 6.44572360e-056 5.48068884e-055 1.76085688e-040
  7.67286439e-039 1.03533938e-062 4.65935980e-048 2.87616816e-037
  2.29908840e-012 1.35884731e-029 9.11244334e-077 3.52183153e-026
  8.56212331e-066 1.14654767e-059 5.96429102e-055 1.00000000e+000
  1.00000000e+000]
 [1.00000000e+000 1.00000000e+000 1.00000000e+000 1.00000000e+000
  1.00000000e+000 1.00000000e+000 1.00000000e+000 1.00000000e+000
  1.00000000e+000 1.00000000e+000 1.00000000e+000 1.00000000e+000
  1.00000000e+000 1.00000000e+000 1.00000000e+000 1.00000000e+000
  1.00000000e+000 1.00000000e+000 1.00000000e+000 1.00000000e+000
  0.00000000e+000]]
