[[1.00000000e+00 1.96213843e-27 4.87242862e-37 4.81422157e-25
  2.70478357e-80 6.63821073e-32 3.53164536e-77 1.52377783e-52
  1.46059708e-34 4.61986500e-29 1.64084353e-26 3.36168642e-54
  7.92211747e-47 1.11016979e-67 1.46234685e-15 5.41625527e-10
  2.91970042e-56 5.35586419e-39 1.95559100e-15 2.52072241e-40
  1.00000000e+00]
 [1.96213843e-27 1.00000000e+00 2.10154262e-14 1.65125526e-13
  5.48059371e-50 1.02132296e-30 2.53445136e-44 1.61872031e-45
  1.82592652e-48 1.27396580e-41 1.80532702e-31 1.36242254e-27
  2.70071315e-34 2.26941180e-53 1.31027517e-26 2.77647676e-35
  3.88070012e-36 1.05388406e-30 4.13630785e-31 4.97809396e-15
  1.00000000e+00]
 [4.87242862e-37 2.10154262e-14 1.00000000e+00 1.52925818e-40
  1.04430513e-32 9.20662416e-48 2.98242989e-27 8.00360742e-67
  4.68386015e-41 1.24230053e-23 1.02186134e-33 8.29065902e-39
  9.38487174e-23 2.95485922e-40 1.34718073e-40 4.21911887e-36
  5.72967921e-57 1.07063259e-35 2.03754451e-16 1.36626147e-12
  1.00000000e+00]
 [4.81422157e-25 1.65125526e-13 1.52925818e-40 1.00000000e+00
  9.79358325e-59 3.97482080e-21 2.70749569e-55 4.05444063e-25
  2.84315299e-43 3.62647750e-52 7.32764527e-23 6.70471131e-32
  1.60069564e-60 7.59621474e-60 1.64361819e-13 8.08154030e-29
  6.13749563e-23 5.13232613e-28 2.04156956e-45 9.41912083e-49
  1.00000000e+00]
 [2.70478357e-80 5.48059371e-50 1.04430513e-32 9.79358325e-59
  1.00000000e+00 8.05552522e-42 1.28772529e-31 2.76137912e-58
  2.52977455e-72 3.28300273e-65 7.66476537e-51 1.15550331e-35
  2.47973459e-61 7.72443788e-62 1.08525608e-56 3.30441822e-59
  2.30289832e-38 1.10786480e-69 1.36510053e-46 7.10869063e-76
  1.00000000e+00]
 [6.63821073e-32 1.02132296e-30 9.20662416e-48 3.97482080e-21
  8.05552522e-42 1.00000000e+00 1.96806065e-70 5.12027314e-14
  9.00875131e-54 2.44165247e-73 5.87651047e-30 5.26986778e-11
  7.02285937e-44 3.82089060e-86 3.88487225e-21 3.81307058e-36
  1.71018752e-11 1.25128351e-49 2.95017843e-38 1.43474106e-72
  1.00000000e+00]
 [3.53164536e-77 2.53445136e-44 2.98242989e-27 2.70749569e-55
  1.28772529e-31 1.96806065e-70 1.00000000e+00 7.92835646e-61
  7.23817493e-35 2.58047183e-32 1.07386342e-51 8.30710999e-52
  7.30923590e-60 3.10912770e-11 1.78722972e-72 3.00972553e-72
  2.57467680e-51 5.61806653e-25 1.41389106e-47 6.10686728e-52
  1.00000000e+00]
 [1.52377783e-52 1.61872031e-45 8.00360742e-67 4.05444063e-25
  2.76137912e-58 5.12027314e-14 7.92835646e-61 1.00000000e+00
  4.30350886e-39 2.21254461e-83 6.84514168e-31 1.54377713e-15
  4.94586033e-54 1.82725516e-76 6.79391157e-36 2.50272841e-61
  3.06478463e-11 9.12782619e-32 2.76523170e-63 7.90428476e-96
  1.00000000e+00]
 [1.46059708e-34 1.82592652e-48 4.68386015e-41 2.84315299e-43
  2.52977455e-72 9.00875131e-54 7.23817493e-35 4.30350886e-39
  1.00000000e+00 5.55408567e-23 1.25814464e-20 5.92408348e-55
  2.60441478e-40 4.83323782e-33 1.51460142e-40 1.63602842e-41
  3.78872906e-59 1.41860856e-08 2.24070695e-32 5.72410766e-62
  1.00000000e+00]
 [4.61986500e-29 1.27396580e-41 1.24230053e-23 3.62647750e-52
  3.28300273e-65 2.44165247e-73 2.58047183e-32 2.21254461e-83
  5.55408567e-23 1.00000000e+00 1.01408613e-40 7.74267150e-80
  6.15281113e-57 2.98041185e-20 3.66191175e-48 6.12314884e-29
  8.47998791e-81 1.08247632e-28 2.63150103e-15 1.76648873e-32
  1.00000000e+00]
 [1.64084353e-26 1.80532702e-31 1.02186134e-33 7.32764527e-23
  7.66476537e-51 5.87651047e-30 1.07386342e-51 6.84514168e-31
  1.25814464e-20 1.01408613e-40 1.00000000e+00 1.89963171e-40
  2.34793240e-35 4.01280005e-67 4.74442620e-09 2.57034563e-19
  1.11508614e-47 2.78154114e-27 6.73812667e-34 1.52190466e-61
  1.00000000e+00]
 [3.36168642e-54 1.36242254e-27 8.29065902e-39 6.70471131e-32
  1.15550331e-35 5.26986778e-11 8.30710999e-52 1.54377713e-15
  5.92408348e-55 7.74267150e-80 1.89963171e-40 1.00000000e+00
  2.10785346e-29 4.40950778e-76 1.61909660e-43 6.54566968e-64
  1.63782350e-11 1.21347712e-42 1.97705733e-47 9.74812957e-63
  1.00000000e+00]
 [7.92211747e-47 2.70071315e-34 9.38487174e-23 1.60069564e-60
  2.47973459e-61 7.02285937e-44 7.30923590e-60 4.94586033e-54
  2.60441478e-40 6.15281113e-57 2.34793240e-35 2.10785346e-29
  1.00000000e+00 6.44429340e-82 4.03031010e-52 2.75967300e-59
  2.32919729e-65 4.97481403e-43 3.38438791e-31 1.75796491e-40
  1.00000000e+00]
 [1.11016979e-67 2.26941180e-53 2.95485922e-40 7.59621474e-60
  7.72443788e-62 3.82089060e-86 3.10912770e-11 1.82725516e-76
  4.83323782e-33 2.98041185e-20 4.01280005e-67 4.40950778e-76
  6.44429340e-82 1.00000000e+00 9.31407008e-82 2.00027383e-71
  2.30565400e-65 1.79754617e-23 7.40329477e-46 2.09903552e-51
  1.00000000e+00]
 [1.46234685e-15 1.31027517e-26 1.34718073e-40 1.64361819e-13
  1.08525608e-56 3.88487225e-21 1.78722972e-72 6.79391157e-36
  1.51460142e-40 3.66191175e-48 4.74442620e-09 1.61909660e-43
  4.03031010e-52 9.31407008e-82 1.00000000e+00 8.68234358e-09
  1.30839927e-42 2.17116099e-43 4.29980597e-33 1.02077743e-60
  1.00000000e+00]
 [5.41625527e-10 2.77647676e-35 4.21911887e-36 8.08154030e-29
  3.30441822e-59 3.81307058e-36 3.00972553e-72 2.50272841e-61
  1.63602842e-41 6.12314884e-29 2.57034563e-19 6.54566968e-64
  2.75967300e-59 2.00027383e-71 8.68234358e-09 1.00000000e+00
  5.31380417e-62 9.11018919e-52 4.35881640e-18 1.44471056e-53
  1.00000000e+00]
 [2.91970042e-56 3.88070012e-36 5.72967921e-57 6.13749563e-23
  2.30289832e-38 1.71018752e-11 2.57467680e-51 3.06478463e-11
  3.78872906e-59 8.47998791e-81 1.11508614e-47 1.63782350e-11
  2.32919729e-65 2.30565400e-65 1.30839927e-42 5.31380417e-62
  1.00000000e+00 3.47613013e-43 1.09106692e-57 1.96088755e-81
  1.00000000e+00]
 [5.35586419e-39 1.05388406e-30 1.07063259e-35 5.13232613e-28
  1.10786480e-69 1.25128351e-49 5.61806653e-25 9.12782619e-32
  1.41860856e-08 1.08247632e-28 2.78154114e-27 1.21347712e-42
  4.97481403e-43 1.79754617e-23 2.17116099e-43 9.11018919e-52
  3.47613013e-43 1.00000000e+00 4.89694527e-41 2.64600080e-46
  1.00000000e+00]
 [1.95559100e-15 4.13630785e-31 2.03754451e-16 2.04156956e-45
  1.36510053e-46 2.95017843e-38 1.41389106e-47 2.76523170e-63
  2.24070695e-32 2.63150103e-15 6.73812667e-34 1.97705733e-47
  3.38438791e-31 7.40329477e-46 4.29980597e-33 4.35881640e-18
  1.09106692e-57 4.89694527e-41 1.00000000e+00 2.36941952e-30
  1.00000000e+00]
 [2.52072241e-40 4.97809396e-15 1.36626147e-12 9.41912083e-49
  7.10869063e-76 1.43474106e-72 6.10686728e-52 7.90428476e-96
  5.72410766e-62 1.76648873e-32 1.52190466e-61 9.74812957e-63
  1.75796491e-40 2.09903552e-51 1.02077743e-60 1.44471056e-53
  1.96088755e-81 2.64600080e-46 2.36941952e-30 1.00000000e+00
  1.00000000e+00]
 [1.00000000e+00 1.00000000e+00 1.00000000e+00 1.00000000e+00
  1.00000000e+00 1.00000000e+00 1.00000000e+00 1.00000000e+00
  1.00000000e+00 1.00000000e+00 1.00000000e+00 1.00000000e+00
  1.00000000e+00 1.00000000e+00 1.00000000e+00 1.00000000e+00
  1.00000000e+00 1.00000000e+00 1.00000000e+00 1.00000000e+00
  0.00000000e+00]]
