[[1.00000000e+00 1.38977044e-44 3.90341894e-23 ... 1.27549726e-40
  2.65679729e-52 1.00000000e+00]
 [1.38977044e-44 1.00000000e+00 6.92903190e-47 ... 3.44188222e-74
  4.53039326e-39 1.00000000e+00]
 [3.90341894e-23 6.92903190e-47 1.00000000e+00 ... 1.17945984e-41
  3.21286709e-36 1.00000000e+00]
 ...
 [1.27549726e-40 3.44188222e-74 1.17945984e-41 ... 1.00000000e+00
  6.65822448e-24 1.00000000e+00]
 [2.65679729e-52 4.53039326e-39 3.21286709e-36 ... 6.65822448e-24
  1.00000000e+00 1.00000000e+00]
 [1.00000000e+00 1.00000000e+00 1.00000000e+00 ... 1.00000000e+00
  1.00000000e+00 0.00000000e+00]]
