[[1.00000000e+000 3.89878793e-011 2.05748493e-018 1.86795087e-062
  1.77633294e-040 2.65606146e-057 3.08955059e-019 1.02813167e-024
  9.77221960e-032 2.96278463e-044 4.88682265e-095 3.64082103e-058
  1.95104159e-055 4.45212971e-052 4.56462053e-072 1.93004648e-031
  5.45768997e-039 1.60951361e-062 1.11217048e-034 1.75423439e-035
  1.00000000e+000]
 [3.89878793e-011 1.00000000e+000 5.60589291e-027 1.55274110e-057
  1.23379981e-025 4.15522105e-068 1.78447848e-033 2.20227797e-012
  3.72573605e-021 1.42179946e-023 3.23453942e-106 1.93118775e-058
  4.69175883e-057 1.17367497e-038 9.21292827e-056 2.66394182e-040
  2.13137606e-021 3.91506365e-053 1.23464781e-023 3.55543367e-040
  1.00000000e+000]
 [2.05748493e-018 5.60589291e-027 1.00000000e+000 3.40731257e-027
  3.02974353e-079 2.28130851e-046 1.51754118e-031 1.71348875e-055
  3.80757047e-040 4.64788977e-055 1.25589491e-086 1.19631362e-046
  7.78040109e-061 2.24480885e-070 1.97347771e-044 8.14780482e-054
  3.83827895e-020 5.00346451e-095 4.96948974e-064 5.12897946e-032
  1.00000000e+000]
 [1.86795087e-062 1.55274110e-057 3.40731257e-027 1.00000000e+000
  4.48471204e-090 5.16378141e-038 1.30690143e-055 1.34828612e-069
  5.80834258e-042 2.72376723e-045 1.77314524e-051 8.04637278e-028
  1.20939009e-047 1.92607323e-048 2.45890901e-029 5.02726197e-079
  2.50110094e-027 1.86379878e-080 9.11552509e-076 1.78522347e-061
  1.00000000e+000]
 [1.77633294e-040 1.23379981e-025 3.02974353e-079 4.48471204e-090
  1.00000000e+000 4.30576253e-074 1.59008125e-043 2.78937909e-004
  4.95443729e-025 7.34028592e-021 3.86474079e-079 8.67454221e-066
  1.92780029e-038 2.45251241e-025 1.96752320e-070 9.88923918e-042
  2.68963719e-057 2.40633439e-018 2.14638569e-005 1.05251228e-058
  1.00000000e+000]
 [2.65606146e-057 4.15522105e-068 2.28130851e-046 5.16378141e-038
  4.30576253e-074 1.00000000e+000 2.08247007e-065 1.87615396e-065
  7.92391961e-025 1.06203411e-047 7.74340583e-035 4.50810885e-052
  3.67896572e-055 1.50316028e-057 6.48421826e-063 1.58485279e-040
  6.15708620e-053 7.58488652e-046 1.44097522e-064 6.12379747e-029
  1.00000000e+000]
 [3.08955059e-019 1.78447848e-033 1.51754118e-031 1.30690143e-055
  1.59008125e-043 2.08247007e-065 1.00000000e+000 2.86682085e-032
  1.54854866e-052 8.11226814e-054 1.25258768e-054 1.44264851e-032
  6.78849437e-019 8.61368315e-052 9.68498580e-051 3.26008274e-053
  1.84156904e-053 7.10848982e-067 3.03172024e-030 6.81218978e-050
  1.00000000e+000]
 [1.02813167e-024 2.20227797e-012 1.71348875e-055 1.34828612e-069
  2.78937909e-004 1.87615396e-065 2.86682085e-032 1.00000000e+000
  3.21717545e-019 1.66455340e-013 2.15950361e-078 2.74154532e-050
  3.26499842e-036 1.26489527e-019 8.15880017e-061 1.40611074e-039
  4.61208509e-042 9.54648292e-022 9.30575888e-006 5.52459807e-051
  1.00000000e+000]
 [9.77221960e-032 3.72573605e-021 3.80757047e-040 5.80834258e-042
  4.95443729e-025 7.92391961e-025 1.54854866e-052 3.21717545e-019
  1.00000000e+000 2.95882141e-014 8.85669677e-065 5.70845403e-056
  9.40438710e-050 1.48006666e-023 4.98142984e-052 2.01025820e-021
  1.09101939e-024 7.81394829e-022 3.98674224e-027 1.88946651e-029
  1.00000000e+000]
 [2.96278463e-044 1.42179946e-023 4.64788977e-055 2.72376723e-045
  7.34028592e-021 1.06203411e-047 8.11226814e-054 1.66455340e-013
  2.95882141e-014 1.00000000e+000 4.21774101e-066 6.48275752e-034
  4.35798360e-041 2.32704182e-018 4.71096802e-045 2.49640170e-060
  2.87724871e-031 1.43031376e-020 6.19213928e-017 1.11255227e-048
  1.00000000e+000]
 [4.88682265e-095 3.23453942e-106 1.25589491e-086 1.77314524e-051
  3.86474079e-079 7.74340583e-035 1.25258768e-054 2.15950361e-078
  8.85669677e-065 4.21774101e-066 1.00000000e+000 3.38726927e-032
  4.59222132e-019 1.59211948e-061 5.05179330e-054 4.76742825e-085
  3.94637082e-090 5.03275367e-055 1.38960890e-062 1.12747125e-069
  1.00000000e+000]
 [3.64082103e-058 1.93118775e-058 1.19631362e-046 8.04637278e-028
  8.67454221e-066 4.50810885e-052 1.44264851e-032 2.74154532e-050
  5.70845403e-056 6.48275752e-034 3.38726927e-032 1.00000000e+000
  1.83299880e-019 4.32174019e-046 1.53468759e-032 3.16545701e-101
  2.85918494e-052 1.77880232e-061 3.39217507e-043 3.06849163e-063
  1.00000000e+000]
 [1.95104159e-055 4.69175883e-057 7.78040109e-061 1.20939009e-047
  1.92780029e-038 3.67896572e-055 6.78849437e-019 3.26499842e-036
  9.40438710e-050 4.35798360e-041 4.59222132e-019 1.83299880e-019
  1.00000000e+000 7.40075654e-040 1.34582988e-031 1.53660969e-069
  1.10067266e-058 5.51912176e-046 1.44953787e-024 1.74580076e-057
  1.00000000e+000]
 [4.45212971e-052 1.17367497e-038 2.24480885e-070 1.92607323e-048
  2.45251241e-025 1.50316028e-057 8.61368315e-052 1.26489527e-019
  1.48006666e-023 2.32704182e-018 1.59211948e-061 4.32174019e-046
  7.40075654e-040 1.00000000e+000 4.13185819e-073 8.15388436e-049
  2.01569691e-058 5.52448925e-016 8.86543561e-032 2.69968450e-086
  1.00000000e+000]
 [4.56462053e-072 9.21292827e-056 1.97347771e-044 2.45890901e-029
  1.96752320e-070 6.48421826e-063 9.68498580e-051 8.15880017e-061
  4.98142984e-052 4.71096802e-045 5.05179330e-054 1.53468759e-032
  1.34582988e-031 4.13185819e-073 1.00000000e+000 2.21672681e-096
  2.18585773e-020 6.61496207e-090 1.62838157e-049 7.59313496e-043
  1.00000000e+000]
 [1.93004648e-031 2.66394182e-040 8.14780482e-054 5.02726197e-079
  9.88923918e-042 1.58485279e-040 3.26008274e-053 1.40611074e-039
  2.01025820e-021 2.49640170e-060 4.76742825e-085 3.16545701e-101
  1.53660969e-069 8.15388436e-049 2.21672681e-096 1.00000000e+000
  7.27017026e-060 3.12992869e-044 2.66534852e-051 1.12089736e-044
  1.00000000e+000]
 [5.45768997e-039 2.13137606e-021 3.83827895e-020 2.50110094e-027
  2.68963719e-057 6.15708620e-053 1.84156904e-053 4.61208509e-042
  1.09101939e-024 2.87724871e-031 3.94637082e-090 2.85918494e-052
  1.10067266e-058 2.01569691e-058 2.18585773e-020 7.27017026e-060
  1.00000000e+000 3.11585238e-078 4.70935246e-047 1.30466808e-029
  1.00000000e+000]
 [1.60951361e-062 3.91506365e-053 5.00346451e-095 1.86379878e-080
  2.40633439e-018 7.58488652e-046 7.10848982e-067 9.54648292e-022
  7.81394829e-022 1.43031376e-020 5.03275367e-055 1.77880232e-061
  5.51912176e-046 5.52448925e-016 6.61496207e-090 3.12992869e-044
  3.11585238e-078 1.00000000e+000 1.59294925e-024 1.96251088e-070
  1.00000000e+000]
 [1.11217048e-034 1.23464781e-023 4.96948974e-064 9.11552509e-076
  2.14638569e-005 1.44097522e-064 3.03172024e-030 9.30575888e-006
  3.98674224e-027 6.19213928e-017 1.38960890e-062 3.39217507e-043
  1.44953787e-024 8.86543561e-032 1.62838157e-049 2.66534852e-051
  4.70935246e-047 1.59294925e-024 1.00000000e+000 2.87000484e-043
  1.00000000e+000]
 [1.75423439e-035 3.55543367e-040 5.12897946e-032 1.78522347e-061
  1.05251228e-058 6.12379747e-029 6.81218978e-050 5.52459807e-051
  1.88946651e-029 1.11255227e-048 1.12747125e-069 3.06849163e-063
  1.74580076e-057 2.69968450e-086 7.59313496e-043 1.12089736e-044
  1.30466808e-029 1.96251088e-070 2.87000484e-043 1.00000000e+000
  1.00000000e+000]
 [1.00000000e+000 1.00000000e+000 1.00000000e+000 1.00000000e+000
  1.00000000e+000 1.00000000e+000 1.00000000e+000 1.00000000e+000
  1.00000000e+000 1.00000000e+000 1.00000000e+000 1.00000000e+000
  1.00000000e+000 1.00000000e+000 1.00000000e+000 1.00000000e+000
  1.00000000e+000 1.00000000e+000 1.00000000e+000 1.00000000e+000
  0.00000000e+000]]
