[[1.00000000e+000 5.42400574e-039 7.41647557e-038 1.75419813e-012
  4.49728019e-053 9.72121460e-040 4.59843770e-020 5.33910910e-014
  1.08560975e-086 4.18972043e-015 6.24184600e-011 1.12171033e-067
  8.21937989e-039 3.61759341e-031 7.40476385e-049 2.17274512e-013
  2.65884040e-032 7.73788239e-013 1.53540990e-036 8.59820083e-056
  1.00000000e+000]
 [5.42400574e-039 1.00000000e+000 3.80037883e-028 1.73413020e-036
  2.74825202e-052 7.62482651e-023 5.25553847e-039 6.93871402e-064
  2.01124137e-063 3.13936473e-033 6.11824474e-058 1.73300561e-021
  2.18566400e-028 2.67522830e-025 4.56994278e-045 1.21266698e-020
  1.81143771e-055 9.90071883e-040 5.15093694e-044 1.11706695e-015
  1.00000000e+000]
 [7.41647557e-038 3.80037883e-028 1.00000000e+000 2.96580711e-051
  1.55077254e-066 2.07846006e-031 1.08815500e-045 9.40489781e-046
  2.61927554e-081 4.42773116e-071 7.61646646e-060 9.81877461e-026
  1.12012963e-050 8.31058076e-055 6.58708419e-095 1.78829607e-009
  1.84930336e-074 4.84629673e-027 3.77072092e-068 1.91129344e-052
  1.00000000e+000]
 [1.75419813e-012 1.73413020e-036 2.96580711e-051 1.00000000e+000
  3.55483385e-063 5.37495476e-034 5.26721685e-036 5.88847073e-035
  4.01029213e-074 4.70044256e-016 1.10412766e-008 6.67989511e-084
  2.23418152e-059 7.45153888e-030 1.41172707e-042 1.27312791e-025
  7.87015134e-062 2.86375658e-023 6.21327164e-024 4.70958842e-049
  1.00000000e+000]
 [4.49728019e-053 2.74825202e-052 1.55077254e-066 3.55483385e-063
  1.00000000e+000 1.76873195e-017 1.16157376e-031 1.00449680e-051
  3.33786470e-074 3.01787072e-051 1.99400173e-084 1.78448081e-053
  4.98850686e-018 6.38372698e-025 4.25998343e-032 2.83291124e-044
  2.28075787e-032 5.14465260e-034 2.78432264e-026 6.20604836e-067
  1.00000000e+000]
 [9.72121460e-040 7.62482651e-023 2.07846006e-031 5.37495476e-034
  1.76873195e-017 1.00000000e+000 3.02677003e-032 2.69201131e-050
  9.90628100e-056 5.72600199e-044 3.99436569e-057 4.19655187e-036
  9.05112475e-030 3.32062150e-018 1.74590425e-039 1.13536466e-021
  1.64730062e-054 5.79725198e-021 1.51265116e-019 9.09451010e-039
  1.00000000e+000]
 [4.59843770e-020 5.25553847e-039 1.08815500e-045 5.26721685e-036
  1.16157376e-031 3.02677003e-032 1.00000000e+000 5.52769822e-015
  4.90932032e-109 1.75169891e-025 9.85392836e-053 1.08246679e-066
  1.10913968e-029 2.17326961e-042 2.42945471e-042 7.29301120e-017
  1.25560948e-036 2.29513406e-030 4.71057237e-033 1.79332729e-079
  1.00000000e+000]
 [5.33910910e-014 6.93871402e-064 9.40489781e-046 5.88847073e-035
  1.00449680e-051 2.69201131e-050 5.52769822e-015 1.00000000e+000
  9.67140523e-097 2.57341155e-040 1.22849343e-039 7.50281257e-084
  3.15001594e-048 6.41869838e-062 6.87779016e-057 1.87942034e-020
  6.09083526e-048 8.81658376e-029 7.40754153e-039 7.52874052e-099
  1.00000000e+000]
 [1.08560975e-086 2.01124137e-063 2.61927554e-081 4.01029213e-074
  3.33786470e-074 9.90628100e-056 4.90932032e-109 9.67140523e-097
  1.00000000e+000 1.32767586e-093 8.39993668e-095 4.07861015e-059
  6.49414145e-065 1.33646074e-062 5.76490716e-047 1.03643638e-079
  1.40074325e-100 1.70360601e-079 2.37125397e-044 2.31789594e-048
  1.00000000e+000]
 [4.18972043e-015 3.13936473e-033 4.42773116e-071 4.70044256e-016
  3.01787072e-051 5.72600199e-044 1.75169891e-025 2.57341155e-040
  1.32767586e-093 1.00000000e+000 3.20246827e-024 1.04638180e-078
  9.42876154e-035 4.15808210e-021 2.15724811e-027 5.01531562e-034
  1.18678601e-029 6.66617833e-033 2.82735808e-032 5.91676482e-045
  1.00000000e+000]
 [6.24184600e-011 6.11824474e-058 7.61646646e-060 1.10412766e-008
  1.99400173e-084 3.99436569e-057 9.85392836e-053 1.22849343e-039
  8.39993668e-095 3.20246827e-024 1.00000000e+000 1.39958946e-099
  1.19517904e-072 1.87833846e-039 3.14298228e-068 1.47166565e-034
  1.46988457e-059 4.66186629e-022 5.56366141e-049 7.80023734e-061
  1.00000000e+000]
 [1.12171033e-067 1.73300561e-021 9.81877461e-026 6.67989511e-084
  1.78448081e-053 4.19655187e-036 1.08246679e-066 7.50281257e-084
  4.07861015e-059 1.04638180e-078 1.39958946e-099 1.00000000e+000
  3.62095657e-025 4.85852758e-043 5.94493809e-075 2.93886500e-035
  1.83248125e-057 9.28750840e-051 4.41697804e-076 6.33989389e-027
  1.00000000e+000]
 [8.21937989e-039 2.18566400e-028 1.12012963e-050 2.23418152e-059
  4.98850686e-018 9.05112475e-030 1.10913968e-029 3.15001594e-048
  6.49414145e-065 9.42876154e-035 1.19517904e-072 3.62095657e-025
  1.00000000e+000 7.28210952e-020 4.42334528e-029 2.09322988e-032
  2.47077037e-012 1.50795807e-034 2.63674528e-041 1.83414850e-036
  1.00000000e+000]
 [3.61759341e-031 2.67522830e-025 8.31058076e-055 7.45153888e-030
  6.38372698e-025 3.32062150e-018 2.17326961e-042 6.41869838e-062
  1.33646074e-062 4.15808210e-021 1.87833846e-039 4.85852758e-043
  7.28210952e-020 1.00000000e+000 1.35661502e-030 2.43232372e-034
  6.58742899e-025 1.64067145e-019 5.33960473e-030 8.50870637e-020
  1.00000000e+000]
 [7.40476385e-049 4.56994278e-045 6.58708419e-095 1.41172707e-042
  4.25998343e-032 1.74590425e-039 2.42945471e-042 6.87779016e-057
  5.76490716e-047 2.15724811e-027 3.14298228e-068 5.94493809e-075
  4.42334528e-029 1.35661502e-030 1.00000000e+000 1.09503410e-059
  7.71527494e-045 4.45655311e-060 4.66458942e-013 2.92112661e-052
  1.00000000e+000]
 [2.17274512e-013 1.21266698e-020 1.78829607e-009 1.27312791e-025
  2.83291124e-044 1.13536466e-021 7.29301120e-017 1.87942034e-020
  1.03643638e-079 5.01531562e-034 1.47166565e-034 2.93886500e-035
  2.09322988e-032 2.43232372e-034 1.09503410e-059 1.00000000e+000
  3.03846941e-045 1.48984644e-013 2.20993554e-040 8.69113514e-048
  1.00000000e+000]
 [2.65884040e-032 1.81143771e-055 1.84930336e-074 7.87015134e-062
  2.28075787e-032 1.64730062e-054 1.25560948e-036 6.09083526e-048
  1.40074325e-100 1.18678601e-029 1.46988457e-059 1.83248125e-057
  2.47077037e-012 6.58742899e-025 7.71527494e-045 3.03846941e-045
  1.00000000e+000 8.49419386e-033 1.22796090e-059 9.37941512e-057
  1.00000000e+000]
 [7.73788239e-013 9.90071883e-040 4.84629673e-027 2.86375658e-023
  5.14465260e-034 5.79725198e-021 2.29513406e-030 8.81658376e-029
  1.70360601e-079 6.66617833e-033 4.66186629e-022 9.28750840e-051
  1.50795807e-034 1.64067145e-019 4.45655311e-060 1.48984644e-013
  8.49419386e-033 1.00000000e+000 6.63373092e-038 2.58954895e-048
  1.00000000e+000]
 [1.53540990e-036 5.15093694e-044 3.77072092e-068 6.21327164e-024
  2.78432264e-026 1.51265116e-019 4.71057237e-033 7.40754153e-039
  2.37125397e-044 2.82735808e-032 5.56366141e-049 4.41697804e-076
  2.63674528e-041 5.33960473e-030 4.66458942e-013 2.20993554e-040
  1.22796090e-059 6.63373092e-038 1.00000000e+000 1.40177401e-059
  1.00000000e+000]
 [8.59820083e-056 1.11706695e-015 1.91129344e-052 4.70958842e-049
  6.20604836e-067 9.09451010e-039 1.79332729e-079 7.52874052e-099
  2.31789594e-048 5.91676482e-045 7.80023734e-061 6.33989389e-027
  1.83414850e-036 8.50870637e-020 2.92112661e-052 8.69113514e-048
  9.37941512e-057 2.58954895e-048 1.40177401e-059 1.00000000e+000
  1.00000000e+000]
 [1.00000000e+000 1.00000000e+000 1.00000000e+000 1.00000000e+000
  1.00000000e+000 1.00000000e+000 1.00000000e+000 1.00000000e+000
  1.00000000e+000 1.00000000e+000 1.00000000e+000 1.00000000e+000
  1.00000000e+000 1.00000000e+000 1.00000000e+000 1.00000000e+000
  1.00000000e+000 1.00000000e+000 1.00000000e+000 1.00000000e+000
  0.00000000e+000]]
