[[1.00000000e+000 1.77190958e-048 3.34435206e-035 2.35434936e-031
  3.03329729e-008 8.99685271e-023 2.49926449e-008 2.23223832e-022
  2.57948149e-087 6.43576120e-073 5.34693897e-042 1.03928435e-074
  1.70594946e-017 6.98204933e-038 3.36237544e-023 9.11547307e-066
  1.35110584e-059 5.10226163e-023 9.25107021e-060 2.68514828e-031
  1.00000000e+000]
 [1.77190958e-048 1.00000000e+000 2.63865846e-073 2.16567147e-046
  1.16657013e-074 3.76600851e-043 8.16401464e-036 5.94135459e-044
  7.46087339e-047 4.21694655e-040 8.98409475e-007 2.73388986e-020
  2.05896121e-072 3.27676810e-017 3.87849568e-064 1.22758339e-025
  6.30527941e-035 1.71567242e-012 1.09199229e-071 1.60316964e-063
  1.00000000e+000]
 [3.34435206e-035 2.63865846e-073 1.00000000e+000 8.08599720e-053
  6.10598647e-038 1.55686297e-051 2.41179220e-051 5.53536308e-024
  7.10886819e-082 5.91295020e-033 4.29227012e-069 5.59016961e-077
  9.82244291e-021 3.73611791e-040 4.68370631e-042 2.41130178e-056
  1.78925747e-058 5.18091653e-051 4.02517687e-036 3.34020174e-011
  1.00000000e+000]
 [2.35434936e-031 2.16567147e-046 8.08599720e-053 1.00000000e+000
  7.86201206e-026 2.03005220e-022 1.35144248e-037 3.60362857e-029
  1.50837227e-056 4.73152426e-085 4.38790945e-028 1.30341357e-038
  4.18106358e-017 8.57918297e-032 1.39532997e-007 1.09760354e-032
  1.15966751e-024 1.30346248e-037 1.85234804e-029 1.09892012e-027
  1.00000000e+000]
 [3.03329729e-008 1.16657013e-074 6.10598647e-038 7.86201206e-026
  1.00000000e+000 4.12673656e-030 4.64258532e-026 3.50696024e-030
  3.76944863e-108 2.05988047e-095 4.68860295e-063 4.70721385e-087
  9.36912216e-010 6.31339926e-048 2.36133360e-013 4.21074365e-080
  1.95142925e-071 2.17042516e-046 1.88896762e-062 9.21586077e-033
  1.00000000e+000]
 [8.99685271e-023 3.76600851e-043 1.55686297e-051 2.03005220e-022
  4.12673656e-030 1.00000000e+000 8.66224927e-013 1.39506602e-015
  4.30296509e-044 2.59803863e-068 2.01763497e-033 7.15454911e-067
  3.41968515e-028 3.97626477e-031 1.18251093e-024 2.54066288e-046
  1.06787199e-048 5.09734186e-031 2.06992316e-051 1.29208149e-042
  1.00000000e+000]
 [2.49926449e-008 8.16401464e-036 2.41179220e-051 1.35144248e-037
  4.64258532e-026 8.66224927e-013 1.00000000e+000 3.93406740e-023
  3.48960453e-067 2.47876782e-069 1.55290445e-030 2.55164390e-072
  1.72476877e-034 6.49789122e-036 4.12730201e-037 1.47792856e-057
  5.03795098e-056 1.42580938e-017 4.03779638e-065 3.94338392e-045
  1.00000000e+000]
 [2.23223832e-022 5.94135459e-044 5.53536308e-024 3.60362857e-029
  3.50696024e-030 1.39506602e-015 3.93406740e-023 1.00000000e+000
  2.82554579e-032 2.30982092e-040 1.16580335e-041 8.88137532e-070
  5.82167487e-018 3.73303614e-034 3.34689205e-020 1.96151886e-050
  3.94285526e-051 3.60557497e-021 1.10811383e-042 2.29333465e-024
  1.00000000e+000]
 [2.57948149e-087 7.46087339e-047 7.10886819e-082 1.50837227e-056
  3.76944863e-108 4.30296509e-044 3.48960453e-067 2.82554579e-032
  1.00000000e+000 1.24421120e-057 2.69275775e-043 9.56539591e-070
  5.50771780e-076 7.67431252e-062 7.76176007e-066 1.23768144e-045
  1.68059625e-049 4.57748990e-041 7.03224511e-057 3.40992583e-066
  1.00000000e+000]
 [6.43576120e-073 4.21694655e-040 5.91295020e-033 4.73152426e-085
  2.05988047e-095 2.59803863e-068 2.47876782e-069 2.30982092e-040
  1.24421120e-057 1.00000000e+000 2.07255274e-054 1.20364801e-055
  1.78843172e-075 3.44765696e-028 6.29158461e-089 4.15021017e-044
  4.41560245e-065 7.65077711e-045 4.59125005e-071 5.73987028e-052
  1.00000000e+000]
 [5.34693897e-042 8.98409475e-007 4.29227012e-069 4.38790945e-028
  4.68860295e-063 2.01763497e-033 1.55290445e-030 1.16580335e-041
  2.69275775e-043 2.07255274e-054 1.00000000e+000 5.20994572e-015
  1.40760934e-056 5.99287280e-019 6.70532204e-049 5.88638712e-014
  1.77559949e-015 6.07245339e-015 6.09951852e-046 2.47019170e-047
  1.00000000e+000]
 [1.03928435e-074 2.73388986e-020 5.59016961e-077 1.30341357e-038
  4.70721385e-087 7.15454911e-067 2.55164390e-072 8.88137532e-070
  9.56539591e-070 1.20364801e-055 5.20994572e-015 1.00000000e+000
  3.29593387e-074 1.80305895e-018 1.64238025e-066 2.61837240e-010
  2.20183770e-017 3.68653200e-044 3.94266551e-051 2.74398747e-056
  1.00000000e+000]
 [1.70594946e-017 2.05896121e-072 9.82244291e-021 4.18106358e-017
  9.36912216e-010 3.41968515e-028 1.72476877e-034 5.82167487e-018
  5.50771780e-076 1.78843172e-075 1.40760934e-056 3.29593387e-074
  1.00000000e+000 8.45122608e-045 7.41756477e-007 3.74007989e-058
  4.27413235e-048 7.45486036e-044 6.56599024e-030 1.78416392e-011
  1.00000000e+000]
 [6.98204933e-038 3.27676810e-017 3.73611791e-040 8.57918297e-032
  6.31339926e-048 3.97626477e-031 6.49789122e-036 3.73303614e-034
  7.67431252e-062 3.44765696e-028 5.99287280e-019 1.80305895e-018
  8.45122608e-045 1.00000000e+000 6.50188718e-045 9.57713638e-019
  9.62625899e-033 1.42570403e-029 2.28143505e-052 3.89308995e-040
  1.00000000e+000]
 [3.36237544e-023 3.87849568e-064 4.68370631e-042 1.39532997e-007
  2.36133360e-013 1.18251093e-024 4.12730201e-037 3.34689205e-020
  7.76176007e-066 6.29158461e-089 6.70532204e-049 1.64238025e-066
  7.41756477e-007 6.50188718e-045 1.00000000e+000 3.69712271e-058
  1.47757996e-047 1.44391400e-040 9.22759458e-040 1.56517621e-025
  1.00000000e+000]
 [9.11547307e-066 1.22758339e-025 2.41130178e-056 1.09760354e-032
  4.21074365e-080 2.54066288e-046 1.47792856e-057 1.96151886e-050
  1.23768144e-045 4.15021017e-044 5.88638712e-014 2.61837240e-010
  3.74007989e-058 9.57713638e-019 3.69712271e-058 1.00000000e+000
  3.14328528e-006 6.24384926e-041 1.02222220e-024 5.03228208e-036
  1.00000000e+000]
 [1.35110584e-059 6.30527941e-035 1.78925747e-058 1.15966751e-024
  1.95142925e-071 1.06787199e-048 5.03795098e-056 3.94285526e-051
  1.68059625e-049 4.41560245e-065 1.77559949e-015 2.20183770e-017
  4.27413235e-048 9.62625899e-033 1.47757996e-047 3.14328528e-006
  1.00000000e+000 1.06700488e-039 3.30491232e-014 9.79274840e-028
  1.00000000e+000]
 [5.10226163e-023 1.71567242e-012 5.18091653e-051 1.30346248e-037
  2.17042516e-046 5.09734186e-031 1.42580938e-017 3.60557497e-021
  4.57748990e-041 7.65077711e-045 6.07245339e-015 3.68653200e-044
  7.45486036e-044 1.42570403e-029 1.44391400e-040 6.24384926e-041
  1.06700488e-039 1.00000000e+000 6.91290913e-059 5.03748964e-042
  1.00000000e+000]
 [9.25107021e-060 1.09199229e-071 4.02517687e-036 1.85234804e-029
  1.88896762e-062 2.06992316e-051 4.03779638e-065 1.10811383e-042
  7.03224511e-057 4.59125005e-071 6.09951852e-046 3.94266551e-051
  6.56599024e-030 2.28143505e-052 9.22759458e-040 1.02222220e-024
  3.30491232e-014 6.91290913e-059 1.00000000e+000 1.06078442e-010
  1.00000000e+000]
 [2.68514828e-031 1.60316964e-063 3.34020174e-011 1.09892012e-027
  9.21586077e-033 1.29208149e-042 3.94338392e-045 2.29333465e-024
  3.40992583e-066 5.73987028e-052 2.47019170e-047 2.74398747e-056
  1.78416392e-011 3.89308995e-040 1.56517621e-025 5.03228208e-036
  9.79274840e-028 5.03748964e-042 1.06078442e-010 1.00000000e+000
  1.00000000e+000]
 [1.00000000e+000 1.00000000e+000 1.00000000e+000 1.00000000e+000
  1.00000000e+000 1.00000000e+000 1.00000000e+000 1.00000000e+000
  1.00000000e+000 1.00000000e+000 1.00000000e+000 1.00000000e+000
  1.00000000e+000 1.00000000e+000 1.00000000e+000 1.00000000e+000
  1.00000000e+000 1.00000000e+000 1.00000000e+000 1.00000000e+000
  0.00000000e+000]]
