[[1.00000000e+000 4.23385407e-049 6.09181922e-009 3.11955019e-063
  9.13292668e-035 1.39802971e-018 4.86107084e-080 4.59636725e-041
  5.23615799e-084 2.51289770e-036 4.14552748e-052 1.16961947e-073
  4.08383154e-023 3.41921606e-099 5.20455800e-040 6.18712841e-041
  4.66608769e-041 1.21193971e-056 3.81402198e-080 1.17222021e-054
  1.00000000e+000]
 [4.23385407e-049 1.00000000e+000 1.92460254e-040 1.38859509e-043
  3.44620257e-032 8.29289379e-036 3.76613157e-036 2.68860058e-031
  1.88926067e-024 8.29263820e-052 5.87567162e-005 7.27464855e-042
  3.27488105e-026 1.77425971e-038 3.68917833e-019 4.61919696e-051
  1.10146278e-054 1.03946291e-020 6.46624376e-026 1.56991705e-035
  1.00000000e+000]
 [6.09181922e-009 1.92460254e-040 1.00000000e+000 3.63587515e-054
  1.15128241e-043 9.14922786e-012 1.75300623e-061 4.06319728e-045
  4.79480922e-065 5.11020195e-045 2.20774643e-039 2.47424843e-071
  9.66651966e-017 2.41947468e-109 9.30769602e-036 1.66855489e-052
  2.66733997e-056 3.44518221e-051 3.07025284e-075 6.81305766e-038
  1.00000000e+000]
 [3.11955019e-063 1.38859509e-043 3.63587515e-054 1.00000000e+000
  4.62310619e-089 3.09284010e-075 2.85179205e-006 1.01588136e-058
  8.04095502e-042 1.45188113e-079 5.38735109e-038 1.81714653e-028
  2.46545034e-031 8.71898239e-046 6.32210443e-098 1.19512236e-066
  3.75210343e-066 5.98953293e-052 2.29959105e-077 2.81440649e-081
  1.00000000e+000]
 [9.13292668e-035 3.44620257e-032 1.15128241e-043 4.62310619e-089
  1.00000000e+000 6.13215941e-037 2.34269610e-088 6.84231253e-037
  3.77769120e-051 7.10185048e-051 2.63584714e-054 1.13512692e-050
  1.57561926e-056 6.27668836e-084 5.53357444e-027 1.50256487e-053
  3.92958301e-046 2.71685052e-052 1.94854363e-045 2.17968062e-045
  1.00000000e+000]
 [1.39802971e-018 8.29289379e-036 9.14922786e-012 3.09284010e-075
  6.13215941e-037 1.00000000e+000 2.80816765e-081 1.62288572e-024
  1.12425424e-059 1.36870866e-059 1.11041835e-038 5.22506808e-075
  4.19555947e-021 8.55486618e-117 3.54149386e-018 5.33644524e-072
  3.50077920e-045 4.03926151e-072 1.40783765e-074 2.27873748e-039
  1.00000000e+000]
 [4.86107084e-080 3.76613157e-036 1.75300623e-061 2.85179205e-006
  2.34269610e-088 2.80816765e-081 1.00000000e+000 4.38276339e-066
  2.47619736e-026 2.29262860e-085 1.01540454e-032 5.10103858e-026
  6.32734065e-039 1.15014174e-047 1.05904770e-094 1.32531322e-073
  1.00667298e-080 7.69019573e-046 3.75781346e-063 2.88341265e-068
  1.00000000e+000]
 [4.59636725e-041 2.68860058e-031 4.06319728e-045 1.01588136e-058
  6.84231253e-037 1.62288572e-024 4.38276339e-066 1.00000000e+000
  1.53424895e-036 4.31362927e-056 1.78215534e-039 9.05319252e-036
  6.61789611e-024 2.76521558e-068 1.62587784e-036 4.82079956e-060
  5.20093096e-011 3.94989362e-084 1.91724425e-050 6.28765301e-047
  1.00000000e+000]
 [5.23615799e-084 1.88926067e-024 4.79480922e-065 8.04095502e-042
  3.77769120e-051 1.12425424e-059 2.47619736e-026 1.53424895e-036
  1.00000000e+000 6.27152566e-081 3.26078916e-035 2.44699345e-015
  4.51221162e-046 4.33558827e-064 6.85255761e-062 1.32304589e-078
  4.90343500e-058 6.86865573e-064 1.88521187e-034 1.92988989e-036
  1.00000000e+000]
 [2.51289770e-036 8.29263820e-052 5.11020195e-045 1.45188113e-079
  7.10185048e-051 1.36870866e-059 2.29262860e-085 4.31362927e-056
  6.27152566e-081 1.00000000e+000 9.14072022e-055 6.54962844e-074
  2.37744111e-032 9.03143655e-067 1.84361249e-060 2.00307723e-003
  2.51911432e-038 4.60081492e-052 9.96395700e-030 5.92612720e-030
  1.00000000e+000]
 [4.14552748e-052 5.87567162e-005 2.20774643e-039 5.38735109e-038
  2.63584714e-054 1.11041835e-038 1.01540454e-032 1.78215534e-039
  3.26078916e-035 9.14072022e-055 1.00000000e+000 1.43104811e-055
  1.12749832e-019 3.18540818e-040 2.81438503e-026 2.84521466e-054
  6.11251205e-064 1.67285682e-021 6.72094261e-036 8.46759033e-042
  1.00000000e+000]
 [1.16961947e-073 7.27464855e-042 2.47424843e-071 1.81714653e-028
  1.13512692e-050 5.22506808e-075 5.10103858e-026 9.05319252e-036
  2.44699345e-015 6.54962844e-074 1.43104811e-055 1.00000000e+000
  7.92854861e-050 4.57874162e-050 6.54424431e-089 7.72993423e-064
  5.19303791e-039 5.78291740e-073 4.40993627e-048 4.19578085e-060
  1.00000000e+000]
 [4.08383154e-023 3.27488105e-026 9.66651966e-017 2.46545034e-031
  1.57561926e-056 4.19555947e-021 6.32734065e-039 6.61789611e-024
  4.51221162e-046 2.37744111e-032 1.12749832e-019 7.92854861e-050
  1.00000000e+000 4.97222042e-062 1.30352638e-039 1.76774313e-035
  7.55302678e-031 1.68885632e-048 9.98257597e-049 4.26871156e-033
  1.00000000e+000]
 [3.41921606e-099 1.77425971e-038 2.41947468e-109 8.71898239e-046
  6.27668836e-084 8.55486618e-117 1.15014174e-047 2.76521558e-068
  4.33558827e-064 9.03143655e-067 3.18540818e-040 4.57874162e-050
  4.97222042e-062 1.00000000e+000 1.35852668e-092 9.08874011e-050
  5.39504906e-068 8.82514059e-043 1.36508504e-043 6.76467148e-097
  1.00000000e+000]
 [5.20455800e-040 3.68917833e-019 9.30769602e-036 6.32210443e-098
  5.53357444e-027 3.54149386e-018 1.05904770e-094 1.62587784e-036
  6.85255761e-062 1.84361249e-060 2.81438503e-026 6.54424431e-089
  1.30352638e-039 1.35852668e-092 1.00000000e+000 3.12501151e-071
  1.94230413e-064 7.33272367e-048 1.31488025e-051 8.54606423e-042
  1.00000000e+000]
 [6.18712841e-041 4.61919696e-051 1.66855489e-052 1.19512236e-066
  1.50256487e-053 5.33644524e-072 1.32531322e-073 4.82079956e-060
  1.32304589e-078 2.00307723e-003 2.84521466e-054 7.72993423e-064
  1.76774313e-035 9.08874011e-050 3.12501151e-071 1.00000000e+000
  1.54955767e-039 4.11720129e-045 8.57710450e-030 2.51400298e-040
  1.00000000e+000]
 [4.66608769e-041 1.10146278e-054 2.66733997e-056 3.75210343e-066
  3.92958301e-046 3.50077920e-045 1.00667298e-080 5.20093096e-011
  4.90343500e-058 2.51911432e-038 6.11251205e-064 5.19303791e-039
  7.55302678e-031 5.39504906e-068 1.94230413e-064 1.54955767e-039
  1.00000000e+000 2.21908249e-098 6.77825746e-053 2.22667733e-054
  1.00000000e+000]
 [1.21193971e-056 1.03946291e-020 3.44518221e-051 5.98953293e-052
  2.71685052e-052 4.03926151e-072 7.69019573e-046 3.94989362e-084
  6.86865573e-064 4.60081492e-052 1.67285682e-021 5.78291740e-073
  1.68885632e-048 8.82514059e-043 7.33272367e-048 4.11720129e-045
  2.21908249e-098 1.00000000e+000 3.01291704e-044 2.42188565e-060
  1.00000000e+000]
 [3.81402198e-080 6.46624376e-026 3.07025284e-075 2.29959105e-077
  1.94854363e-045 1.40783765e-074 3.75781346e-063 1.91724425e-050
  1.88521187e-034 9.96395700e-030 6.72094261e-036 4.40993627e-048
  9.98257597e-049 1.36508504e-043 1.31488025e-051 8.57710450e-030
  6.77825746e-053 3.01291704e-044 1.00000000e+000 4.57433495e-021
  1.00000000e+000]
 [1.17222021e-054 1.56991705e-035 6.81305766e-038 2.81440649e-081
  2.17968062e-045 2.27873748e-039 2.88341265e-068 6.28765301e-047
  1.92988989e-036 5.92612720e-030 8.46759033e-042 4.19578085e-060
  4.26871156e-033 6.76467148e-097 8.54606423e-042 2.51400298e-040
  2.22667733e-054 2.42188565e-060 4.57433495e-021 1.00000000e+000
  1.00000000e+000]
 [1.00000000e+000 1.00000000e+000 1.00000000e+000 1.00000000e+000
  1.00000000e+000 1.00000000e+000 1.00000000e+000 1.00000000e+000
  1.00000000e+000 1.00000000e+000 1.00000000e+000 1.00000000e+000
  1.00000000e+000 1.00000000e+000 1.00000000e+000 1.00000000e+000
  1.00000000e+000 1.00000000e+000 1.00000000e+000 1.00000000e+000
  0.00000000e+000]]
