[[1.00000000e+000 5.20361241e-035 2.54004525e-059 9.55642655e-093
  2.69079378e-041 2.79056637e-042 3.66533546e-027 1.28175482e-066
  4.62846263e-038 6.00745133e-039 9.76135117e-060 2.81563524e-048
  1.02243676e-053 2.46986301e-045 4.59794142e-065 7.61347372e-067
  4.43571801e-033 1.21710376e-062 3.31496660e-047 1.07633042e-051
  1.00000000e+000]
 [5.20361241e-035 1.00000000e+000 7.78855874e-072 5.86201467e-076
  4.22015001e-020 1.81880600e-045 6.32327414e-067 1.79990411e-070
  6.78034352e-013 4.86925597e-038 6.77510104e-069 2.40911961e-094
  2.85334621e-075 5.04793913e-058 1.14729923e-064 9.32625271e-058
  8.34512955e-098 4.45244941e-022 4.55105070e-049 1.09731605e-074
  1.00000000e+000]
 [2.54004525e-059 7.78855874e-072 1.00000000e+000 2.40676560e-074
  8.65511372e-054 7.39956147e-062 7.49250732e-045 6.39826653e-024
  1.47474350e-053 5.59114135e-054 9.03469196e-024 2.21618014e-051
  5.54147111e-088 3.07673774e-021 5.00541678e-068 1.04369451e-029
  4.46893976e-049 2.62150313e-042 9.99600357e-052 2.35122466e-058
  1.00000000e+000]
 [9.55642655e-093 5.86201467e-076 2.40676560e-074 1.00000000e+000
  1.88286359e-083 7.09573858e-035 1.30931559e-051 7.40980986e-026
  2.48136828e-057 3.16290653e-048 3.42076699e-031 1.08466628e-077
  3.32472186e-039 2.27101052e-040 6.56460424e-022 7.84707371e-043
  5.93435160e-081 3.59355288e-054 4.52379744e-039 5.78875203e-038
  1.00000000e+000]
 [2.69079378e-041 4.22015001e-020 8.65511372e-054 1.88286359e-083
  1.00000000e+000 6.72050475e-060 1.19955799e-075 1.09833774e-050
  9.40304061e-033 1.34490866e-013 4.76487298e-056 5.66789727e-101
  1.10156930e-075 2.61152205e-032 2.54921777e-094 2.71396765e-054
  2.05341642e-096 1.76010104e-022 1.22168853e-029 6.41862658e-074
  1.00000000e+000]
 [2.79056637e-042 1.81880600e-045 7.39956147e-062 7.09573858e-035
  6.72050475e-060 1.00000000e+000 2.19929628e-030 2.25836900e-048
  3.67917772e-017 4.68140656e-045 3.07702575e-050 9.93519607e-025
  1.23653875e-021 1.10147221e-029 1.26360273e-042 1.73769538e-041
  2.05565939e-037 5.22231882e-057 1.80321610e-040 6.85878882e-063
  1.00000000e+000]
 [3.66533546e-027 6.32327414e-067 7.49250732e-045 1.30931559e-051
  1.19955799e-075 2.19929628e-030 1.00000000e+000 8.99701595e-046
  6.00924250e-051 1.75404401e-053 4.54186368e-024 5.92415986e-019
  1.44087386e-024 1.12484809e-033 1.41962720e-025 7.22758675e-066
  6.46082669e-011 6.34404467e-061 1.36418760e-033 1.23669802e-020
  1.00000000e+000]
 [1.28175482e-066 1.79990411e-070 6.39826653e-024 7.40980986e-026
  1.09833774e-050 2.25836900e-048 8.99701595e-046 1.00000000e+000
  4.72633521e-057 9.24716737e-027 2.34311253e-014 6.91286878e-069
  3.29718924e-061 3.18195134e-013 2.86798484e-043 1.72137904e-016
  7.61117822e-060 1.87940184e-042 5.69184927e-032 6.96175632e-034
  1.00000000e+000]
 [4.62846263e-038 6.78034352e-013 1.47474350e-053 2.48136828e-057
  9.40304061e-033 3.67917772e-017 6.00924250e-051 4.72633521e-057
  1.00000000e+000 8.01305790e-044 1.50555814e-059 4.24648027e-053
  1.37860296e-055 6.14755896e-040 1.45946843e-055 2.82392527e-037
  4.20622457e-068 1.47900077e-029 1.31633460e-048 1.39304026e-078
  1.00000000e+000]
 [6.00745133e-039 4.86925597e-038 5.59114135e-054 3.16290653e-048
  1.34490866e-013 4.68140656e-045 1.75404401e-053 9.24716737e-027
  8.01305790e-044 1.00000000e+000 1.29820903e-035 1.37616412e-083
  1.18120842e-044 5.50576550e-017 5.38583046e-068 2.96798955e-044
  3.36443054e-071 2.93930621e-034 2.23762075e-013 5.81034484e-043
  1.00000000e+000]
 [9.76135117e-060 6.77510104e-069 9.03469196e-024 3.42076699e-031
  4.76487298e-056 3.07702575e-050 4.54186368e-024 2.34311253e-014
  1.50555814e-059 1.29820903e-035 1.00000000e+000 2.11429108e-054
  5.36691924e-043 4.66102509e-018 7.27759601e-028 6.82785842e-046
  1.30570984e-046 1.47964940e-030 4.20635934e-018 8.72618294e-014
  1.00000000e+000]
 [2.81563524e-048 2.40911961e-094 2.21618014e-051 1.08466628e-077
  5.66789727e-101 9.93519607e-025 5.92415986e-019 6.91286878e-069
  4.24648027e-053 1.37616412e-083 2.11429108e-054 1.00000000e+000
  5.05060404e-037 1.40436678e-040 2.19313703e-063 1.63070839e-071
  5.81921689e-009 1.19692537e-093 1.93353850e-063 2.12025677e-071
  1.00000000e+000]
 [1.02243676e-053 2.85334621e-075 5.54147111e-088 3.32472186e-039
  1.10156930e-075 1.23653875e-021 1.44087386e-024 3.29718924e-061
  1.37860296e-055 1.18120842e-044 5.36691924e-043 5.05060404e-037
  1.00000000e+000 8.87216175e-037 1.72539589e-045 1.38649760e-088
  6.56872208e-039 2.90091514e-070 5.56744345e-022 1.19196623e-040
  1.00000000e+000]
 [2.46986301e-045 5.04793913e-058 3.07673774e-021 2.27101052e-040
  2.61152205e-032 1.10147221e-029 1.12484809e-033 3.18195134e-013
  6.14755896e-040 5.50576550e-017 4.66102509e-018 1.40436678e-040
  8.87216175e-037 1.00000000e+000 1.89851607e-058 3.58053271e-028
  2.84713574e-038 3.27270714e-038 1.09839793e-016 1.47701755e-042
  1.00000000e+000]
 [4.59794142e-065 1.14729923e-064 5.00541678e-068 6.56460424e-022
  2.54921777e-094 1.26360273e-042 1.41962720e-025 2.86798484e-043
  1.45946843e-055 5.38583046e-068 7.27759601e-028 2.19313703e-063
  1.72539589e-045 1.89851607e-058 1.00000000e+000 5.73436742e-060
  1.13451365e-059 1.13900332e-051 5.51927475e-049 3.33920002e-019
  1.00000000e+000]
 [7.61347372e-067 9.32625271e-058 1.04369451e-029 7.84707371e-043
  2.71396765e-054 1.73769538e-041 7.22758675e-066 1.72137904e-016
  2.82392527e-037 2.96798955e-044 6.82785842e-046 1.63070839e-071
  1.38649760e-088 3.58053271e-028 5.73436742e-060 1.00000000e+000
  1.62489330e-072 2.32791203e-053 3.26304818e-065 1.31564245e-073
  1.00000000e+000]
 [4.43571801e-033 8.34512955e-098 4.46893976e-049 5.93435160e-081
  2.05341642e-096 2.05565939e-037 6.46082669e-011 7.61117822e-060
  4.20622457e-068 3.36443054e-071 1.30570984e-046 5.81921689e-009
  6.56872208e-039 2.84713574e-038 1.13451365e-059 1.62489330e-072
  1.00000000e+000 1.00128446e-098 2.15624515e-057 1.19474303e-050
  1.00000000e+000]
 [1.21710376e-062 4.45244941e-022 2.62150313e-042 3.59355288e-054
  1.76010104e-022 5.22231882e-057 6.34404467e-061 1.87940184e-042
  1.47900077e-029 2.93930621e-034 1.47964940e-030 1.19692537e-093
  2.90091514e-070 3.27270714e-038 1.13900332e-051 2.32791203e-053
  1.00128446e-098 1.00000000e+000 3.49224562e-027 1.15291328e-050
  1.00000000e+000]
 [3.31496660e-047 4.55105070e-049 9.99600357e-052 4.52379744e-039
  1.22168853e-029 1.80321610e-040 1.36418760e-033 5.69184927e-032
  1.31633460e-048 2.23762075e-013 4.20635934e-018 1.93353850e-063
  5.56744345e-022 1.09839793e-016 5.51927475e-049 3.26304818e-065
  2.15624515e-057 3.49224562e-027 1.00000000e+000 1.68927512e-025
  1.00000000e+000]
 [1.07633042e-051 1.09731605e-074 2.35122466e-058 5.78875203e-038
  6.41862658e-074 6.85878882e-063 1.23669802e-020 6.96175632e-034
  1.39304026e-078 5.81034484e-043 8.72618294e-014 2.12025677e-071
  1.19196623e-040 1.47701755e-042 3.33920002e-019 1.31564245e-073
  1.19474303e-050 1.15291328e-050 1.68927512e-025 1.00000000e+000
  1.00000000e+000]
 [1.00000000e+000 1.00000000e+000 1.00000000e+000 1.00000000e+000
  1.00000000e+000 1.00000000e+000 1.00000000e+000 1.00000000e+000
  1.00000000e+000 1.00000000e+000 1.00000000e+000 1.00000000e+000
  1.00000000e+000 1.00000000e+000 1.00000000e+000 1.00000000e+000
  1.00000000e+000 1.00000000e+000 1.00000000e+000 1.00000000e+000
  0.00000000e+000]]
