[[1.00000000e+00 9.02321704e-45 4.95143375e-31 ... 1.01618646e-23
  2.43525289e-57 1.00000000e+00]
 [9.02321704e-45 1.00000000e+00 5.46204927e-52 ... 1.32120925e-27
  1.75243196e-22 1.00000000e+00]
 [4.95143375e-31 5.46204927e-52 1.00000000e+00 ... 1.88280247e-22
  4.92551421e-81 1.00000000e+00]
 ...
 [1.01618646e-23 1.32120925e-27 1.88280247e-22 ... 1.00000000e+00
  3.54139347e-49 1.00000000e+00]
 [2.43525289e-57 1.75243196e-22 4.92551421e-81 ... 3.54139347e-49
  1.00000000e+00 1.00000000e+00]
 [1.00000000e+00 1.00000000e+00 1.00000000e+00 ... 1.00000000e+00
  1.00000000e+00 0.00000000e+00]]
