[[1.00000000e+00 1.90720878e-44 1.08153416e-31 ... 5.14249742e-75
  7.02816029e-40 1.00000000e+00]
 [1.90720878e-44 1.00000000e+00 4.88112746e-62 ... 4.16121386e-78
  6.09625601e-31 1.00000000e+00]
 [1.08153416e-31 4.88112746e-62 1.00000000e+00 ... 2.92531530e-35
  1.71065920e-41 1.00000000e+00]
 ...
 [5.14249742e-75 4.16121386e-78 2.92531530e-35 ... 1.00000000e+00
  4.59981180e-61 1.00000000e+00]
 [7.02816029e-40 6.09625601e-31 1.71065920e-41 ... 4.59981180e-61
  1.00000000e+00 1.00000000e+00]
 [1.00000000e+00 1.00000000e+00 1.00000000e+00 ... 1.00000000e+00
  1.00000000e+00 0.00000000e+00]]
