[[1.00000000e+00 1.31096489e-25 2.92962772e-72 ... 2.19763465e-28
  8.02912424e-43 1.00000000e+00]
 [1.31096489e-25 1.00000000e+00 2.11676145e-50 ... 5.19387728e-24
  1.62142357e-64 1.00000000e+00]
 [2.92962772e-72 2.11676145e-50 1.00000000e+00 ... 1.44548815e-23
  3.79221249e-29 1.00000000e+00]
 ...
 [2.19763465e-28 5.19387728e-24 1.44548815e-23 ... 1.00000000e+00
  1.98288825e-21 1.00000000e+00]
 [8.02912424e-43 1.62142357e-64 3.79221249e-29 ... 1.98288825e-21
  1.00000000e+00 1.00000000e+00]
 [1.00000000e+00 1.00000000e+00 1.00000000e+00 ... 1.00000000e+00
  1.00000000e+00 0.00000000e+00]]
