[[ 0.05632496  2.35718578  3.84718991 -1.25584749 -3.4361293   2.39586705
   1.41750974 -2.62116597  2.44213094  1.55854061]
 [ 0.01900815 -2.20615659 -0.14344362  2.72970926  1.72339205 -3.54243273
   3.82659605 -2.68927434 -1.82405144 -0.39056735]
 [ 3.14211879 -2.8449567   2.28483289 -2.58933555  4.41814168  2.23403689
   2.66419432  1.12889092 -3.66046926 -4.22601295]
 [-4.66680544  4.08128993  1.91652622  3.34624928 -0.49077857 -2.23335016
   4.46699131 -2.50728108 -1.34212064 -4.82318104]
 [ 3.86481951  4.75403551 -1.5952797  -3.05936472 -3.86260377  4.33054649
  -2.98751885 -1.17141923  4.75271694  3.27257124]
 [-2.18738219 -2.53715402  2.84270174  3.92331839 -3.48975176 -4.73746075
   1.39458709 -1.54488457  4.74518556  4.07818389]
 [ 1.58327683 -0.88202652  2.43806915 -3.11070356 -2.89212317 -0.07424005
   1.69601103 -2.92822096  1.25998437 -1.44922742]
 [-3.50097558 -3.79888959 -3.66740466  2.95655623  3.13539865  4.79756379
  -3.80766064  4.12296232  4.46233737  2.6704316 ]
 [-0.41745969  2.35629435  1.36044615 -3.0726934   3.36320799 -3.47993698
  -1.56395156 -0.68505717  4.54128256  0.5593609 ]
 [ 3.15477225  1.32721799  2.24684114 -0.21865197  2.24293665 -2.01887042
  -3.82440313 -1.80007062 -4.41028335  0.67503854]
 [-0.07889938 -2.78001182 -4.53057688  3.4694908   0.22863943 -4.71652625
  -3.94261471 -4.32059957 -0.68757224 -1.72261761]
 [ 3.65192169 -3.35312182  4.07948685  2.71981318  4.78424027 -0.61414997
  -3.76639055  2.64511163  4.22434243  4.64252736]
 [-3.11838518  4.03349087  3.28837843 -3.05826167  2.57947327  0.87832192
  -3.85833326  2.18794228 -2.49773194 -0.04815095]
 [ 0.10423029  4.55565316  3.35331881  4.82116928 -1.2799331   4.06759275
  -1.20475813 -1.38485165  3.47459958 -3.1024588 ]
 [-1.29505772 -4.12016827  1.18572527  2.35874604  4.06772443 -3.2533451
  -0.79706243  2.33151328 -3.05912668 -2.44888343]
 [-2.34083404  1.07702315  4.41464694 -2.57055848 -2.76484864  1.38772139
  -0.57825217  4.73339749  4.46217014 -1.75364877]
 [-0.83457721 -2.45836794  0.4520706   0.08333684  2.22242056  0.89972851
   2.49650286 -2.2358563  -3.7767456   1.26100155]
 [ 3.92614952  4.45688508 -2.58813089  1.79924142  0.78332784  0.44433674
  -1.32329626 -1.80072822 -4.6139923  -4.52173568]
 [-4.95968263 -4.73063706  0.30825888  3.82191215  3.67493687 -4.1041534
   3.56704492 -0.96258545 -3.81311258  2.69181718]
 [-0.0798641   3.54091122  2.86102635 -1.35539418  3.11984551 -3.43127359
   3.8995261   0.31767585 -3.15260917 -3.31403148]],[[ 45965.77100746]
 [ 58551.51811958]
 [ 93726.72680347]
 [128109.67684819]
 [196780.62445924]
 [152836.13026384]
 [ 42523.79926172]
 [203519.33199902]
 [ 91889.5403275 ]
 [ 90096.15346706]
 [207244.94873431]
 [141618.28625117]
 [ 74870.54961456]
 [152848.0896466 ]
 [102292.00062395]
 [146130.25045901]
 [ 38364.01806071]
 [139785.15618725]
 [231867.0806798 ]
 [ 84268.94155374]],[[-75198.65870343]
 [-62612.91159257]
 [-27437.7029122 ]
 [  6945.24712909]
 [ 75616.19473327]
 [ 31671.70054226]
 [-78640.63044883]
 [ 82354.90227237]
 [-29274.88938798]
 [-31068.27624824]
 [ 86080.51900729]
 [ 20453.85653072]
 [-46293.88009922]
 [ 31683.65992503]
 [-18872.42909257]
 [ 24965.82073811]
 [-82800.41164942]
 [ 18620.72646698]
 [110702.65095032]
 [-36895.48816098]
 [121164.42971841]],[[1.00000000e+000 1.54224111e-062 9.73086689e-083 1.50927020e-063
  1.95023170e-038 4.55697735e-053 4.84435548e-016 4.31845719e-110
  7.51049408e-048 2.29899738e-062 7.72655614e-103 6.74268059e-090
  1.94259160e-058 9.43051213e-036 1.04794379e-099 3.21937356e-037
  3.28673192e-049 8.37052480e-082 3.59807387e-111 1.63101680e-065
  1.00000000e+000]
 [1.54224111e-062 1.00000000e+000 2.09983900e-052 3.87196058e-041
  6.58407307e-130 2.35349619e-050 2.38985953e-041 2.14120444e-110
  5.63424993e-059 5.77593318e-047 9.67660736e-040 7.46489669e-087
  1.31712209e-086 5.51631658e-084 4.72272648e-029 1.11867547e-098
  1.21405109e-016 1.50545911e-059 7.95976323e-024 1.67495976e-035
  1.00000000e+000]
 [9.73086689e-083 2.09983900e-052 1.00000000e+000 3.52754628e-092
  1.10070872e-135 2.30665224e-144 1.59012626e-050 5.40005041e-124
  1.82050102e-081 2.52501536e-053 2.28551857e-108 2.74164685e-098
  3.16366363e-068 2.49481129e-100 1.24506230e-041 1.14313880e-086
  4.25241955e-033 5.08555130e-061 4.64238890e-091 7.63885963e-040
  1.00000000e+000]
 [1.50927020e-063 3.87196058e-041 3.52754628e-092 1.00000000e+000
  7.26343830e-149 1.42635031e-084 1.93429391e-062 6.41384076e-157
  7.21422231e-080 1.03261004e-086 8.89569335e-088 1.50733467e-163
  7.41231292e-079 6.06349407e-056 6.12132687e-071 2.13286961e-085
  4.61536208e-059 5.41669449e-066 2.48437482e-073 2.78354424e-032
  1.00000000e+000]
 [1.95023170e-038 6.58407307e-130 1.10070872e-135 7.26343830e-149
  1.00000000e+000 6.62861835e-114 1.56583546e-058 1.15487171e-107
  2.37952567e-068 1.57655026e-089 1.35043377e-125 2.13731112e-108
  1.54495462e-088 3.53480218e-067 5.06085149e-163 4.54216457e-072
  4.06168601e-107 3.05601258e-093 5.15824746e-202 6.83927142e-133
  1.00000000e+000]
 [4.55697735e-053 2.35349619e-050 2.30665224e-144 1.42635031e-084
  6.62861835e-114 1.00000000e+000 1.15634069e-058 3.98067282e-106
  2.68568779e-065 5.52314647e-098 1.54753278e-075 1.11095596e-073
  5.15634773e-119 3.77403883e-087 9.61940341e-084 6.21250054e-076
  4.20439396e-074 5.83875466e-146 2.94747380e-066 1.44054520e-105
  1.00000000e+000]
 [4.84435548e-016 2.38985953e-041 1.59012626e-050 1.93429391e-062
  1.56583546e-058 1.15634069e-058 1.00000000e+000 1.75472498e-120
  8.76135088e-043 2.26098557e-050 2.64330770e-073 2.85997247e-093
  2.77832306e-066 8.63835389e-059 3.15657152e-071 4.50748557e-044
  5.91431442e-037 1.64561266e-066 3.36444226e-096 4.41499854e-049
  1.00000000e+000]
 [4.31845719e-110 2.14120444e-110 5.40005041e-124 6.41384076e-157
  1.15487171e-107 3.98067282e-106 1.75472498e-120 1.00000000e+000
  5.10022296e-092 1.26025910e-122 1.49490831e-100 1.10311022e-065
  7.74932802e-097 2.59003776e-099 4.46316160e-083 1.24504143e-086
  1.12758333e-087 3.63584590e-142 2.37308541e-108 5.06466894e-158
  1.00000000e+000]
 [7.51049408e-048 5.63424993e-059 1.82050102e-081 7.21422231e-080
  2.37952567e-068 2.68568779e-065 8.76135088e-043 5.10022296e-092
  1.00000000e+000 1.20809960e-049 3.70577668e-073 1.65003046e-058
  8.51876567e-043 2.01928851e-072 1.44913206e-065 2.65323923e-049
  6.45723957e-063 1.12564717e-085 1.37004485e-096 2.69859284e-049
  1.00000000e+000]
 [2.29899738e-062 5.77593318e-047 2.52501536e-053 1.03261004e-086
  1.57655026e-089 5.52314647e-098 2.26098557e-050 1.26025910e-122
  1.20809960e-049 1.00000000e+000 1.18378935e-054 5.12992348e-067
  2.17670853e-037 1.37367462e-078 4.04193946e-044 4.14718950e-094
  9.30502763e-037 3.49190720e-035 1.02819803e-082 8.85873610e-045
  1.00000000e+000]
 [7.72655614e-103 9.67660736e-040 2.28551857e-108 8.89569335e-088
  1.35043377e-125 1.54753278e-075 2.64330770e-073 1.49490831e-100
  3.70577668e-073 1.18378935e-054 1.00000000e+000 7.78023189e-105
  5.41522787e-107 9.55121318e-102 2.15549488e-050 4.10219863e-132
  4.12448775e-060 7.98180506e-061 2.30709761e-070 4.69295751e-096
  1.00000000e+000]
 [6.74268059e-090 7.46489669e-087 2.74164685e-098 1.50733467e-163
  2.13731112e-108 1.11095596e-073 2.85997247e-093 1.10311022e-065
  1.65003046e-058 5.12992348e-067 7.78023189e-105 1.00000000e+000
  1.87660810e-091 3.42293150e-097 2.65642542e-067 1.21677655e-087
  1.52045239e-082 6.13377969e-136 5.29090749e-105 6.33363196e-119
  1.00000000e+000]
 [1.94259160e-058 1.31712209e-086 3.16366363e-068 7.41231292e-079
  1.54495462e-088 5.15634773e-119 2.77832306e-066 7.74932802e-097
  8.51876567e-043 2.17670853e-037 5.41522787e-107 1.87660810e-091
  1.00000000e+000 2.37658560e-071 8.41193508e-061 9.62115062e-048
  1.26976925e-056 2.01987773e-069 1.52688135e-103 7.55442129e-047
  1.00000000e+000]
 [9.43051213e-036 5.51631658e-084 2.49481129e-100 6.06349407e-056
  3.53480218e-067 3.77403883e-087 8.63835389e-059 2.59003776e-099
  2.01928851e-072 1.37367462e-078 9.55121318e-102 3.42293150e-097
  2.37658560e-071 1.00000000e+000 1.97023760e-099 1.63163248e-054
  6.20424605e-083 2.72227114e-063 4.73142273e-141 2.33514337e-082
  1.00000000e+000]
 [1.04794379e-099 4.72272648e-029 1.24506230e-041 6.12132687e-071
  5.06085149e-163 9.61940341e-084 3.15657152e-071 4.46316160e-083
  1.44913206e-065 4.04193946e-044 2.15549488e-050 2.65642542e-067
  8.41193508e-061 1.97023760e-099 1.00000000e+000 6.03497909e-085
  1.92730351e-033 6.53690993e-072 4.49238690e-033 3.84883456e-046
  1.00000000e+000]
 [3.21937356e-037 1.11867547e-098 1.14313880e-086 2.13286961e-085
  4.54216457e-072 6.21250054e-076 4.50748557e-044 1.24504143e-086
  2.65323923e-049 4.14718950e-094 4.10219863e-132 1.21677655e-087
  9.62115062e-048 1.63163248e-054 6.03497909e-085 1.00000000e+000
  1.50063677e-086 4.47641558e-116 2.07779349e-134 8.18484782e-076
  1.00000000e+000]
 [3.28673192e-049 1.21405109e-016 4.25241955e-033 4.61536208e-059
  4.06168601e-107 4.20439396e-074 5.91431442e-037 1.12758333e-087
  6.45723957e-063 9.30502763e-037 4.12448775e-060 1.52045239e-082
  1.26976925e-056 6.20424605e-083 1.92730351e-033 1.50063677e-086
  1.00000000e+000 7.24651355e-059 2.54912783e-030 1.82140246e-041
  1.00000000e+000]
 [8.37052480e-082 1.50545911e-059 5.08555130e-061 5.41669449e-066
  3.05601258e-093 5.83875466e-146 1.64561266e-066 3.63584590e-142
  1.12564717e-085 3.49190720e-035 7.98180506e-061 6.13377969e-136
  2.01987773e-069 2.72227114e-063 6.53690993e-072 4.47641558e-116
  7.24651355e-059 1.00000000e+000 2.78509290e-123 1.57634121e-049
  1.00000000e+000]
 [3.59807387e-111 7.95976323e-024 4.64238890e-091 2.48437482e-073
  5.15824746e-202 2.94747380e-066 3.36444226e-096 2.37308541e-108
  1.37004485e-096 1.02819803e-082 2.30709761e-070 5.29090749e-105
  1.52688135e-103 4.73142273e-141 4.49238690e-033 2.07779349e-134
  2.54912783e-030 2.78509290e-123 1.00000000e+000 3.37661926e-072
  1.00000000e+000]
 [1.63101680e-065 1.67495976e-035 7.63885963e-040 2.78354424e-032
  6.83927142e-133 1.44054520e-105 4.41499854e-049 5.06466894e-158
  2.69859284e-049 8.85873610e-045 4.69295751e-096 6.33363196e-119
  7.55442129e-047 2.33514337e-082 3.84883456e-046 8.18484782e-076
  1.82140246e-041 1.57634121e-049 3.37661926e-072 1.00000000e+000
  1.00000000e+000]
 [1.00000000e+000 1.00000000e+000 1.00000000e+000 1.00000000e+000
  1.00000000e+000 1.00000000e+000 1.00000000e+000 1.00000000e+000
  1.00000000e+000 1.00000000e+000 1.00000000e+000 1.00000000e+000
  1.00000000e+000 1.00000000e+000 1.00000000e+000 1.00000000e+000
  1.00000000e+000 1.00000000e+000 1.00000000e+000 1.00000000e+000
  0.00000000e+000]]
