[[1.00000000e+000 8.71241234e-055 1.00760337e-079 5.86339403e-033
  4.14742758e-063 8.28028347e-051 5.77875020e-021 8.93488392e-039
  2.62824839e-023 6.82747435e-005 2.86961852e-049 2.31610724e-025
  7.95902362e-041 8.25257410e-059 3.28345912e-041 4.46137546e-065
  5.38473211e-040 3.35939231e-055 1.53412326e-022 2.13792379e-067
  1.00000000e+000]
 [8.71241234e-055 1.00000000e+000 6.85741231e-044 1.98175796e-060
  7.63718127e-023 9.17509413e-015 1.40795367e-041 2.41708795e-036
  8.86380479e-058 1.03535959e-067 1.84284345e-058 3.34330332e-072
  4.82984103e-015 3.25618824e-068 3.45643896e-046 2.04070078e-015
  6.90037638e-026 2.26608811e-037 2.99671867e-063 3.49954287e-017
  1.00000000e+000]
 [1.00760337e-079 6.85741231e-044 1.00000000e+000 1.60883670e-041
  2.93924998e-009 7.38405730e-043 1.43668905e-037 8.27131117e-061
  2.18112781e-064 1.29621266e-106 7.43267973e-026 2.60469618e-045
  1.38355009e-076 5.27482811e-069 3.26272661e-094 1.24167992e-064
  4.82323772e-054 6.63977824e-031 2.03885615e-054 7.36186368e-054
  1.00000000e+000]
 [5.86339403e-033 1.98175796e-060 1.60883670e-041 1.00000000e+000
  1.64078511e-044 3.48247104e-076 4.67945540e-034 1.17012649e-078
  7.68177967e-058 6.48047225e-052 7.20561178e-033 3.28255170e-022
  8.12060798e-074 1.36997907e-057 2.97664096e-082 2.71016271e-090
  3.38507333e-058 2.09415517e-065 2.69575500e-008 1.96580930e-089
  1.00000000e+000]
 [4.14742758e-063 7.63718127e-023 2.93924998e-009 1.64078511e-044
  1.00000000e+000 1.81343679e-028 1.48355301e-032 3.95048497e-047
  5.97172867e-064 6.14764066e-080 2.32282274e-030 3.53496648e-049
  6.76769583e-049 8.21276256e-043 8.37275234e-059 3.51816390e-047
  1.07663510e-033 3.20748093e-017 4.13138257e-052 8.07553223e-023
  1.00000000e+000]
 [8.28028347e-051 9.17509413e-015 7.38405730e-043 3.48247104e-076
  1.81343679e-028 1.00000000e+000 1.25442360e-034 2.15084813e-013
  1.52580172e-030 9.53058005e-065 3.68215245e-061 1.99478305e-066
  1.02194621e-018 4.38626704e-080 4.80448378e-053 7.07591554e-007
  1.11205639e-029 4.33367322e-021 7.01900358e-069 1.33235235e-018
  1.00000000e+000]
 [5.77875020e-021 1.40795367e-041 1.43668905e-037 4.67945540e-034
  1.48355301e-032 1.25442360e-034 1.00000000e+000 5.91721391e-023
  1.89958182e-017 3.22779839e-033 1.75877495e-011 8.91155588e-022
  4.95807204e-041 1.63673212e-076 3.19522905e-061 7.88471608e-059
  1.05276623e-044 1.73615346e-044 2.00496479e-033 7.84243894e-056
  1.00000000e+000]
 [8.93488392e-039 2.41708795e-036 8.27131117e-061 1.17012649e-078
  3.95048497e-047 2.15084813e-013 5.91721391e-023 1.00000000e+000
  1.46265970e-019 5.77808013e-046 2.07081037e-057 2.06482596e-068
  2.14962792e-018 1.48643640e-103 5.83745452e-076 1.64765916e-025
  1.54143062e-058 8.64613072e-036 1.12847174e-059 5.53109157e-036
  1.00000000e+000]
 [2.62824839e-023 8.86380479e-058 2.18112781e-064 7.68177967e-058
  5.97172867e-064 1.52580172e-030 1.89958182e-017 1.46265970e-019
  1.00000000e+000 3.65364731e-039 6.53518603e-045 2.99604873e-031
  1.09572160e-047 1.17981473e-105 7.49086158e-071 6.71885713e-047
  1.24897591e-049 1.25943897e-052 5.55788264e-049 1.07209061e-075
  1.00000000e+000]
 [6.82747435e-005 1.03535959e-067 1.29621266e-106 6.48047225e-052
  6.14764066e-080 9.53058005e-065 3.22779839e-033 5.77808013e-046
  3.65364731e-039 1.00000000e+000 3.39727196e-069 3.39756181e-045
  1.25493193e-043 4.43288193e-063 7.84317838e-044 1.70503207e-079
  7.11074552e-054 2.15018326e-066 2.14958047e-034 8.96218737e-071
  1.00000000e+000]
 [2.86961852e-049 1.84284345e-058 7.43267973e-026 7.20561178e-033
  2.32282274e-030 3.68215245e-061 1.75877495e-011 2.07081037e-057
  6.53518603e-045 3.39727196e-069 1.00000000e+000 4.32107625e-022
  4.95965485e-078 6.09331016e-084 2.33873705e-083 3.68146552e-093
  1.52222230e-058 5.65946821e-062 1.94893316e-047 8.83238890e-080
  1.00000000e+000]
 [2.31610724e-025 3.34330332e-072 2.60469618e-045 3.28255170e-022
  3.53496648e-049 1.99478305e-066 8.91155588e-022 2.06482596e-068
  2.99604873e-031 3.39756181e-045 4.32107625e-022 1.00000000e+000
  1.73462269e-088 1.20543026e-057 3.80219794e-056 1.69482798e-093
  3.03107430e-038 1.41741108e-056 1.11360489e-032 4.27058771e-093
  1.00000000e+000]
 [7.95902362e-041 4.82984103e-015 1.38355009e-076 8.12060798e-074
  6.76769583e-049 1.02194621e-018 4.95807204e-041 2.14962792e-018
  1.09572160e-047 1.25493193e-043 4.95965485e-078 1.73462269e-088
  1.00000000e+000 5.94939588e-090 1.56483831e-060 1.21572693e-016
  9.53969248e-050 4.98552989e-048 5.98052866e-058 6.67424952e-024
  1.00000000e+000]
 [8.25257410e-059 3.25618824e-068 5.27482811e-069 1.36997907e-057
  8.21276256e-043 4.38626704e-080 1.63673212e-076 1.48643640e-103
  1.17981473e-105 4.43288193e-063 6.09331016e-084 1.20543026e-057
  5.94939588e-090 1.00000000e+000 2.47369224e-032 4.07503017e-099
  4.00380015e-035 2.67687139e-035 2.04989242e-059 2.45731142e-050
  1.00000000e+000]
 [3.28345912e-041 3.45643896e-046 3.26272661e-094 2.97664096e-082
  8.37275234e-059 4.80448378e-053 3.19522905e-061 5.83745452e-076
  7.49086158e-071 7.84317838e-044 2.33873705e-083 3.80219794e-056
  1.56483831e-060 2.47369224e-032 1.00000000e+000 5.99954389e-067
  2.70536018e-010 6.82029306e-050 1.01297566e-085 1.26842313e-044
  1.00000000e+000]
 [4.46137546e-065 2.04070078e-015 1.24167992e-064 2.71016271e-090
  3.51816390e-047 7.07591554e-007 7.88471608e-059 1.64765916e-025
  6.71885713e-047 1.70503207e-079 3.68146552e-093 1.69482798e-093
  1.21572693e-016 4.07503017e-099 5.99954389e-067 1.00000000e+000
  9.30131418e-041 1.22023899e-037 3.61974415e-080 1.47486038e-026
  1.00000000e+000]
 [5.38473211e-040 6.90037638e-026 4.82323772e-054 3.38507333e-058
  1.07663510e-033 1.11205639e-029 1.05276623e-044 1.54143062e-058
  1.24897591e-049 7.11074552e-054 1.52222230e-058 3.03107430e-038
  9.53969248e-050 4.00380015e-035 2.70536018e-010 9.30131418e-041
  1.00000000e+000 2.57147339e-032 2.54702246e-067 9.21095126e-036
  1.00000000e+000]
 [3.35939231e-055 2.26608811e-037 6.63977824e-031 2.09415517e-065
  3.20748093e-017 4.33367322e-021 1.73615346e-044 8.64613072e-036
  1.25943897e-052 2.15018326e-066 5.65946821e-062 1.41741108e-056
  4.98552989e-048 2.67687139e-035 6.82029306e-050 1.22023899e-037
  2.57147339e-032 1.00000000e+000 7.64085419e-057 7.07825412e-018
  1.00000000e+000]
 [1.53412326e-022 2.99671867e-063 2.03885615e-054 2.69575500e-008
  4.13138257e-052 7.01900358e-069 2.00496479e-033 1.12847174e-059
  5.55788264e-049 2.14958047e-034 1.94893316e-047 1.11360489e-032
  5.98052866e-058 2.04989242e-059 1.01297566e-085 3.61974415e-080
  2.54702246e-067 7.64085419e-057 1.00000000e+000 3.56840104e-080
  1.00000000e+000]
 [2.13792379e-067 3.49954287e-017 7.36186368e-054 1.96580930e-089
  8.07553223e-023 1.33235235e-018 7.84243894e-056 5.53109157e-036
  1.07209061e-075 8.96218737e-071 8.83238890e-080 4.27058771e-093
  6.67424952e-024 2.45731142e-050 1.26842313e-044 1.47486038e-026
  9.21095126e-036 7.07825412e-018 3.56840104e-080 1.00000000e+000
  1.00000000e+000]
 [1.00000000e+000 1.00000000e+000 1.00000000e+000 1.00000000e+000
  1.00000000e+000 1.00000000e+000 1.00000000e+000 1.00000000e+000
  1.00000000e+000 1.00000000e+000 1.00000000e+000 1.00000000e+000
  1.00000000e+000 1.00000000e+000 1.00000000e+000 1.00000000e+000
  1.00000000e+000 1.00000000e+000 1.00000000e+000 1.00000000e+000
  0.00000000e+000]]
