[[1.00000000e+000 1.83481062e-037 2.94847767e-043 7.75369048e-011
  3.67018580e-050 1.29523858e-028 1.16317231e-025 2.60634834e-015
  6.46791600e-021 3.56119605e-032 3.01656754e-047 1.87198072e-035
  1.29764365e-042 3.50105442e-064 7.75008607e-038 4.38307714e-076
  1.68301052e-024 5.93190110e-042 4.13876896e-019 1.12567230e-053
  1.00000000e+000]
 [1.83481062e-037 1.00000000e+000 1.72805603e-030 8.16620408e-029
  4.63099330e-009 4.17518846e-040 4.27221517e-030 1.19190682e-056
  9.53787673e-040 5.29881247e-054 7.68559971e-041 1.24826481e-061
  7.58994063e-019 2.28688798e-039 3.92262448e-018 7.78500382e-031
  1.13255765e-032 1.39287905e-025 2.43929596e-051 1.28782796e-012
  1.00000000e+000]
 [2.94847767e-043 1.72805603e-030 1.00000000e+000 1.62740448e-022
  2.00979624e-032 3.99984534e-035 6.94624913e-060 9.97036680e-037
  1.21226942e-036 1.22600025e-027 4.13106239e-041 8.11951658e-029
  5.25635420e-006 4.69276707e-048 7.14025165e-047 3.75725189e-052
  6.02157068e-049 3.53296951e-056 8.69336443e-051 1.13105777e-049
  1.00000000e+000]
 [7.75369048e-011 8.16620408e-029 1.62740448e-022 1.00000000e+000
  1.48662487e-029 9.84318979e-028 2.91085310e-039 2.21847671e-020
  4.41741351e-032 3.40480011e-009 1.04768417e-051 8.68874969e-021
  4.59908219e-022 1.01175929e-049 3.98908957e-019 3.58697364e-044
  1.14032275e-014 2.88723495e-031 5.67066699e-023 1.11045868e-034
  1.00000000e+000]
 [3.67018580e-050 4.63099330e-009 2.00979624e-032 1.48662487e-029
  1.00000000e+000 2.26253059e-048 3.76377372e-043 5.59620986e-075
  8.30395087e-058 5.08862141e-047 1.40507520e-075 1.09157259e-057
  7.40229990e-023 2.02023572e-055 2.53317800e-016 1.01808394e-020
  2.90152899e-037 4.29175679e-031 1.86620047e-054 2.02248504e-018
  1.00000000e+000]
 [1.29523858e-028 4.17518846e-040 3.99984534e-035 9.84318979e-028
  2.26253059e-048 1.00000000e+000 1.05992103e-036 1.10141897e-055
  1.04000205e-049 8.57085086e-034 3.85590330e-072 3.02173322e-021
  2.16074190e-023 5.62368617e-038 6.20351814e-049 9.25911569e-085
  3.28391310e-026 1.08023392e-087 6.23061286e-039 1.39942113e-066
  1.00000000e+000]
 [1.16317231e-025 4.27221517e-030 6.94624913e-060 2.91085310e-039
  3.76377372e-043 1.05992103e-036 1.00000000e+000 3.72292431e-049
  2.34806078e-019 3.48359112e-074 3.77930408e-060 4.28791165e-081
  4.80872015e-050 1.67598532e-048 7.94444841e-055 5.48839997e-061
  5.28463637e-039 1.62034616e-045 9.89750497e-066 9.50730647e-052
  1.00000000e+000]
 [2.60634834e-015 1.19190682e-056 9.97036680e-037 2.21847671e-020
  5.59620986e-075 1.10141897e-055 3.72292431e-049 1.00000000e+000
  1.69326062e-015 9.86062495e-040 7.80512860e-028 6.28156638e-052
  2.34944233e-047 8.21467006e-072 4.90651585e-063 1.16639547e-084
  4.81329049e-048 1.66255022e-044 3.10769936e-045 2.56095925e-068
  1.00000000e+000]
 [6.46791600e-021 9.53787673e-040 1.21226942e-036 4.41741351e-032
  8.30395087e-058 1.04000205e-049 2.34806078e-019 1.69326062e-015
  1.00000000e+000 1.71871384e-064 3.43488679e-028 4.20798033e-071
  1.53294393e-043 7.24589158e-063 6.45126842e-070 3.05524740e-073
  8.10890701e-057 3.10586804e-042 1.52291012e-058 3.24252089e-064
  1.00000000e+000]
 [3.56119605e-032 5.29881247e-054 1.22600025e-027 3.40480011e-009
  5.08862141e-047 8.57085086e-034 3.48359112e-074 9.86062495e-040
  1.71871384e-064 1.00000000e+000 4.39255985e-081 6.43599330e-013
  4.43682690e-027 1.55396103e-057 3.40884641e-030 1.39013648e-057
  3.77971218e-021 3.85290720e-060 6.27327147e-037 2.79497208e-054
  1.00000000e+000]
 [3.01656754e-047 7.68559971e-041 4.13106239e-041 1.04768417e-051
  1.40507520e-075 3.85590330e-072 3.77930408e-060 7.80512860e-028
  3.43488679e-028 4.39255985e-081 1.00000000e+000 1.13209070e-090
  1.98130971e-042 3.22697019e-055 4.63518797e-072 2.25951852e-086
  8.90495370e-070 2.06627777e-049 1.54299821e-082 6.89886873e-054
  1.00000000e+000]
 [1.87198072e-035 1.24826481e-061 8.11951658e-029 8.68874969e-021
  1.09157259e-057 3.02173322e-021 4.28791165e-081 6.28156638e-052
  4.20798033e-071 6.43599330e-013 1.13209070e-090 1.00000000e+000
  6.49603786e-030 6.33528637e-078 9.77485090e-051 1.34683418e-097
  2.72624171e-040 2.04165511e-096 5.46221873e-022 1.72012338e-083
  1.00000000e+000]
 [1.29764365e-042 7.58994063e-019 5.25635420e-006 4.59908219e-022
  7.40229990e-023 2.16074190e-023 4.80872015e-050 2.34944233e-047
  1.53294393e-043 4.43682690e-027 1.98130971e-042 6.49603786e-030
  1.00000000e+000 6.19722180e-027 5.33891368e-032 7.58836436e-041
  3.35508507e-032 4.40301654e-052 1.81366809e-053 4.20473558e-033
  1.00000000e+000]
 [3.50105442e-064 2.28688798e-039 4.69276707e-048 1.01175929e-049
  2.02023572e-055 5.62368617e-038 1.67598532e-048 8.21467006e-072
  7.24589158e-063 1.55396103e-057 3.22697019e-055 6.33528637e-078
  6.19722180e-027 1.00000000e+000 5.63574149e-049 5.20365637e-046
  1.42475063e-027 5.18696316e-064 6.99978348e-111 1.05447116e-036
  1.00000000e+000]
 [7.75008607e-038 3.92262448e-018 7.14025165e-047 3.98908957e-019
  2.53317800e-016 6.20351814e-049 7.94444841e-055 4.90651585e-063
  6.45126842e-070 3.40884641e-030 4.63518797e-072 9.77485090e-051
  5.33891368e-032 5.63574149e-049 1.00000000e+000 2.16317596e-026
  1.88952091e-014 3.15279725e-024 1.13917778e-045 5.52901128e-010
  1.00000000e+000]
 [4.38307714e-076 7.78500382e-031 3.75725189e-052 3.58697364e-044
  1.01808394e-020 9.25911569e-085 5.48839997e-061 1.16639547e-084
  3.05524740e-073 1.39013648e-057 2.25951852e-086 1.34683418e-097
  7.58836436e-041 5.20365637e-046 2.16317596e-026 1.00000000e+000
  3.14946339e-041 1.54315588e-021 6.60777746e-109 3.61703417e-015
  1.00000000e+000]
 [1.68301052e-024 1.13255765e-032 6.02157068e-049 1.14032275e-014
  2.90152899e-037 3.28391310e-026 5.28463637e-039 4.81329049e-048
  8.10890701e-057 3.77971218e-021 8.90495370e-070 2.72624171e-040
  3.35508507e-032 1.42475063e-027 1.88952091e-014 3.14946339e-041
  1.00000000e+000 4.67723432e-040 2.25878891e-049 1.00172555e-026
  1.00000000e+000]
 [5.93190110e-042 1.39287905e-025 3.53296951e-056 2.88723495e-031
  4.29175679e-031 1.08023392e-087 1.62034616e-045 1.66255022e-044
  3.10586804e-042 3.85290720e-060 2.06627777e-049 2.04165511e-096
  4.40301654e-052 5.18696316e-064 3.15279725e-024 1.54315588e-021
  4.67723432e-040 1.00000000e+000 2.46933827e-075 1.50354323e-014
  1.00000000e+000]
 [4.13876896e-019 2.43929596e-051 8.69336443e-051 5.67066699e-023
  1.86620047e-054 6.23061286e-039 9.89750497e-066 3.10769936e-045
  1.52291012e-058 6.27327147e-037 1.54299821e-082 5.46221873e-022
  1.81366809e-053 6.99978348e-111 1.13917778e-045 6.60777746e-109
  2.25878891e-049 2.46933827e-075 1.00000000e+000 2.50389142e-078
  1.00000000e+000]
 [1.12567230e-053 1.28782796e-012 1.13105777e-049 1.11045868e-034
  2.02248504e-018 1.39942113e-066 9.50730647e-052 2.56095925e-068
  3.24252089e-064 2.79497208e-054 6.89886873e-054 1.72012338e-083
  4.20473558e-033 1.05447116e-036 5.52901128e-010 3.61703417e-015
  1.00172555e-026 1.50354323e-014 2.50389142e-078 1.00000000e+000
  1.00000000e+000]
 [1.00000000e+000 1.00000000e+000 1.00000000e+000 1.00000000e+000
  1.00000000e+000 1.00000000e+000 1.00000000e+000 1.00000000e+000
  1.00000000e+000 1.00000000e+000 1.00000000e+000 1.00000000e+000
  1.00000000e+000 1.00000000e+000 1.00000000e+000 1.00000000e+000
  1.00000000e+000 1.00000000e+000 1.00000000e+000 1.00000000e+000
  0.00000000e+000]]
