[[1.00000000e+000 1.65956834e-027 2.03727805e-021 1.14861783e-013
  4.56785978e-020 7.25535248e-040 5.99465331e-045 5.68134046e-036
  2.29045707e-020 1.13929255e-056 3.13546471e-016 1.93803690e-022
  5.01253479e-067 1.12900911e-052 1.99479149e-051 8.38363537e-035
  4.29043790e-031 1.58982186e-039 1.86326309e-049 2.33063820e-056
  1.00000000e+000]
 [1.65956834e-027 1.00000000e+000 6.07351818e-008 2.41628639e-032
  2.73136104e-027 1.59418713e-064 5.91357124e-022 1.93825429e-038
  7.19803728e-057 5.59692212e-053 8.98505157e-054 3.98912948e-016
  1.09788574e-069 7.28492464e-021 6.87095360e-028 1.45480391e-053
  3.18000428e-024 1.37088691e-053 1.45269002e-055 2.50625779e-062
  1.00000000e+000]
 [2.03727805e-021 6.07351818e-008 1.00000000e+000 7.40578432e-031
  6.44675550e-032 2.63619807e-045 5.15914827e-021 7.10444140e-043
  3.22639542e-042 6.98655106e-051 4.38236653e-032 1.72270873e-026
  3.00070485e-044 4.57855784e-014 2.35425855e-038 1.93818324e-056
  6.67267186e-030 2.40699599e-033 6.52490714e-036 2.19125887e-065
  1.00000000e+000]
 [1.14861783e-013 2.41628639e-032 7.40578432e-031 1.00000000e+000
  5.91741672e-029 9.10778499e-067 3.02566512e-045 3.71194876e-022
  1.05340993e-010 9.89324388e-028 1.17850177e-022 4.61917789e-026
  1.61839648e-061 3.31447032e-046 2.87110433e-027 3.54757585e-013
  6.26601979e-016 2.00956952e-043 5.16784516e-044 2.68163478e-033
  1.00000000e+000]
 [4.56785978e-020 2.73136104e-027 6.44675550e-032 5.91741672e-029
  1.00000000e+000 4.21930777e-028 2.30346447e-021 5.12910581e-018
  9.74527469e-039 4.06976409e-038 1.61196673e-039 1.85537133e-028
  7.08915053e-083 1.67213651e-060 5.94867167e-055 1.64842534e-043
  1.78790238e-052 5.06902446e-051 4.71548333e-047 2.56458320e-028
  1.00000000e+000]
 [7.25535248e-040 1.59418713e-064 2.63619807e-045 9.10778499e-067
  4.21930777e-028 1.00000000e+000 9.23746238e-034 6.88645740e-055
  2.36222718e-059 5.43712547e-073 2.28095495e-037 2.54769976e-086
  1.36179318e-082 8.09708481e-086 4.14792791e-118 4.86091243e-103
  7.96125821e-105 4.36903154e-055 2.42620865e-054 7.19823029e-072
  1.00000000e+000]
 [5.99465331e-045 5.91357124e-022 5.15914827e-021 3.02566512e-045
  2.30346447e-021 9.23746238e-034 1.00000000e+000 3.95042860e-034
  8.20765925e-058 5.42133431e-035 3.12493140e-048 3.16063701e-051
  4.36282972e-055 1.03764367e-038 4.20726720e-045 3.05674771e-071
  7.45539549e-062 1.29351014e-060 1.13086629e-041 1.43367240e-040
  1.00000000e+000]
 [5.68134046e-036 1.93825429e-038 7.10444140e-043 3.71194876e-022
  5.12910581e-018 6.88645740e-055 3.95042860e-034 1.00000000e+000
  3.47657452e-033 3.56174595e-013 1.98138303e-054 1.55355543e-040
  1.89323923e-095 2.00877957e-048 8.91951083e-054 8.41326928e-031
  4.20564470e-033 1.02021172e-036 7.98916233e-042 4.87185156e-019
  1.00000000e+000]
 [2.29045707e-020 7.19803728e-057 3.22639542e-042 1.05340993e-010
  9.74527469e-039 2.36222718e-059 8.20765925e-058 3.47657452e-033
  1.00000000e+000 6.44612400e-029 4.82100318e-011 3.28654094e-042
  4.75748124e-043 1.20931825e-055 1.22846737e-047 3.45961142e-015
  3.96878518e-040 1.32297096e-030 5.41097281e-025 5.27939639e-031
  1.00000000e+000]
 [1.13929255e-056 5.59692212e-053 6.98655106e-051 9.89324388e-028
  4.06976409e-038 5.43712547e-073 5.42133431e-035 3.56174595e-013
  6.44612400e-029 1.00000000e+000 3.72798195e-052 2.08984190e-056
  1.86030266e-062 7.21733399e-044 1.85976617e-041 7.05559810e-028
  9.21905832e-046 2.47324288e-041 1.87766879e-025 1.36560238e-009
  1.00000000e+000]
 [3.13546471e-016 8.98505157e-054 4.38236653e-032 1.17850177e-022
  1.61196673e-039 2.28095495e-037 3.12493140e-048 1.98138303e-054
  4.82100318e-011 3.72798195e-052 1.00000000e+000 9.96166941e-052
  3.68908934e-030 1.25831824e-060 6.46838100e-059 3.76807633e-042
  1.41090097e-058 2.17377610e-040 5.78928716e-031 2.26652904e-053
  1.00000000e+000]
 [1.93803690e-022 3.98912948e-016 1.72270873e-026 4.61917789e-026
  1.85537133e-028 2.54769976e-086 3.16063701e-051 1.55355543e-040
  3.28654094e-042 2.08984190e-056 9.96166941e-052 1.00000000e+000
  1.14646828e-076 2.47862795e-038 3.11358468e-027 1.23574083e-025
  1.27163758e-024 2.91941943e-052 2.90029981e-054 9.27352591e-052
  1.00000000e+000]
 [5.01253479e-067 1.09788574e-069 3.00070485e-044 1.61839648e-061
  7.08915053e-083 1.36179318e-082 4.36282972e-055 1.89323923e-095
  4.75748124e-043 1.86030266e-062 3.68908934e-030 1.14646828e-076
  1.00000000e+000 8.91000486e-050 6.78206892e-053 7.19797704e-069
  2.67243705e-091 3.81457058e-062 4.72569115e-025 1.18720329e-069
  1.00000000e+000]
 [1.12900911e-052 7.28492464e-021 4.57855784e-014 3.31447032e-046
  1.67213651e-060 8.09708481e-086 1.03764367e-038 2.00877957e-048
  1.20931825e-055 7.21733399e-044 1.25831824e-060 2.47862795e-038
  8.91000486e-050 1.00000000e+000 4.12871355e-040 1.91921024e-058
  1.05696583e-029 1.04315288e-028 2.12303551e-031 2.20087076e-069
  1.00000000e+000]
 [1.99479149e-051 6.87095360e-028 2.35425855e-038 2.87110433e-027
  5.94867167e-055 4.14792791e-118 4.20726720e-045 8.91951083e-054
  1.22846737e-047 1.85976617e-041 6.46838100e-059 3.11358468e-027
  6.78206892e-053 4.12871355e-040 1.00000000e+000 2.63230951e-029
  8.40001398e-031 2.75467457e-084 1.36248932e-059 1.75660485e-045
  1.00000000e+000]
 [8.38363537e-035 1.45480391e-053 1.93818324e-056 3.54757585e-013
  1.64842534e-043 4.86091243e-103 3.05674771e-071 8.41326928e-031
  3.45961142e-015 7.05559810e-028 3.76807633e-042 1.23574083e-025
  7.19797704e-069 1.91921024e-058 2.63230951e-029 1.00000000e+000
  7.49755584e-030 7.54950733e-050 7.18385516e-042 3.25033758e-024
  1.00000000e+000]
 [4.29043790e-031 3.18000428e-024 6.67267186e-030 6.26601979e-016
  1.78790238e-052 7.96125821e-105 7.45539549e-062 4.20564470e-033
  3.96878518e-040 9.21905832e-046 1.41090097e-058 1.27163758e-024
  2.67243705e-091 1.05696583e-029 8.40001398e-031 7.49755584e-030
  1.00000000e+000 5.22469430e-048 7.66631938e-066 1.34646398e-065
  1.00000000e+000]
 [1.58982186e-039 1.37088691e-053 2.40699599e-033 2.00956952e-043
  5.06902446e-051 4.36903154e-055 1.29351014e-060 1.02021172e-036
  1.32297096e-030 2.47324288e-041 2.17377610e-040 2.91941943e-052
  3.81457058e-062 1.04315288e-028 2.75467457e-084 7.54950733e-050
  5.22469430e-048 1.00000000e+000 1.19100371e-016 1.64341527e-058
  1.00000000e+000]
 [1.86326309e-049 1.45269002e-055 6.52490714e-036 5.16784516e-044
  4.71548333e-047 2.42620865e-054 1.13086629e-041 7.98916233e-042
  5.41097281e-025 1.87766879e-025 5.78928716e-031 2.90029981e-054
  4.72569115e-025 2.12303551e-031 1.36248932e-059 7.18385516e-042
  7.66631938e-066 1.19100371e-016 1.00000000e+000 1.84570335e-032
  1.00000000e+000]
 [2.33063820e-056 2.50625779e-062 2.19125887e-065 2.68163478e-033
  2.56458320e-028 7.19823029e-072 1.43367240e-040 4.87185156e-019
  5.27939639e-031 1.36560238e-009 2.26652904e-053 9.27352591e-052
  1.18720329e-069 2.20087076e-069 1.75660485e-045 3.25033758e-024
  1.34646398e-065 1.64341527e-058 1.84570335e-032 1.00000000e+000
  1.00000000e+000]
 [1.00000000e+000 1.00000000e+000 1.00000000e+000 1.00000000e+000
  1.00000000e+000 1.00000000e+000 1.00000000e+000 1.00000000e+000
  1.00000000e+000 1.00000000e+000 1.00000000e+000 1.00000000e+000
  1.00000000e+000 1.00000000e+000 1.00000000e+000 1.00000000e+000
  1.00000000e+000 1.00000000e+000 1.00000000e+000 1.00000000e+000
  0.00000000e+000]]
