[[1.         0.18276801 0.0555108  ... 0.05188674 0.16138284 0.07075557]
 [0.18276801 1.         0.01182466 ... 0.53193051 0.06763634 0.14417087]
 [0.0555108  0.01182466 1.         ... 0.03566522 0.02537421 0.00222426]
 ...
 [0.05188674 0.53193051 0.03566522 ... 1.         0.03606786 0.04670349]
 [0.16138284 0.06763634 0.02537421 ... 0.03606786 1.         0.12185886]
 [0.07075557 0.14417087 0.00222426 ... 0.04670349 0.12185886 1.        ]]
