[[1.00000000e+00 1.82115932e-23 3.38908222e-49 2.06117237e-12
  1.33252400e-61 3.75401934e-49 3.09891198e-42 3.55186374e-78
  2.85892013e-40 9.74977166e-74 1.62354342e-82 1.85962304e-38
  4.86259716e-21 1.37833187e-40 2.06398156e-52 3.15954213e-41
  1.16512306e-38 9.62685132e-38 1.96600381e-31 2.16384593e-35
  1.00000000e+00]
 [1.82115932e-23 1.00000000e+00 5.61631207e-47 4.49771015e-09
  1.21636107e-46 1.14967475e-51 1.79261412e-63 6.06824448e-54
  1.22326887e-35 2.97379951e-54 1.85926263e-49 1.40257941e-41
  2.88511676e-21 2.45530316e-42 6.03563919e-34 1.72939719e-39
  1.70843711e-13 3.93107081e-46 6.82138181e-13 1.49792968e-49
  1.00000000e+00]
 [3.38908222e-49 5.61631207e-47 1.00000000e+00 1.12611223e-55
  2.08123544e-32 1.01628004e-79 4.40534281e-99 4.52087639e-38
  2.19102046e-38 7.56368164e-46 3.95273139e-58 1.02947666e-62
  1.37635903e-28 2.52432876e-51 9.53595177e-36 1.09589114e-72
  6.81267782e-70 4.66405400e-88 2.05505576e-46 4.26873570e-44
  1.00000000e+00]
 [2.06117237e-12 4.49771015e-09 1.12611223e-55 1.00000000e+00
  3.86735733e-43 2.53781920e-42 1.94182866e-35 3.53632425e-53
  6.90013042e-33 2.95704296e-65 1.55200870e-60 2.87447855e-28
  3.08179882e-16 1.57126715e-23 1.56033434e-27 4.48002368e-29
  1.74715111e-23 2.22788060e-31 2.80729251e-25 2.34674591e-38
  1.00000000e+00]
 [1.33252400e-61 1.21636107e-46 2.08123544e-32 3.86735733e-43
  1.00000000e+00 9.89842137e-56 4.75470882e-63 9.81956288e-21
  2.08672517e-30 5.74448247e-55 3.44213786e-48 3.75870909e-57
  1.63247318e-14 2.42907772e-22 1.49504206e-18 1.36858797e-27
  3.72072494e-61 7.86690110e-43 1.14900690e-42 2.81841412e-30
  1.00000000e+00]
 [3.75401934e-49 1.14967475e-51 1.01628004e-79 2.53781920e-42
  9.89842137e-56 1.00000000e+00 2.05458263e-40 3.18010626e-45
  8.05615460e-24 1.57113751e-34 1.53475844e-28 7.96889651e-20
  3.80841301e-49 1.07629697e-29 4.35679464e-55 2.95192488e-19
  3.22472858e-26 3.57836353e-28 2.07186735e-34 4.83993265e-58
  1.00000000e+00]
 [3.09891198e-42 1.79261412e-63 4.40534281e-99 1.94182866e-35
  4.75470882e-63 2.05458263e-40 1.00000000e+00 6.79592737e-81
  9.08533229e-28 1.19266821e-68 2.29171110e-71 1.13815076e-49
  6.34957068e-43 6.43402111e-33 4.82252984e-62 5.68252591e-37
  2.63681882e-71 6.21230135e-23 1.38489911e-60 7.83645277e-26
  1.00000000e+00]
 [3.55186374e-78 6.06824448e-54 4.52087639e-38 3.53632425e-53
  9.81956288e-21 3.18010626e-45 6.79592737e-81 1.00000000e+00
  3.40226679e-32 9.69289106e-37 1.27631446e-25 2.20448471e-29
  3.07291538e-43 3.72254198e-18 2.47568040e-10 1.83571318e-49
  1.34503603e-54 1.10022937e-76 2.83010391e-58 3.09846566e-67
  1.00000000e+00]
 [2.85892013e-40 1.22326887e-35 2.19102046e-38 6.90013042e-33
  2.08672517e-30 8.05615460e-24 9.08533229e-28 3.40226679e-32
  1.00000000e+00 4.83556172e-12 1.21466044e-16 8.12825778e-33
  9.31599680e-26 2.16559449e-25 4.86418501e-33 5.50441277e-31
  4.04687666e-38 1.79291085e-32 4.49207446e-24 2.87988131e-19
  1.00000000e+00]
 [9.74977166e-74 2.97379951e-54 7.56368164e-46 2.95704296e-65
  5.74448247e-55 1.57113751e-34 1.19266821e-68 9.69289106e-37
  4.83556172e-12 1.00000000e+00 3.19145528e-06 1.03351024e-45
  2.42729470e-58 4.40238964e-53 5.42716275e-53 2.87637299e-61
  2.32531230e-45 1.46960878e-70 1.33533972e-35 9.88179576e-54
  1.00000000e+00]
 [1.62354342e-82 1.85926263e-49 3.95273139e-58 1.55200870e-60
  3.44213786e-48 1.53475844e-28 2.29171110e-71 1.27631446e-25
  1.21466044e-16 3.19145528e-06 1.00000000e+00 4.78358642e-39
  2.95080988e-59 1.62632123e-44 5.67776965e-43 3.80735831e-51
  4.40491318e-35 1.43640834e-66 2.50429468e-35 1.76918537e-65
  1.00000000e+00]
 [1.85962304e-38 1.40257941e-41 1.02947666e-62 2.87447855e-28
  3.75870909e-57 7.96889651e-20 1.13815076e-49 2.20448471e-29
  8.12825778e-33 1.03351024e-45 4.78358642e-39 1.00000000e+00
  1.27200084e-48 4.48059629e-15 3.42733265e-27 2.69108576e-42
  2.03662253e-32 3.46028767e-58 6.37848208e-52 4.43391568e-71
  1.00000000e+00]
 [4.86259716e-21 2.88511676e-21 1.37635903e-28 3.08179882e-16
  1.63247318e-14 3.80841301e-49 6.34957068e-43 3.07291538e-43
  9.31599680e-26 2.42729470e-58 2.95080988e-59 1.27200084e-48
  1.00000000e+00 6.84587477e-25 2.41024076e-26 6.87864210e-21
  5.56086175e-41 1.01986501e-24 6.77911617e-22 3.57161954e-15
  1.00000000e+00]
 [1.37833187e-40 2.45530316e-42 2.52432876e-51 1.57126715e-23
  2.42907772e-22 1.07629697e-29 6.43402111e-33 3.72254198e-18
  2.16559449e-25 4.40238964e-53 1.62632123e-44 4.48059629e-15
  6.84587477e-25 1.00000000e+00 1.79989402e-10 6.56956883e-26
  7.02854443e-48 7.31803262e-39 7.05570940e-52 6.24909051e-41
  1.00000000e+00]
 [2.06398156e-52 6.03563919e-34 9.53595177e-36 1.56033434e-27
  1.49504206e-18 4.35679464e-55 4.82252984e-62 2.47568040e-10
  4.86418501e-33 5.42716275e-53 5.67776965e-43 3.42733265e-27
  2.41024076e-26 1.79989402e-10 1.00000000e+00 4.50500426e-46
  1.23561393e-50 1.25962474e-65 6.65470417e-53 3.97613195e-52
  1.00000000e+00]
 [3.15954213e-41 1.72939719e-39 1.09589114e-72 4.48002368e-29
  1.36858797e-27 2.95192488e-19 5.68252591e-37 1.83571318e-49
  5.50441277e-31 2.87637299e-61 3.80735831e-51 2.69108576e-42
  6.87864210e-21 6.56956883e-26 4.50500426e-46 1.00000000e+00
  6.76986739e-31 8.14973971e-07 1.35003050e-25 6.78877620e-36
  1.00000000e+00]
 [1.16512306e-38 1.70843711e-13 6.81267782e-70 1.74715111e-23
  3.72072494e-61 3.22472858e-26 2.63681882e-71 1.34503603e-54
  4.04687666e-38 2.32531230e-45 4.40491318e-35 2.03662253e-32
  5.56086175e-41 7.02854443e-48 1.23561393e-50 6.76986739e-31
  1.00000000e+00 7.78979969e-43 3.95765443e-12 4.60428316e-72
  1.00000000e+00]
 [9.62685132e-38 3.93107081e-46 4.66405400e-88 2.22788060e-31
  7.86690110e-43 3.57836353e-28 6.21230135e-23 1.10022937e-76
  1.79291085e-32 1.46960878e-70 1.43640834e-66 3.46028767e-58
  1.01986501e-24 7.31803262e-39 1.25962474e-65 8.14973971e-07
  7.78979969e-43 1.00000000e+00 2.63561215e-29 5.95523394e-26
  1.00000000e+00]
 [1.96600381e-31 6.82138181e-13 2.05505576e-46 2.80729251e-25
  1.14900690e-42 2.07186735e-34 1.38489911e-60 2.83010391e-58
  4.49207446e-24 1.33533972e-35 2.50429468e-35 6.37848208e-52
  6.77911617e-22 7.05570940e-52 6.65470417e-53 1.35003050e-25
  3.95765443e-12 2.63561215e-29 1.00000000e+00 1.08200086e-37
  1.00000000e+00]
 [2.16384593e-35 1.49792968e-49 4.26873570e-44 2.34674591e-38
  2.81841412e-30 4.83993265e-58 7.83645277e-26 3.09846566e-67
  2.87988131e-19 9.88179576e-54 1.76918537e-65 4.43391568e-71
  3.57161954e-15 6.24909051e-41 3.97613195e-52 6.78877620e-36
  4.60428316e-72 5.95523394e-26 1.08200086e-37 1.00000000e+00
  1.00000000e+00]
 [1.00000000e+00 1.00000000e+00 1.00000000e+00 1.00000000e+00
  1.00000000e+00 1.00000000e+00 1.00000000e+00 1.00000000e+00
  1.00000000e+00 1.00000000e+00 1.00000000e+00 1.00000000e+00
  1.00000000e+00 1.00000000e+00 1.00000000e+00 1.00000000e+00
  1.00000000e+00 1.00000000e+00 1.00000000e+00 1.00000000e+00
  0.00000000e+00]]
