[[1.00000000e+00 2.28162951e-17 3.46026718e-50 7.01523701e-58
  5.94159161e-30 2.47499641e-51 6.53539417e-30 5.00347187e-27
  1.39015918e-18 6.22215132e-22 4.04552569e-20 1.22818061e-06
  1.16725741e-11 1.73344155e-19 1.29341602e-34 5.01680725e-59
  1.99462019e-26 1.02267498e-35 8.50016713e-14 2.04936157e-39
  1.00000000e+00]
 [2.28162951e-17 1.00000000e+00 3.33947473e-51 2.23098721e-45
  3.71273845e-39 1.10706052e-71 7.72528377e-62 1.56979662e-60
  2.51279150e-24 1.38699648e-28 1.56494778e-40 5.80442965e-17
  7.53124287e-30 2.99753354e-37 5.54487198e-60 1.83046634e-64
  5.47743079e-17 4.93931455e-46 2.07420361e-30 1.22375789e-54
  1.00000000e+00]
 [3.46026718e-50 3.33947473e-51 1.00000000e+00 2.78673032e-11
  3.17517546e-74 3.10101034e-49 2.05036212e-47 2.58881451e-48
  1.89733909e-48 1.69312160e-41 1.31508973e-52 2.56233715e-47
  7.32187738e-78 8.38631847e-15 9.84289140e-99 7.70495292e-21
  3.80033837e-17 5.63868396e-69 1.58334598e-40 2.08583376e-24
  1.00000000e+00]
 [7.01523701e-58 2.23098721e-45 2.78673032e-11 1.00000000e+00
  1.50122667e-88 1.38216763e-43 5.21987225e-60 1.45131028e-63
  4.35049595e-47 9.08835213e-30 2.88623186e-50 2.26234152e-51
  5.74465465e-76 1.34018294e-35 3.63693556e-91 1.74066617e-25
  1.31912581e-17 3.94054765e-55 1.49823183e-60 2.61061393e-42
  1.00000000e+00]
 [5.94159161e-30 3.71273845e-39 3.17517546e-74 1.50122667e-88
  1.00000000e+00 3.75035399e-66 4.07232478e-30 4.05138364e-46
  7.50953474e-15 7.83029492e-50 2.10578076e-42 1.62385930e-45
  2.53402103e-37 1.45805830e-47 5.53184661e-46 4.81850035e-94
  3.62372248e-52 2.66838471e-65 1.68542417e-57 6.39490224e-25
  1.00000000e+00]
 [2.47499641e-51 1.10706052e-71 3.10101034e-49 1.38216763e-43
  3.75035399e-66 1.00000000e+00 6.67798655e-28 8.00811294e-18
  6.35967775e-34 1.53424681e-13 3.32696491e-25 4.09250025e-57
  6.69872024e-54 3.09910811e-54 7.96583793e-24 1.65644701e-36
  2.47066632e-42 3.92641065e-20 1.06082278e-65 8.90919038e-43
  1.00000000e+00]
 [6.53539417e-30 7.72528377e-62 2.05036212e-47 5.21987225e-60
  4.07232478e-30 6.67798655e-28 1.00000000e+00 5.01122927e-24
  9.92415965e-15 2.14208129e-30 2.49272946e-34 9.18081597e-51
  4.11997627e-27 1.78527954e-32 2.65765642e-34 4.65390170e-45
  8.72265889e-43 5.25119657e-35 2.08608538e-49 6.07778350e-17
  1.00000000e+00]
 [5.00347187e-27 1.56979662e-60 2.58881451e-48 1.45131028e-63
  4.05138364e-46 8.00811294e-18 5.01122927e-24 1.00000000e+00
  3.21206043e-35 7.99031345e-23 2.13539220e-17 1.03163505e-31
  1.04176321e-43 5.73478861e-29 7.43131633e-25 2.10436090e-47
  8.89619355e-42 4.18245773e-35 1.76178393e-30 1.02672663e-34
  1.00000000e+00]
 [1.39015918e-18 2.51279150e-24 1.89733909e-48 4.35049595e-47
  7.50953474e-15 6.35967775e-34 9.92415965e-15 3.21206043e-35
  1.00000000e+00 1.45442895e-17 1.71357240e-27 1.99952063e-33
  2.92551222e-15 2.01141235e-36 3.04961808e-27 6.93032821e-51
  3.73950034e-25 5.68598001e-25 4.34559873e-45 2.09941025e-22
  1.00000000e+00]
 [6.22215132e-22 1.38699648e-28 1.69312160e-41 9.08835213e-30
  7.83029492e-50 1.53424681e-13 2.14208129e-30 7.99031345e-23
  1.45442895e-17 1.00000000e+00 1.09940786e-13 5.58737322e-24
  4.24491561e-25 9.05981609e-38 3.13148467e-19 8.07665377e-36
  2.82043330e-20 3.05006704e-10 3.33313481e-39 8.01720018e-43
  1.00000000e+00]
 [4.04552569e-20 1.56494778e-40 1.31508973e-52 2.88623186e-50
  2.10578076e-42 3.32696491e-25 2.49272946e-34 2.13539220e-17
  1.71357240e-27 1.09940786e-13 1.00000000e+00 5.15931953e-16
  1.22105377e-36 6.83398529e-34 1.84307798e-22 8.19978677e-71
  1.65520788e-43 1.45874892e-38 8.38267162e-44 3.45565316e-38
  1.00000000e+00]
 [1.22818061e-06 5.80442965e-17 2.56233715e-47 2.26234152e-51
  1.62385930e-45 4.09250025e-57 9.18081597e-51 1.03163505e-31
  1.99952063e-33 5.58737322e-24 5.15931953e-16 1.00000000e+00
  1.07659261e-29 2.56207050e-20 1.44045394e-46 4.75998449e-68
  7.19159840e-29 3.91404876e-49 2.35054901e-16 3.86096297e-49
  1.00000000e+00]
 [1.16725741e-11 7.53124287e-30 7.32187738e-78 5.74465465e-76
  2.53402103e-37 6.69872024e-54 4.11997627e-27 1.04176321e-43
  2.92551222e-15 4.24491561e-25 1.22105377e-36 1.07659261e-29
  1.00000000e+00 2.73634396e-47 1.92173211e-26 5.17482924e-66
  9.07330976e-40 2.35211564e-22 9.47397926e-37 5.13074891e-57
  1.00000000e+00]
 [1.73344155e-19 2.99753354e-37 8.38631847e-15 1.34018294e-35
  1.45805830e-47 3.09910811e-54 1.78527954e-32 5.73478861e-29
  2.01141235e-36 9.05981609e-38 6.83398529e-34 2.56207050e-20
  2.73634396e-47 1.00000000e+00 2.55426522e-74 1.00750462e-37
  1.93284598e-21 1.17496555e-63 3.07698519e-14 1.68013057e-20
  1.00000000e+00]
 [1.29341602e-34 5.54487198e-60 9.84289140e-99 3.63693556e-91
  5.53184661e-46 7.96583793e-24 2.65765642e-34 7.43131633e-25
  3.04961808e-27 3.13148467e-19 1.84307798e-22 1.44045394e-46
  1.92173211e-26 2.55426522e-74 1.00000000e+00 5.16963100e-82
  3.90562792e-63 5.42160542e-18 1.01410248e-65 2.06136480e-66
  1.00000000e+00]
 [5.01680725e-59 1.83046634e-64 7.70495292e-21 1.74066617e-25
  4.81850035e-94 1.65644701e-36 4.65390170e-45 2.10436090e-47
  6.93032821e-51 8.07665377e-36 8.19978677e-71 4.75998449e-68
  5.17482924e-66 1.00750462e-37 5.16963100e-82 1.00000000e+00
  1.56684274e-17 4.96378196e-37 1.08930892e-43 2.96124495e-50
  1.00000000e+00]
 [1.99462019e-26 5.47743079e-17 3.80033837e-17 1.31912581e-17
  3.62372248e-52 2.47066632e-42 8.72265889e-43 8.89619355e-42
  3.73950034e-25 2.82043330e-20 1.65520788e-43 7.19159840e-29
  9.07330976e-40 1.93284598e-21 3.90562792e-63 1.56684274e-17
  1.00000000e+00 1.80594174e-32 6.63476035e-23 7.23071448e-36
  1.00000000e+00]
 [1.02267498e-35 4.93931455e-46 5.63868396e-69 3.94054765e-55
  2.66838471e-65 3.92641065e-20 5.25119657e-35 4.18245773e-35
  5.68598001e-25 3.05006704e-10 1.45874892e-38 3.91404876e-49
  2.35211564e-22 1.17496555e-63 5.42160542e-18 4.96378196e-37
  1.80594174e-32 1.00000000e+00 3.75033716e-52 2.43437881e-67
  1.00000000e+00]
 [8.50016713e-14 2.07420361e-30 1.58334598e-40 1.49823183e-60
  1.68542417e-57 1.06082278e-65 2.08608538e-49 1.76178393e-30
  4.34559873e-45 3.33313481e-39 8.38267162e-44 2.35054901e-16
  9.47397926e-37 3.07698519e-14 1.01410248e-65 1.08930892e-43
  6.63476035e-23 3.75033716e-52 1.00000000e+00 2.42655620e-52
  1.00000000e+00]
 [2.04936157e-39 1.22375789e-54 2.08583376e-24 2.61061393e-42
  6.39490224e-25 8.90919038e-43 6.07778350e-17 1.02672663e-34
  2.09941025e-22 8.01720018e-43 3.45565316e-38 3.86096297e-49
  5.13074891e-57 1.68013057e-20 2.06136480e-66 2.96124495e-50
  7.23071448e-36 2.43437881e-67 2.42655620e-52 1.00000000e+00
  1.00000000e+00]
 [1.00000000e+00 1.00000000e+00 1.00000000e+00 1.00000000e+00
  1.00000000e+00 1.00000000e+00 1.00000000e+00 1.00000000e+00
  1.00000000e+00 1.00000000e+00 1.00000000e+00 1.00000000e+00
  1.00000000e+00 1.00000000e+00 1.00000000e+00 1.00000000e+00
  1.00000000e+00 1.00000000e+00 1.00000000e+00 1.00000000e+00
  0.00000000e+00]]
