[[1.00000000e+00 6.90749193e-19 4.20406155e-56 ... 8.65275415e-50
  6.63915157e-62 1.00000000e+00]
 [6.90749193e-19 1.00000000e+00 8.56008610e-45 ... 5.70027330e-54
  1.78468621e-57 1.00000000e+00]
 [4.20406155e-56 8.56008610e-45 1.00000000e+00 ... 1.28619990e-39
  2.65591436e-13 1.00000000e+00]
 ...
 [8.65275415e-50 5.70027330e-54 1.28619990e-39 ... 1.00000000e+00
  7.41927807e-64 1.00000000e+00]
 [6.63915157e-62 1.78468621e-57 2.65591436e-13 ... 7.41927807e-64
  1.00000000e+00 1.00000000e+00]
 [1.00000000e+00 1.00000000e+00 1.00000000e+00 ... 1.00000000e+00
  1.00000000e+00 0.00000000e+00]]
