[[1.00000000e+000 4.31287833e-015 2.09361792e-027 1.54539058e-009
  9.09516802e-021 4.12355616e-040 8.29656483e-023 3.15046941e-028
  3.22621765e-029 4.58375131e-037 7.96900686e-042 5.72344667e-009
  3.56559651e-043 1.49074547e-027 1.48554657e-035 3.02492167e-048
  1.00297951e-056 6.42924121e-036 1.37434395e-052 1.54190625e-029
  1.00000000e+000]
 [4.31287833e-015 1.00000000e+000 1.71572132e-029 1.12000655e-031
  5.58092315e-007 9.15313101e-015 2.04476385e-027 2.54836814e-022
  4.25980377e-027 5.97294676e-029 1.10944153e-027 4.78846251e-011
  4.66827313e-029 1.78200451e-022 4.55312243e-042 2.29768391e-024
  7.95656926e-059 5.53373725e-011 4.40931163e-021 3.79343151e-048
  1.00000000e+000]
 [2.09361792e-027 1.71572132e-029 1.00000000e+000 2.18346538e-043
  1.64773654e-039 1.71257638e-047 2.41560598e-045 2.17098412e-027
  1.94634844e-002 8.96018870e-039 8.83707501e-035 1.54181706e-039
  9.69010375e-037 1.20815643e-006 1.00146492e-069 1.43392052e-025
  3.37997502e-033 3.04645186e-041 2.99377592e-049 3.36299691e-033
  1.00000000e+000]
 [1.54539058e-009 1.12000655e-031 2.18346538e-043 1.00000000e+000
  3.35208697e-040 4.10406895e-051 6.89321322e-049 4.41052071e-040
  1.76324749e-041 1.17884322e-076 2.70661772e-061 8.52390630e-016
  1.57134588e-062 1.68525309e-040 1.11397248e-070 2.70556249e-078
  6.61042666e-089 4.42471363e-068 2.10491922e-065 3.92326489e-053
  1.00000000e+000]
 [9.09516802e-021 5.58092315e-007 1.64773654e-039 3.35208697e-040
  1.00000000e+000 2.63983418e-011 1.98443750e-022 2.18833752e-043
  3.35413587e-041 4.61658252e-036 2.83650422e-034 2.33866338e-019
  9.36694550e-060 1.03752609e-037 1.34037242e-049 1.04449110e-040
  6.25915251e-086 1.89825906e-015 6.71036110e-044 3.43521396e-068
  1.00000000e+000]
 [4.12355616e-040 9.15313101e-015 1.71257638e-047 4.10406895e-051
  2.63983418e-011 1.00000000e+000 1.10701105e-038 1.94084839e-048
  1.14264610e-045 1.57728856e-068 5.48304172e-024 2.14950493e-030
  1.35217807e-064 3.88400036e-042 3.11624528e-079 1.41091091e-039
  1.81869703e-101 3.98094618e-034 1.12183824e-042 8.07243316e-106
  1.00000000e+000]
 [8.29656483e-023 2.04476385e-027 2.41560598e-045 6.89321322e-049
  1.98443750e-022 1.10701105e-038 1.00000000e+000 5.12008085e-062
  2.15706019e-055 1.32152101e-046 6.36461682e-023 1.66255946e-025
  5.66927619e-067 6.10604864e-057 5.68710578e-017 2.94773846e-041
  2.03028680e-061 4.63105905e-042 1.05918612e-084 2.73625401e-064
  1.00000000e+000]
 [3.15046941e-028 2.54836814e-022 2.17098412e-027 4.41052071e-040
  2.18833752e-043 1.94084839e-048 5.12008085e-062 1.00000000e+000
  1.19373098e-021 5.21246216e-033 1.33679252e-042 2.35911387e-039
  3.35318606e-014 2.86974927e-010 1.07484897e-068 1.28605780e-028
  2.45869636e-036 2.42034996e-040 8.18300587e-033 2.97201969e-037
  1.00000000e+000]
 [3.22621765e-029 4.25980377e-027 1.94634844e-002 1.76324749e-041
  3.35413587e-041 1.14264610e-045 2.15706019e-055 1.19373098e-021
  1.00000000e+000 6.86330727e-042 3.76162422e-038 4.53232970e-038
  1.04407753e-029 1.50575945e-003 3.16956436e-078 3.94985497e-025
  6.50519337e-036 7.91914578e-040 5.62607739e-037 1.47491515e-034
  1.00000000e+000]
 [4.58375131e-037 5.97294676e-029 8.96018870e-039 1.17884322e-076
  4.61658252e-036 1.57728856e-068 1.32152101e-046 5.21246216e-033
  6.86330727e-042 1.00000000e+000 5.46588806e-064 4.38565272e-053
  2.02859980e-039 1.33682670e-033 2.32977933e-041 1.19380965e-035
  3.61141662e-040 3.78818325e-017 2.56630230e-056 2.27442624e-025
  1.00000000e+000]
 [7.96900686e-042 1.10944153e-027 8.83707501e-035 2.70661772e-061
  2.83650422e-034 5.48304172e-024 6.36461682e-023 1.33679252e-042
  3.76162422e-038 5.46588806e-064 1.00000000e+000 1.43518141e-037
  5.60593430e-043 9.60628027e-038 3.11557923e-048 7.56650524e-016
  1.05114471e-047 1.68553479e-050 1.54418157e-060 6.71026250e-086
  1.00000000e+000]
 [5.72344667e-009 4.78846251e-011 1.54181706e-039 8.52390630e-016
  2.33866338e-019 2.14950493e-030 1.66255946e-025 2.35911387e-039
  4.53232970e-038 4.38565272e-053 1.43518141e-037 1.00000000e+000
  1.25084478e-040 5.24357106e-039 6.56503627e-036 1.29409096e-044
  5.63084031e-069 2.24258297e-031 1.02044923e-035 7.12813611e-048
  1.00000000e+000]
 [3.56559651e-043 4.66827313e-029 9.69010375e-037 1.57134588e-062
  9.36694550e-060 1.35217807e-064 5.66927619e-067 3.35318606e-014
  1.04407753e-029 2.02859980e-039 5.60593430e-043 1.25084478e-040
  1.00000000e+000 3.63880444e-023 4.31980403e-055 4.22151730e-017
  5.32756749e-021 1.28180261e-038 3.55638155e-022 2.01461196e-036
  1.00000000e+000]
 [1.49074547e-027 1.78200451e-022 1.20815643e-006 1.68525309e-040
  1.03752609e-037 3.88400036e-042 6.10604864e-057 2.86974927e-010
  1.50575945e-003 1.33682670e-033 9.60628027e-038 5.24357106e-039
  3.63880444e-023 1.00000000e+000 7.37754261e-077 2.42622546e-023
  7.16287197e-035 9.17645074e-036 6.24739516e-033 6.48613572e-034
  1.00000000e+000]
 [1.48554657e-035 4.55312243e-042 1.00146492e-069 1.11397248e-070
  1.34037242e-049 3.11624528e-079 5.68710578e-017 1.07484897e-068
  3.16956436e-078 2.32977933e-041 3.11557923e-048 6.56503627e-036
  4.31980403e-055 7.37754261e-077 1.00000000e+000 2.31536735e-048
  1.80273834e-047 3.26937556e-047 3.93142463e-088 4.86530184e-049
  1.00000000e+000]
 [3.02492167e-048 2.29768391e-024 1.43392052e-025 2.70556249e-078
  1.04449110e-040 1.41091091e-039 2.94773846e-041 1.28605780e-028
  3.94985497e-025 1.19380965e-035 7.56650524e-016 1.29409096e-044
  4.22151730e-017 2.42622546e-023 2.31536735e-048 1.00000000e+000
  6.65428525e-023 2.17499238e-028 1.52388606e-033 1.85782540e-056
  1.00000000e+000]
 [1.00297951e-056 7.95656926e-059 3.37997502e-033 6.61042666e-089
  6.25915251e-086 1.81869703e-101 2.03028680e-061 2.45869636e-036
  6.50519337e-036 3.61141662e-040 1.05114471e-047 5.63084031e-069
  5.32756749e-021 7.16287197e-035 1.80273834e-047 6.65428525e-023
  1.00000000e+000 4.13226739e-064 3.63065227e-072 4.75008056e-030
  1.00000000e+000]
 [6.42924121e-036 5.53373725e-011 3.04645186e-041 4.42471363e-068
  1.89825906e-015 3.98094618e-034 4.63105905e-042 2.42034996e-040
  7.91914578e-040 3.78818325e-017 1.68553479e-050 2.24258297e-031
  1.28180261e-038 9.17645074e-036 3.26937556e-047 2.17499238e-028
  4.13226739e-064 1.00000000e+000 9.71752763e-025 9.07489992e-049
  1.00000000e+000]
 [1.37434395e-052 4.40931163e-021 2.99377592e-049 2.10491922e-065
  6.71036110e-044 1.12183824e-042 1.05918612e-084 8.18300587e-033
  5.62607739e-037 2.56630230e-056 1.54418157e-060 1.02044923e-035
  3.55638155e-022 6.24739516e-033 3.93142463e-088 1.52388606e-033
  3.63065227e-072 9.71752763e-025 1.00000000e+000 6.25382227e-066
  1.00000000e+000]
 [1.54190625e-029 3.79343151e-048 3.36299691e-033 3.92326489e-053
  3.43521396e-068 8.07243316e-106 2.73625401e-064 2.97201969e-037
  1.47491515e-034 2.27442624e-025 6.71026250e-086 7.12813611e-048
  2.01461196e-036 6.48613572e-034 4.86530184e-049 1.85782540e-056
  4.75008056e-030 9.07489992e-049 6.25382227e-066 1.00000000e+000
  1.00000000e+000]
 [1.00000000e+000 1.00000000e+000 1.00000000e+000 1.00000000e+000
  1.00000000e+000 1.00000000e+000 1.00000000e+000 1.00000000e+000
  1.00000000e+000 1.00000000e+000 1.00000000e+000 1.00000000e+000
  1.00000000e+000 1.00000000e+000 1.00000000e+000 1.00000000e+000
  1.00000000e+000 1.00000000e+000 1.00000000e+000 1.00000000e+000
  0.00000000e+000]]
