[[1.00000000e+00 3.59776308e-63 3.96846095e-34 ... 2.37344141e-58
  2.89830423e-48 1.00000000e+00]
 [3.59776308e-63 1.00000000e+00 7.93506926e-52 ... 1.71723325e-44
  7.25408381e-62 1.00000000e+00]
 [3.96846095e-34 7.93506926e-52 1.00000000e+00 ... 3.32243665e-24
  5.34876062e-23 1.00000000e+00]
 ...
 [2.37344141e-58 1.71723325e-44 3.32243665e-24 ... 1.00000000e+00
  3.94863958e-24 1.00000000e+00]
 [2.89830423e-48 7.25408381e-62 5.34876062e-23 ... 3.94863958e-24
  1.00000000e+00 1.00000000e+00]
 [1.00000000e+00 1.00000000e+00 1.00000000e+00 ... 1.00000000e+00
  1.00000000e+00 0.00000000e+00]]
