[[1.00000000e+00 2.19471403e-26 7.26306003e-23 7.51407759e-40
  3.83235503e-29 4.22536890e-28 1.30789463e-26 6.31340159e-29
  1.34388597e-26 2.53148170e-14 2.52265091e-12 6.47438472e-22
  2.54577766e-22 5.25133409e-36 8.93012044e-23 1.57534181e-37
  9.83907373e-18 1.75649844e-33 8.11257674e-41 8.09102661e-22
  1.00000000e+00]
 [2.19471403e-26 1.00000000e+00 7.00536603e-15 6.60991340e-19
  1.40746298e-40 1.73472125e-11 1.09912774e-63 1.87802781e-49
  3.00396481e-45 1.36880993e-40 3.47159100e-38 1.79240258e-38
  1.01946535e-33 1.32351335e-20 1.78766941e-57 8.34203467e-33
  1.98691748e-52 8.26509235e-14 7.38170500e-13 4.18504398e-30
  1.00000000e+00]
 [7.26306003e-23 7.00536603e-15 1.00000000e+00 4.85787297e-53
  9.46094265e-61 5.71601495e-16 7.65329443e-43 1.54753693e-40
  7.57441431e-44 1.33414186e-26 2.67757463e-35 3.53251591e-33
  1.78424276e-21 2.10254812e-44 4.34509668e-34 1.49559257e-39
  3.02243994e-67 6.67594753e-13 1.41687184e-10 1.08888942e-10
  1.00000000e+00]
 [7.51407759e-40 6.60991340e-19 4.85787297e-53 1.00000000e+00
  3.28294438e-33 4.63693264e-34 3.04107255e-77 1.45791971e-56
  1.38987228e-39 6.85469009e-60 1.18745852e-42 4.56657333e-39
  2.10916775e-64 8.07465490e-13 5.16731293e-83 7.26960192e-58
  9.06280922e-46 8.79347076e-39 3.56687602e-48 2.03028822e-68
  1.00000000e+00]
 [3.83235503e-29 1.40746298e-40 9.46094265e-61 3.28294438e-33
  1.00000000e+00 1.02184355e-38 7.18447559e-45 1.36862187e-29
  8.98387637e-75 1.10756471e-33 1.94076652e-25 2.55285521e-66
  2.63004672e-41 3.40920606e-50 3.81272822e-41 1.46969061e-39
  5.42340527e-21 4.84084696e-65 2.34541891e-62 3.69820620e-48
  1.00000000e+00]
 [4.22536890e-28 1.73472125e-11 5.71601495e-16 4.63693264e-34
  1.02184355e-38 1.00000000e+00 9.92096797e-46 4.00182737e-27
  2.14754270e-59 2.29553954e-34 1.75216597e-26 1.64616536e-50
  2.52877633e-44 1.75075313e-33 4.18198613e-35 1.17853101e-55
  2.59711709e-65 2.20870971e-08 3.99469961e-12 1.09882582e-13
  1.00000000e+00]
 [1.30789463e-26 1.09912774e-63 7.65329443e-43 3.04107255e-77
  7.18447559e-45 9.92096797e-46 1.00000000e+00 8.81072681e-08
  2.31019257e-62 1.17820491e-35 6.78713626e-09 1.79273152e-54
  1.11321229e-49 4.95891825e-91 2.65874253e-23 4.00212696e-84
  2.91913811e-47 4.02374323e-48 7.66851055e-74 6.57706878e-29
  1.00000000e+00]
 [6.31340159e-29 1.87802781e-49 1.54753693e-40 1.45791971e-56
  1.36862187e-29 4.00182737e-27 8.81072681e-08 1.00000000e+00
  6.23805287e-65 4.38429428e-32 1.33178655e-07 3.44841200e-56
  2.83410022e-52 4.80458096e-70 4.23427014e-20 5.64200381e-80
  1.75137347e-51 8.35945490e-37 5.63092832e-56 3.85135378e-23
  1.00000000e+00]
 [1.34388597e-26 3.00396481e-45 7.57441431e-44 1.38987228e-39
  8.98387637e-75 2.14754270e-59 2.31019257e-62 6.23805287e-65
  1.00000000e+00 7.49114410e-41 5.33043897e-44 2.88823037e-02
  2.00664637e-54 7.99056373e-26 1.63880576e-63 5.49558453e-75
  2.64588307e-54 2.04344845e-48 4.26718912e-61 1.24106597e-61
  1.00000000e+00]
 [2.53148170e-14 1.36880993e-40 1.33414186e-26 6.85469009e-60
  1.10756471e-33 2.29553954e-34 1.17820491e-35 4.38429428e-32
  7.49114410e-41 1.00000000e+00 2.91340868e-29 3.20430932e-29
  1.04130027e-13 8.28158710e-44 4.41211381e-08 1.42587120e-33
  2.76276879e-42 1.31902496e-50 6.03631065e-34 1.83256230e-16
  1.00000000e+00]
 [2.52265091e-12 3.47159100e-38 2.67757463e-35 1.18745852e-42
  1.94076652e-25 1.75216597e-26 6.78713626e-09 1.33178655e-07
  5.33043897e-44 2.91340868e-29 1.00000000e+00 8.82756369e-40
  1.22309508e-45 1.62177581e-54 1.56021266e-24 6.17182738e-68
  3.33205788e-27 2.29849996e-31 3.11387073e-56 1.78217876e-25
  1.00000000e+00]
 [6.47438472e-22 1.79240258e-38 3.53251591e-33 4.56657333e-39
  2.55285521e-66 1.64616536e-50 1.79273152e-54 3.44841200e-56
  2.88823037e-02 3.20430932e-29 8.82756369e-40 1.00000000e+00
  3.73667016e-40 3.01487491e-24 2.12239280e-50 5.60323026e-61
  3.21223773e-52 6.86029605e-43 2.63966519e-48 1.53840924e-48
  1.00000000e+00]
 [2.54577766e-22 1.01946535e-33 1.78424276e-21 2.10916775e-64
  2.63004672e-41 2.52877633e-44 1.11321229e-49 2.83410022e-52
  2.00664637e-54 1.04130027e-13 1.22309508e-45 3.73667016e-40
  1.00000000e+00 1.07487536e-56 4.91099904e-30 6.55938393e-10
  7.82877978e-43 1.99031465e-56 5.85356428e-33 4.19588681e-26
  1.00000000e+00]
 [5.25133409e-36 1.32351335e-20 2.10254812e-44 8.07465490e-13
  3.40920606e-50 1.75075313e-33 4.95891825e-91 4.80458096e-70
  7.99056373e-26 8.28158710e-44 1.62177581e-54 3.01487491e-24
  1.07487536e-56 1.00000000e+00 2.18552146e-70 6.93937940e-56
  4.20331085e-60 4.98400726e-39 1.45976869e-33 1.93875457e-58
  1.00000000e+00]
 [8.93012044e-23 1.78766941e-57 4.34509668e-34 5.16731293e-83
  3.81272822e-41 4.18198613e-35 2.65874253e-23 4.23427014e-20
  1.63880576e-63 4.41211381e-08 1.56021266e-24 2.12239280e-50
  4.91099904e-30 2.18552146e-70 1.00000000e+00 2.67112950e-60
  4.07313160e-57 8.74607418e-53 1.98145028e-45 1.86221459e-11
  1.00000000e+00]
 [1.57534181e-37 8.34203467e-33 1.49559257e-39 7.26960192e-58
  1.46969061e-39 1.17853101e-55 4.00212696e-84 5.64200381e-80
  5.49558453e-75 1.42587120e-33 6.17182738e-68 5.60323026e-61
  6.55938393e-10 6.93937940e-56 2.67112950e-60 1.00000000e+00
  1.63614858e-43 6.18314776e-74 1.01516734e-41 1.03363891e-50
  1.00000000e+00]
 [9.83907373e-18 1.98691748e-52 3.02243994e-67 9.06280922e-46
  5.42340527e-21 2.59711709e-65 2.91913811e-47 1.75137347e-51
  2.64588307e-54 2.76276879e-42 3.33205788e-27 3.21223773e-52
  7.82877978e-43 4.20331085e-60 4.07313160e-57 1.63614858e-43
  1.00000000e+00 1.19605741e-78 9.69839401e-90 7.44866268e-66
  1.00000000e+00]
 [1.75649844e-33 8.26509235e-14 6.67594753e-13 8.79347076e-39
  4.84084696e-65 2.20870971e-08 4.02374323e-48 8.35945490e-37
  2.04344845e-48 1.31902496e-50 2.29849996e-31 6.86029605e-43
  1.99031465e-56 4.98400726e-39 8.74607418e-53 6.18314776e-74
  1.19605741e-78 1.00000000e+00 2.18080746e-18 1.85517704e-22
  1.00000000e+00]
 [8.11257674e-41 7.38170500e-13 1.41687184e-10 3.56687602e-48
  2.34541891e-62 3.99469961e-12 7.66851055e-74 5.63092832e-56
  4.26718912e-61 6.03631065e-34 3.11387073e-56 2.63966519e-48
  5.85356428e-33 1.45976869e-33 1.98145028e-45 1.01516734e-41
  9.69839401e-90 2.18080746e-18 1.00000000e+00 1.39516033e-18
  1.00000000e+00]
 [8.09102661e-22 4.18504398e-30 1.08888942e-10 2.03028822e-68
  3.69820620e-48 1.09882582e-13 6.57706878e-29 3.85135378e-23
  1.24106597e-61 1.83256230e-16 1.78217876e-25 1.53840924e-48
  4.19588681e-26 1.93875457e-58 1.86221459e-11 1.03363891e-50
  7.44866268e-66 1.85517704e-22 1.39516033e-18 1.00000000e+00
  1.00000000e+00]
 [1.00000000e+00 1.00000000e+00 1.00000000e+00 1.00000000e+00
  1.00000000e+00 1.00000000e+00 1.00000000e+00 1.00000000e+00
  1.00000000e+00 1.00000000e+00 1.00000000e+00 1.00000000e+00
  1.00000000e+00 1.00000000e+00 1.00000000e+00 1.00000000e+00
  1.00000000e+00 1.00000000e+00 1.00000000e+00 1.00000000e+00
  0.00000000e+00]]
