[[1.00000000e+00 2.26335847e-58 2.52935724e-34 ... 3.05667331e-84
  4.53123853e-63 1.00000000e+00]
 [2.26335847e-58 1.00000000e+00 6.28143102e-71 ... 5.91277565e-27
  5.03456412e-29 1.00000000e+00]
 [2.52935724e-34 6.28143102e-71 1.00000000e+00 ... 2.10319231e-50
  4.78566648e-55 1.00000000e+00]
 ...
 [3.05667331e-84 5.91277565e-27 2.10319231e-50 ... 1.00000000e+00
  8.67249931e-25 1.00000000e+00]
 [4.53123853e-63 5.03456412e-29 4.78566648e-55 ... 8.67249931e-25
  1.00000000e+00 1.00000000e+00]
 [1.00000000e+00 1.00000000e+00 1.00000000e+00 ... 1.00000000e+00
  1.00000000e+00 0.00000000e+00]]
