[[1.00000000e+00 2.08901813e-36 8.72234352e-95 ... 2.21689243e-58
  3.17988822e-50 1.00000000e+00]
 [2.08901813e-36 1.00000000e+00 8.25430846e-78 ... 8.46200715e-54
  3.63281214e-67 1.00000000e+00]
 [8.72234352e-95 8.25430846e-78 1.00000000e+00 ... 5.63213054e-66
  1.49694873e-66 1.00000000e+00]
 ...
 [2.21689243e-58 8.46200715e-54 5.63213054e-66 ... 1.00000000e+00
  4.78339540e-80 1.00000000e+00]
 [3.17988822e-50 3.63281214e-67 1.49694873e-66 ... 4.78339540e-80
  1.00000000e+00 1.00000000e+00]
 [1.00000000e+00 1.00000000e+00 1.00000000e+00 ... 1.00000000e+00
  1.00000000e+00 0.00000000e+00]]
