[[1.00000000e+000 5.71269171e-025 1.79890143e-037 7.15627731e-035
  3.34613981e-011 2.92157826e-037 5.81402879e-022 1.07578113e-058
  3.96615885e-012 7.02812249e-029 6.42038812e-038 3.72820175e-041
  8.77499032e-015 8.08057288e-030 6.30586428e-050 9.27916763e-054
  3.79075934e-043 5.43376280e-043 2.48545464e-054 8.42788235e-049
  1.00000000e+000]
 [5.71269171e-025 1.00000000e+000 1.52303547e-039 8.79711004e-012
  6.38307083e-026 1.69231222e-043 4.79230233e-025 2.16437691e-034
  2.19033587e-025 1.92086324e-028 1.14624601e-027 3.27335798e-043
  1.19585108e-039 3.66435461e-044 3.66585354e-075 1.25114082e-039
  4.98819484e-042 2.01936626e-078 3.57779297e-028 7.19544554e-017
  1.00000000e+000]
 [1.79890143e-037 1.52303547e-039 1.00000000e+000 7.84351956e-030
  8.93769430e-044 2.96627792e-046 2.48468752e-062 4.80954070e-078
  5.11246973e-054 1.20529114e-052 2.99891729e-026 2.30774938e-052
  3.12887967e-045 1.93942155e-054 8.10954124e-059 1.20496329e-050
  1.39082229e-033 4.92958239e-047 2.62398108e-062 3.88566556e-067
  1.00000000e+000]
 [7.15627731e-035 8.79711004e-012 7.84351956e-030 1.00000000e+000
  1.75593398e-049 2.32149394e-036 1.06119462e-047 4.90743140e-034
  1.69517043e-035 7.64434318e-022 3.65456372e-036 1.61873654e-033
  9.13298105e-042 4.61780343e-039 8.95631727e-087 1.23452097e-028
  1.37697413e-037 7.42050034e-078 8.25635368e-026 2.02706342e-028
  1.00000000e+000]
 [3.34613981e-011 6.38307083e-026 8.93769430e-044 1.75593398e-049
  1.00000000e+000 3.33542967e-047 2.45122849e-013 2.70382907e-051
  8.98463965e-019 7.06098329e-050 3.72019184e-040 1.44966377e-040
  7.63138028e-020 1.19412138e-039 4.19124401e-037 3.59742229e-063
  5.56363469e-035 9.29025629e-058 1.01588295e-061 9.79161535e-040
  1.00000000e+000]
 [2.92157826e-037 1.69231222e-043 2.96627792e-046 2.32149394e-036
  3.33542967e-047 1.00000000e+000 1.91545370e-058 7.38167515e-070
  4.02821418e-031 2.61806439e-020 1.22644245e-047 2.02795438e-039
  1.17095613e-013 1.56974782e-010 6.96371058e-025 5.36224697e-006
  1.16024153e-032 1.89932372e-031 1.57119921e-027 4.78321360e-050
  1.00000000e+000]
 [5.81402879e-022 4.79230233e-025 2.48468752e-062 1.06119462e-047
  2.45122849e-013 1.91545370e-058 1.00000000e+000 5.67539405e-038
  1.79044939e-009 4.13780908e-067 7.68406819e-073 2.82346093e-047
  1.49771499e-030 1.59864503e-061 6.50917951e-066 9.36793602e-065
  7.85028932e-060 3.13460024e-100 1.22793019e-080 1.46857133e-018
  1.00000000e+000]
 [1.07578113e-058 2.16437691e-034 4.80954070e-078 4.90743140e-034
  2.70382907e-051 7.38167515e-070 5.67539405e-038 1.00000000e+000
  1.31823152e-044 1.54820753e-064 4.19456519e-094 9.01846536e-016
  4.88511944e-051 1.06769200e-058 1.98715432e-102 7.01865063e-064
  7.19009424e-039 6.12209127e-146 2.40612657e-061 5.35848060e-021
  1.00000000e+000]
 [3.96615885e-012 2.19033587e-025 5.11246973e-054 1.69517043e-035
  8.98463965e-019 4.02821418e-031 1.79044939e-009 1.31823152e-044
  1.00000000e+000 8.94639524e-040 9.97497116e-065 5.52891511e-040
  9.03319318e-014 2.43446493e-036 1.49622968e-052 3.86591401e-039
  6.14032097e-054 5.73210391e-069 4.04851857e-061 2.79585853e-024
  1.00000000e+000]
 [7.02812249e-029 1.92086324e-028 1.20529114e-052 7.64434318e-022
  7.06098329e-050 2.61806439e-020 4.13780908e-067 1.54820753e-064
  8.94639524e-040 1.00000000e+000 2.20815695e-031 3.06162159e-042
  4.83562645e-028 3.76925953e-012 1.60222538e-062 6.24729082e-026
  6.52597788e-039 7.39543733e-040 6.47027801e-011 6.10495449e-059
  1.00000000e+000]
 [6.42038812e-038 1.14624601e-027 2.99891729e-026 3.65456372e-036
  3.72019184e-040 1.22644245e-047 7.68406819e-073 4.19456519e-094
  9.97497116e-065 2.20815695e-031 1.00000000e+000 2.62683428e-072
  7.55765758e-054 5.91662141e-045 1.65631396e-058 4.77803602e-054
  3.93759201e-040 3.01549993e-034 1.56129346e-029 7.56307535e-074
  1.00000000e+000]
 [3.72820175e-041 3.27335798e-043 2.30774938e-052 1.61873654e-033
  1.44966377e-040 2.02795438e-039 2.82346093e-047 9.01846536e-016
  5.52891511e-040 3.06162159e-042 2.62683428e-072 1.00000000e+000
  2.15703703e-023 5.85969339e-025 3.96227458e-059 4.52141241e-045
  1.50635197e-012 8.80813930e-089 1.39931815e-047 7.48194396e-042
  1.00000000e+000]
 [8.77499032e-015 1.19585108e-039 3.12887967e-045 9.13298105e-042
  7.63138028e-020 1.17095613e-013 1.49771499e-030 4.88511944e-051
  9.03319318e-014 4.83562645e-028 7.55765758e-054 2.15703703e-023
  1.00000000e+000 6.99091092e-011 5.18235178e-022 7.97120874e-029
  4.75533478e-026 8.64880931e-038 3.70501494e-046 3.11207299e-045
  1.00000000e+000]
 [8.08057288e-030 3.66435461e-044 1.93942155e-054 4.61780343e-039
  1.19412138e-039 1.56974782e-010 1.59864503e-061 1.06769200e-058
  2.43446493e-036 3.76925953e-012 5.91662141e-045 5.85969339e-025
  6.99091092e-011 1.00000000e+000 6.32954644e-030 4.01964684e-023
  8.14651713e-021 1.33811190e-032 1.07736648e-021 4.64988329e-061
  1.00000000e+000]
 [6.30586428e-050 3.66585354e-075 8.10954124e-059 8.95631727e-087
  4.19124401e-037 6.96371058e-025 6.50917951e-066 1.98715432e-102
  1.49622968e-052 1.60222538e-062 1.65631396e-058 3.96227458e-059
  5.18235178e-022 6.32954644e-030 1.00000000e+000 4.89782112e-044
  4.37182288e-035 3.64436190e-030 1.41272454e-066 1.23505525e-081
  1.00000000e+000]
 [9.27916763e-054 1.25114082e-039 1.20496329e-050 1.23452097e-028
  3.59742229e-063 5.36224697e-006 9.36793602e-065 7.01865063e-064
  3.86591401e-039 6.24729082e-026 4.77803602e-054 4.52141241e-045
  7.97120874e-029 4.01964684e-023 4.89782112e-044 1.00000000e+000
  1.28917431e-040 3.02182882e-054 1.29536942e-024 2.33947149e-039
  1.00000000e+000]
 [3.79075934e-043 4.98819484e-042 1.39082229e-033 1.37697413e-037
  5.56363469e-035 1.16024153e-032 7.85028932e-060 7.19009424e-039
  6.14032097e-054 6.52597788e-039 3.93759201e-040 1.50635197e-012
  4.75533478e-026 8.14651713e-021 4.37182288e-035 1.28917431e-040
  1.00000000e+000 3.96618092e-057 8.72265951e-035 8.34264631e-055
  1.00000000e+000]
 [5.43376280e-043 2.01936626e-078 4.92958239e-047 7.42050034e-078
  9.29025629e-058 1.89932372e-031 3.13460024e-100 6.12209127e-146
  5.73210391e-069 7.39543733e-040 3.01549993e-034 8.80813930e-089
  8.64880931e-038 1.33811190e-032 3.64436190e-030 3.02182882e-054
  3.96618092e-057 1.00000000e+000 4.85573031e-059 6.41992541e-122
  1.00000000e+000]
 [2.48545464e-054 3.57779297e-028 2.62398108e-062 8.25635368e-026
  1.01588295e-061 1.57119921e-027 1.22793019e-080 2.40612657e-061
  4.04851857e-061 6.47027801e-011 1.56129346e-029 1.39931815e-047
  3.70501494e-046 1.07736648e-021 1.41272454e-066 1.29536942e-024
  8.72265951e-035 4.85573031e-059 1.00000000e+000 1.97117935e-053
  1.00000000e+000]
 [8.42788235e-049 7.19544554e-017 3.88566556e-067 2.02706342e-028
  9.79161535e-040 4.78321360e-050 1.46857133e-018 5.35848060e-021
  2.79585853e-024 6.10495449e-059 7.56307535e-074 7.48194396e-042
  3.11207299e-045 4.64988329e-061 1.23505525e-081 2.33947149e-039
  8.34264631e-055 6.41992541e-122 1.97117935e-053 1.00000000e+000
  1.00000000e+000]
 [1.00000000e+000 1.00000000e+000 1.00000000e+000 1.00000000e+000
  1.00000000e+000 1.00000000e+000 1.00000000e+000 1.00000000e+000
  1.00000000e+000 1.00000000e+000 1.00000000e+000 1.00000000e+000
  1.00000000e+000 1.00000000e+000 1.00000000e+000 1.00000000e+000
  1.00000000e+000 1.00000000e+000 1.00000000e+000 1.00000000e+000
  0.00000000e+000]]
