[[1.00000000e+00 2.12000626e-23 1.58286198e-26 ... 4.05535696e-46
  2.82584016e-62 1.00000000e+00]
 [2.12000626e-23 1.00000000e+00 4.02573244e-22 ... 1.25222454e-46
  8.14067415e-48 1.00000000e+00]
 [1.58286198e-26 4.02573244e-22 1.00000000e+00 ... 3.89480255e-18
  1.23958333e-31 1.00000000e+00]
 ...
 [4.05535696e-46 1.25222454e-46 3.89480255e-18 ... 1.00000000e+00
  4.98908589e-43 1.00000000e+00]
 [2.82584016e-62 8.14067415e-48 1.23958333e-31 ... 4.98908589e-43
  1.00000000e+00 1.00000000e+00]
 [1.00000000e+00 1.00000000e+00 1.00000000e+00 ... 1.00000000e+00
  1.00000000e+00 0.00000000e+00]]
