[[1.         0.13792557 0.0174047  0.13834252 0.05534687 0.01390625
  0.02356856 0.11149388 0.07823474 0.09002442 0.09832928 0.11396925
  0.12636618 0.0451226  0.16616407 0.05631039 0.10336682 0.09646276
  0.00717624 0.01952359 0.09072778]
 [0.13792557 1.         0.04783515 0.09572117 0.04680013 0.08841906
  0.0123462  0.01518281 0.00704469 0.05465236 0.09212776 0.0108795
  0.06550984 0.1257213  0.0505691  0.10886217 0.02237088 0.14877683
  0.00688636 0.12417241 0.15960026]
 [0.0174047  0.04783515 1.         0.1435367  0.11387866 0.13802884
  0.09684234 0.04131018 0.19916206 0.05172421 0.00934483 0.01847166
  0.1119233  0.0201267  0.01605681 0.02337076 0.03295851 0.08162432
  0.11277462 0.15711848 0.16287154]
 [0.13834252 0.09572117 0.1435367  1.         0.11085778 0.01329351
  0.0074287  0.02506966 0.10894835 0.09015363 0.00770365 0.09729743
  0.0508988  0.05848683 0.01523956 0.08196318 0.12249574 0.01415627
  0.03319856 0.04670945 0.15034169]
 [0.05534687 0.04680013 0.11387866 0.11085778 1.         0.17402672
  0.01861164 0.16287418 0.08084039 0.00974763 0.01268385 0.14201627
  0.00724081 0.06707073 0.07648884 0.12944638 0.01676649 0.07369763
  0.07063072 0.01557022 0.07139644]
 [0.01390625 0.08841906 0.13802884 0.01329351 0.17402672 1.
  0.1603379  0.0611686  0.02741592 0.02957683 0.08851154 0.02804658
  0.01601653 0.13510619 0.12459034 0.07307907 0.00909116 0.16904016
  0.12525076 0.10072999 0.07735256]
 [0.02356856 0.0123462  0.09684234 0.0074287  0.01861164 0.1603379
  1.         0.08164734 0.18541732 0.1576632  0.1322955  0.03953819
  0.11732735 0.02955612 0.14172671 0.00968468 0.03875108 0.08479379
  0.1405849  0.08297882 0.04758608]
 [0.11149388 0.01518281 0.04131018 0.02506966 0.16287418 0.0611686
  0.08164734 1.         0.14505764 0.0144364  0.09729643 0.11526973
  0.0528155  0.01191243 0.05877277 0.1102217  0.11730797 0.16642755
  0.08329288 0.03637438 0.00820123]
 [0.07823474 0.00704469 0.19916206 0.10894835 0.08084039 0.02741592
  0.18541732 0.14505764 1.         0.10581652 0.0139724  0.16446291
  0.11321712 0.01377439 0.06448735 0.01152909 0.0976048  0.03295503
  0.1133644  0.02366877 0.08297098]
 [0.09002442 0.05465236 0.05172421 0.09015363 0.00974763 0.02957683
  0.1576632  0.0144364  0.10581652 1.         0.11290484 0.10548004
  0.12062861 0.17607643 0.08893883 0.02804233 0.17038251 0.01234569
  0.08255593 0.11320169 0.1311815 ]
 [0.09832928 0.09212776 0.00934483 0.00770365 0.01268385 0.08851154
  0.1322955  0.09729643 0.0139724  0.11290484 1.         0.04027032
  0.06944559 0.09650629 0.11736974 0.12156838 0.10496388 0.10415939
  0.04243756 0.14529654 0.01240075]
 [0.11396925 0.0108795  0.01847166 0.09729743 0.14201627 0.02804658
  0.03953819 0.11526973 0.16446291 0.10548004 0.04027032 1.
  0.00800493 0.16325889 0.1376996  0.10458667 0.129393   0.00710159
  0.15624647 0.01063737 0.03150927]
 [0.12636618 0.06550984 0.1119233  0.0508988  0.00724081 0.01601653
  0.11732735 0.0528155  0.11321712 0.12062861 0.06944559 0.00800493
  1.         0.00560788 0.02097837 0.0104588  0.11250666 0.15561612
  0.01254665 0.16197265 0.05683704]
 [0.0451226  0.1257213  0.0201267  0.05848683 0.06707073 0.13510619
  0.02955612 0.01191243 0.01377439 0.17607643 0.09650629 0.16325889
  0.00560788 1.         0.14765046 0.1591278  0.03186813 0.01064291
  0.08243217 0.04556531 0.09798661]
 [0.16616407 0.0505691  0.01605681 0.01523956 0.07648884 0.12459034
  0.14172671 0.05877277 0.06448735 0.08893883 0.11736974 0.1376996
  0.02097837 0.14765046 1.         0.01830545 0.01096067 0.08199108
  0.01973631 0.00822878 0.15427694]
 [0.05631039 0.10886217 0.02337076 0.08196318 0.12944638 0.07307907
  0.00968468 0.1102217  0.01152909 0.02804233 0.12156838 0.10458667
  0.0104588  0.1591278  0.01830545 1.         0.16284514 0.02941368
  0.11061331 0.13090162 0.00913662]
 [0.10336682 0.02237088 0.03295851 0.12249574 0.01676649 0.00909116
  0.03875108 0.11730797 0.0976048  0.17038251 0.10496388 0.129393
  0.11250666 0.03186813 0.01096067 0.16284514 1.         0.01317455
  0.12974318 0.16563133 0.00831805]
 [0.09646276 0.14877683 0.08162432 0.01415627 0.07369763 0.16904016
  0.08479379 0.16642755 0.03295503 0.01234569 0.10415939 0.00710159
  0.15561612 0.01064291 0.08199108 0.02941368 0.01317455 1.
  0.00949469 0.06868525 0.05276608]
 [0.00717624 0.00688636 0.11277462 0.03319856 0.07063072 0.12525076
  0.1405849  0.08329288 0.1133644  0.08255593 0.04243756 0.15624647
  0.01254665 0.08243217 0.01973631 0.11061331 0.12974318 0.00949469
  1.         0.12427142 0.01209129]
 [0.01952359 0.12417241 0.15711848 0.04670945 0.01557022 0.10072999
  0.08297882 0.03637438 0.02366877 0.11320169 0.14529654 0.01063737
  0.16197265 0.04556531 0.00822878 0.13090162 0.16563133 0.06868525
  0.12427142 1.         0.02276264]
 [0.09072778 0.15960026 0.16287154 0.15034169 0.07139644 0.07735256
  0.04758608 0.00820123 0.08297098 0.1311815  0.01240075 0.03150927
  0.05683704 0.09798661 0.15427694 0.00913662 0.00831805 0.05276608
  0.01209129 0.02276264 1.        ]]
