[[1.00000000e+00 7.09087997e-63 4.52695049e-86 ... 1.89596567e-24
  2.40965142e-29 1.00000000e+00]
 [7.09087997e-63 1.00000000e+00 4.94844583e-29 ... 2.94274979e-33
  1.24067936e-12 1.00000000e+00]
 [4.52695049e-86 4.94844583e-29 1.00000000e+00 ... 2.65931845e-66
  9.07904690e-43 1.00000000e+00]
 ...
 [1.89596567e-24 2.94274979e-33 2.65931845e-66 ... 1.00000000e+00
  1.50089141e-23 1.00000000e+00]
 [2.40965142e-29 1.24067936e-12 9.07904690e-43 ... 1.50089141e-23
  1.00000000e+00 1.00000000e+00]
 [1.00000000e+00 1.00000000e+00 1.00000000e+00 ... 1.00000000e+00
  1.00000000e+00 0.00000000e+00]]
