[[1.00000000e+00 4.03642424e-49 1.06729898e-36 ... 1.15720719e-28
  2.73487218e-18 1.00000000e+00]
 [4.03642424e-49 1.00000000e+00 4.32900778e-46 ... 3.73534289e-36
  1.18895446e-54 1.00000000e+00]
 [1.06729898e-36 4.32900778e-46 1.00000000e+00 ... 1.30789699e-33
  2.81413182e-49 1.00000000e+00]
 ...
 [1.15720719e-28 3.73534289e-36 1.30789699e-33 ... 1.00000000e+00
  7.15549751e-40 1.00000000e+00]
 [2.73487218e-18 1.18895446e-54 2.81413182e-49 ... 7.15549751e-40
  1.00000000e+00 1.00000000e+00]
 [1.00000000e+00 1.00000000e+00 1.00000000e+00 ... 1.00000000e+00
  1.00000000e+00 0.00000000e+00]]
