[[1.00000000e+000 1.50464156e-022 3.31265043e-093 7.47635514e-044
  5.43160112e-024 1.98354656e-087 1.16427171e-061 2.52604706e-039
  2.51627038e-027 1.52682589e-062 2.02730471e-073 1.86567746e-079
  1.93494240e-023 2.44093937e-031 7.78909222e-085 2.25094928e-049
  1.87110189e-068 4.78330299e-037 2.59253893e-075 2.22032062e-062
  1.00000000e+000]
 [1.50464156e-022 1.00000000e+000 5.72453262e-061 1.49302835e-029
  5.20809619e-016 2.68593564e-038 2.25927161e-034 5.49880085e-021
  1.32316351e-013 1.00522639e-016 4.92609847e-031 2.62173017e-047
  2.84515709e-035 1.44381916e-029 1.05367875e-029 2.73833423e-049
  5.37488709e-031 3.19599375e-024 2.22713254e-048 1.48925836e-034
  1.00000000e+000]
 [3.31265043e-093 5.72453262e-061 1.00000000e+000 4.56052693e-088
  1.94641755e-045 6.16224722e-086 1.83979818e-051 1.01565297e-092
  3.46697422e-047 3.25895371e-039 3.70488954e-044 1.11133662e-076
  4.24955896e-039 2.85030039e-073 6.87029222e-026 8.63750501e-046
  9.23378500e-070 5.41338008e-064 5.10005230e-022 5.64708062e-069
  1.00000000e+000]
 [7.47635514e-044 1.49302835e-029 4.56052693e-088 1.00000000e+000
  1.76806202e-063 5.74997681e-033 1.72734449e-036 3.63036577e-046
  9.89326358e-021 1.49125543e-042 9.79917658e-084 1.33736257e-090
  2.94884456e-047 9.49472888e-037 2.06672176e-051 2.06553716e-082
  3.05109686e-059 6.27406347e-062 5.13077512e-051 1.31494490e-073
  1.00000000e+000]
 [5.43160112e-024 5.20809619e-016 1.94641755e-045 1.76806202e-063
  1.00000000e+000 5.01939692e-076 2.04982606e-041 1.19569254e-033
  2.10078950e-025 1.29851853e-027 2.36646690e-039 1.09135407e-038
  4.45958959e-030 3.13291089e-050 1.30706432e-047 2.69646454e-048
  1.97541260e-039 2.54152575e-025 1.87272922e-054 2.92799203e-049
  1.00000000e+000]
 [1.98354656e-087 2.68593564e-038 6.16224722e-086 5.74997681e-033
  5.01939692e-076 1.00000000e+000 5.30441418e-018 1.67832273e-026
  8.33781264e-047 1.31747686e-029 3.67020044e-043 1.35897735e-047
  8.30958734e-082 6.49686242e-060 3.30279662e-036 9.40897082e-084
  3.01514930e-039 1.67942597e-091 6.74563191e-037 3.68842328e-050
  1.00000000e+000]
 [1.16427171e-061 2.25927161e-034 1.83979818e-051 1.72734449e-036
  2.04982606e-041 5.30441418e-018 1.00000000e+000 9.20979239e-019
  4.55967612e-036 3.82271865e-025 4.12392238e-041 6.79891955e-021
  1.63450239e-050 6.77434574e-059 1.33482808e-039 7.08954987e-064
  7.50289087e-034 1.75336886e-069 1.41217182e-019 2.34937810e-053
  1.00000000e+000]
 [2.52604706e-039 5.49880085e-021 1.01565297e-092 3.63036577e-046
  1.19569254e-033 1.67832273e-026 9.20979239e-019 1.00000000e+000
  8.96597427e-040 6.09655622e-033 2.87238506e-037 4.43867425e-020
  1.22401001e-059 1.00748734e-050 1.78685343e-060 3.41121713e-065
  2.69304803e-029 3.12732463e-065 5.33294493e-053 2.11983196e-039
  1.00000000e+000]
 [2.51627038e-027 1.32316351e-013 3.46697422e-047 9.89326358e-021
  2.10078950e-025 8.33781264e-047 4.55967612e-036 8.96597427e-040
  1.00000000e+000 1.95127589e-017 1.44166633e-046 3.41185025e-074
  1.33933471e-018 2.59517272e-014 2.30066340e-027 4.93923105e-042
  7.14553924e-026 2.35903600e-047 3.52847436e-040 1.62786045e-032
  1.00000000e+000]
 [1.52682589e-062 1.00522639e-016 3.25895371e-039 1.49125543e-042
  1.29851853e-027 1.31747686e-029 3.82271865e-025 6.09655622e-033
  1.95127589e-017 1.00000000e+000 5.03747425e-026 4.47839423e-043
  1.07100289e-050 1.49874813e-044 1.20758539e-010 8.00400449e-062
  4.46351719e-012 1.05052900e-054 1.78717698e-037 5.79765567e-031
  1.00000000e+000]
 [2.02730471e-073 4.92609847e-031 3.70488954e-044 9.79917658e-084
  2.36646690e-039 3.67020044e-043 4.12392238e-041 2.87238506e-037
  1.44166633e-046 5.03747425e-026 1.00000000e+000 3.71380613e-041
  1.33295145e-053 8.84327388e-049 4.13686365e-024 3.74904918e-030
  1.44841914e-036 5.33490827e-066 1.58316094e-032 2.10050730e-017
  1.00000000e+000]
 [1.86567746e-079 2.62173017e-047 1.11133662e-076 1.33736257e-090
  1.09135407e-038 1.35897735e-047 6.79891955e-021 4.43867425e-020
  3.41185025e-074 4.47839423e-043 3.71380613e-041 1.00000000e+000
  3.14532429e-087 5.32375066e-104 1.64353008e-068 6.88659654e-089
  6.20512304e-050 1.42616854e-072 1.46502205e-053 9.70470397e-072
  1.00000000e+000]
 [1.93494240e-023 2.84515709e-035 4.24955896e-039 2.94884456e-047
  4.45958959e-030 8.30958734e-082 1.63450239e-050 1.22401001e-059
  1.33933471e-018 1.07100289e-050 1.33295145e-053 3.14532429e-087
  1.00000000e+000 1.92246738e-018 9.67563557e-053 3.70636643e-016
  7.87044515e-062 1.22177843e-051 4.64935672e-033 4.50958236e-045
  1.00000000e+000]
 [2.44093937e-031 1.44381916e-029 2.85030039e-073 9.49472888e-037
  3.13291089e-050 6.49686242e-060 6.77434574e-059 1.00748734e-050
  2.59517272e-014 1.49874813e-044 8.84327388e-049 5.32375066e-104
  1.92246738e-018 1.00000000e+000 1.06407475e-048 5.38567834e-024
  5.45852012e-043 1.58178451e-077 7.84866520e-050 4.75601896e-021
  1.00000000e+000]
 [7.78909222e-085 1.05367875e-029 6.87029222e-026 2.06672176e-051
  1.30706432e-047 3.30279662e-036 1.33482808e-039 1.78685343e-060
  2.30066340e-027 1.20758539e-010 4.13686365e-024 1.64353008e-068
  9.67563557e-053 1.06407475e-048 1.00000000e+000 2.82720253e-054
  9.71307459e-036 2.78400674e-058 2.14225447e-027 4.59505222e-038
  1.00000000e+000]
 [2.25094928e-049 2.73833423e-049 8.63750501e-046 2.06553716e-082
  2.69646454e-048 9.40897082e-084 7.08954987e-064 3.41121713e-065
  4.93923105e-042 8.00400449e-062 3.74904918e-030 6.88659654e-089
  3.70636643e-016 5.38567834e-024 2.82720253e-054 1.00000000e+000
  1.27639552e-068 1.62225538e-076 9.56360991e-033 5.17413612e-027
  1.00000000e+000]
 [1.87110189e-068 5.37488709e-031 9.23378500e-070 3.05109686e-059
  1.97541260e-039 3.01514930e-039 7.50289087e-034 2.69304803e-029
  7.14553924e-026 4.46351719e-012 1.44841914e-036 6.20512304e-050
  7.87044515e-062 5.45852012e-043 9.71307459e-036 1.27639552e-068
  1.00000000e+000 1.06663320e-095 6.44471375e-059 3.64681258e-021
  1.00000000e+000]
 [4.78330299e-037 3.19599375e-024 5.41338008e-064 6.27406347e-062
  2.54152575e-025 1.67942597e-091 1.75336886e-069 3.12732463e-065
  2.35903600e-047 1.05052900e-054 5.33490827e-066 1.42616854e-072
  1.22177843e-051 1.58178451e-077 2.78400674e-058 1.62225538e-076
  1.06663320e-095 1.00000000e+000 1.17452281e-070 3.65455888e-097
  1.00000000e+000]
 [2.59253893e-075 2.22713254e-048 5.10005230e-022 5.13077512e-051
  1.87272922e-054 6.74563191e-037 1.41217182e-019 5.33294493e-053
  3.52847436e-040 1.78717698e-037 1.58316094e-032 1.46502205e-053
  4.64935672e-033 7.84866520e-050 2.14225447e-027 9.56360991e-033
  6.44471375e-059 1.17452281e-070 1.00000000e+000 2.46216521e-050
  1.00000000e+000]
 [2.22032062e-062 1.48925836e-034 5.64708062e-069 1.31494490e-073
  2.92799203e-049 3.68842328e-050 2.34937810e-053 2.11983196e-039
  1.62786045e-032 5.79765567e-031 2.10050730e-017 9.70470397e-072
  4.50958236e-045 4.75601896e-021 4.59505222e-038 5.17413612e-027
  3.64681258e-021 3.65455888e-097 2.46216521e-050 1.00000000e+000
  1.00000000e+000]
 [1.00000000e+000 1.00000000e+000 1.00000000e+000 1.00000000e+000
  1.00000000e+000 1.00000000e+000 1.00000000e+000 1.00000000e+000
  1.00000000e+000 1.00000000e+000 1.00000000e+000 1.00000000e+000
  1.00000000e+000 1.00000000e+000 1.00000000e+000 1.00000000e+000
  1.00000000e+000 1.00000000e+000 1.00000000e+000 1.00000000e+000
  0.00000000e+000]]
