[[1.00000000e+00 6.89525062e-18 2.37337541e-35 7.26728387e-40
  1.11461965e-58 1.10742240e-74 5.57416947e-60 3.33579482e-48
  1.12055292e-10 1.41112072e-78 4.29123530e-46 1.39781350e-44
  6.44258407e-68 3.04905687e-21 4.16084398e-50 5.26413541e-35
  1.51987390e-47 4.38769957e-13 2.61836369e-29 2.14992572e-53
  1.00000000e+00]
 [6.89525062e-18 1.00000000e+00 1.31058536e-14 1.70227938e-24
  1.49221334e-38 2.02039049e-50 7.60644446e-45 4.35735501e-52
  1.09899792e-28 4.08596712e-62 2.20370127e-51 1.35456479e-34
  5.24928180e-39 1.22306357e-14 4.21116564e-37 2.94733333e-37
  1.54440865e-33 9.04352045e-16 7.80153158e-33 4.44866907e-23
  1.00000000e+00]
 [2.37337541e-35 1.31058536e-14 1.00000000e+00 2.07635644e-37
  1.94272008e-39 1.66878520e-67 4.39595633e-48 1.37470102e-87
  1.87315664e-62 9.68384704e-75 2.49967375e-65 3.23894817e-55
  6.70464673e-22 5.96235665e-38 4.53634032e-61 1.88298229e-48
  5.34969879e-55 2.46593531e-49 6.78341602e-30 7.31751755e-35
  1.00000000e+00]
 [7.26728387e-40 1.70227938e-24 2.07635644e-37 1.00000000e+00
  2.10546965e-47 1.64689353e-39 2.06256233e-07 3.36671463e-45
  1.29246943e-63 9.24324692e-49 3.56970988e-23 4.51164049e-42
  3.75281939e-31 3.43167406e-39 2.02729347e-32 6.28529401e-45
  1.78506023e-68 3.40009786e-47 1.61322780e-22 1.42848444e-14
  1.00000000e+00]
 [1.11461965e-58 1.49221334e-38 1.94272008e-39 2.10546965e-47
  1.00000000e+00 2.10300917e-18 2.54521531e-62 8.50814942e-43
  1.79578299e-73 2.28648809e-10 2.74187578e-44 4.07048548e-10
  4.88068330e-20 5.35617006e-24 1.10019151e-29 6.27439370e-23
  1.54977634e-31 2.14945596e-53 2.00336152e-27 2.73190603e-35
  1.00000000e+00]
 [1.10742240e-74 2.02039049e-50 1.66878520e-67 1.64689353e-39
  2.10300917e-18 1.00000000e+00 5.99531263e-64 4.34933836e-36
  1.99344456e-79 2.56457066e-11 6.02308397e-41 5.73521361e-23
  7.06467063e-30 4.23186040e-38 3.79005996e-07 5.20865150e-36
  3.86648423e-46 2.58112246e-63 4.62147121e-34 5.33424142e-41
  1.00000000e+00]
 [5.57416947e-60 7.60644446e-45 4.39595633e-48 2.06256233e-07
  2.54521531e-62 5.99531263e-64 1.00000000e+00 1.28868187e-64
  1.35492575e-96 1.39033500e-62 2.97646093e-28 5.13866923e-59
  1.18069336e-38 6.31395850e-63 1.52488118e-62 8.12828733e-61
  3.77058727e-96 9.32186691e-76 3.37856687e-33 6.79754234e-22
  1.00000000e+00]
 [3.33579482e-48 4.35735501e-52 1.37470102e-87 3.36671463e-45
  8.50814942e-43 4.34933836e-36 1.28868187e-64 1.00000000e+00
  8.09857494e-41 6.79233012e-28 2.44801085e-16 6.91107869e-23
  1.38300399e-74 3.08257821e-38 5.17891311e-33 4.92570364e-14
  1.47359123e-26 2.40441434e-46 3.20736786e-52 6.55672713e-65
  1.00000000e+00]
 [1.12055292e-10 1.09899792e-28 1.87315664e-62 1.29246943e-63
  1.79578299e-73 1.99344456e-79 1.35492575e-96 8.09857494e-41
  1.00000000e+00 1.54983795e-88 1.85168699e-59 3.63590179e-52
  6.98473243e-98 5.72915558e-28 4.30530498e-51 4.19536495e-37
  3.68758563e-35 8.75550787e-14 1.63203171e-56 3.81893152e-81
  1.00000000e+00]
 [1.41112072e-78 4.08596712e-62 9.68384704e-75 9.24324692e-49
  2.28648809e-10 2.56457066e-11 1.39033500e-62 6.79233012e-28
  1.54983795e-88 1.00000000e+00 2.10907775e-32 7.01091231e-12
  1.72261804e-35 3.38111356e-39 5.00944937e-26 1.66181361e-25
  9.61285569e-43 8.01058588e-71 3.23743502e-37 6.55548556e-46
  1.00000000e+00]
 [4.29123530e-46 2.20370127e-51 2.49967375e-65 3.56970988e-23
  2.74187578e-44 6.02308397e-41 2.97646093e-28 2.44801085e-16
  1.85168699e-59 2.10907775e-32 1.00000000e+00 1.16643168e-36
  8.61193356e-47 4.85944468e-53 2.53535386e-39 6.97316016e-17
  1.01780930e-50 3.01916356e-65 5.76212026e-29 4.00916192e-53
  1.00000000e+00]
 [1.39781350e-44 1.35456479e-34 3.23894817e-55 4.51164049e-42
  4.07048548e-10 5.73521361e-23 5.13866923e-59 6.91107869e-23
  3.63590179e-52 7.01091231e-12 1.16643168e-36 1.00000000e+00
  4.67860521e-44 1.45734802e-11 1.56112705e-27 5.21370797e-21
  1.63911481e-27 2.86120592e-31 2.45894599e-33 4.20233693e-31
  1.00000000e+00]
 [6.44258407e-68 5.24928180e-39 6.70464673e-22 3.75281939e-31
  4.88068330e-20 7.06467063e-30 1.18069336e-38 1.38300399e-74
  6.98473243e-98 1.72261804e-35 8.61193356e-47 4.67860521e-44
  1.00000000e+00 4.61771531e-51 2.49852779e-38 3.28441205e-43
  1.06109483e-63 6.08910269e-80 6.78188003e-20 1.05862946e-31
  1.00000000e+00]
 [3.04905687e-21 1.22306357e-14 5.96235665e-38 3.43167406e-39
  5.35617006e-24 4.23186040e-38 6.31395850e-63 3.08257821e-38
  5.72915558e-28 3.38111356e-39 4.85944468e-53 1.45734802e-11
  4.61771531e-51 1.00000000e+00 7.46455542e-29 1.81277389e-32
  9.86570660e-31 1.56727622e-07 2.45468679e-31 7.30311654e-27
  1.00000000e+00]
 [4.16084398e-50 4.21116564e-37 4.53634032e-61 2.02729347e-32
  1.10019151e-29 3.79005996e-07 1.52488118e-62 5.17891311e-33
  4.30530498e-51 5.00944937e-26 2.53535386e-39 1.56112705e-27
  2.49852779e-38 7.46455542e-29 1.00000000e+00 1.08704575e-35
  4.06888669e-45 8.40266911e-42 4.11442638e-27 2.97172077e-41
  1.00000000e+00]
 [5.26413541e-35 2.94733333e-37 1.88298229e-48 6.28529401e-45
  6.27439370e-23 5.20865150e-36 8.12828733e-61 4.92570364e-14
  4.19536495e-37 1.66181361e-25 6.97316016e-17 5.21370797e-21
  3.28441205e-43 1.81277389e-32 1.08704575e-35 1.00000000e+00
  2.18847199e-14 2.81473539e-46 1.39094680e-32 2.38713937e-61
  1.00000000e+00]
 [1.51987390e-47 1.54440865e-33 5.34969879e-55 1.78506023e-68
  1.54977634e-31 3.86648423e-46 3.77058727e-96 1.47359123e-26
  3.68758563e-35 9.61285569e-43 1.01780930e-50 1.63911481e-27
  1.06109483e-63 9.86570660e-31 4.06888669e-45 2.18847199e-14
  1.00000000e+00 7.28174957e-41 3.73792069e-65 1.89649261e-71
  1.00000000e+00]
 [4.38769957e-13 9.04352045e-16 2.46593531e-49 3.40009786e-47
  2.14945596e-53 2.58112246e-63 9.32186691e-76 2.40441434e-46
  8.75550787e-14 8.01058588e-71 3.01916356e-65 2.86120592e-31
  6.08910269e-80 1.56727622e-07 8.40266911e-42 2.81473539e-46
  7.28174957e-41 1.00000000e+00 2.30305839e-46 1.93589437e-42
  1.00000000e+00]
 [2.61836369e-29 7.80153158e-33 6.78341602e-30 1.61322780e-22
  2.00336152e-27 4.62147121e-34 3.37856687e-33 3.20736786e-52
  1.63203171e-56 3.23743502e-37 5.76212026e-29 2.45894599e-33
  6.78188003e-20 2.45468679e-31 4.11442638e-27 1.39094680e-32
  3.73792069e-65 2.30305839e-46 1.00000000e+00 2.15416143e-33
  1.00000000e+00]
 [2.14992572e-53 4.44866907e-23 7.31751755e-35 1.42848444e-14
  2.73190603e-35 5.33424142e-41 6.79754234e-22 6.55672713e-65
  3.81893152e-81 6.55548556e-46 4.00916192e-53 4.20233693e-31
  1.05862946e-31 7.30311654e-27 2.97172077e-41 2.38713937e-61
  1.89649261e-71 1.93589437e-42 2.15416143e-33 1.00000000e+00
  1.00000000e+00]
 [1.00000000e+00 1.00000000e+00 1.00000000e+00 1.00000000e+00
  1.00000000e+00 1.00000000e+00 1.00000000e+00 1.00000000e+00
  1.00000000e+00 1.00000000e+00 1.00000000e+00 1.00000000e+00
  1.00000000e+00 1.00000000e+00 1.00000000e+00 1.00000000e+00
  1.00000000e+00 1.00000000e+00 1.00000000e+00 1.00000000e+00
  0.00000000e+00]]
