[[1.00000000e+00 4.20218557e-45 5.03596110e-36 4.66169075e-52
  4.49651572e-53 2.61974341e-54 3.22597613e-62 1.92946926e-56
  3.53707286e-68 6.26242258e-32 8.81205360e-42 2.50248308e-57
  4.93409732e-19 6.62244932e-13 8.91160996e-34 1.24394261e-76
  1.41536326e-51 2.62223469e-13 1.62230981e-48 1.22319398e-38
  1.00000000e+00]
 [4.20218557e-45 1.00000000e+00 1.60568753e-11 2.84276262e-34
  1.20259545e-28 3.57507863e-73 2.62862218e-28 1.15029284e-21
  9.45464126e-14 1.08306408e-35 1.02788613e-37 1.66739254e-21
  1.55709156e-13 6.46406737e-56 6.43686676e-28 4.98921970e-27
  2.63254895e-20 4.32274555e-29 1.45636914e-28 3.15205546e-06
  1.00000000e+00]
 [5.03596110e-36 1.60568753e-11 1.00000000e+00 1.04911455e-44
  1.78204140e-28 5.50070522e-56 1.19242513e-21 1.86185840e-18
  2.33200550e-07 8.64213336e-37 1.76007797e-40 1.10253621e-40
  8.23822252e-08 1.67716126e-32 4.31626622e-33 3.72748466e-57
  5.11282950e-25 1.33869223e-17 7.13884906e-29 7.13976250e-05
  1.00000000e+00]
 [4.66169075e-52 2.84276262e-34 1.04911455e-44 1.00000000e+00
  8.62682157e-62 1.12391512e-80 2.53003892e-77 5.82750389e-69
  5.90945823e-52 8.54092411e-57 1.51833100e-05 8.88209991e-30
  3.16913373e-45 7.38617065e-62 3.68262761e-51 1.52599597e-57
  9.76623351e-55 8.68137120e-33 1.72386318e-16 3.96436167e-41
  1.00000000e+00]
 [4.49651572e-53 1.20259545e-28 1.78204140e-28 8.62682157e-62
  1.00000000e+00 2.38699679e-72 1.69944121e-53 1.41474696e-29
  3.64722864e-39 3.97643802e-30 2.55266282e-65 3.33990462e-36
  4.22294340e-39 1.42425967e-41 1.11279183e-42 1.76289525e-34
  6.17162988e-48 7.72563148e-41 2.50639776e-25 2.88189646e-39
  1.00000000e+00]
 [2.61974341e-54 3.57507863e-73 5.50070522e-56 1.12391512e-80
  2.38699679e-72 1.00000000e+00 9.97373060e-30 3.45224998e-68
  2.36633518e-82 9.39487402e-47 1.77759704e-88 5.96224320e-62
  6.14730377e-64 3.24058180e-29 1.01533585e-31 6.07044393e-88
  2.88784267e-45 9.32774900e-38 1.50222385e-44 7.49296074e-76
  1.00000000e+00]
 [3.22597613e-62 2.62862218e-28 1.19242513e-21 2.53003892e-77
  1.69944121e-53 9.97373060e-30 1.00000000e+00 1.09045049e-31
  4.39019688e-30 1.52583600e-43 1.56222653e-84 7.39352275e-45
  1.21194074e-32 9.53543050e-51 3.17110657e-24 1.41103513e-59
  3.74522583e-16 4.16138858e-39 1.30930468e-47 3.43134696e-29
  1.00000000e+00]
 [1.92946926e-56 1.15029284e-21 1.86185840e-18 5.82750389e-69
  1.41474696e-29 3.45224998e-68 1.09045049e-31 1.00000000e+00
  2.54679871e-17 7.31653159e-69 4.07390523e-62 1.73966952e-64
  5.16847075e-21 9.79820422e-51 2.98245960e-59 3.03190290e-35
  5.15988194e-56 8.47110670e-27 8.70609638e-42 4.66984742e-22
  1.00000000e+00]
 [3.53707286e-68 9.45464126e-14 2.33200550e-07 5.90945823e-52
  3.64722864e-39 2.36633518e-82 4.39019688e-30 2.54679871e-17
  1.00000000e+00 1.81545724e-65 1.31573036e-48 2.29891028e-53
  4.40857219e-20 1.80259149e-63 3.00906562e-57 1.28835927e-58
  5.49403199e-40 8.38802778e-35 1.37987884e-37 1.57007029e-08
  1.00000000e+00]
 [6.26242258e-32 1.08306408e-35 8.64213336e-37 8.54092411e-57
  3.97643802e-30 9.39487402e-47 1.52583600e-43 7.31653159e-69
  1.81545724e-65 1.00000000e+00 7.86882501e-68 1.32835023e-17
  2.04952347e-40 6.92290073e-32 1.63526124e-07 4.89590133e-59
  5.46011612e-17 2.93792989e-42 3.85655822e-35 1.12262327e-44
  1.00000000e+00]
 [8.81205360e-42 1.02788613e-37 1.76007797e-40 1.51833100e-05
  2.55266282e-65 1.77759704e-88 1.56222653e-84 4.07390523e-62
  1.31573036e-48 7.86882501e-68 1.00000000e+00 1.16668733e-48
  1.20595095e-35 1.23872516e-53 5.66461269e-64 2.04083781e-69
  1.40595370e-68 9.44829925e-24 4.78504735e-24 1.65792181e-36
  1.00000000e+00]
 [2.50248308e-57 1.66739254e-21 1.10253621e-40 8.88209991e-30
  3.33990462e-36 5.96224320e-62 7.39352275e-45 1.73966952e-64
  2.29891028e-53 1.32835023e-17 1.16668733e-48 1.00000000e+00
  6.13252219e-48 1.78201084e-63 3.92474907e-14 6.54309923e-32
  5.88052129e-16 3.19920534e-50 8.78119323e-22 3.45714864e-40
  1.00000000e+00]
 [4.93409732e-19 1.55709156e-13 8.23822252e-08 3.16913373e-45
  4.22294340e-39 6.14730377e-64 1.21194074e-32 5.16847075e-21
  4.40857219e-20 2.04952347e-40 1.20595095e-35 6.13252219e-48
  1.00000000e+00 7.62032973e-30 1.06118086e-34 6.25241490e-55
  2.05935684e-33 1.13554344e-11 1.42177371e-40 1.24480383e-05
  1.00000000e+00]
 [6.62244932e-13 6.46406737e-56 1.67716126e-32 7.38617065e-62
  1.42425967e-41 3.24058180e-29 9.53543050e-51 9.79820422e-51
  1.80259149e-63 6.92290073e-32 1.23872516e-53 1.78201084e-63
  7.62032973e-30 1.00000000e+00 1.48480526e-36 2.63209279e-86
  8.00851897e-54 1.04103194e-12 1.72557234e-36 2.26782693e-48
  1.00000000e+00]
 [8.91160996e-34 6.43686676e-28 4.31626622e-33 3.68262761e-51
  1.11279183e-42 1.01533585e-31 3.17110657e-24 2.98245960e-59
  3.00906562e-57 1.63526124e-07 5.66461269e-64 3.92474907e-14
  1.06118086e-34 1.48480526e-36 1.00000000e+00 2.56887918e-49
  8.12905710e-07 2.56545038e-36 1.28595134e-34 2.69315737e-37
  1.00000000e+00]
 [1.24394261e-76 4.98921970e-27 3.72748466e-57 1.52599597e-57
  1.76289525e-34 6.07044393e-88 1.41103513e-59 3.03190290e-35
  1.28835927e-58 4.89590133e-59 2.04083781e-69 6.54309923e-32
  6.25241490e-55 2.63209279e-86 2.56887918e-49 1.00000000e+00
  7.93552562e-56 9.94807892e-58 3.03751958e-40 2.16453970e-52
  1.00000000e+00]
 [1.41536326e-51 2.63254895e-20 5.11282950e-25 9.76623351e-55
  6.17162988e-48 2.88784267e-45 3.74522583e-16 5.15988194e-56
  5.49403199e-40 5.46011612e-17 1.40595370e-68 5.88052129e-16
  2.05935684e-33 8.00851897e-54 8.12905710e-07 7.93552562e-56
  1.00000000e+00 1.77091573e-45 4.59276599e-40 8.45228409e-27
  1.00000000e+00]
 [2.62223469e-13 4.32274555e-29 1.33869223e-17 8.68137120e-33
  7.72563148e-41 9.32774900e-38 4.16138858e-39 8.47110670e-27
  8.38802778e-35 2.93792989e-42 9.44829925e-24 3.19920534e-50
  1.13554344e-11 1.04103194e-12 2.56545038e-36 9.94807892e-58
  1.77091573e-45 1.00000000e+00 4.84151480e-24 5.60077432e-23
  1.00000000e+00]
 [1.62230981e-48 1.45636914e-28 7.13884906e-29 1.72386318e-16
  2.50639776e-25 1.50222385e-44 1.30930468e-47 8.70609638e-42
  1.37987884e-37 3.85655822e-35 4.78504735e-24 8.78119323e-22
  1.42177371e-40 1.72557234e-36 1.28595134e-34 3.03751958e-40
  4.59276599e-40 4.84151480e-24 1.00000000e+00 3.89205647e-38
  1.00000000e+00]
 [1.22319398e-38 3.15205546e-06 7.13976250e-05 3.96436167e-41
  2.88189646e-39 7.49296074e-76 3.43134696e-29 4.66984742e-22
  1.57007029e-08 1.12262327e-44 1.65792181e-36 3.45714864e-40
  1.24480383e-05 2.26782693e-48 2.69315737e-37 2.16453970e-52
  8.45228409e-27 5.60077432e-23 3.89205647e-38 1.00000000e+00
  1.00000000e+00]
 [1.00000000e+00 1.00000000e+00 1.00000000e+00 1.00000000e+00
  1.00000000e+00 1.00000000e+00 1.00000000e+00 1.00000000e+00
  1.00000000e+00 1.00000000e+00 1.00000000e+00 1.00000000e+00
  1.00000000e+00 1.00000000e+00 1.00000000e+00 1.00000000e+00
  1.00000000e+00 1.00000000e+00 1.00000000e+00 1.00000000e+00
  0.00000000e+00]]
