[[1.00000000e+00 7.50938973e-52 2.64906573e-89 2.94666261e-54
  4.19976977e-31 1.48784842e-19 3.33387431e-72 2.60092736e-47
  1.21331672e-63 2.39621078e-11 5.35225027e-48 4.36386220e-33
  5.82312459e-15 3.15495871e-05 2.10989610e-41 1.49851142e-15
  1.70992802e-86 3.50947088e-61 3.11344607e-31 7.33407008e-55
  1.00000000e+00]
 [7.50938973e-52 1.00000000e+00 9.36158688e-31 3.40658371e-43
  5.20995066e-16 1.90673448e-66 1.61646567e-74 4.01934220e-32
  3.95017576e-55 2.45688916e-44 2.08418274e-36 8.39003092e-67
  1.36683321e-35 2.12058425e-63 4.20021665e-76 3.02126496e-48
  6.79239049e-59 9.67069012e-47 1.53245390e-23 4.47791713e-43
  1.00000000e+00]
 [2.64906573e-89 9.36158688e-31 1.00000000e+00 2.51933255e-25
  6.04678276e-26 4.29141179e-77 4.45178562e-78 2.57392960e-43
  2.14444377e-80 5.36723498e-72 4.18675440e-45 3.59947214e-47
  1.44257948e-59 5.91751629e-83 2.99555828e-74 3.12762261e-47
  6.20103450e-18 6.87533431e-33 3.14709026e-44 2.54282268e-22
  1.00000000e+00]
 [2.94666261e-54 3.40658371e-43 2.51933255e-25 1.00000000e+00
  1.63603599e-36 1.48020067e-39 1.31532283e-59 4.55965875e-33
  8.31994581e-73 2.05909150e-38 2.48793278e-62 1.66299342e-13
  2.21696101e-41 8.96403996e-52 6.53922465e-38 1.29764105e-28
  2.01112395e-34 2.75000006e-08 1.61180256e-46 9.78749613e-24
  1.00000000e+00]
 [4.19976977e-31 5.20995066e-16 6.04678276e-26 1.63603599e-36
  1.00000000e+00 1.31402970e-31 3.38273262e-65 3.51620887e-26
  3.38884217e-49 6.60704117e-37 1.11757579e-15 3.70540483e-37
  2.06528367e-14 7.72893669e-32 2.39007887e-43 2.11662946e-19
  3.24903209e-36 1.37707861e-43 9.90354154e-06 2.10905230e-28
  1.00000000e+00]
 [1.48784842e-19 1.90673448e-66 4.29141179e-77 1.48020067e-39
  1.31402970e-31 1.00000000e+00 1.28095876e-64 3.84972070e-33
  3.11435150e-58 2.24314944e-36 3.00999254e-55 2.67791666e-20
  1.34565443e-09 5.80609923e-20 2.73993247e-09 6.65327719e-17
  2.83389356e-66 5.51037722e-52 3.36154533e-24 3.41541509e-50
  1.00000000e+00]
 [3.33387431e-72 1.61646567e-74 4.45178562e-78 1.31532283e-59
  3.38273262e-65 1.28095876e-64 1.00000000e+00 1.22199228e-18
  2.09414085e-10 6.63378579e-46 8.04477760e-78 1.32507935e-53
  4.16890135e-45 7.87530351e-67 1.36363319e-39 4.79084291e-47
  5.96077757e-39 1.35209371e-59 6.59185305e-80 5.42976277e-42
  1.00000000e+00]
 [2.60092736e-47 4.01934220e-32 2.57392960e-43 4.55965875e-33
  3.51620887e-26 3.84972070e-33 1.22199228e-18 1.00000000e+00
  5.05768932e-13 6.49511286e-38 4.56188751e-53 8.52386025e-39
  1.13262385e-15 1.46256068e-51 5.67972063e-20 4.33065495e-29
  1.61232105e-31 7.62223919e-43 3.44136955e-31 4.46812614e-25
  1.00000000e+00]
 [1.21331672e-63 3.95017576e-55 2.14444377e-80 8.31994581e-73
  3.38884217e-49 3.11435150e-58 2.09414085e-10 5.05768932e-13
  1.00000000e+00 1.15738259e-50 8.62869781e-60 1.25414196e-69
  3.57121585e-31 1.93412029e-65 3.13258876e-40 1.53783810e-51
  3.40332174e-51 1.58357806e-71 3.73989320e-55 2.09019968e-54
  1.00000000e+00]
 [2.39621078e-11 2.45688916e-44 5.36723498e-72 2.05909150e-38
  6.60704117e-37 2.24314944e-36 6.63378579e-46 6.49511286e-38
  1.15738259e-50 1.00000000e+00 1.01378610e-52 8.31881759e-27
  2.03100381e-25 3.85567037e-13 1.28686639e-47 2.24812316e-15
  1.54318880e-65 2.05079840e-41 2.79817345e-48 1.15472435e-36
  1.00000000e+00]
 [5.35225027e-48 2.08418274e-36 4.18675440e-45 2.48793278e-62
  1.11757579e-15 3.00999254e-55 8.04477760e-78 4.56188751e-53
  8.62869781e-60 1.01378610e-52 1.00000000e+00 2.86763437e-55
  2.49203013e-36 1.39167324e-39 1.32941536e-71 1.44647075e-39
  1.41418247e-49 5.85483106e-50 1.44687119e-21 7.83680025e-61
  1.00000000e+00]
 [4.36386220e-33 8.39003092e-67 3.59947214e-47 1.66299342e-13
  3.70540483e-37 2.67791666e-20 1.32507935e-53 8.52386025e-39
  1.25414196e-69 8.31881759e-27 2.86763437e-55 1.00000000e+00
  3.75430557e-30 3.29549661e-23 2.89401788e-23 1.00858519e-10
  5.18566090e-36 2.35599801e-21 3.70396526e-46 2.58967631e-25
  1.00000000e+00]
 [5.82312459e-15 1.36683321e-35 1.44257948e-59 2.21696101e-41
  2.06528367e-14 1.34565443e-09 4.16890135e-45 1.13262385e-15
  3.57121585e-31 2.03100381e-25 2.49203013e-36 3.75430557e-30
  1.00000000e+00 2.40745589e-19 4.79210817e-16 8.35709567e-14
  2.41327497e-52 8.29068640e-52 6.40213481e-12 1.50075317e-36
  1.00000000e+00]
 [3.15495871e-05 2.12058425e-63 5.91751629e-83 8.96403996e-52
  7.72893669e-32 5.80609923e-20 7.87530351e-67 1.46256068e-51
  1.93412029e-65 3.85567037e-13 1.39167324e-39 3.29549661e-23
  2.40745589e-19 1.00000000e+00 9.71879265e-40 6.05743729e-10
  7.18003617e-71 3.74408322e-55 3.03022192e-36 2.84466915e-49
  1.00000000e+00]
 [2.10989610e-41 4.20021665e-76 2.99555828e-74 6.53922465e-38
  2.39007887e-43 2.73993247e-09 1.36363319e-39 5.67972063e-20
  3.13258876e-40 1.28686639e-47 1.32941536e-71 2.89401788e-23
  4.79210817e-16 9.71879265e-40 1.00000000e+00 1.41112743e-24
  3.18328976e-50 3.47686886e-52 2.44023133e-39 1.14400064e-42
  1.00000000e+00]
 [1.49851142e-15 3.02126496e-48 3.12762261e-47 1.29764105e-28
  2.11662946e-19 6.65327719e-17 4.79084291e-47 4.33065495e-29
  1.53783810e-51 2.24812316e-15 1.44647075e-39 1.00858519e-10
  8.35709567e-14 6.05743729e-10 1.41112743e-24 1.00000000e+00
  3.86077839e-35 1.11702745e-40 2.71754161e-29 1.68946919e-17
  1.00000000e+00]
 [1.70992802e-86 6.79239049e-59 6.20103450e-18 2.01112395e-34
  3.24903209e-36 2.83389356e-66 5.96077757e-39 1.61232105e-31
  3.40332174e-51 1.54318880e-65 1.41418247e-49 5.18566090e-36
  2.41327497e-52 7.18003617e-71 3.18328976e-50 3.86077839e-35
  1.00000000e+00 1.71828125e-41 9.22762521e-58 2.25948528e-14
  1.00000000e+00]
 [3.50947088e-61 9.67069012e-47 6.87533431e-33 2.75000006e-08
  1.37707861e-43 5.51037722e-52 1.35209371e-59 7.62223919e-43
  1.58357806e-71 2.05079840e-41 5.85483106e-50 2.35599801e-21
  8.29068640e-52 3.74408322e-55 3.47686886e-52 1.11702745e-40
  1.71828125e-41 1.00000000e+00 2.46478048e-53 1.75428969e-42
  1.00000000e+00]
 [3.11344607e-31 1.53245390e-23 3.14709026e-44 1.61180256e-46
  9.90354154e-06 3.36154533e-24 6.59185305e-80 3.44136955e-31
  3.73989320e-55 2.79817345e-48 1.44687119e-21 3.70396526e-46
  6.40213481e-12 3.03022192e-36 2.44023133e-39 2.71754161e-29
  9.22762521e-58 2.46478048e-53 1.00000000e+00 1.98401978e-49
  1.00000000e+00]
 [7.33407008e-55 4.47791713e-43 2.54282268e-22 9.78749613e-24
  2.10905230e-28 3.41541509e-50 5.42976277e-42 4.46812614e-25
  2.09019968e-54 1.15472435e-36 7.83680025e-61 2.58967631e-25
  1.50075317e-36 2.84466915e-49 1.14400064e-42 1.68946919e-17
  2.25948528e-14 1.75428969e-42 1.98401978e-49 1.00000000e+00
  1.00000000e+00]
 [1.00000000e+00 1.00000000e+00 1.00000000e+00 1.00000000e+00
  1.00000000e+00 1.00000000e+00 1.00000000e+00 1.00000000e+00
  1.00000000e+00 1.00000000e+00 1.00000000e+00 1.00000000e+00
  1.00000000e+00 1.00000000e+00 1.00000000e+00 1.00000000e+00
  1.00000000e+00 1.00000000e+00 1.00000000e+00 1.00000000e+00
  0.00000000e+00]]
