[[1.         0.01089087 0.07909756 0.06646553 0.00722329 0.05168419
  0.04856006 0.04863266 0.0549271  0.03905225]
 [0.01089087 1.         0.05458723 0.05760104 0.02298868 0.03886745
  0.06485355 0.04382859 0.06388067 0.06597902]
 [0.07909756 0.05458723 1.         0.00756666 0.06452666 0.07524602
  0.06387341 0.03180849 0.05585269 0.08777973]
 [0.06646553 0.05760104 0.00756666 1.         0.06565848 0.04577942
  0.06437157 0.05435905 0.06132305 0.05393387]
 [0.00722329 0.02298868 0.06452666 0.06565848 1.         0.0781172
  0.04464048 0.05743911 0.04248521 0.05762192]
 [0.05168419 0.03886745 0.07524602 0.04577942 0.0781172  1.
  0.04706089 0.06068553 0.07447454 0.00337123]
 [0.04856006 0.06485355 0.06387341 0.06437157 0.04464048 0.04706089
  1.         0.0795913  0.00304072 0.06417174]
 [0.04863266 0.04382859 0.03180849 0.05435905 0.05743911 0.06068553
  0.0795913  1.         0.0577783  0.07396502]
 [0.0549271  0.06388067 0.05585269 0.06132305 0.04248521 0.07447454
  0.00304072 0.0577783  1.         0.03719592]
 [0.03905225 0.06597902 0.08777973 0.05393387 0.05762192 0.00337123
  0.06417174 0.07396502 0.03719592 1.        ]]
