[[1.00000000e+00 2.70287154e-67 1.52977081e-45 2.66101065e-63
  4.19041789e-66 5.10367979e-52 5.18419152e-87 1.61096882e-26
  4.97479147e-27 6.09369419e-85 7.77246501e-37 4.37899714e-58
  1.47058090e-17 1.23751791e-72 1.61532429e-77 1.76938856e-08
  5.35977543e-77 6.06076682e-49 1.20666764e-32 1.01203856e-45
  1.00000000e+00]
 [2.70287154e-67 1.00000000e+00 4.00816670e-56 6.34653333e-35
  1.61149842e-66 1.18376513e-28 3.33465953e-26 1.51113728e-51
  5.29886890e-61 1.45500801e-18 6.41047975e-40 1.56279669e-43
  8.63152171e-40 1.15559858e-42 1.93144878e-79 4.75627080e-47
  2.13898536e-33 2.30567473e-62 6.11069815e-52 1.12413102e-27
  1.00000000e+00]
 [1.52977081e-45 4.00816670e-56 1.00000000e+00 3.28204188e-34
  6.29898312e-54 6.36576462e-30 4.06755151e-37 3.74786503e-51
  9.24924299e-54 5.69386051e-59 3.97646853e-33 3.75210965e-47
  6.03533547e-25 3.49875481e-36 3.11666964e-23 2.13746299e-50
  5.84362042e-37 1.80326934e-16 2.42483470e-18 1.83109819e-24
  1.00000000e+00]
 [2.66101065e-63 6.34653333e-35 3.28204188e-34 1.00000000e+00
  4.06840556e-40 2.87603563e-50 5.95622219e-39 1.30276109e-41
  1.33194119e-75 6.17382554e-30 4.66077747e-21 8.59437739e-35
  3.86204304e-36 2.91313415e-27 1.19292222e-21 1.99566443e-57
  1.69663604e-08 5.26081098e-34 1.66248398e-22 1.24897038e-06
  1.00000000e+00]
 [4.19041789e-66 1.61149842e-66 6.29898312e-54 4.06840556e-40
  1.00000000e+00 7.25750253e-67 7.22964839e-38 1.39890359e-19
  1.58791489e-45 2.48363220e-48 1.40717488e-66 1.41219996e-52
  3.30753639e-78 3.27502050e-36 3.72951103e-32 1.06418684e-61
  2.22201998e-30 5.44223551e-14 2.93791453e-58 1.11389975e-32
  1.00000000e+00]
 [5.10367979e-52 1.18376513e-28 6.36576462e-30 2.87603563e-50
  7.25750253e-67 1.00000000e+00 2.68021609e-31 1.85524257e-51
  6.72464266e-33 3.38572680e-34 7.91995512e-25 1.36906668e-17
  2.60850644e-36 3.87638801e-44 2.25703215e-55 1.38417621e-47
  1.47276433e-60 2.03510621e-42 6.12772330e-40 1.09771774e-45
  1.00000000e+00]
 [5.18419152e-87 3.33465953e-26 4.06755151e-37 5.95622219e-39
  7.22964839e-38 2.68021609e-31 1.00000000e+00 8.59989634e-44
  8.49135820e-51 1.02051702e-13 2.02432210e-60 3.18645006e-43
  1.90356654e-67 1.19319910e-45 5.06531414e-46 1.07797103e-79
  3.32126828e-28 3.64739203e-29 7.66325311e-47 1.05395640e-27
  1.00000000e+00]
 [1.61096882e-26 1.51113728e-51 3.74786503e-51 1.30276109e-41
  1.39890359e-19 1.85524257e-51 8.59989634e-44 1.00000000e+00
  2.84259094e-15 1.27304529e-38 5.12730175e-45 2.86034481e-38
  9.66825264e-48 2.34552462e-61 4.97943614e-51 6.28407930e-33
  2.19973745e-45 2.75199658e-26 4.99589732e-32 9.72012821e-28
  1.00000000e+00]
 [4.97479147e-27 5.29886890e-61 9.24924299e-54 1.33194119e-75
  1.58791489e-45 6.72464266e-33 8.49135820e-51 2.84259094e-15
  1.00000000e+00 3.09102085e-51 6.80718178e-52 3.15566264e-35
  5.12803415e-54 5.14080432e-82 9.45662040e-74 9.28151350e-38
  7.55030613e-84 8.16258322e-39 1.84774106e-44 4.49392292e-57
  1.00000000e+00]
 [6.09369419e-85 1.45500801e-18 5.69386051e-59 6.17382554e-30
  2.48363220e-48 3.38572680e-34 1.02051702e-13 1.27304529e-38
  3.09102085e-51 1.00000000e+00 8.77007755e-44 3.87455211e-26
  5.07112277e-67 2.62945916e-59 3.94474083e-56 3.10791526e-79
  2.77525530e-33 6.00524806e-51 1.54678966e-42 7.68667757e-28
  1.00000000e+00]
 [7.77246501e-37 6.41047975e-40 3.97646853e-33 4.66077747e-21
  1.40717488e-66 7.91995512e-25 2.02432210e-60 5.12730175e-45
  6.80718178e-52 8.77007755e-44 1.00000000e+00 5.53055696e-15
  5.90106069e-19 4.96923846e-41 4.17274435e-38 1.56251369e-37
  2.13415786e-45 1.12943909e-47 4.37967199e-19 4.02766972e-28
  1.00000000e+00]
 [4.37899714e-58 1.56279669e-43 3.75210965e-47 8.59437739e-35
  1.41219996e-52 1.36906668e-17 3.18645006e-43 2.86034481e-38
  3.15566264e-35 3.87455211e-26 5.53055696e-15 1.00000000e+00
  1.12396354e-51 7.24277359e-52 5.50973513e-39 2.69649086e-61
  1.08820746e-56 1.47529351e-44 8.14139732e-34 1.28260519e-42
  1.00000000e+00]
 [1.47058090e-17 8.63152171e-40 6.03533547e-25 3.86204304e-36
  3.30753639e-78 2.60850644e-36 1.90356654e-67 9.66825264e-48
  5.12803415e-54 5.07112277e-67 5.90106069e-19 1.12396354e-51
  1.00000000e+00 4.04256975e-47 4.08390635e-61 8.58503485e-16
  1.08526256e-48 6.69478814e-49 9.38129449e-21 4.15078305e-26
  1.00000000e+00]
 [1.23751791e-72 1.15559858e-42 3.49875481e-36 2.91313415e-27
  3.27502050e-36 3.87638801e-44 1.19319910e-45 2.34552462e-61
  5.14080432e-82 2.62945916e-59 4.96923846e-41 7.24277359e-52
  4.04256975e-47 1.00000000e+00 4.55644740e-33 5.68604050e-50
  5.73976544e-21 8.19342126e-29 1.32990737e-61 4.73219383e-30
  1.00000000e+00]
 [1.61532429e-77 1.93144878e-79 3.11666964e-23 1.19292222e-21
  3.72951103e-32 2.25703215e-55 5.06531414e-46 4.97943614e-51
  9.45662040e-74 3.94474083e-56 4.17274435e-38 5.50973513e-39
  4.08390635e-61 4.55644740e-33 1.00000000e+00 1.96890715e-83
  2.41744576e-28 2.57613572e-15 1.13402548e-30 8.48815714e-28
  1.00000000e+00]
 [1.76938856e-08 4.75627080e-47 2.13746299e-50 1.99566443e-57
  1.06418684e-61 1.38417621e-47 1.07797103e-79 6.28407930e-33
  9.28151350e-38 3.10791526e-79 1.56251369e-37 2.69649086e-61
  8.58503485e-16 5.68604050e-50 1.96890715e-83 1.00000000e+00
  2.31595271e-63 1.50613947e-51 3.89136714e-47 1.14678715e-41
  1.00000000e+00]
 [5.35977543e-77 2.13898536e-33 5.84362042e-37 1.69663604e-08
  2.22201998e-30 1.47276433e-60 3.32126828e-28 2.19973745e-45
  7.55030613e-84 2.77525530e-33 2.13415786e-45 1.08820746e-56
  1.08526256e-48 5.73976544e-21 2.41744576e-28 2.31595271e-63
  1.00000000e+00 1.96152516e-28 5.45330614e-39 5.44293927e-07
  1.00000000e+00]
 [6.06076682e-49 2.30567473e-62 1.80326934e-16 5.26081098e-34
  5.44223551e-14 2.03510621e-42 3.64739203e-29 2.75199658e-26
  8.16258322e-39 6.00524806e-51 1.12943909e-47 1.47529351e-44
  6.69478814e-49 8.19342126e-29 2.57613572e-15 1.50613947e-51
  1.96152516e-28 1.00000000e+00 3.67135685e-32 8.19655061e-24
  1.00000000e+00]
 [1.20666764e-32 6.11069815e-52 2.42483470e-18 1.66248398e-22
  2.93791453e-58 6.12772330e-40 7.66325311e-47 4.99589732e-32
  1.84774106e-44 1.54678966e-42 4.37967199e-19 8.14139732e-34
  9.38129449e-21 1.32990737e-61 1.13402548e-30 3.89136714e-47
  5.45330614e-39 3.67135685e-32 1.00000000e+00 2.43992857e-16
  1.00000000e+00]
 [1.01203856e-45 1.12413102e-27 1.83109819e-24 1.24897038e-06
  1.11389975e-32 1.09771774e-45 1.05395640e-27 9.72012821e-28
  4.49392292e-57 7.68667757e-28 4.02766972e-28 1.28260519e-42
  4.15078305e-26 4.73219383e-30 8.48815714e-28 1.14678715e-41
  5.44293927e-07 8.19655061e-24 2.43992857e-16 1.00000000e+00
  1.00000000e+00]
 [1.00000000e+00 1.00000000e+00 1.00000000e+00 1.00000000e+00
  1.00000000e+00 1.00000000e+00 1.00000000e+00 1.00000000e+00
  1.00000000e+00 1.00000000e+00 1.00000000e+00 1.00000000e+00
  1.00000000e+00 1.00000000e+00 1.00000000e+00 1.00000000e+00
  1.00000000e+00 1.00000000e+00 1.00000000e+00 1.00000000e+00
  0.00000000e+00]]
