[[1.00000000e+00 1.99894782e-17 2.04123876e-78 ... 2.57869529e-34
  7.10153907e-57 1.00000000e+00]
 [1.99894782e-17 1.00000000e+00 1.00402594e-36 ... 1.02186618e-24
  2.67509309e-17 1.00000000e+00]
 [2.04123876e-78 1.00402594e-36 1.00000000e+00 ... 3.05020259e-60
  8.50248688e-27 1.00000000e+00]
 ...
 [2.57869529e-34 1.02186618e-24 3.05020259e-60 ... 1.00000000e+00
  1.13465896e-39 1.00000000e+00]
 [7.10153907e-57 2.67509309e-17 8.50248688e-27 ... 1.13465896e-39
  1.00000000e+00 1.00000000e+00]
 [1.00000000e+00 1.00000000e+00 1.00000000e+00 ... 1.00000000e+00
  1.00000000e+00 0.00000000e+00]]
