[[1.00000000e+00 5.71584104e-13 1.27950102e-61 ... 1.16761159e-54
  3.49940219e-88 1.00000000e+00]
 [5.71584104e-13 1.00000000e+00 3.24991734e-36 ... 7.07071358e-32
  1.03569790e-46 1.00000000e+00]
 [1.27950102e-61 3.24991734e-36 1.00000000e+00 ... 7.03563146e-86
  7.25167744e-38 1.00000000e+00]
 ...
 [1.16761159e-54 7.07071358e-32 7.03563146e-86 ... 1.00000000e+00
  1.38211980e-53 1.00000000e+00]
 [3.49940219e-88 1.03569790e-46 7.25167744e-38 ... 1.38211980e-53
  1.00000000e+00 1.00000000e+00]
 [1.00000000e+00 1.00000000e+00 1.00000000e+00 ... 1.00000000e+00
  1.00000000e+00 0.00000000e+00]]
