[[1.00000000e+00 1.30583611e-15 2.38711744e-40 ... 8.21728358e-46
  6.26016461e-71 1.00000000e+00]
 [1.30583611e-15 1.00000000e+00 2.49069532e-41 ... 2.71452698e-16
  4.28021255e-79 1.00000000e+00]
 [2.38711744e-40 2.49069532e-41 1.00000000e+00 ... 3.80977012e-48
  9.56760261e-14 1.00000000e+00]
 ...
 [8.21728358e-46 2.71452698e-16 3.80977012e-48 ... 1.00000000e+00
  3.43922807e-78 1.00000000e+00]
 [6.26016461e-71 4.28021255e-79 9.56760261e-14 ... 3.43922807e-78
  1.00000000e+00 1.00000000e+00]
 [1.00000000e+00 1.00000000e+00 1.00000000e+00 ... 1.00000000e+00
  1.00000000e+00 0.00000000e+00]]
