[[1.00000000e+00 3.10725299e-34 5.58208508e-40 ... 7.95689450e-21
  3.72841586e-32 1.00000000e+00]
 [3.10725299e-34 1.00000000e+00 7.11906941e-40 ... 1.39512408e-37
  6.37093232e-67 1.00000000e+00]
 [5.58208508e-40 7.11906941e-40 1.00000000e+00 ... 7.40623990e-10
  2.60370471e-37 1.00000000e+00]
 ...
 [7.95689450e-21 1.39512408e-37 7.40623990e-10 ... 1.00000000e+00
  1.42274147e-14 1.00000000e+00]
 [3.72841586e-32 6.37093232e-67 2.60370471e-37 ... 1.42274147e-14
  1.00000000e+00 1.00000000e+00]
 [1.00000000e+00 1.00000000e+00 1.00000000e+00 ... 1.00000000e+00
  1.00000000e+00 0.00000000e+00]]
