[[1.00000000e+00 1.89415409e-27 2.94121261e-42 1.00045621e-89
  2.59333690e-67 7.80225259e-25 4.00828010e-98 4.04420030e-62
  6.66945150e-52 1.31658669e-19 5.40351100e-76 1.58844332e-25
  1.65972221e-38 6.34200907e-34 1.07879767e-63 1.56075408e-78
  2.68760004e-65 5.57387523e-25 2.73640415e-40 5.49127690e-54
  1.00000000e+00]
 [1.89415409e-27 1.00000000e+00 2.05904613e-48 6.11023159e-73
  2.45843058e-35 2.73482224e-39 3.51255210e-54 9.45410179e-16
  1.66396114e-36 1.00559368e-39 1.73597847e-60 5.15025529e-39
  1.44559446e-16 2.71295833e-36 9.93004477e-45 2.91707947e-38
  4.57977187e-49 3.13859366e-14 1.60095167e-48 2.30579509e-62
  1.00000000e+00]
 [2.94121261e-42 2.05904613e-48 1.00000000e+00 1.91449399e-30
  8.79878464e-26 1.21039881e-36 2.88064295e-33 1.05328402e-41
  8.02390285e-33 2.76760022e-29 4.01473594e-30 1.09804452e-16
  3.94419823e-20 1.00771275e-12 2.35900653e-32 2.21501323e-33
  7.36534359e-46 3.47825186e-21 2.33459766e-50 1.25264081e-33
  1.00000000e+00]
 [1.00045621e-89 6.11023159e-73 1.91449399e-30 1.00000000e+00
  9.60270516e-17 5.23255594e-52 6.80826630e-41 6.23485455e-52
  3.10010636e-64 6.24044071e-78 2.34218484e-15 2.93818577e-53
  6.78390079e-33 2.18802675e-15 7.19558341e-49 6.50508288e-51
  2.26094546e-53 4.79776425e-35 1.00861877e-97 7.82725511e-62
  1.00000000e+00]
 [2.59333690e-67 2.45843058e-35 8.79878464e-26 9.60270516e-17
  1.00000000e+00 5.21282461e-37 4.21318912e-20 1.26017737e-16
  2.00624850e-53 8.85331820e-50 4.80034881e-30 2.04516891e-51
  9.00253903e-11 3.62298579e-18 2.02025063e-19 4.51462761e-35
  2.18063352e-34 1.58573437e-20 3.73553940e-85 7.58306882e-70
  1.00000000e+00]
 [7.80225259e-25 2.73482224e-39 1.21039881e-36 5.23255594e-52
  5.21282461e-37 1.00000000e+00 4.74077562e-60 6.69518724e-46
  9.90707723e-82 1.06175920e-12 1.48407050e-53 7.60192287e-42
  3.50000693e-30 6.37167348e-25 5.90767497e-23 1.04344232e-70
  3.60742211e-30 9.80798592e-17 1.67483140e-46 7.05110633e-55
  1.00000000e+00]
 [4.00828010e-98 3.51255210e-54 2.88064295e-33 6.80826630e-41
  4.21318912e-20 4.74077562e-60 1.00000000e+00 2.60899513e-18
  4.34933226e-64 6.06683503e-60 1.21356961e-40 7.59459644e-61
  3.91015930e-27 5.80612866e-46 7.10068998e-18 6.70905564e-17
  8.79555982e-36 7.38607708e-32 1.51503515e-66 3.06985437e-59
  1.00000000e+00]
 [4.04420030e-62 9.45410179e-16 1.05328402e-41 6.23485455e-52
  1.26017737e-16 6.69518724e-46 2.60899513e-18 1.00000000e+00
  9.81424075e-53 4.88046342e-51 2.45958498e-42 9.01017381e-49
  6.78952841e-17 6.18249387e-40 1.62796352e-23 9.75324155e-18
  4.42522067e-44 5.21620202e-18 3.03252702e-61 6.69512267e-60
  1.00000000e+00]
 [6.66945150e-52 1.66396114e-36 8.02390285e-33 3.10010636e-64
  2.00624850e-53 9.90707723e-82 4.34933226e-64 9.81424075e-53
  1.00000000e+00 2.38771324e-67 3.73299033e-58 1.45825989e-31
  1.41243045e-25 5.85934531e-32 1.00584537e-81 2.75389290e-38
  2.12739615e-65 1.01913930e-32 9.60752586e-56 6.44875653e-56
  1.00000000e+00]
 [1.31658669e-19 1.00559368e-39 2.76760022e-29 6.24044071e-78
  8.85331820e-50 1.06175920e-12 6.06683503e-60 4.88046342e-51
  2.38771324e-67 1.00000000e+00 2.12002605e-78 8.67030608e-40
  1.48709386e-29 8.92628215e-36 1.17657638e-23 3.71653348e-70
  5.47278848e-31 2.04658638e-23 1.02227268e-37 6.21186494e-60
  1.00000000e+00]
 [5.40351100e-76 1.73597847e-60 4.01473594e-30 2.34218484e-15
  4.80034881e-30 1.48407050e-53 1.21356961e-40 2.45958498e-42
  3.73299033e-58 2.12002605e-78 1.00000000e+00 1.68735126e-27
  8.32545757e-42 5.01112681e-21 8.82988558e-58 7.42700508e-27
  9.32029462e-73 2.09409327e-27 5.27274593e-66 1.79701946e-24
  1.00000000e+00]
 [1.58844332e-25 5.15025529e-39 1.09804452e-16 2.93818577e-53
  2.04516891e-51 7.60192287e-42 7.59459644e-61 9.01017381e-49
  1.45825989e-31 8.67030608e-40 1.68735126e-27 1.00000000e+00
  1.53214848e-36 4.23733824e-21 1.44652722e-61 2.15758767e-32
  1.02904880e-73 6.76076273e-20 4.91253288e-30 1.23329050e-11
  1.00000000e+00]
 [1.65972221e-38 1.44559446e-16 3.94419823e-20 6.78390079e-33
  9.00253903e-11 3.50000693e-30 3.91015930e-27 6.78952841e-17
  1.41243045e-25 1.48709386e-29 8.32545757e-42 1.53214848e-36
  1.00000000e+00 9.76520194e-14 3.50920577e-22 5.67662725e-32
  7.29669475e-21 2.95496877e-09 1.11138040e-53 4.08558948e-59
  1.00000000e+00]
 [6.34200907e-34 2.71295833e-36 1.00771275e-12 2.18802675e-15
  3.62298579e-18 6.37167348e-25 5.80612866e-46 6.18249387e-40
  5.85934531e-32 8.92628215e-36 5.01112681e-21 4.23733824e-21
  9.76520194e-14 1.00000000e+00 7.44699824e-39 4.00255607e-43
  7.67063708e-38 4.99650125e-12 1.98113232e-55 7.90455851e-40
  1.00000000e+00]
 [1.07879767e-63 9.93004477e-45 2.35900653e-32 7.19558341e-49
  2.02025063e-19 5.90767497e-23 7.10068998e-18 1.62796352e-23
  1.00584537e-81 1.17657638e-23 8.82988558e-58 1.44652722e-61
  3.50920577e-22 7.44699824e-39 1.00000000e+00 7.18433121e-46
  1.26552517e-19 2.01942818e-24 2.75155696e-62 9.24250762e-71
  1.00000000e+00]
 [1.56075408e-78 2.91707947e-38 2.21501323e-33 6.50508288e-51
  4.51462761e-35 1.04344232e-70 6.70905564e-17 9.75324155e-18
  2.75389290e-38 3.71653348e-70 7.42700508e-27 2.15758767e-32
  5.67662725e-32 4.00255607e-43 7.18433121e-46 1.00000000e+00
  7.54229079e-62 1.92958370e-25 2.36856399e-44 4.06377153e-29
  1.00000000e+00]
 [2.68760004e-65 4.57977187e-49 7.36534359e-46 2.26094546e-53
  2.18063352e-34 3.60742211e-30 8.79555982e-36 4.42522067e-44
  2.12739615e-65 5.47278848e-31 9.32029462e-73 1.02904880e-73
  7.29669475e-21 7.67063708e-38 1.26552517e-19 7.54229079e-62
  1.00000000e+00 1.05045320e-24 2.16603797e-52 1.85013771e-81
  1.00000000e+00]
 [5.57387523e-25 3.13859366e-14 3.47825186e-21 4.79776425e-35
  1.58573437e-20 9.80798592e-17 7.38607708e-32 5.21620202e-18
  1.01913930e-32 2.04658638e-23 2.09409327e-27 6.76076273e-20
  2.95496877e-09 4.99650125e-12 2.01942818e-24 1.92958370e-25
  1.05045320e-24 1.00000000e+00 5.74687530e-27 7.29507400e-30
  1.00000000e+00]
 [2.73640415e-40 1.60095167e-48 2.33459766e-50 1.00861877e-97
  3.73553940e-85 1.67483140e-46 1.51503515e-66 3.03252702e-61
  9.60752586e-56 1.02227268e-37 5.27274593e-66 4.91253288e-30
  1.11138040e-53 1.98113232e-55 2.75155696e-62 2.36856399e-44
  2.16603797e-52 5.74687530e-27 1.00000000e+00 8.52070506e-22
  1.00000000e+00]
 [5.49127690e-54 2.30579509e-62 1.25264081e-33 7.82725511e-62
  7.58306882e-70 7.05110633e-55 3.06985437e-59 6.69512267e-60
  6.44875653e-56 6.21186494e-60 1.79701946e-24 1.23329050e-11
  4.08558948e-59 7.90455851e-40 9.24250762e-71 4.06377153e-29
  1.85013771e-81 7.29507400e-30 8.52070506e-22 1.00000000e+00
  1.00000000e+00]
 [1.00000000e+00 1.00000000e+00 1.00000000e+00 1.00000000e+00
  1.00000000e+00 1.00000000e+00 1.00000000e+00 1.00000000e+00
  1.00000000e+00 1.00000000e+00 1.00000000e+00 1.00000000e+00
  1.00000000e+00 1.00000000e+00 1.00000000e+00 1.00000000e+00
  1.00000000e+00 1.00000000e+00 1.00000000e+00 1.00000000e+00
  0.00000000e+00]]
