[[1.00000000e+000 4.44498170e-041 8.50316230e-028 7.06149550e-032
  2.22550070e-100 1.81379116e-032 4.21706163e-036 9.58551807e-030
  2.99750690e-075 8.70734627e-010 1.07050667e-058 1.35549846e-088
  2.54559135e-051 1.20564768e-040 1.42077425e-077 1.61984874e-008
  1.26326608e-029 2.83060233e-037 1.93698976e-058 3.73214000e-062
  1.00000000e+000]
 [4.44498170e-041 1.00000000e+000 1.50846211e-037 7.36560239e-068
  2.13209472e-059 5.60917468e-013 1.61720463e-040 1.99599842e-012
  8.06873357e-061 4.21789261e-053 8.00744378e-068 1.75252066e-046
  1.60509849e-028 8.83163244e-031 8.29644349e-040 1.42576691e-026
  2.23496730e-082 3.69897062e-027 3.16165783e-077 2.67402676e-071
  1.00000000e+000]
 [8.50316230e-028 1.50846211e-037 1.00000000e+000 8.08081119e-062
  2.95968039e-097 5.97377546e-018 1.40718146e-066 6.91269914e-033
  4.36555367e-060 9.76210031e-034 7.23862569e-091 1.28989840e-082
  8.67618454e-061 2.06119359e-042 2.41137477e-076 1.22538893e-023
  1.06209407e-053 5.10050497e-021 3.34981891e-098 4.74339311e-067
  1.00000000e+000]
 [7.06149550e-032 7.36560239e-068 8.08081119e-062 1.00000000e+000
  2.64556714e-065 1.42740658e-053 6.17358757e-046 2.37830676e-043
  4.79249626e-041 1.67426660e-013 1.16887307e-055 2.52283581e-076
  4.72704450e-040 1.12922481e-029 7.61118390e-069 2.53396532e-034
  3.53373460e-031 5.87140398e-048 1.12993035e-054 1.31922226e-020
  1.00000000e+000]
 [2.22550070e-100 2.13209472e-059 2.95968039e-097 2.64556714e-065
  1.00000000e+000 8.28875098e-044 4.29515085e-039 1.46635185e-033
  9.98232683e-042 1.51972496e-094 6.77264929e-046 5.99270745e-018
  3.43606878e-035 3.30977870e-079 1.75041769e-023 3.61150654e-071
  9.20210800e-083 5.81967202e-053 1.04563003e-053 2.07884666e-044
  1.00000000e+000]
 [1.81379116e-032 5.60917468e-013 5.97377546e-018 1.42740658e-053
  8.28875098e-044 1.00000000e+000 9.37316514e-027 2.83412517e-009
  5.26228561e-034 6.29034567e-044 2.96756577e-058 8.02771399e-030
  1.01226843e-028 2.35308821e-037 2.49841924e-028 1.34259343e-018
  8.01931614e-060 2.07388747e-012 4.55721373e-052 1.38321088e-045
  1.00000000e+000]
 [4.21706163e-036 1.61720463e-040 1.40718146e-066 6.17358757e-046
  4.29515085e-039 9.37316514e-027 1.00000000e+000 8.71091609e-019
  1.31009836e-050 2.60910004e-051 2.73461643e-043 2.75591278e-034
  6.13695557e-042 2.01886640e-064 5.14242825e-036 2.25666617e-031
  1.87124241e-051 5.43789287e-036 9.89984020e-016 1.31127212e-042
  1.00000000e+000]
 [9.58551807e-030 1.99599842e-012 6.91269914e-033 2.37830676e-043
  1.46635185e-033 2.83412517e-009 8.71091609e-019 1.00000000e+000
  1.38267807e-048 1.52668105e-035 6.51331047e-043 1.85827912e-038
  1.31136715e-028 3.32596412e-032 2.27932928e-036 5.30335466e-020
  1.16315803e-039 1.35773731e-012 5.93501665e-054 5.32225229e-044
  1.00000000e+000]
 [2.99750690e-075 8.06873357e-061 4.36555367e-060 4.79249626e-041
  9.98232683e-042 5.26228561e-034 1.31009836e-050 1.38267807e-048
  1.00000000e+000 1.12116146e-065 1.04349957e-094 4.68314563e-033
  9.16888380e-043 5.73014036e-044 2.96592198e-037 3.42783487e-061
  1.75148115e-092 2.20366502e-037 5.19273515e-053 9.64193517e-013
  1.00000000e+000]
 [8.70734627e-010 4.21789261e-053 9.76210031e-034 1.67426660e-013
  1.51972496e-094 6.29034567e-044 2.60910004e-051 1.52668105e-035
  1.12116146e-065 1.00000000e+000 3.22424744e-064 1.01231451e-099
  6.80714052e-052 3.25375856e-025 1.60571391e-088 4.06891370e-019
  5.86893179e-020 7.61399775e-037 9.59194533e-076 4.48882897e-044
  1.00000000e+000]
 [1.07050667e-058 8.00744378e-068 7.23862569e-091 1.16887307e-055
  6.77264929e-046 2.96756577e-058 2.73461643e-043 6.51331047e-043
  1.04349957e-094 3.22424744e-064 1.00000000e+000 1.38476678e-048
  2.10091669e-026 7.03333124e-100 5.33033646e-038 2.02649802e-033
  2.49392665e-053 1.18236351e-086 5.34590579e-045 2.59513387e-090
  1.00000000e+000]
 [1.35549846e-088 1.75252066e-046 1.28989840e-082 2.52283581e-076
  5.99270745e-018 8.02771399e-030 2.75591278e-034 1.85827912e-038
  4.68314563e-033 1.01231451e-099 1.38476678e-048 1.00000000e+000
  9.34464217e-023 1.07208429e-085 5.72269173e-003 9.46600873e-055
  2.55151875e-110 7.48516778e-060 2.39404311e-032 3.18634349e-057
  1.00000000e+000]
 [2.54559135e-051 1.60509849e-028 8.67618454e-061 4.72704450e-040
  3.43606878e-035 1.01226843e-028 6.13695557e-042 1.31136715e-028
  9.16888380e-043 6.80714052e-052 2.10091669e-026 9.34464217e-023
  1.00000000e+000 7.22777643e-047 1.14741366e-012 3.28375459e-024
  2.93177106e-077 1.58933787e-056 2.32919986e-045 2.89877956e-056
  1.00000000e+000]
 [1.20564768e-040 8.83163244e-031 2.06119359e-042 1.12922481e-029
  3.30977870e-079 2.35308821e-037 2.01886640e-064 3.32596412e-032
  5.73014036e-044 3.25375856e-025 7.03333124e-100 1.07208429e-085
  7.22777643e-047 1.00000000e+000 1.33376666e-078 1.12254555e-042
  6.31118199e-064 4.54378885e-026 2.34661052e-101 5.58612592e-035
  1.00000000e+000]
 [1.42077425e-077 8.29644349e-040 2.41137477e-076 7.61118390e-069
  1.75041769e-023 2.49841924e-028 5.14242825e-036 2.27932928e-036
  2.96592198e-037 1.60571391e-088 5.33033646e-038 5.72269173e-003
  1.14741366e-012 1.33376666e-078 1.00000000e+000 3.07090457e-043
  5.57293444e-105 1.41309041e-062 2.02655661e-032 6.39900566e-062
  1.00000000e+000]
 [1.61984874e-008 1.42576691e-026 1.22538893e-023 2.53396532e-034
  3.61150654e-071 1.34259343e-018 2.25666617e-031 5.30335466e-020
  3.42783487e-061 4.06891370e-019 2.02649802e-033 9.46600873e-055
  3.28375459e-024 1.12254555e-042 3.07090457e-043 1.00000000e+000
  7.69363468e-038 1.81382500e-036 1.97607339e-046 6.89040460e-062
  1.00000000e+000]
 [1.26326608e-029 2.23496730e-082 1.06209407e-053 3.53373460e-031
  9.20210800e-083 8.01931614e-060 1.87124241e-051 1.16315803e-039
  1.75148115e-092 5.86893179e-020 2.49392665e-053 2.55151875e-110
  2.93177106e-077 6.31118199e-064 5.57293444e-105 7.69363468e-038
  1.00000000e+000 1.42479100e-044 8.12112596e-083 2.92060821e-057
  1.00000000e+000]
 [2.83060233e-037 3.69897062e-027 5.10050497e-021 5.87140398e-048
  5.81967202e-053 2.07388747e-012 5.43789287e-036 1.35773731e-012
  2.20366502e-037 7.61399775e-037 1.18236351e-086 7.48516778e-060
  1.58933787e-056 4.54378885e-026 1.41309041e-062 1.81382500e-036
  1.42479100e-044 1.00000000e+000 1.34782771e-077 1.46826389e-031
  1.00000000e+000]
 [1.93698976e-058 3.16165783e-077 3.34981891e-098 1.12993035e-054
  1.04563003e-053 4.55721373e-052 9.89984020e-016 5.93501665e-054
  5.19273515e-053 9.59194533e-076 5.34590579e-045 2.39404311e-032
  2.32919986e-045 2.34661052e-101 2.02655661e-032 1.97607339e-046
  8.12112596e-083 1.34782771e-077 1.00000000e+000 1.74330215e-055
  1.00000000e+000]
 [3.73214000e-062 2.67402676e-071 4.74339311e-067 1.31922226e-020
  2.07884666e-044 1.38321088e-045 1.31127212e-042 5.32225229e-044
  9.64193517e-013 4.48882897e-044 2.59513387e-090 3.18634349e-057
  2.89877956e-056 5.58612592e-035 6.39900566e-062 6.89040460e-062
  2.92060821e-057 1.46826389e-031 1.74330215e-055 1.00000000e+000
  1.00000000e+000]
 [1.00000000e+000 1.00000000e+000 1.00000000e+000 1.00000000e+000
  1.00000000e+000 1.00000000e+000 1.00000000e+000 1.00000000e+000
  1.00000000e+000 1.00000000e+000 1.00000000e+000 1.00000000e+000
  1.00000000e+000 1.00000000e+000 1.00000000e+000 1.00000000e+000
  1.00000000e+000 1.00000000e+000 1.00000000e+000 1.00000000e+000
  0.00000000e+000]]
