[[1.00000000e+00 3.77102991e-18 5.37389811e-57 ... 2.49708625e-57
  2.34179198e-35 1.00000000e+00]
 [3.77102991e-18 1.00000000e+00 2.02167297e-45 ... 1.42631400e-60
  2.15154004e-55 1.00000000e+00]
 [5.37389811e-57 2.02167297e-45 1.00000000e+00 ... 3.00919758e-27
  1.07581328e-39 1.00000000e+00]
 ...
 [2.49708625e-57 1.42631400e-60 3.00919758e-27 ... 1.00000000e+00
  1.07716302e-10 1.00000000e+00]
 [2.34179198e-35 2.15154004e-55 1.07581328e-39 ... 1.07716302e-10
  1.00000000e+00 1.00000000e+00]
 [1.00000000e+00 1.00000000e+00 1.00000000e+00 ... 1.00000000e+00
  1.00000000e+00 0.00000000e+00]]
