[[1.00000000e+00 9.64677793e-63 1.92780144e-46 ... 4.11678684e-59
  8.48645526e-80 1.00000000e+00]
 [9.64677793e-63 1.00000000e+00 8.72682125e-43 ... 9.95803316e-22
  5.92379877e-28 1.00000000e+00]
 [1.92780144e-46 8.72682125e-43 1.00000000e+00 ... 1.82570537e-56
  2.39643970e-77 1.00000000e+00]
 ...
 [4.11678684e-59 9.95803316e-22 1.82570537e-56 ... 1.00000000e+00
  1.96194625e-27 1.00000000e+00]
 [8.48645526e-80 5.92379877e-28 2.39643970e-77 ... 1.96194625e-27
  1.00000000e+00 1.00000000e+00]
 [1.00000000e+00 1.00000000e+00 1.00000000e+00 ... 1.00000000e+00
  1.00000000e+00 0.00000000e+00]]
