[[1.00000000e+000 1.15126566e-022 6.74680110e-041 2.40374791e-051
  5.83092464e-078 1.40657356e-103 2.69293761e-084 2.82196807e-100
  1.72178120e-073 2.90791326e-103 5.92657452e-051 1.66350060e-062
  1.04954011e-071 8.52041989e-029 1.24610544e-053 1.20801568e-048
  1.07784251e-036 9.31474395e-055 1.36960819e-045 5.13465786e-061
  1.00000000e+000]
 [1.15126566e-022 1.00000000e+000 2.92208801e-042 7.32950305e-069
  7.52843821e-080 2.99294529e-085 2.00433412e-082 1.37594214e-111
  6.42321351e-045 1.98649339e-079 9.30666698e-039 2.06678394e-070
  3.88125278e-045 1.36419557e-041 2.31630452e-069 1.10936457e-057
  4.75990128e-064 1.98737761e-041 5.63865252e-028 6.08392405e-105
  1.00000000e+000]
 [6.74680110e-041 2.92208801e-042 1.00000000e+000 8.80634105e-030
  1.79382618e-069 1.53057466e-087 9.13735736e-049 5.36628246e-072
  8.38841906e-044 5.73452330e-062 4.29679083e-026 1.33531560e-025
  1.25355990e-077 4.47508003e-031 1.78081384e-087 9.57106140e-070
  8.33058283e-073 1.26023295e-080 1.19471165e-059 4.62584778e-062
  1.00000000e+000]
 [2.40374791e-051 7.32950305e-069 8.80634105e-030 1.00000000e+000
  8.28445464e-067 5.14847163e-054 1.06320430e-068 6.95570650e-061
  3.39364202e-060 1.65363892e-092 1.07274442e-056 1.84019826e-011
  4.59741188e-091 9.62794937e-040 6.93498537e-087 1.05179511e-059
  1.15155068e-050 1.51582730e-077 3.40745236e-043 2.32551094e-043
  1.00000000e+000]
 [5.83092464e-078 7.52843821e-080 1.79382618e-069 8.28445464e-067
  1.00000000e+000 5.39436386e-030 3.94151372e-033 6.11748347e-067
  3.87806600e-065 1.55852681e-040 5.93706720e-077 1.58644614e-046
  2.61985140e-026 3.05338854e-031 6.52672426e-030 3.20519861e-017
  5.51507767e-022 2.68880833e-075 7.10606669e-037 1.28759582e-062
  1.00000000e+000]
 [1.40657356e-103 2.99294529e-085 1.53057466e-087 5.14847163e-054
  5.39436386e-030 1.00000000e+000 1.17569210e-044 5.08729917e-074
  2.09824955e-051 4.71135583e-057 6.81286672e-081 1.09667731e-048
  1.18415908e-038 6.73794168e-048 1.10038646e-050 4.73983287e-041
  2.83266748e-049 1.81734358e-061 1.57664135e-021 7.00643986e-071
  1.00000000e+000]
 [2.69293761e-084 2.00433412e-082 9.13735736e-049 1.06320430e-068
  3.94151372e-033 1.17569210e-044 1.00000000e+000 1.19717063e-052
  2.91947117e-036 1.18557556e-020 1.67299084e-037 2.38197829e-050
  2.35863972e-042 5.11702290e-026 1.16673998e-036 6.60272672e-060
  3.22894960e-060 4.90886611e-063 4.46242421e-057 1.70288678e-035
  1.00000000e+000]
 [2.82196807e-100 1.37594214e-111 5.36628246e-072 6.95570650e-061
  6.11748347e-067 5.08729917e-074 1.19717063e-052 1.00000000e+000
  1.64683688e-034 9.92666583e-035 1.71688581e-038 4.61254435e-029
  2.06399893e-061 9.50493646e-084 2.74953865e-102 2.91140279e-112
  1.01910640e-067 1.31190822e-047 7.07514700e-069 5.36645545e-049
  1.00000000e+000]
 [1.72178120e-073 6.42321351e-045 8.38841906e-044 3.39364202e-060
  3.87806600e-065 2.09824955e-051 2.91947117e-036 1.64683688e-034
  1.00000000e+000 1.20203450e-018 3.00825849e-009 6.69329694e-038
  1.73284580e-029 1.44245372e-056 1.63890743e-081 8.86605706e-091
  8.33621889e-078 5.61783379e-021 9.43920944e-033 7.77038139e-072
  1.00000000e+000]
 [2.90791326e-103 1.98649339e-079 5.73452330e-062 1.65363892e-092
  1.55852681e-040 4.71135583e-057 1.18557556e-020 9.92666583e-035
  1.20203450e-018 1.00000000e+000 1.06353768e-028 3.32764965e-052
  1.01609287e-022 3.49850332e-061 2.84216966e-071 7.41307241e-086
  4.25580884e-076 1.48062194e-047 6.88383435e-056 1.30422727e-076
  1.00000000e+000]
 [5.92657452e-051 9.30666698e-039 4.29679083e-026 1.07274442e-056
  5.93706720e-077 6.81286672e-081 1.67299084e-037 1.71688581e-038
  3.00825849e-009 1.06353768e-028 1.00000000e+000 1.09841888e-038
  2.79143558e-046 1.37619024e-047 1.75799069e-081 1.65605552e-095
  9.73131962e-078 7.78228367e-029 1.50203894e-048 7.16317013e-059
  1.00000000e+000]
 [1.66350060e-062 2.06678394e-070 1.33531560e-025 1.84019826e-011
  1.58644614e-046 1.09667731e-048 2.38197829e-050 4.61254435e-029
  6.69329694e-038 3.32764965e-052 1.09841888e-038 1.00000000e+000
  1.40682374e-063 3.75595696e-045 1.63815713e-087 1.63884682e-062
  8.89555236e-048 1.67770931e-064 4.71251413e-041 1.08718406e-046
  1.00000000e+000]
 [1.04954011e-071 3.88125278e-045 1.25355990e-077 4.59741188e-091
  2.61985140e-026 1.18415908e-038 2.35863972e-042 2.06399893e-061
  1.73284580e-029 1.01609287e-022 2.79143558e-046 1.40682374e-063
  1.00000000e+000 3.94472369e-049 2.71970102e-042 2.80072124e-045
  4.59184248e-042 6.35344747e-028 7.33982442e-021 3.06879975e-089
  1.00000000e+000]
 [8.52041989e-029 1.36419557e-041 4.47508003e-031 9.62794937e-040
  3.05338854e-031 6.73794168e-048 5.11702290e-026 9.50493646e-084
  1.44245372e-056 3.49850332e-061 1.37619024e-047 3.75595696e-045
  3.94472369e-049 1.00000000e+000 8.24050181e-018 5.32042400e-020
  9.71280023e-028 9.30973279e-063 5.67904941e-035 4.97422631e-032
  1.00000000e+000]
 [1.24610544e-053 2.31630452e-069 1.78081384e-087 6.93498537e-087
  6.52672426e-030 1.10038646e-050 1.16673998e-036 2.74953865e-102
  1.63890743e-081 2.84216966e-071 1.75799069e-081 1.63815713e-087
  2.71970102e-042 8.24050181e-018 1.00000000e+000 3.47204069e-022
  4.57337988e-024 4.36079697e-063 3.11175323e-044 2.32977646e-044
  1.00000000e+000]
 [1.20801568e-048 1.10936457e-057 9.57106140e-070 1.05179511e-059
  3.20519861e-017 4.73983287e-041 6.60272672e-060 2.91140279e-112
  8.86605706e-091 7.41307241e-086 1.65605552e-095 1.63884682e-062
  2.80072124e-045 5.32042400e-020 3.47204069e-022 1.00000000e+000
  8.48335395e-016 7.80691988e-085 5.65185403e-031 2.20616070e-070
  1.00000000e+000]
 [1.07784251e-036 4.75990128e-064 8.33058283e-073 1.15155068e-050
  5.51507767e-022 2.83266748e-049 3.22894960e-060 1.01910640e-067
  8.33621889e-078 4.25580884e-076 9.73131962e-078 8.89555236e-048
  4.59184248e-042 9.71280023e-028 4.57337988e-024 8.48335395e-016
  1.00000000e+000 4.68243116e-056 1.08753188e-030 1.14715463e-042
  1.00000000e+000]
 [9.31474395e-055 1.98737761e-041 1.26023295e-080 1.51582730e-077
  2.68880833e-075 1.81734358e-061 4.90886611e-063 1.31190822e-047
  5.61783379e-021 1.48062194e-047 7.78228367e-029 1.67770931e-064
  6.35344747e-028 9.30973279e-063 4.36079697e-063 7.80691988e-085
  4.68243116e-056 1.00000000e+000 1.39007288e-025 1.09429684e-069
  1.00000000e+000]
 [1.36960819e-045 5.63865252e-028 1.19471165e-059 3.40745236e-043
  7.10606669e-037 1.57664135e-021 4.46242421e-057 7.07514700e-069
  9.43920944e-033 6.88383435e-056 1.50203894e-048 4.71251413e-041
  7.33982442e-021 5.67904941e-035 3.11175323e-044 5.65185403e-031
  1.08753188e-030 1.39007288e-025 1.00000000e+000 2.85182847e-072
  1.00000000e+000]
 [5.13465786e-061 6.08392405e-105 4.62584778e-062 2.32551094e-043
  1.28759582e-062 7.00643986e-071 1.70288678e-035 5.36645545e-049
  7.77038139e-072 1.30422727e-076 7.16317013e-059 1.08718406e-046
  3.06879975e-089 4.97422631e-032 2.32977646e-044 2.20616070e-070
  1.14715463e-042 1.09429684e-069 2.85182847e-072 1.00000000e+000
  1.00000000e+000]
 [1.00000000e+000 1.00000000e+000 1.00000000e+000 1.00000000e+000
  1.00000000e+000 1.00000000e+000 1.00000000e+000 1.00000000e+000
  1.00000000e+000 1.00000000e+000 1.00000000e+000 1.00000000e+000
  1.00000000e+000 1.00000000e+000 1.00000000e+000 1.00000000e+000
  1.00000000e+000 1.00000000e+000 1.00000000e+000 1.00000000e+000
  0.00000000e+000]]
