[[1.00000000e+00 1.76604656e-30 1.37087150e-26 ... 7.78438737e-39
  2.53778532e-23 1.00000000e+00]
 [1.76604656e-30 1.00000000e+00 1.59886919e-63 ... 2.08531222e-29
  7.43455831e-27 1.00000000e+00]
 [1.37087150e-26 1.59886919e-63 1.00000000e+00 ... 1.22909852e-44
  1.64551915e-58 1.00000000e+00]
 ...
 [7.78438737e-39 2.08531222e-29 1.22909852e-44 ... 1.00000000e+00
  7.67182086e-46 1.00000000e+00]
 [2.53778532e-23 7.43455831e-27 1.64551915e-58 ... 7.67182086e-46
  1.00000000e+00 1.00000000e+00]
 [1.00000000e+00 1.00000000e+00 1.00000000e+00 ... 1.00000000e+00
  1.00000000e+00 0.00000000e+00]]
