[[1.00000000e+00 1.47116858e-37 1.38065567e-55 1.93051995e-66
  7.32001208e-68 7.61972757e-19 2.18582852e-73 9.78130715e-45
  5.55821710e-70 2.59031750e-37 6.64725901e-42 3.41757423e-23
  6.51151447e-43 2.16954939e-56 6.18879069e-31 9.41164371e-63
  8.03374883e-28 1.18132754e-19 7.29118004e-66 1.78156595e-32
  1.00000000e+00]
 [1.47116858e-37 1.00000000e+00 5.22165477e-19 5.17156877e-62
  3.85725951e-70 7.30816059e-25 2.02478880e-35 1.39646974e-56
  5.59347890e-20 4.88506916e-46 1.38897606e-54 1.19903206e-07
  1.13176529e-11 1.63615995e-31 7.98072420e-26 9.22639187e-29
  2.88180541e-22 4.23171789e-36 1.08832520e-29 4.05440631e-42
  1.00000000e+00]
 [1.38065567e-55 5.22165477e-19 1.00000000e+00 1.39139770e-42
  9.05686225e-41 9.06735915e-28 1.50657968e-19 2.92518422e-33
  1.02988749e-47 9.31659273e-42 4.32297249e-37 9.21899859e-27
  2.35215884e-15 8.59241576e-33 1.09310665e-25 4.88624966e-14
  5.87084301e-49 1.06020814e-24 7.92816768e-11 4.94079143e-46
  1.00000000e+00]
 [1.93051995e-66 5.17156877e-62 1.39139770e-42 1.00000000e+00
  4.83780623e-42 5.51356396e-38 2.87953159e-52 1.73116812e-09
  1.90910371e-53 2.95697482e-53 4.97984197e-11 2.58658980e-53
  2.29766747e-37 3.02126377e-33 1.72601370e-84 3.65941894e-19
  2.65238219e-62 8.02550331e-57 4.23910577e-25 1.02246931e-50
  1.00000000e+00]
 [7.32001208e-68 3.85725951e-70 9.05686225e-41 4.83780623e-42
  1.00000000e+00 2.23700146e-36 1.25480766e-22 3.96984568e-32
  7.82985677e-95 2.16106932e-21 1.33106449e-27 1.60310498e-63
  8.76871009e-54 8.90248114e-39 3.12003148e-41 8.84225548e-24
  6.31713305e-66 2.99490667e-38 7.62685195e-23 3.01955483e-54
  1.00000000e+00]
 [7.61972757e-19 7.30816059e-25 9.06735915e-28 5.51356396e-38
  2.23700146e-36 1.00000000e+00 7.52388983e-35 1.47381701e-19
  1.90413072e-38 9.38362442e-34 3.70661188e-33 3.00313154e-09
  6.64735861e-18 4.90500705e-27 6.65819214e-19 1.32093423e-27
  7.77505782e-22 2.97413057e-26 6.66267451e-26 9.93726344e-39
  1.00000000e+00]
 [2.18582852e-73 2.02478880e-35 1.50657968e-19 2.87953159e-52
  1.25480766e-22 7.52388983e-35 1.00000000e+00 4.46799378e-48
  2.20682524e-55 9.83153489e-23 1.02951243e-47 2.07089408e-42
  1.08233845e-39 2.82480711e-14 7.52719341e-29 2.26215231e-11
  4.47029375e-38 9.03120005e-45 8.68360766e-08 1.24248205e-38
  1.00000000e+00]
 [9.78130715e-45 1.39646974e-56 2.92518422e-33 1.73116812e-09
  3.96984568e-32 1.47381701e-19 4.46799378e-48 1.00000000e+00
  1.62378701e-62 4.59564463e-47 6.41925934e-13 1.97705670e-40
  1.83193944e-31 1.66761150e-37 2.30123398e-56 5.99405715e-24
  1.01108859e-56 3.22421179e-36 7.30207706e-25 9.50259133e-49
  1.00000000e+00]
 [5.55821710e-70 5.59347890e-20 1.02988749e-47 1.90910371e-53
  7.82985677e-95 1.90413072e-38 2.20682524e-55 1.62378701e-62
  1.00000000e+00 5.30169440e-79 3.90528528e-70 1.43700836e-19
  1.18014955e-21 6.45182629e-31 4.13074660e-70 1.57981265e-35
  8.35271457e-31 8.56731374e-87 2.09237108e-39 2.54635845e-68
  1.00000000e+00]
 [2.59031750e-37 4.88506916e-46 9.31659273e-42 2.95697482e-53
  2.16106932e-21 9.38362442e-34 9.83153489e-23 4.59564463e-47
  5.30169440e-79 1.00000000e+00 8.21728581e-29 1.86759910e-47
  4.34471731e-56 1.16995231e-23 3.85354943e-30 2.11736656e-28
  1.95579339e-28 9.14248625e-24 3.86204402e-31 1.46551346e-13
  1.00000000e+00]
 [6.64725901e-42 1.38897606e-54 4.32297249e-37 4.97984197e-11
  1.33106449e-27 3.70661188e-33 1.02951243e-47 6.41925934e-13
  3.90528528e-70 8.21728581e-29 1.00000000e+00 1.89822860e-49
  2.66029462e-37 4.39822147e-38 2.65769703e-61 1.30737147e-21
  7.30949629e-56 4.47448130e-27 1.74612190e-28 6.69589691e-34
  1.00000000e+00]
 [3.41757423e-23 1.19903206e-07 9.21899859e-27 2.58658980e-53
  1.60310498e-63 3.00313154e-09 2.07089408e-42 1.97705670e-40
  1.43700836e-19 1.86759910e-47 1.89822860e-49 1.00000000e+00
  4.35585885e-10 1.15680985e-31 1.09061816e-22 5.47438352e-33
  1.26496078e-17 3.39401138e-35 6.72951615e-33 6.27263120e-45
  1.00000000e+00]
 [6.51151447e-43 1.13176529e-11 2.35215884e-15 2.29766747e-37
  8.76871009e-54 6.64735861e-18 1.08233845e-39 1.83193944e-31
  1.18014955e-21 4.34471731e-56 2.66029462e-37 4.35585885e-10
  1.00000000e+00 2.99522670e-38 2.81151389e-34 8.34925708e-21
  2.15863916e-41 1.08170467e-36 9.45411045e-22 8.02711512e-61
  1.00000000e+00]
 [2.16954939e-56 1.63615995e-31 8.59241576e-33 3.02126377e-33
  8.90248114e-39 4.90500705e-27 2.82480711e-14 1.66761150e-37
  6.45182629e-31 1.16995231e-23 4.39822147e-38 1.15680985e-31
  2.99522670e-38 1.00000000e+00 6.16861226e-45 2.60241254e-12
  9.38739643e-16 2.38945185e-53 1.46799161e-13 2.78940053e-21
  1.00000000e+00]
 [6.18879069e-31 7.98072420e-26 1.09310665e-25 1.72601370e-84
  3.12003148e-41 6.65819214e-19 7.52719341e-29 2.30123398e-56
  4.13074660e-70 3.85354943e-30 2.65769703e-61 1.09061816e-22
  2.81151389e-34 6.16861226e-45 1.00000000e+00 7.51804146e-43
  3.14082198e-34 2.72215735e-19 6.48784910e-37 5.97708370e-46
  1.00000000e+00]
 [9.41164371e-63 9.22639187e-29 4.88624966e-14 3.65941894e-19
  8.84225548e-24 1.32093423e-27 2.26215231e-11 5.99405715e-24
  1.57981265e-35 2.11736656e-28 1.30737147e-21 5.47438352e-33
  8.34925708e-21 2.60241254e-12 7.51804146e-43 1.00000000e+00
  7.55287148e-39 4.04062386e-40 4.03901308e-02 1.43266405e-36
  1.00000000e+00]
 [8.03374883e-28 2.88180541e-22 5.87084301e-49 2.65238219e-62
  6.31713305e-66 7.77505782e-22 4.47029375e-38 1.01108859e-56
  8.35271457e-31 1.95579339e-28 7.30949629e-56 1.26496078e-17
  2.15863916e-41 9.38739643e-16 3.14082198e-34 7.55287148e-39
  1.00000000e+00 8.08544758e-48 5.00358902e-41 3.45096649e-19
  1.00000000e+00]
 [1.18132754e-19 4.23171789e-36 1.06020814e-24 8.02550331e-57
  2.99490667e-38 2.97413057e-26 9.03120005e-45 3.22421179e-36
  8.56731374e-87 9.14248625e-24 4.47448130e-27 3.39401138e-35
  1.08170467e-36 2.38945185e-53 2.72215735e-19 4.04062386e-40
  8.08544758e-48 1.00000000e+00 2.94384822e-40 1.11316550e-30
  1.00000000e+00]
 [7.29118004e-66 1.08832520e-29 7.92816768e-11 4.23910577e-25
  7.62685195e-23 6.66267451e-26 8.68360766e-08 7.30207706e-25
  2.09237108e-39 3.86204402e-31 1.74612190e-28 6.72951615e-33
  9.45411045e-22 1.46799161e-13 6.48784910e-37 4.03901308e-02
  5.00358902e-41 2.94384822e-40 1.00000000e+00 8.37364128e-41
  1.00000000e+00]
 [1.78156595e-32 4.05440631e-42 4.94079143e-46 1.02246931e-50
  3.01955483e-54 9.93726344e-39 1.24248205e-38 9.50259133e-49
  2.54635845e-68 1.46551346e-13 6.69589691e-34 6.27263120e-45
  8.02711512e-61 2.78940053e-21 5.97708370e-46 1.43266405e-36
  3.45096649e-19 1.11316550e-30 8.37364128e-41 1.00000000e+00
  1.00000000e+00]
 [1.00000000e+00 1.00000000e+00 1.00000000e+00 1.00000000e+00
  1.00000000e+00 1.00000000e+00 1.00000000e+00 1.00000000e+00
  1.00000000e+00 1.00000000e+00 1.00000000e+00 1.00000000e+00
  1.00000000e+00 1.00000000e+00 1.00000000e+00 1.00000000e+00
  1.00000000e+00 1.00000000e+00 1.00000000e+00 1.00000000e+00
  0.00000000e+00]]
