[[1.00000000e+00 5.40284952e-17 7.19725338e-50 ... 2.13608190e-53
  1.41680874e-38 1.00000000e+00]
 [5.40284952e-17 1.00000000e+00 8.67313505e-77 ... 5.87158683e-41
  5.91144692e-44 1.00000000e+00]
 [7.19725338e-50 8.67313505e-77 1.00000000e+00 ... 1.43146726e-71
  1.09209757e-39 1.00000000e+00]
 ...
 [2.13608190e-53 5.87158683e-41 1.43146726e-71 ... 1.00000000e+00
  4.32609011e-61 1.00000000e+00]
 [1.41680874e-38 5.91144692e-44 1.09209757e-39 ... 4.32609011e-61
  1.00000000e+00 1.00000000e+00]
 [1.00000000e+00 1.00000000e+00 1.00000000e+00 ... 1.00000000e+00
  1.00000000e+00 0.00000000e+00]]
