[[1.00000000e+000 2.35610337e-031 8.52346727e-031 4.79251241e-015
  2.82867396e-002 1.86392294e-031 5.83691073e-040 7.70875253e-023
  3.36640737e-046 4.28808321e-017 5.45503270e-049 1.35735599e-050
  4.35431377e-034 4.38533682e-024 6.77319948e-008 1.97695676e-023
  5.82058398e-024 2.04920367e-055 2.12659529e-017 1.50794847e-024
  1.00000000e+000]
 [2.35610337e-031 1.00000000e+000 8.74349461e-015 2.88243007e-043
  8.27552678e-039 8.45634255e-032 1.81498175e-038 1.02621653e-038
  1.32693009e-018 9.81777300e-070 7.36963434e-045 1.38237275e-070
  1.04151570e-030 1.42877050e-079 6.75672073e-026 5.79689433e-039
  1.72705883e-057 1.20229146e-049 2.96088303e-037 6.19572484e-024
  1.00000000e+000]
 [8.52346727e-031 8.74349461e-015 1.00000000e+000 1.15982993e-037
  7.15168107e-034 4.47353324e-027 3.92669495e-019 8.91569323e-030
  4.15402328e-025 2.63210504e-044 4.19803026e-017 1.67108385e-038
  3.80310296e-012 2.24844479e-058 2.85128417e-033 1.33420883e-059
  3.44255104e-055 1.37714716e-032 3.05188959e-063 8.22040389e-038
  1.00000000e+000]
 [4.79251241e-015 2.88243007e-043 1.15982993e-037 1.00000000e+000
  3.59175962e-018 1.26726078e-021 2.56455108e-043 7.74983858e-036
  2.05618123e-079 2.07201327e-016 2.13607211e-051 1.21109301e-039
  9.84572437e-034 8.69304861e-035 4.34908063e-015 1.01982425e-034
  2.62935627e-035 7.77379680e-088 2.83526318e-027 2.75111663e-036
  1.00000000e+000]
 [2.82867396e-002 8.27552678e-039 7.15168107e-034 3.59175962e-018
  1.00000000e+000 6.11443431e-040 4.95965543e-041 1.33318378e-018
  3.24162741e-052 3.44673050e-017 5.35693509e-054 4.76565414e-043
  4.24346417e-039 1.51003778e-015 6.51438265e-016 4.76718350e-032
  3.88347425e-020 3.67314489e-057 5.07560894e-023 4.46120895e-032
  1.00000000e+000]
 [1.86392294e-031 8.45634255e-032 4.47353324e-027 1.26726078e-021
  6.11443431e-040 1.00000000e+000 3.81065377e-018 3.03948882e-051
  2.19989699e-064 4.32223990e-040 5.45120935e-027 1.68973907e-054
  1.03039864e-011 8.82552461e-060 2.01663748e-020 1.03380939e-051
  2.92897601e-078 4.74574029e-055 7.38485222e-051 2.68579170e-033
  1.00000000e+000]
 [5.83691073e-040 1.81498175e-038 3.92669495e-019 2.56455108e-043
  4.95965543e-041 3.81065377e-018 1.00000000e+000 6.40360616e-029
  3.87268309e-050 2.01794327e-052 1.83557849e-014 1.61352863e-027
  2.99112606e-015 5.22206416e-041 2.14437224e-046 6.39542908e-074
  1.50588009e-070 9.74251267e-022 4.21453129e-083 8.62733743e-040
  1.00000000e+000]
 [7.70875253e-023 1.02621653e-038 8.91569323e-030 7.74983858e-036
  1.33318378e-018 3.03948882e-051 6.40360616e-029 1.00000000e+000
  2.74164032e-038 1.23037172e-047 1.89639204e-041 2.05742533e-019
  8.11465250e-052 1.63412459e-019 1.68320422e-043 1.61460039e-040
  1.34578064e-013 1.71154671e-037 8.28416408e-057 3.79975205e-025
  1.00000000e+000]
 [3.36640737e-046 1.32693009e-018 4.15402328e-025 2.05618123e-079
  3.24162741e-052 2.19989699e-064 3.87268309e-050 2.74164032e-038
  1.00000000e+000 1.42296202e-089 5.19658989e-041 8.55446308e-086
  1.53951552e-055 7.18691251e-091 1.89056708e-048 6.08745713e-045
  1.26317019e-057 1.46749405e-025 5.61006396e-074 3.18601824e-026
  1.00000000e+000]
 [4.28808321e-017 9.81777300e-070 2.63210504e-044 2.07201327e-016
  3.44673050e-017 4.32223990e-040 2.01794327e-052 1.23037172e-047
  1.42296202e-089 1.00000000e+000 7.15138741e-050 9.77549724e-050
  2.26634858e-035 6.35943277e-030 1.63777580e-024 1.56919447e-057
  5.40191777e-046 2.85019136e-082 2.43566743e-050 1.82684445e-061
  1.00000000e+000]
 [5.45503270e-049 7.36963434e-045 4.19803026e-017 2.13607211e-051
  5.35693509e-054 5.45120935e-027 1.83557849e-014 1.89639204e-041
  5.19658989e-041 7.15138741e-050 1.00000000e+000 3.05261739e-042
  7.34132165e-020 7.27182450e-066 2.09157624e-048 9.14330165e-070
  2.43971029e-074 4.62564637e-021 5.34744035e-103 5.77314048e-041
  1.00000000e+000]
 [1.35735599e-050 1.38237275e-070 1.67108385e-038 1.21109301e-039
  4.76565414e-043 1.68973907e-054 1.61352863e-027 2.05742533e-019
  8.55446308e-086 9.77549724e-050 3.05261739e-042 1.00000000e+000
  1.56356699e-049 2.91948357e-025 9.36468277e-074 1.06478632e-089
  9.18967330e-043 8.59825328e-064 1.50578892e-098 6.64445640e-065
  1.00000000e+000]
 [4.35431377e-034 1.04151570e-030 3.80310296e-012 9.84572437e-034
  4.24346417e-039 1.03039864e-011 2.99112606e-015 8.11465250e-052
  1.53951552e-055 2.26634858e-035 7.34132165e-020 1.56356699e-049
  1.00000000e+000 1.70964657e-059 3.62880602e-030 2.87655907e-076
  9.36467089e-085 4.50131953e-044 4.01020813e-066 5.84622055e-053
  1.00000000e+000]
 [4.38533682e-024 1.42877050e-079 2.24844479e-058 8.69304861e-035
  1.51003778e-015 8.82552461e-060 5.22206416e-041 1.63412459e-019
  7.18691251e-091 6.35943277e-030 7.27182450e-066 2.91948357e-025
  1.70964657e-059 1.00000000e+000 1.09181014e-051 1.59615049e-068
  1.22897697e-030 9.16032160e-066 8.13949733e-063 1.21066128e-058
  1.00000000e+000]
 [6.77319948e-008 6.75672073e-026 2.85128417e-033 4.34908063e-015
  6.51438265e-016 2.01663748e-020 2.14437224e-046 1.68320422e-043
  1.89056708e-048 1.63777580e-024 2.09157624e-048 9.36468277e-074
  3.62880602e-030 1.09181014e-051 1.00000000e+000 1.24628523e-018
  1.80742252e-044 6.45612212e-066 5.12176353e-015 9.10025800e-022
  1.00000000e+000]
 [1.97695676e-023 5.79689433e-039 1.33420883e-059 1.01982425e-034
  4.76718350e-032 1.03380939e-051 6.39542908e-074 1.61460039e-040
  6.08745713e-045 1.56919447e-057 9.14330165e-070 1.06478632e-089
  2.87655907e-076 1.59615049e-068 1.24628523e-018 1.00000000e+000
  9.98784695e-029 4.71263849e-077 7.40586269e-027 2.10355853e-009
  1.00000000e+000]
 [5.82058398e-024 1.72705883e-057 3.44255104e-055 2.62935627e-035
  3.88347425e-020 2.92897601e-078 1.50588009e-070 1.34578064e-013
  1.26317019e-057 5.40191777e-046 2.43971029e-074 9.18967330e-043
  9.36467089e-085 1.22897697e-030 1.80742252e-044 9.98784695e-029
  1.00000000e+000 9.70360000e-079 1.06054730e-046 1.37814164e-033
  1.00000000e+000]
 [2.04920367e-055 1.20229146e-049 1.37714716e-032 7.77379680e-088
  3.67314489e-057 4.74574029e-055 9.74251267e-022 1.71154671e-037
  1.46749405e-025 2.85019136e-082 4.62564637e-021 8.59825328e-064
  4.50131953e-044 9.16032160e-066 6.45612212e-066 4.71263849e-077
  9.70360000e-079 1.00000000e+000 1.23073932e-111 1.48746543e-041
  1.00000000e+000]
 [2.12659529e-017 2.96088303e-037 3.05188959e-063 2.83526318e-027
  5.07560894e-023 7.38485222e-051 4.21453129e-083 8.28416408e-057
  5.61006396e-074 2.43566743e-050 5.34744035e-103 1.50578892e-098
  4.01020813e-066 8.13949733e-063 5.12176353e-015 7.40586269e-027
  1.06054730e-046 1.23073932e-111 1.00000000e+000 1.23990795e-039
  1.00000000e+000]
 [1.50794847e-024 6.19572484e-024 8.22040389e-038 2.75111663e-036
  4.46120895e-032 2.68579170e-033 8.62733743e-040 3.79975205e-025
  3.18601824e-026 1.82684445e-061 5.77314048e-041 6.64445640e-065
  5.84622055e-053 1.21066128e-058 9.10025800e-022 2.10355853e-009
  1.37814164e-033 1.48746543e-041 1.23990795e-039 1.00000000e+000
  1.00000000e+000]
 [1.00000000e+000 1.00000000e+000 1.00000000e+000 1.00000000e+000
  1.00000000e+000 1.00000000e+000 1.00000000e+000 1.00000000e+000
  1.00000000e+000 1.00000000e+000 1.00000000e+000 1.00000000e+000
  1.00000000e+000 1.00000000e+000 1.00000000e+000 1.00000000e+000
  1.00000000e+000 1.00000000e+000 1.00000000e+000 1.00000000e+000
  0.00000000e+000]]
