[[1.00000000e+00 2.48945625e-09 1.84364376e-29 ... 4.43356903e-51
  1.28816006e-61 1.00000000e+00]
 [2.48945625e-09 1.00000000e+00 2.81557838e-28 ... 1.08220453e-30
  6.41204993e-56 1.00000000e+00]
 [1.84364376e-29 2.81557838e-28 1.00000000e+00 ... 7.24575330e-24
  1.07197001e-80 1.00000000e+00]
 ...
 [4.43356903e-51 1.08220453e-30 7.24575330e-24 ... 1.00000000e+00
  2.89730336e-68 1.00000000e+00]
 [1.28816006e-61 6.41204993e-56 1.07197001e-80 ... 2.89730336e-68
  1.00000000e+00 1.00000000e+00]
 [1.00000000e+00 1.00000000e+00 1.00000000e+00 ... 1.00000000e+00
  1.00000000e+00 0.00000000e+00]]
