[[1.00000000e+000 1.64751168e-048 1.60714908e-018 6.53202527e-039
  9.34755580e-032 1.09962832e-050 3.40931211e-015 3.94984304e-044
  4.02412578e-073 1.11262145e-029 5.46421060e-029 2.63199240e-061
  7.78704637e-046 2.15986615e-026 2.80347924e-067 1.14026124e-042
  4.37917878e-011 3.63612517e-015 1.87953876e-018 2.15728800e-055
  1.00000000e+000]
 [1.64751168e-048 1.00000000e+000 1.84202517e-035 3.91222334e-038
  5.82110563e-065 1.14124913e-057 1.14376890e-038 3.25951386e-033
  3.91163263e-076 8.13600253e-030 4.44154641e-059 2.46412141e-015
  5.26315537e-057 4.42114066e-015 4.86179446e-047 1.52356832e-073
  1.11964205e-063 9.94032801e-077 1.49675806e-065 2.18273550e-094
  1.00000000e+000]
 [1.60714908e-018 1.84202517e-035 1.00000000e+000 1.61596101e-018
  2.50647236e-055 2.50570276e-038 7.45338263e-020 4.56469424e-044
  2.20066763e-036 1.36019540e-035 3.47157783e-025 4.57259361e-040
  6.85607888e-026 4.32615966e-023 1.64104244e-043 3.10615237e-039
  1.98416749e-021 6.76450576e-015 3.03791414e-043 4.22397248e-050
  1.00000000e+000]
 [6.53202527e-039 3.91222334e-038 1.61596101e-018 1.00000000e+000
  2.54628808e-041 2.09937225e-041 3.41348401e-027 1.77413274e-020
  8.65388188e-039 3.50319954e-016 3.41583639e-032 4.02911846e-044
  2.12245099e-028 3.86786470e-033 1.33008376e-006 4.85405098e-012
  3.27179114e-035 5.31077532e-037 4.26237696e-052 1.00047915e-021
  1.00000000e+000]
 [9.34755580e-032 5.82110563e-065 2.50647236e-055 2.54628808e-041
  1.00000000e+000 7.66325937e-070 2.48048789e-049 2.83790538e-015
  6.11885600e-119 6.07182406e-024 1.64224128e-031 3.71513882e-084
  4.46820615e-057 2.37379966e-061 3.07173656e-052 1.93280873e-041
  1.37455955e-042 1.52040461e-041 2.41639530e-020 8.85589183e-055
  1.00000000e+000]
 [1.09962832e-050 1.14124913e-057 2.50570276e-038 2.09937225e-041
  7.66325937e-070 1.00000000e+000 5.85203794e-029 7.42327084e-048
  6.89177767e-037 9.33908507e-050 6.02723782e-021 3.83967052e-024
  4.20931317e-027 8.78840717e-075 2.01746111e-054 5.74266082e-049
  3.08523986e-023 2.61583260e-061 4.24628696e-054 1.55216484e-061
  1.00000000e+000]
 [3.40931211e-015 1.14376890e-038 7.45338263e-020 3.41348401e-027
  2.48048789e-049 5.85203794e-029 1.00000000e+000 5.00913503e-038
  2.86481353e-055 6.63703930e-018 3.18739052e-038 2.37811052e-035
  3.05861187e-051 9.96574835e-025 9.22565668e-045 2.75530669e-030
  4.00750477e-011 1.69518230e-035 9.06893906e-046 1.37532766e-033
  1.00000000e+000]
 [3.94984304e-044 3.25951386e-033 4.56469424e-044 1.77413274e-020
  2.83790538e-015 7.42327084e-048 5.00913503e-038 1.00000000e+000
  6.46112099e-091 5.86282295e-010 2.90222480e-033 3.44656874e-043
  5.99286240e-048 1.51626452e-044 3.13764293e-021 1.72610059e-033
  6.71022743e-048 5.25981539e-056 1.68084938e-042 1.48571373e-043
  1.00000000e+000]
 [4.02412578e-073 3.91163263e-076 2.20066763e-036 8.65388188e-039
  6.11885600e-119 6.89177767e-037 2.86481353e-055 6.46112099e-091
  1.00000000e+000 6.91247536e-080 4.54645825e-049 2.98242015e-054
  1.13775597e-022 2.64992492e-076 6.61002416e-054 4.86403532e-049
  3.62861572e-048 8.14121850e-071 8.96255590e-082 4.92728956e-074
  1.00000000e+000]
 [1.11262145e-029 8.13600253e-030 1.36019540e-035 3.50319954e-016
  6.07182406e-024 9.33908507e-050 6.63703930e-018 5.86282295e-010
  6.91247536e-080 1.00000000e+000 7.25284990e-045 4.01832664e-043
  3.59560429e-057 1.18145950e-024 1.85529780e-019 2.94123052e-021
  6.62845948e-035 7.38916930e-051 3.19308706e-045 9.71050915e-028
  1.00000000e+000]
 [5.46421060e-029 4.44154641e-059 3.47157783e-025 3.41583639e-032
  1.64224128e-031 6.02723782e-021 3.18739052e-038 2.90222480e-033
  4.54645825e-049 7.25284990e-045 1.00000000e+000 1.40642180e-048
  1.41219389e-010 5.09971044e-066 1.27907209e-052 2.13164038e-041
  6.54440163e-019 7.05204515e-025 3.79296013e-018 1.65934092e-060
  1.00000000e+000]
 [2.63199240e-061 2.46412141e-015 4.57259361e-040 4.02911846e-044
  3.71513882e-084 3.83967052e-024 2.37811052e-035 3.44656874e-043
  2.98242015e-054 4.01832664e-043 1.40642180e-048 1.00000000e+000
  1.06347615e-046 8.13828686e-042 4.74032465e-052 6.65245680e-075
  1.06980631e-053 4.01261991e-087 8.41554114e-076 2.24987277e-092
  1.00000000e+000]
 [7.78704637e-046 5.26315537e-057 6.85607888e-026 2.12245099e-028
  4.46820615e-057 4.20931317e-027 3.05861187e-051 5.99286240e-048
  1.13775597e-022 3.59560429e-057 1.41219389e-010 1.06347615e-046
  1.00000000e+000 9.59200376e-067 1.97989617e-045 2.86192061e-042
  3.38811052e-033 6.50407293e-040 7.56983407e-032 2.53559031e-071
  1.00000000e+000]
 [2.15986615e-026 4.42114066e-015 4.32615966e-023 3.86786470e-033
  2.37379966e-061 8.78840717e-075 9.96574835e-025 1.51626452e-044
  2.64992492e-076 1.18145950e-024 5.09971044e-066 8.13828686e-042
  9.59200376e-067 1.00000000e+000 1.86979700e-050 3.35751479e-057
  1.95866645e-048 1.90338327e-050 8.15090558e-060 2.61138235e-071
  1.00000000e+000]
 [2.80347924e-067 4.86179446e-047 1.64104244e-043 1.33008376e-006
  3.07173656e-052 2.01746111e-054 9.22565668e-045 3.13764293e-021
  6.61002416e-054 1.85529780e-019 1.27907209e-052 4.74032465e-052
  1.97989617e-045 1.86979700e-050 1.00000000e+000 5.59013628e-016
  1.00432963e-059 6.58981807e-070 2.66928100e-075 1.47027680e-025
  1.00000000e+000]
 [1.14026124e-042 1.52356832e-073 3.10615237e-039 4.85405098e-012
  1.93280873e-041 5.74266082e-049 2.75530669e-030 1.72610059e-033
  4.86403532e-049 2.94123052e-021 2.13164038e-041 6.65245680e-075
  2.86192061e-042 3.35751479e-057 5.59013628e-016 1.00000000e+000
  2.64566578e-030 2.39056383e-045 5.52313310e-051 1.58377245e-008
  1.00000000e+000]
 [4.37917878e-011 1.11964205e-063 1.98416749e-021 3.27179114e-035
  1.37455955e-042 3.08523986e-023 4.00750477e-011 6.71022743e-048
  3.62861572e-048 6.62845948e-035 6.54440163e-019 1.06980631e-053
  3.38811052e-033 1.95866645e-048 1.00432963e-059 2.64566578e-030
  1.00000000e+000 2.77726301e-021 9.22026779e-025 3.73696585e-040
  1.00000000e+000]
 [3.63612517e-015 9.94032801e-077 6.76450576e-015 5.31077532e-037
  1.52040461e-041 2.61583260e-061 1.69518230e-035 5.25981539e-056
  8.14121850e-071 7.38916930e-051 7.05204515e-025 4.01261991e-087
  6.50407293e-040 1.90338327e-050 6.58981807e-070 2.39056383e-045
  2.77726301e-021 1.00000000e+000 9.66521428e-033 2.94309387e-052
  1.00000000e+000]
 [1.87953876e-018 1.49675806e-065 3.03791414e-043 4.26237696e-052
  2.41639530e-020 4.24628696e-054 9.06893906e-046 1.68084938e-042
  8.96255590e-082 3.19308706e-045 3.79296013e-018 8.41554114e-076
  7.56983407e-032 8.15090558e-060 2.66928100e-075 5.52313310e-051
  9.22026779e-025 9.66521428e-033 1.00000000e+000 7.12069447e-080
  1.00000000e+000]
 [2.15728800e-055 2.18273550e-094 4.22397248e-050 1.00047915e-021
  8.85589183e-055 1.55216484e-061 1.37532766e-033 1.48571373e-043
  4.92728956e-074 9.71050915e-028 1.65934092e-060 2.24987277e-092
  2.53559031e-071 2.61138235e-071 1.47027680e-025 1.58377245e-008
  3.73696585e-040 2.94309387e-052 7.12069447e-080 1.00000000e+000
  1.00000000e+000]
 [1.00000000e+000 1.00000000e+000 1.00000000e+000 1.00000000e+000
  1.00000000e+000 1.00000000e+000 1.00000000e+000 1.00000000e+000
  1.00000000e+000 1.00000000e+000 1.00000000e+000 1.00000000e+000
  1.00000000e+000 1.00000000e+000 1.00000000e+000 1.00000000e+000
  1.00000000e+000 1.00000000e+000 1.00000000e+000 1.00000000e+000
  0.00000000e+000]]
