[[1.00000000e+00 1.16109361e-34 3.33921009e-33 ... 5.96286966e-40
  5.95388831e-79 1.00000000e+00]
 [1.16109361e-34 1.00000000e+00 1.20456425e-13 ... 6.34389038e-36
  1.40767818e-43 1.00000000e+00]
 [3.33921009e-33 1.20456425e-13 1.00000000e+00 ... 1.72425015e-18
  5.67680524e-31 1.00000000e+00]
 ...
 [5.96286966e-40 6.34389038e-36 1.72425015e-18 ... 1.00000000e+00
  1.20894135e-24 1.00000000e+00]
 [5.95388831e-79 1.40767818e-43 5.67680524e-31 ... 1.20894135e-24
  1.00000000e+00 1.00000000e+00]
 [1.00000000e+00 1.00000000e+00 1.00000000e+00 ... 1.00000000e+00
  1.00000000e+00 0.00000000e+00]]
