[[1.00000000e+00 6.66572720e-82 2.25711070e-40 ... 1.01871561e-23
  1.59315727e-69 1.00000000e+00]
 [6.66572720e-82 1.00000000e+00 9.45518598e-83 ... 7.44966227e-72
  8.19553190e-56 1.00000000e+00]
 [2.25711070e-40 9.45518598e-83 1.00000000e+00 ... 1.13358679e-48
  3.20113413e-34 1.00000000e+00]
 ...
 [1.01871561e-23 7.44966227e-72 1.13358679e-48 ... 1.00000000e+00
  1.06302165e-71 1.00000000e+00]
 [1.59315727e-69 8.19553190e-56 3.20113413e-34 ... 1.06302165e-71
  1.00000000e+00 1.00000000e+00]
 [1.00000000e+00 1.00000000e+00 1.00000000e+00 ... 1.00000000e+00
  1.00000000e+00 0.00000000e+00]]
