[[1.00000000e+00 6.94283047e-17 1.52314946e-49 ... 2.08958694e-66
  1.57661986e-48 1.00000000e+00]
 [6.94283047e-17 1.00000000e+00 2.37504396e-18 ... 2.05869291e-59
  2.67763126e-57 1.00000000e+00]
 [1.52314946e-49 2.37504396e-18 1.00000000e+00 ... 3.95765565e-51
  3.98943914e-46 1.00000000e+00]
 ...
 [2.08958694e-66 2.05869291e-59 3.95765565e-51 ... 1.00000000e+00
  2.58596988e-15 1.00000000e+00]
 [1.57661986e-48 2.67763126e-57 3.98943914e-46 ... 2.58596988e-15
  1.00000000e+00 1.00000000e+00]
 [1.00000000e+00 1.00000000e+00 1.00000000e+00 ... 1.00000000e+00
  1.00000000e+00 0.00000000e+00]]
