[[1.00000000e+00 4.66613015e-23 8.62299214e-40 ... 3.45274488e-69
  9.84532674e-57 1.00000000e+00]
 [4.66613015e-23 1.00000000e+00 5.56152822e-61 ... 4.52573104e-47
  1.75010820e-44 1.00000000e+00]
 [8.62299214e-40 5.56152822e-61 1.00000000e+00 ... 3.41298506e-65
  2.92696387e-59 1.00000000e+00]
 ...
 [3.45274488e-69 4.52573104e-47 3.41298506e-65 ... 1.00000000e+00
  1.51828995e-41 1.00000000e+00]
 [9.84532674e-57 1.75010820e-44 2.92696387e-59 ... 1.51828995e-41
  1.00000000e+00 1.00000000e+00]
 [1.00000000e+00 1.00000000e+00 1.00000000e+00 ... 1.00000000e+00
  1.00000000e+00 0.00000000e+00]]
