[[1.00000000e+00 2.17425143e-27 8.26178062e-30 ... 1.64034948e-26
  2.08758148e-68 1.00000000e+00]
 [2.17425143e-27 1.00000000e+00 1.55067573e-16 ... 5.19089298e-39
  5.65027054e-74 1.00000000e+00]
 [8.26178062e-30 1.55067573e-16 1.00000000e+00 ... 2.40395363e-52
  1.00251521e-68 1.00000000e+00]
 ...
 [1.64034948e-26 5.19089298e-39 2.40395363e-52 ... 1.00000000e+00
  1.86027886e-46 1.00000000e+00]
 [2.08758148e-68 5.65027054e-74 1.00251521e-68 ... 1.86027886e-46
  1.00000000e+00 1.00000000e+00]
 [1.00000000e+00 1.00000000e+00 1.00000000e+00 ... 1.00000000e+00
  1.00000000e+00 0.00000000e+00]]
