[[1.00000000e+00 1.14419974e-47 1.05025576e-59 ... 7.95618935e-35
  1.55708524e-25 1.00000000e+00]
 [1.14419974e-47 1.00000000e+00 1.99235695e-73 ... 1.91774788e-42
  8.73626546e-55 1.00000000e+00]
 [1.05025576e-59 1.99235695e-73 1.00000000e+00 ... 1.23813539e-68
  2.92577109e-49 1.00000000e+00]
 ...
 [7.95618935e-35 1.91774788e-42 1.23813539e-68 ... 1.00000000e+00
  2.01375385e-30 1.00000000e+00]
 [1.55708524e-25 8.73626546e-55 2.92577109e-49 ... 2.01375385e-30
  1.00000000e+00 1.00000000e+00]
 [1.00000000e+00 1.00000000e+00 1.00000000e+00 ... 1.00000000e+00
  1.00000000e+00 0.00000000e+00]]
