[[1.00000000e+000 2.30333212e-056 2.06718672e-065 4.45533225e-045
  1.13028641e-054 2.92090578e-048 6.75941977e-038 2.16781256e-048
  1.91413437e-051 3.58546531e-063 3.63219573e-014 3.19029495e-073
  6.31621846e-044 4.88372344e-052 1.57747835e-046 7.83167791e-015
  2.74503475e-052 4.65913173e-023 5.56325469e-078 2.42686298e-066
  1.00000000e+000]
 [2.30333212e-056 1.00000000e+000 7.06425175e-021 1.99333421e-033
  7.45442106e-044 1.27494272e-067 4.42057532e-026 1.39201127e-055
  4.53349612e-017 1.45861071e-026 5.92344772e-052 1.00041505e-016
  2.09778543e-037 2.35773616e-013 3.71839995e-016 2.33018460e-036
  3.33868389e-026 3.28137100e-019 2.43826326e-033 8.28971566e-011
  1.00000000e+000]
 [2.06718672e-065 7.06425175e-021 1.00000000e+000 2.92759006e-030
  3.72980740e-034 4.19121291e-063 1.28999250e-047 2.08264272e-028
  2.04525356e-022 2.03923812e-037 1.87434892e-060 2.28957582e-024
  3.08141855e-024 4.72303073e-022 5.90732061e-053 5.15960839e-028
  2.86830541e-030 2.91979796e-041 1.71207124e-065 1.94899680e-017
  1.00000000e+000]
 [4.45533225e-045 1.99333421e-033 2.92759006e-030 1.00000000e+000
  8.77743676e-041 6.04892486e-096 8.34296929e-070 2.07523901e-033
  4.72334390e-065 1.09844737e-057 8.54685906e-044 2.16891519e-063
  4.50697814e-020 3.85233309e-048 3.88205808e-056 3.13097245e-022
  2.61926794e-023 1.95511339e-018 1.67132119e-071 3.64538703e-026
  1.00000000e+000]
 [1.13028641e-054 7.45442106e-044 3.72980740e-034 8.77743676e-041
  1.00000000e+000 4.22860097e-032 2.86376272e-063 5.74430245e-037
  6.46056162e-044 1.71775543e-050 3.85161663e-071 6.80467131e-025
  5.31370620e-043 5.78294845e-048 2.76679723e-048 1.13015475e-033
  5.22645189e-010 3.81111858e-058 5.95748583e-045 5.40836002e-045
  1.00000000e+000]
 [2.92090578e-048 1.27494272e-067 4.19121291e-063 6.04892486e-096
  4.22860097e-032 1.00000000e+000 2.29209087e-043 4.14977774e-075
  9.81974065e-032 1.04121757e-053 2.60509602e-056 3.07378369e-036
  5.60991258e-063 3.83565051e-046 1.67352412e-059 1.71713561e-052
  4.35268838e-047 5.71413893e-083 3.31052992e-073 1.98880926e-092
  1.00000000e+000]
 [6.75941977e-038 4.42057532e-026 1.28999250e-047 8.34296929e-070
  2.86376272e-063 2.29209087e-043 1.00000000e+000 3.32917092e-058
  7.38950875e-018 1.07472060e-059 6.51629720e-042 3.67024119e-032
  9.40547615e-043 3.05777872e-032 5.07365973e-015 3.33373589e-047
  2.26600451e-060 1.96458066e-033 7.09771800e-076 1.23824964e-041
  1.00000000e+000]
 [2.16781256e-048 1.39201127e-055 2.08264272e-028 2.07523901e-033
  5.74430245e-037 4.14977774e-075 3.32917092e-058 1.00000000e+000
  1.44319916e-059 4.14922838e-097 1.31125037e-072 6.42864448e-058
  3.45822472e-031 7.92541408e-073 8.56449487e-061 1.39121909e-026
  1.64235871e-051 7.80010253e-048 3.56621764e-105 1.68227412e-031
  1.00000000e+000]
 [1.91413437e-051 4.53349612e-017 2.04525356e-022 4.72334390e-065
  6.46056162e-044 9.81974065e-032 7.38950875e-018 1.44319916e-059
  1.00000000e+000 1.28519966e-022 3.70107222e-048 7.70874674e-012
  1.55892408e-046 9.59536380e-009 1.30044123e-029 2.33185017e-036
  8.58522649e-041 2.23473636e-042 3.77330210e-045 3.08337686e-035
  1.00000000e+000]
 [3.58546531e-063 1.45861071e-026 2.03923812e-037 1.09844737e-057
  1.71775543e-050 1.04121757e-053 1.07472060e-059 4.14922838e-097
  1.28519966e-022 1.00000000e+000 1.78492239e-045 9.29458758e-033
  1.74131947e-062 3.93357666e-007 7.59398774e-058 2.25627168e-039
  1.57372742e-029 6.61729257e-046 2.62489910e-026 6.74215910e-056
  1.00000000e+000]
 [3.63219573e-014 5.92344772e-052 1.87434892e-060 8.54685906e-044
  3.85161663e-071 2.60509602e-056 6.51629720e-042 1.31125037e-072
  3.70107222e-048 1.78492239e-045 1.00000000e+000 1.20678915e-078
  4.92938567e-032 5.11249258e-035 2.66481026e-061 6.25773108e-025
  4.76602628e-053 1.07546642e-024 4.28919471e-089 6.79329312e-075
  1.00000000e+000]
 [3.19029495e-073 1.00041505e-016 2.28957582e-024 2.16891519e-063
  6.80467131e-025 3.07378369e-036 3.67024119e-032 6.42864448e-058
  7.70874674e-012 9.29458758e-033 1.20678915e-078 1.00000000e+000
  1.82507604e-053 6.98324347e-022 6.57052319e-025 3.68659695e-050
  4.34905944e-026 7.21611791e-055 6.58202383e-033 2.02973935e-028
  1.00000000e+000]
 [6.31621846e-044 2.09778543e-037 3.08141855e-024 4.50697814e-020
  5.31370620e-043 5.60991258e-063 9.40547615e-043 3.45822472e-031
  1.55892408e-046 1.74131947e-062 4.92938567e-032 1.82507604e-053
  1.00000000e+000 7.40700308e-040 1.10103653e-055 1.60042977e-032
  1.39500538e-033 1.02813115e-032 4.64122888e-103 8.25445030e-039
  1.00000000e+000]
 [4.88372344e-052 2.35773616e-013 4.72303073e-022 3.85233309e-048
  5.78294845e-048 3.83565051e-046 3.05777872e-032 7.92541408e-073
  9.59536380e-009 3.93357666e-007 5.11249258e-035 6.98324347e-022
  7.40700308e-040 1.00000000e+000 2.50755195e-039 6.13653949e-033
  2.32589917e-030 1.25271369e-032 1.89157089e-038 4.93684231e-037
  1.00000000e+000]
 [1.57747835e-046 3.71839995e-016 5.90732061e-053 3.88205808e-056
  2.76679723e-048 1.67352412e-059 5.07365973e-015 8.56449487e-061
  1.30044123e-029 7.59398774e-058 2.66481026e-061 6.57052319e-025
  1.10103653e-055 2.50755195e-039 1.00000000e+000 3.28791704e-049
  4.27782182e-041 5.45872078e-026 4.99975175e-042 1.80189938e-026
  1.00000000e+000]
 [7.83167791e-015 2.33018460e-036 5.15960839e-028 3.13097245e-022
  1.13015475e-033 1.71713561e-052 3.33373589e-047 1.39121909e-026
  2.33185017e-036 2.25627168e-039 6.25773108e-025 3.68659695e-050
  1.60042977e-032 6.13653949e-033 3.28791704e-049 1.00000000e+000
  7.35981219e-031 4.23930822e-019 2.37603837e-055 2.97345929e-036
  1.00000000e+000]
 [2.74503475e-052 3.33868389e-026 2.86830541e-030 2.61926794e-023
  5.22645189e-010 4.35268838e-047 2.26600451e-060 1.64235871e-051
  8.58522649e-041 1.57372742e-029 4.76602628e-053 4.34905944e-026
  1.39500538e-033 2.32589917e-030 4.27782182e-041 7.35981219e-031
  1.00000000e+000 2.04351172e-037 2.54908833e-031 1.67502245e-035
  1.00000000e+000]
 [4.65913173e-023 3.28137100e-019 2.91979796e-041 1.95511339e-018
  3.81111858e-058 5.71413893e-083 1.96458066e-033 7.80010253e-048
  2.23473636e-042 6.61729257e-046 1.07546642e-024 7.21611791e-055
  1.02813115e-032 1.25271369e-032 5.45872078e-026 4.23930822e-019
  2.04351172e-037 1.00000000e+000 1.01595884e-054 1.62276312e-024
  1.00000000e+000]
 [5.56325469e-078 2.43826326e-033 1.71207124e-065 1.67132119e-071
  5.95748583e-045 3.31052992e-073 7.09771800e-076 3.56621764e-105
  3.77330210e-045 2.62489910e-026 4.28919471e-089 6.58202383e-033
  4.64122888e-103 1.89157089e-038 4.99975175e-042 2.37603837e-055
  2.54908833e-031 1.01595884e-054 1.00000000e+000 4.02587488e-053
  1.00000000e+000]
 [2.42686298e-066 8.28971566e-011 1.94899680e-017 3.64538703e-026
  5.40836002e-045 1.98880926e-092 1.23824964e-041 1.68227412e-031
  3.08337686e-035 6.74215910e-056 6.79329312e-075 2.02973935e-028
  8.25445030e-039 4.93684231e-037 1.80189938e-026 2.97345929e-036
  1.67502245e-035 1.62276312e-024 4.02587488e-053 1.00000000e+000
  1.00000000e+000]
 [1.00000000e+000 1.00000000e+000 1.00000000e+000 1.00000000e+000
  1.00000000e+000 1.00000000e+000 1.00000000e+000 1.00000000e+000
  1.00000000e+000 1.00000000e+000 1.00000000e+000 1.00000000e+000
  1.00000000e+000 1.00000000e+000 1.00000000e+000 1.00000000e+000
  1.00000000e+000 1.00000000e+000 1.00000000e+000 1.00000000e+000
  0.00000000e+000]]
