[[1.00000000e+00 4.86303178e-53 1.37762166e-35 1.17905742e-32
  6.18250213e-63 3.43433482e-39 1.90689026e-36 8.04421901e-37
  9.61694449e-64 4.84888902e-74 3.40181434e-36 1.36478064e-30
  1.32892907e-75 1.52642233e-38 9.31917219e-75 1.48028182e-69
  9.04003095e-33 1.00000000e+00]
 [4.86303178e-53 1.00000000e+00 1.31856534e-73 1.11165174e-76
  6.44295741e-76 1.93151741e-43 2.64449351e-53 1.59256002e-51
  3.27683080e-34 2.78289028e-47 9.51952722e-34 2.89903368e-36
  7.02111748e-34 2.52909633e-39 1.77958610e-37 4.30715262e-35
  7.97775814e-39 1.00000000e+00]
 [1.37762166e-35 1.31856534e-73 1.00000000e+00 5.85150888e-37
  4.36027327e-40 2.04698240e-31 2.46426769e-36 2.39419894e-46
  6.85619468e-79 6.27854484e-43 6.37351179e-38 8.66714030e-66
  7.61104917e-39 5.67458680e-36 2.40949332e-57 1.48676895e-67
  2.38069342e-35 1.00000000e+00]
 [1.17905742e-32 1.11165174e-76 5.85150888e-37 1.00000000e+00
  1.04319216e-33 2.04224328e-42 1.88801547e-38 5.92917965e-40
  3.59812389e-47 5.21371978e-57 9.90243213e-46 1.79732794e-31
  1.22088616e-69 5.45100943e-44 4.66614722e-36 7.95863213e-56
  6.93276187e-65 1.00000000e+00]
 [6.18250213e-63 6.44295741e-76 4.36027327e-40 1.04319216e-33
  1.00000000e+00 9.49837812e-66 5.25557569e-40 1.59133918e-34
  6.00610206e-36 9.95090642e-41 6.42632125e-82 1.81409696e-44
  8.82971345e-37 9.09556867e-70 1.80797707e-55 9.18472902e-36
  1.36512873e-34 1.00000000e+00]
 [3.43433482e-39 1.93151741e-43 2.04698240e-31 2.04224328e-42
  9.49837812e-66 1.00000000e+00 2.58576700e-77 2.11223908e-34
  1.60217726e-73 3.65117192e-46 4.58722871e-33 2.01724268e-57
  1.49506852e-52 1.47573721e-35 1.35314938e-35 1.40753781e-32
  7.63912027e-52 1.00000000e+00]
 [1.90689026e-36 2.64449351e-53 2.46426769e-36 1.88801547e-38
  5.25557569e-40 2.58576700e-77 1.00000000e+00 4.36191476e-63
  1.14437177e-38 1.03465193e-49 7.22799435e-36 2.05233469e-32
  3.24857049e-39 3.14632997e-39 7.08425302e-55 6.58423719e-81
  2.91010630e-35 1.00000000e+00]
 [8.04421901e-37 1.59256002e-51 2.39419894e-46 5.92917965e-40
  1.59133918e-34 2.11223908e-34 4.36191476e-63 1.00000000e+00
  1.00503511e-31 1.57106684e-80 1.21526865e-78 4.88646061e-56
  6.00518782e-44 1.17471184e-33 4.31938521e-57 7.84330172e-35
  5.19349011e-42 1.00000000e+00]
 [9.61694449e-64 3.27683080e-34 6.85619468e-79 3.59812389e-47
  6.00610206e-36 1.60217726e-73 1.14437177e-38 1.00503511e-31
  1.00000000e+00 6.60324999e-69 3.73897801e-72 3.34893594e-37
  5.59604168e-33 2.56042801e-40 6.82234232e-36 8.67136232e-42
  3.08964738e-55 1.00000000e+00]
 [4.84888902e-74 2.78289028e-47 6.27854484e-43 5.21371978e-57
  9.95090642e-41 3.65117192e-46 1.03465193e-49 1.57106684e-80
  6.60324999e-69 1.00000000e+00 1.57047751e-33 1.64221431e-38
  7.21160304e-38 4.27027484e-78 1.15104781e-35 2.57333689e-31
  8.37402876e-37 1.00000000e+00]
 [3.40181434e-36 9.51952722e-34 6.37351179e-38 9.90243213e-46
  6.42632125e-82 4.58722871e-33 7.22799435e-36 1.21526865e-78
  3.73897801e-72 1.57047751e-33 1.00000000e+00 8.11033497e-36
  1.42575694e-54 4.98973962e-36 4.63823957e-33 3.18585981e-66
  1.10563982e-51 1.00000000e+00]
 [1.36478064e-30 2.89903368e-36 8.66714030e-66 1.79732794e-31
  1.81409696e-44 2.01724268e-57 2.05233469e-32 4.88646061e-56
  3.34893594e-37 1.64221431e-38 8.11033497e-36 1.00000000e+00
  1.00151474e-67 2.94432860e-66 2.61424877e-47 1.51558296e-38
  3.75226886e-35 1.00000000e+00]
 [1.32892907e-75 7.02111748e-34 7.61104917e-39 1.22088616e-69
  8.82971345e-37 1.49506852e-52 3.24857049e-39 6.00518782e-44
  5.59604168e-33 7.21160304e-38 1.42575694e-54 1.00151474e-67
  1.00000000e+00 3.70090565e-33 2.52599357e-35 1.86816624e-43
  8.43053856e-37 1.00000000e+00]
 [1.52642233e-38 2.52909633e-39 5.67458680e-36 5.45100943e-44
  9.09556867e-70 1.47573721e-35 3.14632997e-39 1.17471184e-33
  2.56042801e-40 4.27027484e-78 4.98973962e-36 2.94432860e-66
  3.70090565e-33 1.00000000e+00 1.54047374e-34 8.67162094e-73
  1.33673792e-62 1.00000000e+00]
 [9.31917219e-75 1.77958610e-37 2.40949332e-57 4.66614722e-36
  1.80797707e-55 1.35314938e-35 7.08425302e-55 4.31938521e-57
  6.82234232e-36 1.15104781e-35 4.63823957e-33 2.61424877e-47
  2.52599357e-35 1.54047374e-34 1.00000000e+00 5.26343510e-37
  7.03700201e-78 1.00000000e+00]
 [1.48028182e-69 4.30715262e-35 1.48676895e-67 7.95863213e-56
  9.18472902e-36 1.40753781e-32 6.58423719e-81 7.84330172e-35
  8.67136232e-42 2.57333689e-31 3.18585981e-66 1.51558296e-38
  1.86816624e-43 8.67162094e-73 5.26343510e-37 1.00000000e+00
  8.07023334e-41 1.00000000e+00]
 [9.04003095e-33 7.97775814e-39 2.38069342e-35 6.93276187e-65
  1.36512873e-34 7.63912027e-52 2.91010630e-35 5.19349011e-42
  3.08964738e-55 8.37402876e-37 1.10563982e-51 3.75226886e-35
  8.43053856e-37 1.33673792e-62 7.03700201e-78 8.07023334e-41
  1.00000000e+00 1.00000000e+00]
 [1.00000000e+00 1.00000000e+00 1.00000000e+00 1.00000000e+00
  1.00000000e+00 1.00000000e+00 1.00000000e+00 1.00000000e+00
  1.00000000e+00 1.00000000e+00 1.00000000e+00 1.00000000e+00
  1.00000000e+00 1.00000000e+00 1.00000000e+00 1.00000000e+00
  1.00000000e+00 0.00000000e+00]]
