[[1.00000000e+00 5.52167737e-51 3.73469574e-35 ... 2.40025274e-16
  5.60603953e-38 1.00000000e+00]
 [5.52167737e-51 1.00000000e+00 3.06211593e-54 ... 1.73006825e-52
  4.01930777e-52 1.00000000e+00]
 [3.73469574e-35 3.06211593e-54 1.00000000e+00 ... 2.22631495e-67
  2.34919623e-44 1.00000000e+00]
 ...
 [2.40025274e-16 1.73006825e-52 2.22631495e-67 ... 1.00000000e+00
  1.37002451e-42 1.00000000e+00]
 [5.60603953e-38 4.01930777e-52 2.34919623e-44 ... 1.37002451e-42
  1.00000000e+00 1.00000000e+00]
 [1.00000000e+00 1.00000000e+00 1.00000000e+00 ... 1.00000000e+00
  1.00000000e+00 0.00000000e+00]]
