[[1.00000000e+00 4.42493246e-59 1.92985176e-47 ... 4.31608135e-51
  3.06597990e-34 1.00000000e+00]
 [4.42493246e-59 1.00000000e+00 2.23614097e-16 ... 2.17423084e-68
  5.06593125e-29 1.00000000e+00]
 [1.92985176e-47 2.23614097e-16 1.00000000e+00 ... 3.22826009e-41
  6.39184615e-37 1.00000000e+00]
 ...
 [4.31608135e-51 2.17423084e-68 3.22826009e-41 ... 1.00000000e+00
  1.19607531e-50 1.00000000e+00]
 [3.06597990e-34 5.06593125e-29 6.39184615e-37 ... 1.19607531e-50
  1.00000000e+00 1.00000000e+00]
 [1.00000000e+00 1.00000000e+00 1.00000000e+00 ... 1.00000000e+00
  1.00000000e+00 0.00000000e+00]]
