[[1.00000000e+00 4.23110431e-36 8.12572257e-22 ... 1.23083326e-33
  8.00719079e-37 1.00000000e+00]
 [4.23110431e-36 1.00000000e+00 2.98666682e-25 ... 9.48152512e-22
  2.88637733e-17 1.00000000e+00]
 [8.12572257e-22 2.98666682e-25 1.00000000e+00 ... 2.00746601e-37
  1.68996782e-38 1.00000000e+00]
 ...
 [1.23083326e-33 9.48152512e-22 2.00746601e-37 ... 1.00000000e+00
  2.67629194e-14 1.00000000e+00]
 [8.00719079e-37 2.88637733e-17 1.68996782e-38 ... 2.67629194e-14
  1.00000000e+00 1.00000000e+00]
 [1.00000000e+00 1.00000000e+00 1.00000000e+00 ... 1.00000000e+00
  1.00000000e+00 0.00000000e+00]]
