[[1.00000000e+000 8.79398360e-071 4.53863165e-054 1.65855844e-027
  1.06477703e-021 3.69038390e-063 2.38233759e-031 4.89565476e-051
  5.11744137e-047 2.19082733e-030 7.08543294e-014 2.65724458e-065
  6.40328048e-044 1.99329099e-045 4.01354024e-019 7.76440537e-048
  1.40927977e-035 1.07674265e-075 4.29503898e-077 1.15791393e-040
  1.00000000e+000]
 [8.79398360e-071 1.00000000e+000 1.72442229e-054 2.67367859e-082
  3.71849458e-071 1.91035422e-058 4.15750825e-046 3.64580846e-027
  1.36057795e-028 4.25347128e-079 2.80651963e-048 2.71937446e-062
  3.11023578e-059 2.96258547e-073 1.56188961e-048 5.49056264e-125
  2.68737450e-014 8.35892578e-083 1.25234736e-093 4.65825849e-045
  1.00000000e+000]
 [4.53863165e-054 1.72442229e-054 1.00000000e+000 3.85785332e-057
  5.80503218e-030 2.89414999e-024 8.39411351e-033 4.52087566e-050
  3.70830564e-073 2.32599948e-013 1.57772466e-044 1.24934548e-022
  2.72394518e-049 1.99644717e-055 1.74833482e-067 1.05424928e-049
  1.38867060e-049 1.54022087e-024 2.24266814e-065 1.22654133e-026
  1.00000000e+000]
 [1.65855844e-027 2.67367859e-082 3.85785332e-057 1.00000000e+000
  3.84237968e-028 6.56169257e-105 1.05188598e-039 2.91911007e-077
  2.61184601e-051 1.04645748e-054 4.97955964e-055 9.66161595e-059
  2.70185234e-051 4.21513088e-045 1.73048926e-049 4.69140402e-069
  2.31929625e-053 7.89973809e-079 1.33976474e-056 1.57408621e-030
  1.00000000e+000]
 [1.06477703e-021 3.71849458e-071 5.80503218e-030 3.84237968e-028
  1.00000000e+000 5.80897804e-043 1.85624710e-039 6.34772272e-075
  8.30467180e-048 2.91574961e-015 3.18008254e-029 1.16695250e-041
  8.21623447e-036 3.70614989e-019 2.24422926e-046 1.00984506e-020
  5.87104488e-036 1.24364147e-032 2.87262144e-039 4.28313171e-032
  1.00000000e+000]
 [3.69038390e-063 1.91035422e-058 2.89414999e-024 6.56169257e-105
  5.80897804e-043 1.00000000e+000 4.26001844e-039 5.16190688e-046
  1.25005614e-076 3.45035459e-023 2.02856343e-029 4.58441135e-034
  1.27040294e-051 4.13243754e-056 4.65025584e-058 2.89984296e-039
  8.62035294e-042 2.77655972e-021 1.23636985e-085 3.20785517e-055
  1.00000000e+000]
 [2.38233759e-031 4.15750825e-046 8.39411351e-033 1.05188598e-039
  1.85624710e-039 4.26001844e-039 1.00000000e+000 3.31282405e-014
  9.59581837e-050 1.84678243e-039 1.21168279e-020 7.43788280e-025
  5.65483392e-039 6.44529130e-050 6.51000668e-022 2.93213932e-049
  1.44841981e-026 1.86595365e-037 5.05490194e-079 7.09048279e-030
  1.00000000e+000]
 [4.89565476e-051 3.64580846e-027 4.52087566e-050 2.91911007e-077
  6.34772272e-075 5.16190688e-046 3.31282405e-014 1.00000000e+000
  1.06689402e-054 3.34237200e-065 4.66550619e-028 2.30174240e-049
  4.33306532e-060 6.53684825e-086 3.42074847e-027 3.93749233e-097
  1.16724122e-026 4.98961085e-071 5.57981851e-120 1.20937960e-048
  1.00000000e+000]
 [5.11744137e-047 1.36057795e-028 3.70830564e-073 2.61184601e-051
  8.30467180e-048 1.25005614e-076 9.59581837e-050 1.06689402e-054
  1.00000000e+000 3.37808607e-075 4.41742864e-035 4.15200192e-052
  5.78987753e-020 3.17306637e-026 1.92992311e-024 1.17904472e-098
  6.26467970e-012 1.72582892e-087 2.30553600e-038 7.93944297e-026
  1.00000000e+000]
 [2.19082733e-030 4.25347128e-079 2.32599948e-013 1.04645748e-054
  2.91574961e-015 3.45035459e-023 1.84678243e-039 3.34237200e-065
  3.37808607e-075 1.00000000e+000 7.01622230e-028 4.97612675e-036
  3.70194821e-044 6.26527700e-044 8.29599946e-055 3.26162871e-025
  2.74306797e-053 5.99389297e-031 8.87045921e-063 1.82346692e-035
  1.00000000e+000]
 [7.08543294e-014 2.80651963e-048 1.57772466e-044 4.97955964e-055
  3.18008254e-029 2.02856343e-029 1.21168279e-020 4.66550619e-028
  4.41742864e-035 7.01622230e-028 1.00000000e+000 4.88471344e-042
  1.53719832e-026 2.06225139e-036 3.97013706e-008 2.20378500e-043
  9.11508564e-019 3.84077708e-054 1.03113644e-069 9.38891334e-035
  1.00000000e+000]
 [2.65724458e-065 2.71937446e-062 1.24934548e-022 9.66161595e-059
  1.16695250e-041 4.58441135e-034 7.43788280e-025 2.30174240e-049
  4.15200192e-052 4.97612675e-036 4.88471344e-042 1.00000000e+000
  2.65788090e-019 8.52240897e-031 1.14324561e-048 6.99924953e-050
  7.93044339e-044 2.40794728e-023 2.66025094e-035 2.21912222e-015
  1.00000000e+000]
 [6.40328048e-044 3.11023578e-059 2.72394518e-049 2.70185234e-051
  8.21623447e-036 1.27040294e-051 5.65483392e-039 4.33306532e-060
  5.78987753e-020 3.70194821e-044 1.53719832e-026 2.65788090e-019
  1.00000000e+000 4.28077450e-012 2.71476499e-024 5.14913029e-060
  8.31941073e-030 4.22575969e-056 4.08209778e-017 1.04172115e-011
  1.00000000e+000]
 [1.99329099e-045 2.96258547e-073 1.99644717e-055 4.21513088e-045
  3.70614989e-019 4.13243754e-056 6.44529130e-050 6.53684825e-086
  3.17306637e-026 6.26527700e-044 2.06225139e-036 8.52240897e-031
  4.28077450e-012 1.00000000e+000 1.47214589e-040 1.30811406e-038
  1.90422084e-032 6.77085416e-043 5.65897352e-011 4.78530412e-026
  1.00000000e+000]
 [4.01354024e-019 1.56188961e-048 1.74833482e-067 1.73048926e-049
  2.24422926e-046 4.65025584e-058 6.51000668e-022 3.42074847e-027
  1.92992311e-024 8.29599946e-055 3.97013706e-008 1.14324561e-048
  2.71476499e-024 1.47214589e-040 1.00000000e+000 1.14128152e-069
  4.45988457e-019 1.88591970e-079 1.04569734e-070 1.46401456e-033
  1.00000000e+000]
 [7.76440537e-048 5.49056264e-125 1.05424928e-049 4.69140402e-069
  1.00984506e-020 2.89984296e-039 2.93213932e-049 3.93749233e-097
  1.17904472e-098 3.26162871e-025 2.20378500e-043 6.99924953e-050
  5.14913029e-060 1.30811406e-038 1.14128152e-069 1.00000000e+000
  5.72719296e-071 1.20005182e-021 2.03100742e-071 7.95264106e-070
  1.00000000e+000]
 [1.40927977e-035 2.68737450e-014 1.38867060e-049 2.31929625e-053
  5.87104488e-036 8.62035294e-042 1.44841981e-026 1.16724122e-026
  6.26467970e-012 2.74306797e-053 9.11508564e-019 7.93044339e-044
  8.31941073e-030 1.90422084e-032 4.45988457e-019 5.72719296e-071
  1.00000000e+000 6.12781061e-056 1.00124773e-059 9.30034861e-032
  1.00000000e+000]
 [1.07674265e-075 8.35892578e-083 1.54022087e-024 7.89973809e-079
  1.24364147e-032 2.77655972e-021 1.86595365e-037 4.98961085e-071
  1.72582892e-087 5.99389297e-031 3.84077708e-054 2.40794728e-023
  4.22575969e-056 6.77085416e-043 1.88591970e-079 1.20005182e-021
  6.12781061e-056 1.00000000e+000 3.17674950e-065 1.65258223e-053
  1.00000000e+000]
 [4.29503898e-077 1.25234736e-093 2.24266814e-065 1.33976474e-056
  2.87262144e-039 1.23636985e-085 5.05490194e-079 5.57981851e-120
  2.30553600e-038 8.87045921e-063 1.03113644e-069 2.66025094e-035
  4.08209778e-017 5.65897352e-011 1.04569734e-070 2.03100742e-071
  1.00124773e-059 3.17674950e-065 1.00000000e+000 7.29732097e-025
  1.00000000e+000]
 [1.15791393e-040 4.65825849e-045 1.22654133e-026 1.57408621e-030
  4.28313171e-032 3.20785517e-055 7.09048279e-030 1.20937960e-048
  7.93944297e-026 1.82346692e-035 9.38891334e-035 2.21912222e-015
  1.04172115e-011 4.78530412e-026 1.46401456e-033 7.95264106e-070
  9.30034861e-032 1.65258223e-053 7.29732097e-025 1.00000000e+000
  1.00000000e+000]
 [1.00000000e+000 1.00000000e+000 1.00000000e+000 1.00000000e+000
  1.00000000e+000 1.00000000e+000 1.00000000e+000 1.00000000e+000
  1.00000000e+000 1.00000000e+000 1.00000000e+000 1.00000000e+000
  1.00000000e+000 1.00000000e+000 1.00000000e+000 1.00000000e+000
  1.00000000e+000 1.00000000e+000 1.00000000e+000 1.00000000e+000
  0.00000000e+000]]
