[[1.00000000e+000 5.67336071e-049 6.70739881e-009 2.21861985e-027
  7.18324897e-030 1.51187569e-004 6.71439039e-018 6.98644689e-038
  3.28044830e-036 1.59701535e-038 1.08599666e-056 3.71841659e-018
  2.29675650e-027 6.71217526e-023 9.34697848e-033 3.37892951e-033
  7.54325039e-057 3.33549656e-022 4.44701247e-047 5.38852031e-033
  1.69108724e-015 1.00000000e+000]
 [5.67336071e-049 1.00000000e+000 1.13605193e-026 3.59133512e-070
  1.70870641e-029 8.14546506e-048 6.69865061e-052 8.42489144e-047
  2.71531478e-044 2.29972939e-060 4.21453321e-032 5.47976269e-040
  1.91219470e-045 2.83586463e-023 1.09236160e-046 4.06669839e-046
  6.19493622e-014 4.38871983e-057 2.14528676e-051 1.84822248e-050
  4.02087275e-040 1.00000000e+000]
 [6.70739881e-009 1.13605193e-026 1.00000000e+000 8.72933438e-032
  6.13925008e-022 8.22024623e-015 3.95708453e-023 9.53459451e-035
  2.04276295e-029 8.38095859e-044 2.67550666e-045 7.93191983e-013
  1.07682465e-017 8.44531339e-019 1.49227895e-027 4.85991299e-015
  1.97160044e-036 1.24737886e-030 3.60097046e-034 1.16917213e-026
  7.63708926e-014 1.00000000e+000]
 [2.21861985e-027 3.59133512e-070 8.72933438e-032 1.00000000e+000
  7.78204906e-056 2.75796208e-045 1.34028124e-020 4.25849535e-015
  1.71193627e-094 2.54536622e-064 5.29376829e-059 6.45291698e-042
  9.66269582e-035 3.46111698e-061 4.43842024e-057 5.71646922e-066
  1.88453883e-110 3.82725275e-062 2.89871620e-090 6.91767076e-047
  3.76372877e-049 1.00000000e+000]
 [7.18324897e-030 1.70870641e-029 6.13925008e-022 7.78204906e-056
  1.00000000e+000 1.27437104e-038 4.68319186e-029 3.96456919e-050
  1.65340261e-028 3.41277595e-090 4.52299798e-040 1.77419657e-054
  1.60115452e-066 1.38525948e-019 1.95589857e-057 1.28768137e-062
  1.24263030e-034 1.29931701e-031 3.93293701e-079 1.58102253e-060
  8.34846378e-015 1.00000000e+000]
 [1.51187569e-004 8.14546506e-048 8.22024623e-015 2.75796208e-045
  1.27437104e-038 1.00000000e+000 7.88989848e-030 4.95362886e-049
  2.69159031e-031 1.98565490e-027 4.12228222e-059 2.88083454e-017
  1.43464018e-031 3.23658267e-019 1.75656254e-029 7.72042585e-036
  5.27453749e-048 1.44786236e-019 2.63452439e-038 3.37633176e-034
  4.87470788e-019 1.00000000e+000]
 [6.71439039e-018 6.69865061e-052 3.95708453e-023 1.34028124e-020
  4.68319186e-029 7.88989848e-030 1.00000000e+000 3.61070420e-027
  4.43073412e-059 1.24406619e-074 1.13828247e-067 1.57805177e-052
  3.01499588e-057 7.69631036e-036 3.54048626e-055 1.32922443e-066
  1.31686609e-083 8.86759575e-049 5.45609895e-099 6.17451975e-072
  6.05539698e-034 1.00000000e+000]
 [6.98644689e-038 8.42489144e-047 9.53459451e-035 4.25849535e-015
  3.96456919e-050 4.95362886e-049 3.61070420e-027 1.00000000e+000
  3.23835293e-070 3.94378074e-046 8.86481057e-027 8.56241197e-041
  6.89552568e-041 4.60938814e-038 6.77970254e-031 1.66342501e-073
  7.89825245e-086 4.39843049e-047 1.66095508e-074 2.99594282e-039
  5.80941188e-040 1.00000000e+000]
 [3.28044830e-036 2.71531478e-044 2.04276295e-029 1.71193627e-094
  1.65340261e-028 2.69159031e-031 4.43073412e-059 3.23835293e-070
  1.00000000e+000 2.38789515e-059 3.35288176e-048 1.91841509e-043
  2.53280535e-069 1.28939309e-008 9.38646555e-026 6.75273341e-054
  2.44186300e-030 9.23582325e-016 7.63217213e-043 2.61960287e-051
  7.85831102e-011 1.00000000e+000]
 [1.59701535e-038 2.29972939e-060 8.38095859e-044 2.54536622e-064
  3.41277595e-090 1.98565490e-027 1.24406619e-074 3.94378074e-046
  2.38789515e-059 1.00000000e+000 2.06133171e-048 8.11425561e-017
  1.14983066e-028 1.21785939e-037 2.71963314e-017 2.79659029e-053
  1.16638233e-066 4.92663124e-038 1.08700150e-022 1.16610429e-021
  8.24908841e-049 1.00000000e+000]
 [1.08599666e-056 4.21453321e-032 2.67550666e-045 5.29376829e-059
  4.52299798e-040 4.12228222e-059 1.13828247e-067 8.86481057e-027
  3.35288176e-048 2.06133171e-048 1.00000000e+000 6.02208134e-044
  1.36641469e-053 4.53221943e-026 3.64544631e-031 6.88056979e-081
  7.03198339e-044 7.99111407e-032 1.56987775e-052 6.64360025e-028
  4.84474831e-031 1.00000000e+000]
 [3.71841659e-018 5.47976269e-040 7.93191983e-013 6.45291698e-042
  1.77419657e-054 2.88083454e-017 1.57805177e-052 8.56241197e-041
  1.91841509e-043 8.11425561e-017 6.02208134e-044 1.00000000e+000
  3.59609384e-005 1.39795580e-029 7.59093615e-019 3.84964804e-014
  2.05148238e-044 2.11464017e-033 2.83529207e-011 3.19491869e-008
  6.21840003e-027 1.00000000e+000]
 [2.29675650e-027 1.91219470e-045 1.07682465e-017 9.66269582e-035
  1.60115452e-066 1.43464018e-031 3.01499588e-057 6.89552568e-041
  2.53280535e-069 1.14983066e-028 1.36641469e-053 3.59609384e-005
  1.00000000e+000 7.99794015e-049 1.04341191e-033 2.97623079e-014
  7.45419876e-060 2.90997440e-056 3.99243800e-022 8.96780393e-013
  1.51942033e-043 1.00000000e+000]
 [6.71217526e-023 2.83586463e-023 8.44531339e-019 3.46111698e-061
  1.38525948e-019 3.23658267e-019 7.69631036e-036 4.60938814e-038
  1.28939309e-008 1.21785939e-037 4.53221943e-026 1.39795580e-029
  7.99794015e-049 1.00000000e+000 4.90043585e-017 2.12598793e-049
  8.60023287e-024 1.52276166e-011 4.89317825e-039 1.41717819e-036
  1.83072776e-008 1.00000000e+000]
 [9.34697848e-033 1.09236160e-046 1.49227895e-027 4.43842024e-057
  1.95589857e-057 1.75656254e-029 3.54048626e-055 6.77970254e-031
  9.38646555e-026 2.71963314e-017 3.64544631e-031 7.59093615e-019
  1.04341191e-033 4.90043585e-017 1.00000000e+000 6.32471656e-044
  4.73655387e-054 2.75088618e-021 9.05210491e-023 1.06536849e-020
  6.70759258e-022 1.00000000e+000]
 [3.37892951e-033 4.06669839e-046 4.85991299e-015 5.71646922e-066
  1.28768137e-062 7.72042585e-036 1.32922443e-066 1.66342501e-073
  6.75273341e-054 2.79659029e-053 6.88056979e-081 3.84964804e-014
  2.97623079e-014 2.12598793e-049 6.32471656e-044 1.00000000e+000
  2.94479924e-048 6.40172260e-066 4.99553129e-023 7.00815261e-033
  1.82363893e-043 1.00000000e+000]
 [7.54325039e-057 6.19493622e-014 1.97160044e-036 1.88453883e-110
  1.24263030e-034 5.27453749e-048 1.31686609e-083 7.89825245e-086
  2.44186300e-030 1.16638233e-066 7.03198339e-044 2.05148238e-044
  7.45419876e-060 8.60023287e-024 4.73655387e-054 2.94479924e-048
  1.00000000e+000 7.69427127e-049 1.50440748e-039 1.01766102e-052
  1.49571203e-037 1.00000000e+000]
 [3.33549656e-022 4.38871983e-057 1.24737886e-030 3.82725275e-062
  1.29931701e-031 1.44786236e-019 8.86759575e-049 4.39843049e-047
  9.23582325e-016 4.92663124e-038 7.99111407e-032 2.11464017e-033
  2.90997440e-056 1.52276166e-011 2.75088618e-021 6.40172260e-066
  7.69427127e-049 1.00000000e+000 1.77950081e-043 4.17933984e-031
  4.05700610e-007 1.00000000e+000]
 [4.44701247e-047 2.14528676e-051 3.60097046e-034 2.89871620e-090
  3.93293701e-079 2.63452439e-038 5.45609895e-099 1.66095508e-074
  7.63217213e-043 1.08700150e-022 1.56987775e-052 2.83529207e-011
  3.99243800e-022 4.89317825e-039 9.05210491e-023 4.99553129e-023
  1.50440748e-039 1.77950081e-043 1.00000000e+000 4.44153658e-014
  9.05255765e-041 1.00000000e+000]
 [5.38852031e-033 1.84822248e-050 1.16917213e-026 6.91767076e-047
  1.58102253e-060 3.37633176e-034 6.17451975e-072 2.99594282e-039
  2.61960287e-051 1.16610429e-021 6.64360025e-028 3.19491869e-008
  8.96780393e-013 1.41717819e-036 1.06536849e-020 7.00815261e-033
  1.01766102e-052 4.17933984e-031 4.44153658e-014 1.00000000e+000
  3.89303656e-029 1.00000000e+000]
 [1.69108724e-015 4.02087275e-040 7.63708926e-014 3.76372877e-049
  8.34846378e-015 4.87470788e-019 6.05539698e-034 5.80941188e-040
  7.85831102e-011 8.24908841e-049 4.84474831e-031 6.21840003e-027
  1.51942033e-043 1.83072776e-008 6.70759258e-022 1.82363893e-043
  1.49571203e-037 4.05700610e-007 9.05255765e-041 3.89303656e-029
  1.00000000e+000 1.00000000e+000]
 [1.00000000e+000 1.00000000e+000 1.00000000e+000 1.00000000e+000
  1.00000000e+000 1.00000000e+000 1.00000000e+000 1.00000000e+000
  1.00000000e+000 1.00000000e+000 1.00000000e+000 1.00000000e+000
  1.00000000e+000 1.00000000e+000 1.00000000e+000 1.00000000e+000
  1.00000000e+000 1.00000000e+000 1.00000000e+000 1.00000000e+000
  1.00000000e+000 0.00000000e+000]]
