[[1.00000000e+000 1.35545346e-030 1.25165234e-020 2.11152622e-022
  3.71361515e-049 1.22267583e-015 3.93145501e-027 1.04388968e-028
  5.60433431e-038 1.20027949e-021 4.63407892e-045 1.23661621e-035
  8.08159459e-026 1.73328574e-013 2.85823618e-026 1.39007326e-025
  9.75901378e-029 2.59552690e-023 1.40674031e-036 8.87386481e-028
  1.00000000e+000]
 [1.35545346e-030 1.00000000e+000 7.55431148e-030 1.78495239e-017
  2.71370380e-066 1.28820943e-053 8.04936607e-032 8.19883821e-030
  7.07181118e-037 1.02854376e-014 8.17308707e-029 3.60171265e-049
  1.14967078e-045 1.47279765e-056 9.88487713e-076 2.37024130e-037
  2.97663544e-079 1.35382509e-011 6.65337848e-061 1.87052976e-016
  1.00000000e+000]
 [1.25165234e-020 7.55431148e-030 1.00000000e+000 8.78087517e-045
  8.82517766e-055 1.88792340e-011 1.56850126e-038 2.28885791e-043
  8.35472431e-021 4.08647201e-047 4.79903663e-045 8.63646076e-023
  7.14610219e-034 6.55570041e-033 2.32268876e-040 1.98619658e-026
  3.85889784e-049 5.80524666e-020 6.24827652e-016 9.08897152e-027
  1.00000000e+000]
 [2.11152622e-022 1.78495239e-017 8.78087517e-045 1.00000000e+000
  3.50378414e-060 4.21442521e-059 2.11230311e-039 2.92330009e-014
  1.37950645e-057 5.78610610e-006 1.77234524e-030 5.14611818e-072
  3.12697960e-029 2.93445099e-028 6.55706358e-071 1.00279576e-028
  4.35296871e-084 4.26530341e-030 3.98892691e-072 2.35842454e-042
  1.00000000e+000]
 [3.71361515e-049 2.71370380e-066 8.82517766e-055 3.50378414e-060
  1.00000000e+000 1.73721521e-049 1.24760835e-087 3.92488071e-055
  6.66759369e-059 9.05467773e-049 3.60457208e-050 3.37995475e-041
  1.77453139e-019 2.37159954e-061 1.52140417e-034 7.10665755e-061
  9.69120999e-054 2.93412276e-067 3.85386289e-072 4.83723294e-066
  1.00000000e+000]
 [1.22267583e-015 1.28820943e-053 1.88792340e-011 4.21442521e-059
  1.73721521e-049 1.00000000e+000 3.32342295e-057 7.25200353e-048
  1.72279011e-026 3.43113612e-060 2.12710705e-070 1.10197119e-026
  4.18479258e-036 8.54035863e-030 1.16738478e-015 6.19392003e-033
  2.26222355e-025 1.48369568e-029 5.78107179e-030 9.56491166e-039
  1.00000000e+000]
 [3.93145501e-027 8.04936607e-032 1.56850126e-038 2.11230311e-039
  1.24760835e-087 3.32342295e-057 1.00000000e+000 3.81292718e-078
  9.96483522e-062 6.95859850e-029 8.21606460e-030 1.32563956e-050
  1.27856006e-062 4.78677240e-042 3.37181146e-088 1.02521240e-051
  2.11205988e-070 1.64786847e-050 7.66007336e-030 1.82091004e-024
  1.00000000e+000]
 [1.04388968e-028 8.19883821e-030 2.28885791e-043 2.92330009e-014
  3.92488071e-055 7.25200353e-048 3.81292718e-078 1.00000000e+000
  1.99182713e-058 6.32156739e-025 4.56045135e-064 4.62497495e-068
  4.00274770e-023 1.01069628e-039 2.25056113e-048 2.34991775e-037
  7.71578268e-074 2.13364372e-022 5.61850151e-090 1.45000098e-061
  1.00000000e+000]
 [5.60433431e-038 7.07181118e-037 8.35472431e-021 1.37950645e-057
  6.66759369e-059 1.72279011e-026 9.96483522e-062 1.99182713e-058
  1.00000000e+000 2.69628767e-060 3.82426962e-041 4.20352241e-058
  5.48477460e-065 2.32485158e-051 1.78381614e-060 1.50853098e-016
  2.10732717e-078 5.55464276e-030 9.55677237e-049 5.68496476e-018
  1.00000000e+000]
 [1.20027949e-021 1.02854376e-014 4.08647201e-047 5.78610610e-006
  9.05467773e-049 3.43113612e-060 6.95859850e-029 6.32156739e-025
  2.69628767e-060 1.00000000e+000 1.78655449e-025 3.86070141e-056
  2.77424362e-028 5.68285627e-038 5.70406705e-065 5.94010331e-041
  1.01086321e-067 3.61550132e-031 2.24133365e-068 5.66828099e-033
  1.00000000e+000]
 [4.63407892e-045 8.17308707e-029 4.79903663e-045 1.77234524e-030
  3.60457208e-050 2.12710705e-070 8.21606460e-030 4.56045135e-064
  3.82426962e-041 1.78655449e-025 1.00000000e+000 1.14331973e-069
  6.16379059e-050 8.70826889e-046 4.02467651e-099 1.68561037e-029
  1.74358671e-107 1.66868188e-058 6.36607320e-048 9.48907770e-029
  1.00000000e+000]
 [1.23661621e-035 3.60171265e-049 8.63646076e-023 5.14611818e-072
  3.37995475e-041 1.10197119e-026 1.32563956e-050 4.62497495e-068
  4.20352241e-058 3.86070141e-056 1.14331973e-069 1.00000000e+000
  2.25163403e-032 4.71423296e-068 1.82119142e-029 1.06379369e-077
  1.26207035e-022 1.38702353e-038 4.71285140e-031 7.02644077e-045
  1.00000000e+000]
 [8.08159459e-026 1.14967078e-045 7.14610219e-034 3.12697960e-029
  1.77453139e-019 4.18479258e-036 1.27856006e-062 4.00274770e-023
  5.48477460e-065 2.77424362e-028 6.16379059e-050 2.25163403e-032
  1.00000000e+000 1.16683105e-031 8.88986957e-029 8.82372068e-048
  7.38904571e-046 2.15412458e-043 1.19098224e-051 1.91871050e-065
  1.00000000e+000]
 [1.73328574e-013 1.47279765e-056 6.55570041e-033 2.93445099e-028
  2.37159954e-061 8.54035863e-030 4.78677240e-042 1.01069628e-039
  2.32485158e-051 5.68285627e-038 8.70826889e-046 4.71423296e-068
  1.16683105e-031 1.00000000e+000 1.84069381e-049 2.50164030e-018
  3.02578432e-064 1.89837404e-054 1.44780517e-038 6.43779113e-056
  1.00000000e+000]
 [2.85823618e-026 9.88487713e-076 2.32268876e-040 6.55706358e-071
  1.52140417e-034 1.16738478e-015 3.37181146e-088 2.25056113e-048
  1.78381614e-060 5.70406705e-065 4.02467651e-099 1.82119142e-029
  8.88986957e-029 1.84069381e-049 1.00000000e+000 4.40401028e-066
  1.10771822e-010 3.37028485e-046 2.40889084e-066 7.99479236e-068
  1.00000000e+000]
 [1.39007326e-025 2.37024130e-037 1.98619658e-026 1.00279576e-028
  7.10665755e-061 6.19392003e-033 1.02521240e-051 2.34991775e-037
  1.50853098e-016 5.94010331e-041 1.68561037e-029 1.06379369e-077
  8.82372068e-048 2.50164030e-018 4.40401028e-066 1.00000000e+000
  1.49068326e-090 2.62219901e-038 1.72527370e-048 6.35739475e-033
  1.00000000e+000]
 [9.75901378e-029 2.97663544e-079 3.85889784e-049 4.35296871e-084
  9.69120999e-054 2.26222355e-025 2.11205988e-070 7.71578268e-074
  2.10732717e-078 1.01086321e-067 1.74358671e-107 1.26207035e-022
  7.38904571e-046 3.02578432e-064 1.10771822e-010 1.49068326e-090
  1.00000000e+000 1.06181305e-053 3.02119120e-063 2.46372768e-063
  1.00000000e+000]
 [2.59552690e-023 1.35382509e-011 5.80524666e-020 4.26530341e-030
  2.93412276e-067 1.48369568e-029 1.64786847e-050 2.13364372e-022
  5.55464276e-030 3.61550132e-031 1.66868188e-058 1.38702353e-038
  2.15412458e-043 1.89837404e-054 3.37028485e-046 2.62219901e-038
  1.06181305e-053 1.00000000e+000 1.18206628e-061 1.17272891e-022
  1.00000000e+000]
 [1.40674031e-036 6.65337848e-061 6.24827652e-016 3.98892691e-072
  3.85386289e-072 5.78107179e-030 7.66007336e-030 5.61850151e-090
  9.55677237e-049 2.24133365e-068 6.36607320e-048 4.71285140e-031
  1.19098224e-051 1.44780517e-038 2.40889084e-066 1.72527370e-048
  3.02119120e-063 1.18206628e-061 1.00000000e+000 1.49015341e-045
  1.00000000e+000]
 [8.87386481e-028 1.87052976e-016 9.08897152e-027 2.35842454e-042
  4.83723294e-066 9.56491166e-039 1.82091004e-024 1.45000098e-061
  5.68496476e-018 5.66828099e-033 9.48907770e-029 7.02644077e-045
  1.91871050e-065 6.43779113e-056 7.99479236e-068 6.35739475e-033
  2.46372768e-063 1.17272891e-022 1.49015341e-045 1.00000000e+000
  1.00000000e+000]
 [1.00000000e+000 1.00000000e+000 1.00000000e+000 1.00000000e+000
  1.00000000e+000 1.00000000e+000 1.00000000e+000 1.00000000e+000
  1.00000000e+000 1.00000000e+000 1.00000000e+000 1.00000000e+000
  1.00000000e+000 1.00000000e+000 1.00000000e+000 1.00000000e+000
  1.00000000e+000 1.00000000e+000 1.00000000e+000 1.00000000e+000
  0.00000000e+000]]
