[[1.00000000e+000 2.03235372e-029 2.46048378e-030 2.31319575e-037
  2.27219745e-021 1.45806588e-054 6.31477482e-016 5.42998327e-045
  1.88655839e-032 3.44039541e-032 1.89914004e-044 2.39992744e-034
  6.63589016e-019 1.15095387e-064 7.09972296e-039 4.38140613e-067
  1.75643867e-046 6.43258651e-013 3.88909988e-053 2.47818560e-039
  1.00000000e+000]
 [2.03235372e-029 1.00000000e+000 1.98877039e-018 3.79633026e-046
  9.62833473e-030 3.18798985e-032 1.99779010e-026 1.43468355e-030
  3.30462705e-022 5.29280405e-061 6.28676605e-016 1.13748097e-054
  5.00188754e-025 4.26740714e-030 1.75036338e-035 2.25126775e-038
  1.71083249e-023 9.39292958e-011 6.14266404e-040 4.38186164e-031
  1.00000000e+000]
 [2.46048378e-030 1.98877039e-018 1.00000000e+000 4.25367053e-064
  3.57937468e-016 1.27818025e-031 9.00034103e-023 9.45852529e-039
  1.90280022e-041 1.05353636e-037 1.00247022e-034 9.77317337e-051
  1.80169593e-034 1.29183544e-074 6.50329863e-021 6.85083867e-080
  4.28243722e-010 1.36712713e-025 5.83695762e-038 2.60461752e-034
  1.00000000e+000]
 [2.31319575e-037 3.79633026e-046 4.25367053e-064 1.00000000e+000
  2.89784274e-059 1.94974856e-088 2.10114425e-027 5.58742140e-051
  2.68538453e-010 9.53729810e-032 2.25054202e-031 1.37921704e-055
  3.83258939e-063 4.02727116e-054 3.31652417e-040 6.09981288e-044
  1.76737868e-085 1.34100574e-035 8.54426708e-097 8.90216288e-093
  1.00000000e+000]
 [2.27219745e-021 9.62833473e-030 3.57937468e-016 2.89784274e-059
  1.00000000e+000 2.89834980e-014 1.48041038e-013 3.71681896e-017
  1.32337849e-043 1.78203406e-026 3.36422807e-055 4.13438695e-024
  1.03685612e-011 3.12806028e-056 1.54723461e-024 3.60472229e-055
  1.83678221e-046 2.85331185e-035 1.33988006e-038 4.43331792e-013
  1.00000000e+000]
 [1.45806588e-054 3.18798985e-032 1.27818025e-031 1.94974856e-088
  2.89834980e-014 1.00000000e+000 1.69047774e-039 2.18678017e-014
  8.75756859e-063 1.32278690e-061 2.79538516e-070 2.22748660e-033
  1.87970272e-020 3.42093593e-037 5.32228401e-038 6.04101285e-041
  8.35704280e-065 1.45742254e-057 1.68768259e-032 7.72499253e-007
  1.00000000e+000]
 [6.31477482e-016 1.99779010e-026 9.00034103e-023 2.10114425e-027
  1.48041038e-013 1.69047774e-039 1.00000000e+000 1.90767914e-018
  6.77113470e-015 2.68360404e-022 8.52376441e-035 5.48851840e-039
  6.46457555e-022 9.50156327e-056 4.74633060e-032 8.18037917e-049
  7.18168401e-047 2.82082051e-025 1.37449449e-061 4.14146065e-037
  1.00000000e+000]
 [5.42998327e-045 1.43468355e-030 9.45852529e-039 5.58742140e-051
  3.71681896e-017 2.18678017e-014 1.90767914e-018 1.00000000e+000
  7.40516718e-030 1.88363376e-048 7.06358038e-057 5.05273326e-032
  3.25263544e-022 3.54509905e-027 3.16446960e-041 2.49254097e-022
  2.75227873e-074 8.64271811e-052 1.96585918e-047 1.19298704e-019
  1.00000000e+000]
 [1.88655839e-032 3.30462705e-022 1.90280022e-041 2.68538453e-010
  1.32337849e-043 8.75756859e-063 6.77113470e-015 7.40516718e-030
  1.00000000e+000 3.91266644e-042 9.59924945e-019 2.16731665e-057
  4.54876226e-045 2.84623624e-039 4.98995274e-041 1.27689364e-033
  3.50038143e-056 4.54296678e-024 8.17075332e-075 3.41908921e-065
  1.00000000e+000]
 [3.44039541e-032 5.29280405e-061 1.05353636e-037 9.53729810e-032
  1.78203406e-026 1.32278690e-061 2.68360404e-022 1.88363376e-048
  3.91266644e-042 1.00000000e+000 9.45808679e-057 1.50307635e-034
  5.88087127e-052 2.79775668e-090 1.70247793e-015 1.60247487e-078
  1.22842301e-071 1.04262092e-049 1.82357848e-080 1.13314891e-069
  1.00000000e+000]
 [1.89914004e-044 6.28676605e-016 1.00247022e-034 2.25054202e-031
  3.36422807e-055 2.79538516e-070 8.52376441e-035 7.06358038e-057
  9.59924945e-019 9.45808679e-057 1.00000000e+000 1.72308961e-089
  1.19343355e-052 2.32315805e-053 1.31691672e-041 4.69732264e-053
  2.17139660e-036 2.06837304e-015 3.53601423e-092 2.39526642e-076
  1.00000000e+000]
 [2.39992744e-034 1.13748097e-054 9.77317337e-051 1.37921704e-055
  4.13438695e-024 2.22748660e-033 5.48851840e-039 5.05273326e-032
  2.16731665e-057 1.50307635e-034 1.72308961e-089 1.00000000e+000
  1.77808349e-036 3.10277608e-050 2.85634314e-027 4.93734943e-052
  4.84787266e-089 1.79069508e-058 1.43817740e-026 6.77029246e-033
  1.00000000e+000]
 [6.63589016e-019 5.00188754e-025 1.80169593e-034 3.83258939e-063
  1.03685612e-011 1.87970272e-020 6.46457555e-022 3.25263544e-022
  4.54876226e-045 5.88087127e-052 1.19343355e-052 1.77808349e-036
  1.00000000e+000 1.02555151e-038 7.73785793e-049 6.91768297e-041
  1.32506246e-061 9.24151607e-027 5.51910878e-051 6.23378621e-010
  1.00000000e+000]
 [1.15095387e-064 4.26740714e-030 1.29183544e-074 4.02727116e-054
  3.12806028e-056 3.42093593e-037 9.50156327e-056 3.54509905e-027
  2.84623624e-039 2.79775668e-090 2.32315805e-053 3.10277608e-050
  1.02555151e-038 1.00000000e+000 2.22098866e-062 1.98266281e-004
  4.64819830e-101 7.93440118e-051 5.62084864e-059 3.25347223e-041
  1.00000000e+000]
 [7.09972296e-039 1.75036338e-035 6.50329863e-021 3.31652417e-040
  1.54723461e-024 5.32228401e-038 4.74633060e-032 3.16446960e-041
  4.98995274e-041 1.70247793e-015 1.31691672e-041 2.85634314e-027
  7.73785793e-049 2.22098866e-062 1.00000000e+000 1.22268252e-061
  1.11612084e-044 4.43625598e-039 4.35592961e-043 1.27904819e-051
  1.00000000e+000]
 [4.38140613e-067 2.25126775e-038 6.85083867e-080 6.09981288e-044
  3.60472229e-055 6.04101285e-041 8.18037917e-049 2.49254097e-022
  1.27689364e-033 1.60247487e-078 4.69732264e-053 4.93734943e-052
  6.91768297e-041 1.98266281e-004 1.22268252e-061 1.00000000e+000
  1.15471981e-113 2.09635780e-057 1.47780161e-076 1.50401853e-048
  1.00000000e+000]
 [1.75643867e-046 1.71083249e-023 4.28243722e-010 1.76737868e-085
  1.83678221e-046 8.35704280e-065 7.18168401e-047 2.75227873e-074
  3.50038143e-056 1.22842301e-071 2.17139660e-036 4.84787266e-089
  1.32506246e-061 4.64819830e-101 1.11612084e-044 1.15471981e-113
  1.00000000e+000 4.63147917e-028 9.41132779e-054 1.60732341e-063
  1.00000000e+000]
 [6.43258651e-013 9.39292958e-011 1.36712713e-025 1.34100574e-035
  2.85331185e-035 1.45742254e-057 2.82082051e-025 8.64271811e-052
  4.54296678e-024 1.04262092e-049 2.06837304e-015 1.79069508e-058
  9.24151607e-027 7.93440118e-051 4.43625598e-039 2.09635780e-057
  4.63147917e-028 1.00000000e+000 3.98252967e-059 3.21850588e-048
  1.00000000e+000]
 [3.88909988e-053 6.14266404e-040 5.83695762e-038 8.54426708e-097
  1.33988006e-038 1.68768259e-032 1.37449449e-061 1.96585918e-047
  8.17075332e-075 1.82357848e-080 3.53601423e-092 1.43817740e-026
  5.51910878e-051 5.62084864e-059 4.35592961e-043 1.47780161e-076
  9.41132779e-054 3.98252967e-059 1.00000000e+000 1.05191304e-029
  1.00000000e+000]
 [2.47818560e-039 4.38186164e-031 2.60461752e-034 8.90216288e-093
  4.43331792e-013 7.72499253e-007 4.14146065e-037 1.19298704e-019
  3.41908921e-065 1.13314891e-069 2.39526642e-076 6.77029246e-033
  6.23378621e-010 3.25347223e-041 1.27904819e-051 1.50401853e-048
  1.60732341e-063 3.21850588e-048 1.05191304e-029 1.00000000e+000
  1.00000000e+000]
 [1.00000000e+000 1.00000000e+000 1.00000000e+000 1.00000000e+000
  1.00000000e+000 1.00000000e+000 1.00000000e+000 1.00000000e+000
  1.00000000e+000 1.00000000e+000 1.00000000e+000 1.00000000e+000
  1.00000000e+000 1.00000000e+000 1.00000000e+000 1.00000000e+000
  1.00000000e+000 1.00000000e+000 1.00000000e+000 1.00000000e+000
  0.00000000e+000]]
