[[1.00000000e+000 4.74253219e-046 8.49307259e-051 1.10961343e-018
  4.67793133e-022 1.17148520e-061 5.62162131e-003 1.37470767e-028
  2.01998016e-027 1.43612658e-027 1.20206637e-041 1.76893187e-044
  3.66716918e-023 1.96423837e-047 2.45863707e-052 3.78560837e-032
  1.94923379e-026 2.05374682e-019 9.18819330e-026 4.25261053e-032
  1.00000000e+000]
 [4.74253219e-046 1.00000000e+000 6.92205923e-033 1.22912865e-067
  4.84380105e-071 9.88101573e-045 3.29879369e-042 3.64604200e-058
  1.41607157e-037 9.39491483e-094 1.53952947e-076 3.64011485e-034
  2.00005087e-075 9.27866314e-038 2.09463897e-035 1.17940921e-036
  5.15818759e-082 3.82686092e-034 1.25589152e-039 1.59302947e-048
  1.00000000e+000]
 [8.49307259e-051 6.92205923e-033 1.00000000e+000 7.11684461e-045
  4.27345502e-037 1.86007866e-035 2.93742071e-038 4.34520741e-029
  8.80215628e-066 8.84550732e-066 8.92535061e-038 1.28837938e-032
  1.40156271e-061 1.66007363e-011 4.23451357e-025 1.09165316e-057
  1.86359115e-095 3.67257018e-031 2.13376874e-060 1.29835944e-031
  1.00000000e+000]
 [1.10961343e-018 1.22912865e-067 7.11684461e-045 1.00000000e+000
  9.17415537e-033 2.20670689e-077 1.80490096e-010 7.49848863e-022
  2.36495427e-057 5.98458727e-033 8.13644478e-031 2.66563407e-046
  1.48476989e-015 1.71214237e-043 2.33046234e-055 1.48775669e-044
  2.11480481e-016 8.98635193e-032 1.58037863e-027 1.83865494e-040
  1.00000000e+000]
 [4.67793133e-022 4.84380105e-071 4.27345502e-037 9.17415537e-033
  1.00000000e+000 2.41230348e-046 1.32946570e-017 1.99199639e-013
  1.62776794e-052 1.59562467e-010 1.76196398e-015 2.24748346e-043
  6.22394274e-034 1.57590274e-052 3.92754460e-035 9.47272373e-044
  1.18623498e-069 3.64766930e-036 1.73817072e-066 4.35216875e-041
  1.00000000e+000]
 [1.17148520e-061 9.88101573e-045 1.86007866e-035 2.20670689e-077
  2.41230348e-046 1.00000000e+000 3.13633018e-054 1.43557837e-043
  1.05211020e-028 1.01690666e-063 1.22280063e-037 1.36715051e-079
  4.96756222e-111 5.01810825e-071 1.91790322e-027 4.98989607e-049
  4.40140218e-116 6.08374281e-078 9.22359309e-056 5.15525352e-026
  1.00000000e+000]
 [5.62162131e-003 3.29879369e-042 2.93742071e-038 1.80490096e-010
  1.32946570e-017 3.13633018e-054 1.00000000e+000 1.06584339e-016
  1.18311094e-029 1.31143554e-023 4.67544255e-028 3.32250623e-034
  1.42784829e-016 1.84305832e-039 2.41436939e-041 3.17897433e-028
  1.20656535e-023 1.46996764e-016 1.16597330e-022 2.10622940e-029
  1.00000000e+000]
 [1.37470767e-028 3.64604200e-058 4.34520741e-029 7.49848863e-022
  1.99199639e-013 1.43557837e-043 1.06584339e-016 1.00000000e+000
  1.69438358e-048 1.25148251e-024 5.94169123e-005 4.92154340e-033
  1.31221225e-027 1.20991021e-050 4.89043045e-032 1.21330799e-041
  2.12531747e-055 9.38021039e-032 8.43086081e-047 5.65149848e-042
  1.00000000e+000]
 [2.01998016e-027 1.41607157e-037 8.80215628e-066 2.36495427e-057
  1.62776794e-052 1.05211020e-028 1.18311094e-029 1.69438358e-048
  1.00000000e+000 3.84163905e-062 1.86749639e-054 3.66975320e-083
  2.72042751e-083 4.80887250e-083 1.64751466e-057 4.64171496e-040
  4.28069002e-062 1.89581164e-055 8.88464568e-019 1.01808039e-024
  1.00000000e+000]
 [1.43612658e-027 9.39491483e-094 8.84550732e-066 5.98458727e-033
  1.59562467e-010 1.01690666e-063 1.31143554e-023 1.25148251e-024
  3.84163905e-062 1.00000000e+000 9.83263459e-021 1.48383042e-055
  1.56979856e-033 1.77849862e-083 7.97089155e-040 5.66662856e-033
  1.53729725e-054 5.16171982e-063 5.06212554e-071 2.03431299e-062
  1.00000000e+000]
 [1.20206637e-041 1.53952947e-076 8.92535061e-038 8.13644478e-031
  1.76196398e-015 1.22280063e-037 4.67544255e-028 5.94169123e-005
  1.86749639e-054 9.83263459e-021 1.00000000e+000 3.83216951e-050
  4.96656433e-044 4.98969836e-069 5.21268151e-031 7.65786254e-045
  1.94761399e-068 4.94091505e-056 7.39211206e-058 5.05671187e-046
  1.00000000e+000]
 [1.76893187e-044 3.64011485e-034 1.28837938e-032 2.66563407e-046
  2.24748346e-043 1.36715051e-079 3.32250623e-034 4.92154340e-033
  3.66975320e-083 1.48383042e-055 3.83216951e-050 1.00000000e+000
  1.10064786e-026 4.01626724e-037 2.51664861e-026 1.55290972e-032
  2.35702532e-069 6.31099977e-027 1.36540457e-073 5.40172803e-085
  1.00000000e+000]
 [3.66716918e-023 2.00005087e-075 1.40156271e-061 1.48476989e-015
  6.22394274e-034 4.96756222e-111 1.42784829e-016 1.31221225e-027
  2.72042751e-083 1.56979856e-033 4.96656433e-044 1.10064786e-026
  1.00000000e+000 1.33315025e-055 3.96800802e-062 5.90655362e-046
  2.33397827e-026 2.30707343e-026 1.17771441e-058 4.02139400e-081
  1.00000000e+000]
 [1.96423837e-047 9.27866314e-038 1.66007363e-011 1.71214237e-043
  1.57590274e-052 5.01810825e-071 1.84305832e-039 1.20991021e-050
  4.80887250e-083 1.77849862e-083 4.98969836e-069 4.01626724e-037
  1.33315025e-055 1.00000000e+000 2.81988368e-050 3.87598900e-073
  6.88381665e-087 1.82953611e-021 7.39530327e-064 2.61996274e-040
  1.00000000e+000]
 [2.45863707e-052 2.09463897e-035 4.23451357e-025 2.33046234e-055
  3.92754460e-035 1.91790322e-027 2.41436939e-041 4.89043045e-032
  1.64751466e-057 7.97089155e-040 5.21268151e-031 2.51664861e-026
  3.96800802e-062 2.81988368e-050 1.00000000e+000 2.04158418e-017
  1.51420886e-086 4.29206914e-060 3.21659361e-066 3.00280865e-056
  1.00000000e+000]
 [3.78560837e-032 1.17940921e-036 1.09165316e-057 1.48775669e-044
  9.47272373e-044 4.98989607e-049 3.17897433e-028 1.21330799e-041
  4.64171496e-040 5.66662856e-033 7.65786254e-045 1.55290972e-032
  5.90655362e-046 3.87598900e-073 2.04158418e-017 1.00000000e+000
  7.73127042e-045 1.55980496e-059 4.02529806e-043 8.99082400e-065
  1.00000000e+000]
 [1.94923379e-026 5.15818759e-082 1.86359115e-095 2.11480481e-016
  1.18623498e-069 4.40140218e-116 1.20656535e-023 2.12531747e-055
  4.28069002e-062 1.53729725e-054 1.94761399e-068 2.35702532e-069
  2.33397827e-026 6.88381665e-087 1.51420886e-086 7.73127042e-045
  1.00000000e+000 4.12480461e-056 6.34541526e-026 1.13864476e-073
  1.00000000e+000]
 [2.05374682e-019 3.82686092e-034 3.67257018e-031 8.98635193e-032
  3.64766930e-036 6.08374281e-078 1.46996764e-016 9.38021039e-032
  1.89581164e-055 5.16171982e-063 4.94091505e-056 6.31099977e-027
  2.30707343e-026 1.82953611e-021 4.29206914e-060 1.55980496e-059
  4.12480461e-056 1.00000000e+000 9.56012077e-046 2.64302584e-045
  1.00000000e+000]
 [9.18819330e-026 1.25589152e-039 2.13376874e-060 1.58037863e-027
  1.73817072e-066 9.22359309e-056 1.16597330e-022 8.43086081e-047
  8.88464568e-019 5.06212554e-071 7.39211206e-058 1.36540457e-073
  1.17771441e-058 7.39530327e-064 3.21659361e-066 4.02529806e-043
  6.34541526e-026 9.56012077e-046 1.00000000e+000 2.74071451e-027
  1.00000000e+000]
 [4.25261053e-032 1.59302947e-048 1.29835944e-031 1.83865494e-040
  4.35216875e-041 5.15525352e-026 2.10622940e-029 5.65149848e-042
  1.01808039e-024 2.03431299e-062 5.05671187e-046 5.40172803e-085
  4.02139400e-081 2.61996274e-040 3.00280865e-056 8.99082400e-065
  1.13864476e-073 2.64302584e-045 2.74071451e-027 1.00000000e+000
  1.00000000e+000]
 [1.00000000e+000 1.00000000e+000 1.00000000e+000 1.00000000e+000
  1.00000000e+000 1.00000000e+000 1.00000000e+000 1.00000000e+000
  1.00000000e+000 1.00000000e+000 1.00000000e+000 1.00000000e+000
  1.00000000e+000 1.00000000e+000 1.00000000e+000 1.00000000e+000
  1.00000000e+000 1.00000000e+000 1.00000000e+000 1.00000000e+000
  0.00000000e+000]]
