[[1.00000000e+000 2.29704555e-027 5.22513280e-062 3.76424274e-054
  3.46269450e-015 1.16544520e-025 2.51187971e-039 9.78779210e-036
  7.48842173e-078 9.65565763e-050 3.27132702e-041 3.29521719e-029
  1.58549663e-042 1.08035048e-055 1.39162662e-070 5.83629455e-048
  3.93509148e-014 1.27294535e-080 2.27533311e-058 5.87830995e-055
  1.00000000e+000]
 [2.29704555e-027 1.00000000e+000 4.92067054e-059 2.23637578e-047
  1.02522714e-059 1.49932216e-060 1.26127148e-051 7.37334239e-026
  7.32087233e-043 2.00702331e-080 4.06875068e-052 1.26955238e-028
  1.52252646e-057 4.79440708e-028 1.76239135e-086 3.00782254e-054
  2.30842020e-039 9.54069537e-051 4.25941688e-028 5.61182904e-049
  1.00000000e+000]
 [5.22513280e-062 4.92067054e-059 1.00000000e+000 2.86130550e-018
  6.50867220e-054 9.06300497e-068 1.27755448e-040 6.25359216e-042
  3.89184731e-037 1.00372135e-052 8.36344873e-053 6.01712388e-061
  1.15449961e-050 1.29384580e-103 9.67676501e-088 3.18023199e-035
  1.71209124e-066 2.96022124e-088 1.03950281e-021 1.49440305e-039
  1.00000000e+000]
 [3.76424274e-054 2.23637578e-047 2.86130550e-018 1.00000000e+000
  6.85990628e-062 3.26733318e-069 3.01288029e-045 1.64494026e-036
  6.10910346e-033 3.98186263e-047 5.39408890e-070 3.10872209e-054
  3.57816149e-047 2.05366865e-059 5.97123142e-077 2.66488733e-054
  1.45696823e-073 3.08364008e-091 1.06610817e-011 1.68204665e-053
  1.00000000e+000]
 [3.46269450e-015 1.02522714e-059 6.50867220e-054 6.85990628e-062
  1.00000000e+000 2.22836507e-012 2.75833456e-045 1.60689242e-062
  2.82713416e-080 3.20462996e-055 2.77324631e-062 2.05452925e-058
  2.00694740e-044 2.75232948e-091 8.43764138e-077 1.60549256e-040
  7.01596551e-037 2.60047365e-092 1.47042750e-075 5.06264420e-074
  1.00000000e+000]
 [1.16544520e-025 1.49932216e-060 9.06300497e-068 3.26733318e-069
  2.22836507e-012 1.00000000e+000 3.82336871e-036 2.89611275e-072
  7.99157752e-060 1.92823603e-044 6.72150804e-064 2.82609834e-047
  2.23057406e-024 1.71086308e-065 2.32468328e-045 5.17736950e-035
  9.75546355e-048 8.40091896e-053 1.78257245e-073 3.22414361e-071
  1.00000000e+000]
 [2.51187971e-039 1.26127148e-051 1.27755448e-040 3.01288029e-045
  2.75833456e-045 3.82336871e-036 1.00000000e+000 2.20012599e-022
  3.63811627e-054 8.52643276e-013 1.95596949e-035 2.19428469e-031
  5.86243766e-006 1.39902496e-069 8.03007498e-015 9.72586021e-010
  8.17346431e-030 5.25880779e-043 2.77582631e-048 1.22771554e-044
  1.00000000e+000]
 [9.78779210e-036 7.37334239e-026 6.25359216e-042 1.64494026e-036
  1.60689242e-062 2.89611275e-072 2.20012599e-022 1.00000000e+000
  2.77946423e-065 1.77385668e-047 1.94306007e-048 5.14644038e-041
  3.00344984e-040 4.07482095e-063 4.34469430e-058 1.48129224e-029
  1.96089487e-029 5.02200330e-072 1.67707718e-037 2.86927975e-056
  1.00000000e+000]
 [7.48842173e-078 7.32087233e-043 3.89184731e-037 6.10910346e-033
  2.82713416e-080 7.99157752e-060 3.63811627e-054 2.77946423e-065
  1.00000000e+000 3.02943308e-072 5.14548776e-078 2.83756575e-052
  8.80749890e-045 4.11127007e-043 1.20961362e-071 1.43738279e-049
  6.38763477e-099 6.16789057e-032 1.90120527e-014 3.30694250e-051
  1.00000000e+000]
 [9.65565763e-050 2.00702331e-080 1.00372135e-052 3.98186263e-047
  3.20462996e-055 1.92823603e-044 8.52643276e-013 1.77385668e-047
  3.02943308e-072 1.00000000e+000 6.09940610e-036 2.63217904e-032
  5.47195637e-011 1.09209538e-082 6.24684350e-019 1.06867519e-037
  1.31143268e-040 7.14488856e-072 3.18242343e-059 1.64351670e-043
  1.00000000e+000]
 [3.27132702e-041 4.06875068e-052 8.36344873e-053 5.39408890e-070
  2.77324631e-062 6.72150804e-064 1.95596949e-035 1.94306007e-048
  5.14548776e-078 6.09940610e-036 1.00000000e+000 1.21748871e-012
  4.66967923e-044 5.94355891e-095 2.83424850e-070 1.14539479e-054
  6.80684007e-018 1.52244011e-072 2.55565727e-054 5.51585600e-008
  1.00000000e+000]
 [3.29521719e-029 1.26955238e-028 6.01712388e-061 3.10872209e-054
  2.05452925e-058 2.82609834e-047 2.19428469e-031 5.14644038e-041
  2.83756575e-052 2.63217904e-032 1.21748871e-012 1.00000000e+000
  4.96264645e-030 2.33232793e-042 4.00925417e-050 4.28713597e-054
  2.43117127e-022 4.57334592e-045 4.53248401e-037 2.22242039e-014
  1.00000000e+000]
 [1.58549663e-042 1.52252646e-057 1.15449961e-050 3.57816149e-047
  2.00694740e-044 2.23057406e-024 5.86243766e-006 3.00344984e-040
  8.80749890e-045 5.47195637e-011 4.66967923e-044 4.96264645e-030
  1.00000000e+000 1.55902022e-055 2.03579270e-007 1.45280808e-017
  1.51617215e-042 4.53867514e-033 1.69400734e-049 1.46147584e-048
  1.00000000e+000]
 [1.08035048e-055 4.79440708e-028 1.29384580e-103 2.05366865e-059
  2.75232948e-091 1.71086308e-065 1.39902496e-069 4.07482095e-063
  4.11127007e-043 1.09209538e-082 5.94355891e-095 2.33232793e-042
  1.55902022e-055 1.00000000e+000 3.94044687e-069 3.67621976e-086
  2.09515108e-084 4.25817833e-046 3.65877107e-044 7.02298768e-084
  1.00000000e+000]
 [1.39162662e-070 1.76239135e-086 9.67676501e-088 5.97123142e-077
  8.43764138e-077 2.32468328e-045 8.03007498e-015 4.34469430e-058
  1.20961362e-071 6.24684350e-019 2.83424850e-070 4.00925417e-050
  2.03579270e-007 3.94044687e-069 1.00000000e+000 1.65690713e-032
  4.90965397e-065 3.60186629e-041 4.79925439e-081 1.03851920e-079
  1.00000000e+000]
 [5.83629455e-048 3.00782254e-054 3.18023199e-035 2.66488733e-054
  1.60549256e-040 5.17736950e-035 9.72586021e-010 1.48129224e-029
  1.43738279e-049 1.06867519e-037 1.14539479e-054 4.28713597e-054
  1.45280808e-017 3.67621976e-086 1.65690713e-032 1.00000000e+000
  1.39008024e-044 2.83297678e-041 1.52426741e-054 1.31179755e-061
  1.00000000e+000]
 [3.93509148e-014 2.30842020e-039 1.71209124e-066 1.45696823e-073
  7.01596551e-037 9.75546355e-048 8.17346431e-030 1.96089487e-029
  6.38763477e-099 1.31143268e-040 6.80684007e-018 2.43117127e-022
  1.51617215e-042 2.09515108e-084 4.90965397e-065 1.39008024e-044
  1.00000000e+000 6.77943562e-083 5.15419298e-071 1.95651146e-039
  1.00000000e+000]
 [1.27294535e-080 9.54069537e-051 2.96022124e-088 3.08364008e-091
  2.60047365e-092 8.40091896e-053 5.25880779e-043 5.02200330e-072
  6.16789057e-032 7.14488856e-072 1.52244011e-072 4.57334592e-045
  4.53867514e-033 4.25817833e-046 3.60186629e-041 2.83297678e-041
  6.77943562e-083 1.00000000e+000 1.21350072e-059 4.08462391e-065
  1.00000000e+000]
 [2.27533311e-058 4.25941688e-028 1.03950281e-021 1.06610817e-011
  1.47042750e-075 1.78257245e-073 2.77582631e-048 1.67707718e-037
  1.90120527e-014 3.18242343e-059 2.55565727e-054 4.53248401e-037
  1.69400734e-049 3.65877107e-044 4.79925439e-081 1.52426741e-054
  5.15419298e-071 1.21350072e-059 1.00000000e+000 1.61371136e-032
  1.00000000e+000]
 [5.87830995e-055 5.61182904e-049 1.49440305e-039 1.68204665e-053
  5.06264420e-074 3.22414361e-071 1.22771554e-044 2.86927975e-056
  3.30694250e-051 1.64351670e-043 5.51585600e-008 2.22242039e-014
  1.46147584e-048 7.02298768e-084 1.03851920e-079 1.31179755e-061
  1.95651146e-039 4.08462391e-065 1.61371136e-032 1.00000000e+000
  1.00000000e+000]
 [1.00000000e+000 1.00000000e+000 1.00000000e+000 1.00000000e+000
  1.00000000e+000 1.00000000e+000 1.00000000e+000 1.00000000e+000
  1.00000000e+000 1.00000000e+000 1.00000000e+000 1.00000000e+000
  1.00000000e+000 1.00000000e+000 1.00000000e+000 1.00000000e+000
  1.00000000e+000 1.00000000e+000 1.00000000e+000 1.00000000e+000
  0.00000000e+000]]
