[[1.00000000e+00 1.02513693e-34 2.34379995e-61 1.16619344e-93
  5.84970146e-41 2.16681897e-33 5.44767865e-53 4.85400373e-36
  9.85304455e-53 2.15812981e-55 4.25150844e-22 1.37403996e-23
  4.59287705e-16 1.03404988e-51 1.16943426e-18 1.85310324e-58
  1.05965107e-25 1.75969325e-16 2.68940272e-10 2.19305727e-48
  1.00000000e+00]
 [1.02513693e-34 1.00000000e+00 1.14821099e-14 3.38698978e-54
  1.03468278e-18 1.89732754e-55 1.10720662e-40 3.49644258e-36
  9.56283107e-35 6.93326555e-64 1.11536366e-38 2.75605927e-51
  7.60227406e-52 7.91459469e-57 6.34599388e-65 9.97408251e-54
  1.42731529e-82 6.93582226e-26 9.23708216e-63 7.14041723e-33
  1.00000000e+00]
 [2.34379995e-61 1.14821099e-14 1.00000000e+00 8.73862987e-36
  3.16666117e-17 5.70931023e-42 1.90093422e-19 3.40055948e-32
  5.62095853e-15 2.36561457e-65 4.74925870e-39 6.66142281e-64
  7.19647821e-72 2.84505466e-44 4.97206814e-84 4.42751182e-37
  1.86195681e-85 4.78506258e-54 6.98761965e-85 1.82066133e-36
  1.00000000e+00]
 [1.16619344e-93 3.38698978e-54 8.73862987e-36 1.00000000e+00
  5.04312936e-46 2.20408505e-56 9.59969344e-43 9.75219780e-61
  5.59077951e-42 9.84454674e-38 1.01378535e-59 1.23339371e-43
  1.34250971e-96 3.11331313e-45 1.03608024e-80 4.53194106e-41
  1.15337907e-88 8.08074057e-79 6.02423045e-90 6.46962904e-62
  1.00000000e+00]
 [5.84970146e-41 1.03468278e-18 3.16666117e-17 5.04312936e-46
  1.00000000e+00 8.77537518e-30 2.60137692e-40 4.85270076e-43
  7.06692072e-19 1.09253843e-31 2.52894298e-14 5.85622739e-42
  4.58413986e-31 1.44666154e-59 1.02236456e-50 1.22853433e-65
  2.91806412e-67 1.94467521e-57 4.64194357e-53 4.06573311e-31
  1.00000000e+00]
 [2.16681897e-33 1.89732754e-55 5.70931023e-42 2.20408505e-56
  8.77537518e-30 1.00000000e+00 1.32077785e-24 2.18052162e-29
  7.15148392e-24 3.06371424e-40 8.46292316e-10 3.79765609e-27
  8.11562634e-30 1.10641672e-32 4.98369556e-35 6.14656953e-38
  1.46498033e-22 9.42686717e-57 3.73761746e-30 1.16422528e-40
  1.00000000e+00]
 [5.44767865e-53 1.10720662e-40 1.90093422e-19 9.59969344e-43
  2.60137692e-40 1.32077785e-24 1.00000000e+00 2.97404646e-12
  3.04929090e-17 1.65366169e-69 2.15353129e-34 5.62127333e-52
  1.99171152e-67 1.00387939e-10 2.25791705e-60 2.53266044e-11
  7.80953348e-45 3.45829107e-54 2.88402443e-61 1.46636030e-63
  1.00000000e+00]
 [4.85400373e-36 3.49644258e-36 3.40055948e-32 9.75219780e-61
  4.85270076e-43 2.18052162e-29 2.97404646e-12 1.00000000e+00
  5.70039663e-41 2.22787531e-78 9.28082075e-28 1.19671267e-48
  1.14084668e-44 1.86448240e-09 3.34687116e-44 1.37898403e-29
  3.39382009e-45 9.50046907e-45 2.28810969e-43 1.89777896e-73
  1.00000000e+00]
 [9.85304455e-53 9.56283107e-35 5.62095853e-15 5.59077951e-42
  7.06692072e-19 7.15148392e-24 3.04929090e-17 5.70039663e-41
  1.00000000e+00 5.50361581e-42 2.06651320e-27 1.24165555e-47
  4.66120632e-60 4.19149565e-42 1.81842858e-61 7.19954099e-30
  2.91220910e-49 2.14053407e-60 1.06333140e-63 5.46140395e-41
  1.00000000e+00]
 [2.15812981e-55 6.93326555e-64 2.36561457e-65 9.84454674e-38
  1.09253843e-31 3.06371424e-40 1.65366169e-69 2.22787531e-78
  5.50361581e-42 1.00000000e+00 4.99767934e-29 4.19552057e-17
  1.29676701e-41 1.10111802e-68 4.29905129e-31 3.93064780e-74
  4.74278518e-48 1.39004739e-75 5.87977558e-40 2.00513067e-60
  1.00000000e+00]
 [4.25150844e-22 1.11536366e-38 4.74925870e-39 1.01378535e-59
  2.52894298e-14 8.46292316e-10 2.15353129e-34 9.28082075e-28
  2.06651320e-27 4.99767934e-29 1.00000000e+00 3.70578988e-24
  2.13649064e-09 5.03990207e-39 1.45212571e-20 5.22643713e-57
  2.64627508e-29 9.14589320e-53 2.85101161e-20 5.15197747e-45
  1.00000000e+00]
 [1.37403996e-23 2.75605927e-51 6.66142281e-64 1.23339371e-43
  5.85622739e-42 3.79765609e-27 5.62127333e-52 1.19671267e-48
  1.24165555e-47 4.19552057e-17 3.70578988e-24 1.00000000e+00
  7.96108069e-30 5.29674080e-42 1.91667767e-14 1.74951658e-45
  6.58261872e-22 5.64302349e-33 1.01053338e-13 2.43202335e-47
  1.00000000e+00]
 [4.59287705e-16 7.60227406e-52 7.19647821e-72 1.34250971e-96
  4.58413986e-31 8.11562634e-30 1.99171152e-67 1.14084668e-44
  4.66120632e-60 1.29676701e-41 2.13649064e-09 7.96108069e-30
  1.00000000e+00 4.66564752e-63 1.36909595e-14 1.42004243e-91
  3.31462858e-36 1.24237373e-55 1.22376608e-12 3.57127662e-65
  1.00000000e+00]
 [1.03404988e-51 7.91459469e-57 2.84505466e-44 3.11331313e-45
  1.44666154e-59 1.10641672e-32 1.00387939e-10 1.86448240e-09
  4.19149565e-42 1.10111802e-68 5.03990207e-39 5.29674080e-42
  4.66564752e-63 1.00000000e+00 4.59022159e-43 1.29979416e-16
  1.13674558e-36 5.16463922e-56 5.43443198e-47 8.88588720e-91
  1.00000000e+00]
 [1.16943426e-18 6.34599388e-65 4.97206814e-84 1.03608024e-80
  1.02236456e-50 4.98369556e-35 2.25791705e-60 3.34687116e-44
  1.81842858e-61 4.29905129e-31 1.45212571e-20 1.91667767e-14
  1.36909595e-14 4.59022159e-43 1.00000000e+00 2.09053758e-67
  6.19325793e-16 1.67740585e-49 7.93100417e-04 4.05849292e-86
  1.00000000e+00]
 [1.85310324e-58 9.97408251e-54 4.42751182e-37 4.53194106e-41
  1.22853433e-65 6.14656953e-38 2.53266044e-11 1.37898403e-29
  7.19954099e-30 3.93064780e-74 5.22643713e-57 1.74951658e-45
  1.42004243e-91 1.29979416e-16 2.09053758e-67 1.00000000e+00
  2.87387962e-42 1.01043785e-42 1.84599052e-65 3.35133386e-65
  1.00000000e+00]
 [1.05965107e-25 1.42731529e-82 1.86195681e-85 1.15337907e-88
  2.91806412e-67 1.46498033e-22 7.80953348e-45 3.39382009e-45
  2.91220910e-49 4.74278518e-48 2.64627508e-29 6.58261872e-22
  3.31462858e-36 1.13674558e-36 6.19325793e-16 2.87387962e-42
  1.00000000e+00 2.69130327e-51 6.21002865e-13 5.66900946e-82
  1.00000000e+00]
 [1.75969325e-16 6.93582226e-26 4.78506258e-54 8.08074057e-79
  1.94467521e-57 9.42686717e-57 3.45829107e-54 9.50046907e-45
  2.14053407e-60 1.39004739e-75 9.14589320e-53 5.64302349e-33
  1.24237373e-55 5.16463922e-56 1.67740585e-49 1.01043785e-42
  2.69130327e-51 1.00000000e+00 3.32215160e-38 1.37652479e-39
  1.00000000e+00]
 [2.68940272e-10 9.23708216e-63 6.98761965e-85 6.02423045e-90
  4.64194357e-53 3.73761746e-30 2.88402443e-61 2.28810969e-43
  1.06333140e-63 5.87977558e-40 2.85101161e-20 1.01053338e-13
  1.22376608e-12 5.43443198e-47 7.93100417e-04 1.84599052e-65
  6.21002865e-13 3.32215160e-38 1.00000000e+00 1.66837428e-72
  1.00000000e+00]
 [2.19305727e-48 7.14041723e-33 1.82066133e-36 6.46962904e-62
  4.06573311e-31 1.16422528e-40 1.46636030e-63 1.89777896e-73
  5.46140395e-41 2.00513067e-60 5.15197747e-45 2.43202335e-47
  3.57127662e-65 8.88588720e-91 4.05849292e-86 3.35133386e-65
  5.66900946e-82 1.37652479e-39 1.66837428e-72 1.00000000e+00
  1.00000000e+00]
 [1.00000000e+00 1.00000000e+00 1.00000000e+00 1.00000000e+00
  1.00000000e+00 1.00000000e+00 1.00000000e+00 1.00000000e+00
  1.00000000e+00 1.00000000e+00 1.00000000e+00 1.00000000e+00
  1.00000000e+00 1.00000000e+00 1.00000000e+00 1.00000000e+00
  1.00000000e+00 1.00000000e+00 1.00000000e+00 1.00000000e+00
  0.00000000e+00]]
