[[1.00000000e+00 5.45749032e-48 3.62814976e-70 ... 1.00958316e-54
  2.03055940e-69 1.00000000e+00]
 [5.45749032e-48 1.00000000e+00 7.18875908e-54 ... 8.42761085e-18
  4.38952846e-65 1.00000000e+00]
 [3.62814976e-70 7.18875908e-54 1.00000000e+00 ... 6.26281015e-45
  3.48268050e-14 1.00000000e+00]
 ...
 [1.00958316e-54 8.42761085e-18 6.26281015e-45 ... 1.00000000e+00
  1.37722074e-76 1.00000000e+00]
 [2.03055940e-69 4.38952846e-65 3.48268050e-14 ... 1.37722074e-76
  1.00000000e+00 1.00000000e+00]
 [1.00000000e+00 1.00000000e+00 1.00000000e+00 ... 1.00000000e+00
  1.00000000e+00 0.00000000e+00]]
