[[1.00000000e+00 2.05936457e-12 6.92376963e-28 ... 1.94827304e-26
  2.86761674e-26 1.00000000e+00]
 [2.05936457e-12 1.00000000e+00 1.11792825e-22 ... 7.27148684e-15
  2.30111602e-32 1.00000000e+00]
 [6.92376963e-28 1.11792825e-22 1.00000000e+00 ... 1.07531917e-37
  1.72245133e-20 1.00000000e+00]
 ...
 [1.94827304e-26 7.27148684e-15 1.07531917e-37 ... 1.00000000e+00
  9.78032620e-60 1.00000000e+00]
 [2.86761674e-26 2.30111602e-32 1.72245133e-20 ... 9.78032620e-60
  1.00000000e+00 1.00000000e+00]
 [1.00000000e+00 1.00000000e+00 1.00000000e+00 ... 1.00000000e+00
  1.00000000e+00 0.00000000e+00]]
