[[1.00000000e+00 5.28848586e-40 4.41366249e-36 4.69127890e-30
  1.03603206e-38 2.11085663e-34 2.56303612e-29 1.36489687e-76
  5.60891042e-63 1.58381348e-38 3.05187548e-41 1.39003291e-30
  5.07337295e-70 2.82604197e-47 4.00339092e-71 1.24783908e-34
  2.66073428e-35 3.72756745e-53 9.62748496e-56 6.97714619e-69
  1.00000000e+00]
 [5.28848586e-40 1.00000000e+00 3.46358541e-67 4.80015345e-32
  6.52820803e-66 2.03403311e-41 1.70702729e-35 2.42861646e-57
  2.59585433e-36 8.81587977e-34 6.52955771e-66 5.28574228e-65
  1.67769096e-68 3.56955221e-80 4.40641874e-36 5.10897730e-36
  4.13097270e-49 2.31757278e-32 1.08960948e-30 3.02344467e-32
  1.00000000e+00]
 [4.41366249e-36 3.46358541e-67 1.00000000e+00 1.17913600e-27
  1.22159137e-33 1.12355197e-33 9.93935517e-54 2.37217227e-44
  2.09289676e-34 2.11525090e-76 3.50608281e-48 1.74879715e-34
  6.14840909e-34 1.37046600e-35 7.41643125e-60 5.28683634e-34
  4.32427722e-64 4.65183176e-41 1.51600452e-80 1.04697413e-62
  1.00000000e+00]
 [4.69127890e-30 4.80015345e-32 1.17913600e-27 1.00000000e+00
  4.01581318e-42 1.33253909e-47 3.79325589e-34 1.66383510e-72
  8.80286016e-32 1.03112819e-34 4.97176333e-30 1.02307163e-41
  3.23707862e-32 2.33366239e-68 2.06309348e-50 2.60050423e-55
  5.71830897e-72 3.48101983e-33 7.79672153e-65 3.96771888e-32
  1.00000000e+00]
 [1.03603206e-38 6.52820803e-66 1.22159137e-33 4.01581318e-42
  1.00000000e+00 2.27712920e-33 1.00325396e-73 2.50342989e-39
  1.37858571e-68 1.29964563e-35 3.16609657e-37 5.25414501e-40
  5.73741744e-35 1.04068007e-43 2.38069843e-72 4.37617690e-65
  5.15254368e-31 1.70965932e-35 1.09290545e-56 1.51402066e-37
  1.00000000e+00]
 [2.11085663e-34 2.03403311e-41 1.12355197e-33 1.33253909e-47
  2.27712920e-33 1.00000000e+00 8.43702634e-63 1.81180179e-40
  1.43500257e-36 1.62786770e-68 1.16057716e-53 9.59296294e-76
  1.45717298e-70 2.09199619e-37 1.23772656e-77 2.05517940e-36
  5.34350782e-48 4.65469126e-57 2.31381216e-38 9.33143285e-41
  1.00000000e+00]
 [2.56303612e-29 1.70702729e-35 9.93935517e-54 3.79325589e-34
  1.00325396e-73 8.43702634e-63 1.00000000e+00 1.91136442e-71
  8.92927549e-35 2.31295109e-38 3.45342200e-31 3.77145472e-33
  2.98400020e-49 2.26900828e-39 2.62602305e-30 2.13159875e-33
  4.26758675e-50 1.38576481e-65 5.30477220e-35 1.23128650e-60
  1.00000000e+00]
 [1.36489687e-76 2.42861646e-57 2.37217227e-44 1.66383510e-72
  2.50342989e-39 1.81180179e-40 1.91136442e-71 1.00000000e+00
  1.68801285e-40 7.38107344e-69 5.96783877e-75 7.99666062e-54
  2.85142725e-37 4.27122587e-35 1.52134587e-30 1.65634279e-32
  4.39165821e-33 3.93876448e-33 2.95592747e-39 1.17177975e-45
  1.00000000e+00]
 [5.60891042e-63 2.59585433e-36 2.09289676e-34 8.80286016e-32
  1.37858571e-68 1.43500257e-36 8.92927549e-35 1.68801285e-40
  1.00000000e+00 2.91605007e-71 1.72257209e-44 1.37543068e-69
  3.22405678e-36 7.44600313e-42 3.68187525e-32 3.88763254e-36
  2.63419461e-79 1.88887143e-54 4.44924766e-39 1.13102644e-31
  1.00000000e+00]
 [1.58381348e-38 8.81587977e-34 2.11525090e-76 1.03112819e-34
  1.29964563e-35 1.62786770e-68 2.31295109e-38 7.38107344e-69
  2.91605007e-71 1.00000000e+00 1.89197706e-32 1.29553492e-38
  7.11924618e-43 1.27150004e-71 7.51119219e-46 8.02425674e-73
  6.28096424e-32 5.99179556e-39 2.91068768e-36 1.75426863e-31
  1.00000000e+00]
 [3.05187548e-41 6.52955771e-66 3.50608281e-48 4.97176333e-30
  3.16609657e-37 1.16057716e-53 3.45342200e-31 5.96783877e-75
  1.72257209e-44 1.89197706e-32 1.00000000e+00 3.14242155e-49
  1.73705690e-29 3.36006465e-34 3.38860988e-64 3.32844411e-78
  3.27848931e-62 3.97294754e-77 3.79575027e-42 5.90945980e-35
  1.00000000e+00]
 [1.39003291e-30 5.28574228e-65 1.74879715e-34 1.02307163e-41
  5.25414501e-40 9.59296294e-76 3.77145472e-33 7.99666062e-54
  1.37543068e-69 1.29553492e-38 3.14242155e-49 1.00000000e+00
  3.24939489e-33 8.09634667e-44 1.82425481e-36 2.56605699e-37
  5.78944834e-30 3.57639428e-35 3.32335969e-71 6.71047538e-80
  1.00000000e+00]
 [5.07337295e-70 1.67769096e-68 6.14840909e-34 3.23707862e-32
  5.73741744e-35 1.45717298e-70 2.98400020e-49 2.85142725e-37
  3.22405678e-36 7.11924618e-43 1.73705690e-29 3.24939489e-33
  1.00000000e+00 4.06685060e-44 2.47493210e-29 1.29301730e-65
  3.64137363e-61 2.05678397e-36 1.24407715e-59 2.50586420e-33
  1.00000000e+00]
 [2.82604197e-47 3.56955221e-80 1.37046600e-35 2.33366239e-68
  1.04068007e-43 2.09199619e-37 2.26900828e-39 4.27122587e-35
  7.44600313e-42 1.27150004e-71 3.36006465e-34 8.09634667e-44
  4.06685060e-44 1.00000000e+00 1.15577830e-54 3.04009069e-36
  6.38088132e-39 9.76490939e-81 4.98581509e-37 2.40184573e-67
  1.00000000e+00]
 [4.00339092e-71 4.40641874e-36 7.41643125e-60 2.06309348e-50
  2.38069843e-72 1.23772656e-77 2.62602305e-30 1.52134587e-30
  3.68187525e-32 7.51119219e-46 3.38860988e-64 1.82425481e-36
  2.47493210e-29 1.15577830e-54 1.00000000e+00 1.70747541e-32
  3.52557739e-46 8.12210838e-32 9.19745243e-39 1.19780818e-48
  1.00000000e+00]
 [1.24783908e-34 5.10897730e-36 5.28683634e-34 2.60050423e-55
  4.37617690e-65 2.05517940e-36 2.13159875e-33 1.65634279e-32
  3.88763254e-36 8.02425674e-73 3.32844411e-78 2.56605699e-37
  1.29301730e-65 3.04009069e-36 1.70747541e-32 1.00000000e+00
  3.38470114e-35 4.56955441e-42 1.43713150e-46 1.10879335e-76
  1.00000000e+00]
 [2.66073428e-35 4.13097270e-49 4.32427722e-64 5.71830897e-72
  5.15254368e-31 5.34350782e-48 4.26758675e-50 4.39165821e-33
  2.63419461e-79 6.28096424e-32 3.27848931e-62 5.78944834e-30
  3.64137363e-61 6.38088132e-39 3.52557739e-46 3.38470114e-35
  1.00000000e+00 1.75009848e-41 6.34921181e-32 8.98115239e-64
  1.00000000e+00]
 [3.72756745e-53 2.31757278e-32 4.65183176e-41 3.48101983e-33
  1.70965932e-35 4.65469126e-57 1.38576481e-65 3.93876448e-33
  1.88887143e-54 5.99179556e-39 3.97294754e-77 3.57639428e-35
  2.05678397e-36 9.76490939e-81 8.12210838e-32 4.56955441e-42
  1.75009848e-41 1.00000000e+00 9.48382865e-67 1.17944141e-41
  1.00000000e+00]
 [9.62748496e-56 1.08960948e-30 1.51600452e-80 7.79672153e-65
  1.09290545e-56 2.31381216e-38 5.30477220e-35 2.95592747e-39
  4.44924766e-39 2.91068768e-36 3.79575027e-42 3.32335969e-71
  1.24407715e-59 4.98581509e-37 9.19745243e-39 1.43713150e-46
  6.34921181e-32 9.48382865e-67 1.00000000e+00 6.73899490e-30
  1.00000000e+00]
 [6.97714619e-69 3.02344467e-32 1.04697413e-62 3.96771888e-32
  1.51402066e-37 9.33143285e-41 1.23128650e-60 1.17177975e-45
  1.13102644e-31 1.75426863e-31 5.90945980e-35 6.71047538e-80
  2.50586420e-33 2.40184573e-67 1.19780818e-48 1.10879335e-76
  8.98115239e-64 1.17944141e-41 6.73899490e-30 1.00000000e+00
  1.00000000e+00]
 [1.00000000e+00 1.00000000e+00 1.00000000e+00 1.00000000e+00
  1.00000000e+00 1.00000000e+00 1.00000000e+00 1.00000000e+00
  1.00000000e+00 1.00000000e+00 1.00000000e+00 1.00000000e+00
  1.00000000e+00 1.00000000e+00 1.00000000e+00 1.00000000e+00
  1.00000000e+00 1.00000000e+00 1.00000000e+00 1.00000000e+00
  0.00000000e+00]]
