[[1.00000000e+000 1.60090770e-072 3.96867143e-055 2.45183529e-068
  1.68243146e-039 3.90131993e-044 2.59673067e-028 4.68048012e-027
  3.96103598e-053 1.11565600e-071 1.08265106e-042 9.17135574e-080
  1.10828721e-055 1.17227965e-060 4.82902791e-019 1.00877168e-025
  8.44574962e-048 8.94907454e-072 2.54352589e-055 2.35161122e-055
  1.00000000e+000]
 [1.60090770e-072 1.00000000e+000 1.03249887e-023 2.39522362e-040
  5.23551127e-089 4.69609483e-031 1.37761194e-073 8.25549384e-071
  4.79160957e-058 7.19100427e-022 1.70900038e-044 6.87625353e-045
  5.69695466e-053 1.02883235e-081 1.23470578e-045 9.38424137e-031
  4.84219926e-020 5.87127015e-050 5.86304183e-017 3.32454034e-030
  1.00000000e+000]
 [3.96867143e-055 1.03249887e-023 1.00000000e+000 6.25632982e-057
  9.00120817e-075 7.10703189e-025 2.60982796e-047 5.72002106e-071
  4.09374033e-073 1.50071186e-048 1.41573426e-045 7.40875869e-048
  1.97066736e-047 4.77982328e-056 2.07158297e-033 4.18967592e-023
  7.37958467e-046 3.35394019e-050 6.70704080e-030 1.85163090e-058
  1.00000000e+000]
 [2.45183529e-068 2.39522362e-040 6.25632982e-057 1.00000000e+000
  9.37408036e-122 3.19761502e-039 1.67294550e-050 6.04197244e-036
  1.89223503e-030 1.86995407e-049 2.04430840e-029 4.05728988e-082
  1.03156779e-023 2.97693155e-053 8.33359752e-038 1.84005589e-017
  3.28457206e-019 3.90925824e-023 9.54664371e-017 2.13218406e-058
  1.00000000e+000]
 [1.68243146e-039 5.23551127e-089 9.00120817e-075 9.37408036e-122
  1.00000000e+000 5.29502119e-053 1.99899046e-042 1.01113094e-061
  5.27715701e-109 2.01145015e-089 1.64383408e-105 1.03436987e-054
  1.03400939e-061 2.81292743e-052 2.18423404e-044 7.22422192e-070
  3.27738639e-065 1.19775057e-086 2.46614457e-095 1.05068720e-034
  1.00000000e+000]
 [3.90131993e-044 4.69609483e-031 7.10703189e-025 3.19761502e-039
  5.29502119e-053 1.00000000e+000 2.62114061e-025 4.30274567e-045
  7.11560720e-035 2.63811864e-029 1.22173491e-065 7.75777317e-029
  1.12693296e-019 6.22001901e-029 2.54746016e-038 8.12670207e-020
  6.91837608e-018 7.87521144e-015 2.29275379e-034 1.99550290e-035
  1.00000000e+000]
 [2.59673067e-028 1.37761194e-073 2.60982796e-047 1.67294550e-050
  1.99899046e-042 2.62114061e-025 1.00000000e+000 3.23643890e-015
  1.00803299e-068 1.01055346e-088 5.08351125e-064 7.25930696e-041
  9.28287948e-019 6.37015262e-011 2.05645090e-023 9.63850302e-020
  5.88210796e-038 2.70132279e-025 4.46051563e-062 3.89163790e-058
  1.00000000e+000]
 [4.68048012e-027 8.25549384e-071 5.72002106e-071 6.04197244e-036
  1.01113094e-061 4.30274567e-045 3.23643890e-015 1.00000000e+000
  6.07423195e-063 7.19389459e-091 3.60141981e-046 2.77474334e-057
  4.33244327e-030 1.77637265e-035 3.73318178e-022 5.83933902e-019
  4.93453973e-028 9.35811058e-037 2.09983836e-055 6.35006280e-054
  1.00000000e+000]
 [3.96103598e-053 4.79160957e-058 4.09374033e-073 1.89223503e-030
  5.27715701e-109 7.11560720e-035 1.00803299e-068 6.07423195e-063
  1.00000000e+000 2.66418122e-024 1.20272150e-053 5.86481365e-110
  5.83746825e-046 6.45113401e-080 3.66629653e-057 2.08112923e-036
  9.36593437e-032 1.45171591e-046 3.80227040e-030 6.39471800e-060
  1.00000000e+000]
 [1.11565600e-071 7.19100427e-022 1.50071186e-048 1.86995407e-049
  2.01145015e-089 2.63811864e-029 1.01055346e-088 7.19389459e-091
  2.66418122e-024 1.00000000e+000 3.19829924e-062 1.48379806e-079
  2.68886149e-056 1.62692329e-092 9.70479674e-062 1.46552396e-047
  8.74007050e-027 1.00716983e-057 2.95409934e-022 2.48182235e-030
  1.00000000e+000]
 [1.08265106e-042 1.70900038e-044 1.41573426e-045 2.04430840e-029
  1.64383408e-105 1.22173491e-065 5.08351125e-064 3.60141981e-046
  1.20272150e-053 3.19829924e-062 1.00000000e+000 2.10019104e-112
  1.00500229e-054 1.69006263e-082 8.37218252e-017 1.07881320e-020
  2.36664695e-045 2.34119246e-074 5.69119081e-015 2.83510129e-063
  1.00000000e+000]
 [9.17135574e-080 6.87625353e-045 7.40875869e-048 4.05728988e-082
  1.03436987e-054 7.75777317e-029 7.25930696e-041 2.77474334e-057
  5.86481365e-110 1.48379806e-079 2.10019104e-112 1.00000000e+000
  5.85537471e-050 7.10317070e-047 2.04617446e-066 3.76912822e-050
  7.16204796e-036 5.54988891e-038 7.06952717e-081 4.66098575e-046
  1.00000000e+000]
 [1.10828721e-055 5.69695466e-053 1.97066736e-047 1.03156779e-023
  1.03400939e-061 1.12693296e-019 9.28287948e-019 4.33244327e-030
  5.83746825e-046 2.68886149e-056 1.00500229e-054 5.85537471e-050
  1.00000000e+000 7.87001999e-009 3.73288192e-027 5.70718482e-022
  3.84120517e-022 1.50227536e-009 1.44999083e-034 9.22384564e-039
  1.00000000e+000]
 [1.17227965e-060 1.02883235e-081 4.77982328e-056 2.97693155e-053
  2.81292743e-052 6.22001901e-029 6.37015262e-011 1.77637265e-035
  6.45113401e-080 1.62692329e-092 1.69006263e-082 7.10317070e-047
  7.87001999e-009 1.00000000e+000 3.54900182e-036 1.59508706e-035
  3.12900981e-045 2.82886010e-019 9.20652532e-067 7.82024801e-059
  1.00000000e+000]
 [4.82902791e-019 1.23470578e-045 2.07158297e-033 8.33359752e-038
  2.18423404e-044 2.54746016e-038 2.05645090e-023 3.73318178e-022
  3.66629653e-057 9.70479674e-062 8.37218252e-017 2.04617446e-066
  3.73288192e-027 3.54900182e-036 1.00000000e+000 5.09921198e-013
  1.43456240e-032 1.81867338e-049 1.60304723e-025 1.73296834e-036
  1.00000000e+000]
 [1.00877168e-025 9.38424137e-031 4.18967592e-023 1.84005589e-017
  7.22422192e-070 8.12670207e-020 9.63850302e-020 5.83933902e-019
  2.08112923e-036 1.46552396e-047 1.07881320e-020 3.76912822e-050
  5.70718482e-022 1.59508706e-035 5.09921198e-013 1.00000000e+000
  2.90962590e-018 1.63934242e-024 2.80580143e-018 1.62734601e-046
  1.00000000e+000]
 [8.44574962e-048 4.84219926e-020 7.37958467e-046 3.28457206e-019
  3.27738639e-065 6.91837608e-018 5.88210796e-038 4.93453973e-028
  9.36593437e-032 8.74007050e-027 2.36664695e-045 7.16204796e-036
  3.84120517e-022 3.12900981e-045 1.43456240e-032 2.90962590e-018
  1.00000000e+000 8.23909108e-020 7.85098291e-022 2.16398079e-018
  1.00000000e+000]
 [8.94907454e-072 5.87127015e-050 3.35394019e-050 3.90925824e-023
  1.19775057e-086 7.87521144e-015 2.70132279e-025 9.35811058e-037
  1.45171591e-046 1.00716983e-057 2.34119246e-074 5.54988891e-038
  1.50227536e-009 2.82886010e-019 1.81867338e-049 1.63934242e-024
  8.23909108e-020 1.00000000e+000 3.17777329e-044 5.12957376e-054
  1.00000000e+000]
 [2.54352589e-055 5.86304183e-017 6.70704080e-030 9.54664371e-017
  2.46614457e-095 2.29275379e-034 4.46051563e-062 2.09983836e-055
  3.80227040e-030 2.95409934e-022 5.69119081e-015 7.06952717e-081
  1.44999083e-034 9.20652532e-067 1.60304723e-025 2.80580143e-018
  7.85098291e-022 3.17777329e-044 1.00000000e+000 4.05006253e-037
  1.00000000e+000]
 [2.35161122e-055 3.32454034e-030 1.85163090e-058 2.13218406e-058
  1.05068720e-034 1.99550290e-035 3.89163790e-058 6.35006280e-054
  6.39471800e-060 2.48182235e-030 2.83510129e-063 4.66098575e-046
  9.22384564e-039 7.82024801e-059 1.73296834e-036 1.62734601e-046
  2.16398079e-018 5.12957376e-054 4.05006253e-037 1.00000000e+000
  1.00000000e+000]
 [1.00000000e+000 1.00000000e+000 1.00000000e+000 1.00000000e+000
  1.00000000e+000 1.00000000e+000 1.00000000e+000 1.00000000e+000
  1.00000000e+000 1.00000000e+000 1.00000000e+000 1.00000000e+000
  1.00000000e+000 1.00000000e+000 1.00000000e+000 1.00000000e+000
  1.00000000e+000 1.00000000e+000 1.00000000e+000 1.00000000e+000
  0.00000000e+000]]
