[[1.00000000e+000 2.58593352e-007 4.80553536e-025 1.16048411e-016
  8.91622541e-030 2.90723896e-048 8.27732279e-025 4.61801122e-052
  7.40007123e-024 1.81183643e-038 1.34204039e-024 3.62283414e-019
  3.39096056e-047 7.20641997e-028 1.27947860e-035 2.93349604e-024
  2.29591769e-039 8.08442018e-034 2.00034229e-016 1.03864930e-015
  1.00000000e+000]
 [2.58593352e-007 1.00000000e+000 7.03090566e-024 5.12574655e-014
  4.95136141e-046 2.22408235e-044 3.58289507e-043 1.45402687e-075
  5.84252386e-041 5.62804695e-059 2.99992081e-034 3.89309155e-028
  1.91310456e-052 1.19205314e-031 1.08564089e-033 1.50708501e-025
  7.50402480e-066 1.61130177e-028 2.99278304e-026 3.87537305e-008
  1.00000000e+000]
 [4.80553536e-025 7.03090566e-024 1.00000000e+000 2.17090857e-024
  7.87020606e-051 1.02925326e-021 8.18129812e-037 1.82865387e-039
  9.87065348e-026 4.15529836e-025 6.33284211e-014 3.53978804e-017
  5.33240115e-029 1.00727191e-048 1.05409920e-008 1.82527088e-013
  3.50686387e-062 2.81086315e-035 4.82460413e-075 3.67486032e-026
  1.00000000e+000]
 [1.16048411e-016 5.12574655e-014 2.17090857e-024 1.00000000e+000
  1.48879795e-045 6.12856216e-035 2.70288066e-044 4.05999782e-053
  1.00443408e-037 1.98511843e-065 1.38979364e-038 1.62031832e-031
  7.69609187e-045 8.86811348e-070 9.41337969e-041 1.91223388e-021
  4.79794098e-076 4.28533149e-050 2.80300765e-040 2.32497322e-026
  1.00000000e+000]
 [8.91622541e-030 4.95136141e-046 7.87020606e-051 1.48879795e-045
  1.00000000e+000 2.91770969e-086 2.53280592e-010 6.79129611e-046
  4.09194532e-038 1.16747413e-053 1.74255175e-023 3.27932453e-052
  1.64681554e-035 3.58329358e-051 1.04706552e-065 3.67866190e-033
  1.11264320e-040 1.54488391e-038 1.45840327e-059 3.48612144e-037
  1.00000000e+000]
 [2.90723896e-048 2.22408235e-044 1.02925326e-021 6.12856216e-035
  2.91770969e-086 1.00000000e+000 5.25234857e-084 3.07609118e-078
  1.07487318e-057 9.11471062e-063 1.89034678e-034 3.59448316e-058
  6.30596934e-088 7.89018629e-088 1.82498996e-032 7.08872328e-055
  5.86420733e-083 3.27668751e-088 1.70388549e-102 2.81986218e-056
  1.00000000e+000]
 [8.27732279e-025 3.58289507e-043 8.18129812e-037 2.70288066e-044
  2.53280592e-010 5.25234857e-084 1.00000000e+000 6.40410135e-021
  3.09196174e-030 3.23066511e-025 3.86315574e-023 4.42646904e-032
  9.50430438e-020 7.95792790e-038 1.21383023e-041 1.25840833e-024
  2.29934216e-027 7.12962308e-027 2.10524750e-052 7.57139839e-042
  1.00000000e+000]
 [4.61801122e-052 1.45402687e-075 1.82865387e-039 4.05999782e-053
  6.79129611e-046 3.07609118e-078 6.40410135e-021 1.00000000e+000
  5.54212888e-039 3.20980964e-022 7.63576822e-042 2.80392668e-038
  1.29378246e-026 8.90833615e-085 9.54098088e-042 9.21396915e-037
  4.01853140e-045 4.47559909e-065 1.33000049e-089 8.12945312e-086
  1.00000000e+000]
 [7.40007123e-024 5.84252386e-041 9.87065348e-026 1.00443408e-037
  4.09194532e-038 1.07487318e-057 3.09196174e-030 5.54212888e-039
  1.00000000e+000 1.08742700e-028 2.84932926e-018 3.70549860e-009
  4.62175578e-038 2.65142686e-070 2.13491356e-051 1.12197440e-017
  1.31434996e-064 2.38852273e-066 3.31262837e-063 1.47431995e-036
  1.00000000e+000]
 [1.81183643e-038 5.62804695e-059 4.15529836e-025 1.98511843e-065
  1.16747413e-053 9.11471062e-063 3.23066511e-025 3.20980964e-022
  1.08742700e-028 1.00000000e+000 2.88911316e-024 4.57989519e-024
  4.95890128e-041 8.36976591e-044 1.14065788e-022 4.32098746e-039
  1.73752501e-029 5.93565880e-052 1.90187330e-080 1.50685408e-064
  1.00000000e+000]
 [1.34204039e-024 2.99992081e-034 6.33284211e-014 1.38979364e-038
  1.74255175e-023 1.89034678e-034 3.86315574e-023 7.63576822e-042
  2.84932926e-018 2.88911316e-024 1.00000000e+000 2.78135155e-027
  5.26990065e-035 1.48012240e-043 7.87838609e-028 1.35646942e-020
  1.68234517e-042 2.50936481e-040 1.89962323e-076 2.81419641e-026
  1.00000000e+000]
 [3.62283414e-019 3.89309155e-028 3.53978804e-017 1.62031832e-031
  3.27932453e-052 3.59448316e-058 4.42646904e-032 2.80392668e-038
  3.70549860e-009 4.57989519e-024 2.78135155e-027 1.00000000e+000
  5.91277016e-030 8.02572348e-055 4.72054866e-033 1.60903700e-012
  3.40033984e-068 2.56699624e-047 6.67374561e-052 1.97760634e-030
  1.00000000e+000]
 [3.39096056e-047 1.91310456e-052 5.33240115e-029 7.69609187e-045
  1.64681554e-035 6.30596934e-088 9.50430438e-020 1.29378246e-026
  4.62175578e-038 4.95890128e-041 5.26990065e-035 5.91277016e-030
  1.00000000e+000 3.16512119e-070 8.23078473e-039 2.17878316e-010
  1.10066532e-080 1.85475437e-027 2.16309599e-092 1.78876152e-044
  1.00000000e+000]
 [7.20641997e-028 1.19205314e-031 1.00727191e-048 8.86811348e-070
  3.58329358e-051 7.89018629e-088 7.95792790e-038 8.90833615e-085
  2.65142686e-070 8.36976591e-044 1.48012240e-043 8.02572348e-055
  3.16512119e-070 1.00000000e+000 2.69566736e-037 1.71393672e-060
  1.79144119e-033 1.61281373e-020 1.87034208e-045 7.14473912e-036
  1.00000000e+000]
 [1.27947860e-035 1.08564089e-033 1.05409920e-008 9.41337969e-041
  1.04706552e-065 1.82498996e-032 1.21383023e-041 9.54098088e-042
  2.13491356e-051 1.14065788e-022 7.87838609e-028 4.72054866e-033
  8.23078473e-039 2.69566736e-037 1.00000000e+000 7.37102448e-032
  3.35915766e-051 6.32767327e-030 2.46562346e-081 1.96151907e-043
  1.00000000e+000]
 [2.93349604e-024 1.50708501e-025 1.82527088e-013 1.91223388e-021
  3.67866190e-033 7.08872328e-055 1.25840833e-024 9.21396915e-037
  1.12197440e-017 4.32098746e-039 1.35646942e-020 1.60903700e-012
  2.17878316e-010 1.71393672e-060 7.37102448e-032 1.00000000e+000
  1.51835853e-078 3.90218800e-030 1.27411653e-066 1.30793302e-019
  1.00000000e+000]
 [2.29591769e-039 7.50402480e-066 3.50686387e-062 4.79794098e-076
  1.11264320e-040 5.86420733e-083 2.29934216e-027 4.01853140e-045
  1.31434996e-064 1.73752501e-029 1.68234517e-042 3.40033984e-068
  1.10066532e-080 1.79144119e-033 3.35915766e-051 1.51835853e-078
  1.00000000e+000 2.19093533e-061 8.95993270e-058 2.46537407e-080
  1.00000000e+000]
 [8.08442018e-034 1.61130177e-028 2.81086315e-035 4.28533149e-050
  1.54488391e-038 3.27668751e-088 7.12962308e-027 4.47559909e-065
  2.38852273e-066 5.93565880e-052 2.50936481e-040 2.56699624e-047
  1.85475437e-027 1.61281373e-020 6.32767327e-030 3.90218800e-030
  2.19093533e-061 1.00000000e+000 3.30776617e-063 5.84736422e-025
  1.00000000e+000]
 [2.00034229e-016 2.99278304e-026 4.82460413e-075 2.80300765e-040
  1.45840327e-059 1.70388549e-102 2.10524750e-052 1.33000049e-089
  3.31262837e-063 1.90187330e-080 1.89962323e-076 6.67374561e-052
  2.16309599e-092 1.87034208e-045 2.46562346e-081 1.27411653e-066
  8.95993270e-058 3.30776617e-063 1.00000000e+000 5.98977647e-047
  1.00000000e+000]
 [1.03864930e-015 3.87537305e-008 3.67486032e-026 2.32497322e-026
  3.48612144e-037 2.81986218e-056 7.57139839e-042 8.12945312e-086
  1.47431995e-036 1.50685408e-064 2.81419641e-026 1.97760634e-030
  1.78876152e-044 7.14473912e-036 1.96151907e-043 1.30793302e-019
  2.46537407e-080 5.84736422e-025 5.98977647e-047 1.00000000e+000
  1.00000000e+000]
 [1.00000000e+000 1.00000000e+000 1.00000000e+000 1.00000000e+000
  1.00000000e+000 1.00000000e+000 1.00000000e+000 1.00000000e+000
  1.00000000e+000 1.00000000e+000 1.00000000e+000 1.00000000e+000
  1.00000000e+000 1.00000000e+000 1.00000000e+000 1.00000000e+000
  1.00000000e+000 1.00000000e+000 1.00000000e+000 1.00000000e+000
  0.00000000e+000]]
