[[1.00000000e+000 2.98333860e-022 6.18581847e-072 1.45510370e-069
  2.16998179e-088 4.79668677e-046 1.23727801e-052 4.23892426e-034
  4.08316207e-088 2.34387788e-059 1.32240250e-067 2.42719214e-033
  8.29887776e-022 7.71201002e-026 1.90185076e-054 1.08769041e-070
  5.32293562e-092 3.20705616e-078 3.19009214e-028 5.94973312e-045
  1.00000000e+000]
 [2.98333860e-022 1.00000000e+000 9.87211294e-032 4.61094424e-054
  2.00793979e-078 1.98379741e-042 5.48181956e-035 7.81257683e-008
  3.54484400e-103 6.04807294e-072 1.81349150e-040 3.47895581e-018
  7.19930458e-025 4.37566370e-037 1.96396206e-044 3.94214051e-061
  3.39194711e-100 5.31455095e-051 6.54612180e-050 5.20841243e-046
  1.00000000e+000]
 [6.18581847e-072 9.87211294e-032 1.00000000e+000 3.39998206e-047
  7.12622227e-044 1.07856760e-057 6.78403999e-026 2.93371379e-022
  3.93843847e-067 2.01761388e-063 7.03075188e-029 2.23661584e-025
  1.77046026e-062 5.09561365e-078 3.80527663e-051 6.69584646e-073
  7.34332641e-066 1.81948933e-033 4.43350540e-080 2.57684019e-088
  1.00000000e+000]
 [1.45510370e-069 4.61094424e-054 3.39998206e-047 1.00000000e+000
  8.78172418e-013 6.60281584e-041 4.00670303e-011 3.41482032e-048
  8.12047395e-043 1.57930769e-050 2.11348906e-029 4.52533599e-020
  1.03214802e-067 1.89813877e-026 1.94281716e-039 8.50869283e-055
  2.01850670e-048 1.96685844e-022 7.08257094e-047 1.98942256e-051
  1.00000000e+000]
 [2.16998179e-088 2.00793979e-078 7.12622227e-044 8.78172418e-013
  1.00000000e+000 1.41711704e-065 5.03124073e-016 3.19256451e-063
  3.93683486e-017 1.17084282e-032 8.84365458e-041 2.22474411e-035
  4.87948353e-087 3.43778343e-048 1.89416236e-053 2.67966779e-090
  3.20892958e-027 2.37541650e-031 3.08259618e-051 1.46257322e-086
  1.00000000e+000]
 [4.79668677e-046 1.98379741e-042 1.07856760e-057 6.60281584e-041
  1.41711704e-065 1.00000000e+000 1.36442948e-030 6.16667390e-064
  4.35765487e-072 3.72635968e-064 1.09103592e-056 7.35216616e-013
  6.06076971e-023 2.42382294e-047 5.29043270e-011 7.27684248e-021
  2.41013894e-069 2.20349757e-035 9.59528964e-048 1.44593673e-020
  1.00000000e+000]
 [1.23727801e-052 5.48181956e-035 6.78403999e-026 4.00670303e-011
  5.03124073e-016 1.36442948e-030 1.00000000e+000 7.21723653e-034
  6.93646331e-039 2.50956214e-031 4.84588114e-039 4.75080802e-009
  1.05718333e-039 2.20041574e-032 1.36365065e-018 7.22228675e-061
  5.28690559e-048 7.94189159e-027 7.17062049e-030 3.11950142e-054
  1.00000000e+000]
 [4.23892426e-034 7.81257683e-008 2.93371379e-022 3.41482032e-048
  3.19256451e-063 6.16667390e-064 7.21723653e-034 1.00000000e+000
  2.04620679e-095 2.60626921e-075 2.76858207e-030 8.99682490e-027
  2.26084695e-050 1.22837094e-042 6.53408797e-065 1.93666816e-073
  1.81932073e-096 1.11846899e-052 5.49331832e-062 4.29005894e-072
  1.00000000e+000]
 [4.08316207e-088 3.54484400e-103 3.93843847e-067 8.12047395e-043
  3.93683486e-017 4.35765487e-072 6.93646331e-039 2.04620679e-095
  1.00000000e+000 1.17910270e-016 5.88641283e-064 1.04771485e-050
  1.70413301e-083 7.49546043e-063 1.06838677e-059 1.19451694e-111
  9.21934093e-007 2.59963422e-044 4.62075592e-047 8.10302856e-089
  1.00000000e+000]
 [2.34387788e-059 6.04807294e-072 2.01761388e-063 1.57930769e-050
  1.17084282e-032 3.72635968e-064 2.50956214e-031 2.60626921e-075
  1.17910270e-016 1.00000000e+000 9.86112453e-077 4.24154889e-038
  1.85619179e-044 2.24002670e-045 2.98138048e-039 1.10567731e-126
  5.32327926e-023 1.16242302e-051 3.71067389e-017 2.19323181e-071
  1.00000000e+000]
 [1.32240250e-067 1.81349150e-040 7.03075188e-029 2.11348906e-029
  8.84365458e-041 1.09103592e-056 4.84588114e-039 2.76858207e-030
  5.88641283e-064 9.86112453e-077 1.00000000e+000 8.89155716e-029
  3.30351560e-078 1.09354742e-047 5.70223200e-071 2.34007257e-049
  4.81299225e-051 2.01460471e-014 3.83305501e-086 8.99850037e-054
  1.00000000e+000]
 [2.42719214e-033 3.47895581e-018 2.23661584e-025 4.52533599e-020
  2.22474411e-035 7.35216616e-013 4.75080802e-009 8.99682490e-027
  1.04771485e-050 4.24154889e-038 8.89155716e-029 1.00000000e+000
  2.75016117e-019 1.37368260e-026 6.58773292e-012 1.84558247e-037
  2.03064871e-049 4.02678601e-018 1.18069526e-030 1.83836266e-025
  1.00000000e+000]
 [8.29887776e-022 7.19930458e-025 1.77046026e-062 1.03214802e-067
  4.87948353e-087 6.06076971e-023 1.05718333e-039 2.26084695e-050
  1.70413301e-083 1.85619179e-044 3.30351560e-078 2.75016117e-019
  1.00000000e+000 5.14647605e-040 3.17008687e-017 2.07093132e-070
  1.24647466e-081 5.10569453e-059 9.62166132e-024 3.23767317e-028
  1.00000000e+000]
 [7.71201002e-026 4.37566370e-037 5.09561365e-078 1.89813877e-026
  3.43778343e-048 2.42382294e-047 2.20041574e-032 1.22837094e-042
  7.49546043e-063 2.24002670e-045 1.09354742e-047 1.37368260e-026
  5.14647605e-040 1.00000000e+000 5.82132231e-049 2.37296958e-073
  1.13902643e-065 5.57735656e-048 3.44272808e-020 1.38095879e-030
  1.00000000e+000]
 [1.90185076e-054 1.96396206e-044 3.80527663e-051 1.94281716e-039
  1.89416236e-053 5.29043270e-011 1.36365065e-018 6.53408797e-065
  1.06838677e-059 2.98138048e-039 5.70223200e-071 6.58773292e-012
  3.17008687e-017 5.82132231e-049 1.00000000e+000 1.44318737e-055
  2.66856022e-062 3.39100889e-038 5.69630446e-031 3.18697212e-034
  1.00000000e+000]
 [1.08769041e-070 3.94214051e-061 6.69584646e-073 8.50869283e-055
  2.67966779e-090 7.27684248e-021 7.22228675e-061 1.93666816e-073
  1.19451694e-111 1.10567731e-126 2.34007257e-049 1.84558247e-037
  2.07093132e-070 2.37296958e-073 1.44318737e-055 1.00000000e+000
  2.74034775e-105 1.04332276e-050 1.92901059e-104 7.60079678e-044
  1.00000000e+000]
 [5.32293562e-092 3.39194711e-100 7.34332641e-066 2.01850670e-048
  3.20892958e-027 2.41013894e-069 5.28690559e-048 1.81932073e-096
  9.21934093e-007 5.32327926e-023 4.81299225e-051 2.03064871e-049
  1.24647466e-081 1.13902643e-065 2.66856022e-062 2.74034775e-105
  1.00000000e+000 4.58591148e-030 6.33459008e-059 9.44215605e-073
  1.00000000e+000]
 [3.20705616e-078 5.31455095e-051 1.81948933e-033 1.96685844e-022
  2.37541650e-031 2.20349757e-035 7.94189159e-027 1.11846899e-052
  2.59963422e-044 1.16242302e-051 2.01460471e-014 4.02678601e-018
  5.10569453e-059 5.57735656e-048 3.39100889e-038 1.04332276e-050
  4.58591148e-030 1.00000000e+000 6.27075742e-068 4.52412608e-035
  1.00000000e+000]
 [3.19009214e-028 6.54612180e-050 4.43350540e-080 7.08257094e-047
  3.08259618e-051 9.59528964e-048 7.17062049e-030 5.49331832e-062
  4.62075592e-047 3.71067389e-017 3.83305501e-086 1.18069526e-030
  9.62166132e-024 3.44272808e-020 5.69630446e-031 1.92901059e-104
  6.33459008e-059 6.27075742e-068 1.00000000e+000 2.84817417e-050
  1.00000000e+000]
 [5.94973312e-045 5.20841243e-046 2.57684019e-088 1.98942256e-051
  1.46257322e-086 1.44593673e-020 3.11950142e-054 4.29005894e-072
  8.10302856e-089 2.19323181e-071 8.99850037e-054 1.83836266e-025
  3.23767317e-028 1.38095879e-030 3.18697212e-034 7.60079678e-044
  9.44215605e-073 4.52412608e-035 2.84817417e-050 1.00000000e+000
  1.00000000e+000]
 [1.00000000e+000 1.00000000e+000 1.00000000e+000 1.00000000e+000
  1.00000000e+000 1.00000000e+000 1.00000000e+000 1.00000000e+000
  1.00000000e+000 1.00000000e+000 1.00000000e+000 1.00000000e+000
  1.00000000e+000 1.00000000e+000 1.00000000e+000 1.00000000e+000
  1.00000000e+000 1.00000000e+000 1.00000000e+000 1.00000000e+000
  0.00000000e+000]]
