[[1.00000000e+00 9.44786496e-25 3.83221757e-45 3.33148066e-84
  3.50065979e-44 4.22204119e-34 5.33472759e-47 2.74441123e-15
  3.44975771e-85 1.36555870e-29 5.70857562e-23 1.72395660e-43
  1.85445442e-19 2.15754834e-52 1.19826203e-74 2.38548025e-38
  1.33252003e-39 3.00216613e-50 1.90919298e-58 5.71084246e-33
  1.00000000e+00]
 [9.44786496e-25 1.00000000e+00 1.19397939e-47 8.24465289e-82
  4.37743710e-57 9.88313755e-81 7.74725501e-52 2.38384839e-14
  2.83990611e-64 2.13469806e-42 6.63512333e-21 1.07454301e-09
  2.18485214e-19 3.45380148e-58 2.15623863e-38 1.73498377e-39
  1.38087344e-33 7.97001221e-55 1.88403042e-52 3.06891164e-15
  1.00000000e+00]
 [3.83221757e-45 1.19397939e-47 1.00000000e+00 5.50863527e-87
  5.87189875e-74 1.29675150e-75 4.71111200e-74 9.23979989e-44
  3.33224237e-83 4.95532946e-23 2.29002394e-22 3.28164686e-41
  8.55589809e-46 1.05346692e-78 1.16630949e-45 3.09298379e-69
  9.08441703e-44 2.27116968e-70 3.10895895e-46 8.79368134e-55
  1.00000000e+00]
 [3.33148066e-84 8.24465289e-82 5.50863527e-87 1.00000000e+00
  6.69718235e-16 2.31889809e-56 3.51302372e-28 3.61844406e-54
  1.91196480e-55 3.47056903e-60 1.63531090e-98 2.24535354e-82
  1.11734316e-60 6.04572416e-19 6.25764697e-49 6.85267201e-50
  6.11558682e-53 1.16459153e-56 1.26833673e-24 8.94672596e-50
  1.00000000e+00]
 [3.50065979e-44 4.37743710e-57 5.87189875e-74 6.69718235e-16
  1.00000000e+00 7.19810186e-24 8.02819107e-29 1.41054531e-37
  2.72394617e-70 7.16957754e-40 2.26524909e-75 1.99746723e-65
  7.86704334e-24 8.90222930e-25 1.20709068e-64 7.82349433e-50
  3.30240340e-56 1.37018485e-25 9.49200293e-25 8.60791449e-32
  1.00000000e+00]
 [4.22204119e-34 9.88313755e-81 1.29675150e-75 2.31889809e-56
  7.19810186e-24 1.00000000e+00 4.50711933e-36 3.93983768e-43
  6.90294182e-85 6.54388438e-42 5.95723226e-65 5.37283996e-85
  1.32335440e-37 1.32746786e-39 2.04600591e-96 3.22980210e-52
  1.01111247e-76 1.40514061e-31 6.66683779e-41 3.45665008e-61
  1.00000000e+00]
 [5.33472759e-47 7.74725501e-52 4.71111200e-74 3.51302372e-28
  8.02819107e-29 4.50711933e-36 1.00000000e+00 1.63311989e-23
  1.15650808e-40 4.01242393e-38 1.22891401e-47 2.57124504e-52
  3.16823116e-48 1.53011062e-02 3.87044491e-31 6.52589721e-12
  1.16741879e-43 1.66634424e-39 9.35873256e-17 2.24062671e-29
  1.00000000e+00]
 [2.74441123e-15 2.38384839e-14 9.23979989e-44 3.61844406e-54
  1.41054531e-37 3.93983768e-43 1.63311989e-23 1.00000000e+00
  2.92798722e-32 1.09835731e-37 8.91661181e-18 4.21821663e-20
  6.50538173e-24 1.28168464e-27 3.17811221e-35 1.16137139e-10
  7.10128971e-15 9.88697553e-51 6.49803970e-37 1.36778672e-24
  1.00000000e+00]
 [3.44975771e-85 2.83990611e-64 3.33224237e-83 1.91196480e-55
  2.72394617e-70 6.90294182e-85 1.15650808e-40 2.92798722e-32
  1.00000000e+00 2.52558470e-97 9.01793915e-63 1.78766665e-45
  9.25813982e-80 9.18973283e-43 6.67815590e-39 5.29386749e-24
  4.20963865e-31 2.80880098e-96 1.77380570e-51 1.21780314e-76
  1.00000000e+00]
 [1.36555870e-29 2.13469806e-42 4.95532946e-23 3.47056903e-60
  7.16957754e-40 6.54388438e-42 4.01242393e-38 1.09835731e-37
  2.52558470e-97 1.00000000e+00 1.29476308e-26 6.67066288e-47
  4.12350715e-27 1.05129934e-42 3.11292150e-42 1.41962046e-54
  4.14990499e-59 6.16108127e-28 6.06669924e-22 1.40440338e-22
  1.00000000e+00]
 [5.70857562e-23 6.63512333e-21 2.29002394e-22 1.63531090e-98
  2.26524909e-75 5.95723226e-65 1.22891401e-47 8.91661181e-18
  9.01793915e-63 1.29476308e-26 1.00000000e+00 1.52739914e-18
  1.86658925e-35 6.01523165e-59 1.37250504e-36 1.72171635e-34
  5.60077932e-38 5.57417631e-58 1.21308617e-45 1.00714722e-34
  1.00000000e+00]
 [1.72395660e-43 1.07454301e-09 3.28164686e-41 2.24535354e-82
  1.99746723e-65 5.37283996e-85 2.57124504e-52 4.21821663e-20
  1.78766665e-45 6.67066288e-47 1.52739914e-18 1.00000000e+00
  2.59319736e-26 4.22370450e-62 2.69175562e-25 3.41406423e-42
  5.74638223e-41 3.41605378e-50 8.73777744e-41 2.33632188e-24
  1.00000000e+00]
 [1.85445442e-19 2.18485214e-19 8.55589809e-46 1.11734316e-60
  7.86704334e-24 1.32335440e-37 3.16823116e-48 6.50538173e-24
  9.25813982e-80 4.12350715e-27 1.86658925e-35 2.59319736e-26
  1.00000000e+00 1.99174058e-53 7.22913884e-59 1.21215925e-55
  1.09292641e-54 9.43661888e-19 3.60319372e-35 1.77666103e-16
  1.00000000e+00]
 [2.15754834e-52 3.45380148e-58 1.05346692e-78 6.04572416e-19
  8.90222930e-25 1.32746786e-39 1.53011062e-02 1.28168464e-27
  9.18973283e-43 1.05129934e-42 6.01523165e-59 4.22370450e-62
  1.99174058e-53 1.00000000e+00 1.35263403e-34 1.21190232e-14
  1.80618553e-40 2.04283513e-47 1.16420617e-19 3.55057989e-33
  1.00000000e+00]
 [1.19826203e-74 2.15623863e-38 1.16630949e-45 6.25764697e-49
  1.20709068e-64 2.04600591e-96 3.87044491e-31 3.17811221e-35
  6.67815590e-39 3.11292150e-42 1.37250504e-36 2.69175562e-25
  7.22913884e-59 1.35263403e-34 1.00000000e+00 7.37641063e-34
  3.04940652e-39 1.52223849e-62 3.33625995e-21 1.41193431e-29
  1.00000000e+00]
 [2.38548025e-38 1.73498377e-39 3.09298379e-69 6.85267201e-50
  7.82349433e-50 3.22980210e-52 6.52589721e-12 1.16137139e-10
  5.29386749e-24 1.41962046e-54 1.72171635e-34 3.41406423e-42
  1.21215925e-55 1.21190232e-14 7.37641063e-34 1.00000000e+00
  6.00951812e-21 5.10370574e-70 2.79604241e-39 5.54849081e-41
  1.00000000e+00]
 [1.33252003e-39 1.38087344e-33 9.08441703e-44 6.11558682e-53
  3.30240340e-56 1.01111247e-76 1.16741879e-43 7.10128971e-15
  4.20963865e-31 4.14990499e-59 5.60077932e-38 5.74638223e-41
  1.09292641e-54 1.80618553e-40 3.04940652e-39 6.00951812e-21
  1.00000000e+00 2.70354843e-97 5.95500726e-57 8.16231608e-51
  1.00000000e+00]
 [3.00216613e-50 7.97001221e-55 2.27116968e-70 1.16459153e-56
  1.37018485e-25 1.40514061e-31 1.66634424e-39 9.88697553e-51
  2.80880098e-96 6.16108127e-28 5.57417631e-58 3.41605378e-50
  9.43661888e-19 2.04283513e-47 1.52223849e-62 5.10370574e-70
  2.70354843e-97 1.00000000e+00 1.19270575e-19 2.06422241e-25
  1.00000000e+00]
 [1.90919298e-58 1.88403042e-52 3.10895895e-46 1.26833673e-24
  9.49200293e-25 6.66683779e-41 9.35873256e-17 6.49803970e-37
  1.77380570e-51 6.06669924e-22 1.21308617e-45 8.73777744e-41
  3.60319372e-35 1.16420617e-19 3.33625995e-21 2.79604241e-39
  5.95500726e-57 1.19270575e-19 1.00000000e+00 8.45128382e-25
  1.00000000e+00]
 [5.71084246e-33 3.06891164e-15 8.79368134e-55 8.94672596e-50
  8.60791449e-32 3.45665008e-61 2.24062671e-29 1.36778672e-24
  1.21780314e-76 1.40440338e-22 1.00714722e-34 2.33632188e-24
  1.77666103e-16 3.55057989e-33 1.41193431e-29 5.54849081e-41
  8.16231608e-51 2.06422241e-25 8.45128382e-25 1.00000000e+00
  1.00000000e+00]
 [1.00000000e+00 1.00000000e+00 1.00000000e+00 1.00000000e+00
  1.00000000e+00 1.00000000e+00 1.00000000e+00 1.00000000e+00
  1.00000000e+00 1.00000000e+00 1.00000000e+00 1.00000000e+00
  1.00000000e+00 1.00000000e+00 1.00000000e+00 1.00000000e+00
  1.00000000e+00 1.00000000e+00 1.00000000e+00 1.00000000e+00
  0.00000000e+00]]
