[[1.00000000e+00 9.28719357e-48 2.24189929e-26 ... 1.46971069e-35
  5.74841888e-30 1.00000000e+00]
 [9.28719357e-48 1.00000000e+00 8.96341958e-49 ... 1.93702218e-15
  5.37949791e-19 1.00000000e+00]
 [2.24189929e-26 8.96341958e-49 1.00000000e+00 ... 8.87797563e-51
  1.00826708e-48 1.00000000e+00]
 ...
 [1.46971069e-35 1.93702218e-15 8.87797563e-51 ... 1.00000000e+00
  7.72536710e-26 1.00000000e+00]
 [5.74841888e-30 5.37949791e-19 1.00826708e-48 ... 7.72536710e-26
  1.00000000e+00 1.00000000e+00]
 [1.00000000e+00 1.00000000e+00 1.00000000e+00 ... 1.00000000e+00
  1.00000000e+00 0.00000000e+00]]
