[[1.00000000e+000 8.23959179e-062 3.47775350e-044 6.05406261e-074
  7.52332589e-079 1.75495422e-025 1.40891123e-047 2.89805740e-028
  2.81044395e-040 1.83308865e-061 1.73613339e-049 9.49856331e-046
  8.33368095e-077 5.10622957e-032 1.26724124e-064 2.99427690e-096
  6.98144910e-057 1.45003833e-102 9.12781802e-015 7.78803245e-052
  1.00000000e+000]
 [8.23959179e-062 1.00000000e+000 1.60868912e-065 1.40622244e-019
  7.15950028e-050 5.18145638e-059 1.06612912e-040 3.42893430e-036
  2.23473486e-042 9.52125506e-055 1.01047311e-048 2.74703724e-034
  6.29557443e-021 1.36173124e-040 4.37834501e-069 1.43957207e-038
  2.90506029e-057 3.66736813e-040 4.61778160e-032 1.76083589e-057
  1.00000000e+000]
 [3.47775350e-044 1.60868912e-065 1.00000000e+000 5.93675920e-042
  1.79689615e-028 2.98896514e-046 9.95530839e-018 7.72037527e-043
  1.57522091e-031 5.09206603e-013 1.51193028e-083 3.21642297e-033
  9.31507039e-044 1.96051670e-009 3.97633244e-028 2.49483598e-082
  2.23690211e-012 3.99652342e-066 2.84268343e-025 1.18212202e-026
  1.00000000e+000]
 [6.05406261e-074 1.40622244e-019 5.93675920e-042 1.00000000e+000
  4.33861623e-034 4.83865755e-089 2.41480337e-026 6.89274673e-060
  5.03662173e-029 2.19676698e-025 9.31000808e-076 1.99715479e-044
  5.77688488e-022 1.93081808e-036 7.64695287e-053 1.80451917e-059
  5.65670568e-027 5.90759531e-057 1.13707254e-043 3.41006137e-059
  1.00000000e+000]
 [7.52332589e-079 7.15950028e-050 1.79689615e-028 4.33861623e-034
  1.00000000e+000 7.12250076e-061 5.78250925e-037 1.69819366e-042
  9.57587442e-028 6.55316135e-029 3.16566091e-049 9.12889418e-072
  4.37906446e-029 9.47074942e-022 1.47016119e-031 9.31849033e-072
  1.78614812e-014 1.01629840e-031 2.76171832e-045 1.70782693e-015
  1.00000000e+000]
 [1.75495422e-025 5.18145638e-059 2.98896514e-046 4.83865755e-089
  7.12250076e-061 1.00000000e+000 6.54789315e-046 3.40749762e-009
  8.30210290e-046 3.69918266e-064 2.77206139e-033 1.16397647e-042
  2.11952922e-052 6.54913336e-029 7.05598299e-049 4.38504980e-055
  7.06156175e-060 4.65822312e-049 2.73061834e-019 2.58242234e-028
  1.00000000e+000]
 [1.40891123e-047 1.06612912e-040 9.95530839e-018 2.41480337e-026
  5.78250925e-037 6.54789315e-046 1.00000000e+000 6.59081992e-043
  1.26444206e-026 2.84406834e-020 1.56577961e-068 4.65109425e-025
  2.47157121e-016 8.70733197e-027 4.40214984e-040 1.68863825e-036
  6.18448469e-014 1.90251702e-050 3.40710661e-021 2.10851845e-031
  1.00000000e+000]
 [2.89805740e-028 3.42893430e-036 7.72037527e-043 6.89274673e-060
  1.69819366e-042 3.40749762e-009 6.59081992e-043 1.00000000e+000
  1.73897549e-024 7.90925018e-044 6.25701958e-021 3.84565370e-041
  8.45039784e-037 2.60629239e-019 2.55621475e-028 3.15618591e-046
  1.95914168e-048 5.58326164e-031 2.65594364e-022 1.01659025e-030
  1.00000000e+000]
 [2.81044395e-040 2.23473486e-042 1.57522091e-031 5.03662173e-029
  9.57587442e-028 8.30210290e-046 1.26444206e-026 1.73897549e-024
  1.00000000e+000 1.72647326e-016 5.24106837e-033 4.74184532e-059
  6.52062185e-029 1.91832993e-024 3.20642091e-014 1.99442605e-054
  2.83898743e-017 2.46074615e-044 1.18108692e-036 1.12196485e-038
  1.00000000e+000]
 [1.83308865e-061 9.52125506e-055 5.09206603e-013 2.19676698e-025
  6.55316135e-029 3.69918266e-064 2.84406834e-020 7.90925018e-044
  1.72647326e-016 1.00000000e+000 1.53604891e-081 1.66101280e-041
  1.40029911e-031 3.14093126e-018 2.32019986e-012 3.49913787e-066
  1.53656429e-013 2.13178254e-052 2.31055588e-044 2.21142765e-047
  1.00000000e+000]
 [1.73613339e-049 1.01047311e-048 1.51193028e-083 9.31000808e-076
  3.16566091e-049 2.77206139e-033 1.56577961e-068 6.25701958e-021
  5.24106837e-033 1.53604891e-081 1.00000000e+000 1.84203028e-095
  6.38974227e-051 1.09476379e-053 2.16351481e-059 2.16504167e-061
  9.46269483e-063 8.33422790e-045 2.59813489e-045 5.18797704e-038
  1.00000000e+000]
 [9.49856331e-046 2.74703724e-034 3.21642297e-033 1.99715479e-044
  9.12889418e-072 1.16397647e-042 4.65109425e-025 3.84565370e-041
  4.74184532e-059 1.66101280e-041 1.84203028e-095 1.00000000e+000
  4.38652138e-038 5.59870157e-028 1.06322280e-063 1.03940006e-051
  5.34664735e-056 6.77513718e-066 4.35197402e-020 2.74558476e-059
  1.00000000e+000]
 [8.33368095e-077 6.29557443e-021 9.31507039e-044 5.77688488e-022
  4.37906446e-029 2.11952922e-052 2.47157121e-016 8.45039784e-037
  6.52062185e-029 1.40029911e-031 6.38974227e-051 4.38652138e-038
  1.00000000e+000 3.10024523e-037 1.64167266e-040 1.92319801e-013
  7.19445879e-029 2.44823891e-016 6.82119569e-038 4.71589742e-036
  1.00000000e+000]
 [5.10622957e-032 1.36173124e-040 1.96051670e-009 1.93081808e-036
  9.47074942e-022 6.54913336e-029 8.70733197e-027 2.60629239e-019
  1.91832993e-024 3.14093126e-018 1.09476379e-053 5.59870157e-028
  3.10024523e-037 1.00000000e+000 1.41062688e-023 8.22518687e-072
  2.57966917e-021 3.22694914e-046 3.58170659e-016 3.96546508e-021
  1.00000000e+000]
 [1.26724124e-064 4.37834501e-069 3.97633244e-028 7.64695287e-053
  1.47016119e-031 7.05598299e-049 4.40214984e-040 2.55621475e-028
  3.20642091e-014 2.32019986e-012 2.16351481e-059 1.06322280e-063
  1.64167266e-040 1.41062688e-023 1.00000000e+000 5.05047106e-065
  2.16679164e-027 1.63864705e-038 1.50146079e-056 4.15713869e-046
  1.00000000e+000]
 [2.99427690e-096 1.43957207e-038 2.49483598e-082 1.80451917e-059
  9.31849033e-072 4.38504980e-055 1.68863825e-036 3.15618591e-046
  1.99442605e-054 3.49913787e-066 2.16504167e-061 1.03940006e-051
  1.92319801e-013 8.22518687e-072 5.05047106e-065 1.00000000e+000
  2.11073225e-068 1.18916598e-023 4.14687140e-059 2.33849955e-065
  1.00000000e+000]
 [6.98144910e-057 2.90506029e-057 2.23690211e-012 5.65670568e-027
  1.78614812e-014 7.06156175e-060 6.18448469e-014 1.95914168e-048
  2.83898743e-017 1.53656429e-013 9.46269483e-063 5.34664735e-056
  7.19445879e-029 2.57966917e-021 2.16679164e-027 2.11073225e-068
  1.00000000e+000 1.91181680e-054 1.85164817e-034 1.94246069e-022
  1.00000000e+000]
 [1.45003833e-102 3.66736813e-040 3.99652342e-066 5.90759531e-057
  1.01629840e-031 4.65822312e-049 1.90251702e-050 5.58326164e-031
  2.46074615e-044 2.13178254e-052 8.33422790e-045 6.77513718e-066
  2.44823891e-016 3.22694914e-046 1.63864705e-038 1.18916598e-023
  1.91181680e-054 1.00000000e+000 6.36612380e-062 1.61123183e-039
  1.00000000e+000]
 [9.12781802e-015 4.61778160e-032 2.84268343e-025 1.13707254e-043
  2.76171832e-045 2.73061834e-019 3.40710661e-021 2.65594364e-022
  1.18108692e-036 2.31055588e-044 2.59813489e-045 4.35197402e-020
  6.82119569e-038 3.58170659e-016 1.50146079e-056 4.14687140e-059
  1.85164817e-034 6.36612380e-062 1.00000000e+000 1.48405427e-023
  1.00000000e+000]
 [7.78803245e-052 1.76083589e-057 1.18212202e-026 3.41006137e-059
  1.70782693e-015 2.58242234e-028 2.10851845e-031 1.01659025e-030
  1.12196485e-038 2.21142765e-047 5.18797704e-038 2.74558476e-059
  4.71589742e-036 3.96546508e-021 4.15713869e-046 2.33849955e-065
  1.94246069e-022 1.61123183e-039 1.48405427e-023 1.00000000e+000
  1.00000000e+000]
 [1.00000000e+000 1.00000000e+000 1.00000000e+000 1.00000000e+000
  1.00000000e+000 1.00000000e+000 1.00000000e+000 1.00000000e+000
  1.00000000e+000 1.00000000e+000 1.00000000e+000 1.00000000e+000
  1.00000000e+000 1.00000000e+000 1.00000000e+000 1.00000000e+000
  1.00000000e+000 1.00000000e+000 1.00000000e+000 1.00000000e+000
  0.00000000e+000]]
