[[1.00000000e+000 1.94596063e-041 3.96260112e-040 1.93143740e-029
  1.17600057e-042 9.09943157e-042 1.06115277e-014 1.25310040e-091
  1.59031496e-074 1.98224023e-080 5.14512137e-071 5.64483993e-038
  3.11665843e-045 4.76453754e-059 9.73847019e-032 1.76571039e-078
  6.14717580e-040 4.22688395e-048 8.08984385e-041 3.53156795e-050
  1.00000000e+000]
 [1.94596063e-041 1.00000000e+000 5.41282306e-050 3.99859562e-027
  4.49562774e-026 1.31505855e-041 7.50928996e-020 1.05316558e-082
  3.84551411e-051 3.24521744e-054 1.44951017e-039 4.32320797e-058
  4.31631761e-034 3.97319339e-013 3.79816363e-037 2.33713089e-032
  7.27258273e-016 9.04750034e-063 5.18828988e-038 1.17176763e-017
  1.00000000e+000]
 [3.96260112e-040 5.41282306e-050 1.00000000e+000 1.71145055e-012
  1.33533312e-022 5.55174600e-027 2.95773371e-043 3.24595723e-061
  6.84566112e-062 4.56152467e-021 3.13815355e-059 5.90450054e-016
  2.14735092e-047 2.23251069e-051 2.15539328e-009 1.12544243e-034
  4.24765101e-022 5.97648866e-027 3.60652345e-013 1.45434054e-046
  1.00000000e+000]
 [1.93143740e-029 3.99859562e-027 1.71145055e-012 1.00000000e+000
  4.08141298e-012 5.41935651e-039 1.14932889e-026 3.17482838e-090
  2.34304762e-077 1.33905732e-038 1.45272998e-045 2.45055596e-025
  4.99422790e-040 4.67482143e-041 1.36094119e-010 1.64772159e-040
  7.25318964e-008 9.61329392e-054 5.68869475e-014 8.93046407e-030
  1.00000000e+000]
 [1.17600057e-042 4.49562774e-026 1.33533312e-022 4.08141298e-012
  1.00000000e+000 1.19352851e-048 2.14057391e-022 6.06924390e-101
  4.11314938e-084 3.45911650e-040 3.45946177e-030 1.56137305e-033
  1.32512096e-034 5.23370012e-051 2.67858173e-015 2.31168734e-049
  1.50568630e-005 2.70402545e-058 3.71734241e-007 5.41652958e-031
  1.00000000e+000]
 [9.09943157e-042 1.31505855e-041 5.55174600e-027 5.41935651e-039
  1.19352851e-048 1.00000000e+000 4.85268671e-045 2.91561014e-013
  6.35223753e-045 6.66164703e-029 1.53148288e-045 1.97435460e-020
  2.45922602e-025 1.36602933e-023 2.84854983e-028 3.06502161e-031
  1.54386049e-043 5.79980865e-011 2.31732630e-031 6.43328985e-025
  1.00000000e+000]
 [1.06115277e-014 7.50928996e-020 2.95773371e-043 1.14932889e-026
  2.14057391e-022 4.85268671e-045 1.00000000e+000 7.40760719e-095
  1.12290347e-059 2.00605686e-059 2.36732537e-036 4.23058133e-053
  3.46774262e-044 7.95652411e-044 1.90386782e-022 8.40597049e-057
  5.23087625e-026 5.06770217e-050 4.25235224e-026 1.00127093e-029
  1.00000000e+000]
 [1.25310040e-091 1.05316558e-082 3.24595723e-061 3.17482838e-090
  6.06924390e-101 2.91561014e-013 7.40760719e-095 1.00000000e+000
  1.77670530e-049 2.72708223e-043 2.61076617e-082 8.23952408e-054
  1.56271677e-059 5.94059532e-043 1.09221139e-067 9.10045595e-045
  7.25576109e-094 5.21333783e-018 6.47186258e-073 1.27263232e-057
  1.00000000e+000]
 [1.59031496e-074 3.84551411e-051 6.84566112e-062 2.34304762e-077
  4.11314938e-084 6.35223753e-045 1.12290347e-059 1.77670530e-049
  1.00000000e+000 1.78893858e-041 1.79924847e-098 2.42382953e-094
  6.20534158e-098 1.08303829e-035 4.11314917e-059 1.76841304e-022
  2.85727788e-075 2.52540650e-031 7.12940451e-077 3.93201769e-071
  1.00000000e+000]
 [1.98224023e-080 3.24521744e-054 4.56152467e-021 1.33905732e-038
  3.45911650e-040 6.66164703e-029 2.00605686e-059 2.72708223e-043
  1.78893858e-041 1.00000000e+000 7.14369694e-044 4.21153350e-050
  1.03204860e-070 1.10250076e-040 1.46617462e-018 1.53592456e-012
  1.31723166e-043 1.00586259e-024 6.58685952e-024 1.44396495e-039
  1.00000000e+000]
 [5.14512137e-071 1.44951017e-039 3.13815355e-059 1.45272998e-045
  3.45946177e-030 1.53148288e-045 2.36732537e-036 2.61076617e-082
  1.79924847e-098 7.14369694e-044 1.00000000e+000 7.21431710e-062
  1.59504601e-043 2.85925662e-048 8.77644700e-031 1.14319642e-056
  1.31169637e-041 4.18388738e-064 2.07768414e-022 5.73342700e-012
  1.00000000e+000]
 [5.64483993e-038 4.32320797e-058 5.90450054e-016 2.45055596e-025
  1.56137305e-033 1.97435460e-020 4.23058133e-053 8.23952408e-054
  2.42382953e-094 4.21153350e-050 7.21431710e-062 1.00000000e+000
  3.90106762e-019 1.50514933e-057 1.47652512e-028 6.72248143e-065
  1.48630483e-030 5.03520902e-034 6.83188401e-023 1.79217065e-045
  1.00000000e+000]
 [3.11665843e-045 4.31631761e-034 2.14735092e-047 4.99422790e-040
  1.32512096e-034 2.45922602e-025 3.46774262e-044 1.56271677e-059
  6.20534158e-098 1.03204860e-070 1.59504601e-043 3.90106762e-019
  1.00000000e+000 3.54692286e-039 2.28867942e-048 1.67611577e-070
  7.42251798e-029 8.72334553e-053 1.58382498e-034 5.15271551e-027
  1.00000000e+000]
 [4.76453754e-059 3.97319339e-013 2.23251069e-051 4.67482143e-041
  5.23370012e-051 1.36602933e-023 7.95652411e-044 5.94059532e-043
  1.08303829e-035 1.10250076e-040 2.85925662e-048 1.50514933e-057
  3.54692286e-039 1.00000000e+000 1.27117311e-044 2.24639933e-016
  2.43966150e-035 4.37306684e-046 7.41470329e-051 8.28258482e-017
  1.00000000e+000]
 [9.73847019e-032 3.79816363e-037 2.15539328e-009 1.36094119e-010
  2.67858173e-015 2.84854983e-028 1.90386782e-022 1.09221139e-067
  4.11314917e-059 1.46617462e-018 8.77644700e-031 1.47652512e-028
  2.28867942e-048 1.27117311e-044 1.00000000e+000 2.33827254e-032
  7.15131147e-021 1.50039613e-029 8.52304284e-006 1.46154787e-027
  1.00000000e+000]
 [1.76571039e-078 2.33713089e-032 1.12544243e-034 1.64772159e-040
  2.31168734e-049 3.06502161e-031 8.40597049e-057 9.10045595e-045
  1.76841304e-022 1.53592456e-012 1.14319642e-056 6.72248143e-065
  1.67611577e-070 2.24639933e-016 2.33827254e-032 1.00000000e+000
  2.59300892e-040 7.29572021e-036 6.86887538e-043 1.09730620e-034
  1.00000000e+000]
 [6.14717580e-040 7.27258273e-016 4.24765101e-022 7.25318964e-008
  1.50568630e-005 1.54386049e-043 5.23087625e-026 7.25576109e-094
  2.85727788e-075 1.31723166e-043 1.31169637e-041 1.48630483e-030
  7.42251798e-029 2.43966150e-035 7.15131147e-021 2.59300892e-040
  1.00000000e+000 2.37260710e-060 8.45993068e-016 2.92324534e-028
  1.00000000e+000]
 [4.22688395e-048 9.04750034e-063 5.97648866e-027 9.61329392e-054
  2.70402545e-058 5.79980865e-011 5.06770217e-050 5.21333783e-018
  2.52540650e-031 1.00586259e-024 4.18388738e-064 5.03520902e-034
  8.72334553e-053 4.37306684e-046 1.50039613e-029 7.29572021e-036
  2.37260710e-060 1.00000000e+000 2.57132648e-036 2.68788879e-051
  1.00000000e+000]
 [8.08984385e-041 5.18828988e-038 3.60652345e-013 5.68869475e-014
  3.71734241e-007 2.31732630e-031 4.25235224e-026 6.47186258e-073
  7.12940451e-077 6.58685952e-024 2.07768414e-022 6.83188401e-023
  1.58382498e-034 7.41470329e-051 8.52304284e-006 6.86887538e-043
  8.45993068e-016 2.57132648e-036 1.00000000e+000 2.09867630e-026
  1.00000000e+000]
 [3.53156795e-050 1.17176763e-017 1.45434054e-046 8.93046407e-030
  5.41652958e-031 6.43328985e-025 1.00127093e-029 1.27263232e-057
  3.93201769e-071 1.44396495e-039 5.73342700e-012 1.79217065e-045
  5.15271551e-027 8.28258482e-017 1.46154787e-027 1.09730620e-034
  2.92324534e-028 2.68788879e-051 2.09867630e-026 1.00000000e+000
  1.00000000e+000]
 [1.00000000e+000 1.00000000e+000 1.00000000e+000 1.00000000e+000
  1.00000000e+000 1.00000000e+000 1.00000000e+000 1.00000000e+000
  1.00000000e+000 1.00000000e+000 1.00000000e+000 1.00000000e+000
  1.00000000e+000 1.00000000e+000 1.00000000e+000 1.00000000e+000
  1.00000000e+000 1.00000000e+000 1.00000000e+000 1.00000000e+000
  0.00000000e+000]]
