[[1.00000000e+000 5.11330468e-041 3.15113615e-052 1.42375218e-027
  4.26524013e-022 4.88305293e-087 2.33663740e-020 7.95431422e-040
  3.22131511e-033 7.49484895e-048 2.41774281e-056 2.09904193e-030
  2.53340427e-019 2.88139573e-054 6.67292059e-040 2.52289568e-022
  1.52035852e-043 1.16148648e-071 6.88695719e-041 2.85463522e-047
  1.00000000e+000]
 [5.11330468e-041 1.00000000e+000 8.80203930e-012 2.17714710e-081
  4.30480764e-076 7.59708814e-037 7.68460046e-055 2.93879745e-034
  2.28724359e-040 1.36554320e-046 9.61059375e-031 1.24947715e-042
  9.14554302e-051 1.75698252e-034 8.57400041e-047 3.54295537e-040
  2.30347444e-052 2.33041358e-055 1.18506690e-083 4.00562984e-052
  1.00000000e+000]
 [3.15113615e-052 8.80203930e-012 1.00000000e+000 6.88384581e-070
  7.16247604e-092 8.73397974e-029 1.63313725e-038 3.71933915e-046
  1.85328355e-035 7.84631407e-033 7.55152766e-024 2.08211439e-036
  7.69215647e-065 2.73208803e-015 9.47715584e-047 5.39195254e-046
  1.74067753e-027 2.67543695e-025 6.89505273e-062 9.27918869e-052
  1.00000000e+000]
 [1.42375218e-027 2.17714710e-081 6.88384581e-070 1.00000000e+000
  3.59862326e-038 2.77460139e-121 1.47186107e-011 9.21885197e-050
  4.59542582e-033 6.02606121e-044 1.90085544e-058 1.95504545e-070
  1.46192662e-044 5.66321913e-060 3.21449320e-070 7.36286449e-044
  2.07621848e-047 6.78225042e-067 3.19029582e-023 1.51412201e-059
  1.00000000e+000]
 [4.26524013e-022 4.30480764e-076 7.16247604e-092 3.59862326e-038
  1.00000000e+000 7.40057862e-101 2.82570159e-042 4.48847905e-036
  1.53338979e-066 4.88616808e-068 1.13903701e-063 1.12018397e-054
  1.18765104e-028 2.63622654e-068 8.31791229e-059 1.06366072e-019
  6.84603388e-065 6.61224645e-105 1.74157289e-045 4.12662533e-038
  1.00000000e+000]
 [4.88305293e-087 7.59708814e-037 8.73397974e-029 2.77460139e-121
  7.40057862e-101 1.00000000e+000 7.88312883e-081 2.03077323e-050
  4.96288745e-067 4.51243993e-055 1.13589857e-025 1.06077069e-041
  1.90728591e-075 2.64133668e-021 1.52049157e-042 5.02232665e-047
  5.69622282e-044 9.35296400e-039 8.09773988e-071 1.61130208e-040
  1.00000000e+000]
 [2.33663740e-020 7.68460046e-055 1.63313725e-038 1.47186107e-011
  2.82570159e-042 7.88312883e-081 1.00000000e+000 6.92710862e-053
  3.88593575e-026 7.95627612e-038 4.61776292e-048 1.79711321e-031
  3.36029021e-047 5.73006982e-033 9.30024863e-055 3.93529513e-028
  3.02058149e-015 1.06221548e-042 3.53810449e-017 4.05392420e-053
  1.00000000e+000]
 [7.95431422e-040 2.93879745e-034 3.71933915e-046 9.21885197e-050
  4.48847905e-036 2.03077323e-050 6.92710862e-053 1.00000000e+000
  3.14921987e-035 3.91245487e-031 7.52426562e-013 4.84497651e-069
  5.39595523e-021 6.90456240e-040 1.19789274e-034 3.01936181e-028
  4.28588427e-067 3.24164879e-059 6.77035754e-049 1.37980709e-017
  1.00000000e+000]
 [3.22131511e-033 2.28724359e-040 1.85328355e-035 4.59542582e-033
  1.53338979e-066 4.96288745e-067 3.88593575e-026 3.14921987e-035
  1.00000000e+000 1.74384358e-048 3.33722313e-038 1.12687919e-055
  2.34896480e-046 3.08808646e-050 6.16941668e-058 4.67443799e-032
  7.64216811e-043 1.92339744e-051 4.60405859e-030 3.81293433e-063
  1.00000000e+000]
 [7.49484895e-048 1.36554320e-046 7.84631407e-033 6.02606121e-044
  4.88616808e-068 4.51243993e-055 7.95627612e-038 3.91245487e-031
  1.74384358e-048 1.00000000e+000 2.42599161e-014 2.75335229e-058
  4.76644963e-028 1.11122940e-018 6.07409453e-017 1.84963417e-059
  1.15204982e-044 8.39475387e-014 5.38506577e-041 2.17436703e-017
  1.00000000e+000]
 [2.41774281e-056 9.61059375e-031 7.55152766e-024 1.90085544e-058
  1.13903701e-063 1.13589857e-025 4.61776292e-048 7.52426562e-013
  3.33722313e-038 2.42599161e-014 1.00000000e+000 1.52279410e-057
  5.56861962e-036 4.47510135e-014 5.53345719e-026 3.28244850e-039
  1.77470205e-044 3.39251695e-023 9.37022355e-043 6.45347275e-014
  1.00000000e+000]
 [2.09904193e-030 1.24947715e-042 2.08211439e-036 1.95504545e-070
  1.12018397e-054 1.06077069e-041 1.79711321e-031 4.84497651e-069
  1.12687919e-055 2.75335229e-058 1.52279410e-057 1.00000000e+000
  5.95419050e-054 4.80763943e-029 1.41651444e-039 1.29879766e-024
  2.52163090e-014 1.93703705e-049 5.78904823e-044 2.86715780e-051
  1.00000000e+000]
 [2.53340427e-019 9.14554302e-051 7.69215647e-065 1.46192662e-044
  1.18765104e-028 1.90728591e-075 3.36029021e-047 5.39595523e-021
  2.34896480e-046 4.76644963e-028 5.56861962e-036 5.95419050e-054
  1.00000000e+000 9.38197777e-053 1.48982558e-014 5.55876005e-038
  1.67283410e-068 4.14746915e-060 1.02956841e-045 2.17704220e-019
  1.00000000e+000]
 [2.88139573e-054 1.75698252e-034 2.73208803e-015 5.66321913e-060
  2.63622654e-068 2.64133668e-021 5.73006982e-033 6.90456240e-040
  3.08808646e-050 1.11122940e-018 4.47510135e-014 4.80763943e-029
  9.38197777e-053 1.00000000e+000 1.26293222e-029 1.86597961e-037
  9.02542192e-016 9.70531250e-013 2.39887539e-037 6.46085873e-023
  1.00000000e+000]
 [6.67292059e-040 8.57400041e-047 9.47715584e-047 3.21449320e-070
  8.31791229e-059 1.52049157e-042 9.30024863e-055 1.19789274e-034
  6.16941668e-058 6.07409453e-017 5.53345719e-026 1.41651444e-039
  1.48982558e-014 1.26293222e-029 1.00000000e+000 1.37443385e-049
  8.61793031e-052 9.34279105e-029 8.47682944e-048 1.40107456e-013
  1.00000000e+000]
 [2.52289568e-022 3.54295537e-040 5.39195254e-046 7.36286449e-044
  1.06366072e-019 5.02232665e-047 3.93529513e-028 3.01936181e-028
  4.67443799e-032 1.84963417e-059 3.28244850e-039 1.29879766e-024
  5.55876005e-038 1.86597961e-037 1.37443385e-049 1.00000000e+000
  2.08958011e-029 1.50413568e-069 2.79476225e-029 4.81745326e-037
  1.00000000e+000]
 [1.52035852e-043 2.30347444e-052 1.74067753e-027 2.07621848e-047
  6.84603388e-065 5.69622282e-044 3.02058149e-015 4.28588427e-067
  7.64216811e-043 1.15204982e-044 1.77470205e-044 2.52163090e-014
  1.67283410e-068 9.02542192e-016 8.61793031e-052 2.08958011e-029
  1.00000000e+000 5.90877781e-029 9.77086638e-024 9.65656388e-052
  1.00000000e+000]
 [1.16148648e-071 2.33041358e-055 2.67543695e-025 6.78225042e-067
  6.61224645e-105 9.35296400e-039 1.06221548e-042 3.24164879e-059
  1.92339744e-051 8.39475387e-014 3.39251695e-023 1.93703705e-049
  4.14746915e-060 9.70531250e-013 9.34279105e-029 1.50413568e-069
  5.90877781e-029 1.00000000e+000 3.30125833e-040 2.03143271e-037
  1.00000000e+000]
 [6.88695719e-041 1.18506690e-083 6.89505273e-062 3.19029582e-023
  1.74157289e-045 8.09773988e-071 3.53810449e-017 6.77035754e-049
  4.60405859e-030 5.38506577e-041 9.37022355e-043 5.78904823e-044
  1.02956841e-045 2.39887539e-037 8.47682944e-048 2.79476225e-029
  9.77086638e-024 3.30125833e-040 1.00000000e+000 3.46572326e-041
  1.00000000e+000]
 [2.85463522e-047 4.00562984e-052 9.27918869e-052 1.51412201e-059
  4.12662533e-038 1.61130208e-040 4.05392420e-053 1.37980709e-017
  3.81293433e-063 2.17436703e-017 6.45347275e-014 2.86715780e-051
  2.17704220e-019 6.46085873e-023 1.40107456e-013 4.81745326e-037
  9.65656388e-052 2.03143271e-037 3.46572326e-041 1.00000000e+000
  1.00000000e+000]
 [1.00000000e+000 1.00000000e+000 1.00000000e+000 1.00000000e+000
  1.00000000e+000 1.00000000e+000 1.00000000e+000 1.00000000e+000
  1.00000000e+000 1.00000000e+000 1.00000000e+000 1.00000000e+000
  1.00000000e+000 1.00000000e+000 1.00000000e+000 1.00000000e+000
  1.00000000e+000 1.00000000e+000 1.00000000e+000 1.00000000e+000
  0.00000000e+000]]
