[[1.00000000e+00 1.90150169e-18 7.90565673e-50 ... 1.43363357e-24
  7.75183894e-49 1.00000000e+00]
 [1.90150169e-18 1.00000000e+00 5.60652647e-51 ... 4.23080685e-43
  3.68095683e-55 1.00000000e+00]
 [7.90565673e-50 5.60652647e-51 1.00000000e+00 ... 4.68510097e-60
  9.35758742e-53 1.00000000e+00]
 ...
 [1.43363357e-24 4.23080685e-43 4.68510097e-60 ... 1.00000000e+00
  7.49088309e-30 1.00000000e+00]
 [7.75183894e-49 3.68095683e-55 9.35758742e-53 ... 7.49088309e-30
  1.00000000e+00 1.00000000e+00]
 [1.00000000e+00 1.00000000e+00 1.00000000e+00 ... 1.00000000e+00
  1.00000000e+00 0.00000000e+00]]
