[[1.00000000e+00 2.64462195e-30 5.40865375e-41 3.85394056e-37
  3.92132184e-32 8.40873198e-39 2.40257515e-31 5.22479277e-58
  3.14434587e-39 6.66984333e-36 8.99066439e-41 1.18127344e-61
  7.58551623e-44 4.33824074e-62 9.82612125e-53 2.33693239e-05
  7.51217142e-70 3.50096964e-37 3.07668098e-57 5.84964026e-21
  1.00000000e+00]
 [2.64462195e-30 1.00000000e+00 7.79180426e-34 3.42676476e-31
  5.10978118e-18 4.69353871e-20 1.65267345e-22 1.10300167e-39
  1.17508963e-41 3.35000549e-47 8.53213826e-75 1.97817031e-15
  1.57272362e-54 1.14071380e-39 8.36909123e-16 1.19924335e-39
  3.12424783e-50 4.81209188e-24 2.98107948e-61 2.28599204e-36
  1.00000000e+00]
 [5.40865375e-41 7.79180426e-34 1.00000000e+00 5.66570365e-21
  1.31780507e-29 8.74199211e-54 3.84171555e-29 2.32788302e-19
  1.30286447e-32 1.10173941e-52 2.34296896e-42 5.16466522e-67
  8.05095545e-30 1.36475149e-09 4.39750012e-26 1.49434070e-41
  1.25961464e-30 8.66402976e-37 6.26392444e-54 9.07110068e-09
  1.00000000e+00]
 [3.85394056e-37 3.42676476e-31 5.66570365e-21 1.00000000e+00
  5.49651756e-14 1.33423282e-34 7.50185999e-09 2.43512907e-38
  1.27578559e-20 1.83658512e-25 9.15190080e-20 3.13296358e-41
  3.55125437e-32 1.19676261e-11 2.42822127e-12 4.71028729e-47
  7.01044708e-30 2.93731356e-48 4.27308888e-31 5.43824257e-28
  1.00000000e+00]
 [3.92132184e-32 5.10978118e-18 1.31780507e-29 5.49651756e-14
  1.00000000e+00 4.12333032e-39 1.29396926e-23 4.85083320e-47
  1.16494528e-45 9.27685914e-26 2.42644434e-34 5.53917828e-21
  1.34305218e-64 2.53573504e-25 3.36781240e-20 6.81411579e-51
  7.09812031e-40 1.04803281e-59 2.13880998e-47 3.09122694e-39
  1.00000000e+00]
 [8.40873198e-39 4.69353871e-20 8.74199211e-54 1.33423282e-34
  4.12333032e-39 1.00000000e+00 1.03584865e-13 4.76837852e-46
  5.31460587e-36 9.18977657e-28 1.80965777e-81 2.01163084e-23
  1.96963684e-31 8.26034906e-51 4.72536881e-20 5.35643692e-41
  1.19157041e-34 3.68672940e-20 1.06342279e-30 9.64058240e-47
  1.00000000e+00]
 [2.40257515e-31 1.65267345e-22 3.84171555e-29 7.50185999e-09
  1.29396926e-23 1.03584865e-13 1.00000000e+00 1.70316208e-28
  9.02226974e-10 2.58203167e-23 7.64226985e-37 1.81305022e-33
  3.75354756e-21 2.64435749e-24 1.20610136e-09 2.54117869e-37
  5.19659267e-28 1.50342189e-28 9.09108710e-20 8.46556807e-27
  1.00000000e+00]
 [5.22479277e-58 1.10300167e-39 2.32788302e-19 2.43512907e-38
  4.85083320e-47 4.76837852e-46 1.70316208e-28 1.00000000e+00
  1.54626588e-24 9.66636022e-55 4.25425446e-65 5.42803292e-65
  1.16585669e-36 2.75253387e-28 9.64515895e-31 4.95223539e-61
  3.36310002e-25 5.56047262e-43 5.12010738e-34 2.32162719e-22
  1.00000000e+00]
 [3.14434587e-39 1.17508963e-41 1.30286447e-32 1.27578559e-20
  1.16494528e-45 5.31460587e-36 9.02226974e-10 1.54626588e-24
  1.00000000e+00 1.28861558e-47 1.20291243e-36 1.27352573e-68
  1.22355757e-23 2.10022276e-36 9.95033524e-27 1.77072087e-42
  7.01708437e-48 1.43255083e-38 5.16343217e-30 4.57087479e-24
  1.00000000e+00]
 [6.66984333e-36 3.35000549e-47 1.10173941e-52 1.83658512e-25
  9.27685914e-26 9.18977657e-28 2.58203167e-23 9.66636022e-55
  1.28861558e-47 1.00000000e+00 1.69998959e-37 2.66340014e-40
  1.99485464e-45 3.65121421e-45 2.06321096e-39 9.32556095e-48
  1.98998107e-24 1.80577901e-65 1.09792339e-13 1.01139909e-47
  1.00000000e+00]
 [8.99066439e-41 8.53213826e-75 2.34296896e-42 9.15190080e-20
  2.42644434e-34 1.80965777e-81 7.64226985e-37 4.25425446e-65
  1.20291243e-36 1.69998959e-37 1.00000000e+00 1.79734415e-93
  3.58560416e-59 1.11603558e-41 1.51608643e-58 3.01995987e-55
  4.34665277e-64 3.69806400e-97 1.31502479e-46 5.69947273e-39
  1.00000000e+00]
 [1.18127344e-61 1.97817031e-15 5.16466522e-67 3.13296358e-41
  5.53917828e-21 2.01163084e-23 1.81305022e-33 5.42803292e-65
  1.27352573e-68 2.66340014e-40 1.79734415e-93 1.00000000e+00
  8.05781489e-86 1.93862186e-54 1.77008284e-21 9.46908545e-81
  1.25964260e-49 1.36207659e-58 2.66172321e-58 2.62189056e-78
  1.00000000e+00]
 [7.58551623e-44 1.57272362e-54 8.05095545e-30 3.55125437e-32
  1.34305218e-64 1.96963684e-31 3.75354756e-21 1.16585669e-36
  1.22355757e-23 1.99485464e-45 3.58560416e-59 8.05781489e-86
  1.00000000e+00 1.82445261e-35 9.64707040e-37 1.12151257e-31
  1.50330155e-33 7.06029294e-21 6.84313084e-35 2.08065593e-19
  1.00000000e+00]
 [4.33824074e-62 1.14071380e-39 1.36475149e-09 1.19676261e-11
  2.53573504e-25 8.26034906e-51 2.64435749e-24 2.75253387e-28
  2.10022276e-36 3.65121421e-45 1.11603558e-41 1.93862186e-54
  1.82445261e-35 1.00000000e+00 6.42280415e-15 3.13250075e-67
  3.94979020e-20 3.80462409e-51 6.39386777e-45 4.61971889e-28
  1.00000000e+00]
 [9.82612125e-53 8.36909123e-16 4.39750012e-26 2.42822127e-12
  3.36781240e-20 4.72536881e-20 1.20610136e-09 9.64515895e-31
  9.95033524e-27 2.06321096e-39 1.51608643e-58 1.77008284e-21
  9.64707040e-37 6.42280415e-15 1.00000000e+00 1.29362311e-60
  1.38256448e-26 8.19918802e-32 6.17310480e-39 1.42781048e-38
  1.00000000e+00]
 [2.33693239e-05 1.19924335e-39 1.49434070e-41 4.71028729e-47
  6.81411579e-51 5.35643692e-41 2.54117869e-37 4.95223539e-61
  1.77072087e-42 9.32556095e-48 3.01995987e-55 9.46908545e-81
  1.12151257e-31 3.13250075e-67 1.29362311e-60 1.00000000e+00
  2.38745589e-73 1.88524544e-26 4.53478827e-65 1.95208977e-17
  1.00000000e+00]
 [7.51217142e-70 3.12424783e-50 1.25961464e-30 7.01044708e-30
  7.09812031e-40 1.19157041e-34 5.19659267e-28 3.36310002e-25
  7.01708437e-48 1.98998107e-24 4.34665277e-64 1.25964260e-49
  1.50330155e-33 3.94979020e-20 1.38256448e-26 2.38745589e-73
  1.00000000e+00 1.80705185e-54 8.68506375e-18 2.06872846e-41
  1.00000000e+00]
 [3.50096964e-37 4.81209188e-24 8.66402976e-37 2.93731356e-48
  1.04803281e-59 3.68672940e-20 1.50342189e-28 5.56047262e-43
  1.43255083e-38 1.80577901e-65 3.69806400e-97 1.36207659e-58
  7.06029294e-21 3.80462409e-51 8.19918802e-32 1.88524544e-26
  1.80705185e-54 1.00000000e+00 4.52072585e-66 7.82748702e-27
  1.00000000e+00]
 [3.07668098e-57 2.98107948e-61 6.26392444e-54 4.27308888e-31
  2.13880998e-47 1.06342279e-30 9.09108710e-20 5.12010738e-34
  5.16343217e-30 1.09792339e-13 1.31502479e-46 2.66172321e-58
  6.84313084e-35 6.39386777e-45 6.17310480e-39 4.53478827e-65
  8.68506375e-18 4.52072585e-66 1.00000000e+00 2.07531262e-48
  1.00000000e+00]
 [5.84964026e-21 2.28599204e-36 9.07110068e-09 5.43824257e-28
  3.09122694e-39 9.64058240e-47 8.46556807e-27 2.32162719e-22
  4.57087479e-24 1.01139909e-47 5.69947273e-39 2.62189056e-78
  2.08065593e-19 4.61971889e-28 1.42781048e-38 1.95208977e-17
  2.06872846e-41 7.82748702e-27 2.07531262e-48 1.00000000e+00
  1.00000000e+00]
 [1.00000000e+00 1.00000000e+00 1.00000000e+00 1.00000000e+00
  1.00000000e+00 1.00000000e+00 1.00000000e+00 1.00000000e+00
  1.00000000e+00 1.00000000e+00 1.00000000e+00 1.00000000e+00
  1.00000000e+00 1.00000000e+00 1.00000000e+00 1.00000000e+00
  1.00000000e+00 1.00000000e+00 1.00000000e+00 1.00000000e+00
  0.00000000e+00]]
