[[1.00000000e+00 2.91430900e-65 1.69854051e-27 ... 1.40450112e-93
  8.39708827e-75 1.00000000e+00]
 [2.91430900e-65 1.00000000e+00 6.60403823e-52 ... 2.12853370e-17
  4.89465953e-40 1.00000000e+00]
 [1.69854051e-27 6.60403823e-52 1.00000000e+00 ... 1.92797615e-75
  8.09465099e-30 1.00000000e+00]
 ...
 [1.40450112e-93 2.12853370e-17 1.92797615e-75 ... 1.00000000e+00
  6.93430589e-29 1.00000000e+00]
 [8.39708827e-75 4.89465953e-40 8.09465099e-30 ... 6.93430589e-29
  1.00000000e+00 1.00000000e+00]
 [1.00000000e+00 1.00000000e+00 1.00000000e+00 ... 1.00000000e+00
  1.00000000e+00 0.00000000e+00]]
