[[1.00000000e+00 2.44150608e-27 7.52489025e-47 6.06306498e-32
  9.23436545e-54 3.12989466e-56 1.84658790e-32 2.93560284e-65
  3.36837609e-33 2.18161436e-50 6.08944796e-29 3.96919087e-39
  1.26573081e-33 3.81249046e-47 8.23105417e-57 8.19950496e-61
  6.48834528e-21 3.61145713e-24 2.34863013e-25 8.82191589e-31
  1.00000000e+00]
 [2.44150608e-27 1.00000000e+00 5.08571968e-55 9.33050853e-19
  1.16082203e-65 2.96865114e-30 7.30444626e-11 2.37199316e-41
  2.26753911e-21 2.15374343e-41 3.03137213e-25 7.37999883e-45
  1.02585983e-75 3.40922500e-68 4.76656126e-49 2.88939433e-59
  7.97215262e-50 9.27347373e-57 6.01689154e-26 2.02216773e-21
  1.00000000e+00]
 [7.52489025e-47 5.08571968e-55 1.00000000e+00 7.03688862e-48
  7.33644934e-54 8.45445834e-54 1.00114363e-33 1.12912387e-42
  5.01655626e-16 4.19014597e-38 5.27571173e-45 4.59304434e-25
  3.87536407e-65 8.00540567e-65 5.18447170e-67 2.48381458e-68
  8.00142530e-41 1.86398649e-35 2.77240560e-81 4.58951359e-27
  1.00000000e+00]
 [6.06306498e-32 9.33050853e-19 7.03688862e-48 1.00000000e+00
  7.59167602e-55 1.67512461e-22 5.49302876e-23 4.70554518e-19
  3.23316587e-15 1.94838285e-24 1.58317684e-38 1.12556232e-20
  1.55903203e-59 9.64277520e-38 3.38483963e-42 1.58343384e-64
  1.12679100e-60 2.97268926e-54 2.67376758e-20 2.25651291e-23
  1.00000000e+00]
 [9.23436545e-54 1.16082203e-65 7.33644934e-54 7.59167602e-55
  1.00000000e+00 8.59217293e-23 3.02386760e-40 3.46120145e-44
  3.38552161e-41 8.87976892e-41 5.57046115e-35 1.27066942e-76
  1.25942895e-15 9.90974758e-63 1.53693018e-61 2.81031580e-32
  2.13896549e-41 9.52083486e-22 4.98161255e-36 5.43930855e-32
  1.00000000e+00]
 [3.12989466e-56 2.96865114e-30 8.45445834e-54 1.67512461e-22
  8.59217293e-23 1.00000000e+00 1.26045244e-22 7.51425598e-11
  2.69005552e-18 8.16379263e-34 7.23480430e-33 3.88898112e-60
  1.20019825e-48 3.40386141e-57 2.27284334e-50 2.12976519e-43
  3.83469078e-66 6.71701384e-46 2.19259515e-26 1.84949918e-19
  1.00000000e+00]
 [1.84658790e-32 7.30444626e-11 1.00114363e-33 5.49302876e-23
  3.02386760e-40 1.26045244e-22 1.00000000e+00 2.62448422e-37
  2.54097965e-16 2.28441732e-23 9.82939967e-23 2.83499535e-34
  3.44554596e-62 8.22493217e-75 1.49100923e-49 1.88255432e-47
  2.77546916e-38 3.28664534e-38 1.24061433e-28 8.02825867e-18
  1.00000000e+00]
 [2.93560284e-65 2.37199316e-41 1.12912387e-42 4.70554518e-19
  3.46120145e-44 7.51425598e-11 2.62448422e-37 1.00000000e+00
  9.53783306e-12 2.60524656e-40 2.78631678e-50 2.73970063e-46
  7.90433392e-66 5.68336111e-48 4.40407677e-58 7.25039029e-67
  3.21745992e-84 1.90711009e-58 9.30874026e-48 2.07273383e-24
  1.00000000e+00]
 [3.36837609e-33 2.26753911e-21 5.01655626e-16 3.23316587e-15
  3.38552161e-41 2.69005552e-18 2.54097965e-16 9.53783306e-12
  1.00000000e+00 2.22895837e-29 1.21354838e-29 2.64171656e-24
  1.00797648e-54 1.44460992e-45 2.89520475e-48 2.63906480e-55
  5.32155486e-47 2.05438997e-34 5.69467971e-41 2.18665214e-11
  1.00000000e+00]
 [2.18161436e-50 2.15374343e-41 4.19014597e-38 1.94838285e-24
  8.87976892e-41 8.16379263e-34 2.28441732e-23 2.60524656e-40
  2.22895837e-29 1.00000000e+00 7.73209264e-26 9.03321080e-24
  2.70294368e-54 3.62356132e-41 7.13451927e-21 3.45437557e-31
  6.32074692e-38 2.94261523e-60 1.39183568e-40 1.26550123e-19
  1.00000000e+00]
 [6.08944796e-29 3.03137213e-25 5.27571173e-45 1.58317684e-38
  5.57046115e-35 7.23480430e-33 9.82939967e-23 2.78631678e-50
  1.21354838e-29 7.73209264e-26 1.00000000e+00 1.60303109e-56
  1.14151439e-36 4.21329162e-37 1.85024750e-15 4.56116878e-10
  4.19760885e-14 1.53439499e-45 6.74840336e-35 1.63987737e-06
  1.00000000e+00]
 [3.96919087e-39 7.37999883e-45 4.59304434e-25 1.12556232e-20
  1.27066942e-76 3.88898112e-60 2.83499535e-34 2.73970063e-46
  2.64171656e-24 9.03321080e-24 1.60303109e-56 1.00000000e+00
  2.88936406e-77 6.57796676e-53 3.55977746e-58 3.93597666e-86
  3.30788776e-55 1.35386799e-57 3.57182879e-57 1.33062804e-38
  1.00000000e+00]
 [1.26573081e-33 1.02585983e-75 3.87536407e-65 1.55903203e-59
  1.25942895e-15 1.20019825e-48 3.44554596e-62 7.90433392e-66
  1.00797648e-54 2.70294368e-54 1.14151439e-36 2.88936406e-77
  1.00000000e+00 9.58465036e-40 3.66403893e-58 9.86448906e-38
  1.77806299e-28 1.17457328e-20 5.30907837e-35 1.50247695e-39
  1.00000000e+00]
 [3.81249046e-47 3.40922500e-68 8.00540567e-65 9.64277520e-38
  9.90974758e-63 3.40386141e-57 8.22493217e-75 5.68336111e-48
  1.44460992e-45 3.62356132e-41 4.21329162e-37 6.57796676e-53
  9.58465036e-40 1.00000000e+00 1.49241509e-21 3.29755525e-42
  1.72571940e-48 4.53977604e-74 5.28871175e-55 3.77956432e-29
  1.00000000e+00]
 [8.23105417e-57 4.76656126e-49 5.18447170e-67 3.38483963e-42
  1.53693018e-61 2.27284334e-50 1.49100923e-49 4.40407677e-58
  2.89520475e-48 7.13451927e-21 1.85024750e-15 3.55977746e-58
  3.66403893e-58 1.49241509e-21 1.00000000e+00 5.49341068e-15
  1.82876929e-36 1.72142589e-89 5.76734654e-54 4.75767737e-18
  1.00000000e+00]
 [8.19950496e-61 2.88939433e-59 2.48381458e-68 1.58343384e-64
  2.81031580e-32 2.12976519e-43 1.88255432e-47 7.25039029e-67
  2.63906480e-55 3.45437557e-31 4.56116878e-10 3.93597666e-86
  9.86448906e-38 3.29755525e-42 5.49341068e-15 1.00000000e+00
  9.64619908e-26 1.76588537e-66 1.02647648e-53 2.09278024e-19
  1.00000000e+00]
 [6.48834528e-21 7.97215262e-50 8.00142530e-41 1.12679100e-60
  2.13896549e-41 3.83469078e-66 2.77546916e-38 3.21745992e-84
  5.32155486e-47 6.32074692e-38 4.19760885e-14 3.30788776e-55
  1.77806299e-28 1.72571940e-48 1.82876929e-36 9.64619908e-26
  1.00000000e+00 3.94141530e-32 5.07323956e-50 9.66384049e-25
  1.00000000e+00]
 [3.61145713e-24 9.27347373e-57 1.86398649e-35 2.97268926e-54
  9.52083486e-22 6.71701384e-46 3.28664534e-38 1.90711009e-58
  2.05438997e-34 2.94261523e-60 1.53439499e-45 1.35386799e-57
  1.17457328e-20 4.53977604e-74 1.72142589e-89 1.76588537e-66
  3.94141530e-32 1.00000000e+00 1.31435909e-40 1.14872887e-40
  1.00000000e+00]
 [2.34863013e-25 6.01689154e-26 2.77240560e-81 2.67376758e-20
  4.98161255e-36 2.19259515e-26 1.24061433e-28 9.30874026e-48
  5.69467971e-41 1.39183568e-40 6.74840336e-35 3.57182879e-57
  5.30907837e-35 5.28871175e-55 5.76734654e-54 1.02647648e-53
  5.07323956e-50 1.31435909e-40 1.00000000e+00 7.16832943e-36
  1.00000000e+00]
 [8.82191589e-31 2.02216773e-21 4.58951359e-27 2.25651291e-23
  5.43930855e-32 1.84949918e-19 8.02825867e-18 2.07273383e-24
  2.18665214e-11 1.26550123e-19 1.63987737e-06 1.33062804e-38
  1.50247695e-39 3.77956432e-29 4.75767737e-18 2.09278024e-19
  9.66384049e-25 1.14872887e-40 7.16832943e-36 1.00000000e+00
  1.00000000e+00]
 [1.00000000e+00 1.00000000e+00 1.00000000e+00 1.00000000e+00
  1.00000000e+00 1.00000000e+00 1.00000000e+00 1.00000000e+00
  1.00000000e+00 1.00000000e+00 1.00000000e+00 1.00000000e+00
  1.00000000e+00 1.00000000e+00 1.00000000e+00 1.00000000e+00
  1.00000000e+00 1.00000000e+00 1.00000000e+00 1.00000000e+00
  0.00000000e+00]]
