[[1.00000000e+00 6.39651313e-17 1.71782429e-38 ... 8.08375322e-18
  3.66532325e-18 1.00000000e+00]
 [6.39651313e-17 1.00000000e+00 3.74286467e-75 ... 1.15759975e-29
  1.55320571e-13 1.00000000e+00]
 [1.71782429e-38 3.74286467e-75 1.00000000e+00 ... 3.41663439e-78
  4.45824444e-89 1.00000000e+00]
 ...
 [8.08375322e-18 1.15759975e-29 3.41663439e-78 ... 1.00000000e+00
  4.01588783e-44 1.00000000e+00]
 [3.66532325e-18 1.55320571e-13 4.45824444e-89 ... 4.01588783e-44
  1.00000000e+00 1.00000000e+00]
 [1.00000000e+00 1.00000000e+00 1.00000000e+00 ... 1.00000000e+00
  1.00000000e+00 0.00000000e+00]]
