[[1.00000000e+000 7.14230786e-054 1.10914688e-020 9.75505599e-021
  6.07445498e-038 4.71872087e-036 3.89423155e-010 3.78568593e-020
  5.37853745e-026 2.61587986e-019 2.98334347e-031 8.43095787e-056
  4.69125832e-032 4.07275135e-023 2.08082370e-027 2.65387316e-044
  7.81654623e-043 8.82747390e-076 2.18738859e-061 1.08292132e-058
  1.00000000e+000]
 [7.14230786e-054 1.00000000e+000 1.14187924e-035 7.20136298e-080
  3.37017521e-060 1.38342818e-024 1.43543964e-039 3.21213462e-076
  6.11044817e-018 4.31134884e-033 3.74059140e-078 2.46674737e-053
  2.17050547e-020 1.16464964e-081 2.83904672e-050 4.19912990e-044
  1.68941416e-054 1.26724033e-049 4.96336236e-073 4.52897028e-066
  1.00000000e+000]
 [1.10914688e-020 1.14187924e-035 1.00000000e+000 7.36688730e-022
  3.87005287e-016 1.05796695e-013 5.45732701e-014 2.99639664e-037
  3.28336981e-017 1.46285318e-045 1.73183772e-038 2.22167542e-035
  1.89639652e-025 1.09767130e-020 2.85668160e-029 2.53149566e-042
  9.16189820e-023 1.84413285e-060 1.04547732e-038 4.89408298e-025
  1.00000000e+000]
 [9.75505599e-021 7.20136298e-080 7.36688730e-022 1.00000000e+000
  1.99316516e-040 1.57694320e-052 7.10707861e-027 3.97745083e-045
  1.09650424e-052 2.83897967e-059 7.11133208e-062 5.78032842e-052
  1.03804901e-070 5.84441871e-034 4.33544220e-034 3.57325908e-081
  2.50655307e-038 1.34213746e-069 6.63912751e-060 2.26207759e-065
  1.00000000e+000]
 [6.07445498e-038 3.37017521e-060 3.87005287e-016 1.99316516e-040
  1.00000000e+000 3.42699922e-018 2.03049301e-018 7.77642280e-047
  5.56979987e-020 3.86555652e-058 1.05981300e-032 4.75466640e-054
  3.77186953e-039 3.31304070e-009 9.69828124e-028 1.30862210e-024
  2.91215200e-068 8.08436915e-081 1.05324528e-056 2.44981040e-023
  1.00000000e+000]
 [4.71872087e-036 1.38342818e-024 1.05796695e-013 1.57694320e-052
  3.42699922e-018 1.00000000e+000 3.87051931e-017 1.04133422e-050
  1.44429083e-006 4.66673946e-039 9.88561149e-042 4.07803798e-028
  6.07106644e-021 2.15916247e-031 6.61237463e-046 8.69559549e-017
  3.43616856e-049 1.42047212e-064 8.71119131e-028 3.31102125e-019
  1.00000000e+000]
 [3.89423155e-010 1.43543964e-039 5.45732701e-014 7.10707861e-027
  2.03049301e-018 3.87051931e-017 1.00000000e+000 7.95709295e-014
  1.66773568e-013 3.43816782e-017 3.56062553e-015 5.92723927e-031
  4.65552910e-018 3.76375164e-015 3.79296845e-017 3.90590692e-023
  1.10212039e-040 3.47717039e-047 1.26075810e-041 2.36973290e-028
  1.00000000e+000]
 [3.78568593e-020 3.21213462e-076 2.99639664e-037 3.97745083e-045
  7.77642280e-047 1.04133422e-050 7.95709295e-014 1.00000000e+000
  4.03599487e-046 1.10299243e-031 3.95920670e-007 4.69870091e-049
  4.04316970e-029 3.79534032e-028 1.65839759e-031 3.26467768e-056
  5.21315221e-045 5.04541019e-059 1.21682207e-064 4.67054984e-042
  1.00000000e+000]
 [5.37853745e-026 6.11044817e-018 3.28336981e-017 1.09650424e-052
  5.56979987e-020 1.44429083e-006 1.66773568e-013 4.03599487e-046
  1.00000000e+000 7.54549308e-022 5.72832150e-039 1.84820164e-046
  3.47965306e-014 7.07647580e-030 5.46601946e-031 2.28465236e-010
  3.21887570e-059 1.05371082e-066 1.90763058e-052 5.23559844e-037
  1.00000000e+000]
 [2.61587986e-019 4.31134884e-033 1.46285318e-045 2.83897967e-059
  3.86555652e-058 4.66673946e-039 3.43816782e-017 1.10299243e-031
  7.54549308e-022 1.00000000e+000 1.28502173e-039 9.35398075e-059
  4.47952379e-023 3.30269645e-053 1.33325936e-031 9.51025760e-031
  1.02932424e-070 2.36341761e-057 2.72194689e-078 2.64753600e-075
  1.00000000e+000]
 [2.98334347e-031 3.74059140e-078 1.73183772e-038 7.11133208e-062
  1.05981300e-032 9.88561149e-042 3.56062553e-015 3.95920670e-007
  5.72832150e-039 1.28502173e-039 1.00000000e+000 8.75886678e-055
  1.99165251e-025 2.11633785e-019 1.83247257e-034 7.82744315e-039
  7.32167439e-063 2.03410147e-072 5.51241431e-066 9.94470030e-029
  1.00000000e+000]
 [8.43095787e-056 2.46674737e-053 2.22167542e-035 5.78032842e-052
  4.75466640e-054 4.07803798e-028 5.92723927e-031 4.69870091e-049
  1.84820164e-046 9.35398075e-059 8.75886678e-055 1.00000000e+000
  1.01471604e-049 4.28991364e-064 6.28479799e-068 4.66227072e-062
  1.42097719e-035 1.16124485e-032 3.64405075e-010 1.69476391e-025
  1.00000000e+000]
 [4.69125832e-032 2.17050547e-020 1.89639652e-025 1.03804901e-070
  3.77186953e-039 6.07106644e-021 4.65552910e-018 4.04316970e-029
  3.47965306e-014 4.47952379e-023 1.99165251e-025 1.01471604e-049
  1.00000000e+000 2.25977506e-042 1.22596784e-033 7.28135545e-030
  1.00684427e-043 9.07215580e-055 4.02530543e-065 5.03437050e-036
  1.00000000e+000]
 [4.07275135e-023 1.16464964e-081 1.09767130e-020 5.84441871e-034
  3.31304070e-009 2.15916247e-031 3.76375164e-015 3.79534032e-028
  7.07647580e-030 3.30269645e-053 2.11633785e-019 4.28991364e-064
  2.25977506e-042 1.00000000e+000 1.75489673e-030 1.87531144e-033
  7.90625235e-067 2.99688108e-098 2.98697184e-062 5.06569096e-031
  1.00000000e+000]
 [2.08082370e-027 2.83904672e-050 2.85668160e-029 4.33544220e-034
  9.69828124e-028 6.61237463e-046 3.79296845e-017 1.65839759e-031
  5.46601946e-031 1.33325936e-031 1.83247257e-034 6.28479799e-068
  1.22596784e-033 1.75489673e-030 1.00000000e+000 9.02818979e-047
  4.10486659e-061 1.50229278e-044 4.77451559e-097 2.30962597e-061
  1.00000000e+000]
 [2.65387316e-044 4.19912990e-044 2.53149566e-042 3.57325908e-081
  1.30862210e-024 8.69559549e-017 3.90590692e-023 3.26467768e-056
  2.28465236e-010 9.51025760e-031 7.82744315e-039 4.66227072e-062
  7.28135545e-030 1.87531144e-033 9.02818979e-047 1.00000000e+000
  2.53978801e-103 2.32323258e-091 7.68307437e-065 9.76521215e-044
  1.00000000e+000]
 [7.81654623e-043 1.68941416e-054 9.16189820e-023 2.50655307e-038
  2.91215200e-068 3.43616856e-049 1.10212039e-040 5.21315221e-045
  3.21887570e-059 1.02932424e-070 7.32167439e-063 1.42097719e-035
  1.00684427e-043 7.90625235e-067 4.10486659e-061 2.53978801e-103
  1.00000000e+000 5.71141890e-051 3.02508127e-047 2.09293526e-047
  1.00000000e+000]
 [8.82747390e-076 1.26724033e-049 1.84413285e-060 1.34213746e-069
  8.08436915e-081 1.42047212e-064 3.47717039e-047 5.04541019e-059
  1.05371082e-066 2.36341761e-057 2.03410147e-072 1.16124485e-032
  9.07215580e-055 2.99688108e-098 1.50229278e-044 2.32323258e-091
  5.71141890e-051 1.00000000e+000 1.82677382e-075 1.70039272e-068
  1.00000000e+000]
 [2.18738859e-061 4.96336236e-073 1.04547732e-038 6.63912751e-060
  1.05324528e-056 8.71119131e-028 1.26075810e-041 1.21682207e-064
  1.90763058e-052 2.72194689e-078 5.51241431e-066 3.64405075e-010
  4.02530543e-065 2.98697184e-062 4.77451559e-097 7.68307437e-065
  3.02508127e-047 1.82677382e-075 1.00000000e+000 3.45888931e-025
  1.00000000e+000]
 [1.08292132e-058 4.52897028e-066 4.89408298e-025 2.26207759e-065
  2.44981040e-023 3.31102125e-019 2.36973290e-028 4.67054984e-042
  5.23559844e-037 2.64753600e-075 9.94470030e-029 1.69476391e-025
  5.03437050e-036 5.06569096e-031 2.30962597e-061 9.76521215e-044
  2.09293526e-047 1.70039272e-068 3.45888931e-025 1.00000000e+000
  1.00000000e+000]
 [1.00000000e+000 1.00000000e+000 1.00000000e+000 1.00000000e+000
  1.00000000e+000 1.00000000e+000 1.00000000e+000 1.00000000e+000
  1.00000000e+000 1.00000000e+000 1.00000000e+000 1.00000000e+000
  1.00000000e+000 1.00000000e+000 1.00000000e+000 1.00000000e+000
  1.00000000e+000 1.00000000e+000 1.00000000e+000 1.00000000e+000
  0.00000000e+000]]
