[[1.00000000e+00 8.90928353e-46 8.68284861e-70 ... 2.50783160e-31
  2.49486324e-36 1.00000000e+00]
 [8.90928353e-46 1.00000000e+00 8.10140711e-41 ... 2.40457940e-35
  3.89846366e-47 1.00000000e+00]
 [8.68284861e-70 8.10140711e-41 1.00000000e+00 ... 1.50612477e-26
  7.65599785e-50 1.00000000e+00]
 ...
 [2.50783160e-31 2.40457940e-35 1.50612477e-26 ... 1.00000000e+00
  8.44694722e-49 1.00000000e+00]
 [2.49486324e-36 3.89846366e-47 7.65599785e-50 ... 8.44694722e-49
  1.00000000e+00 1.00000000e+00]
 [1.00000000e+00 1.00000000e+00 1.00000000e+00 ... 1.00000000e+00
  1.00000000e+00 0.00000000e+00]]
