[[1.00000000e+00 1.26226573e-36 1.30451937e-41 ... 7.16098893e-28
  1.26165847e-35 1.00000000e+00]
 [1.26226573e-36 1.00000000e+00 6.29291421e-21 ... 6.32383490e-42
  9.86189386e-20 1.00000000e+00]
 [1.30451937e-41 6.29291421e-21 1.00000000e+00 ... 1.75931381e-55
  2.32373634e-19 1.00000000e+00]
 ...
 [7.16098893e-28 6.32383490e-42 1.75931381e-55 ... 1.00000000e+00
  2.10649908e-27 1.00000000e+00]
 [1.26165847e-35 9.86189386e-20 2.32373634e-19 ... 2.10649908e-27
  1.00000000e+00 1.00000000e+00]
 [1.00000000e+00 1.00000000e+00 1.00000000e+00 ... 1.00000000e+00
  1.00000000e+00 0.00000000e+00]]
