[[1.00000000e+000 1.08173177e-042 5.65147828e-044 2.84443346e-025
  1.04787330e-034 6.78275409e-045 9.11323069e-038 3.02463027e-019
  9.96169405e-031 5.66180229e-054 6.80524784e-021 3.36014252e-034
  4.93985198e-048 8.72034836e-079 2.30003802e-081 2.99833151e-077
  1.13294682e-056 9.41227385e-033 3.15622463e-039 6.12104476e-074
  1.00000000e+000]
 [1.08173177e-042 1.00000000e+000 3.50873789e-041 4.43535585e-041
  4.15741103e-062 4.76103945e-060 5.43197044e-022 5.54652596e-026
  4.63145129e-033 1.40386840e-037 3.82626107e-020 1.64850434e-045
  3.38271507e-062 4.09454156e-058 9.25029577e-025 7.28493476e-062
  6.85420729e-063 4.89051452e-058 7.13463439e-015 1.68142269e-013
  1.00000000e+000]
 [5.65147828e-044 3.50873789e-041 1.00000000e+000 3.86946961e-063
  8.90492478e-024 1.04999937e-029 6.48365955e-036 8.66962521e-016
  1.92892992e-028 3.78004461e-050 5.51850644e-047 8.55768908e-041
  1.41180179e-012 6.35702770e-023 4.25352925e-060 2.20021839e-052
  9.42223784e-042 6.57867425e-020 1.68446277e-043 6.10478996e-065
  1.00000000e+000]
 [2.84443346e-025 4.43535585e-041 3.86946961e-063 1.00000000e+000
  8.64925028e-042 7.94449541e-036 7.52082654e-027 7.18707525e-019
  9.36628336e-034 9.07693875e-019 1.48894798e-045 1.64678031e-010
  3.02199732e-054 2.46383725e-083 3.66228350e-049 2.30860890e-080
  4.12243110e-058 4.16463177e-035 2.08439754e-032 2.58537976e-052
  1.00000000e+000]
 [1.04787330e-034 4.15741103e-062 8.90492478e-024 8.64925028e-042
  1.00000000e+000 1.92304296e-022 3.76465404e-024 1.08293396e-022
  2.10963178e-017 5.82424982e-038 1.01952761e-045 1.69298714e-017
  7.39167029e-029 4.63300337e-020 1.62901043e-061 4.73135486e-038
  1.74072702e-025 2.81998140e-005 3.80153543e-055 4.24104265e-088
  1.00000000e+000]
 [6.78275409e-045 4.76103945e-060 1.04999937e-029 7.94449541e-036
  1.92304296e-022 1.00000000e+000 1.89622574e-028 9.08786369e-020
  7.70640534e-045 3.62613329e-036 1.59688468e-059 1.04681717e-014
  6.78955763e-027 8.55144101e-048 1.62622292e-048 6.89073154e-035
  7.56091316e-056 8.41948396e-021 4.32914486e-031 9.83184509e-064
  1.00000000e+000]
 [9.11323069e-038 5.43197044e-022 6.48365955e-036 7.52082654e-027
  3.76465404e-024 1.89622574e-028 1.00000000e+000 5.59648224e-019
  3.56579190e-026 3.75980589e-029 4.48831148e-020 7.22006038e-016
  3.28746162e-056 4.12630815e-031 1.13779447e-012 5.36396253e-022
  6.22410642e-052 8.29352222e-032 1.13822082e-024 5.62440798e-026
  1.00000000e+000]
 [3.02463027e-019 5.54652596e-026 8.66962521e-016 7.18707525e-019
  1.08293396e-022 9.08786369e-020 5.59648224e-019 1.00000000e+000
  3.25902258e-022 9.64779056e-026 2.03943522e-031 8.93863164e-015
  5.75290338e-019 7.04158247e-044 6.65938619e-042 3.91926582e-056
  4.61806247e-045 3.24143111e-017 5.06274000e-025 3.16488446e-041
  1.00000000e+000]
 [9.96169405e-031 4.63145129e-033 1.92892992e-028 9.36628336e-034
  2.10963178e-017 7.70640534e-045 3.56579190e-026 3.25902258e-022
  1.00000000e+000 1.65873572e-019 1.17435826e-036 1.80541489e-023
  1.66253353e-030 4.32416838e-027 1.44498967e-055 1.72776337e-063
  1.77270088e-008 2.80307170e-012 4.52532870e-039 3.31938512e-070
  1.00000000e+000]
 [5.66180229e-054 1.40386840e-037 3.78004461e-050 9.07693875e-019
  5.82424982e-038 3.62613329e-036 3.75980589e-029 9.64779056e-026
  1.65873572e-019 1.00000000e+000 3.06342020e-065 1.74330748e-012
  7.09821890e-038 1.19467432e-051 5.08875405e-039 2.09612073e-075
  3.89972125e-027 1.40786157e-025 3.99954615e-030 4.08095078e-054
  1.00000000e+000]
 [6.80524784e-021 3.82626107e-020 5.51850644e-047 1.48894798e-045
  1.01952761e-045 1.59688468e-059 4.48831148e-020 2.03943522e-031
  1.17435826e-036 3.06342020e-065 1.00000000e+000 1.33014345e-048
  1.20570282e-077 2.39767465e-060 2.02157414e-045 1.96228114e-044
  5.61101412e-071 9.60838492e-055 5.21251200e-031 1.68476603e-039
  1.00000000e+000]
 [3.36014252e-034 1.64850434e-045 8.55768908e-041 1.64678031e-010
  1.69298714e-017 1.04681717e-014 7.22006038e-016 8.93863164e-015
  1.80541489e-023 1.74330748e-012 1.33014345e-048 1.00000000e+000
  3.59635952e-035 1.43209211e-045 7.10434782e-037 8.30110890e-048
  6.46909457e-038 4.72170363e-015 9.61616685e-032 3.29688335e-055
  1.00000000e+000]
 [4.93985198e-048 3.38271507e-062 1.41180179e-012 3.02199732e-054
  7.39167029e-029 6.78955763e-027 3.28746162e-056 5.75290338e-019
  1.66253353e-030 7.09821890e-038 1.20570282e-077 3.59635952e-035
  1.00000000e+000 5.10997416e-044 3.01422349e-085 5.63930550e-085
  3.21991680e-033 7.52380380e-014 9.84398799e-051 5.64947574e-092
  1.00000000e+000]
 [8.72034836e-079 4.09454156e-058 6.35702770e-023 2.46383725e-083
  4.63300337e-020 8.55144101e-048 4.12630815e-031 7.04158247e-044
  4.32416838e-027 1.19467432e-051 2.39767465e-060 1.43209211e-045
  5.10997416e-044 1.00000000e+000 7.77374557e-050 8.58504893e-035
  1.88406130e-032 1.28960920e-026 1.56657457e-066 8.74504819e-081
  1.00000000e+000]
 [2.30003802e-081 9.25029577e-025 4.25352925e-060 3.66228350e-049
  1.62901043e-061 1.62622292e-048 1.13779447e-012 6.65938619e-042
  1.44498967e-055 5.08875405e-039 2.02157414e-045 7.10434782e-037
  3.01422349e-085 7.77374557e-050 1.00000000e+000 6.13127115e-033
  2.24352420e-084 1.64689663e-067 5.76975214e-029 7.58318366e-012
  1.00000000e+000]
 [2.99833151e-077 7.28493476e-062 2.20021839e-052 2.30860890e-080
  4.73135486e-038 6.89073154e-035 5.36396253e-022 3.91926582e-056
  1.72776337e-063 2.09612073e-075 1.96228114e-044 8.30110890e-048
  5.63930550e-085 8.58504893e-035 6.13127115e-033 1.00000000e+000
  4.80841036e-082 1.98004687e-056 2.24841115e-048 1.52970548e-058
  1.00000000e+000]
 [1.13294682e-056 6.85420729e-063 9.42223784e-042 4.12243110e-058
  1.74072702e-025 7.56091316e-056 6.22410642e-052 4.61806247e-045
  1.77270088e-008 3.89972125e-027 5.61101412e-071 6.46909457e-038
  3.21991680e-033 1.88406130e-032 2.24352420e-084 4.80841036e-082
  1.00000000e+000 6.78330523e-016 4.12674653e-059 2.43192880e-109
  1.00000000e+000]
 [9.41227385e-033 4.89051452e-058 6.57867425e-020 4.16463177e-035
  2.81998140e-005 8.41948396e-021 8.29352222e-032 3.24143111e-017
  2.80307170e-012 1.40786157e-025 9.60838492e-055 4.72170363e-015
  7.52380380e-014 1.28960920e-026 1.64689663e-067 1.98004687e-056
  6.78330523e-016 1.00000000e+000 2.43374841e-048 1.36186591e-088
  1.00000000e+000]
 [3.15622463e-039 7.13463439e-015 1.68446277e-043 2.08439754e-032
  3.80153543e-055 4.32914486e-031 1.13822082e-024 5.06274000e-025
  4.52532870e-039 3.99954615e-030 5.21251200e-031 9.61616685e-032
  9.84398799e-051 1.56657457e-066 5.76975214e-029 2.24841115e-048
  4.12674653e-059 2.43374841e-048 1.00000000e+000 2.25435304e-022
  1.00000000e+000]
 [6.12104476e-074 1.68142269e-013 6.10478996e-065 2.58537976e-052
  4.24104265e-088 9.83184509e-064 5.62440798e-026 3.16488446e-041
  3.31938512e-070 4.08095078e-054 1.68476603e-039 3.29688335e-055
  5.64947574e-092 8.74504819e-081 7.58318366e-012 1.52970548e-058
  2.43192880e-109 1.36186591e-088 2.25435304e-022 1.00000000e+000
  1.00000000e+000]
 [1.00000000e+000 1.00000000e+000 1.00000000e+000 1.00000000e+000
  1.00000000e+000 1.00000000e+000 1.00000000e+000 1.00000000e+000
  1.00000000e+000 1.00000000e+000 1.00000000e+000 1.00000000e+000
  1.00000000e+000 1.00000000e+000 1.00000000e+000 1.00000000e+000
  1.00000000e+000 1.00000000e+000 1.00000000e+000 1.00000000e+000
  0.00000000e+000]]
