[[1.00000000e+00 1.28227107e-47 2.24310220e-70 ... 2.92296809e-31
  4.57322293e-28 1.00000000e+00]
 [1.28227107e-47 1.00000000e+00 7.38248120e-35 ... 1.91109519e-35
  2.20352990e-42 1.00000000e+00]
 [2.24310220e-70 7.38248120e-35 1.00000000e+00 ... 4.69370164e-39
  7.87052852e-42 1.00000000e+00]
 ...
 [2.92296809e-31 1.91109519e-35 4.69370164e-39 ... 1.00000000e+00
  5.23562915e-41 1.00000000e+00]
 [4.57322293e-28 2.20352990e-42 7.87052852e-42 ... 5.23562915e-41
  1.00000000e+00 1.00000000e+00]
 [1.00000000e+00 1.00000000e+00 1.00000000e+00 ... 1.00000000e+00
  1.00000000e+00 0.00000000e+00]]
