[[1.00000000e+00 2.32443703e-50 3.01510193e-46 8.43386146e-44
  2.08233461e-42 3.28502897e-46 6.66866631e-41 7.26228646e-43
  2.24802375e-51 1.25966337e-41 8.64352313e-85 8.25152380e-41
  1.00000000e+00]
 [2.32443703e-50 1.00000000e+00 1.46062050e-42 2.27299835e-45
  1.30284334e-90 1.18857191e-46 3.18444482e-49 2.67880854e-47
  4.73300406e-40 3.41938577e-42 5.96546631e-43 3.47779775e-48
  1.00000000e+00]
 [3.01510193e-46 1.46062050e-42 1.00000000e+00 4.52907116e-42
  2.46249587e-48 5.12845750e-43 6.93157908e-48 2.47023822e-39
  3.09184479e-45 2.87842296e-87 3.50790948e-47 7.01167021e-47
  1.00000000e+00]
 [8.43386146e-44 2.27299835e-45 4.52907116e-42 1.00000000e+00
  2.74801728e-42 2.91277492e-44 3.01118095e-44 5.63528954e-41
  2.33867065e-46 9.35778419e-40 1.46234079e-42 1.36924274e-85
  1.00000000e+00]
 [2.08233461e-42 1.30284334e-90 2.46249587e-48 2.74801728e-42
  1.00000000e+00 5.66549921e-48 3.90484622e-40 8.36335692e-47
  1.07754838e-47 8.17471352e-48 1.71576005e-42 1.88280006e-43
  1.00000000e+00]
 [3.28502897e-46 1.18857191e-46 5.12845750e-43 2.91277492e-44
  5.66549921e-48 1.00000000e+00 3.98363734e-91 1.71555164e-48
  4.92568679e-42 2.55482713e-42 3.53589099e-49 6.86311631e-43
  1.00000000e+00]
 [6.66866631e-41 3.18444482e-49 6.93157908e-48 3.01118095e-44
  3.90484622e-40 3.98363734e-91 1.00000000e+00 3.14548606e-42
  2.37176966e-50 2.43009958e-48 5.64104650e-42 4.34539888e-47
  1.00000000e+00]
 [7.26228646e-43 2.67880854e-47 2.47023822e-39 5.63528954e-41
  8.36335692e-47 1.71555164e-48 3.14548606e-42 1.00000000e+00
  4.98393407e-89 4.74806844e-52 7.40640238e-42 1.15740069e-42
  1.00000000e+00]
 [2.24802375e-51 4.73300406e-40 3.09184479e-45 2.33867065e-46
  1.07754838e-47 4.92568679e-42 2.37176966e-50 4.98393407e-89
  1.00000000e+00 2.18071878e-42 5.24567040e-42 5.62101216e-48
  1.00000000e+00]
 [1.25966337e-41 3.41938577e-42 2.87842296e-87 9.35778419e-40
  8.17471352e-48 2.55482713e-42 2.43009958e-48 4.74806844e-52
  2.18071878e-42 1.00000000e+00 4.59349475e-42 1.03382740e-47
  1.00000000e+00]
 [8.64352313e-85 5.96546631e-43 3.50790948e-47 1.46234079e-42
  1.71576005e-42 3.53589099e-49 5.64104650e-42 7.40640238e-42
  5.24567040e-42 4.59349475e-42 1.00000000e+00 1.09490419e-45
  1.00000000e+00]
 [8.25152380e-41 3.47779775e-48 7.01167021e-47 1.36924274e-85
  1.88280006e-43 6.86311631e-43 4.34539888e-47 1.15740069e-42
  5.62101216e-48 1.03382740e-47 1.09490419e-45 1.00000000e+00
  1.00000000e+00]
 [1.00000000e+00 1.00000000e+00 1.00000000e+00 1.00000000e+00
  1.00000000e+00 1.00000000e+00 1.00000000e+00 1.00000000e+00
  1.00000000e+00 1.00000000e+00 1.00000000e+00 1.00000000e+00
  0.00000000e+00]]
