[[1.00000000e+00 6.68888282e-27 2.77473125e-40 2.24032847e-91
  2.75661831e-24 8.59534719e-43 1.38683996e-57 1.00497963e-14
  6.23758990e-78 5.33515449e-15 2.25560755e-37 1.02998846e-28
  2.96195079e-86 1.82394291e-47 1.34540836e-45 1.73488153e-40
  3.33642528e-59 2.65245181e-41 1.68671311e-44 2.73753018e-89
  1.00000000e+00]
 [6.68888282e-27 1.00000000e+00 1.84954832e-48 6.27794097e-58
  1.41639479e-14 1.13961129e-29 7.25173720e-37 3.52252727e-27
  3.66957880e-31 1.00081564e-33 3.62425966e-19 7.22606388e-19
  1.12035959e-50 2.73918746e-14 3.08679084e-27 3.88116077e-30
  4.95957465e-12 3.01438839e-22 3.80709654e-43 1.10379326e-46
  1.00000000e+00]
 [2.77473125e-40 1.84954832e-48 1.00000000e+00 4.98113480e-53
  3.25949738e-39 2.05616760e-26 4.12690316e-37 4.54949462e-15
  7.43044471e-47 3.24740629e-24 4.36601022e-29 1.12579515e-30
  2.39183298e-47 5.64417511e-54 2.11823652e-39 1.02409576e-70
  5.12259483e-54 3.99933839e-50 4.19988804e-46 1.54240202e-36
  1.00000000e+00]
 [2.24032847e-91 6.27794097e-58 4.98113480e-53 1.00000000e+00
  2.74651802e-42 7.21710824e-29 1.14959542e-10 2.57235283e-56
  1.30793116e-28 6.62788163e-68 1.30514325e-70 1.93190383e-27
  6.31375096e-13 4.02179481e-78 2.22184179e-52 7.08403016e-45
  3.78055507e-28 3.02735418e-32 4.40406709e-46 1.45779764e-26
  1.00000000e+00]
 [2.75661831e-24 1.41639479e-14 3.25949738e-39 2.74651802e-42
  1.00000000e+00 1.45196655e-36 1.78221985e-29 8.30240375e-15
  2.83115125e-43 4.13221935e-29 3.59768061e-40 2.17359741e-09
  5.56840256e-54 4.19703026e-34 2.92152105e-33 1.12795304e-29
  2.75706051e-24 3.57294471e-11 3.97420936e-27 5.89582595e-47
  1.00000000e+00]
 [8.59534719e-43 1.13961129e-29 2.05616760e-26 7.21710824e-29
  1.45196655e-36 1.00000000e+00 8.97601161e-23 1.46620063e-35
  6.20383996e-25 1.23620573e-19 2.62638690e-17 7.68218381e-16
  6.78118763e-26 3.72435805e-33 1.45552358e-14 1.10020916e-22
  4.08613392e-26 5.11643210e-42 4.90828190e-24 7.99183915e-33
  1.00000000e+00]
 [1.38683996e-57 7.25173720e-37 4.12690316e-37 1.14959542e-10
  1.78221985e-29 8.97601161e-23 1.00000000e+00 2.90415589e-31
  8.78499491e-20 1.51226331e-50 3.34708229e-54 8.76429556e-24
  8.51021049e-07 8.16517802e-65 6.99888071e-54 8.15477589e-39
  4.48506591e-19 7.80873492e-21 1.25759670e-51 1.77383819e-22
  1.00000000e+00]
 [1.00497963e-14 3.52252727e-27 4.54949462e-15 2.57235283e-56
  8.30240375e-15 1.46620063e-35 2.90415589e-31 1.00000000e+00
  2.98687099e-54 5.98318327e-23 1.80712822e-36 2.75011938e-19
  1.47292882e-52 4.67399520e-51 6.46856843e-45 6.62223637e-54
  8.04556104e-42 8.21875689e-22 3.34411588e-45 2.05865703e-52
  1.00000000e+00]
 [6.23758990e-78 3.66957880e-31 7.43044471e-47 1.30793116e-28
  2.83115125e-43 6.20383996e-25 8.78499491e-20 2.98687099e-54
  1.00000000e+00 4.34028605e-57 9.38223624e-36 4.75780108e-40
  4.39294683e-19 8.08456324e-34 2.11142014e-45 1.05864043e-45
  3.61084283e-14 1.76844134e-48 3.62434986e-57 3.12434524e-06
  1.00000000e+00]
 [5.33515449e-15 1.00081564e-33 3.24740629e-24 6.62788163e-68
  4.13221935e-29 1.23620573e-19 1.51226331e-50 5.98318327e-23
  4.34028605e-57 1.00000000e+00 8.52556934e-22 5.55503475e-21
  2.34835727e-72 5.34331345e-33 2.25187904e-20 1.77231946e-27
  2.87455353e-56 1.83814909e-54 7.68593333e-17 4.66336275e-62
  1.00000000e+00]
 [2.25560755e-37 3.62425966e-19 4.36601022e-29 1.30514325e-70
  3.59768061e-40 2.62638690e-17 3.34708229e-54 1.80712822e-36
  9.38223624e-36 8.52556934e-22 1.00000000e+00 2.37451406e-28
  4.31146270e-59 5.23125927e-11 8.85662711e-13 4.21584930e-45
  2.34268288e-32 4.73219600e-56 5.06780926e-39 2.48663095e-45
  1.00000000e+00]
 [1.02998846e-28 7.22606388e-19 1.12579515e-30 1.93190383e-27
  2.17359741e-09 7.68218381e-16 8.76429556e-24 2.75011938e-19
  4.75780108e-40 5.55503475e-21 2.37451406e-28 1.00000000e+00
  2.96444557e-39 6.86210732e-34 8.60923063e-15 1.54904035e-20
  9.16285814e-22 7.31036161e-14 8.81158147e-15 8.24926206e-45
  1.00000000e+00]
 [2.96195079e-86 1.12035959e-50 2.39183298e-47 6.31375096e-13
  5.56840256e-54 6.78118763e-26 8.51021049e-07 1.47292882e-52
  4.39294683e-19 2.34835727e-72 4.31146270e-59 2.96444557e-39
  1.00000000e+00 2.87718918e-76 8.13663983e-63 1.51165527e-57
  7.08536734e-22 1.27344852e-36 4.13317462e-73 9.42908337e-23
  1.00000000e+00]
 [1.82394291e-47 2.73918746e-14 5.64417511e-54 4.02179481e-78
  4.19703026e-34 3.72435805e-33 8.16517802e-65 4.67399520e-51
  8.08456324e-34 5.34331345e-33 5.23125927e-11 6.86210732e-34
  2.87718918e-76 1.00000000e+00 9.11816574e-18 3.31601246e-39
  3.00451392e-29 4.77448652e-59 1.99266118e-37 1.94286013e-46
  1.00000000e+00]
 [1.34540836e-45 3.08679084e-27 2.11823652e-39 2.22184179e-52
  2.92152105e-33 1.45552358e-14 6.99888071e-54 6.46856843e-45
  2.11142014e-45 2.25187904e-20 8.85662711e-13 8.60923063e-15
  8.13663983e-63 9.11816574e-18 1.00000000e+00 8.12307312e-28
  3.99755842e-35 1.79913159e-49 1.16000870e-13 4.70826188e-53
  1.00000000e+00]
 [1.73488153e-40 3.88116077e-30 1.02409576e-70 7.08403016e-45
  1.12795304e-29 1.10020916e-22 8.15477589e-39 6.62223637e-54
  1.05864043e-45 1.77231946e-27 4.21584930e-45 1.54904035e-20
  1.51165527e-57 3.31601246e-39 8.12307312e-28 1.00000000e+00
  8.32722640e-36 5.56614601e-44 4.87679875e-18 3.71420112e-64
  1.00000000e+00]
 [3.33642528e-59 4.95957465e-12 5.12259483e-54 3.78055507e-28
  2.75706051e-24 4.08613392e-26 4.48506591e-19 8.04556104e-42
  3.61084283e-14 2.87455353e-56 2.34268288e-32 9.16285814e-22
  7.08536734e-22 3.00451392e-29 3.99755842e-35 8.32722640e-36
  1.00000000e+00 6.47000354e-19 4.74838747e-52 2.63351868e-26
  1.00000000e+00]
 [2.65245181e-41 3.01438839e-22 3.99933839e-50 3.02735418e-32
  3.57294471e-11 5.11643210e-42 7.80873492e-21 8.21875689e-22
  1.76844134e-48 1.83814909e-54 4.73219600e-56 7.31036161e-14
  1.27344852e-36 4.77448652e-59 1.79913159e-49 5.56614601e-44
  6.47000354e-19 1.00000000e+00 2.74434715e-51 2.71884455e-54
  1.00000000e+00]
 [1.68671311e-44 3.80709654e-43 4.19988804e-46 4.40406709e-46
  3.97420936e-27 4.90828190e-24 1.25759670e-51 3.34411588e-45
  3.62434986e-57 7.68593333e-17 5.06780926e-39 8.81158147e-15
  4.13317462e-73 1.99266118e-37 1.16000870e-13 4.87679875e-18
  4.74838747e-52 2.74434715e-51 1.00000000e+00 1.05575571e-59
  1.00000000e+00]
 [2.73753018e-89 1.10379326e-46 1.54240202e-36 1.45779764e-26
  5.89582595e-47 7.99183915e-33 1.77383819e-22 2.05865703e-52
  3.12434524e-06 4.66336275e-62 2.48663095e-45 8.24926206e-45
  9.42908337e-23 1.94286013e-46 4.70826188e-53 3.71420112e-64
  2.63351868e-26 2.71884455e-54 1.05575571e-59 1.00000000e+00
  1.00000000e+00]
 [1.00000000e+00 1.00000000e+00 1.00000000e+00 1.00000000e+00
  1.00000000e+00 1.00000000e+00 1.00000000e+00 1.00000000e+00
  1.00000000e+00 1.00000000e+00 1.00000000e+00 1.00000000e+00
  1.00000000e+00 1.00000000e+00 1.00000000e+00 1.00000000e+00
  1.00000000e+00 1.00000000e+00 1.00000000e+00 1.00000000e+00
  0.00000000e+00]]
