[[1.00000000e+00 2.48659749e-67 3.74997687e-55 ... 7.09001214e-62
  2.44343420e-28 1.00000000e+00]
 [2.48659749e-67 1.00000000e+00 1.05830739e-54 ... 6.99620576e-22
  2.23889483e-46 1.00000000e+00]
 [3.74997687e-55 1.05830739e-54 1.00000000e+00 ... 1.52462200e-37
  6.23812819e-31 1.00000000e+00]
 ...
 [7.09001214e-62 6.99620576e-22 1.52462200e-37 ... 1.00000000e+00
  7.58528890e-53 1.00000000e+00]
 [2.44343420e-28 2.23889483e-46 6.23812819e-31 ... 7.58528890e-53
  1.00000000e+00 1.00000000e+00]
 [1.00000000e+00 1.00000000e+00 1.00000000e+00 ... 1.00000000e+00
  1.00000000e+00 0.00000000e+00]]
