[[1.00000000e+00 8.23431727e-48 2.38566272e-32 5.26208490e-29
  2.69154630e-39 5.92495048e-79 2.24049772e-89 4.78089018e-21
  5.71290601e-96 4.57817894e-47 2.12849146e-41 9.82738051e-38
  6.41565162e-73 3.81158862e-84 1.09290305e-65 9.88461285e-69
  8.41692882e-62 2.17416492e-60 9.89633152e-52 4.73827297e-63
  1.00000000e+00]
 [8.23431727e-48 1.00000000e+00 6.45260311e-22 6.04048710e-24
  1.57847142e-10 3.77193066e-51 1.46103568e-39 7.88901532e-41
  6.01105985e-34 3.36771994e-52 5.13866995e-62 6.57627738e-22
  6.76021723e-21 4.41234192e-50 2.83516983e-31 5.05871998e-33
  3.51566538e-50 8.50356068e-21 1.16725113e-57 2.69198481e-21
  1.00000000e+00]
 [2.38566272e-32 6.45260311e-22 1.00000000e+00 5.00310218e-21
  5.10806855e-25 7.18836022e-66 3.81606303e-51 7.77088518e-37
  3.43783292e-50 3.31920197e-38 2.96735569e-21 2.63397299e-31
  5.53855342e-15 2.40160102e-63 6.32511813e-27 7.84800781e-39
  1.65455389e-61 4.84997001e-33 9.56777612e-44 9.11239714e-38
  1.00000000e+00]
 [5.26208490e-29 6.04048710e-24 5.00310218e-21 1.00000000e+00
  7.20400145e-14 8.16666453e-41 2.38698402e-22 9.87250929e-13
  1.04182765e-23 8.20271735e-10 1.50442007e-26 1.52156749e-18
  3.19286565e-26 1.02446801e-45 1.18698021e-25 4.09624291e-35
  1.12075393e-13 4.71559209e-32 3.41643446e-22 1.11482532e-18
  1.00000000e+00]
 [2.69154630e-39 1.57847142e-10 5.10806855e-25 7.20400145e-14
  1.00000000e+00 3.22787970e-53 6.66307684e-35 4.89139068e-35
  7.99101546e-24 1.49724389e-32 1.35434417e-48 8.12974135e-04
  8.48059579e-27 1.18818162e-33 3.47128305e-42 1.82850091e-43
  1.38174067e-35 2.58047825e-35 1.89043224e-34 1.66289719e-11
  1.00000000e+00]
 [5.92495048e-79 3.77193066e-51 7.18836022e-66 8.16666453e-41
  3.22787970e-53 1.00000000e+00 9.47109006e-29 9.72325703e-67
  1.16748693e-64 2.03727543e-62 4.83734659e-80 9.44467742e-63
  8.50257932e-46 2.50176885e-41 4.50135116e-18 1.13965458e-20
  3.79288301e-34 3.36425337e-69 2.76256141e-96 2.30507318e-74
  1.00000000e+00]
 [2.24049772e-89 1.46103568e-39 3.81606303e-51 2.38698402e-22
  6.66307684e-35 9.47109006e-29 1.00000000e+00 2.54977693e-58
  1.99985842e-13 3.98752141e-24 1.60975970e-50 3.12463805e-49
  9.84988961e-23 9.62164337e-31 9.72230433e-20 8.76232384e-21
  1.26340881e-22 1.45781812e-35 1.86983821e-42 3.52879403e-26
  1.00000000e+00]
 [4.78089018e-21 7.88901532e-41 7.77088518e-37 9.87250929e-13
  4.89139068e-35 9.72325703e-67 2.54977693e-58 1.00000000e+00
  6.29957062e-58 2.34776227e-29 5.76135102e-50 6.11826495e-38
  1.23597858e-60 2.33492669e-96 4.04254950e-50 4.76534990e-68
  8.97155375e-24 1.63186547e-51 1.11930933e-45 1.44123961e-45
  1.00000000e+00]
 [5.71290601e-96 6.01105985e-34 3.43783292e-50 1.04182765e-23
  7.99101546e-24 1.16748693e-64 1.99985842e-13 6.29957062e-58
  1.00000000e+00 3.66754564e-27 5.77423263e-60 8.88099215e-35
  6.62312245e-26 3.83041989e-46 8.09349671e-44 2.46121543e-50
  1.50817283e-30 4.90987545e-40 7.46865644e-35 1.20559971e-10
  1.00000000e+00]
 [4.57817894e-47 3.36771994e-52 3.31920197e-38 8.20271735e-10
  1.49724389e-32 2.03727543e-62 3.98752141e-24 2.34776227e-29
  3.66754564e-27 1.00000000e+00 2.91926968e-18 3.25244132e-38
  1.09268323e-40 3.39287970e-48 1.59962846e-42 5.05527351e-46
  4.98902878e-23 1.61390467e-40 4.54421033e-08 4.95474062e-23
  1.00000000e+00]
 [2.12849146e-41 5.13866995e-62 2.96735569e-21 1.50442007e-26
  1.35434417e-48 4.83734659e-80 1.60975970e-50 5.76135102e-50
  5.77423263e-60 2.91926968e-18 1.00000000e+00 1.13361756e-53
  3.85095013e-36 6.06773366e-58 5.10885164e-43 7.29546298e-46
  2.88002574e-64 7.57168582e-47 1.88795924e-20 2.70150221e-47
  1.00000000e+00]
 [9.82738051e-38 6.57627738e-22 2.63397299e-31 1.52156749e-18
  8.12974135e-04 9.44467742e-63 3.12463805e-49 6.11826495e-38
  8.88099215e-35 3.25244132e-38 1.13361756e-53 1.00000000e+00
  4.04820733e-39 1.38537602e-40 2.09579642e-56 2.59214070e-61
  8.17976168e-40 6.40687118e-57 5.33918051e-40 1.75080989e-21
  1.00000000e+00]
 [6.41565162e-73 6.76021723e-21 5.53855342e-15 3.19286565e-26
  8.48059579e-27 8.50257932e-46 9.84988961e-23 1.23597858e-60
  6.62312245e-26 1.09268323e-40 3.85095013e-36 4.04820733e-39
  1.00000000e+00 5.93334394e-43 2.59979385e-13 1.62370393e-22
  1.85913343e-53 4.12634073e-30 3.25230903e-52 1.14220991e-30
  1.00000000e+00]
 [3.81158862e-84 4.41234192e-50 2.40160102e-63 1.02446801e-45
  1.18818162e-33 2.50176885e-41 9.62164337e-31 2.33492669e-96
  3.83041989e-46 3.39287970e-48 6.06773366e-58 1.38537602e-40
  5.93334394e-43 1.00000000e+00 2.33602948e-49 2.75902139e-28
  1.47233670e-62 4.74248007e-57 4.37068136e-51 4.09964725e-39
  1.00000000e+00]
 [1.09290305e-65 2.83516983e-31 6.32511813e-27 1.18698021e-25
  3.47128305e-42 4.50135116e-18 9.72230433e-20 4.04254950e-50
  8.09349671e-44 1.59962846e-42 5.10885164e-43 2.09579642e-56
  2.59979385e-13 2.33602948e-49 1.00000000e+00 1.39233176e-10
  1.26976302e-38 1.99160056e-35 3.14810282e-68 9.14284817e-52
  1.00000000e+00]
 [9.88461285e-69 5.05871998e-33 7.84800781e-39 4.09624291e-35
  1.82850091e-43 1.13965458e-20 8.76232384e-21 4.76534990e-68
  2.46121543e-50 5.05527351e-46 7.29546298e-46 2.59214070e-61
  1.62370393e-22 2.75902139e-28 1.39233176e-10 1.00000000e+00
  3.05121074e-53 1.11564021e-24 3.43229220e-62 2.63366198e-47
  1.00000000e+00]
 [8.41692882e-62 3.51566538e-50 1.65455389e-61 1.12075393e-13
  1.38174067e-35 3.79288301e-34 1.26340881e-22 8.97155375e-24
  1.50817283e-30 4.98902878e-23 2.88002574e-64 8.17976168e-40
  1.85913343e-53 1.47233670e-62 1.26976302e-38 3.05121074e-53
  1.00000000e+00 2.08048678e-63 3.43035957e-49 7.52219771e-40
  1.00000000e+00]
 [2.17416492e-60 8.50356068e-21 4.84997001e-33 4.71559209e-32
  2.58047825e-35 3.36425337e-69 1.45781812e-35 1.63186547e-51
  4.90987545e-40 1.61390467e-40 7.57168582e-47 6.40687118e-57
  4.12634073e-30 4.74248007e-57 1.99160056e-35 1.11564021e-24
  2.08048678e-63 1.00000000e+00 3.31744655e-40 5.37767468e-23
  1.00000000e+00]
 [9.89633152e-52 1.16725113e-57 9.56777612e-44 3.41643446e-22
  1.89043224e-34 2.76256141e-96 1.86983821e-42 1.11930933e-45
  7.46865644e-35 4.54421033e-08 1.88795924e-20 5.33918051e-40
  3.25230903e-52 4.37068136e-51 3.14810282e-68 3.43229220e-62
  3.43035957e-49 3.31744655e-40 1.00000000e+00 7.83183200e-19
  1.00000000e+00]
 [4.73827297e-63 2.69198481e-21 9.11239714e-38 1.11482532e-18
  1.66289719e-11 2.30507318e-74 3.52879403e-26 1.44123961e-45
  1.20559971e-10 4.95474062e-23 2.70150221e-47 1.75080989e-21
  1.14220991e-30 4.09964725e-39 9.14284817e-52 2.63366198e-47
  7.52219771e-40 5.37767468e-23 7.83183200e-19 1.00000000e+00
  1.00000000e+00]
 [1.00000000e+00 1.00000000e+00 1.00000000e+00 1.00000000e+00
  1.00000000e+00 1.00000000e+00 1.00000000e+00 1.00000000e+00
  1.00000000e+00 1.00000000e+00 1.00000000e+00 1.00000000e+00
  1.00000000e+00 1.00000000e+00 1.00000000e+00 1.00000000e+00
  1.00000000e+00 1.00000000e+00 1.00000000e+00 1.00000000e+00
  0.00000000e+00]]
