[[1.00000000e+00 1.89547282e-47 4.93527989e-43 9.50686266e-27
  2.31400377e-68 4.62338515e-84 1.34976601e-40 1.64159069e-18
  4.76295187e-54 1.78345441e-89 5.25615951e-35 3.64057598e-58
  3.06426186e-61 2.60153173e-88 2.15986669e-43 8.94796370e-68
  4.02325364e-54 9.26209219e-72 3.91078780e-81 7.18372706e-82
  1.00000000e+00]
 [1.89547282e-47 1.00000000e+00 1.03080278e-46 3.27394701e-22
  7.29260875e-87 7.38580328e-77 1.08601728e-24 1.76071640e-49
  1.77485539e-55 9.58598559e-26 6.24731208e-64 4.67360913e-46
  1.12472668e-37 7.35468572e-22 4.29174418e-54 9.39665919e-56
  9.03628218e-23 5.78856950e-33 1.35506530e-95 3.57022547e-57
  1.00000000e+00]
 [4.93527989e-43 1.03080278e-46 1.00000000e+00 1.10010883e-60
  1.85185651e-34 9.19911002e-15 4.41099031e-35 7.63830117e-43
  9.45313688e-36 1.59388429e-34 3.74125772e-27 6.70523143e-13
  8.74608219e-23 1.36099781e-44 9.19949836e-09 1.73137372e-18
  3.21178661e-32 1.45875729e-37 2.56925826e-17 3.80821920e-52
  1.00000000e+00]
 [9.50686266e-27 3.27394701e-22 1.10010883e-60 1.00000000e+00
  7.49384376e-72 2.64758932e-91 6.37659142e-20 1.11920714e-23
  2.43456168e-42 1.47123546e-68 4.58586754e-46 7.65045647e-49
  3.72926141e-62 5.92112192e-43 8.38928131e-67 8.52565914e-91
  9.06643830e-48 8.53005717e-55 1.99733199e-93 1.74506353e-53
  1.00000000e+00]
 [2.31400377e-68 7.29260875e-87 1.85185651e-34 7.49384376e-72
  1.00000000e+00 5.30239489e-18 6.46948431e-30 8.32720115e-53
  4.01522534e-54 2.57399815e-67 3.92037859e-26 4.21339217e-21
  2.97316489e-45 8.31336142e-79 4.25780833e-49 5.07572638e-51
  2.55052110e-48 3.68352278e-41 1.43564094e-38 1.93975887e-29
  1.00000000e+00]
 [4.62338515e-84 7.38580328e-77 9.19911002e-15 2.64758932e-91
  5.30239489e-18 1.00000000e+00 5.83058728e-44 1.20739432e-64
  1.25629679e-50 2.17028019e-45 8.13278252e-41 6.75488746e-11
  1.16992663e-23 1.94497238e-54 8.07348071e-32 3.17007065e-29
  8.23143373e-43 1.73251468e-31 2.90128624e-16 1.01047034e-33
  1.00000000e+00]
 [1.34976601e-40 1.08601728e-24 4.41099031e-35 6.37659142e-20
  6.46948431e-30 5.83058728e-44 1.00000000e+00 1.06884335e-28
  7.58303818e-52 2.47604491e-32 3.32008050e-19 1.92545190e-26
  6.48600412e-42 1.27542779e-33 2.49316768e-37 1.57250999e-41
  8.27148907e-29 8.67139273e-32 3.95702822e-62 6.16971895e-25
  1.00000000e+00]
 [1.64159069e-18 1.76071640e-49 7.63830117e-43 1.11920714e-23
  8.32720115e-53 1.20739432e-64 1.06884335e-28 1.00000000e+00
  1.23531408e-55 3.98415865e-91 3.15430834e-26 1.95002032e-42
  3.59057850e-52 3.74059615e-61 3.12565895e-43 2.04782860e-67
  5.99423860e-67 2.89922922e-60 1.60288320e-56 1.19480219e-39
  1.00000000e+00]
 [4.76295187e-54 1.77485539e-55 9.45313688e-36 2.43456168e-42
  4.01522534e-54 1.25629679e-50 7.58303818e-52 1.23531408e-55
  1.00000000e+00 1.44478385e-71 1.20680158e-66 1.26617886e-18
  1.39801153e-38 4.74211349e-47 1.24672741e-65 1.58204562e-94
  5.51266579e-43 1.11219329e-43 2.76522049e-46 6.19972566e-63
  1.00000000e+00]
 [1.78345441e-89 9.58598559e-26 1.59388429e-34 1.47123546e-68
  2.57399815e-67 2.17028019e-45 2.47604491e-32 3.98415865e-91
  1.44478385e-71 1.00000000e+00 2.70399507e-62 4.33070143e-38
  2.23381264e-39 1.59003533e-29 1.44323373e-41 5.90793703e-28
  1.19034279e-20 1.70420439e-33 1.71558133e-76 2.33760093e-63
  1.00000000e+00]
 [5.25615951e-35 6.24731208e-64 3.74125772e-27 4.58586754e-46
  3.92037859e-26 8.13278252e-41 3.32008050e-19 3.15430834e-26
  1.20680158e-66 2.70399507e-62 1.00000000e+00 8.65024126e-36
  6.21597544e-66 1.30362585e-70 1.07214110e-17 2.23299467e-35
  2.28002121e-62 5.05998194e-70 1.96900621e-39 1.81857790e-50
  1.00000000e+00]
 [3.64057598e-58 4.67360913e-46 6.70523143e-13 7.65045647e-49
  4.21339217e-21 6.75488746e-11 1.92545190e-26 1.95002032e-42
  1.26617886e-18 4.33070143e-38 8.65024126e-36 1.00000000e+00
  6.11304134e-17 2.57765595e-28 4.26906652e-33 4.39868501e-43
  8.11095684e-29 1.31450420e-20 1.24747075e-18 5.21913923e-25
  1.00000000e+00]
 [3.06426186e-61 1.12472668e-37 8.74608219e-23 3.72926141e-62
  2.97316489e-45 1.16992663e-23 6.48600412e-42 3.59057850e-52
  1.39801153e-38 2.23381264e-39 6.21597544e-66 6.11304134e-17
  1.00000000e+00 2.65469236e-37 7.56095814e-49 1.69228223e-40
  4.79265803e-17 7.65351752e-07 1.81593880e-48 3.34921354e-31
  1.00000000e+00]
 [2.60153173e-88 7.35468572e-22 1.36099781e-44 5.92112192e-43
  8.31336142e-79 1.94497238e-54 1.27542779e-33 3.74059615e-61
  4.74211349e-47 1.59003533e-29 1.30362585e-70 2.57765595e-28
  2.65469236e-37 1.00000000e+00 2.72187106e-58 3.13293715e-66
  3.83053956e-44 2.93424658e-34 2.89833093e-61 1.05722786e-38
  1.00000000e+00]
 [2.15986669e-43 4.29174418e-54 9.19949836e-09 8.38928131e-67
  4.25780833e-49 8.07348071e-32 2.49316768e-37 3.12565895e-43
  1.24672741e-65 1.44323373e-41 1.07214110e-17 4.26906652e-33
  7.56095814e-49 2.72187106e-58 1.00000000e+00 1.92750005e-13
  1.58413795e-53 1.18297374e-65 1.06344984e-27 8.32599088e-70
  1.00000000e+00]
 [8.94796370e-68 9.39665919e-56 1.73137372e-18 8.52565914e-91
  5.07572638e-51 3.17007065e-29 1.57250999e-41 2.04782860e-67
  1.58204562e-94 5.90793703e-28 2.23299467e-35 4.39868501e-43
  1.69228223e-40 3.13293715e-66 1.92750005e-13 1.00000000e+00
  3.70595081e-41 6.47171208e-51 6.98508381e-51 1.63874211e-65
  1.00000000e+00]
 [4.02325364e-54 9.03628218e-23 3.21178661e-32 9.06643830e-48
  2.55052110e-48 8.23143373e-43 8.27148907e-29 5.99423860e-67
  5.51266579e-43 1.19034279e-20 2.28002121e-62 8.11095684e-29
  4.79265803e-17 3.83053956e-44 1.58413795e-53 3.70595081e-41
  1.00000000e+00 3.62892300e-11 3.20325693e-80 7.07002294e-50
  1.00000000e+00]
 [9.26209219e-72 5.78856950e-33 1.45875729e-37 8.53005717e-55
  3.68352278e-41 1.73251468e-31 8.67139273e-32 2.89922922e-60
  1.11219329e-43 1.70420439e-33 5.05998194e-70 1.31450420e-20
  7.65351752e-07 2.93424658e-34 1.18297374e-65 6.47171208e-51
  3.62892300e-11 1.00000000e+00 3.12173227e-68 1.29206731e-22
  1.00000000e+00]
 [3.91078780e-81 1.35506530e-95 2.56925826e-17 1.99733199e-93
  1.43564094e-38 2.90128624e-16 3.95702822e-62 1.60288320e-56
  2.76522049e-46 1.71558133e-76 1.96900621e-39 1.24747075e-18
  1.81593880e-48 2.89833093e-61 1.06344984e-27 6.98508381e-51
  3.20325693e-80 3.12173227e-68 1.00000000e+00 1.98160838e-56
  1.00000000e+00]
 [7.18372706e-82 3.57022547e-57 3.80821920e-52 1.74506353e-53
  1.93975887e-29 1.01047034e-33 6.16971895e-25 1.19480219e-39
  6.19972566e-63 2.33760093e-63 1.81857790e-50 5.21913923e-25
  3.34921354e-31 1.05722786e-38 8.32599088e-70 1.63874211e-65
  7.07002294e-50 1.29206731e-22 1.98160838e-56 1.00000000e+00
  1.00000000e+00]
 [1.00000000e+00 1.00000000e+00 1.00000000e+00 1.00000000e+00
  1.00000000e+00 1.00000000e+00 1.00000000e+00 1.00000000e+00
  1.00000000e+00 1.00000000e+00 1.00000000e+00 1.00000000e+00
  1.00000000e+00 1.00000000e+00 1.00000000e+00 1.00000000e+00
  1.00000000e+00 1.00000000e+00 1.00000000e+00 1.00000000e+00
  0.00000000e+00]]
