[[1.00000000e+00 5.78003564e-29 1.09513600e-40 1.05255525e-15
  1.31838824e-22 2.81202900e-07 1.61208346e-42 3.12849712e-35
  2.30599429e-48 7.21162391e-36 2.14218694e-43 1.50787418e-24
  1.77941954e-16 6.21624344e-20 4.85681610e-18 2.94383680e-22
  1.13307596e-27 7.41337375e-27 1.37088504e-10 1.18140606e-33
  1.00000000e+00]
 [5.78003564e-29 1.00000000e+00 1.75885276e-43 9.33795150e-46
  1.44392212e-27 8.99593203e-30 1.13933050e-36 8.03316774e-49
  5.91606729e-39 4.24726888e-48 1.05909306e-25 2.14160014e-61
  5.72745349e-32 9.94780831e-40 2.53911962e-31 6.46475242e-26
  2.46600689e-26 8.71072532e-34 1.52707422e-19 1.28242202e-25
  1.00000000e+00]
 [1.09513600e-40 1.75885276e-43 1.00000000e+00 8.48134790e-61
  1.32811586e-09 2.15463089e-52 2.81369251e-18 2.71943790e-26
  4.46516839e-25 1.65757055e-82 2.66563745e-56 1.53045712e-23
  9.85784820e-64 4.36234702e-62 1.86325125e-33 5.58575103e-34
  3.34649745e-45 1.46129454e-76 2.43844143e-42 1.52008438e-25
  1.00000000e+00]
 [1.05255525e-15 9.33795150e-46 8.48134790e-61 1.00000000e+00
  1.83825516e-52 4.76008742e-29 1.79047819e-58 1.07355754e-47
  1.58904047e-67 1.21993179e-08 6.07210385e-53 4.72635325e-34
  5.54114470e-11 7.47775023e-30 1.79136470e-56 1.91798258e-59
  1.19227540e-30 1.95158351e-53 1.25920467e-29 6.23644728e-53
  1.00000000e+00]
 [1.31838824e-22 1.44392212e-27 1.32811586e-09 1.83825516e-52
  1.00000000e+00 1.97976268e-27 2.36031877e-28 9.44461761e-34
  1.20397521e-29 1.60381480e-76 8.60591210e-54 5.05788510e-24
  3.91350545e-53 1.69777747e-44 9.88907547e-17 5.27082773e-09
  1.15487462e-38 1.00594179e-50 4.23098647e-20 1.12100333e-25
  1.00000000e+00]
 [2.81202900e-07 8.99593203e-30 2.15463089e-52 4.76008742e-29
  1.97976268e-27 1.00000000e+00 3.01949883e-58 2.96469905e-60
  9.60970419e-62 2.84605357e-54 5.07273750e-48 1.49581017e-29
  8.41687013e-27 8.17501991e-10 1.23216544e-12 9.43467954e-17
  5.33572905e-32 2.12297397e-13 6.36566855e-19 5.43906497e-53
  1.00000000e+00]
 [1.61208346e-42 1.13933050e-36 2.81369251e-18 1.79047819e-58
  2.36031877e-28 3.01949883e-58 1.00000000e+00 1.32541795e-07
  3.66980308e-45 2.45924023e-74 9.01539592e-52 8.92790159e-53
  2.73666542e-58 1.53575352e-56 2.15442532e-41 1.20382500e-54
  2.52916739e-23 1.09042816e-58 2.39035391e-54 3.60248091e-25
  1.00000000e+00]
 [3.12849712e-35 8.03316774e-49 2.71943790e-26 1.07355754e-47
  9.44461761e-34 2.96469905e-60 1.32541795e-07 1.00000000e+00
  2.56772665e-52 6.72375398e-64 9.55764214e-64 3.21074023e-53
  7.52505566e-53 9.24697272e-65 1.03658730e-49 1.12997241e-61
  1.08762656e-29 7.21562342e-70 1.26189886e-48 5.09487482e-25
  1.00000000e+00]
 [2.30599429e-48 5.91606729e-39 4.46516839e-25 1.58904047e-67
  1.20397521e-29 9.60970419e-62 3.66980308e-45 2.56772665e-52
  1.00000000e+00 3.62194810e-73 9.42138762e-21 1.05909880e-38
  2.81661266e-44 5.65280187e-87 3.74168671e-39 1.11702656e-49
  5.11202426e-80 1.61429821e-92 2.39045941e-33 2.74426108e-10
  1.00000000e+00]
 [7.21162391e-36 4.24726888e-48 1.65757055e-82 1.21993179e-08
  1.60381480e-76 2.84605357e-54 2.45924023e-74 6.72375398e-64
  3.62194810e-73 1.00000000e+00 2.38628391e-51 6.28063988e-62
  2.95263572e-13 1.02166119e-55 3.37027523e-86 1.40326576e-85
  4.83746772e-45 3.48882746e-79 6.52948038e-40 4.38434643e-57
  1.00000000e+00]
 [2.14218694e-43 1.05909306e-25 2.66563745e-56 6.07210385e-53
  8.60591210e-54 5.07273750e-48 9.01539592e-52 9.55764214e-64
  9.42138762e-21 2.38628391e-51 1.00000000e+00 1.69106415e-56
  1.71850980e-21 6.20259632e-60 9.32986975e-39 1.01312046e-62
  1.48728033e-61 3.35738207e-57 4.66064215e-38 2.50207046e-22
  1.00000000e+00]
 [1.50787418e-24 2.14160014e-61 1.53045712e-23 4.72635325e-34
  5.05788510e-24 1.49581017e-29 8.92790159e-53 3.21074023e-53
  1.05909880e-38 6.28063988e-62 1.69106415e-56 1.00000000e+00
  2.78150469e-40 3.32198339e-38 3.06860762e-29 1.15570549e-37
  7.53499996e-56 9.53597737e-65 1.73853801e-37 1.60985190e-48
  1.00000000e+00]
 [1.77941954e-16 5.72745349e-32 9.85784820e-64 5.54114470e-11
  3.91350545e-53 8.41687013e-27 2.73666542e-58 7.52505566e-53
  2.81661266e-44 2.95263572e-13 1.71850980e-21 2.78150469e-40
  1.00000000e+00 1.74396903e-35 4.65364725e-43 3.95171927e-57
  1.29313616e-41 5.11059529e-46 4.26868174e-22 1.83709352e-34
  1.00000000e+00]
 [6.21624344e-20 9.94780831e-40 4.36234702e-62 7.47775023e-30
  1.69777747e-44 8.17501991e-10 1.53575352e-56 9.24697272e-65
  5.65280187e-87 1.02166119e-55 6.20259632e-60 3.32198339e-38
  1.74396903e-35 1.00000000e+00 1.55218567e-27 3.60068314e-37
  8.63315642e-20 4.55731695e-10 1.32559739e-44 1.16056592e-75
  1.00000000e+00]
 [4.85681610e-18 2.53911962e-31 1.86325125e-33 1.79136470e-56
  9.88907547e-17 1.23216544e-12 2.15442532e-41 1.03658730e-49
  3.74168671e-39 3.37027523e-86 9.32986975e-39 3.06860762e-29
  4.65364725e-43 1.55218567e-27 1.00000000e+00 9.20631787e-15
  1.30960087e-44 3.23306855e-22 4.79219237e-26 9.30566528e-36
  1.00000000e+00]
 [2.94383680e-22 6.46475242e-26 5.58575103e-34 1.91798258e-59
  5.27082773e-09 9.43467954e-17 1.20382500e-54 1.12997241e-61
  1.11702656e-49 1.40326576e-85 1.01312046e-62 1.15570549e-37
  3.95171927e-57 3.60068314e-37 9.20631787e-15 1.00000000e+00
  1.18336376e-45 9.05337272e-37 3.57217600e-17 7.15198152e-45
  1.00000000e+00]
 [1.13307596e-27 2.46600689e-26 3.34649745e-45 1.19227540e-30
  1.15487462e-38 5.33572905e-32 2.52916739e-23 1.08762656e-29
  5.11202426e-80 4.83746772e-45 1.48728033e-61 7.53499996e-56
  1.29313616e-41 8.63315642e-20 1.30960087e-44 1.18336376e-45
  1.00000000e+00 6.02297624e-27 6.19117030e-46 3.93089212e-54
  1.00000000e+00]
 [7.41337375e-27 8.71072532e-34 1.46129454e-76 1.95158351e-53
  1.00594179e-50 2.12297397e-13 1.09042816e-58 7.21562342e-70
  1.61429821e-92 3.48882746e-79 3.35738207e-57 9.53597737e-65
  5.11059529e-46 4.55731695e-10 3.23306855e-22 9.05337272e-37
  6.02297624e-27 1.00000000e+00 2.11870095e-47 1.18041090e-73
  1.00000000e+00]
 [1.37088504e-10 1.52707422e-19 2.43844143e-42 1.25920467e-29
  4.23098647e-20 6.36566855e-19 2.39035391e-54 1.26189886e-48
  2.39045941e-33 6.52948038e-40 4.66064215e-38 1.73853801e-37
  4.26868174e-22 1.32559739e-44 4.79219237e-26 3.57217600e-17
  6.19117030e-46 2.11870095e-47 1.00000000e+00 3.33234673e-23
  1.00000000e+00]
 [1.18140606e-33 1.28242202e-25 1.52008438e-25 6.23644728e-53
  1.12100333e-25 5.43906497e-53 3.60248091e-25 5.09487482e-25
  2.74426108e-10 4.38434643e-57 2.50207046e-22 1.60985190e-48
  1.83709352e-34 1.16056592e-75 9.30566528e-36 7.15198152e-45
  3.93089212e-54 1.18041090e-73 3.33234673e-23 1.00000000e+00
  1.00000000e+00]
 [1.00000000e+00 1.00000000e+00 1.00000000e+00 1.00000000e+00
  1.00000000e+00 1.00000000e+00 1.00000000e+00 1.00000000e+00
  1.00000000e+00 1.00000000e+00 1.00000000e+00 1.00000000e+00
  1.00000000e+00 1.00000000e+00 1.00000000e+00 1.00000000e+00
  1.00000000e+00 1.00000000e+00 1.00000000e+00 1.00000000e+00
  0.00000000e+00]]
