[[1.00000000e+00 6.13645404e-29 4.10162656e-38 ... 3.74875649e-59
  8.78544019e-35 1.00000000e+00]
 [6.13645404e-29 1.00000000e+00 1.56682793e-34 ... 1.03479653e-68
  7.33725344e-29 1.00000000e+00]
 [4.10162656e-38 1.56682793e-34 1.00000000e+00 ... 1.38296811e-61
  1.19872466e-19 1.00000000e+00]
 ...
 [3.74875649e-59 1.03479653e-68 1.38296811e-61 ... 1.00000000e+00
  1.69201457e-43 1.00000000e+00]
 [8.78544019e-35 7.33725344e-29 1.19872466e-19 ... 1.69201457e-43
  1.00000000e+00 1.00000000e+00]
 [1.00000000e+00 1.00000000e+00 1.00000000e+00 ... 1.00000000e+00
  1.00000000e+00 0.00000000e+00]]
