[[1.00000000e+00 4.10623666e-23 2.72606737e-49 ... 1.11503356e-82
  1.33180428e-65 1.00000000e+00]
 [4.10623666e-23 1.00000000e+00 1.06481100e-48 ... 2.77618011e-71
  2.40416654e-66 1.00000000e+00]
 [2.72606737e-49 1.06481100e-48 1.00000000e+00 ... 1.23630399e-40
  1.53583186e-15 1.00000000e+00]
 ...
 [1.11503356e-82 2.77618011e-71 1.23630399e-40 ... 1.00000000e+00
  1.05235778e-38 1.00000000e+00]
 [1.33180428e-65 2.40416654e-66 1.53583186e-15 ... 1.05235778e-38
  1.00000000e+00 1.00000000e+00]
 [1.00000000e+00 1.00000000e+00 1.00000000e+00 ... 1.00000000e+00
  1.00000000e+00 0.00000000e+00]]
