[[1.00000000e+000 8.30492858e-087 1.39883909e-096 1.33730345e-037
  3.00075335e-070 6.74660603e-091 1.11928097e-043 3.33677339e-088
  5.77781994e-115 9.36570637e-089 1.17188829e-109 1.42956663e-083
  6.39292905e-074 2.36719646e-083 1.24380928e-071 7.51331000e-083
  1.35432445e-042 4.86939626e-063 5.19096660e-065 2.78536230e-065
  1.00000000e+000]
 [8.30492858e-087 1.00000000e+000 8.03882092e-088 1.34631628e-025
  2.49762228e-016 1.50946720e-022 3.27740557e-023 5.40792472e-030
  9.84000309e-071 1.53974522e-055 4.16369306e-063 4.87521192e-019
  1.82156679e-088 1.98555458e-092 1.50937466e-050 3.91740195e-136
  1.19545978e-055 2.27229917e-073 9.18408920e-058 3.42040597e-070
  1.00000000e+000]
 [1.39883909e-096 8.03882092e-088 1.00000000e+000 4.19007233e-047
  1.92713791e-074 1.86367828e-052 1.08225375e-040 1.01554831e-107
  1.65283734e-008 1.57905578e-041 6.40343507e-019 4.89519378e-033
  5.59546486e-041 1.65685286e-037 3.30260998e-035 2.36117788e-024
  2.58808506e-046 1.81259394e-035 1.37793046e-064 1.24019584e-032
  1.00000000e+000]
 [1.33730345e-037 1.34631628e-025 4.19007233e-047 1.00000000e+000
  4.29801289e-037 6.72461191e-039 1.11907566e-015 2.26732841e-030
  2.73225619e-044 1.16374150e-035 9.12209969e-037 1.47028107e-017
  5.94520136e-056 6.28665228e-029 2.99560095e-036 6.44807481e-067
  1.26266788e-011 7.59443383e-027 5.90086376e-017 3.79653811e-038
  1.00000000e+000]
 [3.00075335e-070 2.49762228e-016 1.92713791e-074 4.29801289e-037
  1.00000000e+000 4.11124824e-012 3.62915760e-022 1.90063951e-046
  1.10212485e-074 5.51994259e-053 1.15282881e-077 4.10260142e-026
  2.38595678e-053 9.38943156e-112 2.43079577e-029 4.19177252e-105
  3.67253902e-072 9.50714555e-068 4.54827415e-070 1.78127049e-044
  1.00000000e+000]
 [6.74660603e-091 1.50946720e-022 1.86367828e-052 6.72461191e-039
  4.11124824e-012 1.00000000e+000 1.26181949e-023 5.03003088e-045
  1.80444282e-051 3.87592127e-054 2.05113662e-052 3.70127644e-016
  1.20912284e-069 1.32853359e-092 1.52177236e-020 4.97819995e-091
  2.15720821e-075 2.73109808e-053 1.77362687e-076 3.76861129e-055
  1.00000000e+000]
 [1.11928097e-043 3.27740557e-023 1.08225375e-040 1.11907566e-015
  3.62915760e-022 1.26181949e-023 1.00000000e+000 2.09003228e-061
  2.06814271e-036 6.41712190e-045 3.87988132e-036 4.19922621e-016
  1.70242910e-055 1.19451445e-060 1.98593273e-031 7.55493665e-078
  5.17952171e-025 2.64595586e-051 9.79904905e-057 3.64644330e-043
  1.00000000e+000]
 [3.33677339e-088 5.40792472e-030 1.01554831e-107 2.26732841e-030
  1.90063951e-046 5.03003088e-045 2.09003228e-061 1.00000000e+000
  5.85579844e-101 1.80500267e-056 6.02261180e-082 2.20409681e-045
  1.65592262e-103 1.01334208e-080 3.46742910e-066 2.60109421e-117
  1.52694154e-074 1.22073859e-041 2.44072154e-038 1.52386805e-084
  1.00000000e+000]
 [5.77781994e-115 9.84000309e-071 1.65283734e-008 2.73225619e-044
  1.10212485e-074 1.80444282e-051 2.06814271e-036 5.85579844e-101
  1.00000000e+000 1.64576673e-034 2.56656497e-005 3.06685126e-027
  1.52735030e-058 1.72277228e-040 4.01793496e-052 2.04947793e-048
  9.88647498e-043 3.43193454e-045 2.67532115e-068 3.96664755e-050
  1.00000000e+000]
 [9.36570637e-089 1.53974522e-055 1.57905578e-041 1.16374150e-035
  5.51994259e-053 3.87592127e-054 6.41712190e-045 1.80500267e-056
  1.64576673e-034 1.00000000e+000 8.79523657e-030 1.89131744e-044
  7.13535901e-033 9.12579986e-065 1.61234980e-069 1.15269907e-044
  6.27383374e-053 2.77264526e-026 2.01913755e-044 1.14238591e-040
  1.00000000e+000]
 [1.17188829e-109 4.16369306e-063 6.40343507e-019 9.12209969e-037
  1.15282881e-077 2.05113662e-052 3.87988132e-036 6.02261180e-082
  2.56656497e-005 8.79523657e-030 1.00000000e+000 1.99562243e-029
  2.55955670e-074 3.75419241e-036 8.18164771e-064 2.90168851e-055
  6.87407852e-039 4.53194228e-037 2.65390604e-063 1.33383433e-065
  1.00000000e+000]
 [1.42956663e-083 4.87521192e-019 4.89519378e-033 1.47028107e-017
  4.10260142e-026 3.70127644e-016 4.19922621e-016 2.20409681e-045
  3.06685126e-027 1.89131744e-044 1.99562243e-029 1.00000000e+000
  3.88346999e-059 6.79004622e-045 2.36506249e-018 9.00822279e-080
  2.89715811e-034 7.09692093e-045 6.37307681e-040 6.30873420e-037
  1.00000000e+000]
 [6.39292905e-074 1.82156679e-088 5.59546486e-041 5.94520136e-056
  2.38595678e-053 1.20912284e-069 1.70242910e-055 1.65592262e-103
  1.52735030e-058 7.13535901e-033 2.55955670e-074 3.88346999e-059
  1.00000000e+000 6.96766420e-084 4.29511341e-047 1.56799784e-034
  3.07620506e-065 2.34511205e-050 1.44563591e-054 1.83854459e-007
  1.00000000e+000]
 [2.36719646e-083 1.98555458e-092 1.65685286e-037 6.28665228e-029
  9.38943156e-112 1.32853359e-092 1.19451445e-060 1.01334208e-080
  1.72277228e-040 9.12579986e-065 3.75419241e-036 6.79004622e-045
  6.96766420e-084 1.00000000e+000 4.54134626e-062 8.60798728e-054
  8.69426827e-021 1.02791751e-032 6.59343167e-026 5.01495671e-058
  1.00000000e+000]
 [1.24380928e-071 1.50937466e-050 3.30260998e-035 2.99560095e-036
  2.43079577e-029 1.52177236e-020 1.98593273e-031 3.46742910e-066
  4.01793496e-052 1.61234980e-069 8.18164771e-064 2.36506249e-018
  4.29511341e-047 4.54134626e-062 1.00000000e+000 3.28109214e-062
  2.84423881e-058 8.48560163e-047 5.29648090e-054 7.54725439e-025
  1.00000000e+000]
 [7.51331000e-083 3.91740195e-136 2.36117788e-024 6.44807481e-067
  4.19177252e-105 4.97819995e-091 7.55493665e-078 2.60109421e-117
  2.04947793e-048 1.15269907e-044 2.90168851e-055 9.00822279e-080
  1.56799784e-034 8.60798728e-054 3.28109214e-062 1.00000000e+000
  3.47113307e-071 4.05164103e-023 2.19927764e-067 2.09774354e-038
  1.00000000e+000]
 [1.35432445e-042 1.19545978e-055 2.58808506e-046 1.26266788e-011
  3.67253902e-072 2.15720821e-075 5.17952171e-025 1.52694154e-074
  9.88647498e-043 6.27383374e-053 6.87407852e-039 2.89715811e-034
  3.07620506e-065 8.69426827e-021 2.84423881e-058 3.47113307e-071
  1.00000000e+000 5.23843756e-047 2.36521677e-027 1.49585985e-046
  1.00000000e+000]
 [4.86939626e-063 2.27229917e-073 1.81259394e-035 7.59443383e-027
  9.50714555e-068 2.73109808e-053 2.64595586e-051 1.22073859e-041
  3.43193454e-045 2.77264526e-026 4.53194228e-037 7.09692093e-045
  2.34511205e-050 1.02791751e-032 8.48560163e-047 4.05164103e-023
  5.23843756e-047 1.00000000e+000 3.03223406e-030 2.02545633e-043
  1.00000000e+000]
 [5.19096660e-065 9.18408920e-058 1.37793046e-064 5.90086376e-017
  4.54827415e-070 1.77362687e-076 9.79904905e-057 2.44072154e-038
  2.67532115e-068 2.01913755e-044 2.65390604e-063 6.37307681e-040
  1.44563591e-054 6.59343167e-026 5.29648090e-054 2.19927764e-067
  2.36521677e-027 3.03223406e-030 1.00000000e+000 6.72717723e-035
  1.00000000e+000]
 [2.78536230e-065 3.42040597e-070 1.24019584e-032 3.79653811e-038
  1.78127049e-044 3.76861129e-055 3.64644330e-043 1.52386805e-084
  3.96664755e-050 1.14238591e-040 1.33383433e-065 6.30873420e-037
  1.83854459e-007 5.01495671e-058 7.54725439e-025 2.09774354e-038
  1.49585985e-046 2.02545633e-043 6.72717723e-035 1.00000000e+000
  1.00000000e+000]
 [1.00000000e+000 1.00000000e+000 1.00000000e+000 1.00000000e+000
  1.00000000e+000 1.00000000e+000 1.00000000e+000 1.00000000e+000
  1.00000000e+000 1.00000000e+000 1.00000000e+000 1.00000000e+000
  1.00000000e+000 1.00000000e+000 1.00000000e+000 1.00000000e+000
  1.00000000e+000 1.00000000e+000 1.00000000e+000 1.00000000e+000
  0.00000000e+000]]
