[[1.00000000e+00 6.86583912e-62 1.39756004e-51 4.42689596e-59
  1.70212564e-58 5.63130666e-48 3.40569522e-45 4.86966145e-23
  2.83916602e-47 4.02726835e-57 4.49105304e-61 2.58564574e-63
  4.20043647e-73 4.11452846e-21 9.15317832e-48 4.43252301e-19
  2.51177279e-63 1.22173286e-28 2.09695533e-49 6.40541586e-16
  1.00000000e+00]
 [6.86583912e-62 1.00000000e+00 7.65824557e-57 2.57243828e-47
  1.08727335e-22 2.07503611e-81 3.01875792e-58 1.31443370e-16
  5.64173325e-54 1.14275895e-27 7.00579824e-15 2.53689475e-57
  3.85091808e-35 1.43762965e-60 1.96742243e-55 1.48343876e-63
  1.06141246e-40 1.06911982e-28 3.72844944e-66 2.82251902e-63
  1.00000000e+00]
 [1.39756004e-51 7.65824557e-57 1.00000000e+00 1.15633283e-13
  5.65940224e-43 3.28054123e-58 3.57651629e-79 4.07669538e-55
  4.57977683e-28 2.24249490e-35 9.24590056e-29 1.12732356e-42
  4.59281673e-23 1.55895092e-38 3.54255862e-62 5.97207807e-42
  1.44178108e-66 1.59111450e-28 3.04658359e-31 9.18764567e-19
  1.00000000e+00]
 [4.42689596e-59 2.57243828e-47 1.15633283e-13 1.00000000e+00
  3.12761878e-34 1.21682091e-54 1.33264680e-72 1.29905172e-44
  1.10229714e-31 2.08053374e-43 9.53868390e-30 3.25073320e-45
  3.46237478e-25 3.97441793e-26 3.56316565e-59 7.37880966e-32
  8.86345451e-50 9.50652237e-31 3.41038499e-26 1.54445124e-29
  1.00000000e+00]
 [1.70212564e-58 1.08727335e-22 5.65940224e-43 3.12761878e-34
  1.00000000e+00 6.04162047e-76 2.85021789e-73 2.21904337e-20
  1.87018982e-28 1.29157091e-32 4.66136545e-37 2.21305758e-63
  1.63984479e-36 1.87706488e-54 3.93599148e-70 4.10578551e-56
  3.56299693e-10 6.32252975e-17 2.22954560e-54 3.23456641e-42
  1.00000000e+00]
 [5.63130666e-48 2.07503611e-81 3.28054123e-58 1.21682091e-54
  6.04162047e-76 1.00000000e+00 3.00510941e-19 2.88890099e-65
  7.74036879e-25 1.13066231e-32 3.42026286e-81 1.12078789e-33
  9.66194305e-45 6.35515199e-53 1.67719901e-67 1.81422691e-42
  6.16555207e-58 8.40080572e-27 3.71481697e-13 3.97244426e-46
  1.00000000e+00]
 [3.40569522e-45 3.01875792e-58 3.57651629e-79 1.33264680e-72
  2.85021789e-73 3.00510941e-19 1.00000000e+00 8.14565240e-47
  3.36764983e-34 1.84684349e-29 7.45529837e-63 2.63796065e-20
  5.36547265e-43 4.24274612e-69 1.15096402e-30 7.37494257e-37
  9.90872255e-57 2.16033381e-33 4.84378704e-24 3.60174168e-53
  1.00000000e+00]
 [4.86966145e-23 1.31443370e-16 4.07669538e-55 1.29905172e-44
  2.21904337e-20 2.88890099e-65 8.14565240e-47 1.00000000e+00
  1.58816564e-44 1.03695431e-40 5.04980116e-32 2.31659403e-60
  1.94098859e-52 1.09835179e-29 3.44747909e-43 3.26160468e-30
  3.11105154e-29 3.08376751e-20 1.15331314e-55 7.69303326e-34
  1.00000000e+00]
 [2.83916602e-47 5.64173325e-54 4.57977683e-28 1.10229714e-31
  1.87018982e-28 7.74036879e-25 3.36764983e-34 1.58816564e-44
  1.00000000e+00 2.71219870e-15 9.43612377e-49 1.10717019e-20
  4.62654205e-17 7.61044167e-56 9.57949923e-48 2.69463417e-36
  2.30125446e-23 2.08486267e-10 4.80024682e-11 1.32908657e-22
  1.00000000e+00]
 [4.02726835e-57 1.14275895e-27 2.24249490e-35 2.08053374e-43
  1.29157091e-32 1.13066231e-32 1.84684349e-29 1.03695431e-40
  2.71219870e-15 1.00000000e+00 1.95791095e-28 2.69922055e-20
  4.78658390e-10 5.86109446e-70 1.23054928e-49 2.86409212e-57
  2.23964904e-36 9.32587674e-12 2.22554010e-25 1.91328403e-43
  1.00000000e+00]
 [4.49105304e-61 7.00579824e-15 9.24590056e-29 9.53868390e-30
  4.66136545e-37 3.42026286e-81 7.45529837e-63 5.04980116e-32
  9.43612377e-49 1.95791095e-28 1.00000000e+00 5.83156733e-37
  1.61162211e-19 1.70908193e-55 8.28829175e-36 3.62243964e-49
  2.34131476e-65 2.90155468e-36 8.66792505e-51 1.19436217e-44
  1.00000000e+00]
 [2.58564574e-63 2.53689475e-57 1.12732356e-42 3.25073320e-45
  2.21305758e-63 1.12078789e-33 2.63796065e-20 2.31659403e-60
  1.10717019e-20 2.69922055e-20 5.83156733e-37 1.00000000e+00
  8.39269040e-13 1.80126223e-76 4.56643285e-19 1.37826000e-36
  4.08674934e-62 2.47845195e-35 1.63566573e-12 1.03129487e-39
  1.00000000e+00]
 [4.20043647e-73 3.85091808e-35 4.59281673e-23 3.46237478e-25
  1.63984479e-36 9.66194305e-45 5.36547265e-43 1.94098859e-52
  4.62654205e-17 4.78658390e-10 1.61162211e-19 8.39269040e-13
  1.00000000e+00 8.74710688e-70 1.68640113e-40 7.70942912e-51
  1.17875096e-46 3.72767335e-24 3.04758482e-19 1.63010451e-41
  1.00000000e+00]
 [4.11452846e-21 1.43762965e-60 1.55895092e-38 3.97441793e-26
  1.87706488e-54 6.35515199e-53 4.24274612e-69 1.09835179e-29
  7.61044167e-56 5.86109446e-70 1.70908193e-55 1.80126223e-76
  8.74710688e-70 1.00000000e+00 8.05098118e-68 2.08511548e-19
  2.75282761e-65 6.73093678e-36 2.48153803e-46 4.58372274e-25
  1.00000000e+00]
 [9.15317832e-48 1.96742243e-55 3.54255862e-62 3.56316565e-59
  3.93599148e-70 1.67719901e-67 1.15096402e-30 3.44747909e-43
  9.57949923e-48 1.23054928e-49 8.28829175e-36 4.56643285e-19
  1.68640113e-40 8.05098118e-68 1.00000000e+00 2.79927323e-22
  9.33794599e-76 2.77103398e-53 3.59703625e-38 7.42453269e-38
  1.00000000e+00]
 [4.43252301e-19 1.48343876e-63 5.97207807e-42 7.37880966e-32
  4.10578551e-56 1.81422691e-42 7.37494257e-37 3.26160468e-30
  2.69463417e-36 2.86409212e-57 3.62243964e-49 1.37826000e-36
  7.70942912e-51 2.08511548e-19 2.79927323e-22 1.00000000e+00
  1.93045331e-57 1.88929904e-35 1.45473162e-24 6.26345724e-14
  1.00000000e+00]
 [2.51177279e-63 1.06141246e-40 1.44178108e-66 8.86345451e-50
  3.56299693e-10 6.16555207e-58 9.90872255e-57 3.11105154e-29
  2.30125446e-23 2.23964904e-36 2.34131476e-65 4.08674934e-62
  1.17875096e-46 2.75282761e-65 9.33794599e-76 1.93045331e-57
  1.00000000e+00 3.39387568e-18 5.36345213e-47 3.68826701e-52
  1.00000000e+00]
 [1.22173286e-28 1.06911982e-28 1.59111450e-28 9.50652237e-31
  6.32252975e-17 8.40080572e-27 2.16033381e-33 3.08376751e-20
  2.08486267e-10 9.32587674e-12 2.90155468e-36 2.47845195e-35
  3.72767335e-24 6.73093678e-36 2.77103398e-53 1.88929904e-35
  3.39387568e-18 1.00000000e+00 1.84185359e-23 1.90384941e-22
  1.00000000e+00]
 [2.09695533e-49 3.72844944e-66 3.04658359e-31 3.41038499e-26
  2.22954560e-54 3.71481697e-13 4.84378704e-24 1.15331314e-55
  4.80024682e-11 2.22554010e-25 8.66792505e-51 1.63566573e-12
  3.04758482e-19 2.48153803e-46 3.59703625e-38 1.45473162e-24
  5.36345213e-47 1.84185359e-23 1.00000000e+00 3.59667739e-27
  1.00000000e+00]
 [6.40541586e-16 2.82251902e-63 9.18764567e-19 1.54445124e-29
  3.23456641e-42 3.97244426e-46 3.60174168e-53 7.69303326e-34
  1.32908657e-22 1.91328403e-43 1.19436217e-44 1.03129487e-39
  1.63010451e-41 4.58372274e-25 7.42453269e-38 6.26345724e-14
  3.68826701e-52 1.90384941e-22 3.59667739e-27 1.00000000e+00
  1.00000000e+00]
 [1.00000000e+00 1.00000000e+00 1.00000000e+00 1.00000000e+00
  1.00000000e+00 1.00000000e+00 1.00000000e+00 1.00000000e+00
  1.00000000e+00 1.00000000e+00 1.00000000e+00 1.00000000e+00
  1.00000000e+00 1.00000000e+00 1.00000000e+00 1.00000000e+00
  1.00000000e+00 1.00000000e+00 1.00000000e+00 1.00000000e+00
  0.00000000e+00]]
