[[1.00000000e+000 1.35354791e-049 8.71265353e-053 3.38282054e-022
  8.54748633e-023 3.09875919e-035 3.43585453e-020 1.05872287e-070
  1.26649719e-024 5.99507888e-035 3.04683431e-038 1.74083413e-019
  2.25816184e-018 3.56961328e-067 1.62110841e-082 1.63029076e-051
  2.82579561e-033 1.47871842e-020 2.16203289e-030 9.91265662e-038
  1.00000000e+000]
 [1.35354791e-049 1.00000000e+000 2.07958816e-041 8.60228561e-033
  1.43865854e-024 1.13018150e-043 5.52726357e-032 7.59329435e-061
  4.09094756e-103 2.63344893e-033 8.57342428e-028 2.42871689e-037
  4.21740955e-021 2.45195798e-083 6.60639135e-050 9.89859424e-029
  5.57765396e-025 5.29064238e-031 2.26854611e-019 1.88038030e-045
  1.00000000e+000]
 [8.71265353e-053 2.07958816e-041 1.00000000e+000 4.78068363e-033
  1.93567252e-038 8.12723045e-058 4.92971550e-030 3.72305734e-053
  6.56844923e-061 3.54813036e-051 3.15380430e-054 4.20921972e-046
  3.72713705e-037 3.25030575e-045 1.14318619e-059 7.68000246e-047
  1.15195938e-028 1.46257735e-022 2.93312167e-014 1.94943488e-011
  1.00000000e+000]
 [3.38282054e-022 8.60228561e-033 4.78068363e-033 1.00000000e+000
  4.97334478e-045 6.43286746e-022 5.72024514e-039 8.69125710e-084
  1.96666605e-060 1.15687340e-048 2.23033911e-048 5.58816191e-043
  2.64310269e-018 7.76244670e-066 9.06737486e-087 8.50586731e-027
  8.40932398e-014 4.80383132e-009 5.61229190e-022 3.54238474e-034
  1.00000000e+000]
 [8.54748633e-023 1.43865854e-024 1.93567252e-038 4.97334478e-045
  1.00000000e+000 1.79548754e-049 1.89769026e-007 3.92502320e-033
  4.90030199e-043 1.39287639e-015 2.79472462e-023 1.55828624e-014
  9.83517321e-024 1.18377732e-055 5.81264051e-036 2.08686217e-045
  9.61704380e-035 1.60327990e-028 1.76156298e-016 2.65733412e-026
  1.00000000e+000]
 [3.09875919e-035 1.13018150e-043 8.12723045e-058 6.43286746e-022
  1.79548754e-049 1.00000000e+000 4.76103295e-055 2.21703948e-058
  1.05444334e-055 5.92874790e-047 1.00808972e-038 1.27127374e-045
  1.74373752e-040 4.49882055e-036 8.75101476e-106 1.09350999e-029
  2.20828423e-023 3.19261085e-021 1.87988780e-029 1.11809571e-059
  1.00000000e+000]
 [3.43585453e-020 5.52726357e-032 4.92971550e-030 5.72024514e-039
  1.89769026e-007 4.76103295e-055 1.00000000e+000 5.75672566e-034
  9.53490835e-037 2.52804604e-037 9.41824386e-036 1.22618137e-017
  2.67924856e-016 3.66708937e-064 5.06150321e-050 4.12667805e-043
  4.60594099e-026 5.21919484e-032 2.78191660e-023 6.04949900e-022
  1.00000000e+000]
 [1.05872287e-070 7.59329435e-061 3.72305734e-053 8.69125710e-084
  3.92502320e-033 2.21703948e-058 5.75672566e-034 1.00000000e+000
  1.39648652e-053 6.98573582e-060 1.02011724e-065 1.00597365e-059
  2.00041978e-071 2.28344218e-033 1.75463182e-060 5.75886781e-045
  1.03191062e-041 2.44385924e-062 3.82886159e-044 1.20591788e-045
  1.00000000e+000]
 [1.26649719e-024 4.09094756e-103 6.56844923e-061 1.96666605e-060
  4.90030199e-043 1.05444334e-055 9.53490835e-037 1.39648652e-053
  1.00000000e+000 3.13210005e-059 6.24819257e-072 1.64097475e-043
  1.38066193e-062 2.46790884e-039 5.20233549e-103 2.25191465e-080
  7.31029802e-059 1.29320397e-043 6.67723705e-051 2.83754093e-042
  1.00000000e+000]
 [5.99507888e-035 2.63344893e-033 3.54813036e-051 1.15687340e-048
  1.39287639e-015 5.92874790e-047 2.52804604e-037 6.98573582e-060
  3.13210005e-059 1.00000000e+000 6.66958912e-030 3.27445001e-032
  1.00250293e-047 3.24220923e-049 6.23406504e-034 1.68662693e-055
  1.03543290e-052 6.50220153e-022 7.48446924e-015 1.97418290e-034
  1.00000000e+000]
 [3.04683431e-038 8.57342428e-028 3.15380430e-054 2.23033911e-048
  2.79472462e-023 1.00808972e-038 9.41824386e-036 1.02011724e-065
  6.24819257e-072 6.66958912e-030 1.00000000e+000 1.79430200e-008
  3.38695971e-024 2.89259367e-066 1.73425586e-094 1.19955032e-073
  2.13222764e-054 3.71727932e-038 4.05376350e-024 2.67984779e-065
  1.00000000e+000]
 [1.74083413e-019 2.42871689e-037 4.20921972e-046 5.58816191e-043
  1.55828624e-014 1.27127374e-045 1.22618137e-017 1.00597365e-059
  1.64097475e-043 3.27445001e-032 1.79430200e-008 1.00000000e+000
  2.17714860e-015 1.18614221e-066 7.25970309e-089 8.29826451e-074
  7.43735993e-049 1.37073702e-034 4.94612396e-025 2.54627123e-049
  1.00000000e+000]
 [2.25816184e-018 4.21740955e-021 3.72713705e-037 2.64310269e-018
  9.83517321e-024 1.74373752e-040 2.67924856e-016 2.00041978e-071
  1.38066193e-062 1.00250293e-047 3.38695971e-024 2.17714860e-015
  1.00000000e+000 2.51513865e-087 7.43740468e-086 1.11375732e-044
  1.89298356e-023 6.97063528e-027 1.86853119e-025 1.25546872e-042
  1.00000000e+000]
 [3.56961328e-067 2.45195798e-083 3.25030575e-045 7.76244670e-066
  1.18377732e-055 4.49882055e-036 3.66708937e-064 2.28344218e-033
  2.46790884e-039 3.24220923e-049 2.89259367e-066 1.18614221e-066
  2.51513865e-087 1.00000000e+000 5.96029974e-086 1.08856977e-059
  5.97052957e-053 2.54326578e-037 4.56312342e-033 7.62105053e-043
  1.00000000e+000]
 [1.62110841e-082 6.60639135e-050 1.14318619e-059 9.06737486e-087
  5.81264051e-036 8.75101476e-106 5.06150321e-050 1.75463182e-060
  5.20233549e-103 6.23406504e-034 1.73425586e-094 7.25970309e-089
  7.43740468e-086 5.96029974e-086 1.00000000e+000 3.03384633e-054
  7.06206095e-064 2.34338785e-056 7.36651957e-042 4.64913235e-031
  1.00000000e+000]
 [1.63029076e-051 9.89859424e-029 7.68000246e-047 8.50586731e-027
  2.08686217e-045 1.09350999e-029 4.12667805e-043 5.75886781e-045
  2.25191465e-080 1.68662693e-055 1.19955032e-073 8.29826451e-074
  1.11375732e-044 1.08856977e-059 3.03384633e-054 1.00000000e+000
  1.64860834e-006 1.49956560e-028 1.26727676e-032 2.53517538e-037
  1.00000000e+000]
 [2.82579561e-033 5.57765396e-025 1.15195938e-028 8.40932398e-014
  9.61704380e-035 2.20828423e-023 4.60594099e-026 1.03191062e-041
  7.31029802e-059 1.03543290e-052 2.13222764e-054 7.43735993e-049
  1.89298356e-023 5.97052957e-053 7.06206095e-064 1.64860834e-006
  1.00000000e+000 5.19810342e-019 1.23662419e-022 4.28783871e-027
  1.00000000e+000]
 [1.47871842e-020 5.29064238e-031 1.46257735e-022 4.80383132e-009
  1.60327990e-028 3.19261085e-021 5.21919484e-032 2.44385924e-062
  1.29320397e-043 6.50220153e-022 3.71727932e-038 1.37073702e-034
  6.97063528e-027 2.54326578e-037 2.34338785e-056 1.49956560e-028
  5.19810342e-019 1.00000000e+000 3.64276814e-007 1.23983844e-017
  1.00000000e+000]
 [2.16203289e-030 2.26854611e-019 2.93312167e-014 5.61229190e-022
  1.76156298e-016 1.87988780e-029 2.78191660e-023 3.82886159e-044
  6.67723705e-051 7.48446924e-015 4.05376350e-024 4.94612396e-025
  1.86853119e-025 4.56312342e-033 7.36651957e-042 1.26727676e-032
  1.23662419e-022 3.64276814e-007 1.00000000e+000 5.41192740e-015
  1.00000000e+000]
 [9.91265662e-038 1.88038030e-045 1.94943488e-011 3.54238474e-034
  2.65733412e-026 1.11809571e-059 6.04949900e-022 1.20591788e-045
  2.83754093e-042 1.97418290e-034 2.67984779e-065 2.54627123e-049
  1.25546872e-042 7.62105053e-043 4.64913235e-031 2.53517538e-037
  4.28783871e-027 1.23983844e-017 5.41192740e-015 1.00000000e+000
  1.00000000e+000]
 [1.00000000e+000 1.00000000e+000 1.00000000e+000 1.00000000e+000
  1.00000000e+000 1.00000000e+000 1.00000000e+000 1.00000000e+000
  1.00000000e+000 1.00000000e+000 1.00000000e+000 1.00000000e+000
  1.00000000e+000 1.00000000e+000 1.00000000e+000 1.00000000e+000
  1.00000000e+000 1.00000000e+000 1.00000000e+000 1.00000000e+000
  0.00000000e+000]]
