[[1.00000000e+000 1.68032398e-020 1.36917200e-101 1.51662624e-065
  1.43052759e-014 4.32007613e-050 3.58286893e-035 2.60737516e-031
  9.35828387e-053 1.10449131e-050 4.13047846e-026 2.35308931e-048
  1.40180213e-033 2.27317149e-069 7.49121174e-040 1.51231663e-060
  3.74907692e-042 1.71815567e-062 5.00216440e-045 2.13311109e-019
  1.00000000e+000]
 [1.68032398e-020 1.00000000e+000 5.51592000e-078 3.10003270e-058
  9.15844091e-010 1.13935513e-057 1.18896526e-042 3.16918965e-009
  2.38657852e-052 5.91618514e-035 1.21601570e-051 7.02206713e-048
  4.88238169e-042 1.31085125e-070 1.78370189e-018 2.21373105e-086
  4.64425803e-063 5.12080048e-072 3.02374447e-056 7.04702336e-040
  1.00000000e+000]
 [1.36917200e-101 5.51592000e-078 1.00000000e+000 9.88090591e-016
  9.35320894e-063 2.39117217e-086 1.81907179e-052 1.15223653e-052
  1.14511796e-031 1.29510536e-065 4.82082652e-088 1.24596834e-062
  3.07519418e-038 1.50274695e-066 9.64668107e-077 3.26464729e-060
  2.63267291e-056 5.69634125e-042 6.74618615e-030 1.77399615e-063
  1.00000000e+000]
 [1.51662624e-065 3.10003270e-058 9.88090591e-016 1.00000000e+000
  3.60240587e-049 2.76743936e-094 1.39238993e-057 1.59611193e-038
  6.72172677e-036 1.15026404e-068 9.32985987e-064 1.72949123e-053
  1.01123845e-012 2.90329478e-051 3.11476350e-078 4.90900477e-050
  2.82217669e-047 1.95818009e-045 6.68256973e-022 1.88628627e-031
  1.00000000e+000]
 [1.43052759e-014 9.15844091e-010 9.35320894e-063 3.60240587e-049
  1.00000000e+000 8.91087669e-042 6.03913291e-023 2.53172895e-011
  7.44640484e-040 1.58954232e-028 9.76320398e-024 1.26812388e-027
  1.13806169e-028 3.17812443e-054 2.01836760e-016 9.66075701e-049
  1.96597071e-032 8.94300893e-034 2.99004300e-031 1.99594929e-027
  1.00000000e+000]
 [4.32007613e-050 1.13935513e-057 2.39117217e-086 2.76743936e-094
  8.91087669e-042 1.00000000e+000 8.61299403e-010 3.60372682e-070
  2.26810188e-021 1.57728057e-034 2.06584062e-060 7.35064238e-051
  4.15603673e-071 6.27452940e-065 2.29556962e-024 7.73098349e-061
  3.39081265e-037 1.03376812e-069 1.34012872e-047 4.35324247e-070
  1.00000000e+000]
 [3.58286893e-035 1.18896526e-042 1.81907179e-052 1.39238993e-057
  6.03913291e-023 8.61299403e-010 1.00000000e+000 2.97001018e-047
  3.79714612e-015 1.14953596e-035 1.13051790e-042 2.27533698e-042
  1.93128018e-044 2.26771332e-061 3.89367385e-024 6.67627475e-034
  2.86824806e-025 1.11023071e-036 7.63736728e-027 8.83083701e-045
  1.00000000e+000]
 [2.60737516e-031 3.16918965e-009 1.15223653e-052 1.59611193e-038
  2.53172895e-011 3.60372682e-070 2.97001018e-047 1.00000000e+000
  6.27426605e-046 2.11626594e-025 1.44791880e-039 2.25871552e-032
  8.88487402e-026 3.09045899e-054 4.84104426e-030 6.50607631e-082
  2.35267804e-049 3.39108305e-048 7.10086450e-038 9.46358749e-028
  1.00000000e+000]
 [9.35828387e-053 2.38657852e-052 1.14511796e-031 6.72172677e-036
  7.44640484e-040 2.26810188e-021 3.79714612e-015 6.27426605e-046
  1.00000000e+000 6.41117942e-026 1.19771947e-052 1.68550039e-035
  2.99117653e-030 1.01003554e-036 5.37036971e-038 7.53737848e-050
  1.29274042e-023 1.03041021e-047 7.34645042e-017 1.03204140e-038
  1.00000000e+000]
 [1.10449131e-050 5.91618514e-035 1.29510536e-065 1.15026404e-068
  1.58954232e-028 1.57728057e-034 1.14953596e-035 2.11626594e-025
  6.41117942e-026 1.00000000e+000 4.18239505e-039 3.22253564e-017
  9.88276956e-043 2.99767382e-032 1.50754133e-023 6.91643591e-090
  1.79562721e-031 1.79746182e-054 1.05321157e-033 2.91361287e-045
  1.00000000e+000]
 [4.13047846e-026 1.21601570e-051 4.82082652e-088 9.32985987e-064
  9.76320398e-024 2.06584062e-060 1.13051790e-042 1.44791880e-039
  1.19771947e-052 4.18239505e-039 1.00000000e+000 3.12583218e-016
  4.17927573e-024 8.37581864e-037 2.73771933e-055 1.01760800e-043
  1.82651483e-012 1.19049142e-024 3.50529246e-021 1.36877058e-019
  1.00000000e+000]
 [2.35308931e-048 7.02206713e-048 1.24596834e-062 1.72949123e-053
  1.26812388e-027 7.35064238e-051 2.27533698e-042 2.25871552e-032
  1.68550039e-035 3.22253564e-017 3.12583218e-016 1.00000000e+000
  3.74473297e-024 4.77967026e-010 7.36202901e-036 4.90434416e-051
  1.70446445e-011 2.60931479e-030 2.13691672e-016 1.48662272e-036
  1.00000000e+000]
 [1.40180213e-033 4.88238169e-042 3.07519418e-038 1.01123845e-012
  1.13806169e-028 4.15603673e-071 1.93128018e-044 8.88487402e-026
  2.99117653e-030 9.88276956e-043 4.17927573e-024 3.74473297e-024
  1.00000000e+000 1.13493331e-026 1.42939867e-059 9.20668965e-041
  1.59403629e-020 3.90885181e-032 4.12740664e-009 5.79896094e-009
  1.00000000e+000]
 [2.27317149e-069 1.31085125e-070 1.50274695e-066 2.90329478e-051
  3.17812443e-054 6.27452940e-065 2.26771332e-061 3.09045899e-054
  1.01003554e-036 2.99767382e-032 8.37581864e-037 4.77967026e-010
  1.13493331e-026 1.00000000e+000 2.80584335e-056 6.90448640e-060
  7.37244197e-020 9.58704421e-056 1.53780643e-021 3.14574277e-048
  1.00000000e+000]
 [7.49121174e-040 1.78370189e-018 9.64668107e-077 3.11476350e-078
  2.01836760e-016 2.29556962e-024 3.89367385e-024 4.84104426e-030
  5.37036971e-038 1.50754133e-023 2.73771933e-055 7.36202901e-036
  1.42939867e-059 2.80584335e-056 1.00000000e+000 1.00595291e-069
  1.49319783e-048 3.46502686e-065 2.87318367e-052 4.98750390e-067
  1.00000000e+000]
 [1.51231663e-060 2.21373105e-086 3.26464729e-060 4.90900477e-050
  9.66075701e-049 7.73098349e-061 6.67627475e-034 6.50607631e-082
  7.53737848e-050 6.91643591e-090 1.01760800e-043 4.90434416e-051
  9.20668965e-041 6.90448640e-060 1.00595291e-069 1.00000000e+000
  3.75893625e-026 2.06122915e-027 3.94117142e-026 1.37939597e-057
  1.00000000e+000]
 [3.74907692e-042 4.64425803e-063 2.63267291e-056 2.82217669e-047
  1.96597071e-032 3.39081265e-037 2.86824806e-025 2.35267804e-049
  1.29274042e-023 1.79562721e-031 1.82651483e-012 1.70446445e-011
  1.59403629e-020 7.37244197e-020 1.49319783e-048 3.75893625e-026
  1.00000000e+000 1.65024527e-019 3.41380811e-006 2.44871916e-027
  1.00000000e+000]
 [1.71815567e-062 5.12080048e-072 5.69634125e-042 1.95818009e-045
  8.94300893e-034 1.03376812e-069 1.11023071e-036 3.39108305e-048
  1.03041021e-047 1.79746182e-054 1.19049142e-024 2.60931479e-030
  3.90885181e-032 9.58704421e-056 3.46502686e-065 2.06122915e-027
  1.65024527e-019 1.00000000e+000 1.87921485e-016 4.71312871e-041
  1.00000000e+000]
 [5.00216440e-045 3.02374447e-056 6.74618615e-030 6.68256973e-022
  2.99004300e-031 1.34012872e-047 7.63736728e-027 7.10086450e-038
  7.34645042e-017 1.05321157e-033 3.50529246e-021 2.13691672e-016
  4.12740664e-009 1.53780643e-021 2.87318367e-052 3.94117142e-026
  3.41380811e-006 1.87921485e-016 1.00000000e+000 6.11125354e-020
  1.00000000e+000]
 [2.13311109e-019 7.04702336e-040 1.77399615e-063 1.88628627e-031
  1.99594929e-027 4.35324247e-070 8.83083701e-045 9.46358749e-028
  1.03204140e-038 2.91361287e-045 1.36877058e-019 1.48662272e-036
  5.79896094e-009 3.14574277e-048 4.98750390e-067 1.37939597e-057
  2.44871916e-027 4.71312871e-041 6.11125354e-020 1.00000000e+000
  1.00000000e+000]
 [1.00000000e+000 1.00000000e+000 1.00000000e+000 1.00000000e+000
  1.00000000e+000 1.00000000e+000 1.00000000e+000 1.00000000e+000
  1.00000000e+000 1.00000000e+000 1.00000000e+000 1.00000000e+000
  1.00000000e+000 1.00000000e+000 1.00000000e+000 1.00000000e+000
  1.00000000e+000 1.00000000e+000 1.00000000e+000 1.00000000e+000
  0.00000000e+000]]
