[[1.00000000e+00 1.35887390e-34 7.93354358e-69 ... 2.79805296e-25
  7.96584023e-53 1.00000000e+00]
 [1.35887390e-34 1.00000000e+00 5.30412493e-37 ... 7.35467269e-39
  1.90355275e-35 1.00000000e+00]
 [7.93354358e-69 5.30412493e-37 1.00000000e+00 ... 6.70752436e-58
  1.40405697e-47 1.00000000e+00]
 ...
 [2.79805296e-25 7.35467269e-39 6.70752436e-58 ... 1.00000000e+00
  4.07243967e-38 1.00000000e+00]
 [7.96584023e-53 1.90355275e-35 1.40405697e-47 ... 4.07243967e-38
  1.00000000e+00 1.00000000e+00]
 [1.00000000e+00 1.00000000e+00 1.00000000e+00 ... 1.00000000e+00
  1.00000000e+00 0.00000000e+00]]
