[[1.00000000e+000 4.67655665e-071 3.06733754e-071 9.79145395e-068
  1.48461493e-011 2.58742174e-073 1.38108112e-035 1.16155227e-075
  1.03873218e-090 5.43546574e-072 4.01447104e-088 1.14377809e-062
  3.48143454e-026 1.36536572e-093 4.60461191e-046 1.82292515e-089
  4.92609460e-108 3.86825641e-070 1.46741610e-083 5.88889042e-068
  1.00000000e+000]
 [4.67655665e-071 1.00000000e+000 7.00528391e-059 1.53802264e-033
  3.83905218e-073 1.45383171e-033 4.59675467e-066 8.12360985e-035
  1.45031792e-056 2.41566259e-036 2.18699284e-023 1.60053209e-080
  2.43294225e-030 3.23799610e-065 7.72624875e-044 1.89630026e-062
  3.56363129e-050 4.00614725e-034 3.11614555e-033 1.54172423e-051
  1.00000000e+000]
 [3.06733754e-071 7.00528391e-059 1.00000000e+000 1.89599707e-063
  1.38830234e-047 2.84133236e-017 1.25181954e-055 3.46881360e-022
  1.77303496e-085 5.83865405e-049 1.00808483e-052 2.59922551e-037
  5.30753073e-034 5.99714391e-032 2.93920370e-075 9.23944970e-037
  5.70823156e-061 1.16147352e-053 1.30593004e-058 5.31312986e-069
  1.00000000e+000]
 [9.79145395e-068 1.53802264e-033 1.89599707e-063 1.00000000e+000
  5.61825158e-048 1.00509033e-020 1.74093900e-017 5.03527845e-039
  3.58169914e-035 7.04686655e-029 4.14293312e-008 2.00446678e-031
  3.80036288e-039 7.56991942e-028 1.12606783e-035 9.10869601e-063
  1.36770179e-016 8.50368049e-014 8.99127758e-010 5.87422890e-018
  1.00000000e+000]
 [1.48461493e-011 3.83905218e-073 1.38830234e-047 5.61825158e-048
  1.00000000e+000 1.96185132e-044 2.10157695e-016 1.91088470e-063
  8.41100039e-066 1.17212059e-043 1.06022296e-067 9.82614731e-030
  3.99266647e-031 4.95222571e-050 3.50395852e-033 1.82604094e-055
  4.53636004e-072 1.45270603e-061 1.79435673e-057 6.84322653e-039
  1.00000000e+000]
 [2.58742174e-073 1.45383171e-033 2.84133236e-017 1.00509033e-020
  1.96185132e-044 1.00000000e+000 3.32086606e-032 6.40741326e-022
  4.34727921e-046 2.43880526e-018 7.86469906e-014 2.24804135e-021
  1.28154628e-032 4.59759514e-010 5.53798657e-041 5.18571259e-026
  5.29500707e-019 3.05230135e-027 4.34005511e-020 5.22019088e-030
  1.00000000e+000]
 [1.38108112e-035 4.59675467e-066 1.25181954e-055 1.74093900e-017
  2.10157695e-016 3.32086606e-032 1.00000000e+000 4.45092149e-046
  1.78951751e-054 4.69852083e-041 4.35284147e-037 9.64824206e-016
  6.07110742e-037 4.51574339e-033 4.26442460e-043 4.12940316e-071
  2.07885605e-043 1.56051617e-029 3.66477899e-030 9.77040001e-023
  1.00000000e+000]
 [1.16155227e-075 8.12360985e-035 3.46881360e-022 5.03527845e-039
  1.91088470e-063 6.40741326e-022 4.45092149e-046 1.00000000e+000
  2.00958657e-082 3.85348470e-056 7.07640530e-031 4.11179489e-047
  7.57828916e-031 1.95746318e-043 2.07124247e-089 6.46090504e-076
  1.23272673e-055 2.46143662e-021 8.27856034e-037 1.92012589e-059
  1.00000000e+000]
 [1.03873218e-090 1.45031792e-056 1.77303496e-085 3.58169914e-035
  8.41100039e-066 4.34727921e-046 1.78951751e-054 2.00958657e-082
  1.00000000e+000 8.07412983e-043 4.06037737e-052 2.22809754e-084
  1.19792163e-069 5.42410347e-035 9.40131201e-034 5.94416234e-038
  3.29784089e-018 2.88349866e-064 1.71867684e-019 4.95797351e-024
  1.00000000e+000]
 [5.43546574e-072 2.41566259e-036 5.83865405e-049 7.04686655e-029
  1.17212059e-043 2.43880526e-018 4.69852083e-041 3.85348470e-056
  8.07412983e-043 1.00000000e+000 1.32774848e-028 1.02554846e-037
  8.69178740e-058 1.91310734e-024 3.11823789e-022 2.63612822e-026
  8.33409462e-033 7.71199883e-061 1.68646110e-023 4.60150016e-015
  1.00000000e+000]
 [4.01447104e-088 2.18699284e-023 1.00808483e-052 4.14293312e-008
  1.06022296e-067 7.86469906e-014 4.35284147e-037 7.07640530e-031
  4.06037737e-052 1.32774848e-028 1.00000000e+000 2.85813754e-036
  6.40004514e-039 5.19582449e-031 2.73145743e-045 1.82738495e-059
  1.43528531e-019 1.15206688e-013 1.39128207e-017 1.00421017e-034
  1.00000000e+000]
 [1.14377809e-062 1.60053209e-080 2.59922551e-037 2.00446678e-031
  9.82614731e-030 2.24804135e-021 9.64824206e-016 4.11179489e-047
  2.22809754e-084 1.02554846e-037 2.85813754e-036 1.00000000e+000
  4.43549469e-048 3.50758054e-025 3.16337032e-056 8.71191495e-061
  1.38993473e-048 1.51756915e-041 1.73328699e-047 9.31907205e-041
  1.00000000e+000]
 [3.48143454e-026 2.43294225e-030 5.30753073e-034 3.80036288e-039
  3.99266647e-031 1.28154628e-032 6.07110742e-037 7.57828916e-031
  1.19792163e-069 8.69178740e-058 6.40004514e-039 4.43549469e-048
  1.00000000e+000 4.90931002e-061 2.32885629e-043 1.22007015e-061
  1.29450878e-061 3.63486217e-024 5.63215955e-054 1.04759753e-065
  1.00000000e+000]
 [1.36536572e-093 3.23799610e-065 5.99714391e-032 7.56991942e-028
  4.95222571e-050 4.59759514e-010 4.51574339e-033 1.95746318e-043
  5.42410347e-035 1.91310734e-024 5.19582449e-031 3.50758054e-025
  4.90931002e-061 1.00000000e+000 6.42694110e-050 5.25333686e-025
  1.66208785e-013 3.50717033e-047 5.14902246e-019 1.69264108e-022
  1.00000000e+000]
 [4.60461191e-046 7.72624875e-044 2.93920370e-075 1.12606783e-035
  3.50395852e-033 5.53798657e-041 4.26442460e-043 2.07124247e-089
  9.40131201e-034 3.11823789e-022 2.73145743e-045 3.16337032e-056
  2.32885629e-043 6.42694110e-050 1.00000000e+000 6.09212273e-032
  2.64952894e-042 2.54054373e-066 9.77869184e-043 6.88028372e-031
  1.00000000e+000]
 [1.82292515e-089 1.89630026e-062 9.23944970e-037 9.10869601e-063
  1.82604094e-055 5.18571259e-026 4.12940316e-071 6.46090504e-076
  5.94416234e-038 2.63612822e-026 1.82738495e-059 8.71191495e-061
  1.22007015e-061 5.25333686e-025 6.09212273e-032 1.00000000e+000
  4.20502497e-036 2.00857746e-087 1.02774065e-048 1.28497182e-046
  1.00000000e+000]
 [4.92609460e-108 3.56363129e-050 5.70823156e-061 1.36770179e-016
  4.53636004e-072 5.29500707e-019 2.07885605e-043 1.23272673e-055
  3.29784089e-018 8.33409462e-033 1.43528531e-019 1.38993473e-048
  1.29450878e-061 1.66208785e-013 2.64952894e-042 4.20502497e-036
  1.00000000e+000 5.56748950e-036 1.26596177e-011 2.04114934e-025
  1.00000000e+000]
 [3.86825641e-070 4.00614725e-034 1.16147352e-053 8.50368049e-014
  1.45270603e-061 3.05230135e-027 1.56051617e-029 2.46143662e-021
  2.88349866e-064 7.71199883e-061 1.15206688e-013 1.51756915e-041
  3.63486217e-024 3.50717033e-047 2.54054373e-066 2.00857746e-087
  5.56748950e-036 1.00000000e+000 5.36911604e-029 2.01618638e-052
  1.00000000e+000]
 [1.46741610e-083 3.11614555e-033 1.30593004e-058 8.99127758e-010
  1.79435673e-057 4.34005511e-020 3.66477899e-030 8.27856034e-037
  1.71867684e-019 1.68646110e-023 1.39128207e-017 1.73328699e-047
  5.63215955e-054 5.14902246e-019 9.77869184e-043 1.02774065e-048
  1.26596177e-011 5.36911604e-029 1.00000000e+000 5.92094542e-010
  1.00000000e+000]
 [5.88889042e-068 1.54172423e-051 5.31312986e-069 5.87422890e-018
  6.84322653e-039 5.22019088e-030 9.77040001e-023 1.92012589e-059
  4.95797351e-024 4.60150016e-015 1.00421017e-034 9.31907205e-041
  1.04759753e-065 1.69264108e-022 6.88028372e-031 1.28497182e-046
  2.04114934e-025 2.01618638e-052 5.92094542e-010 1.00000000e+000
  1.00000000e+000]
 [1.00000000e+000 1.00000000e+000 1.00000000e+000 1.00000000e+000
  1.00000000e+000 1.00000000e+000 1.00000000e+000 1.00000000e+000
  1.00000000e+000 1.00000000e+000 1.00000000e+000 1.00000000e+000
  1.00000000e+000 1.00000000e+000 1.00000000e+000 1.00000000e+000
  1.00000000e+000 1.00000000e+000 1.00000000e+000 1.00000000e+000
  0.00000000e+000]]
