[[1.00000000e+00 4.60525817e-66 5.42674002e-74 ... 5.03412854e-53
  8.49421399e-65 1.00000000e+00]
 [4.60525817e-66 1.00000000e+00 4.27804535e-10 ... 5.75825210e-27
  3.48372882e-43 1.00000000e+00]
 [5.42674002e-74 4.27804535e-10 1.00000000e+00 ... 3.57719040e-31
  3.98340110e-28 1.00000000e+00]
 ...
 [5.03412854e-53 5.75825210e-27 3.57719040e-31 ... 1.00000000e+00
  1.74903093e-46 1.00000000e+00]
 [8.49421399e-65 3.48372882e-43 3.98340110e-28 ... 1.74903093e-46
  1.00000000e+00 1.00000000e+00]
 [1.00000000e+00 1.00000000e+00 1.00000000e+00 ... 1.00000000e+00
  1.00000000e+00 0.00000000e+00]]
