[[1.00000000e+000 1.43489260e-040 6.53145941e-032 2.10826068e-045
  6.03925189e-029 1.17539705e-067 3.29036996e-034 4.69430971e-038
  9.50249481e-031 3.19601793e-044 3.26324472e-091 9.53063973e-046
  5.25160510e-069 2.36109575e-027 1.03872361e-039 2.99119583e-034
  3.83919863e-016 1.49345308e-023 7.65895557e-021 1.53497087e-041
  1.00000000e+000]
 [1.43489260e-040 1.00000000e+000 1.01085105e-029 1.91620709e-052
  2.42095402e-037 1.05907637e-032 1.02248609e-057 6.32101838e-041
  1.39572539e-063 1.04492107e-038 9.22981137e-062 3.38843998e-050
  4.49087210e-042 1.19448669e-013 4.28566392e-026 1.71779533e-024
  1.10910838e-030 1.32490322e-019 9.49089118e-047 9.87039513e-021
  1.00000000e+000]
 [6.53145941e-032 1.01085105e-029 1.00000000e+000 2.35001451e-034
  2.16572685e-022 4.63348440e-046 1.92861322e-021 5.26490163e-027
  5.38202992e-061 9.02749143e-014 3.01840457e-040 2.80080187e-034
  1.91342973e-012 3.04206110e-038 4.55508952e-035 1.25140219e-019
  1.02024666e-017 2.79635399e-027 3.01573993e-018 7.51465132e-018
  1.00000000e+000]
 [2.10826068e-045 1.91620709e-052 2.35001451e-034 1.00000000e+000
  1.27773769e-016 2.16128466e-059 9.73568104e-014 2.18628397e-047
  5.20140412e-025 1.39451124e-038 1.80152006e-102 6.30093457e-025
  1.92334268e-040 4.57941969e-056 1.94393960e-010 3.37242307e-024
  4.41968232e-019 5.65597726e-055 1.64666135e-039 4.86608336e-029
  1.00000000e+000]
 [6.03925189e-029 2.42095402e-037 2.16572685e-022 1.27773769e-016
  1.00000000e+000 2.16271464e-047 7.36006120e-006 3.99280995e-059
  7.51502777e-046 6.22140352e-015 1.44118208e-076 3.36084490e-031
  1.44530697e-040 2.96559529e-042 1.41325756e-016 3.54452969e-013
  4.65181268e-027 1.18898314e-029 1.45115361e-018 2.48299455e-026
  1.00000000e+000]
 [1.17539705e-067 1.05907637e-032 4.63348440e-046 2.16128466e-059
  2.16271464e-047 1.00000000e+000 1.07919996e-066 6.16741107e-047
  9.55976596e-067 2.27847578e-038 1.18373580e-097 1.11905293e-037
  1.04136668e-039 3.95746005e-019 2.26976093e-030 6.89074402e-016
  6.04610343e-055 9.52957222e-071 1.11900782e-057 6.52604643e-058
  1.00000000e+000]
 [3.29036996e-034 1.02248609e-057 1.92861322e-021 9.73568104e-014
  7.36006120e-006 1.07919996e-066 1.00000000e+000 2.51201720e-057
  3.68146480e-048 1.19934411e-017 1.11768986e-075 1.13061486e-029
  1.50926373e-037 1.74174416e-062 7.18920024e-026 9.37545053e-022
  4.10072900e-026 4.23053043e-040 7.02116752e-017 1.18037683e-033
  1.00000000e+000]
 [4.69430971e-038 6.32101838e-041 5.26490163e-027 2.18628397e-047
  3.99280995e-059 6.16741107e-047 2.51201720e-057 1.00000000e+000
  3.26047686e-041 2.86646629e-047 1.48376564e-064 1.21878668e-023
  3.42809618e-028 2.19489006e-030 5.10015014e-039 9.70075104e-032
  5.58803724e-015 1.06982038e-048 9.26453633e-037 7.61669208e-049
  1.00000000e+000]
 [9.50249481e-031 1.39572539e-063 5.38202992e-061 5.20140412e-025
  7.51502777e-046 9.55976596e-067 3.68146480e-048 3.26047686e-041
  1.00000000e+000 2.26957490e-079 2.35182643e-157 5.43966070e-043
  1.20982387e-081 8.58978314e-041 3.12871430e-026 1.59000406e-044
  3.05382198e-019 2.51045322e-073 2.64610914e-060 7.24692532e-052
  1.00000000e+000]
 [3.19601793e-044 1.04492107e-038 9.02749143e-014 1.39451124e-038
  6.22140352e-015 2.27847578e-038 1.19934411e-017 2.86646629e-047
  2.26957490e-079 1.00000000e+000 1.53661881e-034 7.41874400e-024
  3.50222400e-018 9.57516788e-046 3.38512609e-032 2.61636304e-010
  3.32124728e-038 7.51077381e-030 8.73757395e-011 2.01450369e-041
  1.00000000e+000]
 [3.26324472e-091 9.22981137e-062 3.01840457e-040 1.80152006e-102
  1.44118208e-076 1.18373580e-097 1.11768986e-075 1.48376564e-064
  2.35182643e-157 1.53661881e-034 1.00000000e+000 1.76800223e-062
  3.12521039e-036 5.43531011e-091 1.24100606e-089 1.42567070e-059
  4.27000110e-075 3.60505498e-039 1.35690690e-041 1.44072907e-080
  1.00000000e+000]
 [9.53063973e-046 3.38843998e-050 2.80080187e-034 6.30093457e-025
  3.36084490e-031 1.11905293e-037 1.13061486e-029 1.21878668e-023
  5.43966070e-043 7.41874400e-024 1.76800223e-062 1.00000000e+000
  3.67394468e-027 1.36085635e-041 3.68505139e-018 3.45098458e-012
  2.47391645e-026 2.60782196e-048 5.51212361e-021 2.35298153e-060
  1.00000000e+000]
 [5.25160510e-069 4.49087210e-042 1.91342973e-012 1.92334268e-040
  1.44530697e-040 1.04136668e-039 1.50926373e-037 3.42809618e-028
  1.20982387e-081 3.50222400e-018 3.12521039e-036 3.67394468e-027
  1.00000000e+000 6.67088741e-054 2.31254867e-038 4.62806298e-022
  9.25940339e-035 1.44020404e-052 6.64530343e-035 2.36430069e-036
  1.00000000e+000]
 [2.36109575e-027 1.19448669e-013 3.04206110e-038 4.57941969e-056
  2.96559529e-042 3.95746005e-019 1.74174416e-062 2.19489006e-030
  8.58978314e-041 9.57516788e-046 5.43531011e-091 1.36085635e-041
  6.67088741e-054 1.00000000e+000 3.88889504e-027 6.99535442e-021
  1.46151860e-028 1.38728943e-035 7.89983745e-044 4.69404629e-040
  1.00000000e+000]
 [1.03872361e-039 4.28566392e-026 4.55508952e-035 1.94393960e-010
  1.41325756e-016 2.26976093e-030 7.18920024e-026 5.10015014e-039
  3.12871430e-026 3.38512609e-032 1.24100606e-089 3.68505139e-018
  2.31254867e-038 3.88889504e-027 1.00000000e+000 8.50052781e-011
  2.47501167e-020 6.61327798e-040 8.51262756e-037 1.55168716e-028
  1.00000000e+000]
 [2.99119583e-034 1.71779533e-024 1.25140219e-019 3.37242307e-024
  3.54452969e-013 6.89074402e-016 9.37545053e-022 9.70075104e-032
  1.59000406e-044 2.61636304e-010 1.42567070e-059 3.45098458e-012
  4.62806298e-022 6.99535442e-021 8.50052781e-011 1.00000000e+000
  9.47011603e-025 1.43808431e-032 8.42345799e-018 1.62596231e-034
  1.00000000e+000]
 [3.83919863e-016 1.10910838e-030 1.02024666e-017 4.41968232e-019
  4.65181268e-027 6.04610343e-055 4.10072900e-026 5.58803724e-015
  3.05382198e-019 3.32124728e-038 4.27000110e-075 2.47391645e-026
  9.25940339e-035 1.46151860e-028 2.47501167e-020 9.47011603e-025
  1.00000000e+000 5.31116398e-029 6.96024383e-026 1.50882859e-020
  1.00000000e+000]
 [1.49345308e-023 1.32490322e-019 2.79635399e-027 5.65597726e-055
  1.18898314e-029 9.52957222e-071 4.23053043e-040 1.06982038e-048
  2.51045322e-073 7.51077381e-030 3.60505498e-039 2.60782196e-048
  1.44020404e-052 1.38728943e-035 6.61327798e-040 1.43808431e-032
  5.31116398e-029 1.00000000e+000 3.62999295e-021 1.14149805e-033
  1.00000000e+000]
 [7.65895557e-021 9.49089118e-047 3.01573993e-018 1.64666135e-039
  1.45115361e-018 1.11900782e-057 7.02116752e-017 9.26453633e-037
  2.64610914e-060 8.73757395e-011 1.35690690e-041 5.51212361e-021
  6.64530343e-035 7.89983745e-044 8.51262756e-037 8.42345799e-018
  6.96024383e-026 3.62999295e-021 1.00000000e+000 2.96091706e-050
  1.00000000e+000]
 [1.53497087e-041 9.87039513e-021 7.51465132e-018 4.86608336e-029
  2.48299455e-026 6.52604643e-058 1.18037683e-033 7.61669208e-049
  7.24692532e-052 2.01450369e-041 1.44072907e-080 2.35298153e-060
  2.36430069e-036 4.69404629e-040 1.55168716e-028 1.62596231e-034
  1.50882859e-020 1.14149805e-033 2.96091706e-050 1.00000000e+000
  1.00000000e+000]
 [1.00000000e+000 1.00000000e+000 1.00000000e+000 1.00000000e+000
  1.00000000e+000 1.00000000e+000 1.00000000e+000 1.00000000e+000
  1.00000000e+000 1.00000000e+000 1.00000000e+000 1.00000000e+000
  1.00000000e+000 1.00000000e+000 1.00000000e+000 1.00000000e+000
  1.00000000e+000 1.00000000e+000 1.00000000e+000 1.00000000e+000
  0.00000000e+000]]
