[[1.00000000e+000 3.36775893e-075 5.56317165e-102 7.09535592e-060
  3.16435852e-077 6.50223735e-075 1.47177213e-073 2.76706995e-065
  7.43985965e-084 1.15257657e-033 1.07727752e-053 3.24661665e-021
  1.18593702e-049 5.15998027e-096 5.72204527e-069 6.18972476e-016
  4.67337373e-049 4.09691327e-119 1.89346265e-039 3.74381974e-031
  1.00000000e+000]
 [3.36775893e-075 1.00000000e+000 1.75870021e-044 1.23806456e-033
  4.13791338e-079 1.76078365e-067 1.08648390e-073 1.67072277e-020
  2.27058647e-014 5.59794963e-045 2.80108670e-060 2.69893536e-064
  5.36259035e-034 4.08074657e-028 1.47322961e-079 4.12352339e-043
  1.04393822e-012 1.59188376e-031 5.48753025e-023 1.35943430e-051
  1.00000000e+000]
 [5.56317165e-102 1.75870021e-044 1.00000000e+000 6.49431312e-020
  1.09869384e-054 3.39806008e-033 6.29197150e-046 1.79235644e-059
  2.45584024e-018 1.54946313e-044 3.93283749e-035 8.76779301e-056
  3.29182562e-038 9.15894898e-052 5.58727434e-034 5.50879928e-048
  5.75814586e-034 2.96797022e-027 1.07245694e-052 6.09927027e-077
  1.00000000e+000]
 [7.09535592e-060 1.23806456e-033 6.49431312e-020 1.00000000e+000
  4.82057642e-030 2.02199485e-011 1.12380554e-043 8.99480283e-048
  3.40600533e-018 1.24094277e-033 1.00531554e-035 2.28209344e-020
  1.81640500e-036 1.25589219e-022 4.84033196e-014 4.44751675e-024
  8.09533479e-018 3.64203472e-016 1.13518994e-037 7.77104645e-041
  1.00000000e+000]
 [3.16435852e-077 4.13791338e-079 1.09869384e-054 4.82057642e-030
  1.00000000e+000 1.39461360e-037 9.72581691e-023 7.21637852e-049
  5.94246615e-040 1.21762453e-043 9.35285401e-063 4.58823327e-024
  3.44938402e-055 1.20671922e-061 5.14576905e-036 4.75917519e-041
  6.56818411e-070 7.92749170e-060 1.93355460e-045 1.33112401e-048
  1.00000000e+000]
 [6.50223735e-075 1.76078365e-067 3.39806008e-033 2.02199485e-011
  1.39461360e-037 1.00000000e+000 2.65821561e-069 5.02917276e-076
  1.84059801e-038 8.80451274e-066 2.90045034e-030 2.58070369e-029
  4.98354894e-048 3.66107370e-033 1.44063660e-019 2.98669320e-047
  4.46105066e-048 2.62503359e-028 1.08759283e-070 7.22064416e-050
  1.00000000e+000]
 [1.47177213e-073 1.08648390e-073 6.29197150e-046 1.12380554e-043
  9.72581691e-023 2.65821561e-069 1.00000000e+000 3.88850574e-050
  6.22551641e-042 6.96497543e-016 9.14518649e-059 1.52942563e-035
  1.57891671e-062 1.12543505e-101 2.01190331e-052 9.27408090e-032
  9.25249964e-062 1.67219100e-077 7.91286307e-039 5.97514227e-050
  1.00000000e+000]
 [2.76706995e-065 1.67072277e-020 1.79235644e-059 8.99480283e-048
  7.21637852e-049 5.02917276e-076 3.88850574e-050 1.00000000e+000
  5.92656148e-018 1.53781440e-040 3.55001256e-058 6.45318941e-054
  4.12778955e-021 1.61878138e-045 1.05767519e-089 5.38257227e-041
  3.05749523e-040 2.07050976e-060 8.20341158e-010 1.50372334e-041
  1.00000000e+000]
 [7.43985965e-084 2.27058647e-014 2.45584024e-018 3.40600533e-018
  5.94246615e-040 1.84059801e-038 6.22551641e-042 5.92656148e-018
  1.00000000e+000 8.91653423e-039 3.15990096e-038 4.65852118e-049
  4.38288155e-025 1.55542022e-025 1.66186452e-053 6.41575959e-041
  2.50602858e-024 3.78498155e-017 3.38108884e-025 3.35496380e-045
  1.00000000e+000]
 [1.15257657e-033 5.59794963e-045 1.54946313e-044 1.24094277e-033
  1.21762453e-043 8.80451274e-066 6.96497543e-016 1.53781440e-040
  8.91653423e-039 1.00000000e+000 1.93613850e-047 2.39327378e-022
  1.78832996e-043 1.40769174e-083 3.59211294e-045 1.71510713e-007
  1.05534260e-026 5.45551380e-073 3.69711137e-019 5.36909221e-036
  1.00000000e+000]
 [1.07727752e-053 2.80108670e-060 3.93283749e-035 1.00531554e-035
  9.35285401e-063 2.90045034e-030 9.14518649e-059 3.55001256e-058
  3.15990096e-038 1.93613850e-047 1.00000000e+000 2.03104825e-041
  9.90362642e-032 2.40655746e-071 3.14890339e-058 2.54000449e-041
  5.20851387e-051 5.56068417e-058 8.48696762e-058 2.67303149e-030
  1.00000000e+000]
 [3.24661665e-021 2.69893536e-064 8.76779301e-056 2.28209344e-020
  4.58823327e-024 2.58070369e-029 1.52942563e-035 6.45318941e-054
  4.65852118e-049 2.39327378e-022 2.03104825e-041 1.00000000e+000
  3.85289891e-040 1.64724360e-058 2.96254901e-020 1.09830135e-008
  3.59287638e-037 4.92965175e-067 1.18541754e-032 1.32820036e-028
  1.00000000e+000]
 [1.18593702e-049 5.36259035e-034 3.29182562e-038 1.81640500e-036
  3.44938402e-055 4.98354894e-048 1.57891671e-062 4.12778955e-021
  4.38288155e-025 1.78832996e-043 9.90362642e-032 3.85289891e-040
  1.00000000e+000 2.67467655e-042 3.98496650e-058 1.54819490e-031
  7.72339800e-035 6.20895869e-063 7.12424034e-018 3.99298270e-053
  1.00000000e+000]
 [5.15998027e-096 4.08074657e-028 9.15894898e-052 1.25589219e-022
  1.20671922e-061 3.66107370e-033 1.12543505e-101 1.61878138e-045
  1.55542022e-025 1.40769174e-083 2.40655746e-071 1.64724360e-058
  2.67467655e-042 1.00000000e+000 6.15976018e-055 9.81584431e-063
  4.31558373e-033 6.02817483e-019 1.46088566e-050 4.21303710e-069
  1.00000000e+000]
 [5.72204527e-069 1.47322961e-079 5.58727434e-034 4.84033196e-014
  5.14576905e-036 1.44063660e-019 2.01190331e-052 1.05767519e-089
  1.66186452e-053 3.59211294e-045 3.14890339e-058 2.96254901e-020
  3.98496650e-058 6.15976018e-055 1.00000000e+000 5.80291593e-031
  6.39435243e-042 2.04260119e-050 2.07048249e-062 8.17353596e-075
  1.00000000e+000]
 [6.18972476e-016 4.12352339e-043 5.50879928e-048 4.44751675e-024
  4.75917519e-041 2.98669320e-047 9.27408090e-032 5.38257227e-041
  6.41575959e-041 1.71510713e-007 2.54000449e-041 1.09830135e-008
  1.54819490e-031 9.81584431e-063 5.80291593e-031 1.00000000e+000
  8.13640449e-020 2.07032803e-068 6.30276197e-017 9.01670666e-031
  1.00000000e+000]
 [4.67337373e-049 1.04393822e-012 5.75814586e-034 8.09533479e-018
  6.56818411e-070 4.46105066e-048 9.25249964e-062 3.05749523e-040
  2.50602858e-024 1.05534260e-026 5.20851387e-051 3.59287638e-037
  7.72339800e-035 4.31558373e-033 6.39435243e-042 8.13640449e-020
  1.00000000e+000 6.48673075e-034 4.42314745e-024 6.12687141e-049
  1.00000000e+000]
 [4.09691327e-119 1.59188376e-031 2.96797022e-027 3.64203472e-016
  7.92749170e-060 2.62503359e-028 1.67219100e-077 2.07050976e-060
  3.78498155e-017 5.45551380e-073 5.56068417e-058 4.92965175e-067
  6.20895869e-063 6.02817483e-019 2.04260119e-050 2.07032803e-068
  6.48673075e-034 1.00000000e+000 1.66355580e-067 5.04853760e-066
  1.00000000e+000]
 [1.89346265e-039 5.48753025e-023 1.07245694e-052 1.13518994e-037
  1.93355460e-045 1.08759283e-070 7.91286307e-039 8.20341158e-010
  3.38108884e-025 3.69711137e-019 8.48696762e-058 1.18541754e-032
  7.12424034e-018 1.46088566e-050 2.07048249e-062 6.30276197e-017
  4.42314745e-024 1.66355580e-067 1.00000000e+000 5.48640330e-043
  1.00000000e+000]
 [3.74381974e-031 1.35943430e-051 6.09927027e-077 7.77104645e-041
  1.33112401e-048 7.22064416e-050 5.97514227e-050 1.50372334e-041
  3.35496380e-045 5.36909221e-036 2.67303149e-030 1.32820036e-028
  3.99298270e-053 4.21303710e-069 8.17353596e-075 9.01670666e-031
  6.12687141e-049 5.04853760e-066 5.48640330e-043 1.00000000e+000
  1.00000000e+000]
 [1.00000000e+000 1.00000000e+000 1.00000000e+000 1.00000000e+000
  1.00000000e+000 1.00000000e+000 1.00000000e+000 1.00000000e+000
  1.00000000e+000 1.00000000e+000 1.00000000e+000 1.00000000e+000
  1.00000000e+000 1.00000000e+000 1.00000000e+000 1.00000000e+000
  1.00000000e+000 1.00000000e+000 1.00000000e+000 1.00000000e+000
  0.00000000e+000]]
