[[1.00000000e+00 1.71532372e-37 9.86758899e-18 ... 5.28051885e-54
  1.90560046e-48 1.00000000e+00]
 [1.71532372e-37 1.00000000e+00 9.30323148e-50 ... 1.39188242e-40
  3.05650641e-44 1.00000000e+00]
 [9.86758899e-18 9.30323148e-50 1.00000000e+00 ... 7.11129923e-50
  1.33085773e-18 1.00000000e+00]
 ...
 [5.28051885e-54 1.39188242e-40 7.11129923e-50 ... 1.00000000e+00
  8.86488446e-46 1.00000000e+00]
 [1.90560046e-48 3.05650641e-44 1.33085773e-18 ... 8.86488446e-46
  1.00000000e+00 1.00000000e+00]
 [1.00000000e+00 1.00000000e+00 1.00000000e+00 ... 1.00000000e+00
  1.00000000e+00 0.00000000e+00]]
