[[1.00000000e+00 2.60700876e-16 6.86337166e-18 ... 2.43471844e-18
  2.98937370e-86 1.00000000e+00]
 [2.60700876e-16 1.00000000e+00 9.76075508e-47 ... 3.46316476e-20
  7.00365460e-66 1.00000000e+00]
 [6.86337166e-18 9.76075508e-47 1.00000000e+00 ... 7.91769859e-45
  1.64488903e-78 1.00000000e+00]
 ...
 [2.43471844e-18 3.46316476e-20 7.91769859e-45 ... 1.00000000e+00
  5.99263484e-50 1.00000000e+00]
 [2.98937370e-86 7.00365460e-66 1.64488903e-78 ... 5.99263484e-50
  1.00000000e+00 1.00000000e+00]
 [1.00000000e+00 1.00000000e+00 1.00000000e+00 ... 1.00000000e+00
  1.00000000e+00 0.00000000e+00]]
