[[1.00000000e+00 1.12637948e-18 1.91316698e-42 ... 7.45964964e-43
  1.57894042e-49 1.00000000e+00]
 [1.12637948e-18 1.00000000e+00 1.95389935e-53 ... 1.01981564e-25
  1.06997385e-34 1.00000000e+00]
 [1.91316698e-42 1.95389935e-53 1.00000000e+00 ... 1.88310019e-18
  5.52421435e-21 1.00000000e+00]
 ...
 [7.45964964e-43 1.01981564e-25 1.88310019e-18 ... 1.00000000e+00
  1.31097667e-16 1.00000000e+00]
 [1.57894042e-49 1.06997385e-34 5.52421435e-21 ... 1.31097667e-16
  1.00000000e+00 1.00000000e+00]
 [1.00000000e+00 1.00000000e+00 1.00000000e+00 ... 1.00000000e+00
  1.00000000e+00 0.00000000e+00]]
