[[1.00000000e+00 3.26857129e-73 3.94129870e-28 ... 2.61094589e-35
  4.58318306e-57 1.00000000e+00]
 [3.26857129e-73 1.00000000e+00 2.57893774e-40 ... 1.09960762e-53
  4.65245262e-49 1.00000000e+00]
 [3.94129870e-28 2.57893774e-40 1.00000000e+00 ... 1.15587582e-36
  7.16476708e-40 1.00000000e+00]
 ...
 [2.61094589e-35 1.09960762e-53 1.15587582e-36 ... 1.00000000e+00
  2.00823200e-81 1.00000000e+00]
 [4.58318306e-57 4.65245262e-49 7.16476708e-40 ... 2.00823200e-81
  1.00000000e+00 1.00000000e+00]
 [1.00000000e+00 1.00000000e+00 1.00000000e+00 ... 1.00000000e+00
  1.00000000e+00 0.00000000e+00]]
