[[1.00000000e+00 4.72395626e-09 2.09965273e-97 ... 1.21235072e-45
  1.82361300e-17 1.00000000e+00]
 [4.72395626e-09 1.00000000e+00 3.75672871e-81 ... 1.55055304e-32
  7.29445054e-23 1.00000000e+00]
 [2.09965273e-97 3.75672871e-81 1.00000000e+00 ... 1.07214777e-52
  2.73314228e-99 1.00000000e+00]
 ...
 [1.21235072e-45 1.55055304e-32 1.07214777e-52 ... 1.00000000e+00
  2.23885256e-68 1.00000000e+00]
 [1.82361300e-17 7.29445054e-23 2.73314228e-99 ... 2.23885256e-68
  1.00000000e+00 1.00000000e+00]
 [1.00000000e+00 1.00000000e+00 1.00000000e+00 ... 1.00000000e+00
  1.00000000e+00 0.00000000e+00]]
