[[1.00000000e+000 3.23757524e-043 1.30845221e-045 6.23536686e-055
  5.22054172e-059 1.33659388e-051 1.40343841e-062 2.00044770e-052
  1.00000000e+000]
 [3.23757524e-043 1.00000000e+000 4.92547051e-100 4.65165796e-058
  6.45220929e-054 2.16322953e-058 1.07117008e-042 2.30823057e-045
  1.00000000e+000]
 [1.30845221e-045 4.92547051e-100 1.00000000e+000 6.19974004e-050
  1.14547558e-052 1.63282081e-051 1.81527797e-046 3.67813395e-049
  1.00000000e+000]
 [6.23536686e-055 4.65165796e-058 6.19974004e-050 1.00000000e+000
  6.60663117e-049 1.43257116e-051 1.77162145e-044 7.70889544e-053
  1.00000000e+000]
 [5.22054172e-059 6.45220929e-054 1.14547558e-052 6.60663117e-049
  1.00000000e+000 4.51756154e-053 2.52520761e-051 1.37621964e-061
  1.00000000e+000]
 [1.33659388e-051 2.16322953e-058 1.63282081e-051 1.43257116e-051
  4.51756154e-053 1.00000000e+000 4.08655547e-050 1.85014010e-046
  1.00000000e+000]
 [1.40343841e-062 1.07117008e-042 1.81527797e-046 1.77162145e-044
  2.52520761e-051 4.08655547e-050 1.00000000e+000 7.28047752e-058
  1.00000000e+000]
 [2.00044770e-052 2.30823057e-045 3.67813395e-049 7.70889544e-053
  1.37621964e-061 1.85014010e-046 7.28047752e-058 1.00000000e+000
  1.00000000e+000]
 [1.00000000e+000 1.00000000e+000 1.00000000e+000 1.00000000e+000
  1.00000000e+000 1.00000000e+000 1.00000000e+000 1.00000000e+000
  0.00000000e+000]]
