[[1.00000000e+00 1.35738650e-79 2.19009648e-48 ... 1.66109171e-27
  8.78965472e-41 1.00000000e+00]
 [1.35738650e-79 1.00000000e+00 4.86996009e-75 ... 7.89352661e-82
  9.41613719e-39 1.00000000e+00]
 [2.19009648e-48 4.86996009e-75 1.00000000e+00 ... 9.16323732e-09
  4.12055327e-40 1.00000000e+00]
 ...
 [1.66109171e-27 7.89352661e-82 9.16323732e-09 ... 1.00000000e+00
  5.33247390e-52 1.00000000e+00]
 [8.78965472e-41 9.41613719e-39 4.12055327e-40 ... 5.33247390e-52
  1.00000000e+00 1.00000000e+00]
 [1.00000000e+00 1.00000000e+00 1.00000000e+00 ... 1.00000000e+00
  1.00000000e+00 0.00000000e+00]]
