[[1.00000000e+00 5.05987827e-49 3.09924638e-64 ... 3.81683097e-40
  4.16061891e-27 1.00000000e+00]
 [5.05987827e-49 1.00000000e+00 1.74726152e-69 ... 1.78785235e-23
  1.42740260e-31 1.00000000e+00]
 [3.09924638e-64 1.74726152e-69 1.00000000e+00 ... 7.39866455e-55
  1.68427826e-33 1.00000000e+00]
 ...
 [3.81683097e-40 1.78785235e-23 7.39866455e-55 ... 1.00000000e+00
  2.01858267e-34 1.00000000e+00]
 [4.16061891e-27 1.42740260e-31 1.68427826e-33 ... 2.01858267e-34
  1.00000000e+00 1.00000000e+00]
 [1.00000000e+00 1.00000000e+00 1.00000000e+00 ... 1.00000000e+00
  1.00000000e+00 0.00000000e+00]]
