[[1.00000000e+00 9.03502267e-58 2.90217348e-32 ... 6.83030508e-43
  2.12468069e-23 1.00000000e+00]
 [9.03502267e-58 1.00000000e+00 1.10776044e-51 ... 1.81729569e-32
  2.50573196e-66 1.00000000e+00]
 [2.90217348e-32 1.10776044e-51 1.00000000e+00 ... 2.75778884e-18
  1.58004336e-37 1.00000000e+00]
 ...
 [6.83030508e-43 1.81729569e-32 2.75778884e-18 ... 1.00000000e+00
  3.15864690e-51 1.00000000e+00]
 [2.12468069e-23 2.50573196e-66 1.58004336e-37 ... 3.15864690e-51
  1.00000000e+00 1.00000000e+00]
 [1.00000000e+00 1.00000000e+00 1.00000000e+00 ... 1.00000000e+00
  1.00000000e+00 0.00000000e+00]]
