[[1.00000000e+00 1.08850739e-42 1.39895617e-37 3.07643909e-50
  3.76423658e-36 4.70796172e-69 1.62736201e-43 4.00560471e-40
  4.10278571e-54 2.98104087e-44 7.13902876e-61 5.21517955e-26
  4.89246910e-43 2.37075463e-33 3.55543378e-54 3.87987497e-52
  4.79308647e-46 2.12211765e-58 2.94046442e-29 4.24985214e-59
  1.00000000e+00]
 [1.08850739e-42 1.00000000e+00 3.22033921e-38 1.14558684e-53
  2.48035071e-44 1.72784199e-56 3.34819887e-64 7.43070147e-36
  2.61359117e-76 1.42230717e-41 1.83146685e-49 3.85276611e-15
  3.46957994e-63 2.17978849e-49 2.34310081e-56 8.45369268e-50
  6.03440544e-22 1.90982311e-40 8.01249430e-83 1.51645440e-29
  1.00000000e+00]
 [1.39895617e-37 3.22033921e-38 1.00000000e+00 1.36848001e-24
  6.92417360e-50 3.88925392e-42 1.23845502e-52 5.91938815e-75
  1.78212203e-85 2.40769992e-17 1.16214995e-26 8.43498300e-49
  7.91504479e-38 4.44549721e-42 1.26093977e-33 2.10046283e-30
  1.51267449e-15 6.33065055e-27 4.59729093e-48 4.32180322e-47
  1.00000000e+00]
 [3.07643909e-50 1.14558684e-53 1.36848001e-24 1.00000000e+00
  1.23964473e-31 4.77759188e-38 1.12362878e-80 3.72208255e-74
  7.42697908e-64 5.09867143e-56 2.44324360e-22 3.45618971e-81
  3.61695386e-34 1.29911657e-64 8.58864777e-55 1.93581656e-60
  6.22321283e-22 3.64367207e-25 3.28902790e-43 1.50126977e-53
  1.00000000e+00]
 [3.76423658e-36 2.48035071e-44 6.92417360e-50 1.23964473e-31
  1.00000000e+00 1.23259620e-32 1.66810351e-50 1.18709760e-21
  9.65773106e-22 1.84079535e-46 2.94943170e-32 7.08747634e-57
  8.26308564e-14 3.49416240e-27 1.96777756e-28 5.17956006e-32
  4.79937489e-34 4.28226739e-33 2.74325786e-31 3.55263023e-43
  1.00000000e+00]
 [4.70796172e-69 1.72784199e-56 3.88925392e-42 4.77759188e-38
  1.23259620e-32 1.00000000e+00 2.46234968e-32 4.59357947e-72
  2.72712481e-46 3.16035018e-30 8.30452840e-04 1.14266689e-66
  5.74429669e-14 1.13845699e-30 2.68284484e-24 5.30629957e-27
  2.16196813e-34 1.57859452e-06 2.12087074e-34 4.06651902e-13
  1.00000000e+00]
 [1.62736201e-43 3.34819887e-64 1.23845502e-52 1.12362878e-80
  1.66810351e-50 2.46234968e-32 1.00000000e+00 1.19401283e-79
  2.04038490e-75 1.49269446e-31 1.39639537e-37 1.07820255e-37
  2.06457273e-31 2.42195427e-07 1.06371265e-20 1.23309820e-25
  1.58562287e-48 7.96309258e-32 8.09846757e-23 2.37299098e-33
  1.00000000e+00]
 [4.00560471e-40 7.43070147e-36 5.91938815e-75 3.72208255e-74
  1.18709760e-21 4.59357947e-72 1.19401283e-79 1.00000000e+00
  1.92280763e-25 1.45287244e-56 1.17025358e-74 1.49869324e-44
  1.72580062e-46 9.66849450e-50 4.62113727e-61 7.41839058e-51
  7.89773111e-65 3.47248492e-75 2.65071660e-76 1.44982823e-58
  1.00000000e+00]
 [4.10278571e-54 2.61359117e-76 1.78212203e-85 7.42697908e-64
  9.65773106e-22 2.72712481e-46 2.04038490e-75 1.92280763e-25
  1.00000000e+00 4.94757252e-62 5.74029313e-54 1.11777551e-81
  1.95655891e-24 6.79247397e-56 2.03291077e-64 2.17804544e-57
  2.41351836e-86 1.58249201e-64 9.24423735e-51 3.73029312e-52
  1.00000000e+00]
 [2.98104087e-44 1.42230717e-41 2.40769992e-17 5.09867143e-56
  1.84079535e-46 3.16035018e-30 1.49269446e-31 1.45287244e-56
  4.94757252e-62 1.00000000e+00 1.11854677e-27 1.26420275e-40
  2.51890365e-25 4.12763296e-23 2.53980038e-18 1.36458364e-08
  2.90977208e-34 2.21819680e-30 7.50936494e-49 6.10965918e-32
  1.00000000e+00]
 [7.13902876e-61 1.83146685e-49 1.16214995e-26 2.44324360e-22
  2.94943170e-32 8.30452840e-04 1.39639537e-37 1.17025358e-74
  5.74029313e-54 1.11854677e-27 1.00000000e+00 3.28455425e-64
  9.64426347e-16 4.12771290e-34 4.59654503e-25 1.84452772e-28
  4.04595589e-22 5.96025802e-03 9.95385501e-33 5.51239010e-17
  1.00000000e+00]
 [5.21517955e-26 3.85276611e-15 8.43498300e-49 3.45618971e-81
  7.08747634e-57 1.14266689e-66 1.07820255e-37 1.49869324e-44
  1.11777551e-81 1.26420275e-40 3.28455425e-64 1.00000000e+00
  1.04113246e-66 3.07102315e-34 1.17303082e-56 1.70672744e-50
  9.17684109e-41 2.81618604e-53 1.50171670e-65 4.05254601e-34
  1.00000000e+00]
 [4.89246910e-43 3.46957994e-63 7.91504479e-38 3.61695386e-34
  8.26308564e-14 5.74429669e-14 2.06457273e-31 1.72580062e-46
  1.95655891e-24 2.51890365e-25 9.64426347e-16 1.04113246e-66
  1.00000000e+00 5.06162009e-19 2.16095612e-15 6.34366068e-17
  1.04869905e-39 9.67656794e-22 1.31245209e-17 3.68338642e-34
  1.00000000e+00]
 [2.37075463e-33 2.17978849e-49 4.44549721e-42 1.29911657e-64
  3.49416240e-27 1.13845699e-30 2.42195427e-07 9.66849450e-50
  6.79247397e-56 4.12763296e-23 4.12771290e-34 3.07102315e-34
  5.06162009e-19 1.00000000e+00 2.64330783e-08 1.15885536e-11
  1.93639510e-35 1.20256070e-29 5.13684677e-22 1.31322780e-35
  1.00000000e+00]
 [3.55543378e-54 2.34310081e-56 1.26093977e-33 8.58864777e-55
  1.96777756e-28 2.68284484e-24 1.06371265e-20 4.62113727e-61
  2.03291077e-64 2.53980038e-18 4.59654503e-25 1.17303082e-56
  2.16095612e-15 2.64330783e-08 1.00000000e+00 3.16780316e-04
  1.83275710e-28 2.23889284e-23 9.15100256e-33 2.50302774e-41
  1.00000000e+00]
 [3.87987497e-52 8.45369268e-50 2.10046283e-30 1.93581656e-60
  5.17956006e-32 5.30629957e-27 1.23309820e-25 7.41839058e-51
  2.17804544e-57 1.36458364e-08 1.84452772e-28 1.70672744e-50
  6.34366068e-17 1.15885536e-11 3.16780316e-04 1.00000000e+00
  1.25715174e-33 3.28325435e-29 1.20489116e-42 3.45545561e-38
  1.00000000e+00]
 [4.79308647e-46 6.03440544e-22 1.51267449e-15 6.22321283e-22
  4.79937489e-34 2.16196813e-34 1.58562287e-48 7.89773111e-65
  2.41351836e-86 2.90977208e-34 4.04595589e-22 9.17684109e-41
  1.04869905e-39 1.93639510e-35 1.83275710e-28 1.25715174e-33
  1.00000000e+00 9.84654888e-15 2.73643827e-50 1.89963577e-35
  1.00000000e+00]
 [2.12211765e-58 1.90982311e-40 6.33065055e-27 3.64367207e-25
  4.28226739e-33 1.57859452e-06 7.96309258e-32 3.47248492e-75
  1.58249201e-64 2.21819680e-30 5.96025802e-03 2.81618604e-53
  9.67656794e-22 1.20256070e-29 2.23889284e-23 3.28325435e-29
  9.84654888e-15 1.00000000e+00 6.50348991e-34 1.21423699e-14
  1.00000000e+00]
 [2.94046442e-29 8.01249430e-83 4.59729093e-48 3.28902790e-43
  2.74325786e-31 2.12087074e-34 8.09846757e-23 2.65071660e-76
  9.24423735e-51 7.50936494e-49 9.95385501e-33 1.50171670e-65
  1.31245209e-17 5.13684677e-22 9.15100256e-33 1.20489116e-42
  2.73643827e-50 6.50348991e-34 1.00000000e+00 2.67376757e-52
  1.00000000e+00]
 [4.24985214e-59 1.51645440e-29 4.32180322e-47 1.50126977e-53
  3.55263023e-43 4.06651902e-13 2.37299098e-33 1.44982823e-58
  3.73029312e-52 6.10965918e-32 5.51239010e-17 4.05254601e-34
  3.68338642e-34 1.31322780e-35 2.50302774e-41 3.45545561e-38
  1.89963577e-35 1.21423699e-14 2.67376757e-52 1.00000000e+00
  1.00000000e+00]
 [1.00000000e+00 1.00000000e+00 1.00000000e+00 1.00000000e+00
  1.00000000e+00 1.00000000e+00 1.00000000e+00 1.00000000e+00
  1.00000000e+00 1.00000000e+00 1.00000000e+00 1.00000000e+00
  1.00000000e+00 1.00000000e+00 1.00000000e+00 1.00000000e+00
  1.00000000e+00 1.00000000e+00 1.00000000e+00 1.00000000e+00
  0.00000000e+00]]
