[[1.00000000e+00 4.58542908e-21 2.25448589e-55 ... 2.85493243e-23
  3.13327533e-17 1.00000000e+00]
 [4.58542908e-21 1.00000000e+00 4.66575892e-72 ... 5.04641425e-33
  1.30715472e-51 1.00000000e+00]
 [2.25448589e-55 4.66575892e-72 1.00000000e+00 ... 5.51192752e-44
  1.12682897e-33 1.00000000e+00]
 ...
 [2.85493243e-23 5.04641425e-33 5.51192752e-44 ... 1.00000000e+00
  3.56232908e-12 1.00000000e+00]
 [3.13327533e-17 1.30715472e-51 1.12682897e-33 ... 3.56232908e-12
  1.00000000e+00 1.00000000e+00]
 [1.00000000e+00 1.00000000e+00 1.00000000e+00 ... 1.00000000e+00
  1.00000000e+00 0.00000000e+00]]
