[[1.00000000e+00 3.09612141e-49 8.26735531e-88 ... 2.18263098e-38
  1.68457207e-57 1.00000000e+00]
 [3.09612141e-49 1.00000000e+00 6.93472220e-72 ... 3.31276406e-42
  4.87262922e-63 1.00000000e+00]
 [8.26735531e-88 6.93472220e-72 1.00000000e+00 ... 2.93715445e-57
  2.95831374e-36 1.00000000e+00]
 ...
 [2.18263098e-38 3.31276406e-42 2.93715445e-57 ... 1.00000000e+00
  3.62410709e-19 1.00000000e+00]
 [1.68457207e-57 4.87262922e-63 2.95831374e-36 ... 3.62410709e-19
  1.00000000e+00 1.00000000e+00]
 [1.00000000e+00 1.00000000e+00 1.00000000e+00 ... 1.00000000e+00
  1.00000000e+00 0.00000000e+00]]
