[[1.00000000e+00 4.64097831e-46 7.25131623e-38 ... 9.68687542e-55
  5.68500916e-46 1.00000000e+00]
 [4.64097831e-46 1.00000000e+00 8.60350241e-21 ... 2.33865730e-42
  4.00185346e-59 1.00000000e+00]
 [7.25131623e-38 8.60350241e-21 1.00000000e+00 ... 1.04859065e-42
  2.49346482e-57 1.00000000e+00]
 ...
 [9.68687542e-55 2.33865730e-42 1.04859065e-42 ... 1.00000000e+00
  3.79003059e-09 1.00000000e+00]
 [5.68500916e-46 4.00185346e-59 2.49346482e-57 ... 3.79003059e-09
  1.00000000e+00 1.00000000e+00]
 [1.00000000e+00 1.00000000e+00 1.00000000e+00 ... 1.00000000e+00
  1.00000000e+00 0.00000000e+00]]
