[[1.00000000e+00 1.38406191e-63 3.11663012e-24 5.61782859e-59
  1.76737902e-37 8.18345341e-36 3.34708148e-34 5.02225605e-43
  1.15831866e-58 2.09179350e-26 1.54241397e-52 1.44205771e-28
  1.81579301e-19 3.20203444e-37 3.04171233e-18 2.99554684e-28
  4.23488777e-32 2.14991900e-18 3.84529871e-26 2.65184779e-55
  1.00000000e+00]
 [1.38406191e-63 1.00000000e+00 1.60860948e-48 5.87839899e-46
  1.76279132e-62 4.97956340e-40 8.10465686e-87 2.27149491e-19
  5.34431050e-32 1.61991333e-61 2.52524491e-19 4.39392411e-45
  1.16510712e-48 8.03848408e-61 4.97399079e-69 5.03814879e-84
  1.70981510e-40 1.16771769e-22 1.24940146e-46 1.15972241e-73
  1.00000000e+00]
 [3.11663012e-24 1.60860948e-48 1.00000000e+00 3.08308490e-89
  2.30245694e-50 1.45008001e-78 1.98044888e-46 1.57187729e-37
  1.59882533e-65 1.37136989e-31 4.54252550e-36 1.06757807e-67
  1.14260007e-38 7.62869817e-55 4.94531031e-30 9.05044527e-75
  5.67482385e-64 1.24910972e-21 9.03893391e-41 2.05817551e-66
  1.00000000e+00]
 [5.61782859e-59 5.87839899e-46 3.08308490e-89 1.00000000e+00
  1.56669043e-76 1.22128215e-17 1.56672032e-66 5.51071054e-66
  1.16483440e-32 1.41229650e-97 1.89463381e-30 6.06165895e-44
  3.62247424e-59 3.95634197e-77 3.28333629e-52 1.73488208e-55
  1.74471496e-18 4.71932543e-31 4.01569579e-68 2.08832446e-96
  1.00000000e+00]
 [1.76737902e-37 1.76279132e-62 2.30245694e-50 1.56669043e-76
  1.00000000e+00 1.25665439e-47 6.02899367e-60 3.76010876e-64
  1.13129961e-39 5.09618734e-19 2.04752543e-63 1.30371799e-69
  3.62412914e-11 3.59038503e-55 2.38507051e-31 1.81967940e-58
  6.40633382e-34 7.16128773e-31 3.08799244e-54 9.22816705e-81
  1.00000000e+00]
 [8.18345341e-36 4.97956340e-40 1.45008001e-78 1.22128215e-17
  1.25665439e-47 1.00000000e+00 1.22199652e-61 2.65355001e-41
  1.14376879e-28 2.39866948e-56 6.03427412e-47 8.28223881e-14
  9.51091371e-29 4.54222057e-44 1.28432182e-47 2.30421928e-27
  5.29946997e-07 7.74612265e-24 5.05523325e-37 4.68490578e-65
  1.00000000e+00]
 [3.34708148e-34 8.10465686e-87 1.98044888e-46 1.56672032e-66
  6.02899367e-60 1.22199652e-61 1.00000000e+00 5.25849898e-55
  1.42240578e-40 1.11534265e-38 1.74089390e-45 1.95909256e-72
  7.19681155e-33 1.99770638e-56 3.19236600e-12 1.21329461e-22
  2.47509846e-36 4.43798524e-25 5.77121170e-28 1.21877318e-74
  1.00000000e+00]
 [5.02225605e-43 2.27149491e-19 1.57187729e-37 5.51071054e-66
  3.76010876e-64 2.65355001e-41 5.25849898e-55 1.00000000e+00
  2.55235287e-32 5.81811443e-33 1.79618411e-35 4.86658336e-28
  6.32777544e-37 5.61279810e-26 4.00135461e-58 5.96130396e-47
  3.68150316e-36 7.32450103e-19 9.51167138e-17 7.54022229e-34
  1.00000000e+00]
 [1.15831866e-58 5.34431050e-32 1.59882533e-65 1.16483440e-32
  1.13129961e-39 1.14376879e-28 1.42240578e-40 2.55235287e-32
  1.00000000e+00 1.07833046e-42 5.56390363e-27 8.46762950e-53
  2.49566824e-30 2.57371831e-39 8.24095415e-41 5.65740326e-42
  1.16401726e-11 1.17829101e-17 1.15525448e-40 1.16883558e-54
  1.00000000e+00]
 [2.09179350e-26 1.61991333e-61 1.37136989e-31 1.41229650e-97
  5.09618734e-19 2.39866948e-56 1.11534265e-38 5.81811443e-33
  1.07833046e-42 1.00000000e+00 4.74641066e-65 2.87835030e-54
  1.12920107e-10 9.84765460e-29 2.70452789e-31 3.01458168e-38
  9.05974430e-40 2.00215345e-25 2.32974300e-23 3.81478372e-46
  1.00000000e+00]
 [1.54241397e-52 2.52524491e-19 4.54252550e-36 1.89463381e-30
  2.04752543e-63 6.03427412e-47 1.74089390e-45 1.79618411e-35
  5.56390363e-27 4.74641066e-65 1.00000000e+00 8.01417091e-64
  7.29252625e-46 1.19195059e-74 4.20772882e-34 1.98952572e-69
  1.66083465e-35 5.05747663e-13 1.69362501e-44 1.12177112e-90
  1.00000000e+00]
 [1.44205771e-28 4.39392411e-45 1.06757807e-67 6.06165895e-44
  1.30371799e-69 8.28223881e-14 1.95909256e-72 4.86658336e-28
  8.46762950e-53 2.87835030e-54 8.01417091e-64 1.00000000e+00
  8.00683133e-41 1.57046892e-29 2.63194072e-64 4.13444401e-31
  3.09164461e-25 2.68706343e-31 2.30944176e-30 1.22913328e-42
  1.00000000e+00]
 [1.81579301e-19 1.16510712e-48 1.14260007e-38 3.62247424e-59
  3.62412914e-11 9.51091371e-29 7.19681155e-33 6.32777544e-37
  2.49566824e-30 1.12920107e-10 7.29252625e-46 8.00683133e-41
  1.00000000e+00 1.07132251e-41 3.15637125e-17 1.92302221e-25
  1.48668504e-19 1.08793825e-14 7.66052399e-19 1.09751855e-66
  1.00000000e+00]
 [3.20203444e-37 8.03848408e-61 7.62869817e-55 3.95634197e-77
  3.59038503e-55 4.54222057e-44 1.99770638e-56 5.61279810e-26
  2.57371831e-39 9.84765460e-29 1.19195059e-74 1.57046892e-29
  1.07132251e-41 1.00000000e+00 2.09487400e-62 1.37271188e-38
  9.83909702e-33 4.19773562e-34 5.18499034e-40 4.97868375e-04
  1.00000000e+00]
 [3.04171233e-18 4.97399079e-69 4.94531031e-30 3.28333629e-52
  2.38507051e-31 1.28432182e-47 3.19236600e-12 4.00135461e-58
  8.24095415e-41 2.70452789e-31 4.20772882e-34 2.63194072e-64
  3.15637125e-17 2.09487400e-62 1.00000000e+00 1.08885356e-31
  9.23831806e-30 2.67880950e-15 5.00441010e-32 2.65632726e-86
  1.00000000e+00]
 [2.99554684e-28 5.03814879e-84 9.05044527e-75 1.73488208e-55
  1.81967940e-58 2.30421928e-27 1.21329461e-22 5.96130396e-47
  5.65740326e-42 3.01458168e-38 1.98952572e-69 4.13444401e-31
  1.92302221e-25 1.37271188e-38 1.08885356e-31 1.00000000e+00
  1.28636176e-19 4.40314308e-31 3.47346904e-18 4.43966942e-59
  1.00000000e+00]
 [4.23488777e-32 1.70981510e-40 5.67482385e-64 1.74471496e-18
  6.40633382e-34 5.29946997e-07 2.47509846e-36 3.68150316e-36
  1.16401726e-11 9.05974430e-40 1.66083465e-35 3.09164461e-25
  1.48668504e-19 9.83909702e-33 9.23831806e-30 1.28636176e-19
  1.00000000e+00 4.33032079e-14 4.15967835e-31 7.02227912e-52
  1.00000000e+00]
 [2.14991900e-18 1.16771769e-22 1.24910972e-21 4.71932543e-31
  7.16128773e-31 7.74612265e-24 4.43798524e-25 7.32450103e-19
  1.17829101e-17 2.00215345e-25 5.05747663e-13 2.68706343e-31
  1.08793825e-14 4.19773562e-34 2.67880950e-15 4.40314308e-31
  4.33032079e-14 1.00000000e+00 4.41889119e-18 1.35293195e-50
  1.00000000e+00]
 [3.84529871e-26 1.24940146e-46 9.03893391e-41 4.01569579e-68
  3.08799244e-54 5.05523325e-37 5.77121170e-28 9.51167138e-17
  1.15525448e-40 2.32974300e-23 1.69362501e-44 2.30944176e-30
  7.66052399e-19 5.18499034e-40 5.00441010e-32 3.47346904e-18
  4.15967835e-31 4.41889119e-18 1.00000000e+00 1.61896193e-58
  1.00000000e+00]
 [2.65184779e-55 1.15972241e-73 2.05817551e-66 2.08832446e-96
  9.22816705e-81 4.68490578e-65 1.21877318e-74 7.54022229e-34
  1.16883558e-54 3.81478372e-46 1.12177112e-90 1.22913328e-42
  1.09751855e-66 4.97868375e-04 2.65632726e-86 4.43966942e-59
  7.02227912e-52 1.35293195e-50 1.61896193e-58 1.00000000e+00
  1.00000000e+00]
 [1.00000000e+00 1.00000000e+00 1.00000000e+00 1.00000000e+00
  1.00000000e+00 1.00000000e+00 1.00000000e+00 1.00000000e+00
  1.00000000e+00 1.00000000e+00 1.00000000e+00 1.00000000e+00
  1.00000000e+00 1.00000000e+00 1.00000000e+00 1.00000000e+00
  1.00000000e+00 1.00000000e+00 1.00000000e+00 1.00000000e+00
  0.00000000e+00]]
