[[1.00000000e+00 2.69737477e-32 2.07466047e-63 2.69565293e-62
  3.52337796e-45 3.38686545e-42 3.04514192e-61 1.07264354e-67
  3.88281804e-35 3.41915714e-28 3.45729228e-35 1.54669519e-46
  1.42935751e-60 1.43448318e-38 1.35157606e-14 3.71722982e-44
  3.61322099e-26 2.14082391e-40 8.37232135e-50 8.38832271e-31
  1.00000000e+00]
 [2.69737477e-32 1.00000000e+00 2.43295003e-57 6.10319607e-56
  1.58109602e-38 8.85289942e-56 2.74300497e-49 2.82691671e-42
  2.70384985e-18 6.66675245e-40 5.64911086e-16 1.17972992e-94
  3.80628765e-72 4.59366585e-69 9.60209358e-31 1.12025544e-44
  1.06985191e-42 4.56031343e-67 7.09900015e-12 3.90620209e-12
  1.00000000e+00]
 [2.07466047e-63 2.43295003e-57 1.00000000e+00 4.03360283e-26
  2.76466000e-26 7.90463842e-57 1.13988363e-08 1.00646525e-15
  7.27094439e-67 2.06618355e-80 1.98566434e-47 3.29466438e-45
  2.04890451e-86 3.57377594e-47 3.14026777e-50 1.43262748e-51
  9.89878324e-37 9.90801038e-51 4.57320406e-34 2.78942354e-48
  1.00000000e+00]
 [2.69565293e-62 6.10319607e-56 4.03360283e-26 1.00000000e+00
  2.29775220e-45 1.60729813e-49 1.01017836e-30 3.99173653e-38
  1.40651002e-57 2.90134060e-87 2.23028758e-60 1.45679486e-78
  9.74547548e-99 1.98111673e-81 9.95666705e-41 9.47343373e-45
  1.21686354e-68 1.71878800e-37 1.48217377e-31 1.39841718e-44
  1.00000000e+00]
 [3.52337796e-45 1.58109602e-38 2.76466000e-26 2.29775220e-45
  1.00000000e+00 7.86107165e-69 1.98462247e-13 7.07576521e-32
  9.48798759e-54 1.40073947e-55 2.36626865e-48 2.83295016e-57
  9.91879323e-89 1.98284477e-55 9.94604273e-35 1.52846387e-24
  1.23283217e-26 3.32362944e-49 1.44269799e-21 1.90300321e-18
  1.00000000e+00]
 [3.38686545e-42 8.85289942e-56 7.90463842e-57 1.60729813e-49
  7.86107165e-69 1.00000000e+00 1.29337075e-72 5.56895748e-46
  1.75158899e-19 2.30797187e-62 3.33742287e-23 1.04173540e-46
  1.20389160e-12 2.56422453e-30 7.89382833e-62 2.01463903e-30
  2.20974521e-32 2.92771522e-53 1.27270441e-57 3.82639170e-39
  1.00000000e+00]
 [3.04514192e-61 2.74300497e-49 1.13988363e-08 1.01017836e-30
  1.98462247e-13 1.29337075e-72 1.00000000e+00 3.76535941e-14
  4.90146412e-72 8.26357441e-60 8.12598452e-52 6.82496163e-49
  1.85032434e-98 2.25292060e-52 3.59129884e-36 2.64536461e-40
  3.76293430e-35 1.11439213e-37 3.60165846e-22 7.29370791e-38
  1.00000000e+00]
 [1.07264354e-67 2.82691671e-42 1.00646525e-15 3.99173653e-38
  7.07576521e-32 5.56895748e-46 3.76535941e-14 1.00000000e+00
  7.46912424e-50 2.02527991e-51 2.71201879e-26 4.38284900e-46
  1.18996853e-57 3.40741999e-36 2.81602566e-50 8.35358802e-35
  1.04583824e-28 1.46939961e-42 1.69860742e-20 4.44331887e-35
  1.00000000e+00]
 [3.88281804e-35 2.70384985e-18 7.27094439e-67 1.40651002e-57
  9.48798759e-54 1.75158899e-19 4.90146412e-72 7.46912424e-50
  1.00000000e+00 2.31178634e-55 1.50596970e-10 2.50817085e-84
  1.90722139e-30 3.51927759e-55 3.00825397e-53 9.40234828e-31
  1.08890364e-37 8.28430759e-74 4.56227294e-31 3.14711927e-14
  1.00000000e+00]
 [3.41915714e-28 6.66675245e-40 2.06618355e-80 2.90134060e-87
  1.40073947e-55 2.30797187e-62 8.26357441e-60 2.02527991e-51
  2.31178634e-55 1.00000000e+00 2.08014422e-37 9.62990738e-46
  2.04186592e-60 2.21908303e-34 5.25659536e-21 3.14154466e-41
  6.20279973e-28 4.77461815e-28 2.03759748e-46 6.94371682e-39
  1.00000000e+00]
 [3.45729228e-35 5.64911086e-16 1.98566434e-47 2.23028758e-60
  2.36626865e-48 3.33742287e-23 8.12598452e-52 2.71201879e-26
  1.50596970e-10 2.08014422e-37 1.00000000e+00 3.25157739e-59
  6.26071756e-26 5.06737533e-32 3.01402076e-46 2.85874796e-36
  4.01985390e-22 4.21542624e-62 1.03965836e-25 6.51748725e-20
  1.00000000e+00]
 [1.54669519e-46 1.17972992e-94 3.29466438e-45 1.45679486e-78
  2.83295016e-57 1.04173540e-46 6.82496163e-49 4.38284900e-46
  2.50817085e-84 9.62990738e-46 3.25157739e-59 1.00000000e+00
  4.81915945e-50 1.78911617e-07 4.78949518e-52 2.14051487e-50
  2.00865880e-17 6.14482753e-33 1.40892205e-84 6.51524468e-73
  1.00000000e+00]
 [1.42935751e-60 3.80628765e-72 2.04890451e-86 9.74547548e-99
  9.91879323e-89 1.20389160e-12 1.85032434e-98 1.18996853e-57
  1.90722139e-30 2.04186592e-60 6.26071756e-26 4.81915945e-50
  1.00000000e+00 6.25661975e-25 1.79213344e-89 5.25206776e-41
  9.00521870e-31 2.10817100e-77 2.87426428e-80 1.49831603e-53
  1.00000000e+00]
 [1.43448318e-38 4.59366585e-69 3.57377594e-47 1.98111673e-81
  1.98284477e-55 2.56422453e-30 2.25292060e-52 3.40741999e-36
  3.51927759e-55 2.21908303e-34 5.06737533e-32 1.78911617e-07
  6.25661975e-25 1.00000000e+00 5.61165997e-52 8.27946289e-42
  5.21460730e-08 1.49485760e-41 8.57183253e-69 1.43665754e-54
  1.00000000e+00]
 [1.35157606e-14 9.60209358e-31 3.14026777e-50 9.95666705e-41
  9.94604273e-35 7.89382833e-62 3.59129884e-36 2.81602566e-50
  3.00825397e-53 5.25659536e-21 3.01402076e-46 4.78949518e-52
  1.79213344e-89 5.61165997e-52 1.00000000e+00 5.89777821e-41
  2.72324544e-37 8.15044667e-18 6.84126682e-31 9.31816553e-31
  1.00000000e+00]
 [3.71722982e-44 1.12025544e-44 1.43262748e-51 9.47343373e-45
  1.52846387e-24 2.01463903e-30 2.64536461e-40 8.35358802e-35
  9.40234828e-31 3.14154466e-41 2.85874796e-36 2.14051487e-50
  5.25206776e-41 8.27946289e-42 5.89777821e-41 1.00000000e+00
  3.13610247e-25 6.73292253e-33 1.74801195e-29 7.77916249e-14
  1.00000000e+00]
 [3.61322099e-26 1.06985191e-42 9.89878324e-37 1.21686354e-68
  1.23283217e-26 2.20974521e-32 3.76293430e-35 1.04583824e-28
  1.08890364e-37 6.20279973e-28 4.01985390e-22 2.00865880e-17
  9.00521870e-31 5.21460730e-08 2.72324544e-37 3.13610247e-25
  1.00000000e+00 3.21765080e-41 9.58519016e-43 1.17586916e-27
  1.00000000e+00]
 [2.14082391e-40 4.56031343e-67 9.90801038e-51 1.71878800e-37
  3.32362944e-49 2.92771522e-53 1.11439213e-37 1.46939961e-42
  8.28430759e-74 4.77461815e-28 4.21542624e-62 6.14482753e-33
  2.10817100e-77 1.49485760e-41 8.15044667e-18 6.73292253e-33
  3.21765080e-41 1.00000000e+00 1.25747351e-48 1.68623147e-50
  1.00000000e+00]
 [8.37232135e-50 7.09900015e-12 4.57320406e-34 1.48217377e-31
  1.44269799e-21 1.27270441e-57 3.60165846e-22 1.69860742e-20
  4.56227294e-31 2.03759748e-46 1.03965836e-25 1.40892205e-84
  2.87426428e-80 8.57183253e-69 6.84126682e-31 1.74801195e-29
  9.58519016e-43 1.25747351e-48 1.00000000e+00 4.61485185e-11
  1.00000000e+00]
 [8.38832271e-31 3.90620209e-12 2.78942354e-48 1.39841718e-44
  1.90300321e-18 3.82639170e-39 7.29370791e-38 4.44331887e-35
  3.14711927e-14 6.94371682e-39 6.51748725e-20 6.51524468e-73
  1.49831603e-53 1.43665754e-54 9.31816553e-31 7.77916249e-14
  1.17586916e-27 1.68623147e-50 4.61485185e-11 1.00000000e+00
  1.00000000e+00]
 [1.00000000e+00 1.00000000e+00 1.00000000e+00 1.00000000e+00
  1.00000000e+00 1.00000000e+00 1.00000000e+00 1.00000000e+00
  1.00000000e+00 1.00000000e+00 1.00000000e+00 1.00000000e+00
  1.00000000e+00 1.00000000e+00 1.00000000e+00 1.00000000e+00
  1.00000000e+00 1.00000000e+00 1.00000000e+00 1.00000000e+00
  0.00000000e+00]]
