[[1.00000000e+00 9.23371656e-30 1.99775429e-17 5.47627418e-47
  3.70550106e-63 5.27936625e-35 2.93892711e-40 7.41178669e-44
  3.26331511e-24 3.73646879e-21 1.73622380e-60 3.66037743e-59
  4.81899532e-08 5.07975132e-52 1.27134264e-69 1.16566277e-87
  1.33560863e-15 4.06727499e-40 1.87511107e-60 2.51739358e-24
  1.00000000e+00]
 [9.23371656e-30 1.00000000e+00 1.09062481e-20 2.26657439e-60
  2.36011177e-62 7.33266408e-33 3.00179119e-62 2.20289371e-58
  2.19175325e-09 2.32656857e-13 9.76891872e-39 3.64835136e-43
  4.03989770e-26 1.96045876e-25 2.26127247e-34 4.59303257e-65
  9.45994431e-20 2.11725333e-15 1.61628895e-35 4.98406827e-46
  1.00000000e+00]
 [1.99775429e-17 1.09062481e-20 1.00000000e+00 4.69711360e-69
  5.30620433e-60 7.77106610e-42 2.17690443e-70 5.69931205e-48
  6.65735425e-21 9.30037250e-12 2.74030336e-56 2.08838684e-51
  7.53250369e-15 5.34957078e-38 7.15986761e-64 1.85206008e-78
  8.41692142e-24 5.24475987e-25 1.43822720e-56 2.52137258e-48
  1.00000000e+00]
 [5.47627418e-47 2.26657439e-60 4.69711360e-69 1.00000000e+00
  2.39037155e-40 3.85366244e-16 1.37495427e-35 3.87424838e-53
  3.09470043e-55 1.53263035e-76 6.47629666e-28 1.36938395e-40
  3.49696003e-43 3.46817249e-33 2.86117728e-48 6.53011187e-28
  2.91950213e-24 4.60559884e-67 6.02752312e-25 9.98528024e-07
  1.00000000e+00]
 [3.70550106e-63 2.36011177e-62 5.30620433e-60 2.39037155e-40
  1.00000000e+00 2.75986136e-46 1.25979948e-68 6.35458297e-11
  9.66525250e-39 3.62356943e-52 1.79811796e-21 5.14670980e-35
  2.17183531e-32 3.72258966e-24 2.12055727e-35 2.23186871e-22
  1.83345827e-40 2.44551974e-54 4.18855923e-21 1.09368317e-52
  1.00000000e+00]
 [5.27936625e-35 7.33266408e-33 7.77106610e-42 3.85366244e-16
  2.75986136e-46 1.00000000e+00 2.34509661e-20 9.12258357e-48
  1.45120396e-27 1.53515245e-48 9.08280259e-41 4.32828093e-23
  8.52244827e-36 1.05089616e-27 2.66102957e-45 2.55787960e-26
  5.96305077e-17 4.80732146e-54 1.27696831e-33 2.34790749e-16
  1.00000000e+00]
 [2.93892711e-40 3.00179119e-62 2.17690443e-70 1.37495427e-35
  1.25979948e-68 2.34509661e-20 1.00000000e+00 1.61539146e-61
  6.99090397e-46 9.09058179e-75 6.55145954e-82 1.19083608e-30
  2.30651224e-45 6.92087768e-77 1.69188661e-62 9.25362589e-57
  1.76656755e-46 1.81764362e-79 2.52767864e-69 5.48084325e-31
  1.00000000e+00]
 [7.41178669e-44 2.20289371e-58 5.69931205e-48 3.87424838e-53
  6.35458297e-11 9.12258357e-48 1.61539146e-61 1.00000000e+00
  4.46992044e-27 5.78086183e-34 7.36237222e-43 1.40617716e-50
  3.21016062e-22 5.00120683e-35 7.48562065e-60 2.16333567e-47
  1.15349841e-32 1.08122976e-64 6.92470337e-44 1.80850793e-56
  1.00000000e+00]
 [3.26331511e-24 2.19175325e-09 6.65735425e-21 3.09470043e-55
  9.66525250e-39 1.45120396e-27 6.99090397e-46 4.46992044e-27
  1.00000000e+00 1.38101348e-07 3.12961923e-40 2.91811222e-35
  5.50778641e-16 1.56261193e-24 2.93296061e-37 1.65951393e-53
  1.74084329e-16 3.32412854e-27 7.69120290e-37 5.81099359e-46
  1.00000000e+00]
 [3.73646879e-21 2.32656857e-13 9.30037250e-12 1.53263035e-76
  3.62356943e-52 1.53515245e-48 9.09058179e-75 5.78086183e-34
  1.38101348e-07 1.00000000e+00 6.67746985e-51 7.96492602e-61
  1.87144017e-14 1.16679163e-32 1.59763403e-58 1.24393872e-82
  3.00841374e-20 1.23213518e-27 2.54679381e-52 7.28706287e-59
  1.00000000e+00]
 [1.73622380e-60 9.76891872e-39 2.74030336e-56 6.47629666e-28
  1.79811796e-21 9.08280259e-41 6.55145954e-82 7.36237222e-43
  3.12961923e-40 6.67746985e-51 1.00000000e+00 1.85122989e-42
  1.97445226e-37 5.80101456e-09 1.99392594e-20 1.96883512e-26
  1.03726697e-27 4.04310822e-31 3.72533662e-02 2.41159055e-35
  1.00000000e+00]
 [3.66037743e-59 3.64835136e-43 2.08838684e-51 1.36938395e-40
  5.14670980e-35 4.32828093e-23 1.19083608e-30 1.40617716e-50
  2.91811222e-35 7.96492602e-61 1.85122989e-42 1.00000000e+00
  1.81722381e-41 2.49462559e-40 1.30761234e-18 3.01477548e-18
  1.50492673e-49 8.99180129e-38 1.19618634e-30 2.78375648e-45
  1.00000000e+00]
 [4.81899532e-08 4.03989770e-26 7.53250369e-15 3.49696003e-43
  2.17183531e-32 8.52244827e-36 2.30651224e-45 3.21016062e-22
  5.50778641e-16 1.87144017e-14 1.97445226e-37 1.81722381e-41
  1.00000000e+00 3.26535547e-34 2.03295741e-44 1.07839204e-62
  7.41620836e-16 7.27445115e-25 7.48460747e-38 1.02289024e-28
  1.00000000e+00]
 [5.07975132e-52 1.96045876e-25 5.34957078e-38 3.46817249e-33
  3.72258966e-24 1.05089616e-27 6.92087768e-77 5.00120683e-35
  1.56261193e-24 1.16679163e-32 5.80101456e-09 2.49462559e-40
  3.26535547e-34 1.00000000e+00 1.05666902e-31 4.67030956e-25
  1.16595195e-16 9.95146571e-34 5.00222048e-10 2.69095301e-38
  1.00000000e+00]
 [1.27134264e-69 2.26127247e-34 7.15986761e-64 2.86117728e-48
  2.12055727e-35 2.66102957e-45 1.69188661e-62 7.48562065e-60
  2.93296061e-37 1.59763403e-58 1.99392594e-20 1.30761234e-18
  2.03295741e-44 1.05666902e-31 1.00000000e+00 8.38722507e-30
  2.13241802e-51 5.28368841e-20 7.70894643e-13 4.96598630e-53
  1.00000000e+00]
 [1.16566277e-87 4.59303257e-65 1.85206008e-78 6.53011187e-28
  2.23186871e-22 2.55787960e-26 9.25362589e-57 2.16333567e-47
  1.65951393e-53 1.24393872e-82 1.96883512e-26 3.01477548e-18
  1.07839204e-62 4.67030956e-25 8.38722507e-30 1.00000000e+00
  4.37087245e-50 3.32628453e-65 4.88567925e-19 7.28826133e-48
  1.00000000e+00]
 [1.33560863e-15 9.45994431e-20 8.41692142e-24 2.91950213e-24
  1.83345827e-40 5.96305077e-17 1.76656755e-46 1.15349841e-32
  1.74084329e-16 3.00841374e-20 1.03726697e-27 1.50492673e-49
  7.41620836e-16 1.16595195e-16 2.13241802e-51 4.37087245e-50
  1.00000000e+00 7.14391047e-39 4.97982313e-29 6.83557749e-16
  1.00000000e+00]
 [4.06727499e-40 2.11725333e-15 5.24475987e-25 4.60559884e-67
  2.44551974e-54 4.80732146e-54 1.81764362e-79 1.08122976e-64
  3.32412854e-27 1.23213518e-27 4.04310822e-31 8.99180129e-38
  7.27445115e-25 9.95146571e-34 5.28368841e-20 3.32628453e-65
  7.14391047e-39 1.00000000e+00 1.30899113e-28 3.68670008e-53
  1.00000000e+00]
 [1.87511107e-60 1.61628895e-35 1.43822720e-56 6.02752312e-25
  4.18855923e-21 1.27696831e-33 2.52767864e-69 6.92470337e-44
  7.69120290e-37 2.54679381e-52 3.72533662e-02 1.19618634e-30
  7.48460747e-38 5.00222048e-10 7.70894643e-13 4.88567925e-19
  4.97982313e-29 1.30899113e-28 1.00000000e+00 2.38749680e-33
  1.00000000e+00]
 [2.51739358e-24 4.98406827e-46 2.52137258e-48 9.98528024e-07
  1.09368317e-52 2.34790749e-16 5.48084325e-31 1.80850793e-56
  5.81099359e-46 7.28706287e-59 2.41159055e-35 2.78375648e-45
  1.02289024e-28 2.69095301e-38 4.96598630e-53 7.28826133e-48
  6.83557749e-16 3.68670008e-53 2.38749680e-33 1.00000000e+00
  1.00000000e+00]
 [1.00000000e+00 1.00000000e+00 1.00000000e+00 1.00000000e+00
  1.00000000e+00 1.00000000e+00 1.00000000e+00 1.00000000e+00
  1.00000000e+00 1.00000000e+00 1.00000000e+00 1.00000000e+00
  1.00000000e+00 1.00000000e+00 1.00000000e+00 1.00000000e+00
  1.00000000e+00 1.00000000e+00 1.00000000e+00 1.00000000e+00
  0.00000000e+00]]
