[[1.00000000e+000 1.00264622e-028 1.16237482e-031 9.10832116e-053
  5.84432808e-073 1.57914959e-045 2.31741691e-020 5.00524596e-017
  7.01201752e-030 1.66368441e-077 2.23011760e-045 1.44897516e-003
  2.96986295e-098 3.39792162e-030 1.77412271e-073 1.64334960e-047
  1.36516450e-063 4.67303103e-040 2.89564382e-070 2.06219636e-042
  1.00000000e+000]
 [1.00264622e-028 1.00000000e+000 1.67661082e-017 1.47303262e-094
  6.84445004e-078 1.04661744e-016 1.39782015e-018 2.11458991e-023
  5.77505914e-054 1.65633063e-075 8.08448758e-051 4.71099536e-026
  6.60003697e-084 4.44672199e-036 2.39170757e-087 6.50573099e-063
  8.87669053e-044 1.05062427e-036 1.58117361e-051 3.13332010e-082
  1.00000000e+000]
 [1.16237482e-031 1.67661082e-017 1.00000000e+000 1.43723884e-066
  2.93361979e-074 8.75450387e-035 3.96241133e-035 6.69438647e-017
  1.61265286e-058 2.36759683e-044 8.81756610e-031 3.51137052e-030
  1.23661320e-103 4.05664464e-040 1.96990098e-073 8.51570010e-088
  1.96321523e-047 5.07104478e-068 8.50037332e-036 7.47712334e-077
  1.00000000e+000]
 [9.10832116e-053 1.47303262e-094 1.43723884e-066 1.00000000e+000
  7.32815494e-027 5.34333101e-069 5.56666869e-046 4.13501474e-028
  2.41801026e-053 3.23848653e-043 4.37401371e-026 1.86595106e-040
  1.26621634e-067 1.26406160e-030 6.48313079e-018 1.58335516e-059
  2.27619535e-043 2.27087854e-064 8.91968198e-037 1.48630288e-035
  1.00000000e+000]
 [5.84432808e-073 6.84445004e-078 2.93361979e-074 7.32815494e-027
  1.00000000e+000 4.69022914e-051 2.73324866e-031 1.92742194e-029
  7.65784169e-055 8.21273031e-060 3.05013807e-018 3.33170561e-057
  1.61429661e-018 1.54448447e-015 1.57082658e-009 1.00858056e-028
  2.51880799e-013 1.27683697e-036 5.60160622e-034 9.88494049e-035
  1.00000000e+000]
 [1.57914959e-045 1.04661744e-016 8.75450387e-035 5.34333101e-069
  4.69022914e-051 1.00000000e+000 1.38242774e-014 6.45357087e-025
  1.73428463e-064 9.24521494e-063 1.01958474e-046 7.28728544e-032
  1.62103069e-048 6.98801452e-031 3.36929031e-054 2.47316020e-053
  3.07810692e-022 4.65429931e-022 1.85150595e-022 1.11475875e-084
  1.00000000e+000]
 [2.31741691e-020 1.39782015e-018 3.96241133e-035 5.56666869e-046
  2.73324866e-031 1.38242774e-014 1.00000000e+000 4.14537857e-009
  6.85910269e-024 3.05149164e-057 1.04174727e-030 1.04974812e-011
  3.77590254e-043 2.14140063e-007 7.77663109e-043 8.19843310e-024
  1.47857659e-018 2.90008176e-009 1.41052747e-037 1.34550911e-034
  1.00000000e+000]
 [5.00524596e-017 2.11458991e-023 6.69438647e-017 4.13501474e-028
  1.92742194e-029 6.45357087e-025 4.14537857e-009 1.00000000e+000
  9.31006666e-023 5.17804829e-035 9.67114778e-014 1.00157300e-010
  3.26647280e-058 4.63571927e-008 1.73150309e-035 1.67342271e-039
  2.15433227e-019 2.68677917e-028 1.10005436e-026 2.56318582e-027
  1.00000000e+000]
 [7.01201752e-030 5.77505914e-054 1.61265286e-058 2.41801026e-053
  7.65784169e-055 1.73428463e-064 6.85910269e-024 9.31006666e-023
  1.00000000e+000 8.24739961e-051 2.39616859e-055 1.83548060e-022
  1.59342630e-102 1.60736948e-017 6.76057888e-080 6.58423909e-058
  9.00285435e-049 1.13781615e-044 3.80381672e-081 4.02752930e-014
  1.00000000e+000]
 [1.66368441e-077 1.65633063e-075 2.36759683e-044 3.23848653e-043
  8.21273031e-060 9.24521494e-063 3.05149164e-057 5.17804829e-035
  8.24739961e-051 1.00000000e+000 2.62428782e-051 1.36733497e-058
  1.35105826e-118 7.70911699e-042 5.73014335e-066 1.18216116e-122
  2.65923677e-045 7.84938898e-097 3.70638918e-033 1.18851845e-068
  1.00000000e+000]
 [2.23011760e-045 8.08448758e-051 8.81756610e-031 4.37401371e-026
  3.05013807e-018 1.01958474e-046 1.04174727e-030 9.67114778e-014
  2.39616859e-055 2.62428782e-051 1.00000000e+000 5.83977533e-040
  7.50564789e-043 2.94165861e-019 9.08633304e-018 8.14189965e-041
  3.41866178e-022 9.03303249e-049 1.94312828e-026 4.88511507e-039
  1.00000000e+000]
 [1.44897516e-003 4.71099536e-026 3.51137052e-030 1.86595106e-040
  3.33170561e-057 7.28728544e-032 1.04974812e-011 1.00157300e-010
  1.83548060e-022 1.36733497e-058 5.83977533e-040 1.00000000e+000
  1.01571039e-082 3.42915797e-020 1.91634789e-059 5.47146286e-043
  2.43190258e-046 2.45536505e-029 2.28447123e-052 3.18215697e-036
  1.00000000e+000]
 [2.96986295e-098 6.60003697e-084 1.23661320e-103 1.26621634e-067
  1.61429661e-018 1.62103069e-048 3.77590254e-043 3.26647280e-058
  1.59342630e-102 1.35105826e-118 7.50564789e-043 1.01571039e-082
  1.00000000e+000 3.76334414e-040 2.03402146e-022 1.65199777e-022
  3.44630812e-028 3.51598179e-033 4.15051047e-051 1.23921423e-081
  1.00000000e+000]
 [3.39792162e-030 4.44672199e-036 4.05664464e-040 1.26406160e-030
  1.54448447e-015 6.98801452e-031 2.14140063e-007 4.63571927e-008
  1.60736948e-017 7.70911699e-042 2.94165861e-019 3.42915797e-020
  3.76334414e-040 1.00000000e+000 5.36177559e-029 1.91642148e-024
  7.14356001e-015 7.27675389e-022 1.35555076e-036 2.06218381e-019
  1.00000000e+000]
 [1.77412271e-073 2.39170757e-087 1.96990098e-073 6.48313079e-018
  1.57082658e-009 3.36929031e-054 7.77663109e-043 1.73150309e-035
  6.76057888e-080 5.73014335e-066 9.08633304e-018 1.91634789e-059
  2.03402146e-022 5.36177559e-029 1.00000000e+000 7.19288681e-037
  1.07476842e-027 1.36292589e-051 2.88427024e-027 3.56307285e-056
  1.00000000e+000]
 [1.64334960e-047 6.50573099e-063 8.51570010e-088 1.58335516e-059
  1.00858056e-028 2.47316020e-053 8.19843310e-024 1.67342271e-039
  6.58423909e-058 1.18216116e-122 8.14189965e-041 5.47146286e-043
  1.65199777e-022 1.91642148e-024 7.19288681e-037 1.00000000e+000
  1.98900587e-042 1.86585030e-018 7.30478117e-077 5.22746783e-043
  1.00000000e+000]
 [1.36516450e-063 8.87669053e-044 1.96321523e-047 2.27619535e-043
  2.51880799e-013 3.07810692e-022 1.47857659e-018 2.15433227e-019
  9.00285435e-049 2.65923677e-045 3.41866178e-022 2.43190258e-046
  3.44630812e-028 7.14356001e-015 1.07476842e-027 1.98900587e-042
  1.00000000e+000 5.53403702e-024 5.58497813e-018 6.68375180e-046
  1.00000000e+000]
 [4.67303103e-040 1.05062427e-036 5.07104478e-068 2.27087854e-064
  1.27683697e-036 4.65429931e-022 2.90008176e-009 2.68677917e-028
  1.13781615e-044 7.84938898e-097 9.03303249e-049 2.45536505e-029
  3.51598179e-033 7.27675389e-022 1.36292589e-051 1.86585030e-018
  5.53403702e-024 1.00000000e+000 2.63509863e-054 1.16017357e-046
  1.00000000e+000]
 [2.89564382e-070 1.58117361e-051 8.50037332e-036 8.91968198e-037
  5.60160622e-034 1.85150595e-022 1.41052747e-037 1.10005436e-026
  3.80381672e-081 3.70638918e-033 1.94312828e-026 2.28447123e-052
  4.15051047e-051 1.35555076e-036 2.88427024e-027 7.30478117e-077
  5.58497813e-018 2.63509863e-054 1.00000000e+000 3.76110814e-083
  1.00000000e+000]
 [2.06219636e-042 3.13332010e-082 7.47712334e-077 1.48630288e-035
  9.88494049e-035 1.11475875e-084 1.34550911e-034 2.56318582e-027
  4.02752930e-014 1.18851845e-068 4.88511507e-039 3.18215697e-036
  1.23921423e-081 2.06218381e-019 3.56307285e-056 5.22746783e-043
  6.68375180e-046 1.16017357e-046 3.76110814e-083 1.00000000e+000
  1.00000000e+000]
 [1.00000000e+000 1.00000000e+000 1.00000000e+000 1.00000000e+000
  1.00000000e+000 1.00000000e+000 1.00000000e+000 1.00000000e+000
  1.00000000e+000 1.00000000e+000 1.00000000e+000 1.00000000e+000
  1.00000000e+000 1.00000000e+000 1.00000000e+000 1.00000000e+000
  1.00000000e+000 1.00000000e+000 1.00000000e+000 1.00000000e+000
  0.00000000e+000]]
