[[1.00000000e+00 2.46900193e-61 1.31334876e-15 4.81908023e-52
  7.12192526e-62 5.43289413e-32 5.63515049e-35 1.97317052e-22
  1.41798380e-17 3.18245000e-44 1.50574331e-41 1.71672216e-39
  4.76024487e-24 1.36328984e-21 3.53390959e-51 1.47949092e-34
  8.09279485e-33 2.98010843e-30 1.46823304e-28 1.46560550e-52
  1.00000000e+00]
 [2.46900193e-61 1.00000000e+00 2.07767661e-52 2.43830510e-12
  3.90457825e-18 2.05406634e-29 6.23057212e-50 5.53589294e-69
  8.57164704e-68 2.95810097e-30 6.13226380e-26 1.01893000e-34
  2.26587972e-72 3.63590127e-52 1.64497022e-71 1.46729547e-42
  7.27474587e-70 1.44820859e-32 9.37116322e-73 1.43562398e-50
  1.00000000e+00]
 [1.31334876e-15 2.07767661e-52 1.00000000e+00 1.38252361e-37
  1.51573336e-55 2.12128400e-17 3.57422633e-28 3.71552098e-58
  9.08823235e-05 7.17025367e-26 1.79479147e-47 5.16772008e-33
  3.23631002e-19 2.79354985e-11 1.41653935e-53 8.18207471e-22
  5.13018769e-41 3.84051679e-35 2.05021848e-55 3.93037826e-27
  1.00000000e+00]
 [4.81908023e-52 2.43830510e-12 1.38252361e-37 1.00000000e+00
  1.22189439e-16 1.64507267e-20 1.56389420e-62 1.93069093e-65
  5.01197301e-51 1.67727329e-23 4.14049699e-25 3.67633899e-23
  4.03900027e-48 2.12429893e-49 3.79675806e-77 6.87535741e-27
  5.53746641e-55 2.35775161e-45 9.06222752e-82 8.49575186e-32
  1.00000000e+00]
 [7.12192526e-62 3.90457825e-18 1.51573336e-55 1.22189439e-16
  1.00000000e+00 2.29018139e-16 6.03430178e-52 1.18576484e-55
  2.59916207e-67 1.37941465e-49 1.34576384e-46 4.38644818e-54
  8.18869491e-54 1.35177438e-58 6.35823536e-64 8.93324727e-66
  9.84690630e-46 1.44347884e-57 7.14240977e-70 5.22287510e-65
  1.00000000e+00]
 [5.43289413e-32 2.05406634e-29 2.12128400e-17 1.64507267e-20
  2.29018139e-16 1.00000000e+00 1.10572128e-21 2.36988798e-50
  5.49323980e-21 1.24475339e-23 1.64528173e-42 5.59358330e-38
  1.13302509e-28 6.62346304e-18 1.10022022e-53 3.94650109e-41
  1.18901976e-36 4.25612443e-35 1.36630162e-49 1.37756969e-42
  1.00000000e+00]
 [5.63515049e-35 6.23057212e-50 3.57422633e-28 1.56389420e-62
  6.03430178e-52 1.10572128e-21 1.00000000e+00 1.64689799e-66
  7.94293550e-29 5.07413492e-38 9.70483962e-70 2.10537423e-71
  2.72971222e-63 5.12318873e-10 1.43494526e-70 9.03105896e-72
  1.20401049e-72 1.53802106e-26 1.48321486e-44 3.58487114e-84
  1.00000000e+00]
 [1.97317052e-22 5.53589294e-69 3.71552098e-58 1.93069093e-65
  1.18576484e-55 2.36988798e-50 1.64689799e-66 1.00000000e+00
  7.07645757e-56 2.09833613e-75 1.20749118e-37 2.98332280e-50
  2.07941327e-40 9.94848850e-60 1.41529833e-47 1.40934627e-63
  6.35989427e-25 2.34958534e-44 4.06044254e-14 8.51627440e-82
  1.00000000e+00]
 [1.41798380e-17 8.57164704e-68 9.08823235e-05 5.01197301e-51
  2.59916207e-67 5.49323980e-21 7.94293550e-29 7.07645757e-56
  1.00000000e+00 4.13589577e-26 6.70928189e-50 8.05065468e-35
  4.90465921e-23 2.04312978e-08 6.41908781e-60 1.71314423e-28
  1.31287385e-44 7.80647836e-33 4.17563606e-45 3.00041736e-36
  1.00000000e+00]
 [3.18245000e-44 2.95810097e-30 7.17025367e-26 1.67727329e-23
  1.37941465e-49 1.24475339e-23 5.07413492e-38 2.09833613e-75
  4.13589577e-26 1.00000000e+00 4.65581763e-26 7.72740509e-20
  6.11691303e-63 3.67209920e-18 1.91340139e-97 2.16103117e-24
  1.23378730e-81 5.99067870e-18 7.39354320e-64 7.26036276e-41
  1.00000000e+00]
 [1.50574331e-41 6.13226380e-26 1.79479147e-47 4.14049699e-25
  1.34576384e-46 1.64528173e-42 9.70483962e-70 1.20749118e-37
  6.70928189e-50 4.65581763e-26 1.00000000e+00 5.59004469e-06
  6.45612774e-54 3.39325133e-50 3.04077432e-62 1.29747105e-18
  5.62655176e-51 1.53066301e-19 1.10001964e-39 2.14922882e-34
  1.00000000e+00]
 [1.71672216e-39 1.01893000e-34 5.16772008e-33 3.67633899e-23
  4.38644818e-54 5.59358330e-38 2.10537423e-71 2.98332280e-50
  8.05065468e-35 7.72740509e-20 5.59004469e-06 1.00000000e+00
  1.58922968e-40 2.72677784e-43 3.90237347e-62 2.01551824e-06
  3.74595088e-48 3.75785927e-26 1.97235449e-51 1.08748502e-16
  1.00000000e+00]
 [4.76024487e-24 2.26587972e-72 3.23631002e-19 4.03900027e-48
  8.18869491e-54 1.13302509e-28 2.72971222e-63 2.07941327e-40
  4.90465921e-23 6.11691303e-63 6.45612774e-54 1.58922968e-40
  1.00000000e+00 2.64373612e-45 1.36055764e-27 2.49565393e-33
  1.02335582e-08 3.23989754e-66 2.66975103e-53 6.11843989e-27
  1.00000000e+00]
 [1.36328984e-21 3.63590127e-52 2.79354985e-11 2.12429893e-49
  1.35177438e-58 6.62346304e-18 5.12318873e-10 9.94848850e-60
  2.04312978e-08 3.67209920e-18 3.39325133e-50 2.72677784e-43
  2.64373612e-45 1.00000000e+00 3.33729138e-73 3.61042291e-41
  6.86330745e-64 7.90850231e-19 1.03302419e-41 5.33367296e-56
  1.00000000e+00]
 [3.53390959e-51 1.64497022e-71 1.41653935e-53 3.79675806e-77
  6.35823536e-64 1.10022022e-53 1.43494526e-70 1.41529833e-47
  6.41908781e-60 1.91340139e-97 3.04077432e-62 3.90237347e-62
  1.36055764e-27 3.33729138e-73 1.00000000e+00 1.17614311e-61
  1.87083316e-15 2.30542494e-69 1.21317631e-45 1.68561246e-48
  1.00000000e+00]
 [1.47949092e-34 1.46729547e-42 8.18207471e-22 6.87535741e-27
  8.93324727e-66 3.94650109e-41 9.03105896e-72 1.40934627e-63
  1.71314423e-28 2.16103117e-24 1.29747105e-18 2.01551824e-06
  2.49565393e-33 3.61042291e-41 1.17614311e-61 1.00000000e+00
  3.75769835e-50 1.18691566e-35 8.62113155e-68 3.50675645e-08
  1.00000000e+00]
 [8.09279485e-33 7.27474587e-70 5.13018769e-41 5.53746641e-55
  9.84690630e-46 1.18901976e-36 1.20401049e-72 6.35989427e-25
  1.31287385e-44 1.23378730e-81 5.62655176e-51 3.74595088e-48
  1.02335582e-08 6.86330745e-64 1.87083316e-15 3.75769835e-50
  1.00000000e+00 1.44496214e-69 2.57822073e-40 4.49198774e-43
  1.00000000e+00]
 [2.98010843e-30 1.44820859e-32 3.84051679e-35 2.35775161e-45
  1.44347884e-57 4.25612443e-35 1.53802106e-26 2.34958534e-44
  7.80647836e-33 5.99067870e-18 1.53066301e-19 3.75785927e-26
  3.23989754e-66 7.90850231e-19 2.30542494e-69 1.18691566e-35
  1.44496214e-69 1.00000000e+00 2.76530106e-25 1.55991186e-58
  1.00000000e+00]
 [1.46823304e-28 9.37116322e-73 2.05021848e-55 9.06222752e-82
  7.14240977e-70 1.36630162e-49 1.48321486e-44 4.06044254e-14
  4.17563606e-45 7.39354320e-64 1.10001964e-39 1.97235449e-51
  2.66975103e-53 1.03302419e-41 1.21317631e-45 8.62113155e-68
  2.57822073e-40 2.76530106e-25 1.00000000e+00 3.95447667e-86
  1.00000000e+00]
 [1.46560550e-52 1.43562398e-50 3.93037826e-27 8.49575186e-32
  5.22287510e-65 1.37756969e-42 3.58487114e-84 8.51627440e-82
  3.00041736e-36 7.26036276e-41 2.14922882e-34 1.08748502e-16
  6.11843989e-27 5.33367296e-56 1.68561246e-48 3.50675645e-08
  4.49198774e-43 1.55991186e-58 3.95447667e-86 1.00000000e+00
  1.00000000e+00]
 [1.00000000e+00 1.00000000e+00 1.00000000e+00 1.00000000e+00
  1.00000000e+00 1.00000000e+00 1.00000000e+00 1.00000000e+00
  1.00000000e+00 1.00000000e+00 1.00000000e+00 1.00000000e+00
  1.00000000e+00 1.00000000e+00 1.00000000e+00 1.00000000e+00
  1.00000000e+00 1.00000000e+00 1.00000000e+00 1.00000000e+00
  0.00000000e+00]]
