[[1.00000000e+00 6.65063186e-43 4.01321262e-58 8.24376482e-81
  1.15323665e-50 2.63487745e-61 5.66517762e-42 1.84707682e-35
  1.10450980e-61 4.77601741e-21 5.93614848e-45 7.61625966e-35
  7.12374395e-46 1.68896405e-21 4.28932161e-69 2.24317349e-64
  4.77449279e-39 3.08099254e-31 1.22962685e-57 3.13789629e-45
  1.00000000e+00]
 [6.65063186e-43 1.00000000e+00 7.52327543e-40 5.01662355e-39
  1.00503131e-31 1.75653935e-31 8.90427398e-56 7.67957980e-20
  1.26973456e-16 7.71114093e-44 2.84093420e-38 8.00546955e-39
  1.66213222e-21 1.76990866e-67 2.91766445e-63 2.64010171e-39
  9.20824037e-57 4.33998343e-70 9.48852245e-37 6.44520352e-21
  1.00000000e+00]
 [4.01321262e-58 7.52327543e-40 1.00000000e+00 9.35912568e-20
  3.15250121e-22 7.35864936e-30 3.80042973e-39 8.06902749e-27
  2.35094857e-21 1.88040558e-76 2.18468394e-13 3.62077632e-45
  3.35913397e-23 6.27525869e-41 4.65883226e-21 5.19174090e-27
  1.09885283e-72 2.66725962e-48 6.61634213e-20 3.99287948e-65
  1.00000000e+00]
 [8.24376482e-81 5.01662355e-39 9.35912568e-20 1.00000000e+00
  1.48503288e-06 4.40874721e-21 1.05146154e-42 1.08801079e-51
  1.83513521e-41 1.45097370e-90 4.81297828e-44 1.86176796e-40
  4.58966782e-32 5.79813817e-51 3.80608362e-16 8.05426687e-15
  1.45605786e-49 1.15382131e-59 1.58498534e-27 5.45252288e-61
  1.00000000e+00]
 [1.15323665e-50 1.00503131e-31 3.15250121e-22 1.48503288e-06
  1.00000000e+00 2.36219069e-22 7.85351017e-33 3.77916999e-47
  4.20366125e-43 1.15974310e-61 8.99808691e-44 4.82888187e-30
  4.49807716e-30 5.44627332e-31 8.40519110e-20 6.23890568e-18
  1.85735958e-26 6.15348600e-43 2.23238850e-23 9.94352312e-53
  1.00000000e+00]
 [2.63487745e-61 1.75653935e-31 7.35864936e-30 4.40874721e-21
  2.36219069e-22 1.00000000e+00 4.53044479e-29 1.86701364e-28
  6.28919173e-31 2.01529723e-48 4.00356237e-40 1.27358523e-32
  7.35365783e-29 1.72109003e-43 1.28298721e-22 2.08059703e-07
  3.13789832e-35 3.53176951e-52 2.47137419e-57 1.82741772e-30
  1.00000000e+00]
 [5.66517762e-42 8.90427398e-56 3.80042973e-39 1.05146154e-42
  7.85351017e-33 4.53044479e-29 1.00000000e+00 6.25262261e-50
  5.79155733e-50 2.19011030e-65 2.47740454e-49 8.59954337e-09
  7.01094884e-19 1.74288902e-22 2.33494658e-30 1.05081117e-38
  9.73635657e-38 1.17097517e-07 6.52120082e-41 6.23058825e-66
  1.00000000e+00]
 [1.84707682e-35 7.67957980e-20 8.06902749e-27 1.08801079e-51
  3.77916999e-47 1.86701364e-28 6.25262261e-50 1.00000000e+00
  3.83377684e-18 4.55012844e-40 3.83400117e-10 7.98675023e-42
  1.87006210e-25 4.11194757e-49 4.91959253e-46 4.54036234e-31
  8.13894815e-72 1.71210923e-57 1.91257677e-51 1.17623748e-18
  1.00000000e+00]
 [1.10450980e-61 1.26973456e-16 2.35094857e-21 1.83513521e-41
  4.20366125e-43 6.28919173e-31 5.79155733e-50 3.83377684e-18
  1.00000000e+00 4.46588025e-64 2.26833128e-27 7.54139474e-50
  3.92647461e-15 3.82259495e-76 1.00064925e-59 1.60900383e-45
  6.16179625e-87 1.44648330e-70 1.33860776e-32 2.53559337e-48
  1.00000000e+00]
 [4.77601741e-21 7.71114093e-44 1.88040558e-76 1.45097370e-90
  1.15974310e-61 2.01529723e-48 2.19011030e-65 4.55012844e-40
  4.46588025e-64 1.00000000e+00 3.45531830e-69 5.10743752e-65
  7.90136133e-71 3.27647145e-46 7.19513177e-88 3.22440694e-61
  1.81331512e-33 6.81953320e-72 2.28851801e-98 5.22881417e-37
  1.00000000e+00]
 [5.93614848e-45 2.84093420e-38 2.18468394e-13 4.81297828e-44
  8.99808691e-44 4.00356237e-40 2.47740454e-49 3.83400117e-10
  2.26833128e-27 3.45531830e-69 1.00000000e+00 3.42448422e-44
  3.94987586e-27 1.07153105e-41 6.85846458e-31 8.83820316e-33
  4.76370394e-87 2.34855385e-49 4.56316139e-37 5.51594535e-43
  1.00000000e+00]
 [7.61625966e-35 8.00546955e-39 3.62077632e-45 1.86176796e-40
  4.82888187e-30 1.27358523e-32 8.59954337e-09 7.98675023e-42
  7.54139474e-50 5.10743752e-65 3.42448422e-44 1.00000000e+00
  3.21791376e-14 2.37824730e-26 3.73188369e-33 4.99764442e-36
  3.27300846e-37 7.47194730e-11 2.71555497e-35 4.70623670e-44
  1.00000000e+00]
 [7.12374395e-46 1.66213222e-21 3.35913397e-23 4.58966782e-32
  4.49807716e-30 7.35365783e-29 7.01094884e-19 1.87006210e-25
  3.92647461e-15 7.90136133e-71 3.94987586e-27 3.21791376e-14
  1.00000000e+00 9.45541456e-48 3.79508259e-39 4.39986232e-38
  5.11148086e-64 1.49954422e-29 1.97989711e-17 1.32840688e-46
  1.00000000e+00]
 [1.68896405e-21 1.76990866e-67 6.27525869e-41 5.79813817e-51
  5.44627332e-31 1.72109003e-43 1.74288902e-22 4.11194757e-49
  3.82259495e-76 3.27647145e-46 1.07153105e-41 2.37824730e-26
  9.45541456e-48 1.00000000e+00 5.04788877e-26 9.14128956e-37
  1.73062499e-26 5.90285595e-14 1.22374015e-53 6.44568603e-62
  1.00000000e+00]
 [4.28932161e-69 2.91766445e-63 4.65883226e-21 3.80608362e-16
  8.40519110e-20 1.28298721e-22 2.33494658e-30 4.91959253e-46
  1.00064925e-59 7.19513177e-88 6.85846458e-31 3.73188369e-33
  3.79508259e-39 5.04788877e-26 1.00000000e+00 4.10952866e-10
  6.24970275e-50 5.56843915e-37 2.22883116e-45 2.49824817e-60
  1.00000000e+00]
 [2.24317349e-64 2.64010171e-39 5.19174090e-27 8.05426687e-15
  6.23890568e-18 2.08059703e-07 1.05081117e-38 4.54036234e-31
  1.60900383e-45 3.22440694e-61 8.83820316e-33 4.99764442e-36
  4.39986232e-38 9.14128956e-37 4.10952866e-10 1.00000000e+00
  2.53884331e-38 5.00034815e-54 3.87393162e-56 1.58453947e-30
  1.00000000e+00]
 [4.77449279e-39 9.20824037e-57 1.09885283e-72 1.45605786e-49
  1.85735958e-26 3.13789832e-35 9.73635657e-38 8.13894815e-72
  6.16179625e-87 1.81331512e-33 4.76370394e-87 3.27300846e-37
  5.11148086e-64 1.73062499e-26 6.24970275e-50 2.53884331e-38
  1.00000000e+00 5.31855668e-45 3.35419878e-77 1.92015874e-53
  1.00000000e+00]
 [3.08099254e-31 4.33998343e-70 2.66725962e-48 1.15382131e-59
  6.15348600e-43 3.53176951e-52 1.17097517e-07 1.71210923e-57
  1.44648330e-70 6.81953320e-72 2.34855385e-49 7.47194730e-11
  1.49954422e-29 5.90285595e-14 5.56843915e-37 5.00034815e-54
  5.31855668e-45 1.00000000e+00 1.99227904e-43 6.51728282e-76
  1.00000000e+00]
 [1.22962685e-57 9.48852245e-37 6.61634213e-20 1.58498534e-27
  2.23238850e-23 2.47137419e-57 6.52120082e-41 1.91257677e-51
  1.33860776e-32 2.28851801e-98 4.56316139e-37 2.71555497e-35
  1.97989711e-17 1.22374015e-53 2.22883116e-45 3.87393162e-56
  3.35419878e-77 1.99227904e-43 1.00000000e+00 1.96566964e-83
  1.00000000e+00]
 [3.13789629e-45 6.44520352e-21 3.99287948e-65 5.45252288e-61
  9.94352312e-53 1.82741772e-30 6.23058825e-66 1.17623748e-18
  2.53559337e-48 5.22881417e-37 5.51594535e-43 4.70623670e-44
  1.32840688e-46 6.44568603e-62 2.49824817e-60 1.58453947e-30
  1.92015874e-53 6.51728282e-76 1.96566964e-83 1.00000000e+00
  1.00000000e+00]
 [1.00000000e+00 1.00000000e+00 1.00000000e+00 1.00000000e+00
  1.00000000e+00 1.00000000e+00 1.00000000e+00 1.00000000e+00
  1.00000000e+00 1.00000000e+00 1.00000000e+00 1.00000000e+00
  1.00000000e+00 1.00000000e+00 1.00000000e+00 1.00000000e+00
  1.00000000e+00 1.00000000e+00 1.00000000e+00 1.00000000e+00
  0.00000000e+00]]
