[[1.00000000e+000 1.85972126e-051 3.36169058e-016 4.90784056e-048
  4.42425927e-045 3.05882007e-038 3.92014580e-050 2.28581689e-069
  6.53756432e-030 1.07636720e-077 2.10377649e-071 5.12216059e-038
  6.54537363e-033 3.90971154e-041 6.85120352e-007 1.24758853e-014
  2.30753177e-068 7.08670264e-056 9.64580355e-015 1.30227991e-064
  1.00000000e+000]
 [1.85972126e-051 1.00000000e+000 1.45150301e-047 3.15771801e-039
  2.06423035e-046 8.41354102e-060 3.73655124e-040 1.73365021e-082
  3.53951120e-028 6.99843070e-024 4.46628175e-028 3.28580054e-029
  2.75492079e-034 2.77995237e-020 3.65392361e-076 2.38176630e-028
  7.83568015e-031 1.51329548e-068 1.00848907e-061 1.42479250e-058
  1.00000000e+000]
 [3.36169058e-016 1.45150301e-047 1.00000000e+000 5.86907792e-043
  2.34540234e-055 3.11539116e-042 7.17761792e-024 8.76023330e-091
  1.10855452e-039 1.44495220e-055 1.06647935e-048 1.17590910e-032
  9.48015494e-026 1.46759473e-024 4.24532203e-018 7.87881402e-006
  2.55527309e-066 5.28794733e-020 1.38582110e-011 6.54051380e-049
  1.00000000e+000]
 [4.90784056e-048 3.15771801e-039 5.86907792e-043 1.00000000e+000
  2.87556859e-050 4.42446900e-030 6.27930767e-042 7.59229445e-031
  4.70043018e-060 1.29108219e-048 5.14580697e-034 2.14251301e-041
  1.78062234e-038 4.19701412e-045 1.65806193e-058 2.40917596e-041
  1.14673396e-027 1.63750475e-044 2.54002586e-029 2.44319367e-031
  1.00000000e+000]
 [4.42425927e-045 2.06423035e-046 2.34540234e-055 2.87556859e-050
  1.00000000e+000 5.79276991e-012 2.21584668e-055 1.52995081e-037
  1.25548467e-012 1.06448606e-079 3.52187453e-045 1.46322981e-047
  1.73201611e-020 2.03610249e-050 9.26662555e-067 6.44247194e-038
  6.51238996e-056 1.69775037e-064 7.94926820e-070 1.74857094e-043
  1.00000000e+000]
 [3.05882007e-038 8.41354102e-060 3.11539116e-042 4.42446900e-030
  5.79276991e-012 1.00000000e+000 2.16048191e-042 7.75934872e-020
  7.10818015e-027 2.00006692e-071 1.21576065e-049 1.99823393e-055
  2.39569001e-015 1.84015868e-054 1.21492433e-051 1.42567303e-038
  4.30892610e-053 2.51739352e-043 3.83225858e-044 1.18601495e-040
  1.00000000e+000]
 [3.92014580e-050 3.73655124e-040 7.17761792e-024 6.27930767e-042
  2.21584668e-055 2.16048191e-042 1.00000000e+000 8.57643107e-076
  4.92816557e-042 1.87594174e-022 2.77260211e-057 7.08057052e-069
  9.65372067e-028 2.86425540e-045 1.64544883e-070 3.64040387e-024
  2.74213076e-032 3.19974067e-038 3.54043951e-045 3.32158700e-073
  1.00000000e+000]
 [2.28581689e-069 1.73365021e-082 8.76023330e-091 7.59229445e-031
  1.52995081e-037 7.75934872e-020 8.57643107e-076 1.00000000e+000
  9.17286997e-063 1.85714819e-093 9.31370706e-088 1.76203919e-097
  3.08755638e-054 7.60491935e-105 8.99260526e-092 2.28055918e-083
  3.54406124e-045 1.29191495e-099 2.19010976e-073 2.40491042e-073
  1.00000000e+000]
 [6.53756432e-030 3.53951120e-028 1.10855452e-039 4.70043018e-060
  1.25548467e-012 7.10818015e-027 4.92816557e-042 9.17286997e-063
  1.00000000e+000 5.67179433e-053 6.85680328e-050 2.56150171e-042
  2.42006683e-013 5.07631302e-033 8.47235584e-053 2.78653145e-023
  2.02548820e-056 3.67920886e-064 3.64143072e-060 1.10293144e-065
  1.00000000e+000]
 [1.07636720e-077 6.99843070e-024 1.44495220e-055 1.29108219e-048
  1.06448606e-079 2.00006692e-071 1.87594174e-022 1.85714819e-093
  5.67179433e-053 1.00000000e+000 1.35057258e-056 1.37514490e-075
  6.68234464e-038 1.39204199e-042 2.03988916e-103 3.51751355e-050
  7.52054263e-038 1.06242744e-066 2.37564310e-071 3.96225796e-100
  1.00000000e+000]
 [2.10377649e-071 4.46628175e-028 1.06647935e-048 5.14580697e-034
  3.52187453e-045 1.21576065e-049 2.77260211e-057 9.31370706e-088
  6.85680328e-050 1.35057258e-056 1.00000000e+000 8.53016368e-015
  6.72566250e-033 2.43448627e-014 8.73749441e-079 1.61235789e-037
  1.62203847e-065 7.05676585e-031 2.00665921e-060 7.12021434e-015
  1.00000000e+000]
 [5.12216059e-038 3.28580054e-029 1.17590910e-032 2.14251301e-041
  1.46322981e-047 1.99823393e-055 7.08057052e-069 1.76203919e-097
  2.56150171e-042 1.37514490e-075 8.53016368e-015 1.00000000e+000
  1.55807642e-037 5.57855419e-010 9.45117838e-040 9.11749816e-022
  3.01172424e-077 1.02632200e-038 4.61085812e-038 7.65582870e-020
  1.00000000e+000]
 [6.54537363e-033 2.75492079e-034 9.48015494e-026 1.78062234e-038
  1.73201611e-020 2.39569001e-015 9.65372067e-028 3.08755638e-054
  2.42006683e-013 6.68234464e-038 6.72566250e-033 1.55807642e-037
  1.00000000e+000 9.89687908e-022 6.58787746e-045 2.22982208e-022
  1.92445772e-059 2.58276556e-027 3.76248241e-039 1.71920881e-047
  1.00000000e+000]
 [3.90971154e-041 2.77995237e-020 1.46759473e-024 4.19701412e-045
  2.03610249e-050 1.84015868e-054 2.86425540e-045 7.60491935e-105
  5.07631302e-033 1.39204199e-042 2.43448627e-014 5.57855419e-010
  9.89687908e-022 1.00000000e+000 4.56776028e-046 1.09451454e-017
  2.24120638e-073 5.96343353e-027 3.62961444e-039 1.89149671e-036
  1.00000000e+000]
 [6.85120352e-007 3.65392361e-076 4.24532203e-018 1.65806193e-058
  9.26662555e-067 1.21492433e-051 1.64544883e-070 8.99260526e-092
  8.47235584e-053 2.03988916e-103 8.73749441e-079 9.45117838e-040
  6.58787746e-045 4.56776028e-046 1.00000000e+000 2.68939320e-024
  2.10742367e-102 1.63311305e-049 1.43187730e-010 8.95236539e-065
  1.00000000e+000]
 [1.24758853e-014 2.38176630e-028 7.87881402e-006 2.40917596e-041
  6.44247194e-038 1.42567303e-038 3.64040387e-024 2.28055918e-083
  2.78653145e-023 3.51751355e-050 1.61235789e-037 9.11749816e-022
  2.22982208e-022 1.09451454e-017 2.68939320e-024 1.00000000e+000
  6.08961744e-051 1.57637412e-030 1.29645254e-021 8.49094970e-042
  1.00000000e+000]
 [2.30753177e-068 7.83568015e-031 2.55527309e-066 1.14673396e-027
  6.51238996e-056 4.30892610e-053 2.74213076e-032 3.54406124e-045
  2.02548820e-056 7.52054263e-038 1.62203847e-065 3.01172424e-077
  1.92445772e-059 2.24120638e-073 2.10742367e-102 6.08961744e-051
  1.00000000e+000 2.01181503e-093 7.34019800e-071 7.17462440e-076
  1.00000000e+000]
 [7.08670264e-056 1.51329548e-068 5.28794733e-020 1.63750475e-044
  1.69775037e-064 2.51739352e-043 3.19974067e-038 1.29191495e-099
  3.67920886e-064 1.06242744e-066 7.05676585e-031 1.02632200e-038
  2.58276556e-027 5.96343353e-027 1.63311305e-049 1.57637412e-030
  2.01181503e-093 1.00000000e+000 1.66462188e-031 4.12715983e-032
  1.00000000e+000]
 [9.64580355e-015 1.00848907e-061 1.38582110e-011 2.54002586e-029
  7.94926820e-070 3.83225858e-044 3.54043951e-045 2.19010976e-073
  3.64143072e-060 2.37564310e-071 2.00665921e-060 4.61085812e-038
  3.76248241e-039 3.62961444e-039 1.43187730e-010 1.29645254e-021
  7.34019800e-071 1.66462188e-031 1.00000000e+000 1.43877593e-050
  1.00000000e+000]
 [1.30227991e-064 1.42479250e-058 6.54051380e-049 2.44319367e-031
  1.74857094e-043 1.18601495e-040 3.32158700e-073 2.40491042e-073
  1.10293144e-065 3.96225796e-100 7.12021434e-015 7.65582870e-020
  1.71920881e-047 1.89149671e-036 8.95236539e-065 8.49094970e-042
  7.17462440e-076 4.12715983e-032 1.43877593e-050 1.00000000e+000
  1.00000000e+000]
 [1.00000000e+000 1.00000000e+000 1.00000000e+000 1.00000000e+000
  1.00000000e+000 1.00000000e+000 1.00000000e+000 1.00000000e+000
  1.00000000e+000 1.00000000e+000 1.00000000e+000 1.00000000e+000
  1.00000000e+000 1.00000000e+000 1.00000000e+000 1.00000000e+000
  1.00000000e+000 1.00000000e+000 1.00000000e+000 1.00000000e+000
  0.00000000e+000]]
