[[1.         0.32461186 0.19103144 ... 0.00559652 0.12749929 0.08668236]
 [0.32461186 1.         0.10631508 ... 0.00368839 0.14431684 0.39391675]
 [0.19103144 0.10631508 1.         ... 0.0039475  0.01648377 0.11121297]
 ...
 [0.00559652 0.00368839 0.0039475  ... 1.         0.02448186 0.00225969]
 [0.12749929 0.14431684 0.01648377 ... 0.02448186 1.         0.17113023]
 [0.08668236 0.39391675 0.11121297 ... 0.00225969 0.17113023 1.        ]]
