[[1.00000000e+00 8.86312791e-24 4.73977997e-47 ... 8.85357761e-36
  1.38111376e-29 1.00000000e+00]
 [8.86312791e-24 1.00000000e+00 1.79510898e-32 ... 9.44462331e-57
  4.83894660e-25 1.00000000e+00]
 [4.73977997e-47 1.79510898e-32 1.00000000e+00 ... 5.62694400e-24
  1.00667689e-43 1.00000000e+00]
 ...
 [8.85357761e-36 9.44462331e-57 5.62694400e-24 ... 1.00000000e+00
  5.93254942e-38 1.00000000e+00]
 [1.38111376e-29 4.83894660e-25 1.00667689e-43 ... 5.93254942e-38
  1.00000000e+00 1.00000000e+00]
 [1.00000000e+00 1.00000000e+00 1.00000000e+00 ... 1.00000000e+00
  1.00000000e+00 0.00000000e+00]]
