[[1.00000000e+000 5.74824184e-027 2.27804657e-018 2.16793511e-040
  1.58045862e-065 7.73247568e-032 6.56027274e-038 1.39226235e-034
  2.03387532e-067 5.88681977e-036 4.68550594e-051 2.17147197e-049
  4.08191644e-048 1.78074257e-033 4.06557186e-033 8.20628024e-015
  1.76613245e-063 3.72641211e-040 1.00688423e-019 3.59297051e-026
  1.00000000e+000]
 [5.74824184e-027 1.00000000e+000 1.99251029e-012 8.57828728e-052
  5.45299182e-071 4.58149190e-016 2.51218953e-067 9.98190637e-076
  3.64615063e-062 5.79783694e-079 7.31677555e-046 2.33675926e-051
  1.59002891e-051 1.89446110e-062 3.87746321e-076 3.85151773e-063
  6.19749664e-077 6.16197604e-071 2.53488353e-026 1.02916766e-066
  1.00000000e+000]
 [2.27804657e-018 1.99251029e-012 1.00000000e+000 4.26279248e-044
  2.70880326e-050 1.94262621e-014 7.36856995e-048 2.23070604e-066
  4.14227155e-048 6.94031273e-061 1.57885948e-040 2.85442466e-059
  3.88742351e-032 1.82034311e-060 6.99018076e-055 1.00167380e-040
  1.01042460e-068 2.22594606e-047 3.34367129e-022 7.17698479e-049
  1.00000000e+000]
 [2.16793511e-040 8.57828728e-052 4.26279248e-044 1.00000000e+000
  1.97402499e-016 2.41792162e-026 8.41757357e-045 1.83909423e-029
  5.43878895e-018 1.24763880e-026 2.18527140e-037 8.53242985e-022
  2.35874063e-011 6.68970081e-051 8.68804529e-021 2.41799778e-031
  1.41843353e-036 7.76317453e-015 1.19429659e-042 1.52863546e-022
  1.00000000e+000]
 [1.58045862e-065 5.45299182e-071 2.70880326e-050 1.97402499e-016
  1.00000000e+000 3.75848697e-030 5.86154459e-037 1.00789630e-075
  2.61872612e-024 7.14692807e-039 2.47975803e-058 4.62342466e-066
  1.71616025e-015 1.09748366e-062 5.19017000e-038 3.18374103e-058
  1.46972100e-052 2.91374641e-037 1.89140757e-045 4.37855431e-038
  1.00000000e+000]
 [7.73247568e-032 4.58149190e-016 1.94262621e-014 2.41792162e-026
  3.75848697e-030 1.00000000e+000 3.01699770e-040 1.52164559e-069
  1.04569378e-022 1.93970110e-065 1.48143831e-049 2.11763069e-053
  9.50502413e-019 6.46422780e-067 2.07074118e-053 1.07638151e-056
  3.63495709e-054 2.51158439e-045 1.90603761e-013 6.11286228e-053
  1.00000000e+000]
 [6.56027274e-038 2.51218953e-067 7.36856995e-048 8.41757357e-045
  5.86154459e-037 3.01699770e-040 1.00000000e+000 1.96473124e-065
  1.14018846e-061 1.14800077e-034 2.21019974e-061 3.39360606e-104
  7.50984184e-052 6.93788260e-036 5.12846404e-024 6.14670902e-051
  3.19590222e-033 3.02400158e-050 3.14905743e-019 5.67378075e-049
  1.00000000e+000]
 [1.39226235e-034 9.98190637e-076 2.23070604e-066 1.83909423e-029
  1.00789630e-075 1.52164559e-069 1.96473124e-065 1.00000000e+000
  1.27286621e-060 1.15171677e-031 4.30294733e-037 2.53004710e-029
  2.16837381e-050 1.58707536e-058 6.22335081e-016 9.93243255e-020
  9.50871457e-038 3.42915543e-015 9.38199656e-072 2.52638478e-036
  1.00000000e+000]
 [2.03387532e-067 3.64615063e-062 4.14227155e-048 5.43878895e-018
  2.61872612e-024 1.04569378e-022 1.14018846e-061 1.27286621e-060
  1.00000000e+000 4.07620750e-075 4.50070058e-053 2.94526825e-052
  1.69400644e-005 8.96927428e-110 1.98068024e-047 1.66267253e-067
  6.78806887e-044 8.12932058e-024 1.19664844e-052 4.72060566e-066
  1.00000000e+000]
 [5.88681977e-036 5.79783694e-079 6.94031273e-061 1.24763880e-026
  7.14692807e-039 1.93970110e-065 1.14800077e-034 1.15171677e-031
  4.07620750e-075 1.00000000e+000 8.23428576e-047 2.33146236e-051
  3.62406779e-052 4.43276523e-015 1.03295196e-012 2.87566563e-018
  5.33590963e-050 3.18176947e-033 1.18959950e-055 7.98087488e-011
  1.00000000e+000]
 [4.68550594e-051 7.31677555e-046 1.57885948e-040 2.18527140e-037
  2.47975803e-058 1.48143831e-049 2.21019974e-061 4.30294733e-037
  4.50070058e-053 8.23428576e-047 1.00000000e+000 2.01724460e-044
  8.99973892e-045 7.98734572e-061 2.24338023e-034 5.84264216e-054
  5.79732140e-025 1.58318570e-031 1.80270298e-068 4.68614540e-065
  1.00000000e+000]
 [2.17147197e-049 2.33675926e-051 2.85442466e-059 8.53242985e-022
  4.62342466e-066 2.11763069e-053 3.39360606e-104 2.53004710e-029
  2.94526825e-052 2.33146236e-051 2.01724460e-044 1.00000000e+000
  4.13671073e-041 2.14020765e-071 5.98454809e-053 1.30854792e-039
  4.59142289e-075 1.18874081e-035 2.75269246e-080 5.82742393e-038
  1.00000000e+000]
 [4.08191644e-048 1.59002891e-051 3.88742351e-032 2.35874063e-011
  1.71616025e-015 9.50502413e-019 7.50984184e-052 2.16837381e-050
  1.69400644e-005 3.62406779e-052 8.99973892e-045 4.13671073e-041
  1.00000000e+000 2.23027389e-084 5.76486647e-036 2.78883510e-043
  6.05353405e-048 2.65560016e-016 1.17998842e-043 1.05966874e-040
  1.00000000e+000]
 [1.78074257e-033 1.89446110e-062 1.82034311e-060 6.68970081e-051
  1.09748366e-062 6.46422780e-067 6.93788260e-036 1.58707536e-058
  8.96927428e-110 4.43276523e-015 7.98734572e-061 2.14020765e-071
  2.23027389e-084 1.00000000e+000 4.21994577e-037 2.18436197e-038
  1.35886388e-068 3.09014736e-072 2.13245598e-044 6.49493046e-027
  1.00000000e+000]
 [4.06557186e-033 3.87746321e-076 6.99018076e-055 8.68804529e-021
  5.19017000e-038 2.07074118e-053 5.12846404e-024 6.22335081e-016
  1.98068024e-047 1.03295196e-012 2.24338023e-034 5.98454809e-053
  5.76486647e-036 4.21994577e-037 1.00000000e+000 7.16302104e-020
  1.66725465e-020 2.01112511e-012 2.55347094e-047 1.03545829e-025
  1.00000000e+000]
 [8.20628024e-015 3.85151773e-063 1.00167380e-040 2.41799778e-031
  3.18374103e-058 1.07638151e-056 6.14670902e-051 9.93243255e-020
  1.66267253e-067 2.87566563e-018 5.84264216e-054 1.30854792e-039
  2.78883510e-043 2.18436197e-038 7.16302104e-020 1.00000000e+000
  1.06225655e-067 7.86877603e-023 4.28498672e-050 1.11990403e-009
  1.00000000e+000]
 [1.76613245e-063 6.19749664e-077 1.01042460e-068 1.41843353e-036
  1.46972100e-052 3.63495709e-054 3.19590222e-033 9.50871457e-038
  6.78806887e-044 5.33590963e-050 5.79732140e-025 4.59142289e-075
  6.05353405e-048 1.35886388e-068 1.66725465e-020 1.06225655e-067
  1.00000000e+000 5.06394584e-030 7.99004195e-058 4.45717849e-077
  1.00000000e+000]
 [3.72641211e-040 6.16197604e-071 2.22594606e-047 7.76317453e-015
  2.91374641e-037 2.51158439e-045 3.02400158e-050 3.42915543e-015
  8.12932058e-024 3.18176947e-033 1.58318570e-031 1.18874081e-035
  2.65560016e-016 3.09014736e-072 2.01112511e-012 7.86877603e-023
  5.06394584e-030 1.00000000e+000 1.30401259e-059 9.56214619e-034
  1.00000000e+000]
 [1.00688423e-019 2.53488353e-026 3.34367129e-022 1.19429659e-042
  1.89140757e-045 1.90603761e-013 3.14905743e-019 9.38199656e-072
  1.19664844e-052 1.18959950e-055 1.80270298e-068 2.75269246e-080
  1.17998842e-043 2.13245598e-044 2.55347094e-047 4.28498672e-050
  7.99004195e-058 1.30401259e-059 1.00000000e+000 1.75635854e-048
  1.00000000e+000]
 [3.59297051e-026 1.02916766e-066 7.17698479e-049 1.52863546e-022
  4.37855431e-038 6.11286228e-053 5.67378075e-049 2.52638478e-036
  4.72060566e-066 7.98087488e-011 4.68614540e-065 5.82742393e-038
  1.05966874e-040 6.49493046e-027 1.03545829e-025 1.11990403e-009
  4.45717849e-077 9.56214619e-034 1.75635854e-048 1.00000000e+000
  1.00000000e+000]
 [1.00000000e+000 1.00000000e+000 1.00000000e+000 1.00000000e+000
  1.00000000e+000 1.00000000e+000 1.00000000e+000 1.00000000e+000
  1.00000000e+000 1.00000000e+000 1.00000000e+000 1.00000000e+000
  1.00000000e+000 1.00000000e+000 1.00000000e+000 1.00000000e+000
  1.00000000e+000 1.00000000e+000 1.00000000e+000 1.00000000e+000
  0.00000000e+000]]
