[[1.00000000e+00 3.75003349e-22 1.62659115e-29 ... 4.67154871e-48
  2.64529557e-48 1.00000000e+00]
 [3.75003349e-22 1.00000000e+00 3.92271508e-44 ... 1.25187557e-38
  3.70999066e-34 1.00000000e+00]
 [1.62659115e-29 3.92271508e-44 1.00000000e+00 ... 6.85997985e-96
  2.02890546e-35 1.00000000e+00]
 ...
 [4.67154871e-48 1.25187557e-38 6.85997985e-96 ... 1.00000000e+00
  4.83616550e-74 1.00000000e+00]
 [2.64529557e-48 3.70999066e-34 2.02890546e-35 ... 4.83616550e-74
  1.00000000e+00 1.00000000e+00]
 [1.00000000e+00 1.00000000e+00 1.00000000e+00 ... 1.00000000e+00
  1.00000000e+00 0.00000000e+00]]
