[[1.00000000e+00 1.00897886e-10 7.04599455e-40 2.69231647e-17
  8.30923372e-10 4.80423430e-46 1.90014483e-40 3.78418913e-31
  9.50584020e-48 1.76105392e-68 7.19419935e-68 1.38427328e-42
  3.29138299e-21 7.33652037e-51 1.37740128e-27 1.43644900e-33
  1.26401982e-56 7.05008800e-38 2.54570181e-36 7.42115317e-49
  1.00000000e+00]
 [1.00897886e-10 1.00000000e+00 3.65331762e-49 3.27140095e-17
  3.94882842e-14 1.03088203e-45 1.18142251e-57 1.32231877e-25
  9.36253605e-35 8.56856785e-54 1.08648153e-54 4.13250551e-46
  1.10130847e-25 2.98298011e-41 4.16347766e-35 7.67017134e-32
  9.47600966e-46 2.51193464e-50 6.84851117e-31 1.19319592e-58
  1.00000000e+00]
 [7.04599455e-40 3.65331762e-49 1.00000000e+00 1.26137362e-50
  1.98330080e-34 4.08284672e-19 2.17465193e-20 4.63449233e-18
  1.70269196e-23 1.16261983e-43 2.70337677e-35 1.26953098e-06
  2.91610720e-23 3.35306080e-31 3.90290396e-60 2.36796350e-42
  3.07852513e-43 1.55470932e-20 1.82287686e-27 5.13559093e-07
  1.00000000e+00]
 [2.69231647e-17 3.27140095e-17 1.26137362e-50 1.00000000e+00
  3.61876964e-19 8.42184022e-60 6.21770873e-41 6.75731330e-21
  6.22209069e-48 6.93628421e-71 1.52960739e-58 2.02851129e-41
  5.89469301e-56 7.03172020e-28 9.52848354e-33 3.67827957e-44
  9.57797754e-56 5.96196390e-31 4.27765038e-26 3.16732074e-60
  1.00000000e+00]
 [8.30923372e-10 3.94882842e-14 1.98330080e-34 3.61876964e-19
  1.00000000e+00 5.49289250e-35 5.98112521e-36 2.80821327e-21
  2.79286987e-28 8.95820053e-53 5.09460453e-47 1.44126925e-35
  1.85776059e-20 5.95038360e-32 4.04714426e-08 1.09589339e-14
  1.60992102e-34 7.39937669e-49 4.77257644e-39 1.39720369e-42
  1.00000000e+00]
 [4.80423430e-46 1.03088203e-45 4.08284672e-19 8.42184022e-60
  5.49289250e-35 1.00000000e+00 5.34434589e-55 7.85299699e-16
  2.51809435e-29 1.11561504e-79 1.44697985e-17 5.72212180e-15
  4.45297058e-28 1.04381631e-54 7.21792789e-56 6.40619022e-23
  7.68012603e-27 2.98780668e-40 1.33636260e-40 1.81106015e-34
  1.00000000e+00]
 [1.90014483e-40 1.18142251e-57 2.17465193e-20 6.21770873e-41
  5.98112521e-36 5.34434589e-55 1.00000000e+00 2.22135210e-34
  1.18899219e-54 3.92294226e-58 6.61170478e-51 7.91728408e-20
  9.15107975e-44 3.21404661e-29 8.26864879e-58 3.96928674e-72
  3.63253794e-45 3.00782060e-27 4.63012782e-55 1.08858132e-10
  1.00000000e+00]
 [3.78418913e-31 1.32231877e-25 4.63449233e-18 6.75731330e-21
  2.80821327e-21 7.85299699e-16 2.22135210e-34 1.00000000e+00
  4.12523030e-18 1.10499577e-53 1.22900797e-16 1.24363673e-09
  1.42020081e-36 3.82790731e-18 1.74627490e-39 5.78110856e-24
  2.38774485e-25 5.37785117e-21 1.44446202e-15 2.39543242e-30
  1.00000000e+00]
 [9.50584020e-48 9.36253605e-35 1.70269196e-23 6.22209069e-48
  2.79286987e-28 2.51809435e-29 1.18899219e-54 4.12523030e-18
  1.00000000e+00 7.66708732e-20 1.08309252e-39 6.95827040e-30
  5.38125059e-30 3.72023377e-19 1.79462741e-43 3.07267132e-22
  7.56190580e-45 4.00314442e-56 9.07369602e-23 1.51268427e-37
  1.00000000e+00]
 [1.76105392e-68 8.56856785e-54 1.16261983e-43 6.93628421e-71
  8.95820053e-53 1.11561504e-79 3.92294226e-58 1.10499577e-53
  7.66708732e-20 1.00000000e+00 6.92813037e-83 6.93055769e-59
  2.91815033e-44 9.53054442e-26 1.20609703e-75 1.65792771e-69
  1.29667223e-78 6.73282696e-84 1.60413186e-47 1.23249008e-43
  1.00000000e+00]
 [7.19419935e-68 1.08648153e-54 2.70337677e-35 1.52960739e-58
  5.09460453e-47 1.44697985e-17 6.61170478e-51 1.22900797e-16
  1.08309252e-39 6.92813037e-83 1.00000000e+00 1.64457416e-16
  1.57084907e-54 2.04707481e-40 1.57358884e-68 1.01947632e-45
  1.21629099e-07 2.20858376e-50 1.59879967e-57 3.28507492e-38
  1.00000000e+00]
 [1.38427328e-42 4.13250551e-46 1.26953098e-06 2.02851129e-41
  1.44126925e-35 5.72212180e-15 7.91728408e-20 1.24363673e-09
  6.95827040e-30 6.93055769e-59 1.64457416e-16 1.00000000e+00
  2.37140835e-34 1.15941196e-27 6.20714000e-62 1.09505672e-44
  3.23215744e-26 5.03837492e-15 2.61000579e-29 8.23544415e-11
  1.00000000e+00]
 [3.29138299e-21 1.10130847e-25 2.91610720e-23 5.89469301e-56
  1.85776059e-20 4.45297058e-28 9.15107975e-44 1.42020081e-36
  5.38125059e-30 2.91815033e-44 1.57084907e-54 2.37140835e-34
  1.00000000e+00 1.49758524e-55 4.51961944e-45 3.89309054e-32
  3.38646680e-44 2.08688760e-55 2.93295197e-48 6.07179995e-28
  1.00000000e+00]
 [7.33652037e-51 2.98298011e-41 3.35306080e-31 7.03172020e-28
  5.95038360e-32 1.04381631e-54 3.21404661e-29 3.82790731e-18
  3.72023377e-19 9.53054442e-26 2.04707481e-40 1.15941196e-27
  1.49758524e-55 1.00000000e+00 4.27485944e-46 6.37911346e-49
  1.43183404e-42 6.68167621e-43 2.39078291e-28 2.92433477e-33
  1.00000000e+00]
 [1.37740128e-27 4.16347766e-35 3.90290396e-60 9.52848354e-33
  4.04714426e-08 7.21792789e-56 8.26864879e-58 1.74627490e-39
  1.79462741e-43 1.20609703e-75 1.57358884e-68 6.20714000e-62
  4.51961944e-45 4.27485944e-46 1.00000000e+00 4.26532894e-16
  4.97592863e-52 1.15842407e-79 2.98388146e-63 3.19228239e-72
  1.00000000e+00]
 [1.43644900e-33 7.67017134e-32 2.36796350e-42 3.67827957e-44
  1.09589339e-14 6.40619022e-23 3.96928674e-72 5.78110856e-24
  3.07267132e-22 1.65792771e-69 1.01947632e-45 1.09505672e-44
  3.89309054e-32 6.37911346e-49 4.26532894e-16 1.00000000e+00
  1.35196406e-43 1.12371705e-68 3.15271568e-42 9.10722905e-65
  1.00000000e+00]
 [1.26401982e-56 9.47600966e-46 3.07852513e-43 9.57797754e-56
  1.60992102e-34 7.68012603e-27 3.63253794e-45 2.38774485e-25
  7.56190580e-45 1.29667223e-78 1.21629099e-07 3.23215744e-26
  3.38646680e-44 1.43183404e-42 4.97592863e-52 1.35196406e-43
  1.00000000e+00 3.64116426e-65 9.73534588e-74 7.94211543e-39
  1.00000000e+00]
 [7.05008800e-38 2.51193464e-50 1.55470932e-20 5.96196390e-31
  7.39937669e-49 2.98780668e-40 3.00782060e-27 5.37785117e-21
  4.00314442e-56 6.73282696e-84 2.20858376e-50 5.03837492e-15
  2.08688760e-55 6.68167621e-43 1.15842407e-79 1.12371705e-68
  3.64116426e-65 1.00000000e+00 7.78144801e-22 7.43077372e-30
  1.00000000e+00]
 [2.54570181e-36 6.84851117e-31 1.82287686e-27 4.27765038e-26
  4.77257644e-39 1.33636260e-40 4.63012782e-55 1.44446202e-15
  9.07369602e-23 1.60413186e-47 1.59879967e-57 2.61000579e-29
  2.93295197e-48 2.39078291e-28 2.98388146e-63 3.15271568e-42
  9.73534588e-74 7.78144801e-22 1.00000000e+00 1.57156739e-48
  1.00000000e+00]
 [7.42115317e-49 1.19319592e-58 5.13559093e-07 3.16732074e-60
  1.39720369e-42 1.81106015e-34 1.08858132e-10 2.39543242e-30
  1.51268427e-37 1.23249008e-43 3.28507492e-38 8.23544415e-11
  6.07179995e-28 2.92433477e-33 3.19228239e-72 9.10722905e-65
  7.94211543e-39 7.43077372e-30 1.57156739e-48 1.00000000e+00
  1.00000000e+00]
 [1.00000000e+00 1.00000000e+00 1.00000000e+00 1.00000000e+00
  1.00000000e+00 1.00000000e+00 1.00000000e+00 1.00000000e+00
  1.00000000e+00 1.00000000e+00 1.00000000e+00 1.00000000e+00
  1.00000000e+00 1.00000000e+00 1.00000000e+00 1.00000000e+00
  1.00000000e+00 1.00000000e+00 1.00000000e+00 1.00000000e+00
  0.00000000e+00]]
