[[1.00000000e+00 3.11494550e-21 3.13910541e-39 ... 7.69674664e-10
  2.08154843e-39 1.00000000e+00]
 [3.11494550e-21 1.00000000e+00 3.28362660e-35 ... 7.05665213e-38
  9.61387740e-22 1.00000000e+00]
 [3.13910541e-39 3.28362660e-35 1.00000000e+00 ... 1.70909414e-45
  1.94029568e-56 1.00000000e+00]
 ...
 [7.69674664e-10 7.05665213e-38 1.70909414e-45 ... 1.00000000e+00
  3.27336651e-34 1.00000000e+00]
 [2.08154843e-39 9.61387740e-22 1.94029568e-56 ... 3.27336651e-34
  1.00000000e+00 1.00000000e+00]
 [1.00000000e+00 1.00000000e+00 1.00000000e+00 ... 1.00000000e+00
  1.00000000e+00 0.00000000e+00]]
