[[1.00000000e+000 1.29110865e-036 1.14443865e-020 7.00609156e-019
  1.38466471e-059 2.69658076e-031 8.47981688e-051 6.59362236e-038
  8.26345144e-065 2.05841060e-039 3.63645746e-053 2.82184858e-080
  1.00246477e-041 7.07247728e-059 1.13802207e-058 7.01089626e-054
  1.07778647e-051 3.80522631e-028 4.12621200e-029 2.08155220e-045
  1.00000000e+000]
 [1.29110865e-036 1.00000000e+000 5.03813983e-010 8.28882409e-039
  2.25063173e-048 1.95616784e-044 3.23231417e-106 1.09039168e-080
  1.34670335e-065 1.13157655e-050 9.77649692e-065 8.69743247e-049
  3.38546275e-059 6.28831223e-052 1.52630255e-048 3.81763262e-068
  1.57006694e-049 4.09442831e-034 1.77922564e-056 1.84540329e-056
  1.00000000e+000]
 [1.14443865e-020 5.03813983e-010 1.00000000e+000 1.03339910e-034
  2.77322939e-025 1.93879308e-041 2.53038910e-085 2.20323576e-059
  4.06988815e-059 2.67113110e-031 5.56364994e-070 6.53310728e-052
  8.45073023e-036 4.25811411e-063 3.88376373e-064 2.38949366e-057
  2.27047700e-055 1.56506903e-021 1.34367200e-031 8.71437069e-053
  1.00000000e+000]
 [7.00609156e-019 8.28882409e-039 1.03339910e-034 1.00000000e+000
  1.32623935e-056 1.24546697e-029 4.43919930e-042 9.91021414e-021
  3.51672030e-039 7.56402645e-046 1.33776363e-033 2.54305784e-042
  6.99218656e-025 6.84427994e-022 1.41870326e-026 5.45518856e-030
  3.15141807e-013 1.29196042e-024 5.58829424e-032 7.55343918e-018
  1.00000000e+000]
 [1.38466471e-059 2.25063173e-048 2.77322939e-025 1.32623935e-056
  1.00000000e+000 1.94126498e-089 1.85501735e-096 1.66591393e-061
  1.88614987e-061 5.95554626e-043 1.96204156e-106 4.07092767e-042
  2.05559901e-021 1.11638282e-073 6.98728326e-098 6.59232657e-062
  2.39321889e-061 1.36678804e-036 4.07317152e-034 1.48046865e-055
  1.00000000e+000]
 [2.69658076e-031 1.95616784e-044 1.93879308e-041 1.24546697e-029
  1.94126498e-089 1.00000000e+000 1.30667336e-059 2.19841855e-039
  1.57279352e-034 1.60149226e-040 4.55911407e-056 6.45869313e-091
  1.32571457e-048 3.71036099e-079 2.49483413e-033 4.14494400e-029
  5.28581917e-054 9.31265445e-036 3.06059034e-034 1.18776739e-059
  1.00000000e+000]
 [8.47981688e-051 3.23231417e-106 2.53038910e-085 4.43919930e-042
  1.85501735e-096 1.30667336e-059 1.00000000e+000 3.01526646e-013
  3.53668007e-062 2.96931278e-034 5.23871386e-038 9.44124761e-095
  4.27892458e-053 1.19798839e-081 7.50384801e-046 8.13267649e-062
  2.65845311e-049 4.85144484e-045 8.15288743e-046 8.30534571e-074
  1.00000000e+000]
 [6.59362236e-038 1.09039168e-080 2.20323576e-059 9.91021414e-021
  1.66591393e-061 2.19841855e-039 3.01526646e-013 1.00000000e+000
  5.92614856e-041 1.57392832e-025 3.06005582e-036 5.87518852e-058
  7.15986860e-018 1.62518198e-063 2.37544973e-041 3.25147881e-034
  3.23019166e-033 1.30753140e-022 1.38450796e-027 3.06746954e-048
  1.00000000e+000]
 [8.26345144e-065 1.34670335e-065 4.06988815e-059 3.51672030e-039
  1.88614987e-061 1.57279352e-034 3.53668007e-062 5.92614856e-041
  1.00000000e+000 1.73117168e-056 9.58784474e-095 1.94461796e-084
  3.72571373e-036 2.56013850e-054 8.39965332e-037 2.86359429e-004
  5.76728603e-032 2.78668205e-060 1.10074762e-018 1.14153731e-028
  1.00000000e+000]
 [2.05841060e-039 1.13157655e-050 2.67113110e-031 7.56402645e-046
  5.95554626e-043 1.60149226e-040 2.96931278e-034 1.57392832e-025
  1.73117168e-056 1.00000000e+000 5.03343135e-042 9.14839623e-057
  2.80630667e-030 1.02615209e-095 4.93221284e-053 6.29264157e-060
  3.96565480e-061 1.81460978e-010 3.35566726e-032 3.53094271e-084
  1.00000000e+000]
 [3.63645746e-053 9.77649692e-065 5.56364994e-070 1.33776363e-033
  1.96204156e-106 4.55911407e-056 5.23871386e-038 3.06005582e-036
  9.58784474e-095 5.03343135e-042 1.00000000e+000 3.33106947e-048
  3.23754397e-067 2.74176166e-066 3.95967252e-028 1.52566890e-093
  1.08953008e-042 1.78890734e-027 1.90459686e-088 1.65138522e-087
  1.00000000e+000]
 [2.82184858e-080 8.69743247e-049 6.53310728e-052 2.54305784e-042
  4.07092767e-042 6.45869313e-091 9.44124761e-095 5.87518852e-058
  1.94461796e-084 9.14839623e-057 3.33106947e-048 1.00000000e+000
  1.28982486e-036 4.19330035e-050 4.11468864e-059 2.30144902e-084
  2.68770145e-036 9.94623580e-029 1.47034711e-083 3.48494677e-065
  1.00000000e+000]
 [1.00246477e-041 3.38546275e-059 8.45073023e-036 6.99218656e-025
  2.05559901e-021 1.32571457e-048 4.27892458e-053 7.15986860e-018
  3.72571373e-036 2.80630667e-030 3.23754397e-067 1.28982486e-036
  1.00000000e+000 3.18420506e-060 2.57043821e-063 2.54106939e-028
  2.60523324e-037 2.65398489e-019 1.08969934e-019 1.73550950e-037
  1.00000000e+000]
 [7.07247728e-059 6.28831223e-052 4.25811411e-063 6.84427994e-022
  1.11638282e-073 3.71036099e-079 1.19798839e-081 1.62518198e-063
  2.56013850e-054 1.02615209e-095 2.74176166e-066 4.19330035e-050
  3.18420506e-060 1.00000000e+000 8.14651795e-036 7.74216239e-053
  1.77612546e-008 1.41915121e-068 2.20339508e-065 1.84977809e-012
  1.00000000e+000]
 [1.13802207e-058 1.52630255e-048 3.88376373e-064 1.41870326e-026
  6.98728326e-098 2.49483413e-033 7.50384801e-046 2.37544973e-041
  8.39965332e-037 4.93221284e-053 3.95967252e-028 4.11468864e-059
  2.57043821e-063 8.14651795e-036 1.00000000e+000 5.05833445e-043
  5.92612063e-017 1.15020557e-045 5.89663171e-060 1.10344641e-046
  1.00000000e+000]
 [7.01089626e-054 3.81763262e-068 2.38949366e-057 5.45518856e-030
  6.59232657e-062 4.14494400e-029 8.13267649e-062 3.25147881e-034
  2.86359429e-004 6.29264157e-060 1.52566890e-093 2.30144902e-084
  2.54106939e-028 7.74216239e-053 5.05833445e-043 1.00000000e+000
  1.51842126e-032 1.49038901e-056 1.14439805e-015 1.22919506e-022
  1.00000000e+000]
 [1.07778647e-051 1.57006694e-049 2.27047700e-055 3.15141807e-013
  2.39321889e-061 5.28581917e-054 2.65845311e-049 3.23019166e-033
  5.76728603e-032 3.96565480e-061 1.08953008e-042 2.68770145e-036
  2.60523324e-037 1.77612546e-008 5.92612063e-017 1.51842126e-032
  1.00000000e+000 1.08151288e-043 1.67267093e-045 1.39992537e-014
  1.00000000e+000]
 [3.80522631e-028 4.09442831e-034 1.56506903e-021 1.29196042e-024
  1.36678804e-036 9.31265445e-036 4.85144484e-045 1.30753140e-022
  2.78668205e-060 1.81460978e-010 1.78890734e-027 9.94623580e-029
  2.65398489e-019 1.41915121e-068 1.15020557e-045 1.49038901e-056
  1.08151288e-043 1.00000000e+000 5.24165324e-038 3.82366411e-064
  1.00000000e+000]
 [4.12621200e-029 1.77922564e-056 1.34367200e-031 5.58829424e-032
  4.07317152e-034 3.06059034e-034 8.15288743e-046 1.38450796e-027
  1.10074762e-018 3.35566726e-032 1.90459686e-088 1.47034711e-083
  1.08969934e-019 2.20339508e-065 5.89663171e-060 1.14439805e-015
  1.67267093e-045 5.24165324e-038 1.00000000e+000 1.45882208e-032
  1.00000000e+000]
 [2.08155220e-045 1.84540329e-056 8.71437069e-053 7.55343918e-018
  1.48046865e-055 1.18776739e-059 8.30534571e-074 3.06746954e-048
  1.14153731e-028 3.53094271e-084 1.65138522e-087 3.48494677e-065
  1.73550950e-037 1.84977809e-012 1.10344641e-046 1.22919506e-022
  1.39992537e-014 3.82366411e-064 1.45882208e-032 1.00000000e+000
  1.00000000e+000]
 [1.00000000e+000 1.00000000e+000 1.00000000e+000 1.00000000e+000
  1.00000000e+000 1.00000000e+000 1.00000000e+000 1.00000000e+000
  1.00000000e+000 1.00000000e+000 1.00000000e+000 1.00000000e+000
  1.00000000e+000 1.00000000e+000 1.00000000e+000 1.00000000e+000
  1.00000000e+000 1.00000000e+000 1.00000000e+000 1.00000000e+000
  0.00000000e+000]]
