[[1.00000000e+000 1.88307976e-044 2.97334465e-033 4.48976920e-015
  8.24657062e-025 1.92598972e-027 1.38945904e-040 1.30513159e-023
  6.17236490e-037 1.67101746e-010 1.56736836e-050 2.24771417e-015
  4.83697617e-041 3.55650133e-049 8.58606642e-039 1.61987973e-016
  9.43201370e-036 2.61656002e-025 6.63341618e-040 2.44249479e-071
  1.00000000e+000]
 [1.88307976e-044 1.00000000e+000 1.43841942e-096 6.86235186e-069
  2.82162983e-067 1.15530248e-071 7.93534279e-040 1.63637909e-044
  1.53052317e-024 7.07066352e-041 5.21148807e-041 1.06047506e-077
  1.12821940e-039 9.73282249e-099 7.57631220e-081 3.72288862e-081
  1.24486683e-047 2.77817299e-016 4.35783819e-007 1.50989144e-096
  1.00000000e+000]
 [2.97334465e-033 1.43841942e-096 1.00000000e+000 4.61453480e-012
  2.36448065e-039 6.93524307e-016 1.36098316e-072 3.67831674e-070
  3.64264036e-050 5.75054096e-026 9.71884144e-066 3.81642322e-054
  1.18144010e-096 3.40899218e-027 9.31834746e-048 1.10826860e-020
  3.66705084e-039 2.37915428e-068 3.84497131e-084 1.06346929e-048
  1.00000000e+000]
 [4.48976920e-015 6.86235186e-069 4.61453480e-012 1.00000000e+000
  2.92843911e-034 1.99565675e-023 3.41663163e-034 3.74613317e-040
  1.90297104e-035 2.04863374e-017 3.99818396e-059 1.05104660e-040
  1.36339411e-078 1.63324663e-038 7.83292941e-049 5.22485347e-015
  4.88318256e-044 6.42468593e-040 6.96673174e-062 1.35724015e-053
  1.00000000e+000]
 [8.24657062e-025 2.82162983e-067 2.36448065e-039 2.92843911e-034
  1.00000000e+000 2.34368939e-021 1.99520968e-055 1.59206978e-028
  1.04014205e-035 6.10570942e-047 2.81442059e-059 5.67206353e-043
  9.16154568e-023 1.49716738e-015 1.39393928e-034 2.08188908e-019
  3.47186885e-021 1.59461832e-030 2.74691115e-043 3.06269079e-036
  1.00000000e+000]
 [1.92598972e-027 1.15530248e-071 6.93524307e-016 1.99565675e-023
  2.34368939e-021 1.00000000e+000 6.93774360e-071 1.45869698e-066
  2.03270090e-037 5.25573358e-028 1.12524838e-026 1.04189896e-042
  2.91723927e-062 2.50697715e-014 4.70983750e-063 2.12336203e-015
  8.54532448e-030 1.69602754e-041 3.48299321e-052 7.37742782e-022
  1.00000000e+000]
 [1.38945904e-040 7.93534279e-040 1.36098316e-072 3.41663163e-034
  1.99520968e-055 6.93774360e-071 1.00000000e+000 1.40345533e-023
  2.45926869e-031 7.43891779e-051 3.88415933e-073 2.11109219e-077
  2.33032682e-066 4.54882574e-084 2.44347122e-079 9.14948597e-064
  3.25276647e-070 9.80868111e-023 3.66492687e-035 4.13550178e-081
  1.00000000e+000]
 [1.30513159e-023 1.63637909e-044 3.67831674e-070 3.74613317e-040
  1.59206978e-028 1.45869698e-066 1.40345533e-023 1.00000000e+000
  4.36198541e-043 1.43522972e-044 1.26290428e-092 2.92504372e-044
  1.62554814e-026 2.56789847e-072 5.48074350e-032 7.78243256e-052
  3.36491608e-046 3.16154458e-028 9.46436483e-036 2.79822669e-098
  1.00000000e+000]
 [6.17236490e-037 1.53052317e-024 3.64264036e-050 1.90297104e-035
  1.04014205e-035 2.03270090e-037 2.45926869e-031 4.36198541e-043
  1.00000000e+000 6.01006978e-040 1.36514094e-037 6.33914798e-087
  4.92924667e-043 6.39130898e-039 2.56384555e-057 1.95182692e-037
  7.08727072e-019 1.08631424e-011 5.65889098e-022 8.74268681e-038
  1.00000000e+000]
 [1.67101746e-010 7.07066352e-041 5.75054096e-026 2.04863374e-017
  6.10570942e-047 5.25573358e-028 7.43891779e-051 1.43522972e-044
  6.01006978e-040 1.00000000e+000 1.29087608e-042 3.26892024e-024
  1.07764322e-065 1.93246143e-062 8.79236940e-048 1.68377770e-031
  4.43329471e-040 1.22458679e-038 8.00603156e-043 3.34029657e-081
  1.00000000e+000]
 [1.56736836e-050 5.21148807e-041 9.71884144e-066 3.99818396e-059
  2.81442059e-059 1.12524838e-026 3.88415933e-073 1.26290428e-092
  1.36514094e-037 1.29087608e-042 1.00000000e+000 1.07889653e-070
  6.13686904e-072 3.66810312e-059 5.38268279e-122 8.76506727e-056
  2.79554585e-057 3.14727795e-031 3.88552745e-030 1.15289688e-039
  1.00000000e+000]
 [2.24771417e-015 1.06047506e-077 3.81642322e-054 1.05104660e-040
  5.67206353e-043 1.04189896e-042 2.11109219e-077 2.92504372e-044
  6.33914798e-087 3.26892024e-024 1.07889653e-070 1.00000000e+000
  1.35120550e-060 8.01364666e-080 1.20269394e-062 1.99748961e-043
  4.81172612e-072 1.72079922e-060 3.80542617e-065 2.97845087e-109
  1.00000000e+000]
 [4.83697617e-041 1.12821940e-039 1.18144010e-096 1.36339411e-078
  9.16154568e-023 2.91723927e-062 2.33032682e-066 1.62554814e-026
  4.92924667e-043 1.07764322e-065 6.13686904e-072 1.35120550e-060
  1.00000000e+000 1.95409372e-061 4.36131225e-046 1.56173700e-060
  3.14721066e-030 1.29061338e-026 8.98392874e-025 8.10099304e-083
  1.00000000e+000]
 [3.55650133e-049 9.73282249e-099 3.40899218e-027 1.63324663e-038
  1.49716738e-015 2.50697715e-014 4.54882574e-084 2.56789847e-072
  6.39130898e-039 1.93246143e-062 3.66810312e-059 8.01364666e-080
  1.95409372e-061 1.00000000e+000 1.13748246e-056 1.68079946e-018
  6.71744829e-024 4.17274359e-053 1.06317118e-072 9.27714139e-014
  1.00000000e+000]
 [8.58606642e-039 7.57631220e-081 9.31834746e-048 7.83292941e-049
  1.39393928e-034 4.70983750e-063 2.44347122e-079 5.48074350e-032
  2.56384555e-057 8.79236940e-048 5.38268279e-122 1.20269394e-062
  4.36131225e-046 1.13748246e-056 1.00000000e+000 2.56685503e-049
  8.83604055e-024 2.73941544e-069 1.54457997e-074 1.11285138e-107
  1.00000000e+000]
 [1.61987973e-016 3.72288862e-081 1.10826860e-020 5.22485347e-015
  2.08188908e-019 2.12336203e-015 9.14948597e-064 7.78243256e-052
  1.95182692e-037 1.68377770e-031 8.76506727e-056 1.99748961e-043
  1.56173700e-060 1.68079946e-018 2.56685503e-049 1.00000000e+000
  3.29580770e-031 2.33029359e-039 1.74077109e-068 1.96393515e-037
  1.00000000e+000]
 [9.43201370e-036 1.24486683e-047 3.66705084e-039 4.88318256e-044
  3.47186885e-021 8.54532448e-030 3.25276647e-070 3.36491608e-046
  7.08727072e-019 4.43329471e-040 2.79554585e-057 4.81172612e-072
  3.14721066e-030 6.71744829e-024 8.83604055e-024 3.29580770e-031
  1.00000000e+000 1.31757427e-034 2.68833990e-039 2.62260545e-047
  1.00000000e+000]
 [2.61656002e-025 2.77817299e-016 2.37915428e-068 6.42468593e-040
  1.59461832e-030 1.69602754e-041 9.80868111e-023 3.16154458e-028
  1.08631424e-011 1.22458679e-038 3.14727795e-031 1.72079922e-060
  1.29061338e-026 4.17274359e-053 2.73941544e-069 2.33029359e-039
  1.31757427e-034 1.00000000e+000 2.55210361e-010 1.80635133e-049
  1.00000000e+000]
 [6.63341618e-040 4.35783819e-007 3.84497131e-084 6.96673174e-062
  2.74691115e-043 3.48299321e-052 3.66492687e-035 9.46436483e-036
  5.65889098e-022 8.00603156e-043 3.88552745e-030 3.80542617e-065
  8.98392874e-025 1.06317118e-072 1.54457997e-074 1.74077109e-068
  2.68833990e-039 2.55210361e-010 1.00000000e+000 9.67960925e-069
  1.00000000e+000]
 [2.44249479e-071 1.50989144e-096 1.06346929e-048 1.35724015e-053
  3.06269079e-036 7.37742782e-022 4.13550178e-081 2.79822669e-098
  8.74268681e-038 3.34029657e-081 1.15289688e-039 2.97845087e-109
  8.10099304e-083 9.27714139e-014 1.11285138e-107 1.96393515e-037
  2.62260545e-047 1.80635133e-049 9.67960925e-069 1.00000000e+000
  1.00000000e+000]
 [1.00000000e+000 1.00000000e+000 1.00000000e+000 1.00000000e+000
  1.00000000e+000 1.00000000e+000 1.00000000e+000 1.00000000e+000
  1.00000000e+000 1.00000000e+000 1.00000000e+000 1.00000000e+000
  1.00000000e+000 1.00000000e+000 1.00000000e+000 1.00000000e+000
  1.00000000e+000 1.00000000e+000 1.00000000e+000 1.00000000e+000
  0.00000000e+000]]
