[[1.00000000e+000 2.64555538e-057 5.38599945e-055 8.64435684e-066
  1.80607559e-054 1.49321063e-024 2.98597742e-060 6.51017502e-034
  1.09958978e-052 4.72835661e-045 1.34345640e-037 5.50058080e-046
  2.81487361e-026 1.90375042e-009 1.98057523e-044 2.83718184e-063
  3.32916736e-058 3.09550007e-042 4.15392750e-011 7.04042545e-073
  1.00000000e+000]
 [2.64555538e-057 1.00000000e+000 2.83601874e-105 1.36293821e-096
  1.64151060e-053 6.17735121e-068 3.20024334e-045 1.79910025e-031
  1.88637624e-023 6.19934361e-016 1.60669473e-007 6.95717942e-073
  6.30480778e-009 7.25384773e-071 3.31536528e-049 8.03811501e-066
  4.73583184e-042 4.02758601e-012 2.01542901e-054 8.65898455e-054
  1.00000000e+000]
 [5.38599945e-055 2.83601874e-105 1.00000000e+000 2.14877097e-031
  1.73684143e-079 6.31684355e-042 5.68664693e-042 1.14080632e-063
  7.40297560e-047 1.26829267e-068 1.18452070e-066 3.52914077e-021
  6.70329722e-082 1.42674903e-051 6.89232079e-062 2.26847629e-022
  7.18508007e-033 4.18689696e-070 7.95739850e-025 1.45255419e-101
  1.00000000e+000]
 [8.64435684e-066 1.36293821e-096 2.14877097e-031 1.00000000e+000
  7.62998056e-064 6.86821218e-064 3.98353956e-036 1.42074557e-086
  2.44047052e-037 2.24473044e-083 4.39184311e-080 4.86317801e-037
  1.04608938e-071 4.64903347e-047 1.24380276e-073 4.28769906e-041
  3.47444551e-042 2.46478705e-054 5.09400359e-038 5.17534203e-052
  1.00000000e+000]
 [1.80607559e-054 1.64151060e-053 1.73684143e-079 7.62998056e-064
  1.00000000e+000 7.60995004e-093 1.87361617e-046 9.87435309e-069
  5.11994889e-032 1.84409637e-082 2.97556090e-050 5.38143454e-094
  9.27689080e-048 3.10755473e-062 2.65670104e-107 1.37185174e-034
  8.25762366e-029 1.14226743e-042 7.89083381e-033 9.36941696e-112
  1.00000000e+000]
 [1.49321063e-024 6.17735121e-068 6.31684355e-042 6.86821218e-064
  7.60995004e-093 1.00000000e+000 1.47993664e-066 2.15271758e-040
  1.46026511e-060 1.22095778e-039 3.56452349e-042 6.09931647e-038
  6.61273365e-045 1.84058872e-016 1.80029260e-050 8.37481017e-066
  5.05609776e-051 1.60548235e-061 1.22315278e-022 6.45160863e-060
  1.00000000e+000]
 [2.98597742e-060 3.20024334e-045 5.68664693e-042 3.98353956e-036
  1.87361617e-046 1.47993664e-066 1.00000000e+000 1.43301267e-070
  1.49363839e-020 1.57395002e-035 1.54572538e-033 9.01804091e-049
  2.38500791e-041 2.36583564e-058 3.58574428e-035 1.75656791e-016
  7.33120825e-025 3.71051079e-028 2.19190685e-033 2.69399835e-059
  1.00000000e+000]
 [6.51017502e-034 1.79910025e-031 1.14080632e-063 1.42074557e-086
  9.87435309e-069 2.15271758e-040 1.43301267e-070 1.00000000e+000
  2.07054771e-029 7.28065355e-025 4.49965786e-017 1.03503178e-030
  5.56867181e-021 2.07555226e-055 3.73745083e-049 1.83357229e-064
  8.89452618e-043 1.10115361e-024 8.07696356e-036 1.06676727e-076
  1.00000000e+000]
 [1.09958978e-052 1.88637624e-023 7.40297560e-047 2.44047052e-037
  5.11994889e-032 1.46026511e-060 1.49363839e-020 2.07054771e-029
  1.00000000e+000 1.76162053e-028 5.58823996e-018 1.14460432e-032
  2.26219705e-022 1.60008923e-059 1.94872034e-047 8.94994043e-024
  1.24583369e-012 2.43968129e-008 3.72033847e-031 4.68365844e-052
  1.00000000e+000]
 [4.72835661e-045 6.19934361e-016 1.26829267e-068 2.24473044e-083
  1.84409637e-082 1.22095778e-039 1.57395002e-035 7.28065355e-025
  1.76162053e-028 1.00000000e+000 1.00054862e-006 5.71975176e-039
  1.32530533e-014 1.38750060e-056 7.59578192e-016 1.06864726e-056
  8.78089039e-044 4.56352252e-018 5.15504736e-043 4.08324416e-046
  1.00000000e+000]
 [1.34345640e-037 1.60669473e-007 1.18452070e-066 4.39184311e-080
  2.97556090e-050 3.56452349e-042 1.54572538e-033 4.49965786e-017
  5.58823996e-018 1.00054862e-006 1.00000000e+000 1.04415590e-045
  4.28834851e-009 3.48185534e-052 3.35614035e-032 1.34965495e-042
  2.97093380e-027 1.87558192e-012 1.17688966e-031 6.93343979e-059
  1.00000000e+000]
 [5.50058080e-046 6.95717942e-073 3.52914077e-021 4.86317801e-037
  5.38143454e-094 6.09931647e-038 9.01804091e-049 1.03503178e-030
  1.14460432e-032 5.71975176e-039 1.04415590e-045 1.00000000e+000
  2.80832075e-049 2.67198963e-051 2.75867121e-032 1.19506882e-048
  1.33088477e-045 1.60712553e-038 2.02608945e-034 1.49883277e-059
  1.00000000e+000]
 [2.81487361e-026 6.30480778e-009 6.70329722e-082 1.04608938e-071
  9.27689080e-048 6.61273365e-045 2.38500791e-041 5.56867181e-021
  2.26219705e-022 1.32530533e-014 4.28834851e-009 2.80832075e-049
  1.00000000e+000 3.37545131e-038 9.95514040e-032 3.66578703e-062
  6.78085431e-044 2.08286701e-007 4.14575807e-032 4.51605482e-039
  1.00000000e+000]
 [1.90375042e-009 7.25384773e-071 1.42674903e-051 4.64903347e-047
  3.10755473e-062 1.84058872e-016 2.36583564e-058 2.07555226e-055
  1.60008923e-059 1.38750060e-056 3.48185534e-052 2.67198963e-051
  3.37545131e-038 1.00000000e+000 6.29911923e-055 1.12746494e-065
  3.19284692e-058 1.40064144e-054 2.32153313e-013 3.53383504e-055
  1.00000000e+000]
 [1.98057523e-044 3.31536528e-049 6.89232079e-062 1.24380276e-073
  2.65670104e-107 1.80029260e-050 3.58574428e-035 3.73745083e-049
  1.94872034e-047 7.59578192e-016 3.35614035e-032 2.75867121e-032
  9.95514040e-032 6.29911923e-055 1.00000000e+000 9.72356061e-068
  6.70685272e-072 1.01241424e-031 6.11339725e-048 3.18986152e-048
  1.00000000e+000]
 [2.83718184e-063 8.03811501e-066 2.26847629e-022 4.28769906e-041
  1.37185174e-034 8.37481017e-066 1.75656791e-016 1.83357229e-064
  8.94994043e-024 1.06864726e-056 1.34965495e-042 1.19506882e-048
  3.66578703e-062 1.12746494e-065 9.72356061e-068 1.00000000e+000
  1.65402005e-009 4.82430056e-047 3.70993102e-025 5.91653618e-105
  1.00000000e+000]
 [3.32916736e-058 4.73583184e-042 7.18508007e-033 3.47444551e-042
  8.25762366e-029 5.05609776e-051 7.33120825e-025 8.89452618e-043
  1.24583369e-012 8.78089039e-044 2.97093380e-027 1.33088477e-045
  6.78085431e-044 3.19284692e-058 6.70685272e-072 1.65402005e-009
  1.00000000e+000 1.57272456e-033 1.81534321e-024 6.82364609e-082
  1.00000000e+000]
 [3.09550007e-042 4.02758601e-012 4.18689696e-070 2.46478705e-054
  1.14226743e-042 1.60548235e-061 3.71051079e-028 1.10115361e-024
  2.43968129e-008 4.56352252e-018 1.87558192e-012 1.60712553e-038
  2.08286701e-007 1.40064144e-054 1.01241424e-031 4.82430056e-047
  1.57272456e-033 1.00000000e+000 5.91714576e-037 4.87679407e-039
  1.00000000e+000]
 [4.15392750e-011 2.01542901e-054 7.95739850e-025 5.09400359e-038
  7.89083381e-033 1.22315278e-022 2.19190685e-033 8.07696356e-036
  3.72033847e-031 5.15504736e-043 1.17688966e-031 2.02608945e-034
  4.14575807e-032 2.32153313e-013 6.11339725e-048 3.70993102e-025
  1.81534321e-024 5.91714576e-037 1.00000000e+000 1.73875770e-073
  1.00000000e+000]
 [7.04042545e-073 8.65898455e-054 1.45255419e-101 5.17534203e-052
  9.36941696e-112 6.45160863e-060 2.69399835e-059 1.06676727e-076
  4.68365844e-052 4.08324416e-046 6.93343979e-059 1.49883277e-059
  4.51605482e-039 3.53383504e-055 3.18986152e-048 5.91653618e-105
  6.82364609e-082 4.87679407e-039 1.73875770e-073 1.00000000e+000
  1.00000000e+000]
 [1.00000000e+000 1.00000000e+000 1.00000000e+000 1.00000000e+000
  1.00000000e+000 1.00000000e+000 1.00000000e+000 1.00000000e+000
  1.00000000e+000 1.00000000e+000 1.00000000e+000 1.00000000e+000
  1.00000000e+000 1.00000000e+000 1.00000000e+000 1.00000000e+000
  1.00000000e+000 1.00000000e+000 1.00000000e+000 1.00000000e+000
  0.00000000e+000]]
