[[1.00000000e+000 1.74044460e-064 5.06091070e-038 1.73154436e-049
  8.78224223e-039 9.54250973e-028 3.26529471e-049 4.86944952e-014
  1.19171812e-015 2.06013104e-030 2.94214406e-040 7.14484878e-036
  1.33125643e-048 3.20593084e-052 1.34897022e-037 7.87482666e-044
  9.58509423e-035 3.31161870e-058 2.16195363e-030 1.32050116e-027
  1.00000000e+000]
 [1.74044460e-064 1.00000000e+000 3.49300027e-075 1.30738157e-034
  6.21608814e-080 9.57429145e-062 6.03239878e-072 1.46943064e-073
  4.06272321e-051 2.04628132e-046 2.27045391e-044 4.43656775e-089
  2.33925865e-061 9.13722084e-029 1.06155709e-053 1.75965821e-036
  2.60555010e-072 1.10575843e-057 2.12546628e-033 5.33266646e-049
  1.00000000e+000]
 [5.06091070e-038 3.49300027e-075 1.00000000e+000 2.30351507e-041
  2.16453112e-077 5.62973122e-007 6.71633017e-027 1.17957660e-055
  2.09467668e-042 2.00933304e-013 3.58639599e-059 1.83428547e-029
  3.23714212e-015 1.65214084e-047 1.17757367e-071 2.57350660e-018
  1.95625061e-040 3.14816038e-047 1.15002845e-035 5.07642260e-023
  1.00000000e+000]
 [1.73154436e-049 1.30738157e-034 2.30351507e-041 1.00000000e+000
  1.93019090e-068 1.91697366e-040 1.55869905e-030 4.36673007e-049
  9.33810296e-027 4.50513306e-030 2.93726162e-026 2.39462322e-065
  6.73787281e-026 7.67763100e-005 3.65373900e-041 2.91395345e-028
  3.03752206e-031 3.02737550e-033 1.21497255e-030 8.44394089e-009
  1.00000000e+000]
 [8.78224223e-039 6.21608814e-080 2.16453112e-077 1.93019090e-068
  1.00000000e+000 7.30279710e-044 1.44145372e-035 3.56957380e-021
  4.20150704e-055 8.03643780e-068 2.39244154e-019 1.60380243e-038
  1.34532857e-110 3.08881229e-050 1.70227850e-023 1.08146934e-058
  4.97094030e-018 3.49568363e-036 5.65520331e-035 8.79386824e-067
  1.00000000e+000]
 [9.54250973e-028 9.57429145e-062 5.62973122e-007 1.91697366e-040
  7.30279710e-044 1.00000000e+000 2.55070891e-017 1.15502860e-039
  1.23240625e-040 7.12622473e-012 4.46658398e-040 4.64564201e-014
  3.52240615e-029 1.84762810e-037 2.57241637e-044 4.28763240e-013
  1.23996685e-025 6.93777704e-030 2.06463704e-018 1.25711740e-025
  1.00000000e+000]
 [3.26529471e-049 6.03239878e-072 6.71633017e-027 1.55869905e-030
  1.44145372e-035 2.55070891e-017 1.00000000e+000 3.37844412e-035
  3.09713533e-047 8.58035796e-031 3.13347775e-021 9.42191164e-040
  1.37727015e-044 1.97831778e-024 4.54969367e-040 4.10609280e-032
  1.84297003e-009 5.32046329e-010 4.91082440e-027 3.97051017e-030
  1.00000000e+000]
 [4.86944952e-014 1.46943064e-073 1.17957660e-055 4.36673007e-049
  3.56957380e-021 1.15502860e-039 3.37844412e-035 1.00000000e+000
  3.70736366e-016 8.97024059e-054 1.15274695e-017 1.44917699e-052
  2.34635969e-072 6.74702198e-048 3.07713761e-039 7.19575181e-058
  9.62797676e-016 1.65363309e-046 3.46640715e-042 1.16547435e-039
  1.00000000e+000]
 [1.19171812e-015 4.06272321e-051 2.09467668e-042 9.33810296e-027
  4.20150704e-055 1.23240625e-040 3.09713533e-047 3.70736366e-016
  1.00000000e+000 5.64900361e-043 1.33896905e-026 1.19201043e-059
  1.59049179e-041 1.25633105e-036 3.84785090e-056 3.41660676e-040
  1.07571680e-029 1.03075537e-063 7.48891799e-047 8.09288769e-020
  1.00000000e+000]
 [2.06013104e-030 2.04628132e-046 2.00933304e-013 4.50513306e-030
  8.03643780e-068 7.12622473e-012 8.58035796e-031 8.97024059e-054
  5.64900361e-043 1.00000000e+000 7.01004853e-054 1.12825557e-035
  2.47347143e-012 9.12596604e-031 1.58965236e-038 1.90077297e-021
  1.39782046e-045 2.49617097e-030 9.25163611e-012 8.39386356e-015
  1.00000000e+000]
 [2.94214406e-040 2.27045391e-044 3.58639599e-059 2.93726162e-026
  2.39244154e-019 4.46658398e-040 3.13347775e-021 1.15274695e-017
  1.33896905e-026 7.01004853e-054 1.00000000e+000 5.14002952e-055
  1.74189480e-071 1.53373212e-018 1.67972524e-031 1.40476794e-038
  1.47601319e-008 4.92813039e-026 4.95880423e-033 2.73603694e-037
  1.00000000e+000]
 [7.14484878e-036 4.43656775e-089 1.83428547e-029 2.39462322e-065
  1.60380243e-038 4.64564201e-014 9.42191164e-040 1.44917699e-052
  1.19201043e-059 1.12825557e-035 5.14002952e-055 1.00000000e+000
  1.99834361e-065 4.82821595e-057 1.80333928e-046 6.77623908e-023
  8.79054944e-036 1.97955314e-055 3.89315077e-032 7.51775111e-047
  1.00000000e+000]
 [1.33125643e-048 2.33925865e-061 3.23714212e-015 6.73787281e-026
  1.34532857e-110 3.52240615e-029 1.37727015e-044 2.34635969e-072
  1.59049179e-041 2.47347143e-012 1.74189480e-071 1.99834361e-065
  1.00000000e+000 6.36275065e-039 7.11639936e-075 1.50197514e-032
  8.73202219e-062 1.99506474e-054 5.69882988e-040 4.10406571e-012
  1.00000000e+000]
 [3.20593084e-052 9.13722084e-029 1.65214084e-047 7.67763100e-005
  3.08881229e-050 1.84762810e-037 1.97831778e-024 6.74702198e-048
  1.25633105e-036 9.12596604e-031 1.53373212e-018 4.82821595e-057
  6.36275065e-039 1.00000000e+000 2.62771424e-026 6.12624250e-026
  9.49153313e-026 2.20502818e-020 3.06944956e-020 1.34420702e-016
  1.00000000e+000]
 [1.34897022e-037 1.06155709e-053 1.17757367e-071 3.65373900e-041
  1.70227850e-023 2.57241637e-044 4.54969367e-040 3.07713761e-039
  3.84785090e-056 1.58965236e-038 1.67972524e-031 1.80333928e-046
  7.11639936e-075 2.62771424e-026 1.00000000e+000 2.83323034e-053
  5.66759046e-034 5.01562744e-023 8.39616373e-012 1.08871974e-038
  1.00000000e+000]
 [7.87482666e-044 1.75965821e-036 2.57350660e-018 2.91395345e-028
  1.08146934e-058 4.28763240e-013 4.10609280e-032 7.19575181e-058
  3.41660676e-040 1.90077297e-021 1.40476794e-038 6.77623908e-023
  1.50197514e-032 6.12624250e-026 2.83323034e-053 1.00000000e+000
  2.36383743e-036 4.13669847e-044 6.95766338e-025 1.27093577e-026
  1.00000000e+000]
 [9.58509423e-035 2.60555010e-072 1.95625061e-040 3.03752206e-031
  4.97094030e-018 1.23996685e-025 1.84297003e-009 9.62797676e-016
  1.07571680e-029 1.39782046e-045 1.47601319e-008 8.79054944e-036
  8.73202219e-062 9.49153313e-026 5.66759046e-034 2.36383743e-036
  1.00000000e+000 4.79472301e-023 1.60036551e-033 1.50920253e-031
  1.00000000e+000]
 [3.31161870e-058 1.10575843e-057 3.14816038e-047 3.02737550e-033
  3.49568363e-036 6.93777704e-030 5.32046329e-010 1.65363309e-046
  1.03075537e-063 2.49617097e-030 4.92813039e-026 1.97955314e-055
  1.99506474e-054 2.20502818e-020 5.01562744e-023 4.13669847e-044
  4.79472301e-023 1.00000000e+000 7.40802350e-016 3.07790225e-037
  1.00000000e+000]
 [2.16195363e-030 2.12546628e-033 1.15002845e-035 1.21497255e-030
  5.65520331e-035 2.06463704e-018 4.91082440e-027 3.46640715e-042
  7.48891799e-047 9.25163611e-012 4.95880423e-033 3.89315077e-032
  5.69882988e-040 3.06944956e-020 8.39616373e-012 6.95766338e-025
  1.60036551e-033 7.40802350e-016 1.00000000e+000 6.88609228e-025
  1.00000000e+000]
 [1.32050116e-027 5.33266646e-049 5.07642260e-023 8.44394089e-009
  8.79386824e-067 1.25711740e-025 3.97051017e-030 1.16547435e-039
  8.09288769e-020 8.39386356e-015 2.73603694e-037 7.51775111e-047
  4.10406571e-012 1.34420702e-016 1.08871974e-038 1.27093577e-026
  1.50920253e-031 3.07790225e-037 6.88609228e-025 1.00000000e+000
  1.00000000e+000]
 [1.00000000e+000 1.00000000e+000 1.00000000e+000 1.00000000e+000
  1.00000000e+000 1.00000000e+000 1.00000000e+000 1.00000000e+000
  1.00000000e+000 1.00000000e+000 1.00000000e+000 1.00000000e+000
  1.00000000e+000 1.00000000e+000 1.00000000e+000 1.00000000e+000
  1.00000000e+000 1.00000000e+000 1.00000000e+000 1.00000000e+000
  0.00000000e+000]]
