[[1.00000000e+000 5.38915572e-084 4.05070506e-068 5.89929860e-010
  1.80433453e-081 4.94187882e-040 8.56480179e-017 1.50546078e-055
  7.46027708e-035 2.33982268e-048 9.80852299e-036 1.11654864e-059
  5.58832216e-046 3.79508312e-041 8.79322238e-016 2.41663144e-033
  3.92620515e-069 1.27253155e-101 6.07062989e-048 3.51798821e-038
  1.00000000e+000]
 [5.38915572e-084 1.00000000e+000 2.46974974e-033 5.36756123e-058
  9.23821317e-056 1.27078330e-033 2.18294196e-058 3.24275245e-117
  3.04654382e-029 6.72249571e-037 2.63544515e-071 2.68515345e-083
  2.51818234e-110 4.14454916e-036 1.28549423e-037 8.54227234e-047
  1.96338601e-082 5.61211007e-059 1.35439099e-048 8.77466096e-053
  1.00000000e+000]
 [4.05070506e-068 2.46974974e-033 1.00000000e+000 8.39369600e-040
  7.65906737e-011 9.08363861e-021 1.16298775e-026 1.20566860e-056
  1.13091601e-019 1.08557082e-037 7.73838524e-047 9.41988055e-033
  5.37019142e-037 7.25995036e-017 1.84222615e-038 6.36300292e-030
  2.27728514e-013 3.37377194e-030 2.44863791e-026 2.67134549e-030
  1.00000000e+000]
 [5.89929860e-010 5.36756123e-058 8.39369600e-040 1.00000000e+000
  2.31504777e-048 3.85175387e-022 2.04742291e-009 1.23706603e-041
  5.61859792e-017 4.31554418e-027 9.83902123e-022 5.17197439e-028
  1.89311293e-031 6.30100543e-030 1.81377657e-008 1.85943094e-021
  3.28812571e-044 1.96182490e-070 4.24456062e-020 4.79114138e-025
  1.00000000e+000]
 [1.80433453e-081 9.23821317e-056 7.65906737e-011 2.31504777e-048
  1.00000000e+000 2.52056967e-039 5.25826840e-037 6.50023772e-042
  9.27353087e-041 3.08989550e-050 3.69758320e-039 3.59903268e-018
  2.07288142e-030 6.13855953e-037 1.51568355e-045 1.80280438e-023
  1.50866578e-017 8.18556619e-067 3.99601484e-034 2.08905058e-044
  1.00000000e+000]
 [4.94187882e-040 1.27078330e-033 9.08363861e-021 3.85175387e-022
  2.52056967e-039 1.00000000e+000 1.12230344e-030 1.39275047e-042
  3.33876086e-008 1.89707494e-008 2.04181249e-033 4.34003387e-039
  2.69835286e-038 1.43131322e-033 1.33410351e-029 1.18847763e-025
  6.46126584e-039 1.57380313e-038 1.40501227e-015 2.15083413e-041
  1.00000000e+000]
 [8.56480179e-017 2.18294196e-058 1.16298775e-026 2.04742291e-009
  5.25826840e-037 1.12230344e-030 1.00000000e+000 1.13776845e-050
  4.51157613e-021 3.14639361e-047 2.22375947e-034 4.32565842e-034
  2.51172275e-028 6.50993950e-011 7.01190945e-012 1.59705407e-024
  1.95690584e-025 1.53210988e-057 2.85648465e-029 5.50647849e-012
  1.00000000e+000]
 [1.50546078e-055 3.24275245e-117 1.20566860e-056 1.23706603e-041
  6.50023772e-042 1.39275047e-042 1.13776845e-050 1.00000000e+000
  5.71537399e-064 1.00644713e-052 6.77459780e-038 1.77382731e-026
  4.12705604e-012 3.69352454e-080 1.65090819e-058 7.40829650e-026
  2.47407787e-043 1.28947068e-107 1.65537471e-035 3.18985602e-068
  1.00000000e+000]
 [7.46027708e-035 3.04654382e-029 1.13091601e-019 5.61859792e-017
  9.27353087e-041 3.33876086e-008 4.51157613e-021 5.71537399e-064
  1.00000000e+000 2.35810458e-012 1.28025886e-027 4.40898654e-038
  2.33849268e-045 1.94544672e-023 7.58794401e-022 2.35112266e-032
  3.57898213e-039 2.61142583e-042 2.01581305e-025 3.45825378e-038
  1.00000000e+000]
 [2.33982268e-048 6.72249571e-037 1.08557082e-037 4.31554418e-027
  3.08989550e-050 1.89707494e-008 3.14639361e-047 1.00644713e-052
  2.35810458e-012 1.00000000e+000 3.00074689e-022 5.82140299e-039
  6.31399804e-054 3.79712384e-057 1.75862929e-033 4.61217616e-030
  3.76261155e-065 1.02111818e-071 1.18622859e-027 3.22582093e-068
  1.00000000e+000]
 [9.80852299e-036 2.63544515e-071 7.73838524e-047 9.83902123e-022
  3.69758320e-039 2.04181249e-033 2.22375947e-034 6.77459780e-038
  1.28025886e-027 3.00074689e-022 1.00000000e+000 1.75099586e-019
  1.15134649e-032 7.51819712e-060 1.00600742e-026 6.54756817e-020
  2.05041122e-057 5.94349019e-118 1.00934158e-046 1.15077580e-070
  1.00000000e+000]
 [1.11654864e-059 2.68515345e-083 9.41988055e-033 5.17197439e-028
  3.59903268e-018 4.34003387e-039 4.32565842e-034 1.77382731e-026
  4.40898654e-038 5.82140299e-039 1.75099586e-019 1.00000000e+000
  8.12435358e-018 5.22567617e-058 7.88362863e-041 4.05650877e-027
  9.59870965e-029 7.08647467e-088 2.04980168e-026 2.20066531e-054
  1.00000000e+000]
 [5.58832216e-046 2.51818234e-110 5.37019142e-037 1.89311293e-031
  2.07288142e-030 2.69835286e-038 2.51172275e-028 4.12705604e-012
  2.33849268e-045 6.31399804e-054 1.15134649e-032 8.12435358e-018
  1.00000000e+000 3.86114016e-053 4.53321408e-051 1.70337192e-031
  4.86776482e-017 9.84200122e-081 4.14568367e-035 9.06370615e-051
  1.00000000e+000]
 [3.79508312e-041 4.14454916e-036 7.25995036e-017 6.30100543e-030
  6.13855953e-037 1.43131322e-033 6.50993950e-011 3.69352454e-080
  1.94544672e-023 3.79712384e-057 7.51819712e-060 5.22567617e-058
  3.86114016e-053 1.00000000e+000 5.58502507e-022 2.12733163e-035
  4.64929389e-028 5.69211708e-038 1.80237901e-038 1.15345963e-010
  1.00000000e+000]
 [8.79322238e-016 1.28549423e-037 1.84222615e-038 1.81377657e-008
  1.51568355e-045 1.33410351e-029 7.01190945e-012 1.65090819e-058
  7.58794401e-022 1.75862929e-033 1.00600742e-026 7.88362863e-041
  4.53321408e-051 5.58502507e-022 1.00000000e+000 1.19466722e-014
  7.63446688e-056 4.93196864e-081 2.93591320e-030 1.31936858e-021
  1.00000000e+000]
 [2.41663144e-033 8.54227234e-047 6.36300292e-030 1.85943094e-021
  1.80280438e-023 1.18847763e-025 1.59705407e-024 7.40829650e-026
  2.35112266e-032 4.61217616e-030 6.54756817e-020 4.05650877e-027
  1.70337192e-031 2.12733163e-035 1.19466722e-014 1.00000000e+000
  1.32958063e-043 4.78656031e-089 2.11681309e-027 1.66418329e-035
  1.00000000e+000]
 [3.92620515e-069 1.96338601e-082 2.27728514e-013 3.28812571e-044
  1.50866578e-017 6.46126584e-039 1.95690584e-025 2.47407787e-043
  3.57898213e-039 3.76261155e-065 2.05041122e-057 9.59870965e-029
  4.86776482e-017 4.64929389e-028 7.63446688e-056 1.32958063e-043
  1.00000000e+000 9.06788127e-040 8.25463025e-034 7.07074938e-033
  1.00000000e+000]
 [1.27253155e-101 5.61211007e-059 3.37377194e-030 1.96182490e-070
  8.18556619e-067 1.57380313e-038 1.53210988e-057 1.28947068e-107
  2.61142583e-042 1.02111818e-071 5.94349019e-118 7.08647467e-088
  9.84200122e-081 5.69211708e-038 4.93196864e-081 4.78656031e-089
  9.06788127e-040 1.00000000e+000 1.30750107e-037 6.66852754e-042
  1.00000000e+000]
 [6.07062989e-048 1.35439099e-048 2.44863791e-026 4.24456062e-020
  3.99601484e-034 1.40501227e-015 2.85648465e-029 1.65537471e-035
  2.01581305e-025 1.18622859e-027 1.00934158e-046 2.04980168e-026
  4.14568367e-035 1.80237901e-038 2.93591320e-030 2.11681309e-027
  8.25463025e-034 1.30750107e-037 1.00000000e+000 2.74495708e-025
  1.00000000e+000]
 [3.51798821e-038 8.77466096e-053 2.67134549e-030 4.79114138e-025
  2.08905058e-044 2.15083413e-041 5.50647849e-012 3.18985602e-068
  3.45825378e-038 3.22582093e-068 1.15077580e-070 2.20066531e-054
  9.06370615e-051 1.15345963e-010 1.31936858e-021 1.66418329e-035
  7.07074938e-033 6.66852754e-042 2.74495708e-025 1.00000000e+000
  1.00000000e+000]
 [1.00000000e+000 1.00000000e+000 1.00000000e+000 1.00000000e+000
  1.00000000e+000 1.00000000e+000 1.00000000e+000 1.00000000e+000
  1.00000000e+000 1.00000000e+000 1.00000000e+000 1.00000000e+000
  1.00000000e+000 1.00000000e+000 1.00000000e+000 1.00000000e+000
  1.00000000e+000 1.00000000e+000 1.00000000e+000 1.00000000e+000
  0.00000000e+000]]
