[[1.00000000e+00 1.20782369e-28 6.10576780e-41 ... 1.76316253e-71
  4.37514058e-43 1.00000000e+00]
 [1.20782369e-28 1.00000000e+00 1.82424137e-70 ... 1.56162763e-44
  1.08096644e-57 1.00000000e+00]
 [6.10576780e-41 1.82424137e-70 1.00000000e+00 ... 1.01425002e-48
  6.08348519e-09 1.00000000e+00]
 ...
 [1.76316253e-71 1.56162763e-44 1.01425002e-48 ... 1.00000000e+00
  2.00613872e-32 1.00000000e+00]
 [4.37514058e-43 1.08096644e-57 6.08348519e-09 ... 2.00613872e-32
  1.00000000e+00 1.00000000e+00]
 [1.00000000e+00 1.00000000e+00 1.00000000e+00 ... 1.00000000e+00
  1.00000000e+00 0.00000000e+00]]
