[[1.00000000e+00 1.95722982e-49 2.51418610e-36 ... 3.93302969e-81
  3.08576559e-48 1.00000000e+00]
 [1.95722982e-49 1.00000000e+00 4.06531629e-72 ... 3.30932275e-83
  5.07120526e-65 1.00000000e+00]
 [2.51418610e-36 4.06531629e-72 1.00000000e+00 ... 1.11357459e-20
  5.30853146e-24 1.00000000e+00]
 ...
 [3.93302969e-81 3.30932275e-83 1.11357459e-20 ... 1.00000000e+00
  1.95903760e-64 1.00000000e+00]
 [3.08576559e-48 5.07120526e-65 5.30853146e-24 ... 1.95903760e-64
  1.00000000e+00 1.00000000e+00]
 [1.00000000e+00 1.00000000e+00 1.00000000e+00 ... 1.00000000e+00
  1.00000000e+00 0.00000000e+00]]
