[[ 1.02863796  1.65015463 -1.26231735 ... -1.8852641  -1.0159587
  -1.15441994]
 [-0.57232906 -0.54197111  1.52382393 ... -0.06624068  0.89686315
   1.78104055]
 [-1.40996478 -1.69458838  1.13237767 ... -1.03113401 -0.13480656
  -1.87657102]
 ...
 [-1.9165956  -0.64004469 -1.41687873 ... -0.28944648  1.29171016
   0.36955761]
 [ 0.70740142 -0.01779615  1.96896236 ...  1.96574657  1.55416637
   0.7775993 ]
 [-1.00811314 -1.48866936 -0.93712468 ...  1.05092015  0.79038703
  -0.04510455]],[[39560.11720715]
 [39245.28361969]
 [52330.91292843]
 [46113.41465342]
 [49464.04864456]
 [46126.07878433]
 [40590.14636942]
 [51309.02709469]
 [53174.51093214]
 [42227.8792102 ]
 [41876.65573279]
 [46962.67263627]
 [44263.00105188]
 [44499.98888537]
 [38266.24905772]
 [48570.39506883]
 [38192.29253778]
 [51994.08598424]
 [50523.63220101]
 [37000.52080651]],[[1.00000000e+000 9.23125017e-122 1.21503257e-123 1.46498955e-125
  1.22173226e-122 3.00371053e-121 8.43646412e-123 1.41346370e-123
  2.24736337e-121 6.41114094e-123 3.59717423e-122 5.14655215e-122
  3.87571806e-124 3.47377427e-123 1.59015244e-123 2.31135192e-125
  2.27330317e-124 6.76746307e-123 3.70761546e-121 1.15135570e-123
  1.00000000e+000]
 [9.23125017e-122 1.00000000e+000 3.48026848e-125 2.66551756e-122
  1.35767613e-124 1.05829027e-122 7.43228807e-124 1.64098367e-122
  5.11042179e-124 1.02447842e-120 4.75001408e-123 1.17694279e-121
  6.27270946e-122 1.54735115e-123 9.58466613e-124 7.32547499e-123
  2.86320564e-123 2.40722451e-121 2.67720220e-122 8.06469844e-125
  1.00000000e+000]
 [1.21503257e-123 3.48026848e-125 1.00000000e+000 1.13835620e-121
  2.73399854e-121 4.36522235e-124 2.32355840e-123 8.69931194e-125
  1.19140693e-122 7.87806366e-123 6.73072365e-124 8.02003045e-123
  2.66786051e-123 4.19883482e-123 1.44667330e-123 5.10489657e-123
  1.17508351e-122 5.60151848e-124 1.27384504e-123 2.73220221e-122
  1.00000000e+000]
 [1.46498955e-125 2.66551756e-122 1.13835620e-121 1.00000000e+000
  9.59246833e-124 9.14584118e-122 1.52220638e-123 8.67477513e-122
  4.01850594e-123 6.04843765e-123 4.05321213e-123 2.43042987e-122
  1.06628636e-123 1.22700364e-123 2.46692991e-122 7.20480203e-123
  1.72047921e-122 1.02729046e-123 3.61993425e-122 1.64432588e-122
  1.00000000e+000]
 [1.22173226e-122 1.35767613e-124 2.73399854e-121 9.59246833e-124
  1.00000000e+000 6.02554382e-125 4.21531962e-124 1.47338474e-122
  3.48852732e-124 3.29999478e-122 3.91520182e-123 3.49885474e-122
  9.80828411e-124 7.19429473e-122 1.23844128e-122 2.44825136e-122
  1.38568696e-122 1.96563368e-121 8.86462404e-123 2.50946698e-124
  1.00000000e+000]
 [3.00371053e-121 1.05829027e-122 4.36522235e-124 9.14584118e-122
  6.02554382e-125 1.00000000e+000 1.93697680e-121 4.38824801e-124
  3.05282284e-122 2.51994315e-123 9.80786424e-124 7.01322532e-124
  1.89699036e-122 3.28038380e-122 3.42353564e-123 2.40209990e-123
  7.75988955e-120 6.79710644e-126 2.55711180e-122 1.02725247e-122
  1.00000000e+000]
 [8.43646412e-123 7.43228807e-124 2.32355840e-123 1.52220638e-123
  4.21531962e-124 1.93697680e-121 1.00000000e+000 5.18193433e-121
  1.07234191e-123 1.47083174e-122 4.45933191e-124 1.42882604e-122
  4.35336723e-123 5.69005580e-125 1.47828612e-122 1.61799653e-125
  1.01969554e-121 5.56033838e-123 7.32732707e-123 3.70754412e-123
  1.00000000e+000]
 [1.41346370e-123 1.64098367e-122 8.69931194e-125 8.67477513e-122
  1.47338474e-122 4.38824801e-124 5.18193433e-121 1.00000000e+000
  5.02059511e-122 1.34459536e-122 8.31359653e-122 1.19899961e-123
  6.99410267e-123 6.65756055e-122 6.91987471e-123 9.84922318e-122
  9.41982065e-122 9.89618069e-123 2.48559460e-123 5.14612590e-123
  1.00000000e+000]
 [2.24736337e-121 5.11042179e-124 1.19140693e-122 4.01850594e-123
  3.48852732e-124 3.05282284e-122 1.07234191e-123 5.02059511e-122
  1.00000000e+000 1.04879389e-121 3.74524771e-122 3.27350381e-122
  1.48675416e-121 6.38327366e-124 1.52381945e-123 6.16680826e-122
  1.46970033e-122 5.51488913e-125 1.61158330e-123 6.38780594e-124
  1.00000000e+000]
 [6.41114094e-123 1.02447842e-120 7.87806366e-123 6.04843765e-123
  3.29999478e-122 2.51994315e-123 1.47083174e-122 1.34459536e-122
  1.04879389e-121 1.00000000e+000 2.08938431e-123 3.04109943e-124
  5.09602790e-123 1.20357972e-123 5.45033674e-123 5.36698674e-123
  9.15653859e-123 2.61384280e-121 5.66596212e-123 2.56650865e-122
  1.00000000e+000]
 [3.59717423e-122 4.75001408e-123 6.73072365e-124 4.05321213e-123
  3.91520182e-123 9.80786424e-124 4.45933191e-124 8.31359653e-122
  3.74524771e-122 2.08938431e-123 1.00000000e+000 3.27866541e-123
  4.43230253e-123 1.68965282e-122 2.31005716e-123 1.92688116e-123
  1.81393490e-121 2.89716198e-123 2.03076036e-122 9.31626304e-121
  1.00000000e+000]
 [5.14655215e-122 1.17694279e-121 8.02003045e-123 2.43042987e-122
  3.49885474e-122 7.01322532e-124 1.42882604e-122 1.19899961e-123
  3.27350381e-122 3.04109943e-124 3.27866541e-123 1.00000000e+000
  4.37638788e-122 6.89120663e-123 1.31290546e-123 4.83519439e-123
  4.61952132e-122 1.86180189e-124 6.50201996e-124 1.54970678e-122
  1.00000000e+000]
 [3.87571806e-124 6.27270946e-122 2.66786051e-123 1.06628636e-123
  9.80828411e-124 1.89699036e-122 4.35336723e-123 6.99410267e-123
  1.48675416e-121 5.09602790e-123 4.43230253e-123 4.37638788e-122
  1.00000000e+000 3.83367191e-123 2.11819185e-122 1.67859800e-121
  1.31991659e-121 4.48839135e-124 3.64716244e-123 1.05238297e-123
  1.00000000e+000]
 [3.47377427e-123 1.54735115e-123 4.19883482e-123 1.22700364e-123
  7.19429473e-122 3.28038380e-122 5.69005580e-125 6.65756055e-122
  6.38327366e-124 1.20357972e-123 1.68965282e-122 6.89120663e-123
  3.83367191e-123 1.00000000e+000 4.34291871e-122 9.09170537e-122
  1.98318182e-124 2.58739539e-123 3.48396788e-123 6.68971408e-124
  1.00000000e+000]
 [1.59015244e-123 9.58466613e-124 1.44667330e-123 2.46692991e-122
  1.23844128e-122 3.42353564e-123 1.47828612e-122 6.91987471e-123
  1.52381945e-123 5.45033674e-123 2.31005716e-123 1.31290546e-123
  2.11819185e-122 4.34291871e-122 1.00000000e+000 9.58616418e-123
  9.49020264e-124 1.32053026e-124 2.88761964e-122 3.99912927e-121
  1.00000000e+000]
 [2.31135192e-125 7.32547499e-123 5.10489657e-123 7.20480203e-123
  2.44825136e-122 2.40209990e-123 1.61799653e-125 9.84922318e-122
  6.16680826e-122 5.36698674e-123 1.92688116e-123 4.83519439e-123
  1.67859800e-121 9.09170537e-122 9.58616418e-123 1.00000000e+000
  5.02574167e-125 1.57714773e-123 3.84364455e-125 1.16146847e-122
  1.00000000e+000]
 [2.27330317e-124 2.86320564e-123 1.17508351e-122 1.72047921e-122
  1.38568696e-122 7.75988955e-120 1.01969554e-121 9.41982065e-122
  1.46970033e-122 9.15653859e-123 1.81393490e-121 4.61952132e-122
  1.31991659e-121 1.98318182e-124 9.49020264e-124 5.02574167e-125
  1.00000000e+000 3.18758475e-123 1.20357740e-123 4.39638773e-124
  1.00000000e+000]
 [6.76746307e-123 2.40722451e-121 5.60151848e-124 1.02729046e-123
  1.96563368e-121 6.79710644e-126 5.56033838e-123 9.89618069e-123
  5.51488913e-125 2.61384280e-121 2.89716198e-123 1.86180189e-124
  4.48839135e-124 2.58739539e-123 1.32053026e-124 1.57714773e-123
  3.18758475e-123 1.00000000e+000 5.46607420e-124 7.72578618e-124
  1.00000000e+000]
 [3.70761546e-121 2.67720220e-122 1.27384504e-123 3.61993425e-122
  8.86462404e-123 2.55711180e-122 7.32732707e-123 2.48559460e-123
  1.61158330e-123 5.66596212e-123 2.03076036e-122 6.50201996e-124
  3.64716244e-123 3.48396788e-123 2.88761964e-122 3.84364455e-125
  1.20357740e-123 5.46607420e-124 1.00000000e+000 4.07435754e-122
  1.00000000e+000]
 [1.15135570e-123 8.06469844e-125 2.73220221e-122 1.64432588e-122
  2.50946698e-124 1.02725247e-122 3.70754412e-123 5.14612590e-123
  6.38780594e-124 2.56650865e-122 9.31626304e-121 1.54970678e-122
  1.05238297e-123 6.68971408e-124 3.99912927e-121 1.16146847e-122
  4.39638773e-124 7.72578618e-124 4.07435754e-122 1.00000000e+000
  1.00000000e+000]
 [1.00000000e+000 1.00000000e+000 1.00000000e+000 1.00000000e+000
  1.00000000e+000 1.00000000e+000 1.00000000e+000 1.00000000e+000
  1.00000000e+000 1.00000000e+000 1.00000000e+000 1.00000000e+000
  1.00000000e+000 1.00000000e+000 1.00000000e+000 1.00000000e+000
  1.00000000e+000 1.00000000e+000 1.00000000e+000 1.00000000e+000
  0.00000000e+000]]
