[[1.00000000e+000 2.18960964e-023 1.61546101e-039 6.87305853e-023
  2.58164841e-037 1.52964602e-059 3.02866373e-054 1.52884483e-026
  9.04702765e-047 8.35217795e-052 5.52253329e-050 1.80001356e-026
  2.44785156e-029 1.75456419e-048 5.11127704e-025 3.01204796e-042
  9.20679647e-064 2.94095195e-053 2.91806702e-022 2.61404002e-044
  1.00000000e+000]
 [2.18960964e-023 1.00000000e+000 1.21757810e-035 2.65345700e-019
  6.95405177e-084 1.66151018e-046 1.40302857e-014 3.82341610e-038
  2.47545286e-072 3.78924002e-034 4.54418292e-036 5.32357129e-037
  6.12307228e-072 1.06521615e-041 3.47101945e-062 1.98639246e-051
  1.93920534e-063 1.74273568e-070 9.53206292e-021 8.65457189e-044
  1.00000000e+000]
 [1.61546101e-039 1.21757810e-035 1.00000000e+000 1.17633456e-020
  1.14300202e-034 7.74659805e-080 1.41083255e-070 1.20645114e-060
  7.47943733e-092 1.33667558e-075 2.33060161e-059 1.78847454e-046
  6.10661130e-060 1.75136329e-024 1.11824392e-029 1.11735831e-096
  1.81169827e-060 2.73296610e-019 3.44966537e-041 1.46409776e-065
  1.00000000e+000]
 [6.87305853e-023 2.65345700e-019 1.17633456e-020 1.00000000e+000
  4.10416746e-038 1.42724306e-045 5.73667156e-037 2.22145798e-042
  2.16834684e-048 5.51208170e-049 1.18107774e-014 2.51573094e-008
  2.97642608e-048 6.63119010e-015 2.68582046e-044 3.97470855e-055
  1.20103083e-039 3.63469977e-025 7.80199765e-018 1.64934146e-025
  1.00000000e+000]
 [2.58164841e-037 6.95405177e-084 1.14300202e-034 4.10416746e-038
  1.00000000e+000 3.04732269e-100 1.85996619e-124 2.44293967e-061
  3.94859316e-063 1.17298228e-101 5.89071267e-075 2.10259294e-042
  9.09160914e-027 5.96260866e-042 3.05601326e-014 1.20947514e-088
  8.27066863e-063 8.53634372e-016 9.79644748e-053 3.03058007e-070
  1.00000000e+000]
 [1.52964602e-059 1.66151018e-046 7.74659805e-080 1.42724306e-045
  3.04732269e-100 1.00000000e+000 1.16498312e-040 1.77010231e-027
  1.64713000e-045 6.21704752e-023 5.97972536e-065 6.03907810e-051
  4.72800436e-060 3.44731253e-087 2.44891774e-088 2.56619150e-085
  4.55887231e-092 4.08597089e-074 2.64159833e-027 2.58000413e-033
  1.00000000e+000]
 [3.02866373e-054 1.40302857e-014 1.41083255e-070 5.73667156e-037
  1.85996619e-124 1.16498312e-040 1.00000000e+000 2.28416387e-041
  2.39860609e-068 1.93021419e-018 2.39260996e-033 7.70349359e-057
  7.35027896e-092 1.22009886e-054 1.21613312e-100 1.58852672e-041
  9.05969657e-055 1.93325164e-102 3.90193713e-021 4.49726032e-041
  1.00000000e+000]
 [1.52884483e-026 3.82341610e-038 1.20645114e-060 2.22145798e-042
  2.44293967e-061 1.77010231e-027 2.28416387e-041 1.00000000e+000
  3.71791376e-023 6.27265368e-015 2.44436018e-064 1.65266275e-054
  8.26600537e-018 9.10571422e-069 5.15202991e-039 6.09292789e-036
  6.29095879e-051 2.86834539e-068 4.32164390e-009 4.39804262e-031
  1.00000000e+000]
 [9.04702765e-047 2.47545286e-072 7.47943733e-092 2.16834684e-048
  3.94859316e-063 1.64713000e-045 2.39860609e-068 3.71791376e-023
  1.00000000e+000 9.10525901e-048 1.52197704e-049 5.59965251e-043
  7.63857025e-019 1.87773253e-078 3.40628304e-071 8.33789379e-042
  1.94307472e-041 1.96195579e-077 7.63507131e-023 8.43060382e-013
  1.00000000e+000]
 [8.35217795e-052 3.78924002e-034 1.33667558e-075 5.51208170e-049
  1.17298228e-101 6.21704752e-023 1.93021419e-018 6.27265368e-015
  9.10525901e-048 1.00000000e+000 3.72809182e-058 1.43823657e-068
  2.52141375e-057 3.89803633e-066 1.14561164e-071 3.21401278e-037
  5.43515731e-055 1.94324208e-088 3.15850472e-013 5.30898870e-044
  1.00000000e+000]
 [5.52253329e-050 4.54418292e-036 2.33060161e-059 1.18107774e-014
  5.89071267e-075 5.97972536e-065 2.39260996e-033 2.44436018e-064
  1.52197704e-049 3.72809182e-058 1.00000000e+000 2.91731976e-017
  6.81091949e-077 2.06155217e-022 6.76046704e-090 2.01536089e-043
  9.21522618e-030 1.22087823e-061 5.13777854e-028 7.99952862e-025
  1.00000000e+000]
 [1.80001356e-026 5.32357129e-037 1.78847454e-046 2.51573094e-008
  2.10259294e-042 6.03907810e-051 7.70349359e-057 1.65266275e-054
  5.59965251e-043 1.43823657e-068 2.91731976e-017 1.00000000e+000
  1.61188962e-051 6.59125873e-033 1.82696219e-060 1.26225098e-063
  7.98352156e-058 1.61324382e-036 2.23268337e-030 1.59478630e-025
  1.00000000e+000]
 [2.44785156e-029 6.12307228e-072 6.10661130e-060 2.97642608e-048
  9.09160914e-027 4.72800436e-060 7.35027896e-092 8.26600537e-018
  7.63857025e-019 2.52141375e-057 6.81091949e-077 1.61188962e-051
  1.00000000e+000 1.41560994e-071 1.11655799e-024 2.13360898e-055
  3.79187051e-052 1.18486987e-049 4.82170866e-027 1.05039671e-037
  1.00000000e+000]
 [1.75456419e-048 1.06521615e-041 1.75136329e-024 6.63119010e-015
  5.96260866e-042 3.44731253e-087 1.22009886e-054 9.10571422e-069
  1.87773253e-078 3.89803633e-066 2.06155217e-022 6.59125873e-033
  1.41560994e-071 1.00000000e+000 1.58609067e-048 3.57126643e-057
  1.61397507e-027 2.64526788e-028 3.52086362e-034 3.54152855e-057
  1.00000000e+000]
 [5.11127704e-025 3.47101945e-062 1.11824392e-029 2.68582046e-044
  3.05601326e-014 2.44891774e-088 1.21613312e-100 5.15202991e-039
  3.40628304e-071 1.14561164e-071 6.76046704e-090 1.82696219e-060
  1.11655799e-024 1.58609067e-048 1.00000000e+000 5.00234908e-072
  1.15129828e-067 7.63400497e-031 5.18537675e-041 5.63670155e-081
  1.00000000e+000]
 [3.01204796e-042 1.98639246e-051 1.11735831e-096 3.97470855e-055
  1.20947514e-088 2.56619150e-085 1.58852672e-041 6.09292789e-036
  8.33789379e-042 3.21401278e-037 2.01536089e-043 1.26225098e-063
  2.13360898e-055 3.57126643e-057 5.00234908e-072 1.00000000e+000
  1.18542835e-029 4.37803282e-110 1.62166315e-024 1.38351295e-051
  1.00000000e+000]
 [9.20679647e-064 1.93920534e-063 1.81169827e-060 1.20103083e-039
  8.27066863e-063 4.55887231e-092 9.05969657e-055 6.29095879e-051
  1.94307472e-041 5.43515731e-055 9.21522618e-030 7.98352156e-058
  3.79187051e-052 1.61397507e-027 1.15129828e-067 1.18542835e-029
  1.00000000e+000 2.64494109e-066 1.16736182e-026 1.79557186e-037
  1.00000000e+000]
 [2.94095195e-053 1.74273568e-070 2.73296610e-019 3.63469977e-025
  8.53634372e-016 4.08597089e-074 1.93325164e-102 2.86834539e-068
  1.96195579e-077 1.94324208e-088 1.22087823e-061 1.61324382e-036
  1.18486987e-049 2.64526788e-028 7.63400497e-031 4.37803282e-110
  2.64494109e-066 1.00000000e+000 7.01216698e-050 1.52833009e-064
  1.00000000e+000]
 [2.91806702e-022 9.53206292e-021 3.44966537e-041 7.80199765e-018
  9.79644748e-053 2.64159833e-027 3.90193713e-021 4.32164390e-009
  7.63507131e-023 3.15850472e-013 5.13777854e-028 2.23268337e-030
  4.82170866e-027 3.52086362e-034 5.18537675e-041 1.62166315e-024
  1.16736182e-026 7.01216698e-050 1.00000000e+000 2.09189407e-017
  1.00000000e+000]
 [2.61404002e-044 8.65457189e-044 1.46409776e-065 1.64934146e-025
  3.03058007e-070 2.58000413e-033 4.49726032e-041 4.39804262e-031
  8.43060382e-013 5.30898870e-044 7.99952862e-025 1.59478630e-025
  1.05039671e-037 3.54152855e-057 5.63670155e-081 1.38351295e-051
  1.79557186e-037 1.52833009e-064 2.09189407e-017 1.00000000e+000
  1.00000000e+000]
 [1.00000000e+000 1.00000000e+000 1.00000000e+000 1.00000000e+000
  1.00000000e+000 1.00000000e+000 1.00000000e+000 1.00000000e+000
  1.00000000e+000 1.00000000e+000 1.00000000e+000 1.00000000e+000
  1.00000000e+000 1.00000000e+000 1.00000000e+000 1.00000000e+000
  1.00000000e+000 1.00000000e+000 1.00000000e+000 1.00000000e+000
  0.00000000e+000]]
