[[1.00000000e+00 2.55503168e-32 2.71553001e-42 ... 6.90719722e-48
  1.13699162e-49 1.00000000e+00]
 [2.55503168e-32 1.00000000e+00 1.58942191e-46 ... 3.05889182e-40
  4.08999002e-51 1.00000000e+00]
 [2.71553001e-42 1.58942191e-46 1.00000000e+00 ... 8.46879023e-48
  1.95918770e-42 1.00000000e+00]
 ...
 [6.90719722e-48 3.05889182e-40 8.46879023e-48 ... 1.00000000e+00
  5.17534538e-21 1.00000000e+00]
 [1.13699162e-49 4.08999002e-51 1.95918770e-42 ... 5.17534538e-21
  1.00000000e+00 1.00000000e+00]
 [1.00000000e+00 1.00000000e+00 1.00000000e+00 ... 1.00000000e+00
  1.00000000e+00 0.00000000e+00]]
