[[1.00000000e+000 4.34606240e-035 8.34506615e-016 8.53573878e-036
  8.42966931e-041 1.19548329e-037 1.11972027e-029 6.01613659e-044
  9.58610500e-022 1.47040671e-077 5.49392737e-065 2.40060733e-019
  2.09354186e-044 1.58271341e-052 2.07621300e-020 5.44721675e-031
  6.77430661e-034 2.64440447e-056 1.13238417e-044 1.88610915e-020
  1.00000000e+000]
 [4.34606240e-035 1.00000000e+000 6.80780440e-009 1.04898003e-014
  4.07878946e-022 1.37720215e-021 1.62240107e-033 2.55096920e-041
  1.57249658e-030 1.73320135e-035 1.09693816e-062 1.09525989e-005
  4.84627125e-075 1.17862222e-016 5.71425355e-016 2.06812725e-033
  6.66873188e-050 8.19938250e-026 2.75534941e-048 2.63257310e-009
  1.00000000e+000]
 [8.34506615e-016 6.80780440e-009 1.00000000e+000 5.74358101e-018
  1.64984883e-029 1.52125994e-029 2.80075907e-023 1.49624292e-042
  6.30853528e-018 1.28750439e-058 2.74293210e-068 4.48371958e-007
  1.71005890e-066 2.89783715e-033 5.10970937e-013 2.91729499e-032
  5.31407436e-044 6.79735509e-025 7.26263379e-050 1.04915095e-013
  1.00000000e+000]
 [8.53573878e-036 1.04898003e-014 5.74358101e-018 1.00000000e+000
  2.11525264e-031 8.67479654e-026 2.14819009e-015 4.98115191e-024
  1.70014718e-027 6.15503680e-066 6.03910113e-038 1.60503691e-017
  2.21432425e-049 1.23743166e-017 5.81408596e-030 5.27243178e-008
  1.72132740e-071 1.57605496e-023 5.30024033e-042 4.73497260e-009
  1.00000000e+000]
 [8.42966931e-041 4.07878946e-022 1.64984883e-029 2.11525264e-031
  1.00000000e+000 1.76291214e-016 3.61253557e-037 3.85931894e-036
  2.63883599e-017 6.70726812e-034 6.57854979e-029 2.10175169e-019
  1.14564898e-039 7.64625063e-021 4.91061776e-022 2.13110312e-041
  1.03904400e-024 1.36631946e-046 5.86304014e-062 2.82252329e-019
  1.00000000e+000]
 [1.19548329e-037 1.37720215e-021 1.52125994e-029 8.67479654e-026
  1.76291214e-016 1.00000000e+000 1.12520716e-046 3.56168973e-013
  2.70772600e-034 2.54401674e-017 9.45475403e-024 9.13334092e-023
  1.15483958e-041 2.60206636e-009 3.49104821e-042 1.05465836e-030
  1.54615182e-024 1.19085062e-028 6.89000086e-018 3.29437272e-016
  1.00000000e+000]
 [1.11972027e-029 1.62240107e-033 2.80075907e-023 2.14819009e-015
  3.61253557e-037 1.12520716e-046 1.00000000e+000 5.17008402e-050
  5.22634109e-023 4.17308449e-100 1.73191536e-045 1.16479726e-022
  5.18025361e-055 9.14107419e-052 1.87091800e-027 2.53353089e-019
  1.03794053e-078 1.64457237e-051 5.00369973e-068 1.67386364e-021
  1.00000000e+000]
 [6.01613659e-044 2.55096920e-041 1.49624292e-042 4.98115191e-024
  3.85931894e-036 3.56168973e-013 5.17008402e-050 1.00000000e+000
  5.16646780e-036 1.71347509e-052 1.91255189e-018 6.29822884e-045
  3.73617499e-023 4.05810894e-015 5.47554490e-064 9.63486677e-020
  6.83764789e-045 8.29140434e-025 1.37257063e-020 8.18721611e-027
  1.00000000e+000]
 [9.58610500e-022 1.57249658e-030 6.30853528e-018 1.70014718e-027
  2.63883599e-017 2.70772600e-034 5.22634109e-023 5.16646780e-036
  1.00000000e+000 1.21569224e-077 4.77682612e-042 1.17563811e-024
  1.33531265e-029 3.21155882e-039 4.89073317e-020 9.92940067e-034
  1.04346654e-033 8.07826853e-037 6.19206798e-072 5.02462188e-025
  1.00000000e+000]
 [1.47040671e-077 1.73320135e-035 1.28750439e-058 6.15503680e-066
  6.70726812e-034 2.54401674e-017 4.17308449e-100 1.71347509e-052
  1.21569224e-077 1.00000000e+000 1.76100867e-066 8.24246723e-042
  6.85436169e-096 1.63119651e-025 8.38549798e-065 8.61341992e-081
  4.90978101e-036 6.60324051e-062 6.96772258e-043 3.91699886e-042
  1.00000000e+000]
 [5.49392737e-065 1.09693816e-062 2.74293210e-068 6.03910113e-038
  6.57854979e-029 9.45475403e-024 1.73191536e-045 1.91255189e-018
  4.77682612e-042 1.76100867e-066 1.00000000e+000 4.16833312e-058
  6.27351847e-021 1.48642233e-031 1.47330279e-073 4.27457589e-030
  1.81687582e-056 3.28988385e-059 1.16863257e-047 2.99998106e-039
  1.00000000e+000]
 [2.40060733e-019 1.09525989e-005 4.48371958e-007 1.60503691e-017
  2.10175169e-019 9.13334092e-023 1.16479726e-022 6.29822884e-045
  1.17563811e-024 8.24246723e-042 4.16833312e-058 1.00000000e+000
  5.21901055e-065 4.05006962e-026 3.91071430e-007 7.10923817e-029
  4.33053904e-041 1.30616726e-040 4.69512444e-046 1.10610498e-005
  1.00000000e+000]
 [2.09354186e-044 4.84627125e-075 1.71005890e-066 2.21432425e-049
  1.14564898e-039 1.15483958e-041 5.18025361e-055 3.73617499e-023
  1.33531265e-029 6.85436169e-096 6.27351847e-021 5.21901055e-065
  1.00000000e+000 2.79719418e-046 1.64261354e-064 3.01814604e-031
  1.87960675e-046 7.28880632e-072 2.30409197e-063 5.87331321e-044
  1.00000000e+000]
 [1.58271341e-052 1.17862222e-016 2.89783715e-033 1.23743166e-017
  7.64625063e-021 2.60206636e-009 9.14107419e-052 4.05810894e-015
  3.21155882e-039 1.63119651e-025 1.48642233e-031 4.05006962e-026
  2.79719418e-046 1.00000000e+000 1.86625078e-042 5.39743811e-026
  5.24840698e-046 2.30373781e-025 2.41983621e-032 1.21784524e-014
  1.00000000e+000]
 [2.07621300e-020 5.71425355e-016 5.10970937e-013 5.81408596e-030
  4.91061776e-022 3.49104821e-042 1.87091800e-027 5.47554490e-064
  4.89073317e-020 8.38549798e-065 1.47330279e-073 3.91071430e-007
  1.64261354e-064 1.86625078e-042 1.00000000e+000 4.64516483e-040
  7.26384456e-045 1.23350268e-060 2.04876932e-077 2.81133430e-014
  1.00000000e+000]
 [5.44721675e-031 2.06812725e-033 2.91729499e-032 5.27243178e-008
  2.13110312e-041 1.05465836e-030 2.53353089e-019 9.63486677e-020
  9.92940067e-034 8.61341992e-081 4.27457589e-030 7.10923817e-029
  3.01814604e-031 5.39743811e-026 4.64516483e-040 1.00000000e+000
  6.15088654e-073 4.98481720e-043 1.49246065e-035 1.98718955e-012
  1.00000000e+000]
 [6.77430661e-034 6.66873188e-050 5.31407436e-044 1.72132740e-071
  1.03904400e-024 1.54615182e-024 1.03794053e-078 6.83764789e-045
  1.04346654e-033 4.90978101e-036 1.81687582e-056 4.33053904e-041
  1.87960675e-046 5.24840698e-046 7.26384456e-045 6.15088654e-073
  1.00000000e+000 3.89860954e-065 7.47185088e-054 1.26771728e-043
  1.00000000e+000]
 [2.64440447e-056 8.19938250e-026 6.79735509e-025 1.57605496e-023
  1.36631946e-046 1.19085062e-028 1.64457237e-051 8.29140434e-025
  8.07826853e-037 6.60324051e-062 3.28988385e-059 1.30616726e-040
  7.28880632e-072 2.30373781e-025 1.23350268e-060 4.98481720e-043
  3.89860954e-065 1.00000000e+000 1.22059755e-046 2.29988912e-037
  1.00000000e+000]
 [1.13238417e-044 2.75534941e-048 7.26263379e-050 5.30024033e-042
  5.86304014e-062 6.89000086e-018 5.00369973e-068 1.37257063e-020
  6.19206798e-072 6.96772258e-043 1.16863257e-047 4.69512444e-046
  2.30409197e-063 2.41983621e-032 2.04876932e-077 1.49246065e-035
  7.47185088e-054 1.22059755e-046 1.00000000e+000 4.18771700e-033
  1.00000000e+000]
 [1.88610915e-020 2.63257310e-009 1.04915095e-013 4.73497260e-009
  2.82252329e-019 3.29437272e-016 1.67386364e-021 8.18721611e-027
  5.02462188e-025 3.91699886e-042 2.99998106e-039 1.10610498e-005
  5.87331321e-044 1.21784524e-014 2.81133430e-014 1.98718955e-012
  1.26771728e-043 2.29988912e-037 4.18771700e-033 1.00000000e+000
  1.00000000e+000]
 [1.00000000e+000 1.00000000e+000 1.00000000e+000 1.00000000e+000
  1.00000000e+000 1.00000000e+000 1.00000000e+000 1.00000000e+000
  1.00000000e+000 1.00000000e+000 1.00000000e+000 1.00000000e+000
  1.00000000e+000 1.00000000e+000 1.00000000e+000 1.00000000e+000
  1.00000000e+000 1.00000000e+000 1.00000000e+000 1.00000000e+000
  0.00000000e+000]]
