[[1.00000000e+00 2.14619805e-28 4.36945497e-50 1.58899210e-25
  6.64864304e-17 1.98628110e-22 3.53523075e-53 3.63129088e-43
  5.87167548e-33 8.87123560e-09 3.84060310e-18 2.89399278e-41
  6.48975843e-47 1.37677530e-37 6.51687437e-45 2.52835712e-24
  4.46135807e-10 6.01334835e-39 3.39394219e-17 9.76119143e-45
  1.00000000e+00]
 [2.14619805e-28 1.00000000e+00 2.31338899e-48 4.34840593e-59
  1.78086649e-26 3.61691810e-23 3.06566965e-33 5.84334158e-47
  2.05376334e-26 4.38146445e-46 4.39801948e-30 1.68068080e-40
  1.50224154e-28 1.05167835e-49 2.08765334e-22 4.73303308e-35
  2.95822826e-29 4.58325730e-19 5.31646675e-21 1.26087408e-23
  1.00000000e+00]
 [4.36945497e-50 2.31338899e-48 1.00000000e+00 8.87231303e-60
  6.18363856e-58 1.04641244e-66 4.32599530e-56 1.26507167e-41
  5.76837964e-58 1.60491025e-38 2.17944814e-49 2.81930332e-64
  9.23624397e-53 4.06084149e-43 2.57504754e-35 1.22422427e-17
  8.94056169e-36 4.06030823e-45 1.45390641e-62 1.81025110e-12
  1.00000000e+00]
 [1.58899210e-25 4.34840593e-59 8.87231303e-60 1.00000000e+00
  3.00025303e-72 5.78922398e-44 6.03321161e-60 2.54311771e-23
  1.07324687e-32 1.30651309e-18 5.12026940e-16 1.16847766e-22
  1.33001719e-50 4.89485445e-50 6.55824774e-36 1.26008035e-55
  1.64889554e-14 2.54516986e-41 7.03705625e-17 6.44783652e-52
  1.00000000e+00]
 [6.64864304e-17 1.78086649e-26 6.18363856e-58 3.00025303e-72
  1.00000000e+00 1.18651881e-24 3.72828735e-49 1.01149076e-80
  1.02645035e-45 9.94033466e-34 6.71828262e-51 6.37391381e-64
  7.52636988e-62 5.87159699e-55 2.25275788e-69 5.52612420e-18
  1.45024431e-39 1.55435036e-57 1.04007841e-45 1.66499378e-50
  1.00000000e+00]
 [1.98628110e-22 3.61691810e-23 1.04641244e-66 5.78922398e-44
  1.18651881e-24 1.00000000e+00 3.86831294e-37 2.40759835e-37
  1.69223360e-12 1.99840903e-45 8.34870951e-34 4.36811527e-27
  2.63940133e-19 4.42610040e-44 1.00352686e-53 7.83698000e-36
  4.51967813e-39 1.21104316e-21 8.44811116e-18 2.34782242e-48
  1.00000000e+00]
 [3.53523075e-53 3.06566965e-33 4.32599530e-56 6.03321161e-60
  3.72828735e-49 3.86831294e-37 1.00000000e+00 1.70912333e-60
  7.44712121e-41 8.94674482e-55 4.83422031e-40 2.21041243e-16
  2.29459478e-53 6.54779492e-47 2.28418645e-34 3.78386931e-34
  1.57930470e-54 3.30387611e-50 1.06314582e-46 1.87340521e-23
  1.00000000e+00]
 [3.63129088e-43 5.84334158e-47 1.26507167e-41 2.54311771e-23
  1.01149076e-80 2.40759835e-37 1.70912333e-60 1.00000000e+00
  1.87938236e-30 5.93867441e-47 2.17628294e-20 5.78912557e-31
  2.69834896e-13 5.31903996e-30 6.35345854e-31 4.09948013e-53
  3.76697975e-31 5.13796495e-12 9.47536302e-22 9.80885135e-35
  1.00000000e+00]
 [5.87167548e-33 2.05376334e-26 5.76837964e-58 1.07324687e-32
  1.02645035e-45 1.69223360e-12 7.44712121e-41 1.87938236e-30
  1.00000000e+00 1.82667509e-46 4.73945447e-39 6.86246447e-21
  2.00032597e-21 7.35636655e-68 2.20877003e-36 3.42008391e-47
  5.60069869e-32 3.24887297e-17 3.33683768e-14 2.52765291e-42
  1.00000000e+00]
 [8.87123560e-09 4.38146445e-46 1.60491025e-38 1.30651309e-18
  9.94033466e-34 1.99840903e-45 8.94674482e-55 5.93867441e-47
  1.82667509e-46 1.00000000e+00 1.98702543e-20 2.29218660e-42
  1.63942937e-67 4.17829059e-42 1.27059874e-40 1.11663296e-23
  2.81974099e-07 1.50920630e-55 1.45943738e-29 6.39508966e-40
  1.00000000e+00]
 [3.84060310e-18 4.39801948e-30 2.17944814e-49 5.12026940e-16
  6.71828262e-51 8.34870951e-34 4.83422031e-40 2.17628294e-20
  4.73945447e-39 1.98702543e-20 1.00000000e+00 4.16519287e-23
  3.46446350e-34 8.29653916e-20 3.27313089e-21 8.06684791e-40
  2.87924790e-13 2.72245743e-26 2.91305775e-12 2.44577542e-30
  1.00000000e+00]
 [2.89399278e-41 1.68068080e-40 2.81930332e-64 1.16847766e-22
  6.37391381e-64 4.36811527e-27 2.21041243e-16 5.78912557e-31
  6.86246447e-21 2.29218660e-42 4.16519287e-23 1.00000000e+00
  4.26150862e-37 9.74620349e-47 1.05532003e-28 2.04913330e-49
  1.34690493e-36 1.36770038e-33 5.10563017e-21 1.83751285e-35
  1.00000000e+00]
 [6.48975843e-47 1.50224154e-28 9.23624397e-53 1.33001719e-50
  7.52636988e-62 2.63940133e-19 2.29459478e-53 2.69834896e-13
  2.00032597e-21 1.63942937e-67 3.46446350e-34 4.26150862e-37
  1.00000000e+00 3.52683776e-37 2.10341585e-40 7.77992540e-52
  3.69230066e-47 1.11923582e-03 1.97304651e-23 1.87900753e-37
  1.00000000e+00]
 [1.37677530e-37 1.05167835e-49 4.06084149e-43 4.89485445e-50
  5.87159699e-55 4.42610040e-44 6.54779492e-47 5.31903996e-30
  7.35636655e-68 4.17829059e-42 8.29653916e-20 9.74620349e-47
  3.52683776e-37 1.00000000e+00 1.91017558e-51 8.23805498e-30
  2.28742301e-44 1.98543368e-40 2.46616125e-46 3.17255915e-33
  1.00000000e+00]
 [6.51687437e-45 2.08765334e-22 2.57504754e-35 6.55824774e-36
  2.25275788e-69 1.00352686e-53 2.28418645e-34 6.35345854e-31
  2.20877003e-36 1.27059874e-40 3.27313089e-21 1.05532003e-28
  2.10341585e-40 1.91017558e-51 1.00000000e+00 1.88651306e-48
  1.44084536e-21 6.09266529e-25 1.38081159e-24 5.71972524e-13
  1.00000000e+00]
 [2.52835712e-24 4.73303308e-35 1.22422427e-17 1.26008035e-55
  5.52612420e-18 7.83698000e-36 3.78386931e-34 4.09948013e-53
  3.42008391e-47 1.11663296e-23 8.06684791e-40 2.04913330e-49
  7.77992540e-52 8.23805498e-30 1.88651306e-48 1.00000000e+00
  2.46238470e-32 5.00545365e-49 1.01403740e-50 1.81717808e-20
  1.00000000e+00]
 [4.46135807e-10 2.95822826e-29 8.94056169e-36 1.64889554e-14
  1.45024431e-39 4.51967813e-39 1.57930470e-54 3.76697975e-31
  5.60069869e-32 2.81974099e-07 2.87924790e-13 1.34690493e-36
  3.69230066e-47 2.28742301e-44 1.44084536e-21 2.46238470e-32
  1.00000000e+00 1.03424049e-32 3.18952334e-14 2.87477100e-31
  1.00000000e+00]
 [6.01334835e-39 4.58325730e-19 4.06030823e-45 2.54516986e-41
  1.55435036e-57 1.21104316e-21 3.30387611e-50 5.13796495e-12
  3.24887297e-17 1.50920630e-55 2.72245743e-26 1.36770038e-33
  1.11923582e-03 1.98543368e-40 6.09266529e-25 5.00545365e-49
  1.03424049e-32 1.00000000e+00 5.42271092e-15 4.42046391e-29
  1.00000000e+00]
 [3.39394219e-17 5.31646675e-21 1.45390641e-62 7.03705625e-17
  1.04007841e-45 8.44811116e-18 1.06314582e-46 9.47536302e-22
  3.33683768e-14 1.45943738e-29 2.91305775e-12 5.10563017e-21
  1.97304651e-23 2.46616125e-46 1.38081159e-24 1.01403740e-50
  3.18952334e-14 5.42271092e-15 1.00000000e+00 9.28272643e-42
  1.00000000e+00]
 [9.76119143e-45 1.26087408e-23 1.81025110e-12 6.44783652e-52
  1.66499378e-50 2.34782242e-48 1.87340521e-23 9.80885135e-35
  2.52765291e-42 6.39508966e-40 2.44577542e-30 1.83751285e-35
  1.87900753e-37 3.17255915e-33 5.71972524e-13 1.81717808e-20
  2.87477100e-31 4.42046391e-29 9.28272643e-42 1.00000000e+00
  1.00000000e+00]
 [1.00000000e+00 1.00000000e+00 1.00000000e+00 1.00000000e+00
  1.00000000e+00 1.00000000e+00 1.00000000e+00 1.00000000e+00
  1.00000000e+00 1.00000000e+00 1.00000000e+00 1.00000000e+00
  1.00000000e+00 1.00000000e+00 1.00000000e+00 1.00000000e+00
  1.00000000e+00 1.00000000e+00 1.00000000e+00 1.00000000e+00
  0.00000000e+00]]
