[[1.00000000e+00 4.42236552e-15 5.07744004e-71 3.81970247e-81
  3.66527402e-27 1.17428583e-54 1.32595907e-73 9.82502277e-58
  3.00270947e-38 2.57789056e-52 7.79651277e-12 5.84776460e-15
  5.99829423e-41 6.32526456e-09 3.51909979e-42 1.44545985e-36
  2.03228248e-86 1.52636051e-29 3.44563977e-11 3.38933579e-62
  1.00000000e+00]
 [4.42236552e-15 1.00000000e+00 3.76343987e-74 1.93370540e-82
  6.28983530e-26 3.78504232e-54 1.30261314e-52 2.28905986e-40
  1.17540018e-53 1.11144742e-43 9.49352906e-07 6.70674308e-20
  1.34350396e-58 4.58048770e-21 8.23130932e-56 6.62211038e-28
  2.14777324e-73 2.36648242e-27 5.67020495e-12 2.72612016e-55
  1.00000000e+00]
 [5.07744004e-71 3.76343987e-74 1.00000000e+00 1.25448293e-22
  6.54418000e-47 1.28907797e-36 6.38907214e-42 1.20273645e-37
  3.18682419e-41 1.02260471e-18 7.50286697e-67 2.46459122e-60
  1.99669584e-15 3.66461605e-48 1.74930631e-47 1.37423658e-45
  3.82951851e-17 1.73859732e-38 1.46650962e-62 2.19198387e-48
  1.00000000e+00]
 [3.81970247e-81 1.93370540e-82 1.25448293e-22 1.00000000e+00
  1.43019195e-47 1.14921641e-10 1.70090396e-84 1.80211738e-54
  5.34985270e-26 3.04925467e-15 3.43291405e-81 2.16625783e-80
  7.87832461e-44 1.96716391e-64 1.48065574e-89 3.72118484e-45
  2.88840772e-41 8.89976311e-30 9.16408318e-74 1.61793168e-64
  1.00000000e+00]
 [3.66527402e-27 6.28983530e-26 6.54418000e-47 1.43019195e-47
  1.00000000e+00 4.63302927e-24 3.42118843e-86 4.84089255e-53
  1.11991043e-32 4.00363069e-38 1.00622017e-27 3.48665807e-28
  2.71257540e-28 2.74740178e-13 3.85735465e-79 1.02671955e-45
  1.02865650e-61 4.43572696e-32 7.02822935e-44 1.40954082e-63
  1.00000000e+00]
 [1.17428583e-54 3.78504232e-54 1.28907797e-36 1.14921641e-10
  4.63302927e-24 1.00000000e+00 2.93670166e-94 6.38025381e-46
  1.30410295e-11 1.37803090e-18 1.17416312e-50 4.09833232e-50
  4.33571464e-39 5.21400064e-46 7.31327394e-85 1.47862235e-32
  7.26743135e-59 5.39131876e-18 7.03564699e-59 6.30721220e-49
  1.00000000e+00]
 [1.32595907e-73 1.30261314e-52 6.38907214e-42 1.70090396e-84
  3.42118843e-86 2.93670166e-94 1.00000000e+00 5.56745010e-37
  2.49227806e-95 1.10959564e-37 1.37885529e-54 2.90251060e-64
  7.50692235e-63 2.93527133e-68 7.84822375e-37 1.65578874e-40
  8.90749641e-36 2.54716632e-51 6.35591237e-39 4.64578375e-59
  1.00000000e+00]
 [9.82502277e-58 2.28905986e-40 1.20273645e-37 1.80211738e-54
  4.84089255e-53 6.38025381e-46 5.56745010e-37 1.00000000e+00
  8.81855559e-39 3.15808149e-34 7.66338770e-33 5.27931614e-40
  1.84280517e-45 1.54817645e-54 3.25706775e-31 1.87717457e-30
  2.23809183e-32 3.29244616e-34 2.85303936e-42 3.43590395e-10
  1.00000000e+00]
 [3.00270947e-38 1.17540018e-53 3.18682419e-41 5.34985270e-26
  1.11991043e-32 1.30410295e-11 2.49227806e-95 8.81855559e-39
  1.00000000e+00 2.93987821e-30 4.62537702e-39 1.34958882e-33
  9.88507465e-30 2.34696631e-39 1.36585595e-52 2.37195071e-30
  3.01785832e-69 2.62430712e-18 7.75614473e-48 6.96458968e-31
  1.00000000e+00]
 [2.57789056e-52 1.11144742e-43 1.02260471e-18 3.04925467e-15
  4.00363069e-38 1.37803090e-18 1.10959564e-37 3.15808149e-34
  2.93987821e-30 1.00000000e+00 8.35459072e-43 4.18066627e-45
  1.67178557e-34 5.02689997e-46 3.76482330e-55 2.21526245e-13
  2.18344979e-36 3.94531906e-09 1.74613353e-36 1.94845666e-43
  1.00000000e+00]
 [7.79651277e-12 9.49352906e-07 7.50286697e-67 3.43291405e-81
  1.00622017e-27 1.17416312e-50 1.37885529e-54 7.66338770e-33
  4.62537702e-39 8.35459072e-43 1.00000000e+00 2.43819556e-05
  4.69630053e-43 4.21273120e-22 2.11452999e-36 5.54219811e-20
  7.53291684e-80 1.42332484e-21 3.88754275e-14 4.52173511e-34
  1.00000000e+00]
 [5.84776460e-15 6.70674308e-20 2.46459122e-60 2.16625783e-80
  3.48665807e-28 4.09833232e-50 2.90251060e-64 5.27931614e-40
  1.34958882e-33 4.18066627e-45 2.43819556e-05 1.00000000e+00
  2.44334610e-29 8.44478004e-24 1.51936610e-32 1.33164750e-22
  3.85519738e-88 2.82908719e-23 5.45223653e-25 2.95451014e-31
  1.00000000e+00]
 [5.99829423e-41 1.34350396e-58 1.99669584e-15 7.87832461e-44
  2.71257540e-28 4.33571464e-39 7.50692235e-63 1.84280517e-45
  9.88507465e-30 1.67178557e-34 4.69630053e-43 2.44334610e-29
  1.00000000e+00 3.82858364e-25 1.72635086e-36 1.64264688e-45
  1.17677668e-45 6.70317589e-37 7.30083962e-53 2.04902477e-43
  1.00000000e+00]
 [6.32526456e-09 4.58048770e-21 3.66461605e-48 1.96716391e-64
  2.74740178e-13 5.21400064e-46 2.93527133e-68 1.54817645e-54
  2.34696631e-39 5.02689997e-46 4.21273120e-22 8.44478004e-24
  3.82858364e-25 1.00000000e+00 2.02440948e-49 4.94437548e-48
  6.82028214e-58 2.21178734e-36 5.39184778e-22 7.62830059e-68
  1.00000000e+00]
 [3.51909979e-42 8.23130932e-56 1.74930631e-47 1.48065574e-89
  3.85735465e-79 7.31327394e-85 7.84822375e-37 3.25706775e-31
  1.36585595e-52 3.76482330e-55 2.11452999e-36 1.51936610e-32
  1.72635086e-36 2.02440948e-49 1.00000000e+00 9.37359490e-40
  8.13904423e-62 6.40256490e-46 2.64246855e-32 3.16159818e-28
  1.00000000e+00]
 [1.44545985e-36 6.62211038e-28 1.37423658e-45 3.72118484e-45
  1.02671955e-45 1.47862235e-32 1.65578874e-40 1.87717457e-30
  2.37195071e-30 2.21526245e-13 5.54219811e-20 1.33164750e-22
  1.64264688e-45 4.94437548e-48 9.37359490e-40 1.00000000e+00
  8.17144174e-69 6.22216120e-04 1.64000222e-22 5.79718148e-28
  1.00000000e+00]
 [2.03228248e-86 2.14777324e-73 3.82951851e-17 2.88840772e-41
  1.02865650e-61 7.26743135e-59 8.90749641e-36 2.23809183e-32
  3.01785832e-69 2.18344979e-36 7.53291684e-80 3.85519738e-88
  1.17677668e-45 6.82028214e-58 8.13904423e-62 8.17144174e-69
  1.00000000e+00 9.91417717e-63 4.41941914e-66 2.52143544e-64
  1.00000000e+00]
 [1.52636051e-29 2.36648242e-27 1.73859732e-38 8.89976311e-30
  4.43572696e-32 5.39131876e-18 2.54716632e-51 3.29244616e-34
  2.62430712e-18 3.94531906e-09 1.42332484e-21 2.82908719e-23
  6.70317589e-37 2.21178734e-36 6.40256490e-46 6.22216120e-04
  9.91417717e-63 1.00000000e+00 4.56791281e-22 1.17185594e-33
  1.00000000e+00]
 [3.44563977e-11 5.67020495e-12 1.46650962e-62 9.16408318e-74
  7.02822935e-44 7.03564699e-59 6.35591237e-39 2.85303936e-42
  7.75614473e-48 1.74613353e-36 3.88754275e-14 5.45223653e-25
  7.30083962e-53 5.39184778e-22 2.64246855e-32 1.64000222e-22
  4.41941914e-66 4.56791281e-22 1.00000000e+00 5.01779141e-55
  1.00000000e+00]
 [3.38933579e-62 2.72612016e-55 2.19198387e-48 1.61793168e-64
  1.40954082e-63 6.30721220e-49 4.64578375e-59 3.43590395e-10
  6.96458968e-31 1.94845666e-43 4.52173511e-34 2.95451014e-31
  2.04902477e-43 7.62830059e-68 3.16159818e-28 5.79718148e-28
  2.52143544e-64 1.17185594e-33 5.01779141e-55 1.00000000e+00
  1.00000000e+00]
 [1.00000000e+00 1.00000000e+00 1.00000000e+00 1.00000000e+00
  1.00000000e+00 1.00000000e+00 1.00000000e+00 1.00000000e+00
  1.00000000e+00 1.00000000e+00 1.00000000e+00 1.00000000e+00
  1.00000000e+00 1.00000000e+00 1.00000000e+00 1.00000000e+00
  1.00000000e+00 1.00000000e+00 1.00000000e+00 1.00000000e+00
  0.00000000e+00]]
