[[1.00000000e+000 1.40255078e-029 3.82951154e-057 8.99646625e-038
  1.46154050e-043 2.12976365e-072 2.12692144e-035 6.38546185e-058
  6.15918592e-059 7.15236078e-065 4.50253154e-057 7.93539085e-041
  6.19318794e-020 9.26372139e-017 3.99197646e-051 2.35697409e-029
  9.40787571e-046 7.33557426e-032 9.36690499e-015 1.57208631e-040
  1.00000000e+000]
 [1.40255078e-029 1.00000000e+000 9.47505488e-081 8.99274095e-025
  2.50564289e-028 1.65496334e-021 6.19357557e-014 1.37546396e-063
  1.05325384e-029 2.87188885e-082 4.74766376e-013 6.56265551e-059
  1.50353565e-025 7.76736224e-032 2.59808184e-047 7.58040855e-051
  1.73629419e-027 1.73746080e-005 3.62445204e-024 3.23764832e-028
  1.00000000e+000]
 [3.82951154e-057 9.47505488e-081 1.00000000e+000 1.46014358e-067
  9.95871772e-050 2.02370898e-065 1.52543438e-053 9.15269474e-085
  7.25991150e-072 1.71219353e-025 1.57256339e-093 2.10901379e-074
  1.29549699e-081 1.52811258e-040 1.21746711e-027 5.10996350e-056
  1.03784571e-084 8.05380067e-060 4.06779383e-042 2.09126073e-038
  1.00000000e+000]
 [8.99646625e-038 8.99274095e-025 1.46014358e-067 1.00000000e+000
  4.09195767e-035 4.51712813e-045 1.74910485e-036 2.28385796e-120
  6.66147161e-065 1.08790080e-092 3.48543310e-057 9.10040908e-090
  4.64119685e-047 1.49717589e-053 6.10195430e-053 1.45208148e-090
  3.84443972e-075 1.38951998e-028 4.08217877e-012 8.27319054e-051
  1.00000000e+000]
 [1.46154050e-043 2.50564289e-028 9.95871772e-050 4.09195767e-035
  1.00000000e+000 5.24841707e-033 3.95786805e-011 4.23262001e-102
  8.83119582e-078 3.35790953e-059 8.11769208e-048 6.90221385e-043
  1.41827449e-075 5.76871733e-024 1.52008873e-012 9.51358002e-066
  6.93905455e-041 7.65715895e-020 2.78225701e-028 2.14945240e-024
  1.00000000e+000]
 [2.12976365e-072 1.65496334e-021 2.02370898e-065 4.51712813e-045
  5.24841707e-033 1.00000000e+000 2.11322404e-025 3.91269157e-079
  5.06154620e-028 1.12561000e-058 1.34235880e-024 8.42519824e-072
  2.54350536e-066 6.61765649e-047 1.79495262e-039 1.54266556e-063
  8.34583486e-037 7.30833663e-019 1.24420559e-045 2.32218855e-032
  1.00000000e+000]
 [2.12692144e-035 6.19357557e-014 1.52543438e-053 1.74910485e-036
  3.95786805e-011 2.11322404e-025 1.00000000e+000 9.17671960e-069
  1.49878361e-043 3.38007985e-069 1.90271698e-018 1.87084044e-056
  1.25073852e-042 2.79211649e-027 1.52581283e-024 2.18574890e-055
  8.57279132e-028 3.66142319e-005 2.74803412e-032 1.41742714e-007
  1.00000000e+000]
 [6.38546185e-058 1.37546396e-063 9.15269474e-085 2.28385796e-120
  4.23262001e-102 3.91269157e-079 9.17671960e-069 1.00000000e+000
  1.19318913e-034 1.60905816e-086 4.28846752e-046 1.18026886e-088
  7.77301899e-041 2.89142966e-050 1.31967606e-077 3.83935807e-029
  5.64016040e-074 1.24641379e-053 5.02523176e-077 1.41373016e-065
  1.00000000e+000]
 [6.15918592e-059 1.05325384e-029 7.25991150e-072 6.66147161e-065
  8.83119582e-078 5.06154620e-028 1.49878361e-043 1.19318913e-034
  1.00000000e+000 2.43674183e-074 1.39071836e-020 9.56546709e-098
  8.87436604e-026 4.76859113e-058 1.56469326e-075 1.97308048e-046
  1.85968931e-047 9.33006519e-028 1.32775065e-055 2.69114104e-037
  1.00000000e+000]
 [7.15236078e-065 2.87188885e-082 1.71219353e-025 1.08790080e-092
  3.35790953e-059 1.12561000e-058 3.38007985e-069 1.60905816e-086
  2.43674183e-074 1.00000000e+000 3.33584467e-105 1.59781493e-033
  1.00613423e-098 2.68926729e-029 1.29723132e-043 1.69632372e-029
  5.59850437e-053 1.87024828e-074 1.13514962e-055 1.28634454e-055
  1.00000000e+000]
 [4.50253154e-057 4.74766376e-013 1.57256339e-093 3.48543310e-057
  8.11769208e-048 1.34235880e-024 1.90271698e-018 4.28846752e-046
  1.39071836e-020 3.33584467e-105 1.00000000e+000 8.17357581e-093
  3.22421852e-033 2.19650193e-053 7.26374804e-058 1.57608131e-064
  7.15107819e-041 1.07228476e-008 3.60482127e-055 3.18925360e-028
  1.00000000e+000]
 [7.93539085e-041 6.56265551e-059 2.10901379e-074 9.10040908e-090
  6.90221385e-043 8.42519824e-072 1.87084044e-056 1.18026886e-088
  9.56546709e-098 1.59781493e-033 8.17357581e-093 1.00000000e+000
  1.95755432e-089 3.70002745e-012 8.72691510e-049 2.49633800e-023
  1.31470127e-029 5.80876495e-063 2.95503808e-050 1.29172032e-063
  1.00000000e+000]
 [6.19318794e-020 1.50353565e-025 1.29549699e-081 4.64119685e-047
  1.41827449e-075 2.54350536e-066 1.25073852e-042 7.77301899e-041
  8.87436604e-026 1.00613423e-098 3.22421852e-033 1.95755432e-089
  1.00000000e+000 5.87324267e-048 8.68237109e-084 1.61504160e-045
  1.85789542e-055 1.14835509e-028 2.84346885e-035 1.19296065e-042
  1.00000000e+000]
 [9.26372139e-017 7.76736224e-032 1.52811258e-040 1.49717589e-053
  5.76871733e-024 6.61765649e-047 2.79211649e-027 2.89142966e-050
  4.76859113e-058 2.68926729e-029 2.19650193e-053 3.70002745e-012
  5.87324267e-048 1.00000000e+000 4.65768803e-022 8.74578398e-014
  3.04293722e-028 9.49514967e-029 3.04530850e-021 5.69568878e-033
  1.00000000e+000]
 [3.99197646e-051 2.59808184e-047 1.21746711e-027 6.10195430e-053
  1.52008873e-012 1.79495262e-039 1.52581283e-024 1.31967606e-077
  1.56469326e-075 1.29723132e-043 7.26374804e-058 8.72691510e-049
  8.68237109e-084 4.65768803e-022 1.00000000e+000 1.35903801e-055
  4.02757103e-063 5.56629008e-030 2.12175406e-031 2.90422316e-033
  1.00000000e+000]
 [2.35697409e-029 7.58040855e-051 5.10996350e-056 1.45208148e-090
  9.51358002e-066 1.54266556e-063 2.18574890e-055 3.83935807e-029
  1.97308048e-046 1.69632372e-029 1.57608131e-064 2.49633800e-023
  1.61504160e-045 8.74578398e-014 1.35903801e-055 1.00000000e+000
  1.06786520e-032 1.21634208e-050 3.63916238e-046 8.28242133e-051
  1.00000000e+000]
 [9.40787571e-046 1.73629419e-027 1.03784571e-084 3.84443972e-075
  6.93905455e-041 8.34583486e-037 8.57279132e-028 5.64016040e-074
  1.85968931e-047 5.59850437e-053 7.15107819e-041 1.31470127e-029
  1.85789542e-055 3.04293722e-028 4.02757103e-063 1.06786520e-032
  1.00000000e+000 2.94168750e-032 7.65663270e-059 1.01657071e-027
  1.00000000e+000]
 [7.33557426e-032 1.73746080e-005 8.05380067e-060 1.38951998e-028
  7.65715895e-020 7.30833663e-019 3.66142319e-005 1.24641379e-053
  9.33006519e-028 1.87024828e-074 1.07228476e-008 5.80876495e-063
  1.14835509e-028 9.49514967e-029 5.56629008e-030 1.21634208e-050
  2.94168750e-032 1.00000000e+000 3.98817450e-025 2.23969496e-015
  1.00000000e+000]
 [9.36690499e-015 3.62445204e-024 4.06779383e-042 4.08217877e-012
  2.78225701e-028 1.24420559e-045 2.74803412e-032 5.02523176e-077
  1.32775065e-055 1.13514962e-055 3.60482127e-055 2.95503808e-050
  2.84346885e-035 3.04530850e-021 2.12175406e-031 3.63916238e-046
  7.65663270e-059 3.98817450e-025 1.00000000e+000 2.96264748e-043
  1.00000000e+000]
 [1.57208631e-040 3.23764832e-028 2.09126073e-038 8.27319054e-051
  2.14945240e-024 2.32218855e-032 1.41742714e-007 1.41373016e-065
  2.69114104e-037 1.28634454e-055 3.18925360e-028 1.29172032e-063
  1.19296065e-042 5.69568878e-033 2.90422316e-033 8.28242133e-051
  1.01657071e-027 2.23969496e-015 2.96264748e-043 1.00000000e+000
  1.00000000e+000]
 [1.00000000e+000 1.00000000e+000 1.00000000e+000 1.00000000e+000
  1.00000000e+000 1.00000000e+000 1.00000000e+000 1.00000000e+000
  1.00000000e+000 1.00000000e+000 1.00000000e+000 1.00000000e+000
  1.00000000e+000 1.00000000e+000 1.00000000e+000 1.00000000e+000
  1.00000000e+000 1.00000000e+000 1.00000000e+000 1.00000000e+000
  0.00000000e+000]]
