[[1.00000000e+000 3.47024404e-036 2.11419682e-040 4.89035159e-068
  9.40999426e-018 2.90313277e-032 8.63634619e-035 1.93937282e-036
  7.08197338e-040 9.17660829e-042 3.31172049e-013 3.88946815e-043
  7.01708417e-030 2.66390728e-006 1.45778059e-049 2.88872139e-013
  1.05587875e-033 1.19983357e-038 5.48633447e-045 3.57631123e-046
  1.00000000e+000]
 [3.47024404e-036 1.00000000e+000 2.75250217e-039 1.51627992e-058
  6.51048475e-013 6.45130911e-018 1.43556272e-075 2.34494904e-033
  6.95685453e-049 5.13019908e-067 7.13788631e-028 5.33521503e-024
  1.37319972e-031 3.82500410e-053 1.85965322e-023 1.13899821e-038
  2.39946467e-063 2.74164898e-061 3.37279162e-110 2.69448530e-040
  1.00000000e+000]
 [2.11419682e-040 2.75250217e-039 1.00000000e+000 3.96389311e-015
  5.20185925e-027 1.83909165e-037 1.08211451e-058 3.77769392e-032
  1.77464257e-009 7.93231300e-033 2.10933880e-022 1.70701781e-035
  3.90474456e-032 7.00119283e-057 4.52817082e-039 3.05660978e-058
  1.70958350e-019 1.11780138e-027 1.63182874e-052 3.45632579e-020
  1.00000000e+000]
 [4.89035159e-068 1.51627992e-058 3.96389311e-015 1.00000000e+000
  5.24206536e-038 7.88660799e-038 8.16973578e-074 8.45747927e-038
  1.19829440e-028 1.49054191e-045 3.86556250e-029 1.01461576e-045
  1.61489642e-031 1.48633449e-079 6.05026672e-040 6.38218539e-090
  2.37574766e-031 5.36755412e-028 2.05847189e-048 1.53015643e-028
  1.00000000e+000]
 [9.40999426e-018 6.51048475e-013 5.20185925e-027 5.24206536e-038
  1.00000000e+000 1.23959275e-013 1.53094436e-049 6.37676788e-027
  4.95994689e-034 2.55903557e-034 5.12727632e-011 4.48683374e-013
  1.80497625e-018 1.50486415e-024 5.62723141e-013 3.32849884e-033
  5.10567713e-031 3.45751349e-037 1.08018566e-054 8.76421654e-028
  1.00000000e+000]
 [2.90313277e-032 6.45130911e-018 1.83909165e-037 7.88660799e-038
  1.23959275e-013 1.00000000e+000 5.12161699e-035 2.64925265e-031
  1.28845450e-059 4.62329247e-068 1.93173922e-017 1.60887400e-041
  6.61005968e-008 8.39577139e-043 8.27767844e-017 1.70777173e-044
  1.22712245e-043 8.67915317e-032 2.31470520e-065 1.99991726e-038
  1.00000000e+000]
 [8.63634619e-035 1.43556272e-075 1.08211451e-058 8.16973578e-074
  1.53094436e-049 5.12161699e-035 1.00000000e+000 4.06315969e-084
  6.21567901e-086 2.16854415e-097 4.49707122e-045 7.07663097e-093
  6.73347797e-023 2.31875421e-045 8.07721868e-065 4.27380292e-052
  1.99963527e-045 1.49016469e-025 4.16469592e-041 2.59171934e-083
  1.00000000e+000]
 [1.93937282e-036 2.34494904e-033 3.77769392e-032 8.45747927e-038
  6.37676788e-027 2.64925265e-031 4.06315969e-084 1.00000000e+000
  4.14966847e-037 5.60946875e-028 3.05373169e-011 1.38509051e-052
  1.43107081e-046 1.54242169e-037 3.18639328e-036 1.24224870e-061
  1.68677076e-032 4.88350099e-064 1.63535320e-069 1.06487493e-009
  1.00000000e+000]
 [7.08197338e-040 6.95685453e-049 1.77464257e-009 1.19829440e-028
  4.95994689e-034 1.28845450e-059 6.21567901e-086 4.14966847e-037
  1.00000000e+000 9.78141758e-029 5.93927972e-026 1.43507559e-030
  1.62958231e-049 2.03767825e-056 1.15465849e-062 4.90285344e-050
  5.37177739e-034 5.74905984e-039 5.45917246e-061 6.55693033e-032
  1.00000000e+000]
 [9.17660829e-042 5.13019908e-067 7.93231300e-033 1.49054191e-045
  2.55903557e-034 4.62329247e-068 2.16854415e-097 5.60946875e-028
  9.78141758e-029 1.00000000e+000 1.81522403e-026 3.21030467e-046
  3.62092332e-073 3.41400641e-034 1.62527943e-046 6.72098459e-084
  1.79202230e-016 3.97263440e-075 1.11504155e-043 2.75826705e-016
  1.00000000e+000]
 [3.31172049e-013 7.13788631e-028 2.10933880e-022 3.86556250e-029
  5.12727632e-011 1.93173922e-017 4.49707122e-045 3.05373169e-011
  5.93927972e-026 1.81522403e-026 1.00000000e+000 5.66867407e-033
  3.58920454e-019 1.94907035e-017 5.40464328e-030 8.74896781e-031
  7.69920564e-022 1.10339181e-028 5.95139498e-037 1.04372217e-019
  1.00000000e+000]
 [3.88946815e-043 5.33521503e-024 1.70701781e-035 1.01461576e-045
  4.48683374e-013 1.60887400e-041 7.07663097e-093 1.38509051e-052
  1.43507559e-030 3.21030467e-046 5.66867407e-033 1.00000000e+000
  6.35564633e-040 2.35435260e-056 4.08037003e-032 1.86249172e-048
  1.73693175e-058 6.05902509e-053 4.36495384e-083 9.26001330e-050
  1.00000000e+000]
 [7.01708417e-030 1.37319972e-031 3.90474456e-032 1.61489642e-031
  1.80497625e-018 6.61005968e-008 6.73347797e-023 1.43107081e-046
  1.62958231e-049 3.62092332e-073 3.58920454e-019 6.35564633e-040
  1.00000000e+000 3.47310381e-045 1.60556525e-032 7.74763794e-035
  1.11975699e-043 1.90477751e-010 6.90949824e-048 4.81898067e-053
  1.00000000e+000]
 [2.66390728e-006 3.82500410e-053 7.00119283e-057 1.48633449e-079
  1.50486415e-024 8.39577139e-043 2.31875421e-045 1.54242169e-037
  2.03767825e-056 3.41400641e-034 1.94907035e-017 2.35435260e-056
  3.47310381e-045 1.00000000e+000 1.16957980e-051 4.23168367e-032
  8.67709507e-032 2.47905568e-057 1.76490327e-038 2.63617320e-046
  1.00000000e+000]
 [1.45778059e-049 1.85965322e-023 4.52817082e-039 6.05026672e-040
  5.62723141e-013 8.27767844e-017 8.07721868e-065 3.18639328e-036
  1.15465849e-062 1.62527943e-046 5.40464328e-030 4.08037003e-032
  1.60556525e-032 1.16957980e-051 1.00000000e+000 1.55016350e-080
  4.17559622e-035 2.24970172e-061 8.74229815e-073 1.12935630e-025
  1.00000000e+000]
 [2.88872139e-013 1.13899821e-038 3.05660978e-058 6.38218539e-090
  3.32849884e-033 1.70777173e-044 4.27380292e-052 1.24224870e-061
  4.90285344e-050 6.72098459e-084 8.74896781e-031 1.86249172e-048
  7.74763794e-035 4.23168367e-032 1.55016350e-080 1.00000000e+000
  5.44494564e-076 3.80180331e-042 7.00940484e-083 1.09011904e-083
  1.00000000e+000]
 [1.05587875e-033 2.39946467e-063 1.70958350e-019 2.37574766e-031
  5.10567713e-031 1.22712245e-043 1.99963527e-045 1.68677076e-032
  5.37177739e-034 1.79202230e-016 7.69920564e-022 1.73693175e-058
  1.11975699e-043 8.67709507e-032 4.17559622e-035 5.44494564e-076
  1.00000000e+000 9.21569200e-043 1.06689387e-022 3.07737547e-016
  1.00000000e+000]
 [1.19983357e-038 2.74164898e-061 1.11780138e-027 5.36755412e-028
  3.45751349e-037 8.67915317e-032 1.49016469e-025 4.88350099e-064
  5.74905984e-039 3.97263440e-075 1.10339181e-028 6.05902509e-053
  1.90477751e-010 2.47905568e-057 2.24970172e-061 3.80180331e-042
  9.21569200e-043 1.00000000e+000 3.39315355e-034 4.82584760e-066
  1.00000000e+000]
 [5.48633447e-045 3.37279162e-110 1.63182874e-052 2.05847189e-048
  1.08018566e-054 2.31470520e-065 4.16469592e-041 1.63535320e-069
  5.45917246e-061 1.11504155e-043 5.95139498e-037 4.36495384e-083
  6.90949824e-048 1.76490327e-038 8.74229815e-073 7.00940484e-083
  1.06689387e-022 3.39315355e-034 1.00000000e+000 6.34470798e-062
  1.00000000e+000]
 [3.57631123e-046 2.69448530e-040 3.45632579e-020 1.53015643e-028
  8.76421654e-028 1.99991726e-038 2.59171934e-083 1.06487493e-009
  6.55693033e-032 2.75826705e-016 1.04372217e-019 9.26001330e-050
  4.81898067e-053 2.63617320e-046 1.12935630e-025 1.09011904e-083
  3.07737547e-016 4.82584760e-066 6.34470798e-062 1.00000000e+000
  1.00000000e+000]
 [1.00000000e+000 1.00000000e+000 1.00000000e+000 1.00000000e+000
  1.00000000e+000 1.00000000e+000 1.00000000e+000 1.00000000e+000
  1.00000000e+000 1.00000000e+000 1.00000000e+000 1.00000000e+000
  1.00000000e+000 1.00000000e+000 1.00000000e+000 1.00000000e+000
  1.00000000e+000 1.00000000e+000 1.00000000e+000 1.00000000e+000
  0.00000000e+000]]
