[[1.         0.08109264 0.10421041 0.15321936 0.08807882 0.11602947
  0.16061967 0.00780983 0.0186553  0.08912341 0.07491543 0.14812883
  0.01188905 0.05093041 0.01107929 0.11434749 0.10954268 0.03496638
  0.02963222 0.012787  ]
 [0.08109264 1.         0.014252   0.13490712 0.01546322 0.07407584
  0.10820041 0.02675291 0.10268518 0.12072937 0.01546331 0.01638818
  0.01310247 0.00621052 0.10420565 0.10463475 0.04528991 0.13220593
  0.14713025 0.13318594]
 [0.10421041 0.014252   1.         0.17864377 0.12182823 0.12154545
  0.03370578 0.06140426 0.11600193 0.00790545 0.04806186 0.11542458
  0.11952689 0.10754239 0.02277747 0.11902668 0.01737347 0.07579773
  0.00606453 0.01898154]
 [0.15321936 0.13490712 0.17864377 1.         0.07081167 0.04987786
  0.11793405 0.01014243 0.13719891 0.11374318 0.15346671 0.07267521
  0.13343877 0.01322313 0.04167233 0.03046152 0.01049628 0.12542403
  0.01656608 0.13419528]
 [0.08807882 0.01546322 0.12182823 0.07081167 1.         0.12395406
  0.00938127 0.08467147 0.0130312  0.107384   0.09685581 0.08107796
  0.11190596 0.06397887 0.01024387 0.01630244 0.14410109 0.10820504
  0.02789435 0.09489119]
 [0.11602947 0.07407584 0.12154545 0.04987786 0.12395406 1.
  0.01886807 0.0787152  0.10100829 0.0130915  0.03385122 0.00824452
  0.01148411 0.09574733 0.00730607 0.10202116 0.04862774 0.02724076
  0.09006679 0.07727769]
 [0.16061967 0.10820041 0.03370578 0.11793405 0.00938127 0.01886807
  1.         0.01085408 0.11328942 0.09006586 0.14250834 0.12570353
  0.04488257 0.08444054 0.15076962 0.12372687 0.04252224 0.01578993
  0.11166252 0.02166922]
 [0.00780983 0.02675291 0.06140426 0.01014243 0.08467147 0.0787152
  0.01085408 1.         0.07856062 0.01280701 0.00867395 0.03350278
  0.09657458 0.11099237 0.14850072 0.13097808 0.12623626 0.12585518
  0.08506316 0.0564823 ]
 [0.0186553  0.10268518 0.11600193 0.13719891 0.0130312  0.10100829
  0.11328942 0.07856062 1.         0.01098218 0.06086088 0.01222303
  0.10330523 0.07203664 0.13391686 0.1038437  0.00656508 0.03218639
  0.08603489 0.13815743]
 [0.08912341 0.12072937 0.00790545 0.11374318 0.107384   0.0130915
  0.09006586 0.01280701 0.01098218 1.         0.1314629  0.0886274
  0.0674892  0.01073187 0.05578886 0.00993904 0.13591848 0.0867492
  0.10301222 0.13985221]
 [0.07491543 0.01546331 0.04806186 0.15346671 0.09685581 0.03385122
  0.14250834 0.00867395 0.06086088 0.1314629  1.         0.04494711
  0.15889343 0.11753747 0.0172562  0.00704434 0.01959305 0.00754663
  0.0707009  0.11199784]
 [0.14812883 0.01638818 0.11542458 0.07267521 0.08107796 0.00824452
  0.12570353 0.03350278 0.01222303 0.0886274  0.04494711 1.
  0.12518436 0.06353427 0.10168394 0.09629212 0.15411717 0.11044632
  0.01102214 0.00632038]
 [0.01188905 0.01310247 0.11952689 0.13343877 0.11190596 0.01148411
  0.04488257 0.09657458 0.10330523 0.0674892  0.15889343 0.12518436
  1.         0.06233064 0.16046368 0.01575958 0.02094818 0.10202337
  0.02310712 0.12428408]
 [0.05093041 0.00621052 0.10754239 0.01322313 0.06397887 0.09574733
  0.08444054 0.11099237 0.07203664 0.01073187 0.11753747 0.06353427
  0.06233064 1.         0.0317502  0.10313677 0.08690094 0.00599088
  0.09808527 0.01410781]
 [0.01107929 0.10420565 0.02277747 0.04167233 0.01024387 0.00730607
  0.15076962 0.14850072 0.13391686 0.05578886 0.0172562  0.10168394
  0.16046368 0.0317502  1.         0.13108874 0.05462898 0.13689251
  0.08778801 0.04664919]
 [0.11434749 0.10463475 0.11902668 0.03046152 0.01630244 0.10202116
  0.12372687 0.13097808 0.1038437  0.00993904 0.00704434 0.09629212
  0.01575958 0.10313677 0.13108874 1.         0.11027744 0.07106621
  0.05328404 0.00776488]
 [0.10954268 0.04528991 0.01737347 0.01049628 0.14410109 0.04862774
  0.04252224 0.12623626 0.00656508 0.13591848 0.01959305 0.15411717
  0.02094818 0.08690094 0.05462898 0.11027744 1.         0.07376712
  0.13595929 0.01772979]
 [0.03496638 0.13220593 0.07579773 0.12542403 0.10820504 0.02724076
  0.01578993 0.12585518 0.03218639 0.0867492  0.00754663 0.11044632
  0.10202337 0.00599088 0.13689251 0.07106621 0.07376712 1.
  0.0146564  0.07296291]
 [0.02963222 0.14713025 0.00606453 0.01656608 0.02789435 0.09006679
  0.11166252 0.08506316 0.08603489 0.10301222 0.0707009  0.01102214
  0.02310712 0.09808527 0.08778801 0.05328404 0.13595929 0.0146564
  1.         0.15476872]
 [0.012787   0.13318594 0.01898154 0.13419528 0.09489119 0.07727769
  0.02166922 0.0564823  0.13815743 0.13985221 0.11199784 0.00632038
  0.12428408 0.01410781 0.04664919 0.00776488 0.01772979 0.07296291
  0.15476872 1.        ]]
