[[1.00000000e+000 1.08492198e-011 7.49299406e-061 8.59171422e-045
  2.72954222e-024 3.34960100e-050 2.23212622e-013 2.54112151e-038
  1.56059674e-092 1.37156583e-049 6.45943600e-044 2.25659163e-040
  4.47944367e-021 4.28046953e-013 8.69813010e-022 3.64928844e-047
  2.00594824e-043 2.14603042e-062 7.13631608e-063 3.75167823e-050
  1.00000000e+000]
 [1.08492198e-011 1.00000000e+000 7.43983727e-058 4.30976113e-040
  9.77118347e-013 6.51206164e-027 3.54042615e-018 3.12123913e-054
  1.89284787e-067 5.40509061e-027 2.00951919e-042 2.48460203e-036
  2.47027325e-035 4.82785715e-014 4.21283020e-022 7.15698046e-035
  2.98773935e-024 5.56117754e-071 1.58510731e-056 1.45176605e-054
  1.00000000e+000]
 [7.49299406e-061 7.43983727e-058 1.00000000e+000 3.96703345e-065
  1.59523300e-050 1.88219975e-021 1.28514294e-080 5.29420653e-055
  1.48526038e-048 3.16451577e-071 1.16129460e-048 6.59826096e-048
  1.11334970e-059 2.91004195e-056 2.82991241e-070 1.84283710e-051
  4.93334569e-038 1.89110371e-065 3.01490879e-048 1.14174323e-090
  1.00000000e+000]
 [8.59171422e-045 4.30976113e-040 3.96703345e-065 1.00000000e+000
  9.92888292e-054 1.50223592e-057 1.07541340e-036 1.35312250e-063
  4.99436633e-036 2.25981168e-081 2.17252138e-068 1.75411083e-033
  1.29463816e-022 3.04879678e-069 1.67654351e-046 4.47314124e-066
  2.55360027e-012 4.95576320e-028 7.28985986e-021 8.37204090e-019
  1.00000000e+000]
 [2.72954222e-024 9.77118347e-013 1.59523300e-050 9.92888292e-054
  1.00000000e+000 4.32822535e-035 6.10245680e-027 1.96989014e-052
  1.69264171e-067 3.31369873e-035 1.88613370e-027 3.85872991e-030
  1.76261320e-037 2.84467179e-028 4.21740610e-038 2.10127950e-023
  3.25284941e-032 2.25002021e-055 1.98467692e-048 1.29879818e-067
  1.00000000e+000]
 [3.34960100e-050 6.51206164e-027 1.88219975e-021 1.50223592e-057
  4.32822535e-035 1.00000000e+000 1.03998637e-065 1.06506867e-073
  7.59278501e-040 1.33544070e-039 1.37647845e-054 1.42103624e-045
  4.59565059e-067 1.08505442e-035 1.91076167e-048 6.44383195e-046
  4.37316246e-021 7.76979554e-092 2.76689991e-057 8.19972163e-087
  1.00000000e+000]
 [2.23212622e-013 3.54042615e-018 1.28514294e-080 1.07541340e-036
  6.10245680e-027 1.03998637e-065 1.00000000e+000 9.83683854e-025
  7.93981701e-077 5.14903029e-049 4.30755098e-027 2.84256581e-058
  2.88276800e-020 1.66017780e-021 6.28203344e-016 3.91644906e-030
  2.07685789e-041 1.17071532e-041 2.89226056e-042 3.16716258e-023
  1.00000000e+000]
 [2.54112151e-038 3.12123913e-054 5.29420653e-055 1.35312250e-063
  1.96989014e-052 1.06506867e-073 9.83683854e-025 1.00000000e+000
  1.68138671e-078 1.97411946e-067 7.84848010e-013 2.99491240e-090
  1.76515611e-036 2.71582016e-034 3.91141226e-035 8.43750832e-025
  6.54005324e-064 3.95427085e-037 2.21011248e-040 1.06736943e-036
  1.00000000e+000]
 [1.56059674e-092 1.89284787e-067 1.48526038e-048 4.99436633e-036
  1.69264171e-067 7.59278501e-040 7.93981701e-077 1.68138671e-078
  1.00000000e+000 1.16317873e-101 1.07274378e-059 9.61261748e-055
  5.00820119e-057 1.16024124e-084 2.67790814e-056 4.99596690e-065
  2.64251588e-020 8.06514681e-053 5.24695201e-016 1.61939599e-046
  1.00000000e+000]
 [1.37156583e-049 5.40509061e-027 3.16451577e-071 2.25981168e-081
  3.31369873e-035 1.33544070e-039 5.14903029e-049 1.97411946e-067
  1.16317873e-101 1.00000000e+000 1.34489566e-052 3.50274852e-096
  1.19730822e-095 1.18487232e-039 1.12136776e-070 7.69645241e-024
  9.17218869e-050 3.65644320e-103 9.72695909e-092 1.00046447e-098
  1.00000000e+000]
 [6.45943600e-044 2.00951919e-042 1.16129460e-048 2.17252138e-068
  1.88613370e-027 1.37647845e-054 4.30755098e-027 7.84848010e-013
  1.07274378e-059 1.34489566e-052 1.00000000e+000 2.83483796e-074
  2.29382893e-042 1.10236607e-031 2.26195771e-033 6.12076176e-009
  2.83108416e-052 7.59740679e-040 4.42013350e-033 6.27822179e-048
  1.00000000e+000]
 [2.25659163e-040 2.48460203e-036 6.59826096e-048 1.75411083e-033
  3.85872991e-030 1.42103624e-045 2.84256581e-058 2.99491240e-090
  9.61261748e-055 3.50274852e-096 2.83483796e-074 1.00000000e+000
  8.97356250e-026 4.60709272e-065 1.32664223e-056 2.60197116e-080
  1.69881009e-026 3.34099420e-053 5.55544516e-044 1.93662431e-069
  1.00000000e+000]
 [4.47944367e-021 2.47027325e-035 1.11334970e-059 1.29463816e-022
  1.76261320e-037 4.59565059e-067 2.88276800e-020 1.76515611e-036
  5.00820119e-057 1.19730822e-095 2.29382893e-042 8.97356250e-026
  1.00000000e+000 2.55771144e-042 9.71934063e-024 1.35902917e-059
  2.13111612e-035 3.35268886e-024 3.19725475e-025 3.36647290e-021
  1.00000000e+000]
 [4.28046953e-013 4.82785715e-014 2.91004195e-056 3.04879678e-069
  2.84467179e-028 1.08505442e-035 1.66017780e-021 2.71582016e-034
  1.16024124e-084 1.18487232e-039 1.10236607e-031 4.60709272e-065
  2.55771144e-042 1.00000000e+000 9.95152933e-014 5.49805390e-036
  4.38573823e-051 2.73930031e-087 1.74936359e-070 7.90416893e-063
  1.00000000e+000]
 [8.69813010e-022 4.21283020e-022 2.82991241e-070 1.67654351e-046
  4.21740610e-038 1.91076167e-048 6.28203344e-016 3.91141226e-035
  2.67790814e-056 1.12136776e-070 2.26195771e-033 1.32664223e-056
  9.71934063e-024 9.95152933e-014 1.00000000e+000 1.00855849e-047
  9.41274958e-042 1.60819361e-065 8.35294585e-044 6.31464939e-030
  1.00000000e+000]
 [3.64928844e-047 7.15698046e-035 1.84283710e-051 4.47314124e-066
  2.10127950e-023 6.44383195e-046 3.91644906e-030 8.43750832e-025
  4.99596690e-065 7.69645241e-024 6.12076176e-009 2.60197116e-080
  1.35902917e-059 5.49805390e-036 1.00855849e-047 1.00000000e+000
  9.13809439e-044 6.06182612e-049 1.18213207e-042 1.06569932e-058
  1.00000000e+000]
 [2.00594824e-043 2.98773935e-024 4.93334569e-038 2.55360027e-012
  3.25284941e-032 4.37316246e-021 2.07685789e-041 6.54005324e-064
  2.64251588e-020 9.17218869e-050 2.83108416e-052 1.69881009e-026
  2.13111612e-035 4.38573823e-051 9.41274958e-042 9.13809439e-044
  1.00000000e+000 1.11965058e-042 5.11624032e-022 2.42378529e-038
  1.00000000e+000]
 [2.14603042e-062 5.56117754e-071 1.89110371e-065 4.95576320e-028
  2.25002021e-055 7.76979554e-092 1.17071532e-041 3.95427085e-037
  8.06514681e-053 3.65644320e-103 7.59740679e-040 3.34099420e-053
  3.35268886e-024 2.73930031e-087 1.60819361e-065 6.06182612e-049
  1.11965058e-042 1.00000000e+000 2.01152865e-012 7.25125631e-025
  1.00000000e+000]
 [7.13631608e-063 1.58510731e-056 3.01490879e-048 7.28985986e-021
  1.98467692e-048 2.76689991e-057 2.89226056e-042 2.21011248e-040
  5.24695201e-016 9.72695909e-092 4.42013350e-033 5.55544516e-044
  3.19725475e-025 1.74936359e-070 8.35294585e-044 1.18213207e-042
  5.11624032e-022 2.01152865e-012 1.00000000e+000 3.84160111e-019
  1.00000000e+000]
 [3.75167823e-050 1.45176605e-054 1.14174323e-090 8.37204090e-019
  1.29879818e-067 8.19972163e-087 3.16716258e-023 1.06736943e-036
  1.61939599e-046 1.00046447e-098 6.27822179e-048 1.93662431e-069
  3.36647290e-021 7.90416893e-063 6.31464939e-030 1.06569932e-058
  2.42378529e-038 7.25125631e-025 3.84160111e-019 1.00000000e+000
  1.00000000e+000]
 [1.00000000e+000 1.00000000e+000 1.00000000e+000 1.00000000e+000
  1.00000000e+000 1.00000000e+000 1.00000000e+000 1.00000000e+000
  1.00000000e+000 1.00000000e+000 1.00000000e+000 1.00000000e+000
  1.00000000e+000 1.00000000e+000 1.00000000e+000 1.00000000e+000
  1.00000000e+000 1.00000000e+000 1.00000000e+000 1.00000000e+000
  0.00000000e+000]]
