[[1.00000000e+00 5.98784174e-33 5.32230571e-33 5.08834894e-51
  8.99909756e-41 3.95680593e-31 5.32059953e-41 7.90190449e-63
  6.34552986e-24 2.43485147e-53 3.56040210e-61 3.08689773e-20
  4.07463059e-52 2.99795907e-08 4.04158450e-77 4.48379542e-68
  1.15664270e-80 5.34771936e-49 2.45494364e-23 2.54083512e-55
  1.00000000e+00]
 [5.98784174e-33 1.00000000e+00 1.88994527e-41 7.50513291e-27
  1.44326036e-28 1.74841432e-10 3.50077951e-69 6.83521429e-70
  1.99526880e-20 5.59940068e-57 1.67138228e-38 1.10344833e-30
  8.58560333e-59 3.11341426e-18 8.44833376e-42 2.65323696e-57
  1.36112446e-36 4.23784101e-48 2.73192314e-49 1.08328713e-14
  1.00000000e+00]
 [5.32230571e-33 1.88994527e-41 1.00000000e+00 9.78240727e-42
  4.96847264e-29 2.70497285e-43 6.87365396e-27 1.29668717e-35
  4.86003589e-52 2.69184569e-74 6.10512171e-45 7.74555579e-28
  1.28913710e-64 2.61994078e-39 1.29334729e-45 7.34274535e-24
  3.00353555e-49 7.97839386e-44 2.14535227e-17 2.08580776e-48
  1.00000000e+00]
 [5.08834894e-51 7.50513291e-27 9.78240727e-42 1.00000000e+00
  3.43782947e-21 8.23245314e-28 1.78346433e-44 2.56667394e-90
  6.95253268e-57 1.48591198e-65 1.45948597e-16 7.30005579e-40
  6.42538924e-82 2.41377964e-44 3.16961276e-33 2.20422291e-56
  4.92872690e-45 1.09825869e-18 8.38667836e-75 7.37918725e-31
  1.00000000e+00]
 [8.99909756e-41 1.44326036e-28 4.96847264e-29 3.43782947e-21
  1.00000000e+00 1.54870646e-17 4.30066070e-26 2.17560409e-74
  8.83409524e-53 2.10920950e-69 4.87144092e-17 1.21744976e-28
  2.24432493e-65 2.59646697e-36 2.04627322e-28 3.11028624e-54
  3.08323322e-26 1.60972889e-25 1.30457389e-59 8.02106118e-53
  1.00000000e+00]
 [3.95680593e-31 1.74841432e-10 2.70497285e-43 8.23245314e-28
  1.54870646e-17 1.00000000e+00 3.07892787e-49 2.81231981e-63
  1.19013272e-23 1.05328594e-74 2.90237958e-39 3.86029801e-15
  4.47021120e-65 1.09546423e-12 1.63803471e-49 1.82448163e-68
  7.05249688e-49 9.00727036e-37 7.22228132e-52 2.25145618e-41
  1.00000000e+00]
 [5.32059953e-41 3.50077951e-69 6.87365396e-27 1.78346433e-44
  4.30066070e-26 3.07892787e-49 1.00000000e+00 8.50664088e-45
  2.53419574e-59 7.86996270e-64 4.53343278e-32 4.55144608e-23
  6.81728123e-51 5.57035367e-48 3.99137042e-44 5.15974901e-39
  8.44968378e-65 7.88050877e-16 4.48259057e-40 6.34256933e-84
  1.00000000e+00]
 [7.90190449e-63 6.83521429e-70 1.29668717e-35 2.56667394e-90
  2.17560409e-74 2.81231981e-63 8.50664088e-45 1.00000000e+00
  6.66445005e-40 2.75276418e-83 1.72861273e-80 1.75739352e-27
  6.27633238e-47 4.50554856e-53 8.63203492e-67 1.25786332e-24
  4.03643866e-88 1.45634050e-58 2.70364583e-17 9.27310907e-75
  1.00000000e+00]
 [6.34552986e-24 1.99526880e-20 4.86003589e-52 6.95253268e-57
  8.83409524e-53 1.19013272e-23 2.53419574e-59 6.66445005e-40
  1.00000000e+00 9.48219944e-38 3.11314624e-56 5.97027884e-19
  4.58266121e-26 1.24360488e-11 2.83732474e-56 1.49448070e-51
  1.96568092e-65 2.79109254e-46 1.97761208e-28 2.72923181e-33
  1.00000000e+00]
 [2.43485147e-53 5.59940068e-57 2.69184569e-74 1.48591198e-65
  2.10920950e-69 1.05328594e-74 7.86996270e-64 2.75276418e-83
  9.48219944e-38 1.00000000e+00 7.57619031e-37 6.26966519e-67
  2.15939884e-12 1.65864990e-61 2.36025018e-36 1.74590636e-46
  4.40917401e-52 1.07522370e-43 3.18303703e-63 2.41020820e-40
  1.00000000e+00]
 [3.56040210e-61 1.67138228e-38 6.10512171e-45 1.45948597e-16
  4.87144092e-17 2.90237958e-39 4.53343278e-32 1.72861273e-80
  3.11314624e-56 7.57619031e-37 1.00000000e+00 4.52794589e-47
  1.71017588e-45 9.20563461e-59 2.46953908e-07 3.16862798e-37
  1.68788878e-18 1.53450284e-12 2.06827723e-74 9.86316413e-37
  1.00000000e+00]
 [3.08689773e-20 1.10344833e-30 7.74555579e-28 7.30005579e-40
  1.21744976e-28 3.86029801e-15 4.55144608e-23 1.75739352e-27
  5.97027884e-19 6.26966519e-67 4.52794589e-47 1.00000000e+00
  4.93350905e-48 1.70518694e-10 4.00943321e-56 8.78093790e-47
  3.63463312e-70 3.02895873e-26 2.48154001e-22 8.49488113e-56
  1.00000000e+00]
 [4.07463059e-52 8.58560333e-59 1.28913710e-64 6.42538924e-82
  2.24432493e-65 4.47021120e-65 6.81728123e-51 6.27633238e-47
  4.58266121e-26 2.15939884e-12 1.71017588e-45 4.93350905e-48
  1.00000000e+00 5.23598745e-53 6.19068233e-37 3.83810444e-35
  2.37979130e-52 5.84621131e-45 3.68623934e-43 7.47828502e-54
  1.00000000e+00]
 [2.99795907e-08 3.11341426e-18 2.61994078e-39 2.41377964e-44
  2.59646697e-36 1.09546423e-12 5.57035367e-48 4.50554856e-53
  1.24360488e-11 1.65864990e-61 9.20563461e-59 1.70518694e-10
  5.23598745e-53 1.00000000e+00 3.49864506e-71 9.52572838e-69
  7.54653987e-75 2.69566398e-45 5.42701638e-28 5.11402873e-46
  1.00000000e+00]
 [4.04158450e-77 8.44833376e-42 1.29334729e-45 3.16961276e-33
  2.04627322e-28 1.63803471e-49 3.99137042e-44 8.63203492e-67
  2.83732474e-56 2.36025018e-36 2.46953908e-07 4.00943321e-56
  6.19068233e-37 3.49864506e-71 1.00000000e+00 6.86166593e-23
  1.90272223e-09 1.04970746e-25 1.76093688e-70 3.52866115e-32
  1.00000000e+00]
 [4.48379542e-68 2.65323696e-57 7.34274535e-24 2.20422291e-56
  3.11028624e-54 1.82448163e-68 5.15974901e-39 1.25786332e-24
  1.49448070e-51 1.74590636e-46 3.16862798e-37 8.78093790e-47
  3.83810444e-35 9.52572838e-69 6.86166593e-23 1.00000000e+00
  2.87434132e-40 4.19613309e-39 1.18113847e-30 2.73019676e-39
  1.00000000e+00]
 [1.15664270e-80 1.36112446e-36 3.00353555e-49 4.92872690e-45
  3.08323322e-26 7.05249688e-49 8.44968378e-65 4.03643866e-88
  1.96568092e-65 4.40917401e-52 1.68788878e-18 3.63463312e-70
  2.37979130e-52 7.54653987e-75 1.90272223e-09 2.87434132e-40
  1.00000000e+00 1.36916391e-51 3.58739331e-80 1.08648437e-35
  1.00000000e+00]
 [5.34771936e-49 4.23784101e-48 7.97839386e-44 1.09825869e-18
  1.60972889e-25 9.00727036e-37 7.88050877e-16 1.45634050e-58
  2.79109254e-46 1.07522370e-43 1.53450284e-12 3.02895873e-26
  5.84621131e-45 2.69566398e-45 1.04970746e-25 4.19613309e-39
  1.36916391e-51 1.00000000e+00 1.72235329e-59 9.43841043e-52
  1.00000000e+00]
 [2.45494364e-23 2.73192314e-49 2.14535227e-17 8.38667836e-75
  1.30457389e-59 7.22228132e-52 4.48259057e-40 2.70364583e-17
  1.97761208e-28 3.18303703e-63 2.06827723e-74 2.48154001e-22
  3.68623934e-43 5.42701638e-28 1.76093688e-70 1.18113847e-30
  3.58739331e-80 1.72235329e-59 1.00000000e+00 2.70233302e-57
  1.00000000e+00]
 [2.54083512e-55 1.08328713e-14 2.08580776e-48 7.37918725e-31
  8.02106118e-53 2.25145618e-41 6.34256933e-84 9.27310907e-75
  2.72923181e-33 2.41020820e-40 9.86316413e-37 8.49488113e-56
  7.47828502e-54 5.11402873e-46 3.52866115e-32 2.73019676e-39
  1.08648437e-35 9.43841043e-52 2.70233302e-57 1.00000000e+00
  1.00000000e+00]
 [1.00000000e+00 1.00000000e+00 1.00000000e+00 1.00000000e+00
  1.00000000e+00 1.00000000e+00 1.00000000e+00 1.00000000e+00
  1.00000000e+00 1.00000000e+00 1.00000000e+00 1.00000000e+00
  1.00000000e+00 1.00000000e+00 1.00000000e+00 1.00000000e+00
  1.00000000e+00 1.00000000e+00 1.00000000e+00 1.00000000e+00
  0.00000000e+00]]
