[[1.00000000e+000 3.04113583e-070 5.71366297e-025 5.65308546e-064
  2.86534228e-063 2.85718700e-101 6.67674267e-018 5.47471752e-020
  4.29372362e-036 2.87356806e-020 1.41899074e-059 6.01316874e-060
  1.08926469e-080 4.15830821e-030 3.70731536e-107 7.22077967e-092
  6.63615099e-055 2.20674741e-027 5.38565609e-021 4.26458827e-063
  1.00000000e+000]
 [3.04113583e-070 1.00000000e+000 3.16719953e-053 3.53532748e-064
  1.10781092e-080 5.92467488e-034 1.02663164e-035 4.90631087e-040
  1.66860778e-046 1.44794048e-036 2.20554097e-059 4.23978557e-035
  1.51650613e-055 6.61933466e-070 2.12713610e-084 8.83671473e-104
  3.06917646e-077 5.25328629e-024 2.40531468e-049 7.35054066e-021
  1.00000000e+000]
 [5.71366297e-025 3.16719953e-053 1.00000000e+000 6.10765650e-053
  1.65225814e-053 2.06152055e-079 2.96285329e-009 2.89265515e-038
  3.93023169e-014 2.78777311e-035 4.77564830e-047 2.91455542e-060
  4.02292921e-050 8.24939282e-042 1.22791624e-096 8.41491932e-062
  1.36838139e-023 1.07590582e-044 2.04168712e-028 1.49934384e-035
  1.00000000e+000]
 [5.65308546e-064 3.53532748e-064 6.10765650e-053 1.00000000e+000
  3.81478373e-043 2.44878584e-029 2.76324439e-069 1.98839745e-058
  4.82219415e-024 2.90616973e-041 3.24492170e-034 2.56885039e-016
  4.32448103e-061 2.08215321e-013 8.06301332e-051 5.71058623e-023
  2.90806872e-031 5.07584571e-045 7.93572298e-059 1.86174406e-025
  1.00000000e+000]
 [2.86534228e-063 1.10781092e-080 1.65225814e-053 3.81478373e-043
  1.00000000e+000 3.93557680e-097 8.35540531e-062 1.95966560e-070
  5.71741273e-051 2.98936028e-029 2.86705994e-041 1.23960925e-052
  3.84531430e-028 9.06193537e-044 1.04339936e-040 6.59594422e-049
  4.16868777e-026 6.46085064e-049 3.31307048e-071 8.95056096e-048
  1.00000000e+000]
 [2.85718700e-101 5.92467488e-034 2.06152055e-079 2.44878584e-029
  3.93557680e-097 1.00000000e+000 1.11569111e-078 1.84340699e-061
  3.15778027e-052 5.45213536e-063 3.94301400e-046 8.73459102e-014
  5.07266280e-070 1.58188712e-058 7.23439148e-085 8.77103359e-076
  8.27956902e-086 1.29362320e-056 8.07767702e-071 7.57324763e-018
  1.00000000e+000]
 [6.67674267e-018 1.02663164e-035 2.96285329e-009 2.76324439e-069
  8.35540531e-062 1.11569111e-078 1.00000000e+000 1.42661566e-019
  1.79244159e-029 1.11877931e-022 2.42921514e-046 2.29764370e-055
  1.20433850e-047 3.39074619e-052 5.65070390e-100 1.36267934e-095
  2.87436368e-048 3.07798792e-030 4.03498397e-022 2.20120296e-035
  1.00000000e+000]
 [5.47471752e-020 4.90631087e-040 2.89265515e-038 1.98839745e-058
  1.95966560e-070 1.84340699e-061 1.42661566e-019 1.00000000e+000
  5.03452831e-050 3.41380454e-012 2.87770967e-029 1.29535750e-031
  8.42864886e-057 2.53571951e-041 1.23223682e-074 1.49310829e-118
  1.95920699e-075 3.86425733e-025 4.07323392e-038 1.52586418e-033
  1.00000000e+000]
 [4.29372362e-036 1.66860778e-046 3.93023169e-014 4.82219415e-024
  5.71741273e-051 3.15778027e-052 1.79244159e-029 5.03452831e-050
  1.00000000e+000 1.79229935e-038 1.24149388e-054 6.83257042e-043
  8.69719299e-067 3.11982418e-019 1.05000062e-080 3.72607213e-028
  5.30415851e-014 3.53097136e-033 7.94773049e-032 5.69218130e-030
  1.00000000e+000]
 [2.87356806e-020 1.44794048e-036 2.78777311e-035 2.90616973e-041
  2.98936028e-029 5.45213536e-063 1.11877931e-022 3.41380454e-012
  1.79229935e-038 1.00000000e+000 1.02201741e-026 1.97674714e-025
  5.89125533e-037 5.87391693e-027 1.08714071e-047 3.18232883e-081
  9.73748347e-047 3.16012059e-011 3.48501035e-034 1.57331231e-028
  1.00000000e+000]
 [1.41899074e-059 2.20554097e-059 4.77564830e-047 3.24492170e-034
  2.86705994e-041 3.94301400e-046 2.42921514e-046 2.87770967e-029
  1.24149388e-054 1.02201741e-026 1.00000000e+000 2.14163207e-020
  1.04199310e-019 2.59732042e-047 9.89881253e-041 1.03436275e-084
  2.42474597e-055 1.65489524e-057 5.10894877e-069 3.51069635e-016
  1.00000000e+000]
 [6.01316874e-060 4.23978557e-035 2.91455542e-060 2.56885039e-016
  1.23960925e-052 8.73459102e-014 2.29764370e-055 1.29535750e-031
  6.83257042e-043 1.97674714e-025 2.14163207e-020 1.00000000e+000
  3.14162571e-043 1.55199358e-030 5.92533557e-053 1.02894716e-063
  6.75222332e-063 1.15883432e-030 8.78194307e-049 2.78137808e-013
  1.00000000e+000]
 [1.08926469e-080 1.51650613e-055 4.02292921e-050 4.32448103e-061
  3.84531430e-028 5.07266280e-070 1.20433850e-047 8.42864886e-057
  8.69719299e-067 5.89125533e-037 1.04199310e-019 3.14162571e-043
  1.00000000e+000 1.58401207e-080 3.36660787e-059 5.38848658e-088
  9.37858323e-056 2.34672996e-065 4.19759988e-071 1.44625538e-024
  1.00000000e+000]
 [4.15830821e-030 6.61933466e-070 8.24939282e-042 2.08215321e-013
  9.06193537e-044 1.58188712e-058 3.39074619e-052 2.53571951e-041
  3.11982418e-019 5.87391693e-027 2.59732042e-047 1.55199358e-030
  1.58401207e-080 1.00000000e+000 1.81513801e-058 3.10972502e-036
  4.56063222e-029 5.69112435e-028 1.80185010e-044 3.34280927e-043
  1.00000000e+000]
 [3.70731536e-107 2.12713610e-084 1.22791624e-096 8.06301332e-051
  1.04339936e-040 7.23439148e-085 5.65070390e-100 1.23223682e-074
  1.05000062e-080 1.08714071e-047 9.89881253e-041 5.92533557e-053
  3.36660787e-059 1.81513801e-058 1.00000000e+000 5.69310197e-099
  2.77798848e-060 1.44135535e-070 3.12610198e-140 2.10706965e-047
  1.00000000e+000]
 [7.22077967e-092 8.83671473e-104 8.41491932e-062 5.71058623e-023
  6.59594422e-049 8.77103359e-076 1.36267934e-095 1.49310829e-118
  3.72607213e-028 3.18232883e-081 1.03436275e-084 1.02894716e-063
  5.38848658e-088 3.10972502e-036 5.69310197e-099 1.00000000e+000
  1.11519897e-022 1.35990759e-076 4.61393033e-071 3.27639439e-063
  1.00000000e+000]
 [6.63615099e-055 3.06917646e-077 1.36838139e-023 2.90806872e-031
  4.16868777e-026 8.27956902e-086 2.87436368e-048 1.95920699e-075
  5.30415851e-014 9.73748347e-047 2.42474597e-055 6.75222332e-063
  9.37858323e-056 4.56063222e-029 2.77798848e-060 1.11519897e-022
  1.00000000e+000 6.07545275e-055 3.39631310e-062 3.26564296e-043
  1.00000000e+000]
 [2.20674741e-027 5.25328629e-024 1.07590582e-044 5.07584571e-045
  6.46085064e-049 1.29362320e-056 3.07798792e-030 3.86425733e-025
  3.53097136e-033 3.16012059e-011 1.65489524e-057 1.15883432e-030
  2.34672996e-065 5.69112435e-028 1.44135535e-070 1.35990759e-076
  6.07545275e-055 1.00000000e+000 1.60948274e-027 5.07228338e-037
  1.00000000e+000]
 [5.38565609e-021 2.40531468e-049 2.04168712e-028 7.93572298e-059
  3.31307048e-071 8.07767702e-071 4.03498397e-022 4.07323392e-038
  7.94773049e-032 3.48501035e-034 5.10894877e-069 8.78194307e-049
  4.19759988e-071 1.80185010e-044 3.12610198e-140 4.61393033e-071
  3.39631310e-062 1.60948274e-027 1.00000000e+000 5.31147669e-052
  1.00000000e+000]
 [4.26458827e-063 7.35054066e-021 1.49934384e-035 1.86174406e-025
  8.95056096e-048 7.57324763e-018 2.20120296e-035 1.52586418e-033
  5.69218130e-030 1.57331231e-028 3.51069635e-016 2.78137808e-013
  1.44625538e-024 3.34280927e-043 2.10706965e-047 3.27639439e-063
  3.26564296e-043 5.07228338e-037 5.31147669e-052 1.00000000e+000
  1.00000000e+000]
 [1.00000000e+000 1.00000000e+000 1.00000000e+000 1.00000000e+000
  1.00000000e+000 1.00000000e+000 1.00000000e+000 1.00000000e+000
  1.00000000e+000 1.00000000e+000 1.00000000e+000 1.00000000e+000
  1.00000000e+000 1.00000000e+000 1.00000000e+000 1.00000000e+000
  1.00000000e+000 1.00000000e+000 1.00000000e+000 1.00000000e+000
  0.00000000e+000]]
