[[1.00000000e+00 5.16299442e-47 4.37269908e-24 ... 1.56609933e-83
  6.12142866e-88 1.00000000e+00]
 [5.16299442e-47 1.00000000e+00 9.06531268e-13 ... 4.17237345e-41
  2.82792177e-47 1.00000000e+00]
 [4.37269908e-24 9.06531268e-13 1.00000000e+00 ... 1.05346215e-44
  3.04901785e-57 1.00000000e+00]
 ...
 [1.56609933e-83 4.17237345e-41 1.05346215e-44 ... 1.00000000e+00
  1.48472379e-35 1.00000000e+00]
 [6.12142866e-88 2.82792177e-47 3.04901785e-57 ... 1.48472379e-35
  1.00000000e+00 1.00000000e+00]
 [1.00000000e+00 1.00000000e+00 1.00000000e+00 ... 1.00000000e+00
  1.00000000e+00 0.00000000e+00]]
