[[1.00000000e+00 1.46441053e-27 1.32467157e-19 ... 2.29965554e-19
  4.16363894e-29 1.00000000e+00]
 [1.46441053e-27 1.00000000e+00 3.98522439e-62 ... 7.68976661e-31
  6.76661791e-35 1.00000000e+00]
 [1.32467157e-19 3.98522439e-62 1.00000000e+00 ... 1.70724406e-35
  2.58067936e-71 1.00000000e+00]
 ...
 [2.29965554e-19 7.68976661e-31 1.70724406e-35 ... 1.00000000e+00
  6.98835042e-42 1.00000000e+00]
 [4.16363894e-29 6.76661791e-35 2.58067936e-71 ... 6.98835042e-42
  1.00000000e+00 1.00000000e+00]
 [1.00000000e+00 1.00000000e+00 1.00000000e+00 ... 1.00000000e+00
  1.00000000e+00 0.00000000e+00]]
