[[1.00000000e+00 1.21526039e-67 5.60716492e-11 1.20323688e-47
  6.58884073e-27 1.33389850e-38 3.73145771e-66 1.06337849e-71
  3.17613679e-17 3.60946059e-15 1.76259196e-56 4.82358510e-06
  2.89900471e-50 1.18903523e-60 2.08505849e-16 1.09927109e-32
  5.50600625e-46 3.85281100e-20 2.44173955e-35 2.84965766e-54
  1.00000000e+00]
 [1.21526039e-67 1.00000000e+00 3.97270174e-44 1.56606752e-37
  2.07216834e-70 2.94164786e-30 5.81727462e-21 4.41573529e-13
  2.65523898e-81 3.15356892e-58 1.40533798e-52 6.72917098e-65
  6.81514120e-04 8.74343023e-49 5.48915097e-45 3.20817188e-66
  1.58881793e-21 3.12626214e-21 7.06917122e-67 4.11230156e-28
  1.00000000e+00]
 [5.60716492e-11 3.97270174e-44 1.00000000e+00 2.53756122e-28
  9.95311400e-22 2.05796047e-16 2.52670843e-52 3.26328279e-43
  1.58945379e-25 4.89211479e-11 2.02104544e-28 1.44970221e-19
  1.34023281e-35 4.85745290e-37 1.06350741e-11 7.92601187e-30
  9.15452551e-29 1.34206647e-17 3.22617074e-34 3.52710939e-46
  1.00000000e+00]
 [1.20323688e-47 1.56606752e-37 2.53756122e-28 1.00000000e+00
  1.70432584e-69 3.34471620e-33 9.03007120e-41 1.67721321e-43
  6.34862063e-48 9.75288987e-62 5.95528876e-34 2.32213698e-53
  3.85718385e-42 1.08767103e-30 3.04752028e-39 4.65810259e-57
  5.60228790e-32 9.77397381e-25 6.87204010e-67 3.84739496e-36
  1.00000000e+00]
 [6.58884073e-27 2.07216834e-70 9.95311400e-22 1.70432584e-69
  1.00000000e+00 6.62280609e-18 1.89103683e-54 1.47981080e-45
  5.94815120e-27 9.29139349e-13 2.99906848e-27 2.00466692e-46
  8.08821113e-57 6.74775770e-49 4.46984096e-48 2.62387074e-26
  2.33612099e-41 1.63769237e-32 1.98476409e-30 2.10285389e-43
  1.00000000e+00]
 [1.33389850e-38 2.94164786e-30 2.05796047e-16 3.34471620e-33
  6.62280609e-18 1.00000000e+00 9.46958616e-35 9.17912126e-17
  3.20938353e-46 3.37177986e-24 1.97574279e-07 3.51470512e-53
  1.54298332e-26 1.90212504e-19 2.27656223e-38 3.72611695e-41
  2.12195067e-10 4.97548686e-21 5.30091355e-27 5.97232949e-22
  1.00000000e+00]
 [3.73145771e-66 5.81727462e-21 2.52670843e-52 9.03007120e-41
  1.89103683e-54 9.46958616e-35 1.00000000e+00 5.00215328e-12
  2.66302327e-47 2.79523885e-56 7.90925210e-46 1.09549257e-68
  2.09588171e-24 3.02542653e-60 8.88528225e-61 4.62356154e-45
  4.38185581e-37 1.04529841e-20 8.04931772e-81 1.02250728e-17
  1.00000000e+00]
 [1.06337849e-71 4.41573529e-13 3.26328279e-43 1.67721321e-43
  1.47981080e-45 9.17912126e-17 5.00215328e-12 1.00000000e+00
  3.96046563e-66 2.28359151e-46 6.87688632e-27 2.63819278e-77
  2.05200179e-17 1.47173045e-46 3.60577970e-55 2.01196978e-56
  1.12560288e-21 6.74622732e-28 3.57279195e-68 1.32561870e-22
  1.00000000e+00]
 [3.17613679e-17 2.65523898e-81 1.58945379e-25 6.34862063e-48
  5.94815120e-27 3.20938353e-46 2.66302327e-47 3.96046563e-66
  1.00000000e+00 2.57529746e-25 1.73741051e-51 1.03620350e-26
  1.56469127e-70 7.50393177e-74 8.17989724e-38 3.82629578e-22
  1.65035042e-65 5.20901712e-28 1.20645666e-66 7.63066792e-53
  1.00000000e+00]
 [3.60946059e-15 3.15356892e-58 4.89211479e-11 9.75288987e-62
  9.29139349e-13 3.37177986e-24 2.79523885e-56 2.28359151e-46
  2.57529746e-25 1.00000000e+00 3.54185318e-39 5.52734975e-21
  3.38425961e-44 7.06429161e-69 1.00764128e-16 5.60241469e-37
  6.33410133e-41 1.63949491e-29 2.18786661e-46 8.56647294e-58
  1.00000000e+00]
 [1.76259196e-56 1.40533798e-52 2.02104544e-28 5.95528876e-34
  2.99906848e-27 1.97574279e-07 7.90925210e-46 6.87688632e-27
  1.73741051e-51 3.54185318e-39 1.00000000e+00 2.37030387e-75
  1.30634532e-52 5.13116818e-25 2.79606827e-56 6.31376617e-57
  1.02355707e-21 5.74527209e-40 3.11990744e-46 3.85192286e-32
  1.00000000e+00]
 [4.82358510e-06 6.72917098e-65 1.44970221e-19 2.32213698e-53
  2.00466692e-46 3.51470512e-53 1.09549257e-68 2.63819278e-77
  1.03620350e-26 5.52734975e-21 2.37030387e-75 1.00000000e+00
  4.41776910e-47 7.07458556e-85 6.50658018e-10 1.97715002e-52
  1.15486280e-51 4.23835907e-25 1.58365898e-55 2.22153010e-64
  1.00000000e+00]
 [2.89900471e-50 6.81514120e-04 1.34023281e-35 3.85718385e-42
  8.08821113e-57 1.54298332e-26 2.09588171e-24 2.05200179e-17
  1.56469127e-70 3.38425961e-44 1.30634532e-52 4.41776910e-47
  1.00000000e+00 2.44824151e-48 1.03478395e-34 5.33964477e-60
  2.68661317e-16 1.32177962e-14 8.42521551e-50 1.37325457e-24
  1.00000000e+00]
 [1.18903523e-60 8.74343023e-49 4.85745290e-37 1.08767103e-30
  6.74775770e-49 1.90212504e-19 3.02542653e-60 1.47173045e-46
  7.50393177e-74 7.06429161e-69 5.13116818e-25 7.07458556e-85
  2.44824151e-48 1.00000000e+00 9.27634293e-75 1.21329340e-51
  5.11114751e-25 1.90867323e-32 3.48384648e-24 4.34772866e-28
  1.00000000e+00]
 [2.08505849e-16 5.48915097e-45 1.06350741e-11 3.04752028e-39
  4.46984096e-48 2.27656223e-38 8.88528225e-61 3.60577970e-55
  8.17989724e-38 1.00764128e-16 2.79606827e-56 6.50658018e-10
  1.03478395e-34 9.27634293e-75 1.00000000e+00 1.05928455e-58
  2.35482385e-39 5.41968770e-27 1.79385832e-63 3.77807066e-65
  1.00000000e+00]
 [1.09927109e-32 3.20817188e-66 7.92601187e-30 4.65810259e-57
  2.62387074e-26 3.72611695e-41 4.62356154e-45 2.01196978e-56
  3.82629578e-22 5.60241469e-37 6.31376617e-57 1.97715002e-52
  5.33964477e-60 1.21329340e-51 1.05928455e-58 1.00000000e+00
  1.93006357e-69 8.82622592e-25 7.27384871e-54 2.27254312e-51
  1.00000000e+00]
 [5.50600625e-46 1.58881793e-21 9.15452551e-29 5.60228790e-32
  2.33612099e-41 2.12195067e-10 4.38185581e-37 1.12560288e-21
  1.65035042e-65 6.33410133e-41 1.02355707e-21 1.15486280e-51
  2.68661317e-16 5.11114751e-25 2.35482385e-39 1.93006357e-69
  1.00000000e+00 1.44409614e-20 7.14555864e-28 3.95706982e-15
  1.00000000e+00]
 [3.85281100e-20 3.12626214e-21 1.34206647e-17 9.77397381e-25
  1.63769237e-32 4.97548686e-21 1.04529841e-20 6.74622732e-28
  5.20901712e-28 1.63949491e-29 5.74527209e-40 4.23835907e-25
  1.32177962e-14 1.90867323e-32 5.41968770e-27 8.82622592e-25
  1.44409614e-20 1.00000000e+00 1.07181370e-31 1.96558200e-15
  1.00000000e+00]
 [2.44173955e-35 7.06917122e-67 3.22617074e-34 6.87204010e-67
  1.98476409e-30 5.30091355e-27 8.04931772e-81 3.57279195e-68
  1.20645666e-66 2.18786661e-46 3.11990744e-46 1.58365898e-55
  8.42521551e-50 3.48384648e-24 1.79385832e-63 7.27384871e-54
  7.14555864e-28 1.07181370e-31 1.00000000e+00 5.15370344e-36
  1.00000000e+00]
 [2.84965766e-54 4.11230156e-28 3.52710939e-46 3.84739496e-36
  2.10285389e-43 5.97232949e-22 1.02250728e-17 1.32561870e-22
  7.63066792e-53 8.56647294e-58 3.85192286e-32 2.22153010e-64
  1.37325457e-24 4.34772866e-28 3.77807066e-65 2.27254312e-51
  3.95706982e-15 1.96558200e-15 5.15370344e-36 1.00000000e+00
  1.00000000e+00]
 [1.00000000e+00 1.00000000e+00 1.00000000e+00 1.00000000e+00
  1.00000000e+00 1.00000000e+00 1.00000000e+00 1.00000000e+00
  1.00000000e+00 1.00000000e+00 1.00000000e+00 1.00000000e+00
  1.00000000e+00 1.00000000e+00 1.00000000e+00 1.00000000e+00
  1.00000000e+00 1.00000000e+00 1.00000000e+00 1.00000000e+00
  0.00000000e+00]]
