[[1.00000000e+000 4.04638647e-086 2.74127816e-034 3.06703206e-006
  1.76756395e-037 4.68889754e-042 1.49684232e-062 5.92994440e-029
  5.64346453e-038 6.45064765e-050 1.87716034e-049 2.66349449e-030
  1.13628987e-072 1.76087058e-033 9.64433099e-063 1.41216633e-033
  1.95613481e-048 6.13743412e-041 3.23227047e-017 2.78242630e-056
  1.00000000e+000]
 [4.04638647e-086 1.00000000e+000 2.58213952e-028 2.23917360e-064
  2.02148429e-059 4.68562492e-078 5.93795687e-027 1.68592542e-039
  6.43948104e-049 1.08690641e-088 5.73444856e-098 1.92252933e-059
  2.44921179e-047 2.16403117e-041 5.00677547e-042 1.21548107e-031
  1.43569369e-030 1.22139927e-036 1.05232053e-048 1.95517186e-022
  1.00000000e+000]
 [2.74127816e-034 2.58213952e-028 1.00000000e+000 4.30877626e-030
  1.06529846e-047 7.36903754e-038 5.20618208e-040 1.13392241e-024
  1.29707972e-026 3.38343484e-038 1.95612155e-056 3.05220233e-049
  4.15752093e-035 1.66261530e-034 8.10104443e-044 6.28251188e-004
  1.19746404e-038 4.22760048e-023 7.14922722e-008 4.00103113e-039
  1.00000000e+000]
 [3.06703206e-006 2.23917360e-064 4.30877626e-030 1.00000000e+000
  9.59471426e-017 6.55788398e-059 1.49390972e-043 5.10878901e-015
  1.22302393e-024 1.19502646e-062 1.05210232e-064 1.44083772e-018
  1.36738500e-081 3.80240273e-031 1.26362198e-046 1.13991295e-030
  3.76994841e-027 4.26685264e-030 1.33545851e-019 2.41675653e-044
  1.00000000e+000]
 [1.76756395e-037 2.02148429e-059 1.06529846e-047 9.59471426e-017
  1.00000000e+000 1.32622633e-102 2.45836997e-026 9.48943625e-013
  3.63039770e-023 1.02536658e-095 5.81170286e-092 1.28159035e-012
  3.53077589e-123 7.12712456e-066 1.32888369e-034 6.29218438e-055
  7.43374062e-027 1.18967484e-050 1.61106345e-040 3.67680680e-053
  1.00000000e+000]
 [4.68889754e-042 4.68562492e-078 7.36903754e-038 6.55788398e-059
  1.32622633e-102 1.00000000e+000 1.01030010e-069 3.78055817e-069
  6.94197066e-070 5.75486664e-053 1.28831899e-012 4.11388970e-073
  8.12614324e-017 1.38988996e-044 3.04958872e-076 1.49006095e-031
  1.96856014e-102 1.98296394e-054 2.47359849e-027 1.13374306e-043
  1.00000000e+000]
 [1.49684232e-062 5.93795687e-027 5.20618208e-040 1.49390972e-043
  2.45836997e-026 1.01030010e-069 1.00000000e+000 5.20071898e-031
  1.89218118e-021 2.87859674e-099 2.31869474e-057 9.19654364e-018
  2.57811508e-075 6.35585611e-063 9.32575303e-009 6.96032856e-045
  1.46108573e-039 1.30823129e-050 9.85355243e-038 1.12367121e-021
  1.00000000e+000]
 [5.92994440e-029 1.68592542e-039 1.13392241e-024 5.10878901e-015
  9.48943625e-013 3.78055817e-069 5.20071898e-031 1.00000000e+000
  2.67151828e-034 1.48991105e-056 1.27864359e-073 5.37109334e-025
  6.76979528e-077 2.36571960e-038 1.03875988e-049 2.91300935e-030
  1.62411770e-025 9.79410110e-031 8.52572874e-026 2.63950136e-038
  1.00000000e+000]
 [5.64346453e-038 6.43948104e-049 1.29707972e-026 1.22302393e-024
  3.63039770e-023 6.94197066e-070 1.89218118e-021 2.67151828e-034
  1.00000000e+000 3.74821388e-095 7.51057756e-065 1.16316863e-023
  2.01483918e-088 2.01718026e-065 1.88701489e-012 1.36193465e-028
  2.71415474e-039 4.87544071e-037 1.25540602e-021 2.58869046e-044
  1.00000000e+000]
 [6.45064765e-050 1.08690641e-088 3.38343484e-038 1.19502646e-062
  1.02536658e-095 5.75486664e-053 2.87859674e-099 1.48991105e-056
  3.74821388e-095 1.00000000e+000 3.66736609e-071 6.01125539e-081
  1.03559736e-057 3.78281187e-061 7.79875773e-107 1.93925596e-053
  4.38070880e-080 4.36418834e-096 1.62218817e-030 4.05624552e-100
  1.00000000e+000]
 [1.87716034e-049 5.73444856e-098 1.95612155e-056 1.05210232e-064
  5.81170286e-092 1.28831899e-012 2.31869474e-057 1.27864359e-073
  7.51057756e-065 3.66736609e-071 1.00000000e+000 2.84833540e-058
  2.08838312e-047 3.06380920e-077 3.30938811e-062 4.37180147e-054
  8.28739347e-120 2.69465486e-080 3.41043017e-034 2.34746689e-054
  1.00000000e+000]
 [2.66349449e-030 1.92252933e-059 3.05220233e-049 1.44083772e-018
  1.28159035e-012 4.11388970e-073 9.19654364e-018 5.37109334e-025
  1.16316863e-023 6.01125539e-081 2.84833540e-058 1.00000000e+000
  2.52344368e-097 7.36252095e-055 1.41851875e-019 1.55765178e-056
  1.57963902e-030 7.06607307e-062 8.45566852e-032 2.32787228e-040
  1.00000000e+000]
 [1.13628987e-072 2.44921179e-047 4.15752093e-035 1.36738500e-081
  3.53077589e-123 8.12614324e-017 2.57811508e-075 6.76979528e-077
  2.01483918e-088 1.03559736e-057 2.08838312e-047 2.52344368e-097
  1.00000000e+000 1.42322161e-033 3.75160033e-088 1.52386503e-029
  3.91638795e-090 1.86511370e-050 1.05040835e-042 1.03158716e-036
  1.00000000e+000]
 [1.76087058e-033 2.16403117e-041 1.66261530e-034 3.80240273e-031
  7.12712456e-066 1.38988996e-044 6.35585611e-063 2.36571960e-038
  2.01718026e-065 3.78281187e-061 3.06380920e-077 7.36252095e-055
  1.42322161e-033 1.00000000e+000 7.00640667e-076 3.60702088e-029
  2.38708397e-031 5.80823604e-026 1.59506563e-038 2.73213472e-025
  1.00000000e+000]
 [9.64433099e-063 5.00677547e-042 8.10104443e-044 1.26362198e-046
  1.32888369e-034 3.04958872e-076 9.32575303e-009 1.03875988e-049
  1.88701489e-012 7.79875773e-107 3.30938811e-062 1.41851875e-019
  3.75160033e-088 7.00640667e-076 1.00000000e+000 9.68665996e-050
  2.87390429e-044 3.46837872e-063 5.81656479e-036 3.29561583e-038
  1.00000000e+000]
 [1.41216633e-033 1.21548107e-031 6.28251188e-004 1.13991295e-030
  6.29218438e-055 1.49006095e-031 6.96032856e-045 2.91300935e-030
  1.36193465e-028 1.93925596e-053 4.37180147e-054 1.55765178e-056
  1.52386503e-029 3.60702088e-029 9.68665996e-050 1.00000000e+000
  7.18299672e-046 3.05006408e-012 1.81723010e-012 7.18108702e-032
  1.00000000e+000]
 [1.95613481e-048 1.43569369e-030 1.19746404e-038 3.76994841e-027
  7.43374062e-027 1.96856014e-102 1.46108573e-039 1.62411770e-025
  2.71415474e-039 4.38070880e-080 8.28739347e-120 1.57963902e-030
  3.91638795e-090 2.38708397e-031 2.87390429e-044 7.18299672e-046
  1.00000000e+000 6.97401910e-044 2.36312975e-044 1.51673960e-043
  1.00000000e+000]
 [6.13743412e-041 1.22139927e-036 4.22760048e-023 4.26685264e-030
  1.18967484e-050 1.98296394e-054 1.30823129e-050 9.79410110e-031
  4.87544071e-037 4.36418834e-096 2.69465486e-080 7.06607307e-062
  1.86511370e-050 5.80823604e-026 3.46837872e-063 3.05006408e-012
  6.97401910e-044 1.00000000e+000 4.19937534e-036 1.65198838e-024
  1.00000000e+000]
 [3.23227047e-017 1.05232053e-048 7.14922722e-008 1.33545851e-019
  1.61106345e-040 2.47359849e-027 9.85355243e-038 8.52572874e-026
  1.25540602e-021 1.62218817e-030 3.41043017e-034 8.45566852e-032
  1.05040835e-042 1.59506563e-038 5.81656479e-036 1.81723010e-012
  2.36312975e-044 4.19937534e-036 1.00000000e+000 4.86736890e-044
  1.00000000e+000]
 [2.78242630e-056 1.95517186e-022 4.00103113e-039 2.41675653e-044
  3.67680680e-053 1.13374306e-043 1.12367121e-021 2.63950136e-038
  2.58869046e-044 4.05624552e-100 2.34746689e-054 2.32787228e-040
  1.03158716e-036 2.73213472e-025 3.29561583e-038 7.18108702e-032
  1.51673960e-043 1.65198838e-024 4.86736890e-044 1.00000000e+000
  1.00000000e+000]
 [1.00000000e+000 1.00000000e+000 1.00000000e+000 1.00000000e+000
  1.00000000e+000 1.00000000e+000 1.00000000e+000 1.00000000e+000
  1.00000000e+000 1.00000000e+000 1.00000000e+000 1.00000000e+000
  1.00000000e+000 1.00000000e+000 1.00000000e+000 1.00000000e+000
  1.00000000e+000 1.00000000e+000 1.00000000e+000 1.00000000e+000
  0.00000000e+000]]
