[[1.00000000e+00 4.13528170e-44 2.58141028e-55 ... 6.58501860e-27
  2.65159292e-18 1.00000000e+00]
 [4.13528170e-44 1.00000000e+00 1.15782532e-51 ... 8.10871239e-17
  4.55196191e-89 1.00000000e+00]
 [2.58141028e-55 1.15782532e-51 1.00000000e+00 ... 2.71239044e-38
  1.37174341e-63 1.00000000e+00]
 ...
 [6.58501860e-27 8.10871239e-17 2.71239044e-38 ... 1.00000000e+00
  1.04421213e-42 1.00000000e+00]
 [2.65159292e-18 4.55196191e-89 1.37174341e-63 ... 1.04421213e-42
  1.00000000e+00 1.00000000e+00]
 [1.00000000e+00 1.00000000e+00 1.00000000e+00 ... 1.00000000e+00
  1.00000000e+00 0.00000000e+00]]
