[[1.00000000e+000 4.50061037e-060 2.56913453e-064 6.55529519e-016
  2.34380836e-057 4.16447814e-055 6.37996067e-029 1.20316180e-069
  3.02971118e-073 4.61455436e-037 4.41162718e-020 2.16456948e-014
  5.55463368e-080 1.16789188e-056 1.21641578e-042 1.50128451e-073
  3.65885251e-009 1.89772259e-062 2.54868499e-035 6.09219120e-036
  1.00000000e+000]
 [4.50061037e-060 1.00000000e+000 2.35296513e-060 3.01914091e-023
  6.12121609e-085 4.06725629e-030 4.75745746e-062 2.07315610e-039
  1.56615392e-052 1.33357650e-057 1.90483070e-031 2.73202409e-081
  9.62482222e-056 2.16073905e-038 8.94675312e-040 9.26001098e-042
  1.99001589e-045 1.87674980e-036 1.23058038e-085 1.58980870e-046
  1.00000000e+000]
 [2.56913453e-064 2.35296513e-060 1.00000000e+000 2.84692203e-046
  4.15852809e-049 1.03444997e-018 2.18393283e-030 4.93320487e-081
  9.91333432e-046 7.44377392e-072 1.15191001e-063 1.91385745e-058
  1.15525224e-044 4.08521768e-033 2.35020790e-050 1.80256103e-035
  2.76528237e-033 2.23055845e-079 7.26303354e-023 1.37335203e-021
  1.00000000e+000]
 [6.55529519e-016 3.01914091e-023 2.84692203e-046 1.00000000e+000
  8.70445085e-038 8.02414296e-025 1.11509212e-028 1.89582641e-026
  7.53083815e-038 8.49749836e-019 1.72626890e-006 1.08176008e-027
  1.31224895e-040 9.85413016e-028 6.12968613e-018 2.09673911e-031
  3.25243943e-008 2.01025309e-028 2.00831487e-043 6.77348277e-026
  1.00000000e+000]
 [2.34380836e-057 6.12121609e-085 4.15852809e-049 8.70445085e-038
  1.00000000e+000 1.50047026e-040 1.59928340e-041 2.07933811e-041
  4.00254377e-049 2.85253455e-024 1.34320400e-034 9.23707420e-036
  2.68664973e-060 1.16630917e-054 1.60906033e-034 4.24203888e-023
  2.47108272e-038 1.63069939e-036 2.46359636e-069 1.44656782e-050
  1.00000000e+000]
 [4.16447814e-055 4.06725629e-030 1.03444997e-018 8.02414296e-025
  1.50047026e-040 1.00000000e+000 1.56735299e-027 1.41203197e-055
  4.07165990e-016 3.43901902e-058 4.52132595e-033 2.20514793e-066
  3.16360978e-052 2.91634831e-033 5.02309634e-032 7.13719719e-016
  3.37382611e-029 2.29675386e-044 9.65481214e-040 1.62842067e-015
  1.00000000e+000]
 [6.37996067e-029 4.75745746e-062 2.18393283e-030 1.11509212e-028
  1.59928340e-041 1.56735299e-027 1.00000000e+000 4.85728259e-072
  4.97926887e-067 2.16900830e-062 2.13904566e-026 9.96934835e-043
  3.56915531e-064 3.24200669e-071 4.88082351e-066 8.13666193e-035
  4.01639353e-015 4.70644794e-079 4.54065247e-025 3.41381689e-038
  1.00000000e+000]
 [1.20316180e-069 2.07315610e-039 4.93320487e-081 1.89582641e-026
  2.07933811e-041 1.41203197e-055 4.85728259e-072 1.00000000e+000
  1.28390295e-070 2.46717151e-017 1.84048980e-027 3.77471390e-063
  2.27280172e-028 1.48667080e-045 2.98147666e-036 2.26056619e-027
  2.82246784e-048 3.97250065e-027 2.01507520e-109 4.94754805e-080
  1.00000000e+000]
 [3.02971118e-073 1.56615392e-052 9.91333432e-046 7.53083815e-038
  4.00254377e-049 4.07165990e-016 4.97926887e-067 1.28390295e-070
  1.00000000e+000 1.53505184e-060 4.93722167e-053 8.14455146e-080
  6.49212743e-077 8.40548706e-031 7.33476144e-021 9.17032361e-039
  3.21425193e-049 4.64588044e-042 1.84215083e-061 1.89979374e-017
  1.00000000e+000]
 [4.61455436e-037 1.33357650e-057 7.44377392e-072 8.49749836e-019
  2.85253455e-024 3.43901902e-058 2.16900830e-062 2.46717151e-017
  1.53505184e-060 1.00000000e+000 2.64750498e-023 1.91636294e-021
  9.43652764e-044 2.55331216e-033 3.55812158e-017 1.04028942e-043
  1.32680607e-029 6.20589015e-022 5.96629805e-080 6.31074505e-055
  1.00000000e+000]
 [4.41162718e-020 1.90483070e-031 1.15191001e-063 1.72626890e-006
  1.34320400e-034 4.52132595e-033 2.13904566e-026 1.84048980e-027
  4.93722167e-053 2.64750498e-023 1.00000000e+000 8.21623078e-034
  2.17030305e-059 1.71979448e-053 1.95013918e-032 3.69432115e-030
  9.31554238e-017 1.20862015e-027 3.90061465e-063 8.08571525e-044
  1.00000000e+000]
 [2.16456948e-014 2.73202409e-081 1.91385745e-058 1.08176008e-027
  9.23707420e-036 2.20514793e-066 9.96934835e-043 3.77471390e-063
  8.14455146e-080 1.91636294e-021 8.21623078e-034 1.00000000e+000
  1.02710572e-071 3.61236560e-047 8.31476698e-035 8.22068539e-072
  1.09560641e-018 9.06071182e-054 1.25228930e-045 1.49174706e-042
  1.00000000e+000]
 [5.55463368e-080 9.62482222e-056 1.15525224e-044 1.31224895e-040
  2.68664973e-060 3.16360978e-052 3.56915531e-064 2.27280172e-028
  6.49212743e-077 9.43652764e-044 2.17030305e-059 1.02710572e-071
  1.00000000e+000 1.12444844e-032 3.50185421e-053 7.21857560e-037
  3.81035332e-042 1.21977476e-076 1.38220545e-066 5.04044407e-069
  1.00000000e+000]
 [1.16789188e-056 2.16073905e-038 4.08521768e-033 9.85413016e-028
  1.16630917e-054 2.91634831e-033 3.24200669e-071 1.48667080e-045
  8.40548706e-031 2.55331216e-033 1.71979448e-053 3.61236560e-047
  1.12444844e-032 1.00000000e+000 2.89141867e-011 1.81745534e-048
  1.13597943e-034 3.67762981e-040 1.66324059e-051 6.17844658e-022
  1.00000000e+000]
 [1.21641578e-042 8.94675312e-040 2.35020790e-050 6.12968613e-018
  1.60906033e-034 5.02309634e-032 4.88082351e-066 2.98147666e-036
  7.33476144e-021 3.55812158e-017 1.95013918e-032 8.31476698e-035
  3.50185421e-053 2.89141867e-011 1.00000000e+000 3.33740338e-042
  3.01717864e-031 5.57420539e-016 2.31528542e-063 1.30320743e-021
  1.00000000e+000]
 [1.50128451e-073 9.26001098e-042 1.80256103e-035 2.09673911e-031
  4.24203888e-023 7.13719719e-016 8.13666193e-035 2.26056619e-027
  9.17032361e-039 1.04028942e-043 3.69432115e-030 8.22068539e-072
  7.21857560e-037 1.81745534e-048 3.33740338e-042 1.00000000e+000
  4.19927799e-041 7.79418942e-038 1.16366018e-071 4.95333420e-049
  1.00000000e+000]
 [3.65885251e-009 1.99001589e-045 2.76528237e-033 3.25243943e-008
  2.47108272e-038 3.37382611e-029 4.01639353e-015 2.82246784e-048
  3.21425193e-049 1.32680607e-029 9.31554238e-017 1.09560641e-018
  3.81035332e-042 1.13597943e-034 3.01717864e-031 4.19927799e-041
  1.00000000e+000 2.64508599e-055 1.66677853e-018 2.05046002e-022
  1.00000000e+000]
 [1.89772259e-062 1.87674980e-036 2.23055845e-079 2.01025309e-028
  1.63069939e-036 2.29675386e-044 4.70644794e-079 3.97250065e-027
  4.64588044e-042 6.20589015e-022 1.20862015e-027 9.06071182e-054
  1.21977476e-076 3.67762981e-040 5.57420539e-016 7.79418942e-038
  2.64508599e-055 1.00000000e+000 3.89349442e-112 2.22756156e-052
  1.00000000e+000]
 [2.54868499e-035 1.23058038e-085 7.26303354e-023 2.00831487e-043
  2.46359636e-069 9.65481214e-040 4.54065247e-025 2.01507520e-109
  1.84215083e-061 5.96629805e-080 3.90061465e-063 1.25228930e-045
  1.38220545e-066 1.66324059e-051 2.31528542e-063 1.16366018e-071
  1.66677853e-018 3.89349442e-112 1.00000000e+000 2.21892521e-022
  1.00000000e+000]
 [6.09219120e-036 1.58980870e-046 1.37335203e-021 6.77348277e-026
  1.44656782e-050 1.62842067e-015 3.41381689e-038 4.94754805e-080
  1.89979374e-017 6.31074505e-055 8.08571525e-044 1.49174706e-042
  5.04044407e-069 6.17844658e-022 1.30320743e-021 4.95333420e-049
  2.05046002e-022 2.22756156e-052 2.21892521e-022 1.00000000e+000
  1.00000000e+000]
 [1.00000000e+000 1.00000000e+000 1.00000000e+000 1.00000000e+000
  1.00000000e+000 1.00000000e+000 1.00000000e+000 1.00000000e+000
  1.00000000e+000 1.00000000e+000 1.00000000e+000 1.00000000e+000
  1.00000000e+000 1.00000000e+000 1.00000000e+000 1.00000000e+000
  1.00000000e+000 1.00000000e+000 1.00000000e+000 1.00000000e+000
  0.00000000e+000]]
