[[1.00000000e+000 4.23049447e-025 7.87083473e-024 9.48377011e-021
  3.99330219e-046 9.44110773e-060 1.91929017e-034 4.70114331e-040
  1.84041117e-025 2.69770019e-048 2.01994750e-063 2.67732683e-043
  6.98939381e-032 7.13068655e-040 1.44572186e-037 1.67775677e-040
  1.81530199e-061 4.20600405e-016 1.70045672e-010 9.29636425e-026
  1.00000000e+000]
 [4.23049447e-025 1.00000000e+000 2.27418657e-016 8.57934471e-031
  2.65247532e-011 8.16143736e-061 6.20813782e-041 1.00778007e-033
  8.03367509e-023 2.26102298e-038 1.12664098e-048 9.16821852e-033
  1.90401059e-033 1.40608230e-032 1.02653765e-036 3.05100112e-060
  4.25486394e-047 2.68207106e-029 6.99737865e-019 1.45408513e-060
  1.00000000e+000]
 [7.87083473e-024 2.27418657e-016 1.00000000e+000 9.97224809e-027
  1.77293616e-022 3.60676560e-040 1.38462233e-038 8.06076972e-036
  2.44435364e-026 1.20048848e-010 1.25619278e-022 1.92905263e-024
  8.08646449e-018 3.08851401e-030 6.31724790e-024 1.58714498e-050
  2.86899321e-040 8.20987945e-026 2.41999802e-022 1.53811953e-025
  1.00000000e+000]
 [9.48377011e-021 8.57934471e-031 9.97224809e-027 1.00000000e+000
  6.41757341e-026 7.92598899e-073 1.40911981e-076 2.68951020e-081
  4.36118268e-054 3.50637153e-058 1.99037532e-060 1.44726199e-042
  2.12609088e-024 4.29172426e-056 1.63462072e-032 5.57091126e-050
  4.10636614e-056 2.98510315e-048 2.19952647e-034 2.92388725e-035
  1.00000000e+000]
 [3.99330219e-046 2.65247532e-011 1.77293616e-022 6.41757341e-026
  1.00000000e+000 1.13319196e-078 6.54358283e-079 1.63001058e-063
  9.71542477e-049 1.42311015e-046 1.68337635e-041 4.91864322e-035
  8.23834687e-028 3.03122384e-039 1.93142358e-036 1.09889370e-088
  1.33057453e-053 5.66963737e-058 2.68941353e-043 2.00511982e-070
  1.00000000e+000]
 [9.44110773e-060 8.16143736e-061 3.60676560e-040 7.92598899e-073
  1.13319196e-078 1.00000000e+000 2.28415052e-050 4.62501097e-045
  3.33047959e-096 7.08891354e-034 5.49443260e-077 7.50820675e-061
  2.01457387e-052 6.55670439e-078 2.58145543e-057 1.70243448e-036
  9.76272818e-009 3.25790989e-032 2.15765830e-047 2.68122359e-046
  1.00000000e+000]
 [1.91929017e-034 6.20813782e-041 1.38462233e-038 1.40911981e-076
  6.54358283e-079 2.28415052e-050 1.00000000e+000 3.82699835e-011
  2.25027043e-026 1.39368263e-058 4.87005538e-060 1.83943287e-032
  5.51501780e-086 2.88051120e-036 9.40212929e-038 3.50125789e-055
  5.67088998e-063 2.66590794e-008 6.66275839e-042 2.34445269e-043
  1.00000000e+000]
 [4.70114331e-040 1.00778007e-033 8.06076972e-036 2.68951020e-081
  1.63001058e-063 4.62501097e-045 3.82699835e-011 1.00000000e+000
  2.01609095e-035 5.64365779e-048 4.16984201e-047 2.24115124e-030
  2.25603132e-068 8.82985941e-021 1.83382641e-037 1.78121413e-080
  6.75718710e-054 3.68015307e-010 2.53567672e-040 2.40547749e-050
  1.00000000e+000]
 [1.84041117e-025 8.03367509e-023 2.44435364e-026 4.36118268e-054
  9.71542477e-049 3.33047959e-096 2.25027043e-026 2.01609095e-035
  1.00000000e+000 1.78451292e-053 7.44277398e-050 8.75369138e-039
  1.71783317e-065 2.19017118e-033 1.62114491e-044 1.09259759e-077
  1.10845236e-099 1.22759761e-030 1.30284212e-032 1.98075581e-054
  1.00000000e+000]
 [2.69770019e-048 2.26102298e-038 1.20048848e-010 3.50637153e-058
  1.42311015e-046 7.08891354e-034 1.39368263e-058 5.64365779e-048
  1.78451292e-053 1.00000000e+000 3.49778230e-037 1.06898869e-053
  6.79253591e-022 1.73006106e-055 9.49060567e-054 1.75751365e-064
  9.77915870e-044 3.40600184e-043 7.15420605e-033 2.43010854e-041
  1.00000000e+000]
 [2.01994750e-063 1.12664098e-048 1.25619278e-022 1.99037532e-060
  1.68337635e-041 5.49443260e-077 4.87005538e-060 4.16984201e-047
  7.44277398e-050 3.49778230e-037 1.00000000e+000 3.11612644e-015
  4.36491140e-048 4.64243796e-017 1.27561415e-017 4.63163445e-121
  1.23888515e-076 9.61885505e-052 2.24915825e-077 1.11538688e-036
  1.00000000e+000]
 [2.67732683e-043 9.16821852e-033 1.92905263e-024 1.44726199e-042
  4.91864322e-035 7.50820675e-061 1.83943287e-032 2.24115124e-030
  8.75369138e-039 1.06898869e-053 3.11612644e-015 1.00000000e+000
  2.52172521e-057 7.33628402e-012 1.40197395e-002 8.23792505e-084
  2.03383196e-053 1.74196110e-027 9.68643905e-063 4.24335613e-031
  1.00000000e+000]
 [6.98939381e-032 1.90401059e-033 8.08646449e-018 2.12609088e-024
  8.23834687e-028 2.01457387e-052 5.51501780e-086 2.25603132e-068
  1.71783317e-065 6.79253591e-022 4.36491140e-048 2.52172521e-057
  1.00000000e+000 5.36693572e-053 8.34333191e-050 4.06515611e-071
  3.88311698e-047 6.71903431e-051 2.59567285e-026 3.88539446e-039
  1.00000000e+000]
 [7.13068655e-040 1.40608230e-032 3.08851401e-030 4.29172426e-056
  3.03122384e-039 6.55670439e-078 2.88051120e-036 8.82985941e-021
  2.19017118e-033 1.73006106e-055 4.64243796e-017 7.33628402e-012
  5.36693572e-053 1.00000000e+000 1.18640114e-015 7.73670058e-114
  4.55302354e-075 1.62483107e-027 1.54844063e-056 5.60336024e-040
  1.00000000e+000]
 [1.44572186e-037 1.02653765e-036 6.31724790e-024 1.63462072e-032
  1.93142358e-036 2.58145543e-057 9.40212929e-038 1.83382641e-037
  1.62114491e-044 9.49060567e-054 1.27561415e-017 1.40197395e-002
  8.34333191e-050 1.18640114e-015 1.00000000e+000 6.82025554e-076
  5.06528433e-050 2.02556732e-027 3.49327524e-060 1.01362631e-021
  1.00000000e+000]
 [1.67775677e-040 3.05100112e-060 1.58714498e-050 5.57091126e-050
  1.09889370e-088 1.70243448e-036 3.50125789e-055 1.78121413e-080
  1.09259759e-077 1.75751365e-064 4.63163445e-121 8.23792505e-084
  4.06515611e-071 7.73670058e-114 6.82025554e-076 1.00000000e+000
  6.85284200e-040 5.19851367e-042 6.69325710e-036 2.27343686e-055
  1.00000000e+000]
 [1.81530199e-061 4.25486394e-047 2.86899321e-040 4.10636614e-056
  1.33057453e-053 9.76272818e-009 5.67088998e-063 6.75718710e-054
  1.10845236e-099 9.77915870e-044 1.23888515e-076 2.03383196e-053
  3.88311698e-047 4.55302354e-075 5.06528433e-050 6.85284200e-040
  1.00000000e+000 3.03682107e-040 1.01757335e-049 4.06180198e-058
  1.00000000e+000]
 [4.20600405e-016 2.68207106e-029 8.20987945e-026 2.98510315e-048
  5.66963737e-058 3.25790989e-032 2.66590794e-008 3.68015307e-010
  1.22759761e-030 3.40600184e-043 9.61885505e-052 1.74196110e-027
  6.71903431e-051 1.62483107e-027 2.02556732e-027 5.19851367e-042
  3.03682107e-040 1.00000000e+000 1.30252890e-022 1.15612421e-025
  1.00000000e+000]
 [1.70045672e-010 6.99737865e-019 2.41999802e-022 2.19952647e-034
  2.68941353e-043 2.15765830e-047 6.66275839e-042 2.53567672e-040
  1.30284212e-032 7.15420605e-033 2.24915825e-077 9.68643905e-063
  2.59567285e-026 1.54844063e-056 3.49327524e-060 6.69325710e-036
  1.01757335e-049 1.30252890e-022 1.00000000e+000 5.21836004e-047
  1.00000000e+000]
 [9.29636425e-026 1.45408513e-060 1.53811953e-025 2.92388725e-035
  2.00511982e-070 2.68122359e-046 2.34445269e-043 2.40547749e-050
  1.98075581e-054 2.43010854e-041 1.11538688e-036 4.24335613e-031
  3.88539446e-039 5.60336024e-040 1.01362631e-021 2.27343686e-055
  4.06180198e-058 1.15612421e-025 5.21836004e-047 1.00000000e+000
  1.00000000e+000]
 [1.00000000e+000 1.00000000e+000 1.00000000e+000 1.00000000e+000
  1.00000000e+000 1.00000000e+000 1.00000000e+000 1.00000000e+000
  1.00000000e+000 1.00000000e+000 1.00000000e+000 1.00000000e+000
  1.00000000e+000 1.00000000e+000 1.00000000e+000 1.00000000e+000
  1.00000000e+000 1.00000000e+000 1.00000000e+000 1.00000000e+000
  0.00000000e+000]]
