[[1.00000000e+00 2.05839138e-24 2.64026488e-21 2.30151596e-11
  1.34712912e-36 8.42080087e-72 3.35834699e-52 1.51365682e-74
  4.42767115e-36 1.11871924e-30 6.00877536e-32 7.92606667e-30
  5.27023839e-66 2.02645751e-21 1.99378068e-83 2.41537549e-51
  1.78998131e-63 3.61961170e-22 2.41681212e-27 5.69631722e-42
  1.00000000e+00]
 [2.05839138e-24 1.00000000e+00 6.92790833e-25 1.25914868e-11
  1.41760911e-72 5.82409691e-48 2.26919444e-60 5.29368982e-70
  4.78142893e-29 1.17214569e-58 2.93912248e-26 2.61719303e-27
  7.78076195e-66 3.83093122e-31 3.15468945e-62 3.32266731e-42
  8.01347868e-51 7.02824526e-39 7.85968261e-11 1.60785724e-45
  1.00000000e+00]
 [2.64026488e-21 6.92790833e-25 1.00000000e+00 2.35770906e-29
  1.26054672e-39 3.47852778e-31 8.73979414e-62 2.04805250e-81
  4.71147699e-13 7.86250583e-25 2.10657082e-28 4.86499368e-23
  1.64460917e-94 3.34828929e-37 2.82949226e-41 2.45967879e-34
  4.72701251e-54 2.81234928e-32 7.51590887e-26 3.47607588e-37
  1.00000000e+00]
 [2.30151596e-11 1.25914868e-11 2.35770906e-29 1.00000000e+00
  9.87340875e-58 3.68949488e-54 6.80564706e-45 1.04937228e-53
  1.22870634e-33 1.29359508e-36 4.16998097e-15 2.97122854e-23
  1.18141576e-52 1.23431995e-13 8.19873442e-81 5.91668857e-43
  3.52608674e-54 4.93924249e-19 1.25846139e-10 3.14560311e-55
  1.00000000e+00]
 [1.34712912e-36 1.41760911e-72 1.26054672e-39 9.87340875e-58
  1.00000000e+00 4.11265898e-60 4.37487651e-24 3.76190860e-58
  8.48507461e-41 2.89635892e-40 5.07508562e-56 3.27033628e-54
  2.77619290e-53 3.84874222e-43 2.47991019e-42 3.91624098e-69
  2.99060662e-31 5.91894343e-51 1.12101829e-69 8.53699350e-37
  1.00000000e+00]
 [8.42080087e-72 5.82409691e-48 3.47852778e-31 3.68949488e-54
  4.11265898e-60 1.00000000e+00 6.22256718e-48 1.33993997e-56
  1.68337427e-16 5.16394295e-42 2.55467214e-23 1.38143270e-42
  5.90150509e-87 6.32773923e-54 8.27577037e-20 4.65984349e-41
  3.77946999e-32 2.49793227e-50 1.39070321e-33 2.35905846e-72
  1.00000000e+00]
 [3.35834699e-52 2.26919444e-60 8.73979414e-62 6.80564706e-45
  4.37487651e-24 6.22256718e-48 1.00000000e+00 2.28186805e-17
  4.78233881e-48 7.18282093e-63 8.09032724e-44 2.80493446e-42
  3.76859442e-17 8.60421859e-28 4.43458650e-42 1.93724833e-71
  2.48149154e-14 2.94338396e-59 7.82442157e-59 2.13636318e-48
  1.00000000e+00]
 [1.51365682e-74 5.29368982e-70 2.04805250e-81 1.04937228e-53
  3.76190860e-58 1.33993997e-56 2.28186805e-17 1.00000000e+00
  2.27764830e-80 7.23092973e-77 5.66560894e-49 5.20360346e-42
  3.87428089e-15 1.75273358e-21 5.22277967e-65 1.09770745e-51
  2.37432310e-27 3.65246993e-69 5.25537080e-70 1.10680841e-53
  1.00000000e+00]
 [4.42767115e-36 4.78142893e-29 4.71147699e-13 1.22870634e-33
  8.48507461e-41 1.68337427e-16 4.78233881e-48 2.27764830e-80
  1.00000000e+00 2.71432583e-31 1.44422988e-21 2.48302441e-38
  1.25479258e-90 1.05060741e-50 7.93054571e-28 1.31747783e-54
  1.41521245e-39 2.28068800e-35 5.73925556e-20 1.43001879e-62
  1.00000000e+00]
 [1.11871924e-30 1.17214569e-58 7.86250583e-25 1.29359508e-36
  2.89635892e-40 5.16394295e-42 7.18282093e-63 7.23092973e-77
  2.71432583e-31 1.00000000e+00 4.86008849e-18 1.30577278e-50
  1.34057827e-96 2.40188833e-37 1.81749117e-74 1.10443027e-34
  1.60204390e-65 2.34037645e-09 4.02931339e-33 5.52015453e-77
  1.00000000e+00]
 [6.00877536e-32 2.93912248e-26 2.10657082e-28 4.16998097e-15
  5.07508562e-56 2.55467214e-23 8.09032724e-44 5.66560894e-49
  1.44422988e-21 4.86008849e-18 1.00000000e+00 3.52010654e-36
  7.92112808e-64 5.58579816e-24 3.74706054e-59 1.19526357e-27
  3.05911821e-41 1.65208118e-09 3.23491863e-07 1.28497542e-72
  1.00000000e+00]
 [7.92606667e-30 2.61719303e-27 4.86499368e-23 2.97122854e-23
  3.27033628e-54 1.38143270e-42 2.80493446e-42 5.20360346e-42
  2.48302441e-38 1.30577278e-50 3.52010654e-36 1.00000000e+00
  3.26380732e-62 2.61319828e-15 6.98840620e-58 7.06578619e-44
  8.60054237e-55 1.54403222e-52 5.38724698e-39 1.07836787e-33
  1.00000000e+00]
 [5.27023839e-66 7.78076195e-66 1.64460917e-94 1.18141576e-52
  2.77619290e-53 5.90150509e-87 3.76859442e-17 3.87428089e-15
  1.25479258e-90 1.34057827e-96 7.92112808e-64 3.26380732e-62
  1.00000000e+00 7.65997174e-30 3.85752590e-77 8.40070399e-72
  6.77332697e-25 4.74694450e-75 4.05581487e-74 1.78762343e-48
  1.00000000e+00]
 [2.02645751e-21 3.83093122e-31 3.34828929e-37 1.23431995e-13
  3.84874222e-43 6.32773923e-54 8.60421859e-28 1.75273358e-21
  1.05060741e-50 2.40188833e-37 5.58579816e-24 2.61319828e-15
  7.65997174e-30 1.00000000e+00 6.97946653e-73 1.54394206e-30
  1.46510775e-41 2.24261169e-28 6.24737486e-33 1.47376325e-35
  1.00000000e+00]
 [1.99378068e-83 3.15468945e-62 2.82949226e-41 8.19873442e-81
  2.47991019e-42 8.27577037e-20 4.43458650e-42 5.22277967e-65
  7.93054571e-28 1.81749117e-74 3.74706054e-59 6.98840620e-58
  3.85752590e-77 6.97946653e-73 1.00000000e+00 2.07320074e-63
  1.40841195e-18 2.40953169e-85 8.75994216e-65 1.37588552e-46
  1.00000000e+00]
 [2.41537549e-51 3.32266731e-42 2.45967879e-34 5.91668857e-43
  3.91624098e-69 4.65984349e-41 1.93724833e-71 1.09770745e-51
  1.31747783e-54 1.10443027e-34 1.19526357e-27 7.06578619e-44
  8.40070399e-72 1.54394206e-30 2.07320074e-63 1.00000000e+00
  7.36523229e-50 7.86971531e-31 4.09342832e-36 9.37890929e-45
  1.00000000e+00]
 [1.78998131e-63 8.01347868e-51 4.72701251e-54 3.52608674e-54
  2.99060662e-31 3.77946999e-32 2.48149154e-14 2.37432310e-27
  1.41521245e-39 1.60204390e-65 3.05911821e-41 8.60054237e-55
  6.77332697e-25 1.46510775e-41 1.40841195e-18 7.36523229e-50
  1.00000000e+00 2.70977797e-59 3.81591095e-50 3.72198880e-39
  1.00000000e+00]
 [3.61961170e-22 7.02824526e-39 2.81234928e-32 4.93924249e-19
  5.91894343e-51 2.49793227e-50 2.94338396e-59 3.65246993e-69
  2.28068800e-35 2.34037645e-09 1.65208118e-09 1.54403222e-52
  4.74694450e-75 2.24261169e-28 2.40953169e-85 7.86971531e-31
  2.70977797e-59 1.00000000e+00 1.43715277e-16 1.72164306e-76
  1.00000000e+00]
 [2.41681212e-27 7.85968261e-11 7.51590887e-26 1.25846139e-10
  1.12101829e-69 1.39070321e-33 7.82442157e-59 5.25537080e-70
  5.73925556e-20 4.02931339e-33 3.23491863e-07 5.38724698e-39
  4.05581487e-74 6.24737486e-33 8.75994216e-65 4.09342832e-36
  3.81591095e-50 1.43715277e-16 1.00000000e+00 2.35564405e-71
  1.00000000e+00]
 [5.69631722e-42 1.60785724e-45 3.47607588e-37 3.14560311e-55
  8.53699350e-37 2.35905846e-72 2.13636318e-48 1.10680841e-53
  1.43001879e-62 5.52015453e-77 1.28497542e-72 1.07836787e-33
  1.78762343e-48 1.47376325e-35 1.37588552e-46 9.37890929e-45
  3.72198880e-39 1.72164306e-76 2.35564405e-71 1.00000000e+00
  1.00000000e+00]
 [1.00000000e+00 1.00000000e+00 1.00000000e+00 1.00000000e+00
  1.00000000e+00 1.00000000e+00 1.00000000e+00 1.00000000e+00
  1.00000000e+00 1.00000000e+00 1.00000000e+00 1.00000000e+00
  1.00000000e+00 1.00000000e+00 1.00000000e+00 1.00000000e+00
  1.00000000e+00 1.00000000e+00 1.00000000e+00 1.00000000e+00
  0.00000000e+00]]
