[[1.00000000e+000 3.09703400e-028 8.00370025e-074 7.82732076e-045
  1.31502191e-036 2.11356213e-031 2.94599190e-024 7.56114555e-020
  8.80199964e-062 1.08699661e-017 1.03553770e-051 1.14502281e-023
  3.48110478e-066 1.41934050e-049 2.94965418e-088 1.85611798e-054
  3.25698992e-067 1.08799440e-063 2.52031257e-038 2.80183999e-089
  1.00000000e+000]
 [3.09703400e-028 1.00000000e+000 1.12245457e-054 3.92328344e-062
  5.71897332e-025 4.52474355e-031 2.55143608e-030 9.98522288e-023
  2.55603101e-023 1.15279285e-029 7.92169081e-020 6.10989868e-043
  6.95166366e-022 1.42733542e-028 9.01830869e-048 1.19983174e-053
  1.63725584e-063 1.04385676e-034 1.84669843e-034 5.21640367e-041
  1.00000000e+000]
 [8.00370025e-074 1.12245457e-054 1.00000000e+000 1.17727961e-032
  3.13869279e-072 6.81734872e-017 6.19009273e-041 1.71997745e-055
  1.85662448e-077 5.71527621e-051 2.85728694e-055 3.90188096e-051
  2.13936611e-056 1.27315646e-026 4.52177341e-102 9.71144833e-085
  3.23156040e-043 2.81948430e-043 1.68592133e-044 7.08125240e-040
  1.00000000e+000]
 [7.82732076e-045 3.92328344e-062 1.17727961e-032 1.00000000e+000
  4.15784148e-058 3.17752136e-024 1.16151440e-016 3.49906006e-064
  7.10085055e-101 6.36672947e-038 1.24750291e-054 1.62210628e-015
  2.64067663e-054 1.23152945e-022 3.39997660e-075 3.68602024e-038
  7.01538790e-022 3.99819360e-030 4.62278034e-023 1.75783906e-066
  1.00000000e+000]
 [1.31502191e-036 5.71897332e-025 3.13869279e-072 4.15784148e-058
  1.00000000e+000 3.69723214e-036 8.91973044e-035 3.11358848e-057
  7.84119140e-074 4.86713345e-050 6.05483302e-059 6.28424367e-059
  3.22607799e-056 2.83673770e-038 6.92774268e-067 3.13875351e-069
  3.09020502e-062 3.49412179e-047 8.37723317e-038 3.46802309e-072
  1.00000000e+000]
 [2.11356213e-031 4.52474355e-031 6.81734872e-017 3.17752136e-024
  3.69723214e-036 1.00000000e+000 1.29537821e-025 2.11114934e-033
  4.38569772e-074 6.41474665e-036 8.11439317e-039 2.63933766e-024
  9.71979139e-048 2.90213684e-019 5.06957188e-080 6.01013298e-068
  5.55105197e-052 2.93503121e-044 3.99052570e-029 4.11225167e-055
  1.00000000e+000]
 [2.94599190e-024 2.55143608e-030 6.19009273e-041 1.16151440e-016
  8.91973044e-035 1.29537821e-025 1.00000000e+000 9.20345924e-028
  6.79162966e-047 6.46128220e-010 6.87323673e-031 1.52279230e-015
  9.00403785e-042 1.03959841e-030 1.71578870e-045 9.91046183e-016
  3.38119605e-014 1.16162356e-015 1.22628553e-004 6.11958223e-035
  1.00000000e+000]
 [7.56114555e-020 9.98522288e-023 1.71997745e-055 3.49906006e-064
  3.11358848e-057 2.11114934e-033 9.20345924e-028 1.00000000e+000
  4.22334014e-025 2.44958761e-011 9.23416494e-036 1.71629814e-037
  1.05591493e-062 9.43790464e-062 1.63797878e-082 2.70566782e-057
  6.24639923e-066 6.31736655e-058 1.51112234e-035 4.68491242e-049
  1.00000000e+000]
 [8.80199964e-062 2.55603101e-023 1.85662448e-077 7.10085055e-101
  7.84119140e-074 4.38569772e-074 6.79162966e-047 4.22334014e-025
  1.00000000e+000 2.11377930e-030 6.34406150e-036 1.35954171e-077
  4.62020122e-048 9.43567573e-074 2.07209945e-066 4.28843922e-059
  3.00942888e-068 1.32968029e-046 2.15872081e-051 4.94838119e-028
  1.00000000e+000]
 [1.08699661e-017 1.15279285e-029 5.71527621e-051 6.36672947e-038
  4.86713345e-050 6.41474665e-036 6.46128220e-010 2.44958761e-011
  2.11377930e-030 1.00000000e+000 6.72865841e-042 8.24793620e-028
  6.95839900e-059 1.11372385e-050 6.01842863e-074 6.64124034e-032
  2.14969289e-030 2.40195281e-036 5.57663775e-021 1.70848489e-043
  1.00000000e+000]
 [1.03553770e-051 7.92169081e-020 2.85728694e-055 1.24750291e-054
  6.05483302e-059 8.11439317e-039 6.87323673e-031 9.23416494e-036
  6.34406150e-036 6.72865841e-042 1.00000000e+000 1.94983888e-028
  1.69194109e-012 4.16018121e-033 6.34992347e-019 1.16373688e-031
  6.63205752e-060 1.36550632e-023 5.56387006e-024 4.44696072e-029
  1.00000000e+000]
 [1.14502281e-023 6.10989868e-043 3.90188096e-051 1.62210628e-015
  6.28424367e-059 2.63933766e-024 1.52279230e-015 1.71629814e-037
  1.35954171e-077 8.24793620e-028 1.94983888e-028 1.00000000e+000
  1.82946622e-042 6.27498001e-031 1.29508226e-053 8.57756208e-027
  2.93393266e-044 2.81745359e-036 3.09887685e-019 4.32457412e-067
  1.00000000e+000]
 [3.48110478e-066 6.95166366e-022 2.13936611e-056 2.64067663e-054
  3.22607799e-056 9.71979139e-048 9.00403785e-042 1.05591493e-062
  4.62020122e-048 6.95839900e-059 1.69194109e-012 1.82946622e-042
  1.00000000e+000 2.44709196e-017 2.27316983e-026 1.70918264e-043
  2.48942731e-059 5.44988144e-020 1.09567492e-039 1.53480469e-039
  1.00000000e+000]
 [1.41934050e-049 1.42733542e-028 1.27315646e-026 1.23152945e-022
  2.83673770e-038 2.90213684e-019 1.03959841e-030 9.43790464e-062
  9.43567573e-074 1.11372385e-050 4.16018121e-033 6.27498001e-031
  2.44709196e-017 1.00000000e+000 4.86442783e-058 5.21364775e-056
  5.97527870e-043 2.81617831e-024 1.96349457e-035 9.95076278e-053
  1.00000000e+000]
 [2.94965418e-088 9.01830869e-048 4.52177341e-102 3.39997660e-075
  6.92774268e-067 5.06957188e-080 1.71578870e-045 1.63797878e-082
  2.07209945e-066 6.01842863e-074 6.34992347e-019 1.29508226e-053
  2.27316983e-026 4.86442783e-058 1.00000000e+000 8.79431196e-025
  7.57204885e-065 9.51439573e-024 6.69727893e-030 1.49700551e-043
  1.00000000e+000]
 [1.85611798e-054 1.19983174e-053 9.71144833e-085 3.68602024e-038
  3.13875351e-069 6.01013298e-068 9.91046183e-016 2.70566782e-057
  4.28843922e-059 6.64124034e-032 1.16373688e-031 8.57756208e-027
  1.70918264e-043 5.21364775e-056 8.79431196e-025 1.00000000e+000
  9.13786701e-026 3.65538889e-017 1.84791915e-013 8.42275335e-045
  1.00000000e+000]
 [3.25698992e-067 1.63725584e-063 3.23156040e-043 7.01538790e-022
  3.09020502e-062 5.55105197e-052 3.38119605e-014 6.24639923e-066
  3.00942888e-068 2.14969289e-030 6.63205752e-060 2.93393266e-044
  2.48942731e-059 5.97527870e-043 7.57204885e-065 9.13786701e-026
  1.00000000e+000 1.80132715e-014 2.59198054e-018 2.93246492e-034
  1.00000000e+000]
 [1.08799440e-063 1.04385676e-034 2.81948430e-043 3.99819360e-030
  3.49412179e-047 2.93503121e-044 1.16162356e-015 6.31736655e-058
  1.32968029e-046 2.40195281e-036 1.36550632e-023 2.81745359e-036
  5.44988144e-020 2.81617831e-024 9.51439573e-024 3.65538889e-017
  1.80132715e-014 1.00000000e+000 1.74526550e-012 3.38160033e-018
  1.00000000e+000]
 [2.52031257e-038 1.84669843e-034 1.68592133e-044 4.62278034e-023
  8.37723317e-038 3.99052570e-029 1.22628553e-004 1.51112234e-035
  2.15872081e-051 5.57663775e-021 5.56387006e-024 3.09887685e-019
  1.09567492e-039 1.96349457e-035 6.69727893e-030 1.84791915e-013
  2.59198054e-018 1.74526550e-012 1.00000000e+000 3.38903622e-027
  1.00000000e+000]
 [2.80183999e-089 5.21640367e-041 7.08125240e-040 1.75783906e-066
  3.46802309e-072 4.11225167e-055 6.11958223e-035 4.68491242e-049
  4.94838119e-028 1.70848489e-043 4.44696072e-029 4.32457412e-067
  1.53480469e-039 9.95076278e-053 1.49700551e-043 8.42275335e-045
  2.93246492e-034 3.38160033e-018 3.38903622e-027 1.00000000e+000
  1.00000000e+000]
 [1.00000000e+000 1.00000000e+000 1.00000000e+000 1.00000000e+000
  1.00000000e+000 1.00000000e+000 1.00000000e+000 1.00000000e+000
  1.00000000e+000 1.00000000e+000 1.00000000e+000 1.00000000e+000
  1.00000000e+000 1.00000000e+000 1.00000000e+000 1.00000000e+000
  1.00000000e+000 1.00000000e+000 1.00000000e+000 1.00000000e+000
  0.00000000e+000]]
