[[1.00000000e+00 9.60579612e-62 7.77671246e-26 ... 9.22188546e-55
  1.24186483e-30 1.00000000e+00]
 [9.60579612e-62 1.00000000e+00 2.52998435e-23 ... 5.68417161e-28
  3.03331614e-38 1.00000000e+00]
 [7.77671246e-26 2.52998435e-23 1.00000000e+00 ... 4.22448734e-57
  4.87239966e-28 1.00000000e+00]
 ...
 [9.22188546e-55 5.68417161e-28 4.22448734e-57 ... 1.00000000e+00
  3.95208817e-42 1.00000000e+00]
 [1.24186483e-30 3.03331614e-38 4.87239966e-28 ... 3.95208817e-42
  1.00000000e+00 1.00000000e+00]
 [1.00000000e+00 1.00000000e+00 1.00000000e+00 ... 1.00000000e+00
  1.00000000e+00 0.00000000e+00]]
