[[1.00000000e+000 1.43263917e-026 4.78509479e-033 2.19981227e-025
  2.30189470e-029 2.44044347e-031 4.29465062e-027 1.50559333e-017
  3.13516893e-021 4.87730448e-020 7.55391227e-038 2.84387610e-025
  4.37778116e-014 7.04923757e-026 2.26431401e-024 2.22448524e-025
  2.18085516e-057 3.09371604e-018 2.23884536e-022 6.33610544e-040
  1.00000000e+000]
 [1.43263917e-026 1.00000000e+000 8.27002878e-064 9.13839696e-062
  1.85628985e-028 1.21243828e-043 9.48314508e-057 1.77678982e-059
  9.61134872e-011 3.37911621e-035 2.18980334e-026 2.31651332e-028
  6.62023140e-056 4.74630357e-041 4.00475177e-028 9.64862722e-018
  3.34756697e-079 1.38075541e-043 1.89990946e-017 5.23707765e-056
  1.00000000e+000]
 [4.78509479e-033 8.27002878e-064 1.00000000e+000 4.24210318e-045
  5.07710433e-078 1.18936428e-021 2.18869983e-053 6.85235130e-030
  6.11347506e-057 8.36646071e-026 7.13572541e-045 2.52898613e-060
  1.99417830e-033 1.98061770e-055 7.04788347e-045 1.66732452e-061
  1.19308095e-110 1.42851508e-022 7.23217685e-045 2.50430860e-042
  1.00000000e+000]
 [2.19981227e-025 9.13839696e-062 4.24210318e-045 1.00000000e+000
  3.48591969e-033 7.97321534e-030 1.29834108e-055 2.15482522e-014
  1.44328974e-039 2.83690432e-033 3.79449719e-074 2.69948048e-090
  4.32776238e-058 4.58235990e-062 3.98645727e-055 3.41778513e-087
  6.45350020e-085 9.56951523e-039 1.00560047e-076 7.01639177e-057
  1.00000000e+000]
 [2.30189470e-029 1.85628985e-028 5.07710433e-078 3.48591969e-033
  1.00000000e+000 2.00705735e-040 6.69923100e-076 9.04016701e-055
  2.58463894e-033 1.23551764e-052 7.31260574e-082 7.21982353e-068
  1.60182854e-065 3.70428710e-077 3.58751871e-049 4.02587735e-055
  5.61827452e-101 2.41726458e-040 6.22496079e-067 8.08660520e-095
  1.00000000e+000]
 [2.44044347e-031 1.21243828e-043 1.18936428e-021 7.97321534e-030
  2.00705735e-040 1.00000000e+000 4.38751809e-037 3.25941150e-028
  1.75707567e-041 1.48246718e-011 1.44846222e-048 5.07242147e-062
  8.97231600e-051 2.98969549e-074 6.53881769e-030 1.40019032e-054
  3.71238554e-078 2.66008726e-036 8.05833314e-055 2.47117371e-037
  1.00000000e+000]
 [4.29465062e-027 9.48314508e-057 2.18869983e-053 1.29834108e-055
  6.69923100e-076 4.38751809e-037 1.00000000e+000 3.29217583e-031
  1.77492745e-045 1.63744312e-012 1.64215597e-046 1.50501173e-039
  9.07882700e-039 3.15664083e-060 6.24718814e-024 1.74342570e-037
  1.04166117e-026 2.25612570e-065 3.46845050e-041 1.00807638e-015
  1.00000000e+000]
 [1.50559333e-017 1.77678982e-059 6.85235130e-030 2.15482522e-014
  9.04016701e-055 3.25941150e-028 3.29217583e-031 1.00000000e+000
  7.92608720e-045 9.06081727e-017 2.86526706e-043 5.18754238e-055
  1.91824598e-029 1.23076312e-032 1.34984131e-053 2.72276637e-070
  7.12449657e-047 1.99253765e-044 1.24379793e-053 9.62616733e-037
  1.00000000e+000]
 [3.13516893e-021 9.61134872e-011 6.11347506e-057 1.44328974e-039
  2.58463894e-033 1.75707567e-041 1.77492745e-045 7.92608720e-045
  1.00000000e+000 1.22723892e-028 5.48907836e-031 2.04266935e-046
  7.67767769e-061 8.02570836e-041 4.25961097e-019 1.13013375e-027
  9.14687968e-078 1.98033193e-037 2.87088731e-021 1.34445598e-034
  1.00000000e+000]
 [4.87730448e-020 3.37911621e-035 8.36646071e-026 2.83690432e-033
  1.23551764e-052 1.48246718e-011 1.63744312e-012 9.06081727e-017
  1.22723892e-028 1.00000000e+000 3.34780987e-024 1.78393092e-037
  2.83383199e-036 3.31368020e-044 1.55752672e-021 2.03044904e-037
  4.68179205e-039 2.55160657e-044 1.16037191e-031 6.82899318e-013
  1.00000000e+000]
 [7.55391227e-038 2.18980334e-026 7.13572541e-045 3.79449719e-074
  7.31260574e-082 1.44846222e-048 1.64215597e-046 2.86526706e-043
  5.48907836e-031 3.34780987e-024 1.00000000e+000 4.87991833e-026
  2.91844146e-049 6.66551425e-020 7.28792450e-048 1.44311640e-037
  5.15457618e-057 7.03822491e-066 2.48844218e-015 5.44444350e-032
  1.00000000e+000]
 [2.84387610e-025 2.31651332e-028 2.52898613e-060 2.69948048e-090
  7.21982353e-068 5.07242147e-062 1.50501173e-039 5.18754238e-055
  2.04266935e-046 1.78393092e-037 4.87991833e-026 1.00000000e+000
  7.18078026e-020 8.19376406e-027 1.15256834e-044 1.88873264e-014
  2.59255753e-052 4.26022537e-056 1.29328378e-013 1.71024315e-059
  1.00000000e+000]
 [4.37778116e-014 6.62023140e-056 1.99417830e-033 4.32776238e-058
  1.60182854e-065 8.97231600e-051 9.07882700e-039 1.91824598e-029
  7.67767769e-061 2.83383199e-036 2.91844146e-049 7.18078026e-020
  1.00000000e+000 5.14516482e-030 2.64132528e-051 3.86250983e-037
  7.32572779e-068 5.31270421e-031 2.21451245e-032 9.60222159e-063
  1.00000000e+000]
 [7.04923757e-026 4.74630357e-041 1.98061770e-055 4.58235990e-062
  3.70428710e-077 2.98969549e-074 3.15664083e-060 1.23076312e-032
  8.02570836e-041 3.31368020e-044 6.66551425e-020 8.19376406e-027
  5.14516482e-030 1.00000000e+000 4.55438199e-071 3.39406808e-051
  1.03406753e-061 5.49529456e-058 5.74881213e-024 3.28974626e-059
  1.00000000e+000]
 [2.26431401e-024 4.00475177e-028 7.04788347e-045 3.98645727e-055
  3.58751871e-049 6.53881769e-030 6.24718814e-024 1.34984131e-053
  4.25961097e-019 1.55752672e-021 7.28792450e-048 1.15256834e-044
  2.64132528e-051 4.55438199e-071 1.00000000e+000 1.89428453e-016
  8.78187125e-081 3.37840982e-032 3.13113559e-025 8.74442596e-024
  1.00000000e+000]
 [2.22448524e-025 9.64862722e-018 1.66732452e-061 3.41778513e-087
  4.02587735e-055 1.40019032e-054 1.74342570e-037 2.72276637e-070
  1.13013375e-027 2.03044904e-037 1.44311640e-037 1.88873264e-014
  3.86250983e-037 3.39406808e-051 1.89428453e-016 1.00000000e+000
  2.42357552e-077 3.52862953e-041 5.44664241e-010 5.28112778e-049
  1.00000000e+000]
 [2.18085516e-057 3.34756697e-079 1.19308095e-110 6.45350020e-085
  5.61827452e-101 3.71238554e-078 1.04166117e-026 7.12449657e-047
  9.14687968e-078 4.68179205e-039 5.15457618e-057 2.59255753e-052
  7.32572779e-068 1.03406753e-061 8.78187125e-081 2.42357552e-077
  1.00000000e+000 7.75485365e-132 1.03791764e-074 1.84021909e-053
  1.00000000e+000]
 [3.09371604e-018 1.38075541e-043 1.42851508e-022 9.56951523e-039
  2.41726458e-040 2.66008726e-036 2.25612570e-065 1.99253765e-044
  1.98033193e-037 2.55160657e-044 7.03822491e-066 4.26022537e-056
  5.31270421e-031 5.49529456e-058 3.37840982e-032 3.52862953e-041
  7.75485365e-132 1.00000000e+000 3.31089752e-038 4.03989881e-066
  1.00000000e+000]
 [2.23884536e-022 1.89990946e-017 7.23217685e-045 1.00560047e-076
  6.22496079e-067 8.05833314e-055 3.46845050e-041 1.24379793e-053
  2.87088731e-021 1.16037191e-031 2.48844218e-015 1.29328378e-013
  2.21451245e-032 5.74881213e-024 3.13113559e-025 5.44664241e-010
  1.03791764e-074 3.31089752e-038 1.00000000e+000 6.67480219e-037
  1.00000000e+000]
 [6.33610544e-040 5.23707765e-056 2.50430860e-042 7.01639177e-057
  8.08660520e-095 2.47117371e-037 1.00807638e-015 9.62616733e-037
  1.34445598e-034 6.82899318e-013 5.44444350e-032 1.71024315e-059
  9.60222159e-063 3.28974626e-059 8.74442596e-024 5.28112778e-049
  1.84021909e-053 4.03989881e-066 6.67480219e-037 1.00000000e+000
  1.00000000e+000]
 [1.00000000e+000 1.00000000e+000 1.00000000e+000 1.00000000e+000
  1.00000000e+000 1.00000000e+000 1.00000000e+000 1.00000000e+000
  1.00000000e+000 1.00000000e+000 1.00000000e+000 1.00000000e+000
  1.00000000e+000 1.00000000e+000 1.00000000e+000 1.00000000e+000
  1.00000000e+000 1.00000000e+000 1.00000000e+000 1.00000000e+000
  0.00000000e+000]]
