[[1.00000000e+000 1.02429267e-031 1.08450870e-009 1.32140803e-065
  6.01567820e-012 4.03187189e-051 2.64036604e-019 7.94269532e-031
  1.89758542e-041 9.46827007e-054 5.35037912e-060 3.06810700e-013
  5.64778879e-034 1.74881112e-044 1.36131529e-029 3.90387816e-059
  7.12341002e-018 8.44308568e-030 1.28781633e-034 2.77941349e-033
  6.26938825e-013 2.42733298e-016 5.24173832e-028 3.32059795e-027
  3.95861302e-026 2.78490073e-025 7.31318799e-029 1.89481867e-021
  3.44097109e-037 6.15249445e-011 1.00000000e+000]
 [1.02429267e-031 1.00000000e+000 7.71787971e-035 2.17049374e-027
  2.35219106e-030 9.53192621e-043 9.01496982e-030 1.96903167e-035
  3.80054425e-020 1.07428889e-051 2.54159993e-026 6.05193381e-058
  1.00320638e-030 1.61799394e-034 5.05496953e-060 1.59271364e-035
  3.95461445e-021 5.04297935e-050 1.34517322e-022 4.42137236e-035
  3.07155105e-042 7.54390201e-020 4.41684902e-021 2.96732736e-024
  2.04675880e-025 3.32201983e-027 7.20530129e-024 9.43838360e-040
  6.42498424e-036 6.42324203e-012 1.00000000e+000]
 [1.08450870e-009 7.71787971e-035 1.00000000e+000 7.98363128e-057
  9.89664629e-012 2.06742265e-046 9.82680303e-026 4.90189797e-034
  2.46211634e-047 1.73879677e-028 1.99564343e-056 3.74979301e-031
  4.07726419e-032 7.37715105e-057 2.14148777e-045 1.93753570e-051
  1.36820601e-022 3.65848010e-038 5.76542486e-051 1.96446561e-036
  7.24250164e-009 3.25221211e-007 1.96653118e-032 3.37112841e-039
  1.69752797e-030 3.37794268e-014 9.66972660e-045 4.60610989e-022
  8.88600401e-050 1.34124358e-012 1.00000000e+000]
 [1.32140803e-065 2.17049374e-027 7.98363128e-057 1.00000000e+000
  3.14621413e-068 6.98377344e-030 5.19638268e-079 1.25781654e-080
  1.61497195e-049 9.99839817e-087 2.97642285e-066 3.93239176e-096
  2.90999112e-041 4.58149792e-086 6.53590567e-093 4.55402198e-042
  2.52973912e-037 2.12647091e-081 6.38415553e-059 3.91542279e-050
  9.01928271e-065 4.50522184e-039 1.54560538e-076 1.29983305e-037
  8.36511765e-072 1.33575316e-048 1.23470709e-047 5.20415666e-051
  2.88813009e-059 3.78570605e-047 1.00000000e+000]
 [6.01567820e-012 2.35219106e-030 9.89664629e-012 3.14621413e-068
  1.00000000e+000 1.19415676e-043 2.41867415e-029 1.17096649e-028
  1.47127837e-031 9.60577545e-024 2.88449048e-036 2.01529925e-022
  2.88808351e-025 8.38942773e-023 3.28028046e-023 3.76635116e-033
  6.97608119e-039 1.35368968e-016 1.57044147e-029 3.23782676e-042
  2.11374801e-028 8.87883284e-019 1.32028805e-016 4.05108326e-027
  6.19876661e-021 3.63382629e-021 4.33189364e-023 2.06768770e-034
  2.80928618e-021 9.14751246e-007 1.00000000e+000]
 [4.03187189e-051 9.53192621e-043 2.06742265e-046 6.98377344e-030
  1.19415676e-043 1.00000000e+000 5.24066943e-101 1.69426633e-039
  1.15072406e-074 1.08030682e-068 3.26031622e-089 2.05082359e-073
  4.09049580e-007 8.06958729e-049 3.74863403e-051 4.83909830e-051
  7.12504953e-042 8.55473457e-038 2.90623315e-059 4.54168128e-051
  3.99811010e-049 5.35330844e-048 2.01158819e-081 2.11049835e-013
  9.00066394e-039 1.22434035e-059 5.87646758e-043 2.19574637e-040
  3.18483445e-035 1.07030049e-038 1.00000000e+000]
 [2.64036604e-019 9.01496982e-030 9.82680303e-026 5.19638268e-079
  2.41867415e-029 5.24066943e-101 1.00000000e+000 1.46247092e-063
  2.86222546e-026 4.24493130e-059 1.40632128e-036 6.19022735e-036
  5.90404991e-076 1.19726720e-066 7.58642875e-067 6.17565679e-062
  8.13741949e-035 5.30365517e-067 6.09475110e-039 6.42955794e-050
  4.83857212e-038 8.35533221e-020 8.41177321e-015 3.42594768e-064
  5.55673624e-051 3.19409258e-023 6.40722311e-043 4.92432251e-049
  2.06472415e-063 1.60114928e-020 1.00000000e+000]
 [7.94269532e-031 1.96903167e-035 4.90189797e-034 1.25781654e-080
  1.17096649e-028 1.69426633e-039 1.46247092e-063 1.00000000e+000
  9.48293676e-081 1.67235607e-050 1.14248711e-083 2.50127188e-059
  6.01546143e-018 4.18772479e-031 6.86348234e-052 1.05167724e-087
  2.25457421e-029 4.38752201e-038 5.20034948e-057 1.44373571e-050
  2.41828966e-025 3.72391305e-039 7.61218440e-050 1.34029352e-027
  4.28847719e-004 8.31494761e-054 5.46775585e-058 1.99416008e-038
  7.87608525e-055 9.49911089e-022 1.00000000e+000]
 [1.89758542e-041 3.80054425e-020 2.46211634e-047 1.61497195e-049
  1.47127837e-031 1.15072406e-074 2.86222546e-026 9.48293676e-081
  1.00000000e+000 4.80164220e-057 8.33570279e-008 2.82303293e-053
  7.16202448e-064 1.88598060e-041 4.99646360e-061 5.40517005e-018
  3.13522029e-058 1.69728927e-057 2.66104225e-014 9.78012365e-063
  2.99382016e-076 1.42464077e-035 5.88904607e-013 3.73089880e-047
  7.34375419e-059 1.14770281e-026 5.80569025e-016 2.79472261e-071
  7.62214866e-027 6.46322067e-025 1.00000000e+000]
 [9.46827007e-054 1.07428889e-051 1.73879677e-028 9.99839817e-087
  9.60577545e-024 1.08030682e-068 4.24493130e-059 1.67235607e-050
  4.80164220e-057 1.00000000e+000 3.62872404e-040 5.84250147e-086
  4.52926053e-051 3.90385160e-050 7.11819632e-083 2.60041466e-048
  1.97859826e-075 1.02289103e-061 1.82867547e-064 9.53144270e-088
  2.99969434e-054 2.68785509e-035 7.63150155e-034 3.70654650e-073
  5.73854275e-040 3.18405396e-023 4.37887269e-072 3.38472864e-077
  3.28262033e-062 4.56887601e-032 1.00000000e+000]
 [5.35037912e-060 2.54159993e-026 1.99564343e-056 2.97642285e-066
  2.88449048e-036 3.26031622e-089 1.40632128e-036 1.14248711e-083
  8.33570279e-008 3.62872404e-040 1.00000000e+000 1.96545508e-078
  2.55418015e-073 3.31699179e-041 1.43803986e-080 8.19101471e-021
  1.37011945e-078 1.00678784e-069 1.53863670e-025 7.62080386e-082
  2.56757909e-091 1.29264373e-043 1.46875474e-011 3.57739906e-066
  1.90078773e-060 1.75650345e-029 1.66091603e-033 2.23105445e-092
  1.44982249e-039 2.51925668e-031 1.00000000e+000]
 [3.06810700e-013 6.05193381e-058 3.74979301e-031 3.93239176e-096
  2.01529925e-022 2.05082359e-073 6.19022735e-036 2.50127188e-059
  2.82303293e-053 5.84250147e-086 1.96545508e-078 1.00000000e+000
  1.03892075e-051 1.21087772e-057 2.30739315e-012 6.50151340e-063
  2.44380360e-045 1.28957646e-020 1.28907411e-053 2.67456171e-033
  4.72183346e-040 1.14795627e-036 3.47596186e-045 1.79799232e-037
  1.70746899e-056 1.89677971e-059 1.52444397e-027 2.28481065e-028
  1.14135366e-038 8.47920869e-026 1.00000000e+000]
 [5.64778879e-034 1.00320638e-030 4.07726419e-032 2.90999112e-041
  2.88808351e-025 4.09049580e-007 5.90404991e-076 6.01546143e-018
  7.16202448e-064 4.52926053e-051 2.55418015e-073 1.03892075e-051
  1.00000000e+000 5.34228246e-031 1.58197417e-032 3.49928961e-047
  5.92652832e-031 5.75981941e-020 7.94540534e-051 9.57434600e-034
  1.60751339e-033 5.80819899e-033 1.32690888e-057 3.00363065e-008
  1.44216860e-019 4.58414789e-051 4.47279394e-034 5.29778767e-026
  3.34931353e-029 3.43690918e-020 1.00000000e+000]
 [1.74881112e-044 1.61799394e-034 7.37715105e-057 4.58149792e-086
  8.38942773e-023 8.06958729e-049 1.19726720e-066 4.18772479e-031
  1.88598060e-041 3.90385160e-050 3.31699179e-041 1.21087772e-057
  5.34228246e-031 1.00000000e+000 6.37851433e-039 8.41030335e-047
  7.07230294e-068 1.69606119e-028 1.66099362e-020 4.09791077e-077
  3.55154245e-073 1.07289138e-060 1.02210538e-027 3.25892356e-026
  7.53392154e-019 2.34736929e-054 3.43025381e-025 4.40498737e-076
  8.48268633e-015 1.88154138e-025 1.00000000e+000]
 [1.36131529e-029 5.05496953e-060 2.14148777e-045 6.53590567e-093
  3.28028046e-023 3.74863403e-051 7.58642875e-067 6.86348234e-052
  4.99646360e-061 7.11819632e-083 1.43803986e-080 2.30739315e-012
  1.58197417e-032 6.37851433e-039 1.00000000e+000 3.44899432e-050
  2.06469697e-060 1.13513824e-003 1.17011330e-056 9.80937877e-035
  2.55303552e-057 8.34592745e-050 1.26512428e-055 5.50030405e-024
  1.88949210e-051 5.17830319e-077 4.33082862e-022 1.05866957e-033
  2.35855518e-023 1.35298409e-028 1.00000000e+000]
 [3.90387816e-059 1.59271364e-035 1.93753570e-051 4.55402198e-042
  3.76635116e-033 4.83909830e-051 6.17565679e-062 1.05167724e-087
  5.40517005e-018 2.60041466e-048 8.19101471e-021 6.50151340e-063
  3.49928961e-047 8.41030335e-047 3.44899432e-050 1.00000000e+000
  3.16517772e-076 2.49449361e-041 2.66562264e-039 3.52164081e-057
  6.79558182e-087 2.91944518e-040 9.42648860e-037 2.15335880e-043
  2.37876718e-071 9.80253072e-042 9.10021301e-021 2.21702108e-066
  9.06718829e-023 2.43293468e-032 1.00000000e+000]
 [7.12341002e-018 3.95461445e-021 1.36820601e-022 2.52973912e-037
  6.97608119e-039 7.12504953e-042 8.13741949e-035 2.25457421e-029
  3.13522029e-058 1.97859826e-075 1.37011945e-078 2.44380360e-045
  5.92652832e-031 7.07230294e-068 2.06469697e-060 3.16517772e-076
  1.00000000e+000 1.37253509e-055 6.76935449e-053 1.19569999e-023
  1.17788875e-011 2.54568506e-016 2.11141383e-051 3.94932215e-027
  3.78511075e-030 1.83427057e-037 1.31860894e-046 4.50209049e-015
  3.32315544e-063 4.02674805e-020 1.00000000e+000]
 [8.44308568e-030 5.04297935e-050 3.65848010e-038 2.12647091e-081
  1.35368968e-016 8.55473457e-038 5.30365517e-067 4.38752201e-038
  1.69728927e-057 1.02289103e-061 1.00678784e-069 1.28957646e-020
  5.75981941e-020 1.69606119e-028 1.13513824e-003 2.49449361e-041
  1.37253509e-055 1.00000000e+000 6.03055093e-053 5.15196320e-033
  1.02892338e-050 4.97044030e-042 6.42314723e-049 7.04173450e-019
  4.85845829e-038 2.54324962e-066 1.72697625e-022 2.83057582e-031
  8.71993814e-020 1.79063026e-021 1.00000000e+000]
 [1.28781633e-034 1.34517322e-022 5.76542486e-051 6.38415553e-059
  1.57044147e-029 2.90623315e-059 6.09475110e-039 5.20034948e-057
  2.66104225e-014 1.82867547e-064 1.53863670e-025 1.28907411e-053
  7.94540534e-051 1.66099362e-020 1.17011330e-056 2.66562264e-039
  6.76935449e-053 6.03055093e-053 1.00000000e+000 8.88612132e-079
  6.00139198e-070 2.50817608e-050 3.43289476e-018 1.36669882e-031
  1.15595302e-035 1.72710528e-031 2.93522044e-015 8.42025834e-078
  1.96771622e-016 1.20709604e-026 1.00000000e+000]
 [2.77941349e-033 4.42137236e-035 1.96446561e-036 3.91542279e-050
  3.23782676e-042 4.54168128e-051 6.42955794e-050 1.44373571e-050
  9.78012365e-063 9.53144270e-088 7.62080386e-082 2.67456171e-033
  9.57434600e-034 4.09791077e-077 9.80937877e-035 3.52164081e-057
  1.19569999e-023 5.15196320e-033 8.88612132e-079 1.00000000e+000
  1.34188751e-034 1.20254231e-020 6.45212910e-063 2.76067155e-031
  5.29234098e-057 7.99192348e-068 2.02782109e-040 4.90258934e-006
  1.85433506e-061 5.41231057e-024 1.00000000e+000]
 [6.26938825e-013 3.07155105e-042 7.24250164e-009 9.01928271e-065
  2.11374801e-028 3.99811010e-049 4.83857212e-038 2.41828966e-025
  2.99382016e-076 2.99969434e-054 2.56757909e-091 4.72183346e-040
  1.60751339e-033 3.55154245e-073 2.55303552e-057 6.79558182e-087
  1.17788875e-011 1.02892338e-050 6.00139198e-070 1.34188751e-034
  1.00000000e+000 2.88108843e-015 7.75114281e-055 5.73877341e-041
  5.59448256e-029 7.85847442e-033 1.23529978e-063 3.09459555e-016
  1.93615474e-072 4.44571567e-022 1.00000000e+000]
 [2.42733298e-016 7.54390201e-020 3.25221211e-007 4.50522184e-039
  8.87883284e-019 5.35330844e-048 8.35533221e-020 3.72391305e-039
  1.42464077e-035 2.68785509e-035 1.29264373e-043 1.14795627e-036
  5.80819899e-033 1.07289138e-060 8.34592745e-050 2.91944518e-040
  2.54568506e-016 4.97044030e-042 2.50817608e-050 1.20254231e-020
  2.88108843e-015 1.00000000e+000 1.49483115e-028 3.15755583e-037
  8.73023170e-036 3.22163429e-017 1.23414735e-038 2.24297006e-016
  3.22044203e-052 3.46009826e-009 1.00000000e+000]
 [5.24173832e-028 4.41684902e-021 1.96653118e-032 1.54560538e-076
  1.32028805e-016 2.01158819e-081 8.41177321e-015 7.61218440e-050
  5.88904607e-013 7.63150155e-034 1.46875474e-011 3.47596186e-045
  1.32690888e-057 1.02210538e-027 1.26512428e-055 9.42648860e-037
  2.11141383e-051 6.42314723e-049 3.43289476e-018 6.45212910e-063
  7.75114281e-055 1.49483115e-028 1.00000000e+000 3.57587378e-050
  8.50571870e-033 2.39830595e-020 1.22413848e-027 3.39236997e-065
  2.45167947e-034 4.35642290e-014 1.00000000e+000]
 [3.32059795e-027 2.96732736e-024 3.37112841e-039 1.29983305e-037
  4.05108326e-027 2.11049835e-013 3.42594768e-064 1.34029352e-027
  3.73089880e-047 3.70654650e-073 3.57739906e-066 1.79799232e-037
  3.00363065e-008 3.25892356e-026 5.50030405e-024 2.15335880e-043
  3.94932215e-027 7.04173450e-019 1.36669882e-031 2.76067155e-031
  5.73877341e-041 3.15755583e-037 3.57587378e-050 1.00000000e+000
  1.11092144e-024 2.78818218e-053 8.31112950e-016 9.20325969e-028
  1.09642024e-016 2.48172169e-019 1.00000000e+000]
 [3.95861302e-026 2.04675880e-025 1.69752797e-030 8.36511765e-072
  6.19876661e-021 9.00066394e-039 5.55673624e-051 4.28847719e-004
  7.34375419e-059 5.73854275e-040 1.90078773e-060 1.70746899e-056
  1.44216860e-019 7.53392154e-019 1.88949210e-051 2.37876718e-071
  3.78511075e-030 4.85845829e-038 1.15595302e-035 5.29234098e-057
  5.59448256e-029 8.73023170e-036 8.50571870e-033 1.11092144e-024
  1.00000000e+000 3.70139071e-038 8.51181336e-045 4.44482971e-046
  1.83020287e-040 4.37356073e-016 1.00000000e+000]
 [2.78490073e-025 3.32201983e-027 3.37794268e-014 1.33575316e-048
  3.63382629e-021 1.22434035e-059 3.19409258e-023 8.31494761e-054
  1.14770281e-026 3.18405396e-023 1.75650345e-029 1.89677971e-059
  4.58414789e-051 2.34736929e-054 5.17830319e-077 9.80253072e-042
  1.83427057e-037 2.54324962e-066 1.72710528e-031 7.99192348e-068
  7.85847442e-033 3.22163429e-017 2.39830595e-020 2.78818218e-053
  3.70139071e-038 1.00000000e+000 3.27178640e-045 2.22560625e-056
  1.03108672e-048 9.30138032e-021 1.00000000e+000]
 [7.31318799e-029 7.20530129e-024 9.66972660e-045 1.23470709e-047
  4.33189364e-023 5.87646758e-043 6.40722311e-043 5.46775585e-058
  5.80569025e-016 4.37887269e-072 1.66091603e-033 1.52444397e-027
  4.47279394e-034 3.43025381e-025 4.33082862e-022 9.10021301e-021
  1.31860894e-046 1.72697625e-022 2.93522044e-015 2.02782109e-040
  1.23529978e-063 1.23414735e-038 1.22413848e-027 8.31112950e-016
  8.51181336e-045 3.27178640e-045 1.00000000e+000 8.72189935e-046
  1.08494835e-006 4.13624702e-019 1.00000000e+000]
 [1.89481867e-021 9.43838360e-040 4.60610989e-022 5.20415666e-051
  2.06768770e-034 2.19574637e-040 4.92432251e-049 1.99416008e-038
  2.79472261e-071 3.38472864e-077 2.23105445e-092 2.28481065e-028
  5.29778767e-026 4.40498737e-076 1.05866957e-033 2.21702108e-066
  4.50209049e-015 2.83057582e-031 8.42025834e-078 4.90258934e-006
  3.09459555e-016 2.24297006e-016 3.39236997e-065 9.20325969e-028
  4.44482971e-046 2.22560625e-056 8.72189935e-046 1.00000000e+000
  2.39017355e-061 5.62901741e-022 1.00000000e+000]
 [3.44097109e-037 6.42498424e-036 8.88600401e-050 2.88813009e-059
  2.80928618e-021 3.18483445e-035 2.06472415e-063 7.87608525e-055
  7.62214866e-027 3.28262033e-062 1.44982249e-039 1.14135366e-038
  3.34931353e-029 8.48268633e-015 2.35855518e-023 9.06718829e-023
  3.32315544e-063 8.71993814e-020 1.96771622e-016 1.85433506e-061
  1.93615474e-072 3.22044203e-052 2.45167947e-034 1.09642024e-016
  1.83020287e-040 1.03108672e-048 1.08494835e-006 2.39017355e-061
  1.00000000e+000 6.71273261e-026 1.00000000e+000]
 [6.15249445e-011 6.42324203e-012 1.34124358e-012 3.78570605e-047
  9.14751246e-007 1.07030049e-038 1.60114928e-020 9.49911089e-022
  6.46322067e-025 4.56887601e-032 2.51925668e-031 8.47920869e-026
  3.43690918e-020 1.88154138e-025 1.35298409e-028 2.43293468e-032
  4.02674805e-020 1.79063026e-021 1.20709604e-026 5.41231057e-024
  4.44571567e-022 3.46009826e-009 4.35642290e-014 2.48172169e-019
  4.37356073e-016 9.30138032e-021 4.13624702e-019 5.62901741e-022
  6.71273261e-026 1.00000000e+000 1.00000000e+000]
 [1.00000000e+000 1.00000000e+000 1.00000000e+000 1.00000000e+000
  1.00000000e+000 1.00000000e+000 1.00000000e+000 1.00000000e+000
  1.00000000e+000 1.00000000e+000 1.00000000e+000 1.00000000e+000
  1.00000000e+000 1.00000000e+000 1.00000000e+000 1.00000000e+000
  1.00000000e+000 1.00000000e+000 1.00000000e+000 1.00000000e+000
  1.00000000e+000 1.00000000e+000 1.00000000e+000 1.00000000e+000
  1.00000000e+000 1.00000000e+000 1.00000000e+000 1.00000000e+000
  1.00000000e+000 1.00000000e+000 0.00000000e+000]]
