[[1.00000000e+000 4.27848446e-055 9.22542227e-049 7.53107941e-017
  6.37516321e-019 6.16710529e-018 8.91076296e-018 2.20489998e-042
  9.79195210e-015 5.74639100e-028 1.03805484e-014 3.97684771e-033
  4.30726197e-063 8.15750828e-029 5.43437839e-047 5.73638889e-028
  9.68486298e-046 1.67392492e-034 4.44743935e-032 2.85009652e-012
  1.00000000e+000]
 [4.27848446e-055 1.00000000e+000 2.82927312e-035 1.35358623e-024
  1.33709036e-064 1.20854485e-056 2.76458793e-029 4.87684596e-055
  1.21889022e-069 2.79044831e-043 2.98690511e-072 8.94446596e-034
  9.38829308e-092 7.90452098e-043 1.35744806e-106 9.65191622e-069
  4.51067453e-047 3.74281770e-064 2.37940574e-052 2.25527196e-037
  1.00000000e+000]
 [9.22542227e-049 2.82927312e-035 1.00000000e+000 1.02113611e-043
  2.40864580e-043 8.55859822e-031 1.09804598e-047 7.86255777e-029
  5.73998446e-077 1.72669912e-027 1.08171702e-059 7.25454654e-016
  4.14989192e-058 3.41017709e-050 7.56060213e-099 2.55049325e-039
  2.70888557e-051 8.21953910e-056 1.13714492e-044 6.60491502e-027
  1.00000000e+000]
 [7.53107941e-017 1.35358623e-024 1.02113611e-043 1.00000000e+000
  7.45259629e-037 2.58110505e-019 2.19524812e-022 4.76786892e-034
  2.10395148e-028 5.81981993e-017 3.56639848e-031 3.56107774e-025
  2.59156023e-056 1.55023709e-015 5.80029166e-059 1.09974749e-033
  1.10198886e-034 1.01186135e-032 3.08695986e-017 4.20482322e-016
  1.00000000e+000]
 [6.37516321e-019 1.33709036e-064 2.40864580e-043 7.45259629e-037
  1.00000000e+000 7.64539209e-040 6.12534479e-019 2.63209402e-022
  1.98677685e-049 3.12320472e-021 9.08632792e-034 2.22480795e-045
  8.25348084e-074 1.66779960e-065 2.02086602e-074 9.52589544e-064
  2.17881416e-063 7.78000685e-064 2.22895630e-027 1.04900110e-033
  1.00000000e+000]
 [6.16710529e-018 1.20854485e-056 8.55859822e-031 2.58110505e-019
  7.64539209e-040 1.00000000e+000 1.61185336e-048 7.33045333e-038
  6.75951356e-036 6.28085707e-021 1.49169332e-021 1.91802706e-016
  3.43640148e-029 2.02724491e-017 3.84303647e-061 7.27509216e-006
  7.62806058e-033 1.04916095e-033 8.03127215e-029 2.73879596e-015
  1.00000000e+000]
 [8.91076296e-018 2.76458793e-029 1.09804598e-047 2.19524812e-022
  6.12534479e-019 1.61185336e-048 1.00000000e+000 4.84311252e-040
  3.31959618e-029 4.55879822e-036 1.90343779e-044 3.25550315e-038
  1.59533595e-086 1.18861779e-044 1.17375381e-059 4.37670231e-065
  4.89292826e-047 9.19024212e-047 7.37239502e-039 2.47783477e-028
  1.00000000e+000]
 [2.20489998e-042 4.87684596e-055 7.86255777e-029 4.76786892e-034
  2.63209402e-022 7.33045333e-038 4.84311252e-040 1.00000000e+000
  2.43069173e-065 6.48231054e-009 3.91492703e-068 7.41203876e-030
  5.27408647e-055 1.34217135e-053 8.62869616e-069 2.11843945e-064
  5.07780025e-060 1.22842510e-045 1.91383715e-008 2.57256233e-040
  1.00000000e+000]
 [9.79195210e-015 1.21889022e-069 5.73998446e-077 2.10395148e-028
  1.98677685e-049 6.75951356e-036 3.31959618e-029 2.43069173e-065
  1.00000000e+000 1.13686844e-058 9.35284991e-051 5.67081686e-038
  5.03187852e-065 2.61422855e-020 3.09573565e-016 1.16797643e-038
  2.98186757e-041 5.75186799e-016 1.04039648e-051 1.55757349e-033
  1.00000000e+000]
 [5.74639100e-028 2.79044831e-043 1.72669912e-027 5.81981993e-017
  3.12320472e-021 6.28085707e-021 4.55879822e-036 6.48231054e-009
  1.13686844e-058 1.00000000e+000 6.38659283e-037 4.34093594e-029
  7.97478494e-055 9.29307186e-042 4.68668451e-081 9.42245661e-045
  1.43372233e-055 3.95008797e-050 3.43492559e-005 2.61292729e-022
  1.00000000e+000]
 [1.03805484e-014 2.98690511e-072 1.08171702e-059 3.56639848e-031
  9.08632792e-034 1.49169332e-021 1.90343779e-044 3.91492703e-068
  9.35284991e-051 6.38659283e-037 1.00000000e+000 4.23003513e-056
  1.54870957e-080 3.85570512e-053 3.09557176e-105 3.05256289e-031
  6.99052497e-068 3.99410449e-080 1.54714059e-052 2.40353941e-020
  1.00000000e+000]
 [3.97684771e-033 8.94446596e-034 7.25454654e-016 3.56107774e-025
  2.22480795e-045 1.91802706e-016 3.25550315e-038 7.41203876e-030
  5.67081686e-038 4.34093594e-029 4.23003513e-056 1.00000000e+000
  4.35486041e-023 2.54638081e-014 7.01190235e-048 4.32813224e-020
  2.39217485e-015 3.58906802e-021 2.50019252e-034 4.18697423e-027
  1.00000000e+000]
 [4.30726197e-063 9.38829308e-092 4.14989192e-058 2.59156023e-056
  8.25348084e-074 3.43640148e-029 1.59533595e-086 5.27408647e-055
  5.03187852e-065 7.97478494e-055 1.54870957e-080 4.35486041e-023
  1.00000000e+000 1.64975093e-031 6.08792825e-061 3.92394411e-033
  1.82873657e-017 1.03479701e-047 1.79176830e-054 1.31283604e-074
  1.00000000e+000]
 [8.15750828e-029 7.90452098e-043 3.41017709e-050 1.55023709e-015
  1.66779960e-065 2.02724491e-017 1.18861779e-044 1.34217135e-053
  2.61422855e-020 9.29307186e-042 3.85570512e-053 2.54638081e-014
  1.64975093e-031 1.00000000e+000 4.95188413e-035 4.21553313e-018
  2.57429485e-017 2.63190591e-014 5.78314203e-039 9.94415814e-030
  1.00000000e+000]
 [5.43437839e-047 1.35744806e-106 7.56060213e-099 5.80029166e-059
  2.02086602e-074 3.84303647e-061 1.17375381e-059 8.62869616e-069
  3.09573565e-016 4.68668451e-081 3.09557176e-105 7.01190235e-048
  6.08792825e-061 4.95188413e-035 1.00000000e+000 3.05280978e-065
  1.67805331e-052 7.76811585e-012 3.78954047e-063 1.55605188e-071
  1.00000000e+000]
 [5.73638889e-028 9.65191622e-069 2.55049325e-039 1.09974749e-033
  9.52589544e-064 7.27509216e-006 4.37670231e-065 2.11843945e-064
  1.16797643e-038 9.42245661e-045 3.05256289e-031 4.32813224e-020
  3.92394411e-033 4.21553313e-018 3.05280978e-065 1.00000000e+000
  1.38505651e-034 1.53039834e-036 2.10545618e-055 1.00426172e-022
  1.00000000e+000]
 [9.68486298e-046 4.51067453e-047 2.70888557e-051 1.10198886e-034
  2.17881416e-063 7.62806058e-033 4.89292826e-047 5.07780025e-060
  2.98186757e-041 1.43372233e-055 6.99052497e-068 2.39217485e-015
  1.82873657e-017 2.57429485e-017 1.67805331e-052 1.38505651e-034
  1.00000000e+000 8.13995729e-039 1.55764117e-056 1.55135564e-057
  1.00000000e+000]
 [1.67392492e-034 3.74281770e-064 8.21953910e-056 1.01186135e-032
  7.78000685e-064 1.04916095e-033 9.19024212e-047 1.22842510e-045
  5.75186799e-016 3.95008797e-050 3.99410449e-080 3.58906802e-021
  1.03479701e-047 2.63190591e-014 7.76811585e-012 1.53039834e-036
  8.13995729e-039 1.00000000e+000 9.78158498e-041 1.03155283e-037
  1.00000000e+000]
 [4.44743935e-032 2.37940574e-052 1.13714492e-044 3.08695986e-017
  2.22895630e-027 8.03127215e-029 7.37239502e-039 1.91383715e-008
  1.04039648e-051 3.43492559e-005 1.54714059e-052 2.50019252e-034
  1.79176830e-054 5.78314203e-039 3.78954047e-063 2.10545618e-055
  1.55764117e-056 9.78158498e-041 1.00000000e+000 3.14563127e-033
  1.00000000e+000]
 [2.85009652e-012 2.25527196e-037 6.60491502e-027 4.20482322e-016
  1.04900110e-033 2.73879596e-015 2.47783477e-028 2.57256233e-040
  1.55757349e-033 2.61292729e-022 2.40353941e-020 4.18697423e-027
  1.31283604e-074 9.94415814e-030 1.55605188e-071 1.00426172e-022
  1.55135564e-057 1.03155283e-037 3.14563127e-033 1.00000000e+000
  1.00000000e+000]
 [1.00000000e+000 1.00000000e+000 1.00000000e+000 1.00000000e+000
  1.00000000e+000 1.00000000e+000 1.00000000e+000 1.00000000e+000
  1.00000000e+000 1.00000000e+000 1.00000000e+000 1.00000000e+000
  1.00000000e+000 1.00000000e+000 1.00000000e+000 1.00000000e+000
  1.00000000e+000 1.00000000e+000 1.00000000e+000 1.00000000e+000
  0.00000000e+000]]
