[[1.00000000e+000 2.59250324e-049 8.01090223e-028 8.51701311e-037
  2.95234779e-046 1.15880632e-037 6.89524855e-074 1.90767196e-045
  8.65851513e-049 7.60427633e-030 1.50454596e-065 1.14471427e-037
  4.25610488e-022 6.89974373e-063 4.71959211e-044 4.31942578e-025
  1.80321929e-022 5.60357456e-055 2.27667731e-023 4.64993461e-082
  1.00000000e+000]
 [2.59250324e-049 1.00000000e+000 2.87302332e-042 8.26984636e-063
  8.40026907e-023 6.49026866e-034 1.19958305e-024 5.13790286e-036
  2.39380599e-068 7.97767866e-052 2.13178802e-042 3.12257623e-055
  9.50935124e-070 3.92953725e-039 1.45088864e-053 2.64209013e-050
  3.91853765e-048 9.57351895e-029 2.18342344e-063 5.54182770e-072
  1.00000000e+000]
 [8.01090223e-028 2.87302332e-042 1.00000000e+000 6.56464630e-044
  1.35604834e-073 5.60022994e-057 2.47409510e-056 6.21086760e-041
  9.38302745e-045 1.25380304e-035 2.51701091e-053 1.51954021e-007
  2.78209829e-012 4.99193402e-029 2.02069030e-028 7.96735600e-029
  7.14596295e-029 2.38953061e-048 3.61387620e-048 2.40090173e-034
  1.00000000e+000]
 [8.51701311e-037 8.26984636e-063 6.56464630e-044 1.00000000e+000
  8.15473077e-056 2.54095383e-013 6.46446804e-035 1.62633401e-038
  7.39031092e-052 1.36755041e-054 2.89918927e-045 1.02336282e-033
  1.90368115e-028 5.90960939e-044 7.34356025e-032 2.84435949e-070
  2.50701224e-067 1.80071198e-032 7.90482001e-024 4.49653253e-055
  1.00000000e+000]
 [2.95234779e-046 8.40026907e-023 1.35604834e-073 8.15473077e-056
  1.00000000e+000 5.33376819e-021 7.30602312e-038 7.30426308e-027
  2.87896441e-067 1.27540449e-046 6.68559678e-064 3.13959172e-080
  7.57665598e-092 3.45295558e-061 6.23892478e-059 5.09764464e-061
  9.64226603e-064 5.32636557e-042 7.08513421e-042 2.49790929e-110
  1.00000000e+000]
 [1.15880632e-037 6.49026866e-034 5.60022994e-057 2.54095383e-013
  5.33376819e-021 1.00000000e+000 1.05152197e-018 6.20898818e-028
  1.36262510e-051 1.64019677e-055 1.72959308e-034 1.32274041e-051
  8.60011781e-053 5.18076694e-043 5.57448403e-036 5.42365578e-068
  1.00913039e-062 1.77899129e-019 5.76001348e-023 7.72351987e-080
  1.00000000e+000]
 [6.89524855e-074 1.19958305e-024 2.47409510e-056 6.46446804e-035
  7.30602312e-038 1.05152197e-018 1.00000000e+000 2.47416294e-040
  3.47221456e-050 2.14187721e-070 4.04755252e-018 4.13773351e-046
  4.88270482e-068 3.69514980e-019 8.49269991e-032 6.87249292e-076
  2.46823183e-070 4.49098686e-008 3.87325794e-049 1.83731786e-062
  1.00000000e+000]
 [1.90767196e-045 5.13790286e-036 6.21086760e-041 1.62633401e-038
  7.30426308e-027 6.20898818e-028 2.47416294e-040 1.00000000e+000
  2.31439210e-065 2.12029552e-055 1.60061204e-069 1.93537713e-046
  1.35358838e-060 7.08152309e-048 2.05718078e-040 1.06846310e-073
  8.62680406e-076 4.04712145e-053 1.32458082e-044 2.66702200e-081
  1.00000000e+000]
 [8.65851513e-049 2.39380599e-068 9.38302745e-045 7.39031092e-052
  2.87896441e-067 1.36262510e-051 3.47221456e-050 2.31439210e-065
  1.00000000e+000 8.67262615e-051 8.79063783e-025 4.95123786e-025
  4.93235583e-041 1.79256342e-018 5.80608758e-007 4.19018512e-031
  2.09330932e-023 1.40931048e-027 5.15896637e-016 6.58757838e-092
  1.00000000e+000]
 [7.60427633e-030 7.97767866e-052 1.25380304e-035 1.36755041e-054
  1.27540449e-046 1.64019677e-055 2.14187721e-070 2.12029552e-055
  8.67262615e-051 1.00000000e+000 4.92446720e-082 2.68375499e-041
  9.93153823e-048 2.48766042e-050 1.62111911e-049 1.82557309e-014
  4.37564550e-031 2.35479315e-060 1.82217025e-041 4.01661362e-047
  1.00000000e+000]
 [1.50454596e-065 2.13178802e-042 2.51701091e-053 2.89918927e-045
  6.68559678e-064 1.72959308e-034 4.04755252e-018 1.60061204e-069
  8.79063783e-025 4.92446720e-082 1.00000000e+000 1.84453932e-036
  7.49627882e-051 3.57132178e-016 1.48732304e-019 5.00165311e-060
  6.43165063e-043 7.60333921e-005 9.90943952e-037 1.12253744e-085
  1.00000000e+000]
 [1.14471427e-037 3.12257623e-055 1.51954021e-007 1.02336282e-033
  3.13959172e-080 1.32274041e-051 4.13773351e-046 1.93537713e-046
  4.95123786e-025 2.68375499e-041 1.84453932e-036 1.00000000e+000
  1.52372473e-010 4.60385325e-015 6.20131520e-012 6.30453536e-033
  1.88144661e-030 2.25922082e-035 6.54519580e-035 3.09576966e-035
  1.00000000e+000]
 [4.25610488e-022 9.50935124e-070 2.78209829e-012 1.90368115e-028
  7.57665598e-092 8.60011781e-053 4.88270482e-068 1.35358838e-060
  4.93235583e-041 9.93153823e-048 7.49627882e-051 1.52372473e-010
  1.00000000e+000 2.82593365e-041 2.03387053e-028 2.24293056e-037
  2.26318969e-031 1.40453391e-049 2.85233954e-034 6.71082871e-048
  1.00000000e+000]
 [6.89974373e-063 3.92953725e-039 4.99193402e-029 5.90960939e-044
  3.45295558e-061 5.18076694e-043 3.69514980e-019 7.08152309e-048
  1.79256342e-018 2.48766042e-050 3.57132178e-016 4.60385325e-015
  2.82593365e-041 1.00000000e+000 6.27917268e-009 5.50539492e-042
  1.46083921e-038 2.89954319e-014 1.37613118e-038 4.77008913e-047
  1.00000000e+000]
 [4.71959211e-044 1.45088864e-053 2.02069030e-028 7.34356025e-032
  6.23892478e-059 5.57448403e-036 8.49269991e-032 2.05718078e-040
  5.80608758e-007 1.62111911e-049 1.48732304e-019 6.20131520e-012
  2.03387053e-028 6.27917268e-009 1.00000000e+000 5.16526050e-039
  5.17167325e-032 5.18580089e-020 1.10636288e-016 8.59757544e-067
  1.00000000e+000]
 [4.31942578e-025 2.64209013e-050 7.96735600e-029 2.84435949e-070
  5.09764464e-061 5.42365578e-068 6.87249292e-076 1.06846310e-073
  4.19018512e-031 1.82557309e-014 5.00165311e-060 6.30453536e-033
  2.24293056e-037 5.50539492e-042 5.16526050e-039 1.00000000e+000
  1.72878851e-005 1.22257814e-051 1.29975529e-037 3.26126473e-067
  1.00000000e+000]
 [1.80321929e-022 3.91853765e-048 7.14596295e-029 2.50701224e-067
  9.64226603e-064 1.00913039e-062 2.46823183e-070 8.62680406e-076
  2.09330932e-023 4.37564550e-031 6.43165063e-043 1.88144661e-030
  2.26318969e-031 1.46083921e-038 5.17167325e-032 1.72878851e-005
  1.00000000e+000 1.19700291e-041 1.69512311e-031 4.09948152e-082
  1.00000000e+000]
 [5.60357456e-055 9.57351895e-029 2.38953061e-048 1.80071198e-032
  5.32636557e-042 1.77899129e-019 4.49098686e-008 4.04712145e-053
  1.40931048e-027 2.35479315e-060 7.60333921e-005 2.25922082e-035
  1.40453391e-049 2.89954319e-014 5.18580089e-020 1.22257814e-051
  1.19700291e-041 1.00000000e+000 1.71381356e-030 6.63857194e-068
  1.00000000e+000]
 [2.27667731e-023 2.18342344e-063 3.61387620e-048 7.90482001e-024
  7.08513421e-042 5.76001348e-023 3.87325794e-049 1.32458082e-044
  5.15896637e-016 1.82217025e-041 9.90943952e-037 6.54519580e-035
  2.85233954e-034 1.37613118e-038 1.10636288e-016 1.29975529e-037
  1.69512311e-031 1.71381356e-030 1.00000000e+000 2.73497742e-095
  1.00000000e+000]
 [4.64993461e-082 5.54182770e-072 2.40090173e-034 4.49653253e-055
  2.49790929e-110 7.72351987e-080 1.83731786e-062 2.66702200e-081
  6.58757838e-092 4.01661362e-047 1.12253744e-085 3.09576966e-035
  6.71082871e-048 4.77008913e-047 8.59757544e-067 3.26126473e-067
  4.09948152e-082 6.63857194e-068 2.73497742e-095 1.00000000e+000
  1.00000000e+000]
 [1.00000000e+000 1.00000000e+000 1.00000000e+000 1.00000000e+000
  1.00000000e+000 1.00000000e+000 1.00000000e+000 1.00000000e+000
  1.00000000e+000 1.00000000e+000 1.00000000e+000 1.00000000e+000
  1.00000000e+000 1.00000000e+000 1.00000000e+000 1.00000000e+000
  1.00000000e+000 1.00000000e+000 1.00000000e+000 1.00000000e+000
  0.00000000e+000]]
