[[1.00000000e+00 3.85783851e-26 2.85210425e-37 ... 7.34298337e-34
  4.24891167e-38 1.00000000e+00]
 [3.85783851e-26 1.00000000e+00 1.02373638e-24 ... 9.30886008e-36
  3.48811087e-31 1.00000000e+00]
 [2.85210425e-37 1.02373638e-24 1.00000000e+00 ... 3.93611543e-27
  4.41021634e-34 1.00000000e+00]
 ...
 [7.34298337e-34 9.30886008e-36 3.93611543e-27 ... 1.00000000e+00
  3.68584825e-30 1.00000000e+00]
 [4.24891167e-38 3.48811087e-31 4.41021634e-34 ... 3.68584825e-30
  1.00000000e+00 1.00000000e+00]
 [1.00000000e+00 1.00000000e+00 1.00000000e+00 ... 1.00000000e+00
  1.00000000e+00 0.00000000e+00]]
