[[1.00000000e+000 1.75328108e-066 7.87506635e-046 2.92032911e-058
  7.65342761e-047 9.71786543e-037 1.77875759e-049 1.31572488e-083
  1.15611583e-039 4.62103575e-070 5.71522814e-085 4.12082584e-030
  2.02154091e-008 2.09561445e-041 2.54279375e-020 1.46696764e-038
  8.57163332e-027 9.94548282e-052 3.60400380e-044 1.27837975e-053
  1.00000000e+000]
 [1.75328108e-066 1.00000000e+000 4.34417117e-019 1.30673259e-104
  1.57069839e-043 1.41737641e-103 2.04583597e-042 1.92592661e-029
  1.37015386e-031 1.58828614e-018 2.15930517e-033 1.18015798e-050
  2.40096014e-056 9.96971983e-049 4.05767766e-046 2.48361241e-072
  5.57877726e-034 2.36377693e-058 2.41470800e-072 2.06071977e-024
  1.00000000e+000]
 [7.87506635e-046 4.34417117e-019 1.00000000e+000 2.28037897e-062
  1.14498460e-047 6.83211402e-086 6.82345473e-050 4.56838791e-012
  4.99052577e-025 1.41925292e-053 3.43568229e-038 5.26536054e-053
  2.91711751e-057 2.58334902e-034 7.24772258e-031 8.48901480e-059
  8.48424440e-032 6.99023802e-041 3.75592371e-051 2.26055915e-034
  1.00000000e+000]
 [2.92032911e-058 1.30673259e-104 2.28037897e-062 1.00000000e+000
  1.39018933e-055 1.23530894e-062 2.50968390e-077 3.64004680e-084
  1.17010332e-056 3.78636408e-124 1.07818035e-055 6.89204165e-072
  4.41690993e-075 2.83148862e-069 1.67459858e-068 3.53199422e-020
  9.37768070e-071 8.36631975e-024 2.87815085e-050 9.00470094e-111
  1.00000000e+000]
 [7.65342761e-047 1.57069839e-043 1.14498460e-047 1.39018933e-055
  1.00000000e+000 1.47448225e-076 5.34596663e-013 7.42443265e-054
  2.53369829e-024 1.92341164e-030 7.36444961e-017 3.50685629e-024
  1.30570453e-038 5.61466465e-069 6.32013739e-026 2.49528983e-026
  6.94693813e-050 3.82552439e-019 3.56157093e-044 6.25052313e-058
  1.00000000e+000]
 [9.71786543e-037 1.41737641e-103 6.83211402e-086 1.23530894e-062
  1.47448225e-076 1.00000000e+000 9.71821608e-114 6.86384182e-127
  1.47806442e-052 2.83794035e-086 6.35111661e-101 2.05779545e-065
  7.41859597e-032 4.87769436e-023 1.12871812e-050 2.12323999e-043
  2.64570697e-024 2.97957400e-053 1.85110342e-022 3.29845186e-053
  1.00000000e+000]
 [1.77875759e-049 2.04583597e-042 6.82345473e-050 2.50968390e-077
  5.34596663e-013 9.71821608e-114 1.00000000e+000 5.24281348e-054
  6.82131134e-051 8.44844985e-043 2.73212967e-036 4.50086075e-040
  6.32518795e-047 4.98713098e-096 3.87780991e-034 3.81216688e-039
  1.20106390e-065 1.09505696e-050 2.04391219e-087 2.14591395e-073
  1.00000000e+000]
 [1.31572488e-083 1.92592661e-029 4.56838791e-012 3.64004680e-084
  7.42443265e-054 6.86384182e-127 5.24281348e-054 1.00000000e+000
  9.23291350e-047 3.86815158e-064 3.25948358e-036 3.64725067e-088
  4.89287433e-097 2.79962056e-060 1.84802180e-041 6.62251205e-075
  5.91136087e-058 1.09743340e-055 6.22388169e-075 2.18824047e-048
  1.00000000e+000]
 [1.15611583e-039 1.37015386e-031 4.99052577e-025 1.17010332e-056
  2.53369829e-024 1.47806442e-052 6.82131134e-051 9.23291350e-047
  1.00000000e+000 3.83298731e-032 2.57623344e-025 6.73677181e-016
  3.88570947e-034 2.40017562e-031 4.04538206e-028 8.02933345e-049
  8.57286213e-029 1.24647469e-013 5.66491331e-016 3.89943632e-035
  1.00000000e+000]
 [4.62103575e-070 1.58828614e-018 1.41925292e-053 3.78636408e-124
  1.92341164e-030 2.83794035e-086 8.44844985e-043 3.86815158e-064
  3.83298731e-032 1.00000000e+000 1.97699247e-037 9.00845600e-041
  6.15729810e-044 4.80935703e-056 1.20779778e-042 5.94907368e-070
  1.38904013e-035 1.66804981e-057 6.95144004e-061 2.50592592e-023
  1.00000000e+000]
 [5.71522814e-085 2.15930517e-033 3.43568229e-038 1.07818035e-055
  7.36444961e-017 6.35111661e-101 2.73212967e-036 3.25948358e-036
  2.57623344e-025 1.97699247e-037 1.00000000e+000 7.31912107e-048
  1.64705249e-076 4.91222178e-069 5.10831156e-053 7.92575687e-042
  1.91390081e-060 3.23109953e-017 1.58790956e-051 4.01666765e-061
  1.00000000e+000]
 [4.12082584e-030 1.18015798e-050 5.26536054e-053 6.89204165e-072
  3.50685629e-024 2.05779545e-065 4.50086075e-040 3.64725067e-088
  6.73677181e-016 9.00845600e-041 7.31912107e-048 1.00000000e+000
  6.66530896e-020 2.26803849e-065 3.17744852e-039 2.38247116e-054
  1.95424413e-048 8.35642904e-031 7.00760804e-041 6.74219465e-065
  1.00000000e+000]
 [2.02154091e-008 2.40096014e-056 2.91711751e-057 4.41690993e-075
  1.30570453e-038 7.41859597e-032 6.32518795e-047 4.89287433e-097
  3.88570947e-034 6.15729810e-044 1.64705249e-076 6.66530896e-020
  1.00000000e+000 5.66102324e-041 1.51215520e-025 4.08631035e-040
  1.24181241e-021 3.94058632e-051 9.91383016e-042 9.75723653e-043
  1.00000000e+000]
 [2.09561445e-041 9.96971983e-049 2.58334902e-034 2.83148862e-069
  5.61466465e-069 4.87769436e-023 4.98713098e-096 2.79962056e-060
  2.40017562e-031 4.80935703e-056 4.91222178e-069 2.26803849e-065
  5.66102324e-041 1.00000000e+000 9.21116335e-035 1.91764411e-053
  2.02787346e-006 4.70361084e-047 3.97328096e-021 2.12180306e-015
  1.00000000e+000]
 [2.54279375e-020 4.05767766e-046 7.24772258e-031 1.67459858e-068
  6.32013739e-026 1.12871812e-050 3.87780991e-034 1.84802180e-041
  4.04538206e-028 1.20779778e-042 5.10831156e-053 3.17744852e-039
  1.51215520e-025 9.21116335e-035 1.00000000e+000 5.02883834e-039
  1.41741922e-023 3.33254180e-039 2.66227535e-032 2.29017665e-029
  1.00000000e+000]
 [1.46696764e-038 2.48361241e-072 8.48901480e-059 3.53199422e-020
  2.49528983e-026 2.12323999e-043 3.81216688e-039 6.62251205e-075
  8.02933345e-049 5.94907368e-070 7.92575687e-042 2.38247116e-054
  4.08631035e-040 1.91764411e-053 5.02883834e-039 1.00000000e+000
  2.06161143e-040 1.46611623e-025 1.92306015e-045 5.27335966e-069
  1.00000000e+000]
 [8.57163332e-027 5.57877726e-034 8.48424440e-032 9.37768070e-071
  6.94693813e-050 2.64570697e-024 1.20106390e-065 5.91136087e-058
  8.57286213e-029 1.38904013e-035 1.91390081e-060 1.95424413e-048
  1.24181241e-021 2.02787346e-006 1.41741922e-023 2.06161143e-040
  1.00000000e+000 2.24371767e-046 2.94629462e-028 1.76521270e-009
  1.00000000e+000]
 [9.94548282e-052 2.36377693e-058 6.99023802e-041 8.36631975e-024
  3.82552439e-019 2.97957400e-053 1.09505696e-050 1.09743340e-055
  1.24647469e-013 1.66804981e-057 3.23109953e-017 8.35642904e-031
  3.94058632e-051 4.70361084e-047 3.33254180e-039 1.46611623e-025
  2.24371767e-046 1.00000000e+000 4.86534687e-018 6.43625426e-064
  1.00000000e+000]
 [3.60400380e-044 2.41470800e-072 3.75592371e-051 2.87815085e-050
  3.56157093e-044 1.85110342e-022 2.04391219e-087 6.22388169e-075
  5.66491331e-016 6.95144004e-061 1.58790956e-051 7.00760804e-041
  9.91383016e-042 3.97328096e-021 2.66227535e-032 1.92306015e-045
  2.94629462e-028 4.86534687e-018 1.00000000e+000 2.09883953e-042
  1.00000000e+000]
 [1.27837975e-053 2.06071977e-024 2.26055915e-034 9.00470094e-111
  6.25052313e-058 3.29845186e-053 2.14591395e-073 2.18824047e-048
  3.89943632e-035 2.50592592e-023 4.01666765e-061 6.74219465e-065
  9.75723653e-043 2.12180306e-015 2.29017665e-029 5.27335966e-069
  1.76521270e-009 6.43625426e-064 2.09883953e-042 1.00000000e+000
  1.00000000e+000]
 [1.00000000e+000 1.00000000e+000 1.00000000e+000 1.00000000e+000
  1.00000000e+000 1.00000000e+000 1.00000000e+000 1.00000000e+000
  1.00000000e+000 1.00000000e+000 1.00000000e+000 1.00000000e+000
  1.00000000e+000 1.00000000e+000 1.00000000e+000 1.00000000e+000
  1.00000000e+000 1.00000000e+000 1.00000000e+000 1.00000000e+000
  0.00000000e+000]]
