[[1.00000000e+00 7.06967353e-44 1.11482067e-35 ... 5.59708459e-33
  1.54409411e-71 1.00000000e+00]
 [7.06967353e-44 1.00000000e+00 3.01652627e-86 ... 1.37436087e-19
  7.90146814e-55 1.00000000e+00]
 [1.11482067e-35 3.01652627e-86 1.00000000e+00 ... 7.15329960e-46
  6.53429181e-48 1.00000000e+00]
 ...
 [5.59708459e-33 1.37436087e-19 7.15329960e-46 ... 1.00000000e+00
  4.01402964e-36 1.00000000e+00]
 [1.54409411e-71 7.90146814e-55 6.53429181e-48 ... 4.01402964e-36
  1.00000000e+00 1.00000000e+00]
 [1.00000000e+00 1.00000000e+00 1.00000000e+00 ... 1.00000000e+00
  1.00000000e+00 0.00000000e+00]]
