[[1.00000000e+00 6.11140973e-39 2.15966696e-35 4.31129478e-17
  3.30963721e-75 7.54414936e-38 6.94352184e-29 1.24655086e-59
  7.95123424e-53 3.24319137e-20 4.78813411e-19 3.57896808e-63
  2.16248190e-39 1.31607362e-52 4.68254065e-38 4.62764952e-56
  2.05730524e-29 3.82723068e-27 9.32311093e-18 2.56532816e-40
  1.00000000e+00]
 [6.11140973e-39 1.00000000e+00 1.00627523e-25 1.02109357e-47
  7.74115163e-59 3.24313029e-28 5.99968720e-33 7.88221356e-44
  5.00154803e-94 1.33028476e-33 9.91212446e-66 3.90672332e-32
  1.33232861e-79 4.53664085e-90 1.60069019e-32 2.96269751e-37
  1.96061491e-55 1.31590763e-25 4.84939423e-58 2.02660355e-47
  1.00000000e+00]
 [2.15966696e-35 1.00627523e-25 1.00000000e+00 2.51727492e-15
  1.10136816e-42 1.84754016e-16 4.68186658e-49 5.56197809e-28
  1.84296871e-50 5.77188433e-05 3.13154401e-42 7.11637332e-50
  2.40866293e-59 1.92577146e-57 8.68087497e-29 1.98075079e-06
  3.22003445e-65 3.90433437e-09 2.09889287e-47 1.16304437e-18
  1.00000000e+00]
 [4.31129478e-17 1.02109357e-47 2.51727492e-15 1.00000000e+00
  3.75417981e-48 8.27160424e-21 1.54147935e-50 2.49745465e-34
  1.25751303e-31 6.46915179e-06 6.87453100e-21 1.30208519e-62
  8.95831560e-37 5.86668331e-31 6.44238869e-33 1.39907282e-31
  2.84392777e-44 2.63327205e-12 3.37199148e-35 3.56183155e-26
  1.00000000e+00]
 [3.30963721e-75 7.74115163e-59 1.10136816e-42 3.75417981e-48
  1.00000000e+00 5.98497690e-17 1.15012291e-62 8.79502490e-26
  5.53629285e-57 7.62850071e-50 7.56914877e-64 1.03814036e-56
  3.61634541e-28 3.45774509e-41 1.70562100e-49 5.49478450e-40
  6.13340172e-59 1.14547071e-31 1.08856382e-70 3.92939134e-48
  1.00000000e+00]
 [7.54414936e-38 3.24313029e-28 1.84754016e-16 8.27160424e-21
  5.98497690e-17 1.00000000e+00 3.90665612e-55 8.47091172e-26
  1.42071412e-64 1.05115273e-17 9.30141450e-35 1.35256855e-58
  4.49165608e-37 7.72966028e-53 2.71783474e-34 1.45307756e-26
  1.22600937e-56 6.48760811e-13 1.41637399e-57 1.25810071e-42
  1.00000000e+00]
 [6.94352184e-29 5.99968720e-33 4.68186658e-49 1.54147935e-50
  1.15012291e-62 3.90665612e-55 1.00000000e+00 4.26103528e-51
  1.51259352e-45 4.51603893e-48 6.68191635e-58 7.04532322e-21
  4.72560834e-40 9.11493586e-49 2.79763766e-34 5.42876172e-52
  5.14739167e-15 2.17246649e-37 5.66356148e-13 4.43266107e-26
  1.00000000e+00]
 [1.24655086e-59 7.88221356e-44 5.56197809e-28 2.49745465e-34
  8.79502490e-26 8.47091172e-26 4.26103528e-51 1.00000000e+00
  6.13233178e-39 1.42943624e-37 1.03304403e-45 2.95460678e-31
  3.18778796e-49 1.03602912e-37 9.17206710e-10 5.99794346e-30
  1.13372333e-61 7.63683003e-10 1.09814224e-61 2.90586768e-33
  1.00000000e+00]
 [7.95123424e-53 5.00154803e-94 1.84296871e-50 1.25751303e-31
  5.53629285e-57 1.42071412e-64 1.51259352e-45 6.13233178e-39
  1.00000000e+00 5.50953394e-45 6.51920701e-54 4.60087761e-51
  2.02815464e-32 1.33914668e-08 5.13494183e-44 1.83618698e-50
  2.12676203e-38 6.60699345e-37 5.25822798e-31 8.33984801e-18
  1.00000000e+00]
 [3.24319137e-20 1.33028476e-33 5.77188433e-05 6.46915179e-06
  7.62850071e-50 1.05115273e-17 4.51603893e-48 1.42943624e-37
  5.50953394e-45 1.00000000e+00 3.69589037e-28 1.56045198e-61
  1.70407063e-48 4.69369178e-50 8.21903972e-34 1.41759328e-16
  2.51519158e-55 2.41217585e-11 1.29684847e-36 1.54084422e-21
  1.00000000e+00]
 [4.78813411e-19 9.91212446e-66 3.13154401e-42 6.87453100e-21
  7.56914877e-64 9.30141450e-35 6.68191635e-58 1.03304403e-45
  6.51920701e-54 3.69589037e-28 1.00000000e+00 7.05892923e-92
  1.77534402e-33 1.77064246e-56 5.40713836e-31 1.19126660e-57
  4.04795499e-62 5.50716413e-24 1.04403709e-34 5.59829666e-55
  1.00000000e+00]
 [3.57896808e-63 3.90672332e-32 7.11637332e-50 1.30208519e-62
  1.03814036e-56 1.35256855e-58 7.04532322e-21 2.95460678e-31
  4.60087761e-51 1.56045198e-61 7.05892923e-92 1.00000000e+00
  3.08397643e-70 6.12577414e-49 1.56167673e-29 7.37750056e-52
  2.01229363e-33 5.18552841e-36 1.20888758e-52 3.35800086e-32
  1.00000000e+00]
 [2.16248190e-39 1.33232861e-79 2.40866293e-59 8.95831560e-37
  3.61634541e-28 4.49165608e-37 4.72560834e-40 3.18778796e-49
  2.02815464e-32 1.70407063e-48 1.77534402e-33 3.08397643e-70
  1.00000000e+00 9.09222323e-23 1.18060368e-53 1.12378631e-62
  1.84382589e-27 1.49814270e-40 2.36748598e-26 6.32462893e-43
  1.00000000e+00]
 [1.31607362e-52 4.53664085e-90 1.92577146e-57 5.86668331e-31
  3.45774509e-41 7.72966028e-53 9.11493586e-49 1.03602912e-37
  1.33914668e-08 4.69369178e-50 1.77064246e-56 6.12577414e-49
  9.09222323e-23 1.00000000e+00 6.55039090e-50 5.15473333e-64
  2.46254811e-26 1.38828263e-38 4.89348042e-41 2.48116341e-31
  1.00000000e+00]
 [4.68254065e-38 1.60069019e-32 8.68087497e-29 6.44238869e-33
  1.70562100e-49 2.71783474e-34 2.79763766e-34 9.17206710e-10
  5.13494183e-44 8.21903972e-34 5.40713836e-31 1.56167673e-29
  1.18060368e-53 6.55039090e-50 1.00000000e+00 5.09262330e-35
  1.94075237e-54 7.58247366e-09 1.12246071e-42 6.25308714e-33
  1.00000000e+00]
 [4.62764952e-56 2.96269751e-37 1.98075079e-06 1.39907282e-31
  5.49478450e-40 1.45307756e-26 5.42876172e-52 5.99794346e-30
  1.83618698e-50 1.41759328e-16 1.19126660e-57 7.37750056e-52
  1.12378631e-62 5.15473333e-64 5.09262330e-35 1.00000000e+00
  1.06211468e-77 2.08931506e-17 3.22153567e-51 5.68903553e-15
  1.00000000e+00]
 [2.05730524e-29 1.96061491e-55 3.22003445e-65 2.84392777e-44
  6.13340172e-59 1.22600937e-56 5.14739167e-15 1.13372333e-61
  2.12676203e-38 2.51519158e-55 4.04795499e-62 2.01229363e-33
  1.84382589e-27 2.46254811e-26 1.94075237e-54 1.06211468e-77
  1.00000000e+00 2.96032943e-48 4.94234338e-22 1.23867435e-39
  1.00000000e+00]
 [3.82723068e-27 1.31590763e-25 3.90433437e-09 2.63327205e-12
  1.14547071e-31 6.48760811e-13 2.17246649e-37 7.63683003e-10
  6.60699345e-37 2.41217585e-11 5.50716413e-24 5.18552841e-36
  1.49814270e-40 1.38828263e-38 7.58247366e-09 2.08931506e-17
  2.96032943e-48 1.00000000e+00 1.84841288e-38 1.28704399e-21
  1.00000000e+00]
 [9.32311093e-18 4.84939423e-58 2.09889287e-47 3.37199148e-35
  1.08856382e-70 1.41637399e-57 5.66356148e-13 1.09814224e-61
  5.25822798e-31 1.29684847e-36 1.04403709e-34 1.20888758e-52
  2.36748598e-26 4.89348042e-41 1.12246071e-42 3.22153567e-51
  4.94234338e-22 1.84841288e-38 1.00000000e+00 1.03698164e-22
  1.00000000e+00]
 [2.56532816e-40 2.02660355e-47 1.16304437e-18 3.56183155e-26
  3.92939134e-48 1.25810071e-42 4.43266107e-26 2.90586768e-33
  8.33984801e-18 1.54084422e-21 5.59829666e-55 3.35800086e-32
  6.32462893e-43 2.48116341e-31 6.25308714e-33 5.68903553e-15
  1.23867435e-39 1.28704399e-21 1.03698164e-22 1.00000000e+00
  1.00000000e+00]
 [1.00000000e+00 1.00000000e+00 1.00000000e+00 1.00000000e+00
  1.00000000e+00 1.00000000e+00 1.00000000e+00 1.00000000e+00
  1.00000000e+00 1.00000000e+00 1.00000000e+00 1.00000000e+00
  1.00000000e+00 1.00000000e+00 1.00000000e+00 1.00000000e+00
  1.00000000e+00 1.00000000e+00 1.00000000e+00 1.00000000e+00
  0.00000000e+00]]
