[[1.00000000e+000 6.71748701e-070 3.49443272e-028 1.25549368e-044
  4.32027285e-031 4.53066027e-033 5.86670261e-050 3.73910821e-024
  7.49310379e-030 4.87436087e-031 2.04581566e-071 1.58780979e-056
  3.38935344e-029 2.29621357e-039 6.69631669e-044 6.49189069e-024
  1.61730838e-080 2.80608962e-057 1.67616481e-033 5.68721980e-055
  1.00000000e+000]
 [6.71748701e-070 1.00000000e+000 1.44409851e-035 1.29268017e-018
  1.92074576e-068 8.54305706e-041 3.45514416e-036 3.78300551e-042
  5.44155258e-023 4.71699770e-041 5.15343280e-037 5.38786418e-037
  2.95397720e-104 1.34360207e-049 4.46295181e-073 4.01450921e-040
  1.75345804e-025 6.34027107e-046 1.19177171e-069 5.56164455e-055
  1.00000000e+000]
 [3.49443272e-028 1.44409851e-035 1.00000000e+000 6.65137881e-024
  4.44149898e-063 1.18061765e-028 6.15258104e-033 1.29568354e-025
  1.65846291e-022 1.11276301e-039 1.66532901e-047 5.23301400e-063
  5.90991973e-071 3.37041419e-060 5.89236445e-078 1.49377373e-041
  9.49132211e-050 3.13169273e-061 6.09202640e-036 1.15543782e-037
  1.00000000e+000]
 [1.25549368e-044 1.29268017e-018 6.65137881e-024 1.00000000e+000
  8.39368291e-035 3.73341267e-015 7.68190987e-011 4.71921553e-020
  9.08599905e-028 5.70492884e-028 1.29049906e-018 6.40975047e-042
  4.83932967e-068 1.32618962e-042 1.16979161e-036 3.93894856e-026
  3.10585098e-021 4.65213712e-013 5.66812474e-026 8.48671012e-021
  1.00000000e+000]
 [4.32027285e-031 1.92074576e-068 4.44149898e-063 8.39368291e-035
  1.00000000e+000 3.60910094e-048 4.92955763e-048 6.05492255e-018
  1.08994665e-044 2.57775848e-040 2.52637425e-059 1.04542926e-028
  4.09665033e-040 8.60742848e-017 6.32825371e-011 4.46411073e-035
  8.77149754e-086 1.28360681e-025 4.45545062e-033 2.43521313e-058
  1.00000000e+000]
 [4.53066027e-033 8.54305706e-041 1.18061765e-028 3.73341267e-015
  3.60910094e-048 1.00000000e+000 5.51271089e-024 9.72458815e-039
  4.59649773e-033 9.90021230e-026 5.21827911e-023 2.54333999e-075
  1.16552650e-048 2.64222303e-062 3.07845926e-043 4.70200458e-021
  4.09144973e-016 3.54967600e-022 1.50810420e-037 3.00333483e-012
  1.00000000e+000]
 [5.86670261e-050 3.45514416e-036 6.15258104e-033 7.68190987e-011
  4.92955763e-048 5.51271089e-024 1.00000000e+000 2.29428845e-036
  7.64859283e-057 2.24935736e-022 4.05612907e-027 2.83824874e-055
  2.96096629e-066 4.38645979e-057 1.96161289e-054 1.17954877e-020
  8.63737856e-035 1.25401157e-023 6.83884082e-013 1.68334531e-027
  1.00000000e+000]
 [3.73910821e-024 3.78300551e-042 1.29568354e-025 4.71921553e-020
  6.05492255e-018 9.72458815e-039 2.29428845e-036 1.00000000e+000
  4.15975713e-020 3.96513521e-048 7.70506386e-062 3.99875172e-035
  4.93311266e-069 1.68870314e-032 2.23725799e-024 2.06956482e-039
  2.37051155e-070 3.10646781e-031 3.28142086e-028 2.26470911e-056
  1.00000000e+000]
 [7.49310379e-030 5.44155258e-023 1.65846291e-022 9.08599905e-028
  1.08994665e-044 4.59649773e-033 7.64859283e-057 4.15975713e-020
  1.00000000e+000 1.69128694e-046 2.37483205e-056 4.48358747e-041
  6.96322671e-075 2.57959865e-038 6.05854171e-049 1.40466461e-040
  4.40115123e-047 2.47382463e-050 5.12187872e-067 1.16260242e-056
  1.00000000e+000]
 [4.87436087e-031 4.71699770e-041 1.11276301e-039 5.70492884e-028
  2.57775848e-040 9.90021230e-026 2.24935736e-022 3.96513521e-048
  1.69128694e-046 1.00000000e+000 6.78813629e-024 3.24259859e-036
  2.09147827e-022 5.32207160e-028 1.25914025e-059 1.89912787e-006
  3.30197789e-041 9.48977472e-042 3.05595646e-030 1.41975511e-028
  1.00000000e+000]
 [2.04581566e-071 5.15343280e-037 1.66532901e-047 1.29049906e-018
  2.52637425e-059 5.21827911e-023 4.05612907e-027 7.70506386e-062
  2.37483205e-056 6.78813629e-024 1.00000000e+000 1.33071601e-058
  8.18906779e-055 4.29389147e-052 4.72446976e-072 9.96765247e-038
  1.11846051e-018 6.32217482e-033 7.27266581e-049 2.79923886e-008
  1.00000000e+000]
 [1.58780979e-056 5.38786418e-037 5.23301400e-063 6.40975047e-042
  1.04542926e-028 2.54333999e-075 2.83824874e-055 3.99875172e-035
  4.48358747e-041 3.24259859e-036 1.33071601e-058 1.00000000e+000
  2.14326001e-065 4.31300532e-006 2.45365788e-055 1.80246492e-041
  3.59591761e-086 4.00019867e-057 1.85689944e-058 6.41889513e-081
  1.00000000e+000]
 [3.38935344e-029 2.95397720e-104 5.90991973e-071 4.83932967e-068
  4.09665033e-040 1.16552650e-048 2.96096629e-066 4.93311266e-069
  6.96322671e-075 2.09147827e-022 8.18906779e-055 2.14326001e-065
  1.00000000e+000 1.15462956e-037 5.04246010e-067 8.49257861e-032
  1.52332937e-092 1.60595497e-070 9.36446262e-049 8.87242666e-046
  1.00000000e+000]
 [2.29621357e-039 1.34360207e-049 3.37041419e-060 1.32618962e-042
  8.60742848e-017 2.64222303e-062 4.38645979e-057 1.68870314e-032
  2.57959865e-038 5.32207160e-028 4.29389147e-052 4.31300532e-006
  1.15462956e-037 1.00000000e+000 1.84465202e-043 3.28100812e-034
  1.27255894e-084 1.51738332e-051 1.05268948e-051 5.91467716e-066
  1.00000000e+000]
 [6.69631669e-044 4.46295181e-073 5.89236445e-078 1.16979161e-036
  6.32825371e-011 3.07845926e-043 1.96161289e-054 2.23725799e-024
  6.05854171e-049 1.25914025e-059 4.72446976e-072 2.45365788e-055
  5.04246010e-067 1.84465202e-043 1.00000000e+000 3.25066650e-042
  6.10311127e-077 3.10927173e-015 2.53224699e-048 9.85547619e-067
  1.00000000e+000]
 [6.49189069e-024 4.01450921e-040 1.49377373e-041 3.93894856e-026
  4.46411073e-035 4.70200458e-021 1.17954877e-020 2.06956482e-039
  1.40466461e-040 1.89912787e-006 9.96765247e-038 1.80246492e-041
  8.49257861e-032 3.28100812e-034 3.25066650e-042 1.00000000e+000
  1.57669467e-040 7.59304042e-032 4.37268380e-029 1.49484872e-038
  1.00000000e+000]
 [1.61730838e-080 1.75345804e-025 9.49132211e-050 3.10585098e-021
  8.77149754e-086 4.09144973e-016 8.63737856e-035 2.37051155e-070
  4.40115123e-047 3.30197789e-041 1.11846051e-018 3.59591761e-086
  1.52332937e-092 1.27255894e-084 6.10311127e-077 1.57669467e-040
  1.00000000e+000 8.31930251e-035 4.10044887e-074 1.07819719e-023
  1.00000000e+000]
 [2.80608962e-057 6.34027107e-046 3.13169273e-061 4.65213712e-013
  1.28360681e-025 3.54967600e-022 1.25401157e-023 3.10646781e-031
  2.47382463e-050 9.48977472e-042 6.32217482e-033 4.00019867e-057
  1.60595497e-070 1.51738332e-051 3.10927173e-015 7.59304042e-032
  8.31930251e-035 1.00000000e+000 2.40484680e-035 5.93519066e-033
  1.00000000e+000]
 [1.67616481e-033 1.19177171e-069 6.09202640e-036 5.66812474e-026
  4.45545062e-033 1.50810420e-037 6.83884082e-013 3.28142086e-028
  5.12187872e-067 3.05595646e-030 7.27266581e-049 1.85689944e-058
  9.36446262e-049 1.05268948e-051 2.53224699e-048 4.37268380e-029
  4.10044887e-074 2.40484680e-035 1.00000000e+000 1.10628254e-038
  1.00000000e+000]
 [5.68721980e-055 5.56164455e-055 1.15543782e-037 8.48671012e-021
  2.43521313e-058 3.00333483e-012 1.68334531e-027 2.26470911e-056
  1.16260242e-056 1.41975511e-028 2.79923886e-008 6.41889513e-081
  8.87242666e-046 5.91467716e-066 9.85547619e-067 1.49484872e-038
  1.07819719e-023 5.93519066e-033 1.10628254e-038 1.00000000e+000
  1.00000000e+000]
 [1.00000000e+000 1.00000000e+000 1.00000000e+000 1.00000000e+000
  1.00000000e+000 1.00000000e+000 1.00000000e+000 1.00000000e+000
  1.00000000e+000 1.00000000e+000 1.00000000e+000 1.00000000e+000
  1.00000000e+000 1.00000000e+000 1.00000000e+000 1.00000000e+000
  1.00000000e+000 1.00000000e+000 1.00000000e+000 1.00000000e+000
  0.00000000e+000]]
