[[1.00000000e+00 4.60275841e-66 1.18261838e-56 ... 2.53131457e-16
  4.60388117e-35 1.00000000e+00]
 [4.60275841e-66 1.00000000e+00 4.49194627e-25 ... 5.22318758e-38
  1.94721224e-41 1.00000000e+00]
 [1.18261838e-56 4.49194627e-25 1.00000000e+00 ... 1.13063493e-41
  2.17542172e-47 1.00000000e+00]
 ...
 [2.53131457e-16 5.22318758e-38 1.13063493e-41 ... 1.00000000e+00
  3.71848619e-29 1.00000000e+00]
 [4.60388117e-35 1.94721224e-41 2.17542172e-47 ... 3.71848619e-29
  1.00000000e+00 1.00000000e+00]
 [1.00000000e+00 1.00000000e+00 1.00000000e+00 ... 1.00000000e+00
  1.00000000e+00 0.00000000e+00]]
