[[1.00000000e+00 1.86435854e-31 4.48510655e-15 ... 5.10974113e-92
  5.21566562e-25 1.00000000e+00]
 [1.86435854e-31 1.00000000e+00 2.34013831e-32 ... 2.56060678e-26
  1.00569688e-55 1.00000000e+00]
 [4.48510655e-15 2.34013831e-32 1.00000000e+00 ... 1.94481749e-82
  6.62496024e-34 1.00000000e+00]
 ...
 [5.10974113e-92 2.56060678e-26 1.94481749e-82 ... 1.00000000e+00
  5.66624981e-95 1.00000000e+00]
 [5.21566562e-25 1.00569688e-55 6.62496024e-34 ... 5.66624981e-95
  1.00000000e+00 1.00000000e+00]
 [1.00000000e+00 1.00000000e+00 1.00000000e+00 ... 1.00000000e+00
  1.00000000e+00 0.00000000e+00]]
