[[1.00000000e+00 8.15124644e-26 2.06436082e-56 7.15126243e-46
  8.26111422e-30 1.29252071e-56 1.01586855e-53 6.88816585e-33
  9.43233846e-29 1.28745726e-34 5.52757065e-36 5.48139290e-23
  8.68669191e-31 3.67372571e-48 3.48398931e-47 2.06505107e-33
  1.28327480e-23 4.26282087e-31 5.45867156e-15 4.75824980e-44
  1.00000000e+00]
 [8.15124644e-26 1.00000000e+00 2.17068996e-37 1.34358426e-24
  4.90005892e-45 1.73362111e-32 6.55610754e-49 3.80785745e-40
  5.88993398e-22 1.02792877e-26 2.93478910e-31 1.58736744e-23
  9.27703220e-24 6.89763630e-44 2.11938266e-61 1.19772311e-52
  2.78482150e-13 8.46042286e-34 1.07809285e-33 1.02780701e-40
  1.00000000e+00]
 [2.06436082e-56 2.17068996e-37 1.00000000e+00 7.65226482e-85
  4.10881357e-34 1.51380982e-20 2.22717236e-84 1.09131949e-61
  2.65695272e-38 1.84519501e-86 3.21927966e-87 1.68421825e-44
  8.56475731e-37 9.69113854e-17 6.70176113e-54 7.78502306e-34
  1.05142448e-27 1.69094653e-52 1.08754216e-52 3.38636370e-36
  1.00000000e+00]
 [7.15126243e-46 1.34358426e-24 7.65226482e-85 1.00000000e+00
  7.60996657e-69 1.36623090e-53 1.78116105e-62 5.58020206e-19
  2.22970762e-54 1.36607376e-33 5.67956231e-47 3.17064934e-39
  6.75087628e-29 4.76605990e-61 2.16591900e-80 1.16261582e-82
  3.61536531e-22 4.47136152e-28 2.84744046e-71 4.87831901e-35
  1.00000000e+00]
 [8.26111422e-30 4.90005892e-45 4.10881357e-34 7.60996657e-69
  1.00000000e+00 3.10520481e-21 1.95688938e-87 3.98004139e-37
  1.88692523e-24 2.96774622e-53 1.50554107e-47 1.94547663e-49
  7.97352601e-13 4.27978747e-12 7.96985101e-29 2.49342440e-17
  1.21137735e-21 1.25498009e-17 2.43917321e-22 1.03635805e-29
  1.00000000e+00]
 [1.29252071e-56 1.73362111e-32 1.51380982e-20 1.36623090e-53
  3.10520481e-21 1.00000000e+00 1.01413785e-65 1.28134575e-43
  4.16579163e-28 4.13777571e-46 8.13656967e-55 6.44123122e-48
  6.96024626e-15 1.78247101e-09 1.87400998e-30 3.41292173e-25
  2.36694852e-12 3.50652045e-18 2.89906050e-45 1.31369979e-18
  1.00000000e+00]
 [1.01586855e-53 6.55610754e-49 2.22717236e-84 1.78116105e-62
  1.95688938e-87 1.01413785e-65 1.00000000e+00 1.94325163e-73
  3.01182273e-83 2.33222794e-29 3.10530802e-87 7.64463433e-63
  4.51869145e-79 1.33987953e-82 1.46902380e-67 1.87691882e-46
  4.61381384e-40 7.60235122e-54 1.39013053e-48 3.42566679e-49
  1.00000000e+00]
 [6.88816585e-33 3.80785745e-40 1.09131949e-61 5.58020206e-19
  3.98004139e-37 1.28134575e-43 1.94325163e-73 1.00000000e+00
  3.72812710e-54 7.50315877e-55 3.29259577e-65 1.82731691e-37
  2.24518932e-18 1.13091922e-29 1.12280665e-60 5.86255753e-52
  2.22793839e-17 3.74957344e-17 2.03341845e-57 8.13134175e-14
  1.00000000e+00]
 [9.43233846e-29 5.88993398e-22 2.65695272e-38 2.22970762e-54
  1.88692523e-24 4.16579163e-28 3.01182273e-83 3.72812710e-54
  1.00000000e+00 5.10979979e-38 3.39092320e-13 2.14837089e-20
  4.74035506e-17 2.71295476e-36 2.30038122e-26 1.09575297e-37
  1.24286422e-21 1.44435862e-28 4.64281168e-35 6.40271702e-52
  1.00000000e+00]
 [1.28745726e-34 1.02792877e-26 1.84519501e-86 1.36607376e-33
  2.96774622e-53 4.13777571e-46 2.33222794e-29 7.50315877e-55
  5.10979979e-38 1.00000000e+00 1.23833344e-23 1.88493224e-48
  7.09694964e-38 5.37993781e-68 1.80145990e-47 1.89565037e-47
  3.58564151e-25 1.22964707e-24 5.52588987e-30 2.34786010e-50
  1.00000000e+00]
 [5.52757065e-36 2.93478910e-31 3.21927966e-87 5.67956231e-47
  1.50554107e-47 8.13656967e-55 3.10530802e-87 3.29259577e-65
  3.39092320e-13 1.23833344e-23 1.00000000e+00 1.74026907e-35
  3.76352860e-30 4.65246991e-72 2.31442178e-43 8.11036401e-65
  9.11522236e-37 1.72747684e-34 2.24200033e-45 1.32860769e-75
  1.00000000e+00]
 [5.48139290e-23 1.58736744e-23 1.68421825e-44 3.17064934e-39
  1.94547663e-49 6.44123122e-48 7.64463433e-63 1.82731691e-37
  2.14837089e-20 1.88493224e-48 1.74026907e-35 1.00000000e+00
  1.19513586e-31 1.38874793e-47 6.69298705e-36 1.37134764e-45
  3.90833668e-21 2.34634521e-36 1.12423876e-53 9.45574913e-42
  1.00000000e+00]
 [8.68669191e-31 9.27703220e-24 8.56475731e-37 6.75087628e-29
  7.97352601e-13 6.96024626e-15 4.51869145e-79 2.24518932e-18
  4.74035506e-17 7.09694964e-38 3.76352860e-30 1.19513586e-31
  1.00000000e+00 5.19823012e-14 2.93542270e-34 7.56200838e-35
  1.13765731e-08 3.54335027e-08 3.26029943e-37 4.91187753e-20
  1.00000000e+00]
 [3.67372571e-48 6.89763630e-44 9.69113854e-17 4.76605990e-61
  4.27978747e-12 1.78247101e-09 1.33987953e-82 1.13091922e-29
  2.71295476e-36 5.37993781e-68 4.65246991e-72 1.38874793e-47
  5.19823012e-14 1.00000000e+00 3.13844722e-35 8.55446697e-22
  1.14488555e-15 5.79562655e-20 3.37533794e-45 1.00924964e-12
  1.00000000e+00]
 [3.48398931e-47 2.11938266e-61 6.70176113e-54 2.16591900e-80
  7.96985101e-29 1.87400998e-30 1.46902380e-67 1.12280665e-60
  2.30038122e-26 1.80145990e-47 2.31442178e-43 6.69298705e-36
  2.93542270e-34 3.13844722e-35 1.00000000e+00 2.56451510e-15
  3.49606538e-30 2.30324831e-23 2.54850701e-48 1.92253438e-39
  1.00000000e+00]
 [2.06505107e-33 1.19772311e-52 7.78502306e-34 1.16261582e-82
  2.49342440e-17 3.41292173e-25 1.87691882e-46 5.86255753e-52
  1.09575297e-37 1.89565037e-47 8.11036401e-65 1.37134764e-45
  7.56200838e-35 8.55446697e-22 2.56451510e-15 1.00000000e+00
  1.85823180e-23 2.50436715e-24 1.43744197e-22 3.96363242e-26
  1.00000000e+00]
 [1.28327480e-23 2.78482150e-13 1.05142448e-27 3.61536531e-22
  1.21137735e-21 2.36694852e-12 4.61381384e-40 2.22793839e-17
  1.24286422e-21 3.58564151e-25 9.11522236e-37 3.90833668e-21
  1.13765731e-08 1.14488555e-15 3.49606538e-30 1.85823180e-23
  1.00000000e+00 1.92339578e-08 1.97497266e-29 5.68399932e-10
  1.00000000e+00]
 [4.26282087e-31 8.46042286e-34 1.69094653e-52 4.47136152e-28
  1.25498009e-17 3.50652045e-18 7.60235122e-54 3.74957344e-17
  1.44435862e-28 1.22964707e-24 1.72747684e-34 2.34634521e-36
  3.54335027e-08 5.79562655e-20 2.30324831e-23 2.50436715e-24
  1.92339578e-08 1.00000000e+00 1.55054158e-34 6.47219586e-13
  1.00000000e+00]
 [5.45867156e-15 1.07809285e-33 1.08754216e-52 2.84744046e-71
  2.43917321e-22 2.89906050e-45 1.39013053e-48 2.03341845e-57
  4.64281168e-35 5.52588987e-30 2.24200033e-45 1.12423876e-53
  3.26029943e-37 3.37533794e-45 2.54850701e-48 1.43744197e-22
  1.97497266e-29 1.55054158e-34 1.00000000e+00 1.69085107e-50
  1.00000000e+00]
 [4.75824980e-44 1.02780701e-40 3.38636370e-36 4.87831901e-35
  1.03635805e-29 1.31369979e-18 3.42566679e-49 8.13134175e-14
  6.40271702e-52 2.34786010e-50 1.32860769e-75 9.45574913e-42
  4.91187753e-20 1.00924964e-12 1.92253438e-39 3.96363242e-26
  5.68399932e-10 6.47219586e-13 1.69085107e-50 1.00000000e+00
  1.00000000e+00]
 [1.00000000e+00 1.00000000e+00 1.00000000e+00 1.00000000e+00
  1.00000000e+00 1.00000000e+00 1.00000000e+00 1.00000000e+00
  1.00000000e+00 1.00000000e+00 1.00000000e+00 1.00000000e+00
  1.00000000e+00 1.00000000e+00 1.00000000e+00 1.00000000e+00
  1.00000000e+00 1.00000000e+00 1.00000000e+00 1.00000000e+00
  0.00000000e+00]]
