[[1.00000000e+000 2.52082037e-048 2.87772048e-042 7.50776636e-027
  1.78883581e-042 3.92741192e-056 3.74139961e-065 3.17938047e-085
  1.03218827e-051 3.62835552e-075 2.46378119e-113 4.57670850e-059
  1.61898794e-032 4.37189000e-037 5.75621203e-036 3.21030388e-039
  1.41037279e-031 1.42266497e-029 2.81526133e-032 4.07650670e-018
  1.00000000e+000]
 [2.52082037e-048 1.00000000e+000 2.08019594e-021 6.53907277e-033
  4.16578742e-043 6.19177206e-028 6.12557057e-053 1.26804022e-023
  1.33704276e-034 1.22584926e-016 1.21060159e-070 4.40563147e-053
  2.15802126e-040 4.14482313e-027 2.53903333e-038 8.93981151e-046
  1.77191481e-047 9.07922034e-024 1.29453148e-016 3.10346757e-017
  1.00000000e+000]
 [2.87772048e-042 2.08019594e-021 1.00000000e+000 1.70186257e-008
  2.17037568e-042 2.27210640e-022 1.53610845e-026 4.03151371e-039
  6.25365092e-027 7.43551175e-039 6.30687152e-039 2.50671523e-050
  7.22681823e-053 4.79782165e-012 1.37008486e-032 7.58951429e-012
  1.95276851e-039 1.32349720e-021 1.42275893e-006 4.72043005e-030
  1.00000000e+000]
 [7.50776636e-027 6.53907277e-033 1.70186257e-008 1.00000000e+000
  2.68673929e-058 1.78021409e-026 5.84373092e-040 4.62619117e-063
  5.58547317e-049 5.78017103e-067 1.30715716e-069 8.26622384e-075
  4.01606154e-051 6.35604232e-016 1.59412903e-035 4.70484132e-021
  1.12874172e-047 6.47402697e-020 1.82479626e-012 1.92152516e-021
  1.00000000e+000]
 [1.78883581e-042 4.16578742e-043 2.17037568e-042 2.68673929e-058
  1.00000000e+000 7.77775266e-090 3.88810291e-062 6.30508023e-056
  1.96057661e-019 1.22285433e-033 6.56008385e-080 1.47516827e-021
  6.80391660e-040 1.20628772e-031 1.90086359e-019 3.31811926e-039
  5.66941565e-038 9.24954572e-046 7.73740512e-027 1.08403276e-054
  1.00000000e+000]
 [3.92741192e-056 6.19177206e-028 2.27210640e-022 1.78021409e-026
  7.77775266e-090 1.00000000e+000 9.93769885e-053 5.50808914e-059
  1.59645380e-049 8.31900320e-053 2.54476184e-064 1.47743311e-078
  1.05385147e-079 4.83376414e-054 7.08671296e-083 2.04518588e-035
  1.80877814e-052 7.10691355e-047 2.60583992e-033 4.93586672e-031
  1.00000000e+000]
 [3.74139961e-065 6.12557057e-053 1.53610845e-026 5.84373092e-040
  3.88810291e-062 9.93769885e-053 1.00000000e+000 1.31981009e-039
  1.74661336e-038 1.26848575e-054 3.99269599e-014 1.04692563e-037
  1.26394233e-071 6.30636690e-025 5.98382883e-056 7.26633886e-016
  1.15820644e-020 4.54990866e-024 5.02017029e-045 2.25023142e-063
  1.00000000e+000]
 [3.17938047e-085 1.26804022e-023 4.03151371e-039 4.62619117e-063
  6.30508023e-056 5.50808914e-059 1.31981009e-039 1.00000000e+000
  6.84052510e-054 9.35587355e-034 5.12552164e-042 2.06873884e-038
  7.19820674e-038 4.45859928e-036 6.70174250e-070 8.38014669e-053
  4.01452481e-052 4.71218048e-038 2.92990843e-038 1.20152520e-046
  1.00000000e+000]
 [1.03218827e-051 1.33704276e-034 6.25365092e-027 5.58547317e-049
  1.96057661e-019 1.59645380e-049 1.74661336e-038 6.84052510e-054
  1.00000000e+000 4.81590676e-016 2.94352001e-044 3.39475398e-020
  7.74186361e-072 3.81864271e-037 2.24971617e-033 3.85090050e-020
  1.00050638e-022 3.50762636e-044 1.80480391e-028 2.03965283e-058
  1.00000000e+000]
 [3.62835552e-075 1.22584926e-016 7.43551175e-039 5.78017103e-067
  1.22285433e-033 8.31900320e-053 1.26848575e-054 9.35587355e-034
  4.81590676e-016 1.00000000e+000 1.98314827e-059 1.51156183e-035
  7.30765940e-072 3.71768680e-045 3.44783495e-043 1.27791307e-050
  2.33895047e-042 1.26254093e-044 5.46287678e-037 8.70253429e-055
  1.00000000e+000]
 [2.46378119e-113 1.21060159e-070 6.30687152e-039 1.30715716e-069
  6.56008385e-080 2.54476184e-064 3.99269599e-014 5.12552164e-042
  2.94352001e-044 1.98314827e-059 1.00000000e+000 5.44814482e-042
  3.81408393e-104 1.73895645e-051 2.56680691e-092 1.60208351e-026
  3.24976027e-045 1.01571429e-061 1.37197451e-061 4.86080481e-101
  1.00000000e+000]
 [4.57670850e-059 4.40563147e-053 2.50671523e-050 8.26622384e-075
  1.47516827e-021 1.47743311e-078 1.04692563e-037 2.06873884e-038
  3.39475398e-020 1.51156183e-035 5.44814482e-042 1.00000000e+000
  8.49601354e-047 2.93379239e-048 9.77326071e-058 1.87006917e-030
  1.54101320e-017 8.02046888e-054 1.08546160e-046 9.23015591e-067
  1.00000000e+000]
 [1.61898794e-032 2.15802126e-040 7.22681823e-053 4.01606154e-051
  6.80391660e-040 1.05385147e-079 1.26394233e-071 7.19820674e-038
  7.74186361e-072 7.30765940e-072 3.81408393e-104 8.49601354e-047
  1.00000000e+000 8.33661523e-037 3.51797834e-054 5.42658797e-060
  5.76238344e-052 1.31213315e-037 2.63432545e-033 1.13256406e-021
  1.00000000e+000]
 [4.37189000e-037 4.14482313e-027 4.79782165e-012 6.35604232e-016
  1.20628772e-031 4.83376414e-054 6.30636690e-025 4.45859928e-036
  3.81864271e-037 3.71768680e-045 1.73895645e-051 2.93379239e-048
  8.33661523e-037 1.00000000e+000 6.93147447e-015 8.61313157e-023
  1.26891823e-037 2.32119740e-008 1.96123983e-012 4.74070106e-031
  1.00000000e+000]
 [5.75621203e-036 2.53903333e-038 1.37008486e-032 1.59412903e-035
  1.90086359e-019 7.08671296e-083 5.98382883e-056 6.70174250e-070
  2.24971617e-033 3.44783495e-043 2.56680691e-092 9.77326071e-058
  3.51797834e-054 6.93147447e-015 1.00000000e+000 5.00259950e-043
  2.22939485e-047 2.96107288e-022 2.75206947e-024 1.65828289e-045
  1.00000000e+000]
 [3.21030388e-039 8.93981151e-046 7.58951429e-012 4.70484132e-021
  3.31811926e-039 2.04518588e-035 7.26633886e-016 8.38014669e-053
  3.85090050e-020 1.27791307e-050 1.60208351e-026 1.87006917e-030
  5.42658797e-060 8.61313157e-023 5.00259950e-043 1.00000000e+000
  8.22009121e-020 1.23971535e-031 1.53385663e-021 7.43065886e-048
  1.00000000e+000]
 [1.41037279e-031 1.77191481e-047 1.95276851e-039 1.12874172e-047
  5.66941565e-038 1.80877814e-052 1.15820644e-020 4.01452481e-052
  1.00050638e-022 2.33895047e-042 3.24976027e-045 1.54101320e-017
  5.76238344e-052 1.26891823e-037 2.22939485e-047 8.22009121e-020
  1.00000000e+000 5.40023403e-028 3.08238808e-045 1.05892252e-045
  1.00000000e+000]
 [1.42266497e-029 9.07922034e-024 1.32349720e-021 6.47402697e-020
  9.24954572e-046 7.10691355e-047 4.54990866e-024 4.71218048e-038
  3.50762636e-044 1.26254093e-044 1.01571429e-061 8.02046888e-054
  1.31213315e-037 2.32119740e-008 2.96107288e-022 1.23971535e-031
  5.40023403e-028 1.00000000e+000 1.26582553e-024 1.26211268e-021
  1.00000000e+000]
 [2.81526133e-032 1.29453148e-016 1.42275893e-006 1.82479626e-012
  7.73740512e-027 2.60583992e-033 5.02017029e-045 2.92990843e-038
  1.80480391e-028 5.46287678e-037 1.37197451e-061 1.08546160e-046
  2.63432545e-033 1.96123983e-012 2.75206947e-024 1.53385663e-021
  3.08238808e-045 1.26582553e-024 1.00000000e+000 8.97309327e-021
  1.00000000e+000]
 [4.07650670e-018 3.10346757e-017 4.72043005e-030 1.92152516e-021
  1.08403276e-054 4.93586672e-031 2.25023142e-063 1.20152520e-046
  2.03965283e-058 8.70253429e-055 4.86080481e-101 9.23015591e-067
  1.13256406e-021 4.74070106e-031 1.65828289e-045 7.43065886e-048
  1.05892252e-045 1.26211268e-021 8.97309327e-021 1.00000000e+000
  1.00000000e+000]
 [1.00000000e+000 1.00000000e+000 1.00000000e+000 1.00000000e+000
  1.00000000e+000 1.00000000e+000 1.00000000e+000 1.00000000e+000
  1.00000000e+000 1.00000000e+000 1.00000000e+000 1.00000000e+000
  1.00000000e+000 1.00000000e+000 1.00000000e+000 1.00000000e+000
  1.00000000e+000 1.00000000e+000 1.00000000e+000 1.00000000e+000
  0.00000000e+000]]
