[[1.00000000e+00 4.35437442e-56 1.52269558e-12 ... 1.09355057e-32
  1.35324229e-69 1.00000000e+00]
 [4.35437442e-56 1.00000000e+00 4.29651528e-47 ... 4.28945717e-26
  6.64056385e-47 1.00000000e+00]
 [1.52269558e-12 4.29651528e-47 1.00000000e+00 ... 6.24006960e-34
  2.03561889e-29 1.00000000e+00]
 ...
 [1.09355057e-32 4.28945717e-26 6.24006960e-34 ... 1.00000000e+00
  3.44095285e-66 1.00000000e+00]
 [1.35324229e-69 6.64056385e-47 2.03561889e-29 ... 3.44095285e-66
  1.00000000e+00 1.00000000e+00]
 [1.00000000e+00 1.00000000e+00 1.00000000e+00 ... 1.00000000e+00
  1.00000000e+00 0.00000000e+00]]
