[[1.00000000e+00 2.69774555e-38 2.29190798e-13 ... 1.45475793e-56
  5.60212061e-59 1.00000000e+00]
 [2.69774555e-38 1.00000000e+00 1.54393103e-56 ... 1.90964733e-71
  8.48987811e-85 1.00000000e+00]
 [2.29190798e-13 1.54393103e-56 1.00000000e+00 ... 5.28969747e-70
  3.38540971e-61 1.00000000e+00]
 ...
 [1.45475793e-56 1.90964733e-71 5.28969747e-70 ... 1.00000000e+00
  1.36150311e-20 1.00000000e+00]
 [5.60212061e-59 8.48987811e-85 3.38540971e-61 ... 1.36150311e-20
  1.00000000e+00 1.00000000e+00]
 [1.00000000e+00 1.00000000e+00 1.00000000e+00 ... 1.00000000e+00
  1.00000000e+00 0.00000000e+00]]
