[[1.00000000e+00 3.61583436e-27 1.10202464e-40 ... 1.08235434e-50
  1.46574897e-41 1.00000000e+00]
 [3.61583436e-27 1.00000000e+00 8.33233472e-17 ... 1.22509089e-48
  4.78044667e-23 1.00000000e+00]
 [1.10202464e-40 8.33233472e-17 1.00000000e+00 ... 2.67155716e-36
  1.31883781e-10 1.00000000e+00]
 ...
 [1.08235434e-50 1.22509089e-48 2.67155716e-36 ... 1.00000000e+00
  5.96414380e-11 1.00000000e+00]
 [1.46574897e-41 4.78044667e-23 1.31883781e-10 ... 5.96414380e-11
  1.00000000e+00 1.00000000e+00]
 [1.00000000e+00 1.00000000e+00 1.00000000e+00 ... 1.00000000e+00
  1.00000000e+00 0.00000000e+00]]
