[[1.00000000e+00 4.16567895e-33 3.16269164e-35 ... 4.03196995e-16
  1.43380608e-39 1.00000000e+00]
 [4.16567895e-33 1.00000000e+00 1.12097039e-11 ... 5.07070217e-61
  9.08424473e-25 1.00000000e+00]
 [3.16269164e-35 1.12097039e-11 1.00000000e+00 ... 2.77539200e-73
  1.03159357e-27 1.00000000e+00]
 ...
 [4.03196995e-16 5.07070217e-61 2.77539200e-73 ... 1.00000000e+00
  2.70544926e-42 1.00000000e+00]
 [1.43380608e-39 9.08424473e-25 1.03159357e-27 ... 2.70544926e-42
  1.00000000e+00 1.00000000e+00]
 [1.00000000e+00 1.00000000e+00 1.00000000e+00 ... 1.00000000e+00
  1.00000000e+00 0.00000000e+00]]
