[[1.00000000e+00 6.65205624e-27 1.33925211e-23 ... 9.80888867e-22
  4.88364378e-44 1.00000000e+00]
 [6.65205624e-27 1.00000000e+00 1.27834187e-19 ... 8.86623374e-19
  1.31792572e-26 1.00000000e+00]
 [1.33925211e-23 1.27834187e-19 1.00000000e+00 ... 2.41206023e-29
  5.08171975e-61 1.00000000e+00]
 ...
 [9.80888867e-22 8.86623374e-19 2.41206023e-29 ... 1.00000000e+00
  9.58940199e-38 1.00000000e+00]
 [4.88364378e-44 1.31792572e-26 5.08171975e-61 ... 9.58940199e-38
  1.00000000e+00 1.00000000e+00]
 [1.00000000e+00 1.00000000e+00 1.00000000e+00 ... 1.00000000e+00
  1.00000000e+00 0.00000000e+00]]
