[[1.00000000e+00 9.55190313e-50 2.99483216e-25 2.05694306e-55
  6.91602454e-08 5.60977170e-31 1.50234473e-46 6.03259604e-40
  1.64149641e-48 9.61386900e-52 1.53726025e-64 1.42718287e-49
  1.07656131e-47 6.65549430e-22 5.99329613e-57 2.85538932e-32
  3.42002093e-76 5.03149802e-35 6.79757182e-34 2.48330546e-55
  1.00000000e+00]
 [9.55190313e-50 1.00000000e+00 7.31083279e-13 1.62521435e-10
  1.29406777e-48 1.79741850e-14 5.86744322e-21 1.00147748e-55
  1.15989000e-43 9.37282381e-43 9.57258107e-36 8.54016905e-41
  1.61645950e-63 3.37512717e-43 2.16201163e-32 2.06178025e-60
  4.43406345e-67 1.37694482e-40 3.62864758e-26 1.59457070e-46
  1.00000000e+00]
 [2.99483216e-25 7.31083279e-13 1.00000000e+00 2.85510472e-31
  1.00464200e-25 6.93372201e-15 2.30221888e-14 7.99571743e-29
  8.51194882e-45 1.38618672e-32 1.72420912e-40 1.30585577e-36
  5.95213148e-63 7.88100124e-23 2.11450409e-41 6.26254116e-32
  2.27849880e-70 1.56212558e-43 1.94136487e-18 2.44563400e-49
  1.00000000e+00]
 [2.05694306e-55 1.62521435e-10 2.85510472e-31 1.00000000e+00
  1.37727889e-48 2.60718642e-24 6.77696598e-27 1.08095471e-61
  4.73375701e-27 5.67426342e-51 3.78831665e-23 2.02475112e-31
  8.86360727e-38 1.10624210e-48 9.70648473e-26 4.64383478e-67
  6.34082205e-41 3.32443881e-40 8.50471476e-34 3.43849148e-32
  1.00000000e+00]
 [6.91602454e-08 1.29406777e-48 1.00464200e-25 1.37727889e-48
  1.00000000e+00 6.05764473e-33 2.47906771e-32 3.20362418e-31
  5.45581854e-28 6.75881435e-30 3.76606393e-39 5.86705740e-31
  1.43247668e-45 1.85234264e-14 2.63428646e-42 6.50191785e-16
  1.07888615e-52 2.82831434e-34 3.89552724e-43 6.62549114e-43
  1.00000000e+00]
 [5.60977170e-31 1.79741850e-14 6.93372201e-15 2.60718642e-24
  6.05764473e-33 1.00000000e+00 1.25899973e-35 3.57924052e-51
  2.48440261e-35 2.23591181e-26 1.16036712e-39 7.60251506e-60
  5.13876272e-62 9.18750676e-46 1.53441094e-56 8.18945499e-34
  1.12751567e-52 3.08411829e-17 7.42334594e-20 6.40689297e-24
  1.00000000e+00]
 [1.50234473e-46 5.86744322e-21 2.30221888e-14 6.77696598e-27
  2.47906771e-32 1.25899973e-35 1.00000000e+00 1.68290477e-37
  1.64959890e-26 8.49548370e-37 2.28728126e-16 8.52234929e-22
  5.40792780e-48 6.52715682e-16 1.04771796e-35 5.15584153e-38
  4.15657479e-56 1.56809136e-57 5.63797330e-42 8.95059901e-52
  1.00000000e+00]
 [6.03259604e-40 1.00147748e-55 7.99571743e-29 1.08095471e-61
  3.20362418e-31 3.57924052e-51 1.68290477e-37 1.00000000e+00
  5.11785671e-61 7.82372406e-47 7.56398920e-55 4.87877113e-27
  6.66383884e-72 2.99713834e-49 5.86120496e-49 1.13009476e-28
  1.23634994e-50 1.49130918e-95 2.00391593e-25 3.11238223e-51
  1.00000000e+00]
 [1.64149641e-48 1.15989000e-43 8.51194882e-45 4.73375701e-27
  5.45581854e-28 2.48440261e-35 1.64959890e-26 5.11785671e-61
  1.00000000e+00 2.08890921e-30 6.10594670e-06 2.35039184e-38
  2.96263621e-29 1.69235262e-32 1.24681731e-52 4.08730990e-31
  1.48760948e-20 5.80085031e-30 1.68492308e-59 2.28770013e-19
  1.00000000e+00]
 [9.61386900e-52 9.37282381e-43 1.38618672e-32 5.67426342e-51
  6.75881435e-30 2.23591181e-26 8.49548370e-37 7.82372406e-47
  2.08890921e-30 1.00000000e+00 6.22102945e-29 1.09323975e-50
  2.15083865e-96 1.82397902e-48 4.54074695e-55 2.33147024e-12
  3.73123953e-45 2.24261200e-38 5.85842622e-59 2.42266732e-32
  1.00000000e+00]
 [1.53726025e-64 9.57258107e-36 1.72420912e-40 3.78831665e-23
  3.76606393e-39 1.16036712e-39 2.28728126e-16 7.56398920e-55
  6.10594670e-06 6.22102945e-29 1.00000000e+00 1.30230870e-29
  7.58394482e-41 1.18249483e-36 3.22067417e-44 3.03084592e-36
  3.90472460e-22 1.87492773e-47 4.06079456e-59 1.43290126e-25
  1.00000000e+00]
 [1.42718287e-49 8.54016905e-41 1.30585577e-36 2.02475112e-31
  5.86705740e-31 7.60251506e-60 8.52234929e-22 4.87877113e-27
  2.35039184e-38 1.09323975e-50 1.30230870e-29 1.00000000e+00
  1.82755455e-50 1.08216507e-32 5.15720313e-10 1.46385812e-50
  2.85025773e-47 1.85656904e-83 1.38669605e-50 5.72829042e-59
  1.00000000e+00]
 [1.07656131e-47 1.61645950e-63 5.95213148e-63 8.86360727e-38
  1.43247668e-45 5.13876272e-62 5.40792780e-48 6.66383884e-72
  2.96263621e-29 2.15083865e-96 7.58394482e-41 1.82755455e-50
  1.00000000e+00 2.38340424e-43 1.53032366e-71 9.21150367e-76
  1.32093955e-45 2.85646188e-61 2.35899916e-53 3.17330576e-46
  1.00000000e+00]
 [6.65549430e-22 3.37512717e-43 7.88100124e-23 1.10624210e-48
  1.85234264e-14 9.18750676e-46 6.52715682e-16 2.99713834e-49
  1.69235262e-32 1.82397902e-48 1.18249483e-36 1.08216507e-32
  2.38340424e-43 1.00000000e+00 4.55121744e-47 2.50032583e-36
  1.51317972e-79 1.16441067e-46 8.77437802e-58 3.32900127e-70
  1.00000000e+00]
 [5.99329613e-57 2.16201163e-32 2.11450409e-41 9.70648473e-26
  2.63428646e-42 1.53441094e-56 1.04771796e-35 5.86120496e-49
  1.24681731e-52 4.54074695e-55 3.22067417e-44 5.15720313e-10
  1.53032366e-71 4.55121744e-47 1.00000000e+00 8.59504562e-71
  5.96595230e-67 1.91835512e-76 1.77150605e-58 8.97775788e-71
  1.00000000e+00]
 [2.85538932e-32 2.06178025e-60 6.26254116e-32 4.64383478e-67
  6.50191785e-16 8.18945499e-34 5.15584153e-38 1.13009476e-28
  4.08730990e-31 2.33147024e-12 3.03084592e-36 1.46385812e-50
  9.21150367e-76 2.50032583e-36 8.59504562e-71 1.00000000e+00
  1.41050259e-42 1.93144206e-46 1.87983553e-49 2.20887030e-32
  1.00000000e+00]
 [3.42002093e-76 4.43406345e-67 2.27849880e-70 6.34082205e-41
  1.07888615e-52 1.12751567e-52 4.15657479e-56 1.23634994e-50
  1.48760948e-20 3.73123953e-45 3.90472460e-22 2.85025773e-47
  1.32093955e-45 1.51317972e-79 5.96595230e-67 1.41050259e-42
  1.00000000e+00 1.10614192e-67 3.39119141e-55 1.79425986e-09
  1.00000000e+00]
 [5.03149802e-35 1.37694482e-40 1.56212558e-43 3.32443881e-40
  2.82831434e-34 3.08411829e-17 1.56809136e-57 1.49130918e-95
  5.80085031e-30 2.24261200e-38 1.87492773e-47 1.85656904e-83
  2.85646188e-61 1.16441067e-46 1.91835512e-76 1.93144206e-46
  1.10614192e-67 1.00000000e+00 1.06636317e-60 6.54399199e-37
  1.00000000e+00]
 [6.79757182e-34 3.62864758e-26 1.94136487e-18 8.50471476e-34
  3.89552724e-43 7.42334594e-20 5.63797330e-42 2.00391593e-25
  1.68492308e-59 5.85842622e-59 4.06079456e-59 1.38669605e-50
  2.35899916e-53 8.77437802e-58 1.77150605e-58 1.87983553e-49
  3.39119141e-55 1.06636317e-60 1.00000000e+00 1.20060826e-35
  1.00000000e+00]
 [2.48330546e-55 1.59457070e-46 2.44563400e-49 3.43849148e-32
  6.62549114e-43 6.40689297e-24 8.95059901e-52 3.11238223e-51
  2.28770013e-19 2.42266732e-32 1.43290126e-25 5.72829042e-59
  3.17330576e-46 3.32900127e-70 8.97775788e-71 2.20887030e-32
  1.79425986e-09 6.54399199e-37 1.20060826e-35 1.00000000e+00
  1.00000000e+00]
 [1.00000000e+00 1.00000000e+00 1.00000000e+00 1.00000000e+00
  1.00000000e+00 1.00000000e+00 1.00000000e+00 1.00000000e+00
  1.00000000e+00 1.00000000e+00 1.00000000e+00 1.00000000e+00
  1.00000000e+00 1.00000000e+00 1.00000000e+00 1.00000000e+00
  1.00000000e+00 1.00000000e+00 1.00000000e+00 1.00000000e+00
  0.00000000e+00]]
