[[1.00000000e+00 2.13364917e-48 2.38619363e-65 2.82700187e-30
  1.83688594e-19 9.33525873e-11 9.82613422e-52 1.27830013e-61
  2.20237626e-42 5.76977918e-87 1.78473798e-35 3.09663174e-62
  1.02295117e-18 1.17763112e-27 1.10391993e-34 2.94767566e-12
  7.56854010e-50 3.09065699e-41 1.28409230e-55 7.74487965e-29
  1.00000000e+00]
 [2.13364917e-48 1.00000000e+00 1.51679722e-43 9.15409835e-54
  6.17148902e-29 4.27061172e-22 5.82418661e-31 3.37361428e-44
  8.75093952e-26 1.96757431e-31 2.11487088e-25 1.75667237e-22
  2.68050093e-55 2.85605769e-32 2.20603879e-26 1.29034829e-42
  5.65424622e-32 8.45349630e-07 1.70794457e-19 9.72102947e-74
  1.00000000e+00]
 [2.38619363e-65 1.51679722e-43 1.00000000e+00 4.94491423e-56
  2.07157041e-54 5.15121625e-41 8.56354758e-73 4.30288054e-13
  1.40762422e-38 1.99458085e-35 8.78002061e-18 1.92902956e-54
  8.45098354e-61 1.56543980e-58 8.54534670e-45 1.02734805e-62
  2.15124993e-33 2.81408252e-43 1.17424156e-17 2.39981461e-53
  1.00000000e+00]
 [2.82700187e-30 9.15409835e-54 4.94491423e-56 1.00000000e+00
  5.12084991e-18 4.40220191e-34 6.51814645e-35 4.56952110e-66
  2.15467539e-40 8.79123176e-65 1.58661388e-29 3.96629523e-63
  9.44743571e-40 1.32540312e-38 6.92708764e-13 2.18660243e-12
  3.92879325e-96 1.78716017e-40 2.26575269e-32 4.78753008e-47
  1.00000000e+00]
 [1.83688594e-19 6.17148902e-29 2.07157041e-54 5.12084991e-18
  1.00000000e+00 9.12518953e-21 1.64642582e-32 2.38995322e-55
  6.66900696e-24 1.62786835e-51 3.57264227e-34 7.74219125e-45
  1.04082583e-30 2.01275097e-20 1.43466026e-23 1.14195970e-14
  3.19519720e-60 4.00494107e-21 1.44402891e-29 1.79343763e-29
  1.00000000e+00]
 [9.33525873e-11 4.27061172e-22 5.15121625e-41 4.40220191e-34
  9.12518953e-21 1.00000000e+00 6.13556480e-48 7.08109071e-46
  8.71655018e-39 1.11051391e-61 7.55757140e-22 8.27174480e-40
  5.52575402e-18 3.81358301e-34 9.98166949e-21 4.80133017e-13
  5.42529051e-25 8.88370242e-27 1.01416875e-34 7.15862239e-46
  1.00000000e+00]
 [9.82613422e-52 5.82418661e-31 8.56354758e-73 6.51814645e-35
  1.64642582e-32 6.13556480e-48 1.00000000e+00 1.88702051e-52
  1.55963621e-24 5.50017780e-63 8.08787618e-26 1.54056733e-64
  9.90107739e-91 1.26293483e-16 1.09040699e-34 4.04366358e-49
  2.06512601e-89 1.13190477e-13 1.01285223e-24 3.22747253e-73
  1.00000000e+00]
 [1.27830013e-61 3.37361428e-44 4.30288054e-13 4.56952110e-66
  2.38995322e-55 7.08109071e-46 1.88702051e-52 1.00000000e+00
  2.02940816e-30 1.27568783e-53 7.67706388e-15 5.24604929e-75
  6.00791002e-85 3.63317817e-38 8.82051378e-63 6.55309242e-76
  8.25321509e-34 7.24490058e-35 4.30408863e-18 4.77140204e-49
  1.00000000e+00]
 [2.20237626e-42 8.75093952e-26 1.40762422e-38 2.15467539e-40
  6.66900696e-24 8.71655018e-39 1.55963621e-24 2.02940816e-30
  1.00000000e+00 1.02696495e-21 6.55441952e-22 3.48724511e-29
  4.19529856e-56 9.49558569e-08 4.01125019e-37 7.09131171e-49
  1.52466761e-51 7.83111953e-10 2.07583612e-20 1.20872097e-27
  1.00000000e+00]
 [5.76977918e-87 1.96757431e-31 1.99458085e-35 8.79123176e-65
  1.62786835e-51 1.11051391e-61 5.50017780e-63 1.27568783e-53
  1.02696495e-21 1.00000000e+00 4.19550366e-42 1.01575761e-13
  5.84055673e-67 7.34320799e-51 1.60181901e-41 3.50616557e-73
  2.59110354e-62 2.12031283e-28 5.62446224e-29 2.37962606e-65
  1.00000000e+00]
 [1.78473798e-35 2.11487088e-25 8.78002061e-18 1.58661388e-29
  3.57264227e-34 7.55757140e-22 8.08787618e-26 7.67706388e-15
  6.55441952e-22 4.19550366e-42 1.00000000e+00 6.82610741e-47
  3.87064550e-53 1.58076753e-25 9.90741976e-22 7.67578702e-36
  4.49121943e-39 3.47145750e-18 2.71997282e-09 6.91441666e-49
  1.00000000e+00]
 [3.09663174e-62 1.75667237e-22 1.92902956e-54 3.96629523e-63
  7.74219125e-45 8.27174480e-40 1.54056733e-64 5.24604929e-75
  3.48724511e-29 1.01575761e-13 6.82610741e-47 1.00000000e+00
  1.03437486e-39 4.70799689e-49 9.02200548e-31 4.35548587e-51
  9.22882392e-51 8.08194890e-27 5.49836846e-45 1.48430549e-68
  1.00000000e+00]
 [1.02295117e-18 2.68050093e-55 8.45098354e-61 9.44743571e-40
  1.04082583e-30 5.52575402e-18 9.90107739e-91 6.00791002e-85
  4.19529856e-56 5.84055673e-67 3.87064550e-53 1.03437486e-39
  1.00000000e+00 1.28955672e-58 2.70218540e-31 2.50750971e-15
  8.83281086e-52 7.85875471e-59 2.48991207e-68 8.46700771e-39
  1.00000000e+00]
 [1.17763112e-27 2.85605769e-32 1.56543980e-58 1.32540312e-38
  2.01275097e-20 3.81358301e-34 1.26293483e-16 3.63317817e-38
  9.49558569e-08 7.34320799e-51 1.58076753e-25 4.70799689e-49
  1.28955672e-58 1.00000000e+00 6.19554446e-43 2.25280981e-42
  3.29866717e-58 7.74191310e-13 2.95653222e-31 2.46741957e-27
  1.00000000e+00]
 [1.10391993e-34 2.20603879e-26 8.54534670e-45 6.92708764e-13
  1.43466026e-23 9.98166949e-21 1.09040699e-34 8.82051378e-63
  4.01125019e-37 1.60181901e-41 9.90741976e-22 9.02200548e-31
  2.70218540e-31 6.19554446e-43 1.00000000e+00 1.60736685e-12
  9.01701798e-68 4.12686431e-26 2.29439096e-24 1.58401911e-65
  1.00000000e+00]
 [2.94767566e-12 1.29034829e-42 1.02734805e-62 2.18660243e-12
  1.14195970e-14 4.80133017e-13 4.04366358e-49 6.55309242e-76
  7.09131171e-49 3.50616557e-73 7.67578702e-36 4.35548587e-51
  2.50750971e-15 2.25280981e-42 1.60736685e-12 1.00000000e+00
  3.11398805e-68 8.34704593e-41 8.87642497e-46 9.01431238e-48
  1.00000000e+00]
 [7.56854010e-50 5.65424622e-32 2.15124993e-33 3.92879325e-96
  3.19519720e-60 5.42529051e-25 2.06512601e-89 8.25321509e-34
  1.52466761e-51 2.59110354e-62 4.49121943e-39 9.22882392e-51
  8.83281086e-52 3.29866717e-58 9.01701798e-68 3.11398805e-68
  1.00000000e+00 1.49461938e-43 1.67033455e-49 1.44283204e-63
  1.00000000e+00]
 [3.09065699e-41 8.45349630e-07 2.81408252e-43 1.78716017e-40
  4.00494107e-21 8.88370242e-27 1.13190477e-13 7.24490058e-35
  7.83111953e-10 2.12031283e-28 3.47145750e-18 8.08194890e-27
  7.85875471e-59 7.74191310e-13 4.12686431e-26 8.34704593e-41
  1.49461938e-43 1.00000000e+00 5.41208719e-14 2.66321980e-53
  1.00000000e+00]
 [1.28409230e-55 1.70794457e-19 1.17424156e-17 2.26575269e-32
  1.44402891e-29 1.01416875e-34 1.01285223e-24 4.30408863e-18
  2.07583612e-20 5.62446224e-29 2.71997282e-09 5.49836846e-45
  2.48991207e-68 2.95653222e-31 2.29439096e-24 8.87642497e-46
  1.67033455e-49 5.41208719e-14 1.00000000e+00 2.27062280e-58
  1.00000000e+00]
 [7.74487965e-29 9.72102947e-74 2.39981461e-53 4.78753008e-47
  1.79343763e-29 7.15862239e-46 3.22747253e-73 4.77140204e-49
  1.20872097e-27 2.37962606e-65 6.91441666e-49 1.48430549e-68
  8.46700771e-39 2.46741957e-27 1.58401911e-65 9.01431238e-48
  1.44283204e-63 2.66321980e-53 2.27062280e-58 1.00000000e+00
  1.00000000e+00]
 [1.00000000e+00 1.00000000e+00 1.00000000e+00 1.00000000e+00
  1.00000000e+00 1.00000000e+00 1.00000000e+00 1.00000000e+00
  1.00000000e+00 1.00000000e+00 1.00000000e+00 1.00000000e+00
  1.00000000e+00 1.00000000e+00 1.00000000e+00 1.00000000e+00
  1.00000000e+00 1.00000000e+00 1.00000000e+00 1.00000000e+00
  0.00000000e+00]]
