[[1.00000000e+000 1.71828120e-035 6.48549231e-037 9.33404928e-016
  8.32293184e-047 9.96064440e-047 3.34148365e-063 3.48777674e-068
  9.18709816e-059 3.10914452e-048 1.12712967e-074 1.00290699e-072
  1.03826976e-055 1.71596216e-014 5.12436070e-059 9.65145434e-071
  7.66207439e-036 1.27649026e-022 8.67018098e-052 6.58832076e-059
  1.00000000e+000]
 [1.71828120e-035 1.00000000e+000 1.94015813e-048 2.05010067e-052
  1.44195966e-043 3.61271649e-022 7.70689960e-038 3.30400149e-024
  5.90248607e-040 9.93641235e-047 1.81306356e-088 1.27707646e-052
  7.07730711e-061 7.66334840e-023 4.79856303e-034 7.94553738e-055
  3.27495304e-026 5.59607686e-051 1.12496504e-080 4.99412187e-048
  1.00000000e+000]
 [6.48549231e-037 1.94015813e-048 1.00000000e+000 3.90863890e-040
  1.25861179e-067 3.62189275e-018 5.91696471e-039 8.40387306e-048
  4.08705270e-050 3.05149929e-023 3.67800389e-046 2.40628310e-018
  1.34062091e-059 1.80700627e-045 6.30339285e-045 3.35598583e-070
  7.91898231e-043 3.63375126e-050 1.85836867e-021 3.00146533e-038
  1.00000000e+000]
 [9.33404928e-016 2.05010067e-052 3.90863890e-040 1.00000000e+000
  1.93729084e-051 5.50722653e-054 1.61445356e-059 2.58221288e-056
  2.49416478e-061 1.04129326e-048 1.23228176e-052 1.04911968e-060
  1.61256212e-053 1.35603978e-021 5.21315849e-045 2.91411061e-058
  1.74080755e-034 5.30475516e-042 2.45892138e-027 9.98642960e-053
  1.00000000e+000]
 [8.32293184e-047 1.44195966e-043 1.25861179e-067 1.93729084e-051
  1.00000000e+000 2.57351627e-041 3.53354590e-056 3.79046850e-051
  4.28166851e-075 1.93075523e-095 5.13925978e-109 1.53619584e-076
  3.19081407e-015 2.65055660e-021 1.19713222e-088 2.66543249e-032
  6.09872804e-012 6.08302980e-049 1.44714544e-074 1.95440119e-039
  1.00000000e+000]
 [9.96064440e-047 3.61271649e-022 3.62189275e-018 5.50722653e-054
  2.57351627e-041 1.00000000e+000 5.72628316e-033 1.20209606e-019
  4.57836069e-051 4.20949201e-048 3.46726582e-082 4.51936999e-021
  9.44638149e-048 2.24573810e-041 7.45813848e-047 9.67541003e-059
  9.82583230e-030 4.12029866e-061 1.38889836e-049 1.06651145e-038
  1.00000000e+000]
 [3.34148365e-063 7.70689960e-038 5.91696471e-039 1.61445356e-059
  3.53354590e-056 5.72628316e-033 1.00000000e+000 2.28310949e-018
  2.35715000e-006 3.87429092e-040 1.39075598e-033 3.28145905e-015
  1.21505840e-030 1.64646501e-038 1.43558086e-051 1.48328691e-017
  9.79444454e-036 2.11479643e-036 9.11871400e-036 2.75273081e-007
  1.00000000e+000]
 [3.48777674e-068 3.30400149e-024 8.40387306e-048 2.58221288e-056
  3.79046850e-051 1.20209606e-019 2.28310949e-018 1.00000000e+000
  4.71206110e-032 2.48437361e-059 8.51117214e-070 1.66827609e-021
  3.68170500e-047 1.39122996e-045 3.67344862e-040 1.37365524e-036
  4.29274863e-035 9.88993156e-070 4.56142620e-053 8.81887880e-032
  1.00000000e+000]
 [9.18709816e-059 5.90248607e-040 4.08705270e-050 2.49416478e-061
  4.28166851e-075 4.57836069e-051 2.35715000e-006 4.71206110e-032
  1.00000000e+000 1.40311339e-037 5.99682019e-031 5.24833576e-030
  3.71059395e-046 4.80184551e-039 3.61381359e-054 4.04926280e-027
  5.67047423e-049 7.05850184e-029 5.05300645e-046 6.77930207e-017
  1.00000000e+000]
 [3.10914452e-048 9.93641235e-047 3.05149929e-023 1.04129326e-048
  1.93075523e-095 4.20949201e-048 3.87429092e-040 2.48437361e-059
  1.40311339e-037 1.00000000e+000 1.79381644e-022 6.97946835e-036
  9.96001786e-088 4.65428673e-043 4.70473682e-018 1.83281914e-067
  6.25908250e-047 1.00139474e-058 1.06772245e-036 8.45636386e-041
  1.00000000e+000]
 [1.12712967e-074 1.81306356e-088 3.67800389e-046 1.23228176e-052
  5.13925978e-109 3.46726582e-082 1.39075598e-033 8.51117214e-070
  5.99682019e-031 1.79381644e-022 1.00000000e+000 4.89930959e-038
  6.34009737e-074 1.05044947e-058 1.76808535e-046 3.12662577e-047
  2.78446676e-063 2.12615804e-058 3.03503283e-020 2.63326063e-029
  1.00000000e+000]
 [1.00290699e-072 1.27707646e-052 2.40628310e-018 1.04911968e-060
  1.53619584e-076 4.51936999e-021 3.28145905e-015 1.66827609e-021
  5.24833576e-030 6.97946835e-036 4.89930959e-038 1.00000000e+000
  5.01786952e-053 6.82839036e-062 6.00761451e-047 6.13966301e-048
  2.89195987e-050 4.92478075e-065 9.29523483e-023 1.52262558e-023
  1.00000000e+000]
 [1.03826976e-055 7.07730711e-061 1.34062091e-059 1.61256212e-053
  3.19081407e-015 9.44638149e-048 1.21505840e-030 3.68170500e-047
  3.71059395e-046 9.96001786e-088 6.34009737e-074 5.01786952e-053
  1.00000000e+000 2.15999454e-029 1.49506440e-099 4.79933295e-014
  9.57041176e-024 2.23007143e-030 4.30815760e-048 9.07516108e-017
  1.00000000e+000]
 [1.71596216e-014 7.66334840e-023 1.80700627e-045 1.35603978e-021
  2.65055660e-021 2.24573810e-041 1.64646501e-038 1.39122996e-045
  4.80184551e-039 4.65428673e-043 1.05044947e-058 6.82839036e-062
  2.15999454e-029 1.00000000e+000 2.50605177e-044 2.69925979e-029
  1.26753874e-009 3.88431042e-021 2.78200414e-050 2.05095289e-029
  1.00000000e+000]
 [5.12436070e-059 4.79856303e-034 6.30339285e-045 5.21315849e-045
  1.19713222e-088 7.45813848e-047 1.43558086e-051 3.67344862e-040
  3.61381359e-054 4.70473682e-018 1.76808535e-046 6.00761451e-047
  1.49506440e-099 2.50605177e-044 1.00000000e+000 3.22199189e-070
  1.07831898e-040 2.56094420e-090 7.92794028e-055 8.13784221e-057
  1.00000000e+000]
 [9.65145434e-071 7.94553738e-055 3.35598583e-070 2.91411061e-058
  2.66543249e-032 9.67541003e-059 1.48328691e-017 1.37365524e-036
  4.04926280e-027 1.83281914e-067 3.12662577e-047 6.13966301e-048
  4.79933295e-014 2.69925979e-029 3.22199189e-070 1.00000000e+000
  2.70540539e-022 7.79650065e-041 1.10164713e-048 4.93862203e-008
  1.00000000e+000]
 [7.66207439e-036 3.27495304e-026 7.91898231e-043 1.74080755e-034
  6.09872804e-012 9.82583230e-030 9.79444454e-036 4.29274863e-035
  5.67047423e-049 6.25908250e-047 2.78446676e-063 2.89195987e-050
  9.57041176e-024 1.26753874e-009 1.07831898e-040 2.70540539e-022
  1.00000000e+000 1.16610379e-043 4.00972120e-049 1.51472833e-022
  1.00000000e+000]
 [1.27649026e-022 5.59607686e-051 3.63375126e-050 5.30475516e-042
  6.08302980e-049 4.12029866e-061 2.11479643e-036 9.88993156e-070
  7.05850184e-029 1.00139474e-058 2.12615804e-058 4.92478075e-065
  2.23007143e-030 3.88431042e-021 2.56094420e-090 7.79650065e-041
  1.16610379e-043 1.00000000e+000 1.78277604e-051 6.26909323e-032
  1.00000000e+000]
 [8.67018098e-052 1.12496504e-080 1.85836867e-021 2.45892138e-027
  1.44714544e-074 1.38889836e-049 9.11871400e-036 4.56142620e-053
  5.05300645e-046 1.06772245e-036 3.03503283e-020 9.29523483e-023
  4.30815760e-048 2.78200414e-050 7.92794028e-055 1.10164713e-048
  4.00972120e-049 1.78277604e-051 1.00000000e+000 5.85948835e-029
  1.00000000e+000]
 [6.58832076e-059 4.99412187e-048 3.00146533e-038 9.98642960e-053
  1.95440119e-039 1.06651145e-038 2.75273081e-007 8.81887880e-032
  6.77930207e-017 8.45636386e-041 2.63326063e-029 1.52262558e-023
  9.07516108e-017 2.05095289e-029 8.13784221e-057 4.93862203e-008
  1.51472833e-022 6.26909323e-032 5.85948835e-029 1.00000000e+000
  1.00000000e+000]
 [1.00000000e+000 1.00000000e+000 1.00000000e+000 1.00000000e+000
  1.00000000e+000 1.00000000e+000 1.00000000e+000 1.00000000e+000
  1.00000000e+000 1.00000000e+000 1.00000000e+000 1.00000000e+000
  1.00000000e+000 1.00000000e+000 1.00000000e+000 1.00000000e+000
  1.00000000e+000 1.00000000e+000 1.00000000e+000 1.00000000e+000
  0.00000000e+000]]
