[[1.00000000e+00 2.76811797e-45 5.24609689e-60 ... 9.25555059e-62
  2.94576031e-57 1.00000000e+00]
 [2.76811797e-45 1.00000000e+00 1.23693100e-52 ... 1.17473798e-46
  6.91866258e-84 1.00000000e+00]
 [5.24609689e-60 1.23693100e-52 1.00000000e+00 ... 2.91907490e-45
  1.38091989e-60 1.00000000e+00]
 ...
 [9.25555059e-62 1.17473798e-46 2.91907490e-45 ... 1.00000000e+00
  7.82225760e-58 1.00000000e+00]
 [2.94576031e-57 6.91866258e-84 1.38091989e-60 ... 7.82225760e-58
  1.00000000e+00 1.00000000e+00]
 [1.00000000e+00 1.00000000e+00 1.00000000e+00 ... 1.00000000e+00
  1.00000000e+00 0.00000000e+00]]
