[[1.00000000e+000 9.27077315e-071 8.92644135e-037 8.22217219e-056
  1.37074822e-060 2.34170793e-021 1.39263140e-026 2.39111525e-079
  7.96433833e-048 1.67746904e-052 4.64613587e-026 3.58559933e-050
  2.06759032e-050 8.33412306e-070 7.84524274e-038 9.93853512e-108
  2.05575806e-026 6.00175719e-060 1.32462389e-052 2.70789015e-104
  1.00000000e+000]
 [9.27077315e-071 1.00000000e+000 4.76597452e-031 1.19988155e-030
  2.66732860e-013 6.86048731e-026 1.78002573e-025 2.06454697e-051
  1.48157951e-021 5.61152796e-048 4.90307811e-040 4.72621357e-073
  1.76778489e-053 4.46094751e-011 8.65132821e-017 4.35732830e-059
  5.60593860e-036 1.98860149e-023 1.92248731e-059 5.00358110e-039
  1.00000000e+000]
 [8.92644135e-037 4.76597452e-031 1.00000000e+000 5.92050012e-018
  9.33762044e-021 2.30692501e-015 5.37890892e-013 2.70345289e-021
  1.88778362e-045 3.10311814e-015 5.83617576e-051 5.61516694e-039
  2.97460474e-010 6.32363398e-034 5.75847581e-015 9.43337269e-057
  2.61347132e-037 1.41054052e-022 1.06081260e-023 9.23730221e-057
  1.00000000e+000]
 [8.22217219e-056 1.19988155e-030 5.92050012e-018 1.00000000e+000
  1.14824975e-030 3.35019799e-030 4.82736271e-024 2.67446298e-026
  1.23276461e-044 4.93801084e-035 2.24022814e-070 4.53731887e-036
  1.01442090e-028 1.40801796e-020 2.41626083e-041 3.75877364e-069
  8.48063748e-047 2.10328667e-040 3.09109716e-060 1.15873794e-043
  1.00000000e+000]
 [1.37074822e-060 2.66732860e-013 9.33762044e-021 1.14824975e-030
  1.00000000e+000 1.18507387e-027 1.20449205e-027 2.23028942e-029
  4.41621661e-028 8.84673241e-024 4.70227132e-040 2.56488016e-044
  5.95785664e-051 2.06691673e-010 3.70076480e-018 8.48092134e-041
  4.60741296e-035 2.30608677e-005 2.04829912e-025 6.94087803e-028
  1.00000000e+000]
 [2.34170793e-021 6.86048731e-026 2.30692501e-015 3.35019799e-030
  1.18507387e-027 1.00000000e+000 1.49324819e-014 3.09279801e-040
  9.34304237e-017 1.14528882e-022 1.62787917e-019 3.66506683e-050
  8.62179751e-023 2.89290261e-031 3.33523590e-013 4.23915516e-059
  1.11839680e-025 3.42006593e-026 5.06564831e-036 1.38983869e-064
  1.00000000e+000]
 [1.39263140e-026 1.78002573e-025 5.37890892e-013 4.82736271e-024
  1.20449205e-027 1.49324819e-014 1.00000000e+000 9.18305940e-057
  2.42992930e-031 2.07737208e-041 1.24901474e-028 8.02734817e-065
  4.14845420e-031 6.11541379e-037 2.50113735e-015 2.26000663e-098
  2.48661854e-035 5.03369705e-040 2.44834204e-052 2.02190045e-081
  1.00000000e+000]
 [2.39111525e-079 2.06454697e-051 2.70345289e-021 2.67446298e-026
  2.23028942e-029 3.09279801e-040 9.18305940e-057 1.00000000e+000
  1.93451159e-063 8.07779968e-009 3.90047833e-092 7.38280691e-027
  1.77320758e-027 1.00708037e-032 2.50114858e-049 1.99048533e-024
  1.57617518e-064 2.23175733e-021 5.79821823e-025 5.61604622e-033
  1.00000000e+000]
 [7.96433833e-048 1.48157951e-021 1.88778362e-045 1.23276461e-044
  4.41621661e-028 9.34304237e-017 2.42992930e-031 1.93451159e-063
  1.00000000e+000 6.30325376e-044 5.84764889e-014 8.12529962e-075
  4.49464081e-068 2.82976917e-021 1.23206579e-033 2.01172763e-074
  1.74281518e-043 4.61279108e-033 9.78674744e-065 8.20091922e-065
  1.00000000e+000]
 [1.67746904e-052 5.61152796e-048 3.10311814e-015 4.93801084e-035
  8.84673241e-024 1.14528882e-022 2.07737208e-041 8.07779968e-009
  6.30325376e-044 1.00000000e+000 6.64598592e-058 1.53802446e-032
  8.94215807e-025 6.51476445e-036 3.47429455e-034 1.46469369e-031
  1.78851621e-054 2.07302147e-014 2.87849089e-012 1.84414738e-049
  1.00000000e+000]
 [4.64613587e-026 4.90307811e-040 5.83617576e-051 2.24022814e-070
  4.70227132e-040 1.62787917e-019 1.24901474e-028 3.90047833e-092
  5.84764889e-014 6.64598592e-058 1.00000000e+000 8.74687646e-085
  9.17858731e-079 4.34108840e-048 6.05633666e-029 2.62433115e-101
  8.27279058e-035 5.26012386e-044 5.13142837e-061 7.30652312e-096
  1.00000000e+000]
 [3.58559933e-050 4.72621357e-073 5.61516694e-039 4.53731887e-036
  2.56488016e-044 3.66506683e-050 8.02734817e-065 7.38280691e-027
  8.12529962e-075 1.53802446e-032 8.74687646e-085 1.00000000e+000
  4.19848674e-054 1.81995486e-042 1.06220022e-061 5.00594664e-041
  3.92537981e-035 5.12372313e-036 1.73175057e-032 1.98512639e-031
  1.00000000e+000]
 [2.06759032e-050 1.76778489e-053 2.97460474e-010 1.01442090e-028
  5.95785664e-051 8.62179751e-023 4.14845420e-031 1.77320758e-027
  4.49464081e-068 8.94215807e-025 9.17858731e-079 4.19848674e-054
  1.00000000e+000 1.18026001e-059 9.51620768e-031 8.81300548e-065
  1.00971810e-055 1.77624819e-046 8.77904898e-042 8.78886760e-080
  1.00000000e+000]
 [8.33412306e-070 4.46094751e-011 6.32363398e-034 1.40801796e-020
  2.06691673e-010 2.89290261e-031 6.11541379e-037 1.00708037e-032
  2.82976917e-021 6.51476445e-036 4.34108840e-048 1.81995486e-042
  1.18026001e-059 1.00000000e+000 1.34311698e-033 6.08006671e-042
  2.11173169e-036 4.12349946e-017 5.86255490e-051 1.25675780e-017
  1.00000000e+000]
 [7.84524274e-038 8.65132821e-017 5.75847581e-015 2.41626083e-041
  3.70076480e-018 3.33523590e-013 2.50113735e-015 2.50114858e-049
  1.23206579e-033 3.47429455e-034 6.05633666e-029 1.06220022e-061
  9.51620768e-031 1.34311698e-033 1.00000000e+000 3.46656695e-058
  2.55954179e-021 4.94827059e-020 1.16346977e-030 2.41420436e-058
  1.00000000e+000]
 [9.93853512e-108 4.35732830e-059 9.43337269e-057 3.75877364e-069
  8.48092134e-041 4.23915516e-059 2.26000663e-098 1.99048533e-024
  2.01172763e-074 1.46469369e-031 2.62433115e-101 5.00594664e-041
  8.81300548e-065 6.08006671e-042 3.46656695e-058 1.00000000e+000
  9.79094768e-059 1.04063353e-021 1.03219505e-031 5.01614361e-020
  1.00000000e+000]
 [2.05575806e-026 5.60593860e-036 2.61347132e-037 8.48063748e-047
  4.60741296e-035 1.11839680e-025 2.48661854e-035 1.57617518e-064
  1.74281518e-043 1.78851621e-054 8.27279058e-035 3.92537981e-035
  1.00971810e-055 2.11173169e-036 2.55954179e-021 9.79094768e-059
  1.00000000e+000 9.76386390e-034 4.63449600e-044 2.15412134e-044
  1.00000000e+000]
 [6.00175719e-060 1.98860149e-023 1.41054052e-022 2.10328667e-040
  2.30608677e-005 3.42006593e-026 5.03369705e-040 2.23175733e-021
  4.61279108e-033 2.07302147e-014 5.26012386e-044 5.12372313e-036
  1.77624819e-046 4.12349946e-017 4.94827059e-020 1.04063353e-021
  9.76386390e-034 1.00000000e+000 9.49602261e-013 1.68053551e-024
  1.00000000e+000]
 [1.32462389e-052 1.92248731e-059 1.06081260e-023 3.09109716e-060
  2.04829912e-025 5.06564831e-036 2.44834204e-052 5.79821823e-025
  9.78674744e-065 2.87849089e-012 5.13142837e-061 1.73175057e-032
  8.77904898e-042 5.86255490e-051 1.16346977e-030 1.03219505e-031
  4.63449600e-044 9.49602261e-013 1.00000000e+000 2.05605481e-051
  1.00000000e+000]
 [2.70789015e-104 5.00358110e-039 9.23730221e-057 1.15873794e-043
  6.94087803e-028 1.38983869e-064 2.02190045e-081 5.61604622e-033
  8.20091922e-065 1.84414738e-049 7.30652312e-096 1.98512639e-031
  8.78886760e-080 1.25675780e-017 2.41420436e-058 5.01614361e-020
  2.15412134e-044 1.68053551e-024 2.05605481e-051 1.00000000e+000
  1.00000000e+000]
 [1.00000000e+000 1.00000000e+000 1.00000000e+000 1.00000000e+000
  1.00000000e+000 1.00000000e+000 1.00000000e+000 1.00000000e+000
  1.00000000e+000 1.00000000e+000 1.00000000e+000 1.00000000e+000
  1.00000000e+000 1.00000000e+000 1.00000000e+000 1.00000000e+000
  1.00000000e+000 1.00000000e+000 1.00000000e+000 1.00000000e+000
  0.00000000e+000]]
