[[1.00000000e+000 1.59687041e-061 1.69409253e-068 5.24380829e-012
  9.92509950e-062 6.42731652e-021 1.10457601e-042 7.45629251e-085
  4.86403606e-043 2.75357439e-040 3.37597847e-116 5.26610544e-075
  2.06675687e-065 1.45894724e-061 2.54242457e-080 5.94101067e-054
  2.94913410e-070 1.78994600e-045 6.49066400e-112 1.10316547e-070
  3.64862019e-155 8.94090370e-028 1.53512099e-029 2.76713704e-054
  2.68305854e-096 1.00000000e+000]
 [1.59687041e-061 1.00000000e+000 1.34895905e-029 7.57716915e-052
  6.22750089e-014 8.11025188e-037 3.06493106e-049 8.84899704e-030
  4.91778431e-053 4.20454357e-013 4.63405819e-036 8.47401065e-042
  2.91541792e-063 3.39822580e-046 4.23877413e-050 1.28058405e-034
  2.28680568e-061 7.91180727e-047 1.87177865e-077 2.04071254e-035
  2.95071616e-054 1.93800855e-039 1.71209690e-038 4.92709103e-051
  8.10520473e-043 1.00000000e+000]
 [1.69409253e-068 1.34895905e-029 1.00000000e+000 2.14467578e-053
  1.20608190e-012 1.37938527e-036 8.23719748e-019 1.23372015e-053
  3.38195771e-029 1.76094520e-024 1.84121081e-037 9.97097374e-034
  5.51790232e-023 3.25481488e-052 9.15405559e-062 1.38293555e-022
  1.63703572e-032 2.76104630e-031 8.33868368e-052 5.76039790e-074
  1.04192039e-034 9.38125975e-043 2.34430985e-038 2.92446477e-055
  5.16166410e-046 1.00000000e+000]
 [5.24380829e-012 7.57716915e-052 2.14467578e-053 1.00000000e+000
  1.91549933e-046 1.47443238e-036 5.00485894e-036 1.53980017e-071
  2.34696504e-022 1.88693646e-039 3.94120292e-081 4.35381516e-043
  1.96850407e-049 3.68077753e-029 3.65349951e-047 6.87672874e-033
  2.92795996e-042 2.35592443e-019 1.34761449e-058 8.65764821e-041
  3.93114494e-107 3.21698694e-022 6.57639145e-028 6.65997931e-055
  1.96790712e-066 1.00000000e+000]
 [9.92509950e-062 6.22750089e-014 1.20608190e-012 1.91549933e-046
  1.00000000e+000 1.11155925e-035 9.80088391e-037 2.44408602e-038
  3.14604104e-023 1.71061276e-009 1.72035105e-018 3.54612751e-033
  5.66390621e-028 1.53332479e-037 1.10427444e-038 7.20250345e-016
  3.62274834e-040 1.05897784e-029 1.03747067e-045 1.48484084e-050
  1.86295994e-035 1.15289261e-024 3.43661390e-023 1.39072255e-048
  4.25074542e-024 1.00000000e+000]
 [6.42731652e-021 8.11025188e-037 1.37938527e-036 1.47443238e-036
  1.11155925e-035 1.00000000e+000 4.29375277e-021 2.08387733e-070
  8.93042922e-041 4.09738761e-014 2.64429330e-097 2.25805744e-062
  1.04806477e-051 7.01083795e-084 1.12949711e-094 2.65313050e-036
  6.25713099e-067 1.04416990e-051 1.36979614e-119 1.45576335e-083
  6.68907837e-112 2.84922309e-039 1.60408508e-035 1.68857909e-029
  1.33049044e-092 1.00000000e+000]
 [1.10457601e-042 3.06493106e-049 8.23719748e-019 5.00485894e-036
  9.80088391e-037 4.29375277e-021 1.00000000e+000 2.55364295e-091
  7.39955886e-026 4.30051613e-031 1.88066323e-090 9.22344201e-043
  9.40127186e-043 8.27254755e-070 7.84226079e-097 7.86053886e-027
  2.49782588e-047 1.33674851e-026 4.33543971e-078 5.23308036e-088
  2.02252958e-071 8.98423745e-054 2.92895838e-056 1.76283790e-046
  1.10586972e-095 1.00000000e+000]
 [7.45629251e-085 8.84899704e-030 1.23372015e-053 1.53980017e-071
  2.44408602e-038 2.08387733e-070 2.55364295e-091 1.00000000e+000
  8.20474536e-080 3.07576025e-041 5.11135037e-037 2.88907480e-035
  4.21641733e-050 1.09675871e-071 1.95034547e-026 4.04790999e-046
  7.33736989e-038 3.63426076e-091 6.71900644e-085 1.26421619e-027
  1.65427011e-071 1.06406859e-063 4.30577678e-043 1.23484893e-045
  2.26086405e-029 1.00000000e+000]
 [4.86403606e-043 4.91778431e-053 3.38195771e-029 2.34696504e-022
  3.14604104e-023 8.93042922e-041 7.39955886e-026 8.20474536e-080
  1.00000000e+000 1.79589844e-028 2.48460800e-052 2.64396904e-033
  3.73518649e-023 2.56140913e-036 1.66255787e-048 2.20926967e-011
  6.86886932e-033 3.72854928e-012 2.25527526e-032 6.20093929e-064
  6.79290662e-060 3.58372950e-025 1.67598317e-030 8.01349172e-052
  2.01004868e-049 1.00000000e+000]
 [2.75357439e-040 4.20454357e-013 1.76094520e-024 1.88693646e-039
  1.71061276e-009 4.09738761e-014 4.30051613e-031 3.07576025e-041
  1.79589844e-028 1.00000000e+000 5.26785963e-047 9.43549597e-039
  4.06546022e-039 1.40483093e-057 6.35221166e-056 3.90239487e-017
  3.35359275e-051 2.68471204e-040 6.88934496e-079 5.11598820e-052
  1.64226311e-063 1.41304319e-028 1.14212648e-025 1.95714289e-026
  1.64973355e-048 1.00000000e+000]
 [3.37597847e-116 4.63405819e-036 1.84121081e-037 3.94120292e-081
  1.72035105e-018 2.64429330e-097 1.88066323e-090 5.11135037e-037
  2.48460800e-052 5.26785963e-047 1.00000000e+000 8.57729209e-045
  3.85663277e-043 1.50350376e-037 2.70340376e-022 8.96830509e-041
  4.25106774e-047 6.64104044e-056 2.12142027e-031 1.32334142e-050
  2.40060428e-030 2.50606626e-047 1.20887434e-042 2.58228445e-093
  5.27990935e-006 1.00000000e+000]
 [5.26610544e-075 8.47401065e-042 9.97097374e-034 4.35381516e-043
  3.54612751e-033 2.25805744e-062 9.22344201e-043 2.88907480e-035
  2.64396904e-033 9.43549597e-039 8.57729209e-045 1.00000000e+000
  4.19078693e-031 1.42202008e-056 1.01306458e-032 5.08372809e-011
  1.35295821e-010 5.27940654e-044 1.72625269e-037 9.70367352e-027
  7.31690394e-032 6.97768930e-067 2.91264543e-058 4.81996770e-030
  1.80757515e-045 1.00000000e+000]
 [2.06675687e-065 2.91541792e-063 5.51790232e-023 1.96850407e-049
  5.66390621e-028 1.04806477e-051 9.40127186e-043 4.21641733e-050
  3.73518649e-023 4.06546022e-039 3.85663277e-043 4.19078693e-031
  1.00000000e+000 3.22185421e-063 6.58560981e-041 3.67034109e-019
  3.70210936e-013 6.18866818e-048 8.18649611e-046 3.90028420e-075
  3.58640987e-059 7.38284777e-042 6.97883478e-028 3.62863508e-045
  3.12189177e-035 1.00000000e+000]
 [1.45894724e-061 3.39822580e-046 3.25481488e-052 3.68077753e-029
  1.53332479e-037 7.01083795e-084 8.27254755e-070 1.09675871e-071
  2.56140913e-036 1.40483093e-057 1.50350376e-037 1.42202008e-056
  3.22185421e-063 1.00000000e+000 2.60094567e-029 6.40720305e-051
  6.70115059e-057 5.99402929e-017 6.04814567e-026 2.34341990e-040
  1.90493389e-075 1.51842793e-021 8.71898835e-034 9.46466679e-112
  7.16657894e-033 1.00000000e+000]
 [2.54242457e-080 4.23877413e-050 9.15405559e-062 3.65349951e-047
  1.10427444e-038 1.12949711e-094 7.84226079e-097 1.95034547e-026
  1.66255787e-048 6.35221166e-056 2.70340376e-022 1.01306458e-032
  6.58560981e-041 2.60094567e-029 1.00000000e+000 1.04291425e-038
  8.40694002e-029 1.71573210e-055 4.15098482e-031 2.92146142e-020
  6.36126594e-066 3.66898311e-040 1.95470304e-032 2.23633238e-074
  7.81764756e-010 1.00000000e+000]
 [5.94101067e-054 1.28058405e-034 1.38293555e-022 6.87672874e-033
  7.20250345e-016 2.65313050e-036 7.86053886e-027 4.04790999e-046
  2.20926967e-011 3.90239487e-017 8.96830509e-041 5.08372809e-011
  3.67034109e-019 6.40720305e-051 1.04291425e-038 1.00000000e+000
  5.42807385e-019 1.07875678e-028 5.59942053e-039 1.55937807e-042
  4.48456701e-037 5.21454475e-041 5.03231261e-037 5.09372964e-023
  1.79060191e-041 1.00000000e+000]
 [2.94913410e-070 2.28680568e-061 1.63703572e-032 2.92795996e-042
  3.62274834e-040 6.25713099e-067 2.49782588e-047 7.33736989e-038
  6.86886932e-033 3.35359275e-051 4.25106774e-047 1.35295821e-010
  3.70210936e-013 6.70115059e-057 8.40694002e-029 5.42807385e-019
  1.00000000e+000 1.96744369e-048 7.16325381e-036 7.86675245e-044
  6.54290777e-050 4.69294223e-059 7.56674348e-045 6.06912211e-041
  4.17400568e-039 1.00000000e+000]
 [1.78994600e-045 7.91180727e-047 2.76104630e-031 2.35592443e-019
  1.05897784e-029 1.04416990e-051 1.33674851e-026 3.63426076e-091
  3.72854928e-012 2.68471204e-040 6.64104044e-056 5.27940654e-044
  6.18866818e-048 5.99402929e-017 1.71573210e-055 1.07875678e-028
  1.96744369e-048 1.00000000e+000 1.22915497e-029 2.40454820e-059
  1.04545446e-062 2.74807203e-025 1.33687779e-039 2.49824276e-082
  1.65457721e-057 1.00000000e+000]
 [6.49066400e-112 1.87177865e-077 8.33868368e-052 1.34761449e-058
  1.03747067e-045 1.36979614e-119 4.33543971e-078 6.71900644e-085
  2.25527526e-032 6.88934496e-079 2.12142027e-031 1.72625269e-037
  8.18649611e-046 6.04814567e-026 4.15098482e-031 5.59942053e-039
  7.16325381e-036 1.22915497e-029 1.00000000e+000 1.20195783e-057
  8.42770965e-038 1.79020437e-058 1.17383334e-064 5.25401917e-112
  2.41167888e-033 1.00000000e+000]
 [1.10316547e-070 2.04071254e-035 5.76039790e-074 8.65764821e-041
  1.48484084e-050 1.45576335e-083 5.23308036e-088 1.26421619e-027
  6.20093929e-064 5.11598820e-052 1.32334142e-050 9.70367352e-027
  3.90028420e-075 2.34341990e-040 2.92146142e-020 1.55937807e-042
  7.86675245e-044 2.40454820e-059 1.20195783e-057 1.00000000e+000
  4.59488333e-074 7.30359485e-060 1.41805224e-056 6.64217411e-059
  6.50711619e-043 1.00000000e+000]
 [3.64862019e-155 2.95071616e-054 1.04192039e-034 3.93114494e-107
  1.86295994e-035 6.68907837e-112 2.02252958e-071 1.65427011e-071
  6.79290662e-060 1.64226311e-063 2.40060428e-030 7.31690394e-032
  3.58640987e-059 1.90493389e-075 6.36126594e-066 4.48456701e-037
  6.54290777e-050 1.04545446e-062 8.42770965e-038 4.59488333e-074
  1.00000000e+000 2.66850351e-101 5.92759684e-099 3.85258377e-090
  2.34543904e-052 1.00000000e+000]
 [8.94090370e-028 1.93800855e-039 9.38125975e-043 3.21698694e-022
  1.15289261e-024 2.84922309e-039 8.98423745e-054 1.06406859e-063
  3.58372950e-025 1.41304319e-028 2.50606626e-047 6.97768930e-067
  7.38284777e-042 1.51842793e-021 3.66898311e-040 5.21454475e-041
  4.69294223e-059 2.74807203e-025 1.79020437e-058 7.30359485e-060
  2.66850351e-101 1.00000000e+000 1.41163972e-005 3.20179827e-077
  1.37663870e-035 1.00000000e+000]
 [1.53512099e-029 1.71209690e-038 2.34430985e-038 6.57639145e-028
  3.43661390e-023 1.60408508e-035 2.92895838e-056 4.30577678e-043
  1.67598317e-030 1.14212648e-025 1.20887434e-042 2.91264543e-058
  6.97883478e-028 8.71898835e-034 1.95470304e-032 5.03231261e-037
  7.56674348e-045 1.33687779e-039 1.17383334e-064 1.41805224e-056
  5.92759684e-099 1.41163972e-005 1.00000000e+000 1.44892280e-060
  1.10254371e-027 1.00000000e+000]
 [2.76713704e-054 4.92709103e-051 2.92446477e-055 6.65997931e-055
  1.39072255e-048 1.68857909e-029 1.76283790e-046 1.23484893e-045
  8.01349172e-052 1.95714289e-026 2.58228445e-093 4.81996770e-030
  3.62863508e-045 9.46466679e-112 2.23633238e-074 5.09372964e-023
  6.06912211e-041 2.49824276e-082 5.25401917e-112 6.64217411e-059
  3.85258377e-090 3.20179827e-077 1.44892280e-060 1.00000000e+000
  1.40898270e-086 1.00000000e+000]
 [2.68305854e-096 8.10520473e-043 5.16166410e-046 1.96790712e-066
  4.25074542e-024 1.33049044e-092 1.10586972e-095 2.26086405e-029
  2.01004868e-049 1.64973355e-048 5.27990935e-006 1.80757515e-045
  3.12189177e-035 7.16657894e-033 7.81764756e-010 1.79060191e-041
  4.17400568e-039 1.65457721e-057 2.41167888e-033 6.50711619e-043
  2.34543904e-052 1.37663870e-035 1.10254371e-027 1.40898270e-086
  1.00000000e+000 1.00000000e+000]
 [1.00000000e+000 1.00000000e+000 1.00000000e+000 1.00000000e+000
  1.00000000e+000 1.00000000e+000 1.00000000e+000 1.00000000e+000
  1.00000000e+000 1.00000000e+000 1.00000000e+000 1.00000000e+000
  1.00000000e+000 1.00000000e+000 1.00000000e+000 1.00000000e+000
  1.00000000e+000 1.00000000e+000 1.00000000e+000 1.00000000e+000
  1.00000000e+000 1.00000000e+000 1.00000000e+000 1.00000000e+000
  1.00000000e+000 0.00000000e+000]]
