[[1.00000000e+00 2.21072577e-27 2.79805436e-64 ... 1.61985517e-34
  3.02248444e-47 1.00000000e+00]
 [2.21072577e-27 1.00000000e+00 1.27719164e-40 ... 1.69804642e-18
  1.20258356e-63 1.00000000e+00]
 [2.79805436e-64 1.27719164e-40 1.00000000e+00 ... 5.98348275e-13
  1.22088205e-25 1.00000000e+00]
 ...
 [1.61985517e-34 1.69804642e-18 5.98348275e-13 ... 1.00000000e+00
  6.10997621e-19 1.00000000e+00]
 [3.02248444e-47 1.20258356e-63 1.22088205e-25 ... 6.10997621e-19
  1.00000000e+00 1.00000000e+00]
 [1.00000000e+00 1.00000000e+00 1.00000000e+00 ... 1.00000000e+00
  1.00000000e+00 0.00000000e+00]]
