[[1.00000000e+000 1.21890932e-036 1.58813948e-039 1.51959798e-041
  1.38968390e-068 2.04489689e-026 2.18737883e-032 1.50390932e-074
  2.51050269e-064 4.86330860e-025 1.41742506e-060 2.79458337e-056
  2.08792760e-053 1.36664590e-052 2.00344885e-028 8.38977944e-015
  1.05854530e-065 6.45059277e-042 3.21491756e-022 3.27680178e-028
  1.00000000e+000]
 [1.21890932e-036 1.00000000e+000 2.52933769e-035 1.78616132e-075
  9.35715524e-074 1.89944954e-048 5.56086064e-024 1.19824290e-072
  3.25629690e-066 1.25048889e-045 3.10074950e-027 5.11014529e-039
  3.90795331e-081 5.41013485e-036 4.04115248e-053 2.60748073e-025
  5.12963657e-026 9.19134871e-064 2.18440038e-009 3.47748821e-040
  1.00000000e+000]
 [1.58813948e-039 2.52933769e-035 1.00000000e+000 1.72765141e-040
  7.48891202e-029 3.86698011e-021 1.45767192e-020 1.09846338e-029
  2.38739906e-032 1.27660251e-051 3.17739951e-053 8.34329088e-007
  2.77427031e-070 3.74152038e-030 5.64805638e-045 1.01633454e-026
  1.75055232e-054 2.47890102e-037 7.89563708e-027 4.38652422e-029
  1.00000000e+000]
 [1.51959798e-041 1.78616132e-075 1.72765141e-040 1.00000000e+000
  1.37377296e-052 1.79328145e-028 1.69374874e-043 1.10351289e-026
  1.86790015e-034 2.23687411e-016 2.01227645e-064 6.68428856e-068
  2.86702440e-010 2.45517136e-069 2.79421552e-024 1.26051705e-070
  7.41303166e-049 1.50535481e-009 7.33778683e-052 8.63414658e-019
  1.00000000e+000]
 [1.38968390e-068 9.35715524e-074 7.48891202e-029 1.37377296e-052
  1.00000000e+000 6.55414210e-069 5.19322484e-064 1.11296917e-050
  1.49100399e-008 7.73980803e-059 7.35203257e-048 3.98673648e-035
  2.13301920e-077 8.77081452e-051 3.63676249e-100 5.20567109e-079
  7.66950755e-080 1.16379602e-027 4.14649355e-059 1.60590047e-043
  1.00000000e+000]
 [2.04489689e-026 1.89944954e-048 3.86698011e-021 1.79328145e-028
  6.55414210e-069 1.00000000e+000 5.05550839e-023 2.33776248e-047
  6.53081719e-065 2.05701466e-035 6.87227395e-071 4.97481321e-045
  6.14659217e-055 1.93984048e-058 9.58670025e-022 4.71822475e-027
  1.37084088e-065 6.91813029e-043 1.90421227e-040 8.76854396e-027
  1.00000000e+000]
 [2.18737883e-032 5.56086064e-024 1.45767192e-020 1.69374874e-043
  5.19322484e-064 5.05550839e-023 1.00000000e+000 4.68810890e-061
  8.23401308e-048 7.50055467e-042 1.03865632e-038 2.99406631e-026
  4.52287649e-067 4.23484546e-013 4.42615855e-022 1.48321526e-027
  2.18084178e-040 7.29736565e-040 2.09816872e-028 5.18262006e-046
  1.00000000e+000]
 [1.50390932e-074 1.19824290e-072 1.09846338e-029 1.10351289e-026
  1.11296917e-050 2.33776248e-047 4.68810890e-061 1.00000000e+000
  5.80974467e-044 4.26875764e-052 1.11270512e-083 8.81788608e-047
  2.84377837e-036 6.32835269e-084 1.42595037e-052 2.25778404e-076
  2.22807099e-044 9.28198492e-037 1.09025073e-045 1.63029605e-022
  1.00000000e+000]
 [2.51050269e-064 3.25629690e-066 2.38739906e-032 1.86790015e-034
  1.49100399e-008 6.53081719e-065 8.23401308e-048 5.80974467e-044
  1.00000000e+000 3.68806680e-041 1.52781405e-032 8.70404697e-040
  7.97361323e-052 9.85485547e-037 2.62167752e-075 1.93646366e-083
  3.00181850e-054 1.82411929e-011 6.19693269e-054 7.64614807e-040
  1.00000000e+000]
 [4.86330860e-025 1.25048889e-045 1.27660251e-051 2.23687411e-016
  7.73980803e-059 2.05701466e-035 7.50055467e-042 4.26875764e-052
  3.68806680e-041 1.00000000e+000 1.01205849e-033 2.11372713e-079
  1.39059945e-013 3.08271960e-066 7.05038124e-032 5.64919306e-058
  1.56931394e-032 6.20143408e-015 1.69549369e-033 1.41146719e-013
  1.00000000e+000]
 [1.41742506e-060 3.10074950e-027 3.17739951e-053 2.01227645e-064
  7.35203257e-048 6.87227395e-071 1.03865632e-038 1.11270512e-083
  1.52781405e-032 1.01205849e-033 1.00000000e+000 3.17921340e-062
  6.32823723e-068 1.73674091e-036 1.25977297e-078 8.15841188e-075
  1.91871055e-028 1.95106388e-036 4.36109264e-040 1.24354085e-047
  1.00000000e+000]
 [2.79458337e-056 5.11014529e-039 8.34329088e-007 6.68428856e-068
  3.98673648e-035 4.97481321e-045 2.99406631e-026 8.81788608e-047
  8.70404697e-040 2.11372713e-079 3.17921340e-062 1.00000000e+000
  1.49836506e-101 1.61166430e-022 1.26523718e-064 3.51649361e-033
  1.54389706e-066 1.39898124e-056 2.66000069e-033 1.07002670e-053
  1.00000000e+000]
 [2.08792760e-053 3.90795331e-081 2.77427031e-070 2.86702440e-010
  2.13301920e-077 6.14659217e-055 4.52287649e-067 2.84377837e-036
  7.97361323e-052 1.39059945e-013 6.32823723e-068 1.49836506e-101
  1.00000000e+000 4.25453132e-097 2.49553516e-035 7.33692832e-093
  2.31721230e-038 4.53874579e-019 1.46090874e-054 3.40101814e-021
  1.00000000e+000]
 [1.36664590e-052 5.41013485e-036 3.74152038e-030 2.45517136e-069
  8.77081452e-051 1.93984048e-058 4.23484546e-013 6.32835269e-084
  9.85485547e-037 3.08271960e-066 1.73674091e-036 1.61166430e-022
  4.25453132e-097 1.00000000e+000 6.59947016e-056 5.44436955e-047
  6.62619685e-058 3.49741655e-047 2.27729876e-042 7.81409905e-073
  1.00000000e+000]
 [2.00344885e-028 4.04115248e-053 5.64805638e-045 2.79421552e-024
  3.63676249e-100 9.58670025e-022 4.42615855e-022 1.42595037e-052
  2.62167752e-075 7.05038124e-032 1.25977297e-078 1.26523718e-064
  2.49553516e-035 6.59947016e-056 1.00000000e+000 4.53251242e-040
  6.64499753e-048 1.72625525e-041 9.54653363e-039 1.96609188e-038
  1.00000000e+000]
 [8.38977944e-015 2.60748073e-025 1.01633454e-026 1.26051705e-070
  5.20567109e-079 4.71822475e-027 1.48321526e-027 2.25778404e-076
  1.93646366e-083 5.64919306e-058 8.15841188e-075 3.51649361e-033
  7.33692832e-093 5.44436955e-047 4.53251242e-040 1.00000000e+000
  3.06613521e-073 8.54924059e-073 3.34184393e-018 2.98675749e-043
  1.00000000e+000]
 [1.05854530e-065 5.12963657e-026 1.75055232e-054 7.41303166e-049
  7.66950755e-080 1.37084088e-065 2.18084178e-040 2.22807099e-044
  3.00181850e-054 1.56931394e-032 1.91871055e-028 1.54389706e-066
  2.31721230e-038 6.62619685e-058 6.64499753e-048 3.06613521e-073
  1.00000000e+000 6.36254860e-043 1.41230791e-025 1.60347244e-033
  1.00000000e+000]
 [6.45059277e-042 9.19134871e-064 2.47890102e-037 1.50535481e-009
  1.16379602e-027 6.91813029e-043 7.29736565e-040 9.28198492e-037
  1.82411929e-011 6.20143408e-015 1.95106388e-036 1.39898124e-056
  4.53874579e-019 3.49741655e-047 1.72625525e-041 8.54924059e-073
  6.36254860e-043 1.00000000e+000 1.22968572e-046 9.85818943e-023
  1.00000000e+000]
 [3.21491756e-022 2.18440038e-009 7.89563708e-027 7.33778683e-052
  4.14649355e-059 1.90421227e-040 2.09816872e-028 1.09025073e-045
  6.19693269e-054 1.69549369e-033 4.36109264e-040 2.66000069e-033
  1.46090874e-054 2.27729876e-042 9.54653363e-039 3.34184393e-018
  1.41230791e-025 1.22968572e-046 1.00000000e+000 3.55814097e-021
  1.00000000e+000]
 [3.27680178e-028 3.47748821e-040 4.38652422e-029 8.63414658e-019
  1.60590047e-043 8.76854396e-027 5.18262006e-046 1.63029605e-022
  7.64614807e-040 1.41146719e-013 1.24354085e-047 1.07002670e-053
  3.40101814e-021 7.81409905e-073 1.96609188e-038 2.98675749e-043
  1.60347244e-033 9.85818943e-023 3.55814097e-021 1.00000000e+000
  1.00000000e+000]
 [1.00000000e+000 1.00000000e+000 1.00000000e+000 1.00000000e+000
  1.00000000e+000 1.00000000e+000 1.00000000e+000 1.00000000e+000
  1.00000000e+000 1.00000000e+000 1.00000000e+000 1.00000000e+000
  1.00000000e+000 1.00000000e+000 1.00000000e+000 1.00000000e+000
  1.00000000e+000 1.00000000e+000 1.00000000e+000 1.00000000e+000
  0.00000000e+000]]
