[[1.00000000e+000 2.37417889e-043 3.61227839e-040 3.62469546e-063
  1.50854141e-102 1.62852827e-039 1.42247194e-043 9.61852936e-034
  2.92583887e-040 3.69601194e-064 1.81138997e-043 2.74426621e-054
  3.57676326e-060 2.32137937e-061 1.13977954e-051 7.27635732e-062
  4.16150858e-046 4.05105479e-051 5.35574096e-045 6.77272721e-044
  1.00000000e+000]
 [2.37417889e-043 1.00000000e+000 2.35708311e-047 1.06049096e-078
  2.61067809e-076 1.28541070e-075 7.21106073e-040 3.89508999e-006
  5.23752542e-041 4.43082200e-037 1.08132634e-050 1.19212266e-018
  4.79749290e-041 1.46358681e-026 1.05833887e-045 2.60463163e-028
  4.09518051e-051 7.68718679e-050 6.29737221e-061 6.60291046e-056
  1.00000000e+000]
 [3.61227839e-040 2.35708311e-047 1.00000000e+000 5.26823140e-058
  1.32377588e-062 3.76195088e-082 1.30954515e-029 2.26013113e-040
  1.06828927e-007 1.06010956e-046 1.63154263e-012 2.55543822e-080
  1.07785670e-076 1.23980319e-030 3.13430923e-062 6.41965504e-026
  7.27009763e-048 2.27430165e-004 3.24819318e-018 1.30174098e-048
  1.00000000e+000]
 [3.62469546e-063 1.06049096e-078 5.26823140e-058 1.00000000e+000
  3.36748401e-014 3.03346801e-032 1.38863971e-055 1.08277639e-057
  8.23024478e-029 1.71047882e-047 1.96343630e-059 2.39787090e-091
  1.65203450e-022 4.24653608e-077 2.80714955e-014 6.29618784e-051
  5.34022282e-054 2.68673184e-045 1.53860212e-023 1.43731396e-022
  1.00000000e+000]
 [1.50854141e-102 2.61067809e-076 1.32377588e-062 3.36748401e-014
  1.00000000e+000 1.00189261e-065 1.75433114e-057 3.60159325e-062
  1.28284674e-031 3.30040124e-038 2.47476760e-066 1.04615101e-092
  2.01831083e-028 8.51726326e-066 5.12659989e-021 4.12784554e-040
  2.39656865e-058 7.88414127e-045 4.27373721e-029 5.28025908e-041
  1.00000000e+000]
 [1.62852827e-039 1.28541070e-075 3.76195088e-082 3.03346801e-032
  1.00189261e-065 1.00000000e+000 1.28625534e-083 2.67029716e-062
  4.82047560e-052 1.87308313e-050 1.05423547e-098 2.05453994e-053
  1.59382789e-025 1.89697204e-111 4.51431168e-024 6.43404421e-083
  3.50177825e-047 3.09214137e-080 1.98649510e-048 8.37702858e-016
  1.00000000e+000]
 [1.42247194e-043 7.21106073e-040 1.30954515e-029 1.38863971e-055
  1.75433114e-057 1.28625534e-083 1.00000000e+000 6.21270747e-040
  1.03373845e-028 3.02458262e-052 1.04714835e-013 1.64198214e-064
  8.81710788e-065 6.77414344e-010 5.82264967e-042 9.56106403e-021
  4.48181639e-028 5.01948974e-037 1.64534173e-025 9.32064996e-076
  1.00000000e+000]
 [9.61852936e-034 3.89508999e-006 2.26013113e-040 1.08277639e-057
  3.60159325e-062 2.67029716e-062 6.21270747e-040 1.00000000e+000
  6.13372650e-033 1.33549994e-029 2.64365581e-046 4.18263076e-029
  2.21293875e-029 5.38025974e-034 4.99982659e-034 3.08494259e-034
  1.19547337e-047 1.08574464e-037 1.87405947e-047 1.76670308e-042
  1.00000000e+000]
 [2.92583887e-040 5.23752542e-041 1.06828927e-007 8.23024478e-029
  1.28284674e-031 4.82047560e-052 1.03373845e-028 6.13372650e-033
  1.00000000e+000 5.25516883e-030 2.49846188e-019 2.93500142e-063
  1.47505980e-043 1.71995235e-032 1.91378561e-033 3.98978741e-017
  4.16672896e-037 8.86330473e-006 3.02903856e-009 6.86407048e-024
  1.00000000e+000]
 [3.69601194e-064 4.43082200e-037 1.06010956e-046 1.71047882e-047
  3.30040124e-038 1.87308313e-050 3.02458262e-052 1.33549994e-029
  5.25516883e-030 1.00000000e+000 1.16250238e-072 7.97238025e-033
  3.83142726e-025 5.99555049e-059 8.07787643e-022 1.53481014e-049
  2.22777941e-019 3.65755689e-038 2.70841705e-026 2.68832008e-037
  1.00000000e+000]
 [1.81138997e-043 1.08132634e-050 1.63154263e-012 1.96343630e-059
  2.47476760e-066 1.05423547e-098 1.04714835e-013 2.64365581e-046
  2.49846188e-019 1.16250238e-072 1.00000000e+000 5.68427237e-095
  1.06276824e-085 8.84393634e-016 1.21021765e-065 2.62267918e-019
  1.76138848e-058 1.87794393e-019 1.42624255e-028 6.29375070e-071
  1.00000000e+000]
 [2.74426621e-054 1.19212266e-018 2.55543822e-080 2.39787090e-091
  1.04615101e-092 2.05453994e-053 1.64198214e-064 4.18263076e-029
  2.93500142e-063 7.97238025e-033 5.68427237e-095 1.00000000e+000
  3.85661585e-038 7.15551373e-062 5.42744754e-043 1.07027179e-056
  8.54623320e-039 1.93812640e-085 5.56298761e-074 4.03479276e-056
  1.00000000e+000]
 [3.57676326e-060 4.79749290e-041 1.07785670e-076 1.65203450e-022
  2.01831083e-028 1.59382789e-025 8.81710788e-065 2.21293875e-029
  1.47505980e-043 3.83142726e-025 1.06276824e-085 3.85661585e-038
  1.00000000e+000 8.18041288e-075 3.73018031e-006 1.54218629e-053
  4.44632255e-045 3.26229018e-064 4.34920943e-045 1.02069891e-021
  1.00000000e+000]
 [2.32137937e-061 1.46358681e-026 1.23980319e-030 4.24653608e-077
  8.51726326e-066 1.89697204e-111 6.77414344e-010 5.38025974e-034
  1.71995235e-032 5.99555049e-059 8.84393634e-016 7.15551373e-062
  8.18041288e-075 1.00000000e+000 8.88748461e-060 1.96598611e-010
  1.83714707e-050 2.77298396e-037 2.91746537e-044 6.29343624e-086
  1.00000000e+000]
 [1.13977954e-051 1.05833887e-045 3.13430923e-062 2.80714955e-014
  5.12659989e-021 4.51431168e-024 5.82264967e-042 4.99982659e-034
  1.91378561e-033 8.07787643e-022 1.21021765e-065 5.42744754e-043
  3.73018031e-006 8.88748461e-060 1.00000000e+000 1.02470993e-044
  1.14650542e-025 1.98202525e-053 4.72433810e-026 5.12234163e-026
  1.00000000e+000]
 [7.27635732e-062 2.60463163e-028 6.41965504e-026 6.29618784e-051
  4.12784554e-040 6.43404421e-083 9.56106403e-021 3.08494259e-034
  3.98978741e-017 1.53481014e-049 2.62267918e-019 1.07027179e-056
  1.54218629e-053 1.96598611e-010 1.02470993e-044 1.00000000e+000
  3.31662642e-053 9.88175236e-028 9.57000229e-035 7.63010562e-052
  1.00000000e+000]
 [4.16150858e-046 4.09518051e-051 7.27009763e-048 5.34022282e-054
  2.39656865e-058 3.50177825e-047 4.48181639e-028 1.19547337e-047
  4.16672896e-037 2.22777941e-019 1.76138848e-058 8.54623320e-039
  4.44632255e-045 1.83714707e-050 1.14650542e-025 3.31662642e-053
  1.00000000e+000 1.51122319e-051 1.67243437e-020 4.23279071e-057
  1.00000000e+000]
 [4.05105479e-051 7.68718679e-050 2.27430165e-004 2.68673184e-045
  7.88414127e-045 3.09214137e-080 5.01948974e-037 1.08574464e-037
  8.86330473e-006 3.65755689e-038 1.87794393e-019 1.93812640e-085
  3.26229018e-064 2.77298396e-037 1.98202525e-053 9.88175236e-028
  1.51122319e-051 1.00000000e+000 2.28155499e-015 3.16347973e-041
  1.00000000e+000]
 [5.35574096e-045 6.29737221e-061 3.24819318e-018 1.53860212e-023
  4.27373721e-029 1.98649510e-048 1.64534173e-025 1.87405947e-047
  3.02903856e-009 2.70841705e-026 1.42624255e-028 5.56298761e-074
  4.34920943e-045 2.91746537e-044 4.72433810e-026 9.57000229e-035
  1.67243437e-020 2.28155499e-015 1.00000000e+000 7.01262695e-035
  1.00000000e+000]
 [6.77272721e-044 6.60291046e-056 1.30174098e-048 1.43731396e-022
  5.28025908e-041 8.37702858e-016 9.32064996e-076 1.76670308e-042
  6.86407048e-024 2.68832008e-037 6.29375070e-071 4.03479276e-056
  1.02069891e-021 6.29343624e-086 5.12234163e-026 7.63010562e-052
  4.23279071e-057 3.16347973e-041 7.01262695e-035 1.00000000e+000
  1.00000000e+000]
 [1.00000000e+000 1.00000000e+000 1.00000000e+000 1.00000000e+000
  1.00000000e+000 1.00000000e+000 1.00000000e+000 1.00000000e+000
  1.00000000e+000 1.00000000e+000 1.00000000e+000 1.00000000e+000
  1.00000000e+000 1.00000000e+000 1.00000000e+000 1.00000000e+000
  1.00000000e+000 1.00000000e+000 1.00000000e+000 1.00000000e+000
  0.00000000e+000]]
