[[1.00000000e+00 4.33626672e-69 4.78344883e-48 ... 3.45043843e-53
  1.54629961e-16 1.00000000e+00]
 [4.33626672e-69 1.00000000e+00 2.70187832e-42 ... 4.29882373e-29
  4.89171267e-57 1.00000000e+00]
 [4.78344883e-48 2.70187832e-42 1.00000000e+00 ... 8.28867367e-72
  8.68997739e-55 1.00000000e+00]
 ...
 [3.45043843e-53 4.29882373e-29 8.28867367e-72 ... 1.00000000e+00
  3.10445551e-68 1.00000000e+00]
 [1.54629961e-16 4.89171267e-57 8.68997739e-55 ... 3.10445551e-68
  1.00000000e+00 1.00000000e+00]
 [1.00000000e+00 1.00000000e+00 1.00000000e+00 ... 1.00000000e+00
  1.00000000e+00 0.00000000e+00]]
