[[1.00000000e+00 1.42298964e-37 8.28768539e-48 ... 3.77688656e-71
  7.60339047e-77 1.00000000e+00]
 [1.42298964e-37 1.00000000e+00 1.11017938e-18 ... 3.09522956e-57
  4.43953478e-66 1.00000000e+00]
 [8.28768539e-48 1.11017938e-18 1.00000000e+00 ... 1.55184957e-32
  6.03336536e-39 1.00000000e+00]
 ...
 [3.77688656e-71 3.09522956e-57 1.55184957e-32 ... 1.00000000e+00
  4.60893657e-39 1.00000000e+00]
 [7.60339047e-77 4.43953478e-66 6.03336536e-39 ... 4.60893657e-39
  1.00000000e+00 1.00000000e+00]
 [1.00000000e+00 1.00000000e+00 1.00000000e+00 ... 1.00000000e+00
  1.00000000e+00 0.00000000e+00]]
