[[1.00000000e+000 2.52384848e-022 1.42340065e-045 5.42174409e-040
  1.61945168e-017 4.67101680e-047 1.31348323e-031 5.64033344e-061
  1.27910610e-023 7.08759241e-045 5.16363820e-079 2.93789733e-077
  1.68113616e-068 4.16789045e-019 1.67304227e-029 7.63142821e-018
  1.37700120e-070 3.41987639e-042 9.76617074e-087 2.49627491e-028
  1.00000000e+000]
 [2.52384848e-022 1.00000000e+000 1.02261197e-050 1.87933215e-025
  4.47166947e-015 1.68367872e-049 1.20516225e-061 2.87623214e-034
  1.10401161e-027 1.60859426e-037 6.26848852e-074 7.04566029e-055
  7.59563262e-055 7.00665367e-044 7.00243941e-044 1.57749930e-025
  2.10928553e-042 6.05970716e-054 1.08789125e-065 2.34225913e-037
  1.00000000e+000]
 [1.42340065e-045 1.02261197e-050 1.00000000e+000 2.03689518e-028
  1.36670569e-025 1.90343864e-023 7.82223793e-028 1.45571557e-038
  1.32316856e-049 2.80381498e-017 3.68289523e-034 1.34843030e-039
  3.74829339e-050 2.79243200e-023 2.87654076e-025 2.21894608e-030
  1.67833506e-064 6.48741170e-011 4.19364603e-039 1.63290847e-013
  1.00000000e+000]
 [5.42174409e-040 1.87933215e-025 2.03689518e-028 1.00000000e+000
  5.22937220e-016 3.90760598e-048 2.44582103e-037 3.97663934e-032
  6.46889033e-031 6.12215415e-042 4.28588210e-042 5.89307261e-028
  1.13887683e-036 3.38898870e-038 1.78556482e-038 2.11422381e-041
  4.21135349e-012 3.15996030e-023 3.09445016e-023 8.51376423e-015
  1.00000000e+000]
 [1.61945168e-017 4.47166947e-015 1.36670569e-025 5.22937220e-016
  1.00000000e+000 6.69462035e-017 1.23967859e-023 6.01673212e-043
  6.63234449e-025 2.85102978e-027 2.50482080e-039 3.99780307e-039
  6.13090316e-062 2.22942533e-012 7.26944450e-029 2.57502504e-027
  2.07319946e-046 1.45202582e-024 4.82951850e-059 5.33331461e-020
  1.00000000e+000]
 [4.67101680e-047 1.68367872e-049 1.90343864e-023 3.90760598e-048
  6.69462035e-017 1.00000000e+000 1.11242142e-029 1.01669372e-065
  9.83918863e-055 4.95796265e-024 1.00698502e-030 3.59826421e-056
  1.97808135e-105 5.21608365e-016 1.95712169e-042 3.12163219e-048
  4.28746715e-097 2.91877206e-034 1.45595085e-089 7.46163100e-043
  1.00000000e+000]
 [1.31348323e-031 1.20516225e-061 7.82223793e-028 2.44582103e-037
  1.23967859e-023 1.11242142e-029 1.00000000e+000 5.48189864e-059
  2.11090892e-027 5.59061542e-035 3.22736813e-036 4.34966776e-050
  1.83076102e-101 1.56032699e-010 4.89813740e-018 4.19695167e-036
  3.50438762e-070 6.56152886e-033 1.24565123e-061 1.75455665e-027
  1.00000000e+000]
 [5.64033344e-061 2.87623214e-034 1.45571557e-038 3.97663934e-032
  6.01673212e-043 1.01669372e-065 5.48189864e-059 1.00000000e+000
  9.23977995e-028 2.09705058e-017 5.65937680e-057 1.28216781e-031
  1.51966977e-071 1.21658393e-065 3.73788711e-026 8.10468054e-025
  1.30075111e-035 6.42059578e-067 6.54284375e-021 2.00480626e-043
  1.00000000e+000]
 [1.27910610e-023 1.10401161e-027 1.32316856e-049 6.46889033e-031
  6.63234449e-025 9.83918863e-055 2.11090892e-027 9.23977995e-028
  1.00000000e+000 3.95216368e-031 2.05175311e-045 2.77139919e-060
  5.45039112e-096 1.03780412e-038 4.49156460e-024 8.55221036e-024
  1.33783148e-038 9.08947537e-064 9.16195854e-054 3.38875193e-043
  1.00000000e+000]
 [7.08759241e-045 1.60859426e-037 2.80381498e-017 6.12215415e-042
  2.85102978e-027 4.95796265e-024 5.59061542e-035 2.09705058e-017
  3.95216368e-031 1.00000000e+000 2.95423924e-037 2.86580579e-039
  7.68908866e-086 3.71433117e-032 1.49978602e-016 2.71561553e-017
  7.67208633e-071 2.32133904e-046 1.30617885e-047 8.89680455e-037
  1.00000000e+000]
 [5.16363820e-079 6.26848852e-074 3.68289523e-034 4.28588210e-042
  2.50482080e-039 1.00698502e-030 3.22736813e-036 5.65937680e-057
  2.05175311e-045 2.95423924e-037 1.00000000e+000 5.30382990e-071
  4.38543051e-124 1.99085604e-051 9.87563588e-062 6.11953357e-077
  3.61744066e-064 6.32414738e-051 2.40359831e-065 1.55821061e-060
  1.00000000e+000]
 [2.93789733e-077 7.04566029e-055 1.34843030e-039 5.89307261e-028
  3.99780307e-039 3.59826421e-056 4.34966776e-050 1.28216781e-031
  2.77139919e-060 2.86580579e-039 5.30382990e-071 1.00000000e+000
  2.77090355e-070 3.95712040e-050 4.63253406e-031 6.33431906e-048
  6.96145648e-047 7.43929889e-050 9.00177406e-023 1.61173149e-032
  1.00000000e+000]
 [1.68113616e-068 7.59563262e-055 3.74829339e-050 1.13887683e-036
  6.13090316e-062 1.97808135e-105 1.83076102e-101 1.51966977e-071
  5.45039112e-096 7.68908866e-086 4.38543051e-124 2.77090355e-070
  1.00000000e+000 8.12234521e-082 3.43470583e-078 1.63546264e-062
  1.83240064e-055 3.33416556e-034 1.34610782e-051 2.17378033e-025
  1.00000000e+000]
 [4.16789045e-019 7.00665367e-044 2.79243200e-023 3.38898870e-038
  2.22942533e-012 5.21608365e-016 1.56032699e-010 1.21658393e-065
  1.03780412e-038 3.71433117e-032 1.99085604e-051 3.95712040e-050
  8.12234521e-082 1.00000000e+000 3.87128993e-021 4.48795590e-028
  1.27690837e-083 7.94271491e-023 2.40729005e-077 9.74095627e-021
  1.00000000e+000]
 [1.67304227e-029 7.00243941e-044 2.87654076e-025 1.78556482e-038
  7.26944450e-029 1.95712169e-042 4.89813740e-018 3.73788711e-026
  4.49156460e-024 1.49978602e-016 9.87563588e-062 4.63253406e-031
  3.43470583e-078 3.87128993e-021 1.00000000e+000 9.38613776e-009
  5.37493689e-065 4.69738247e-043 1.31023567e-040 5.80468136e-023
  1.00000000e+000]
 [7.63142821e-018 1.57749930e-025 2.21894608e-030 2.11422381e-041
  2.57502504e-027 3.12163219e-048 4.19695167e-036 8.10468054e-025
  8.55221036e-024 2.71561553e-017 6.11953357e-077 6.33431906e-048
  1.63546264e-062 4.48795590e-028 9.38613776e-009 1.00000000e+000
  2.55511352e-067 3.68001730e-047 3.74921434e-053 1.97744511e-025
  1.00000000e+000]
 [1.37700120e-070 2.10928553e-042 1.67833506e-064 4.21135349e-012
  2.07319946e-046 4.28746715e-097 3.50438762e-070 1.30075111e-035
  1.33783148e-038 7.67208633e-071 3.61744066e-064 6.96145648e-047
  1.83240064e-055 1.27690837e-083 5.37493689e-065 2.55511352e-067
  1.00000000e+000 7.37378244e-062 1.25511571e-022 1.49238539e-043
  1.00000000e+000]
 [3.41987639e-042 6.05970716e-054 6.48741170e-011 3.15996030e-023
  1.45202582e-024 2.91877206e-034 6.56152886e-033 6.42059578e-067
  9.08947537e-064 2.32133904e-046 6.32414738e-051 7.43929889e-050
  3.33416556e-034 7.94271491e-023 4.69738247e-043 3.68001730e-047
  7.37378244e-062 1.00000000e+000 2.06938835e-051 1.25771757e-007
  1.00000000e+000]
 [9.76617074e-087 1.08789125e-065 4.19364603e-039 3.09445016e-023
  4.82951850e-059 1.45595085e-089 1.24565123e-061 6.54284375e-021
  9.16195854e-054 1.30617885e-047 2.40359831e-065 9.00177406e-023
  1.34610782e-051 2.40729005e-077 1.31023567e-040 3.74921434e-053
  1.25511571e-022 2.06938835e-051 1.00000000e+000 1.43693323e-032
  1.00000000e+000]
 [2.49627491e-028 2.34225913e-037 1.63290847e-013 8.51376423e-015
  5.33331461e-020 7.46163100e-043 1.75455665e-027 2.00480626e-043
  3.38875193e-043 8.89680455e-037 1.55821061e-060 1.61173149e-032
  2.17378033e-025 9.74095627e-021 5.80468136e-023 1.97744511e-025
  1.49238539e-043 1.25771757e-007 1.43693323e-032 1.00000000e+000
  1.00000000e+000]
 [1.00000000e+000 1.00000000e+000 1.00000000e+000 1.00000000e+000
  1.00000000e+000 1.00000000e+000 1.00000000e+000 1.00000000e+000
  1.00000000e+000 1.00000000e+000 1.00000000e+000 1.00000000e+000
  1.00000000e+000 1.00000000e+000 1.00000000e+000 1.00000000e+000
  1.00000000e+000 1.00000000e+000 1.00000000e+000 1.00000000e+000
  0.00000000e+000]]
