[[1.00000000e+00 2.94102429e-36 8.68312514e-46 3.44181672e-48
  1.43418597e-34 3.96093609e-07 1.10680329e-51 1.54952783e-69
  4.15775527e-51 3.34331522e-47 5.97185928e-30 7.22905484e-69
  4.00849616e-24 5.36912760e-72 1.14215472e-41 2.56056850e-84
  1.44535613e-22 5.97152637e-46 3.78614007e-50 1.56489583e-41
  1.00000000e+00]
 [2.94102429e-36 1.00000000e+00 1.26856659e-36 5.87210389e-26
  1.00104490e-56 9.33642773e-41 3.06382998e-51 9.36968466e-73
  1.55293933e-77 2.40481128e-40 4.55630630e-34 6.57244502e-20
  2.59814542e-15 6.91621117e-59 1.33295466e-25 1.71581005e-64
  4.15014918e-42 2.83520896e-04 8.27209331e-63 2.11640284e-30
  1.00000000e+00]
 [8.68312514e-46 1.26856659e-36 1.00000000e+00 1.60700197e-11
  2.64523697e-23 5.66336626e-51 1.41183503e-17 1.93199430e-39
  2.45944694e-44 1.09654710e-20 2.42186842e-22 4.13278120e-35
  7.27576969e-32 7.80680810e-14 5.76457065e-11 1.74907231e-19
  5.81281694e-43 3.85991110e-40 6.09948088e-43 1.53309918e-10
  1.00000000e+00]
 [3.44181672e-48 5.87210389e-26 1.60700197e-11 1.00000000e+00
  2.92180463e-34 8.15254644e-51 7.02979451e-34 3.13343442e-25
  5.22573480e-37 1.74455734e-34 1.62774536e-21 2.96453742e-19
  8.30303983e-27 7.78168908e-25 2.29222769e-18 8.44688699e-23
  3.78064050e-28 3.77433297e-34 1.91818058e-48 5.95996043e-22
  1.00000000e+00]
 [1.43418597e-34 1.00104490e-56 2.64523697e-23 2.92180463e-34
  1.00000000e+00 1.37855995e-51 2.06293717e-54 9.12688740e-58
  2.51800681e-40 1.71319936e-33 6.54207188e-18 2.30203497e-43
  7.43593808e-27 2.99735983e-61 7.84174158e-52 4.67823484e-63
  4.75793768e-40 2.37759122e-62 3.01402562e-35 4.51117243e-50
  1.00000000e+00]
 [3.96093609e-07 9.33642773e-41 5.66336626e-51 8.15254644e-51
  1.37855995e-51 1.00000000e+00 4.47216784e-39 9.13301359e-60
  2.95491491e-42 9.25415641e-41 5.55195744e-43 4.59842279e-79
  1.43589768e-27 8.87880420e-61 9.68020977e-40 6.20510219e-70
  1.96689809e-24 1.33532763e-52 6.58772959e-41 1.59003112e-38
  1.00000000e+00]
 [1.10680329e-51 3.06382998e-51 1.41183503e-17 7.02979451e-34
  2.06293717e-54 4.47216784e-39 1.00000000e+00 1.07263478e-51
  2.24889960e-50 8.07818394e-14 1.19922487e-45 5.82855803e-69
  1.53201171e-45 3.74562002e-09 7.91554099e-13 1.34071311e-16
  3.34122788e-52 9.22990938e-59 1.78312003e-39 1.00454062e-08
  1.00000000e+00]
 [1.54952783e-69 9.36968466e-73 1.93199430e-39 3.13343442e-25
  9.12688740e-58 9.13301359e-60 1.07263478e-51 1.00000000e+00
  6.71742184e-10 1.18965567e-58 1.25174814e-68 1.43261602e-66
  5.08304213e-50 1.16119420e-33 5.57666231e-53 1.59097040e-23
  1.09291942e-54 1.20888669e-78 9.42214724e-39 2.06470606e-55
  1.00000000e+00]
 [4.15775527e-51 1.55293933e-77 2.45944694e-44 5.22573480e-37
  2.51800681e-40 2.95491491e-42 2.24889960e-50 6.71742184e-10
  1.00000000e+00 1.83015588e-45 6.67478124e-60 2.74205293e-72
  1.01444166e-38 2.41421595e-46 1.79331790e-63 3.85642163e-36
  1.69478879e-45 8.92574067e-86 3.36303719e-18 1.10667798e-62
  1.00000000e+00]
 [3.34331522e-47 2.40481128e-40 1.09654710e-20 1.74455734e-34
  1.71319936e-33 9.25415641e-41 8.07818394e-14 1.18965567e-58
  1.83015588e-45 1.00000000e+00 1.79688997e-34 1.88078520e-42
  4.61814885e-22 7.95498570e-29 2.33547808e-28 3.83785329e-29
  1.19667231e-50 4.95626163e-46 1.37455092e-17 4.19868907e-24
  1.00000000e+00]
 [5.97185928e-30 4.55630630e-34 2.42186842e-22 1.62774536e-21
  6.54207188e-18 5.55195744e-43 1.19922487e-45 1.25174814e-68
  6.67478124e-60 1.79688997e-34 1.00000000e+00 2.89276931e-29
  1.45481068e-28 1.82985251e-57 7.54400637e-33 4.73212652e-62
  1.45210631e-14 1.89568507e-49 2.61451513e-58 3.07727073e-33
  1.00000000e+00]
 [7.22905484e-69 6.57244502e-20 4.13278120e-35 2.96453742e-19
  2.30203497e-43 4.59842279e-79 5.82855803e-69 1.43261602e-66
  2.74205293e-72 1.88078520e-42 2.89276931e-29 1.00000000e+00
  9.17274511e-22 4.18339219e-67 2.70405686e-47 6.25754868e-60
  1.08235280e-50 3.73901052e-25 1.14881685e-59 2.54550966e-52
  1.00000000e+00]
 [4.00849616e-24 2.59814542e-15 7.27576969e-32 8.30303983e-27
  7.43593808e-27 1.43589768e-27 1.53201171e-45 5.08304213e-50
  1.01444166e-38 4.61814885e-22 1.45481068e-28 9.17274511e-22
  1.00000000e+00 1.50774808e-56 2.47115918e-38 3.92119128e-55
  3.01736018e-35 1.56037175e-18 7.64558859e-22 9.20635600e-40
  1.00000000e+00]
 [5.36912760e-72 6.91621117e-59 7.80680810e-14 7.78168908e-25
  2.99735983e-61 8.87880420e-61 3.74562002e-09 1.16119420e-33
  2.41421595e-46 7.95498570e-29 1.82985251e-57 4.18339219e-67
  1.50774808e-56 1.00000000e+00 6.12592623e-14 6.74486577e-05
  9.66942477e-66 2.28993212e-62 6.82009981e-50 2.13624804e-12
  1.00000000e+00]
 [1.14215472e-41 1.33295466e-25 5.76457065e-11 2.29222769e-18
  7.84174158e-52 9.68020977e-40 7.91554099e-13 5.57666231e-53
  1.79331790e-63 2.33547808e-28 7.54400637e-33 2.70405686e-47
  2.47115918e-38 6.12592623e-14 1.00000000e+00 6.76333023e-26
  1.23919641e-42 8.07370738e-31 2.30856388e-61 2.26815739e-01
  1.00000000e+00]
 [2.56056850e-84 1.71581005e-64 1.74907231e-19 8.44688699e-23
  4.67823484e-63 6.20510219e-70 1.34071311e-16 1.59097040e-23
  3.85642163e-36 3.83785329e-29 4.73212652e-62 6.25754868e-60
  3.92119128e-55 6.74486577e-05 6.76333023e-26 1.00000000e+00
  1.63796630e-67 2.69909334e-69 3.04473788e-41 7.52761908e-25
  1.00000000e+00]
 [1.44535613e-22 4.15014918e-42 5.81281694e-43 3.78064050e-28
  4.75793768e-40 1.96689809e-24 3.34122788e-52 1.09291942e-54
  1.69478879e-45 1.19667231e-50 1.45210631e-14 1.08235280e-50
  3.01736018e-35 9.66942477e-66 1.23919641e-42 1.63796630e-67
  1.00000000e+00 2.59520179e-64 1.83985857e-60 4.47457251e-44
  1.00000000e+00]
 [5.97152637e-46 2.83520896e-04 3.85991110e-40 3.77433297e-34
  2.37759122e-62 1.33532763e-52 9.22990938e-59 1.20888669e-78
  8.92574067e-86 4.95626163e-46 1.89568507e-49 3.73901052e-25
  1.56037175e-18 2.28993212e-62 8.07370738e-31 2.69909334e-69
  2.59520179e-64 1.00000000e+00 4.64272880e-66 5.74633747e-36
  1.00000000e+00]
 [3.78614007e-50 8.27209331e-63 6.09948088e-43 1.91818058e-48
  3.01402562e-35 6.58772959e-41 1.78312003e-39 9.42214724e-39
  3.36303719e-18 1.37455092e-17 2.61451513e-58 1.14881685e-59
  7.64558859e-22 6.82009981e-50 2.30856388e-61 3.04473788e-41
  1.83985857e-60 4.64272880e-66 1.00000000e+00 1.30565806e-57
  1.00000000e+00]
 [1.56489583e-41 2.11640284e-30 1.53309918e-10 5.95996043e-22
  4.51117243e-50 1.59003112e-38 1.00454062e-08 2.06470606e-55
  1.10667798e-62 4.19868907e-24 3.07727073e-33 2.54550966e-52
  9.20635600e-40 2.13624804e-12 2.26815739e-01 7.52761908e-25
  4.47457251e-44 5.74633747e-36 1.30565806e-57 1.00000000e+00
  1.00000000e+00]
 [1.00000000e+00 1.00000000e+00 1.00000000e+00 1.00000000e+00
  1.00000000e+00 1.00000000e+00 1.00000000e+00 1.00000000e+00
  1.00000000e+00 1.00000000e+00 1.00000000e+00 1.00000000e+00
  1.00000000e+00 1.00000000e+00 1.00000000e+00 1.00000000e+00
  1.00000000e+00 1.00000000e+00 1.00000000e+00 1.00000000e+00
  0.00000000e+00]]
