[[1.00000000e+000 6.54283987e-108 8.63335591e-035 1.65176364e-038
  7.78056897e-022 1.12281115e-034 3.92411889e-047 1.84022186e-050
  7.97226030e-019 2.46795500e-033 1.90462591e-003 4.46236512e-049
  4.58172553e-073 1.04059435e-035 6.53786621e-085 9.47802251e-030
  1.29485883e-030 2.18611412e-059 1.63562819e-045 6.36253432e-078
  1.00000000e+000]
 [6.54283987e-108 1.00000000e+000 3.62005653e-062 2.06418162e-079
  1.19906281e-074 3.22447305e-043 1.32603510e-071 2.36420287e-036
  1.94424789e-085 6.17640974e-068 1.32149505e-107 2.48820671e-029
  6.98987572e-032 2.73777265e-088 4.13285120e-022 2.02184758e-057
  2.87069106e-083 1.83761777e-080 7.91594065e-037 5.33333019e-025
  1.00000000e+000]
 [8.63335591e-035 3.62005653e-062 1.00000000e+000 1.63514701e-071
  4.17965286e-026 3.61407738e-032 2.13637421e-024 3.63157283e-045
  2.42653848e-064 1.60399453e-029 1.38641194e-034 1.09583896e-029
  1.77776571e-013 1.39172630e-076 8.92734722e-051 1.64688464e-040
  8.07107367e-020 3.21425588e-043 4.50793772e-036 5.04351294e-027
  1.00000000e+000]
 [1.65176364e-038 2.06418162e-079 1.63514701e-071 1.00000000e+000
  8.81377885e-053 3.78995807e-044 9.63008439e-052 2.09699409e-027
  1.15193468e-022 6.09762923e-029 5.37778746e-045 3.69506943e-072
  4.64010271e-085 2.01134860e-046 2.04479435e-066 3.28084732e-040
  2.20879971e-042 2.69641661e-080 2.95818985e-050 2.17838731e-081
  1.00000000e+000]
 [7.78056897e-022 1.19906281e-074 4.17965286e-026 8.81377885e-053
  1.00000000e+000 4.80016260e-044 4.15142853e-029 4.43665290e-062
  1.05323519e-021 1.94874401e-050 3.36361816e-028 9.34039265e-040
  1.30892335e-047 4.52087866e-073 2.03387708e-078 6.89587422e-046
  1.59262883e-030 4.44224752e-065 3.58931838e-061 1.97374244e-068
  1.00000000e+000]
 [1.12281115e-034 3.22447305e-043 3.61407738e-032 3.78995807e-044
  4.80016260e-044 1.00000000e+000 6.29944642e-069 1.53736587e-010
  3.16539445e-039 2.26651239e-026 3.91038470e-029 2.81382546e-028
  2.27557393e-043 3.98172612e-021 7.06301868e-027 2.96694302e-002
  4.94565291e-029 7.96945805e-055 3.15169002e-020 2.98243809e-026
  1.00000000e+000]
 [3.92411889e-047 1.32603510e-071 2.13637421e-024 9.63008439e-052
  4.15142853e-029 6.29944642e-069 1.00000000e+000 4.89402896e-061
  4.09758796e-059 2.18250168e-044 1.15278515e-059 4.41080783e-045
  9.79804473e-032 4.09127347e-112 4.43568422e-081 1.47132838e-077
  2.22885996e-041 1.39279908e-071 3.01933209e-055 2.08569041e-062
  1.00000000e+000]
 [1.84022186e-050 2.36420287e-036 3.63157283e-045 2.09699409e-027
  4.43665290e-062 1.53736587e-010 4.89402896e-061 1.00000000e+000
  2.83026226e-047 2.67297495e-024 1.45803283e-049 2.84710135e-036
  2.16316883e-047 1.33024017e-033 7.87655399e-027 2.39673408e-013
  3.33732965e-037 9.58013959e-070 1.52106709e-019 1.54061293e-030
  1.00000000e+000]
 [7.97226030e-019 1.94424789e-085 2.42653848e-064 1.15193468e-022
  1.05323519e-021 3.16539445e-039 4.09758796e-059 2.83026226e-047
  1.00000000e+000 3.19264672e-051 1.58339408e-025 5.82009890e-054
  1.13794155e-090 1.89918839e-038 3.75460925e-083 2.94592284e-033
  5.45212269e-048 7.27155347e-084 3.99620818e-058 6.26749121e-093
  1.00000000e+000]
 [2.46795500e-033 6.17640974e-068 1.60399453e-029 6.09762923e-029
  1.94874401e-050 2.26651239e-026 2.18250168e-044 2.67297495e-024
  3.19264672e-051 1.00000000e+000 1.33953318e-027 6.44917546e-056
  1.19979854e-037 2.01438460e-038 3.52204110e-029 1.73932975e-028
  3.64938849e-017 6.50344230e-023 8.22267488e-025 3.10836890e-030
  1.00000000e+000]
 [1.90462591e-003 1.32149505e-107 1.38641194e-034 5.37778746e-045
  3.36361816e-028 3.91038470e-029 1.15278515e-059 1.45803283e-049
  1.58339408e-025 1.33953318e-027 1.00000000e+000 1.48551774e-052
  7.10944746e-071 1.72797870e-026 2.76034440e-073 3.30753811e-024
  5.36861682e-028 1.02207150e-045 6.60247100e-042 1.63740050e-068
  1.00000000e+000]
 [4.46236512e-049 2.48820671e-029 1.09583896e-029 3.69506943e-072
  9.34039265e-040 2.81382546e-028 4.41080783e-045 2.84710135e-036
  5.82009890e-054 6.44917546e-056 1.48551774e-052 1.00000000e+000
  4.62305321e-030 1.59893100e-058 1.23452847e-044 2.34525963e-037
  1.97880050e-066 3.46478793e-067 5.74754547e-017 8.63322958e-032
  1.00000000e+000]
 [4.58172553e-073 6.98987572e-032 1.77776571e-013 4.64010271e-085
  1.30892335e-047 2.27557393e-043 9.79804473e-032 2.16316883e-047
  1.13794155e-090 1.19979854e-037 7.10944746e-071 4.62305321e-030
  1.00000000e+000 4.02457826e-097 2.45711194e-029 2.37669062e-058
  2.70759263e-040 2.73163397e-040 3.51761907e-034 3.42907796e-011
  1.00000000e+000]
 [1.04059435e-035 2.73777265e-088 1.39172630e-076 2.01134860e-046
  4.52087866e-073 3.98172612e-021 4.09127347e-112 1.33024017e-033
  1.89918839e-038 2.01438460e-038 1.72797870e-026 1.59893100e-058
  4.02457826e-097 1.00000000e+000 4.83715609e-051 4.19537343e-015
  5.49681202e-063 3.31315760e-059 7.06665238e-031 7.96492529e-066
  1.00000000e+000]
 [6.53786621e-085 4.13285120e-022 8.92734722e-051 2.04479435e-066
  2.03387708e-078 7.06301868e-027 4.43568422e-081 7.87655399e-027
  3.75460925e-083 3.52204110e-029 2.76034440e-073 1.23452847e-044
  2.45711194e-029 4.83715609e-051 1.00000000e+000 1.24576675e-036
  2.36129241e-054 2.83171452e-032 2.99949921e-022 1.15293805e-008
  1.00000000e+000]
 [9.47802251e-030 2.02184758e-057 1.64688464e-040 3.28084732e-040
  6.89587422e-046 2.96694302e-002 1.47132838e-077 2.39673408e-013
  2.94592284e-033 1.73932975e-028 3.30753811e-024 2.34525963e-037
  2.37669062e-058 4.19537343e-015 1.24576675e-036 1.00000000e+000
  3.40309669e-030 3.56962878e-061 1.58318529e-026 6.32724364e-039
  1.00000000e+000]
 [1.29485883e-030 2.87069106e-083 8.07107367e-020 2.20879971e-042
  1.59262883e-030 4.94565291e-029 2.22885996e-041 3.33732965e-037
  5.45212269e-048 3.64938849e-017 5.36861682e-028 1.97880050e-066
  2.70759263e-040 5.49681202e-063 2.36129241e-054 3.40309669e-030
  1.00000000e+000 2.93191896e-049 7.57777625e-056 1.51738539e-045
  1.00000000e+000]
 [2.18611412e-059 1.83761777e-080 3.21425588e-043 2.69641661e-080
  4.44224752e-065 7.96945805e-055 1.39279908e-071 9.58013959e-070
  7.27155347e-084 6.50344230e-023 1.02207150e-045 3.46478793e-067
  2.73163397e-040 3.31315760e-059 2.83171452e-032 3.56962878e-061
  2.93191896e-049 1.00000000e+000 4.20792311e-038 1.96008540e-033
  1.00000000e+000]
 [1.63562819e-045 7.91594065e-037 4.50793772e-036 2.95818985e-050
  3.58931838e-061 3.15169002e-020 3.01933209e-055 1.52106709e-019
  3.99620818e-058 8.22267488e-025 6.60247100e-042 5.74754547e-017
  3.51761907e-034 7.06665238e-031 2.99949921e-022 1.58318529e-026
  7.57777625e-056 4.20792311e-038 1.00000000e+000 3.79059734e-020
  1.00000000e+000]
 [6.36253432e-078 5.33333019e-025 5.04351294e-027 2.17838731e-081
  1.97374244e-068 2.98243809e-026 2.08569041e-062 1.54061293e-030
  6.26749121e-093 3.10836890e-030 1.63740050e-068 8.63322958e-032
  3.42907796e-011 7.96492529e-066 1.15293805e-008 6.32724364e-039
  1.51738539e-045 1.96008540e-033 3.79059734e-020 1.00000000e+000
  1.00000000e+000]
 [1.00000000e+000 1.00000000e+000 1.00000000e+000 1.00000000e+000
  1.00000000e+000 1.00000000e+000 1.00000000e+000 1.00000000e+000
  1.00000000e+000 1.00000000e+000 1.00000000e+000 1.00000000e+000
  1.00000000e+000 1.00000000e+000 1.00000000e+000 1.00000000e+000
  1.00000000e+000 1.00000000e+000 1.00000000e+000 1.00000000e+000
  0.00000000e+000]]
