[[1.00000000e+000 4.49860112e-037 1.91082868e-050 7.44658795e-028
  4.53089664e-013 5.10176114e-052 6.08011506e-046 6.49709518e-060
  2.40608753e-020 7.67713081e-037 7.23952593e-037 7.63621804e-012
  1.24423206e-033 1.77873197e-043 1.09917816e-035 5.11340003e-008
  7.76741370e-019 3.10232711e-025 6.48847486e-051 8.04808999e-023
  1.00000000e+000]
 [4.49860112e-037 1.00000000e+000 3.85378842e-045 2.71445918e-045
  3.05158797e-044 4.67010693e-064 2.60122070e-068 1.29144456e-054
  1.33892716e-027 2.21255201e-082 2.23122104e-019 1.41192431e-024
  1.01929133e-032 8.62007761e-040 5.79723432e-075 2.21975332e-047
  1.63555135e-018 1.44521712e-064 4.67522001e-021 1.38824083e-036
  1.00000000e+000]
 [1.91082868e-050 3.85378842e-045 1.00000000e+000 5.97286603e-035
  6.65350510e-046 3.25164988e-015 8.00623622e-048 1.15876543e-049
  3.79955284e-031 1.57855661e-073 7.44177277e-033 8.07525579e-057
  3.15200221e-046 4.74443862e-053 4.78864284e-044 1.25717068e-073
  2.49367384e-057 9.72109653e-027 8.65536647e-027 1.17603401e-028
  1.00000000e+000]
 [7.44658795e-028 2.71445918e-045 5.97286603e-035 1.00000000e+000
  1.91007608e-043 2.22216054e-025 6.34508060e-044 4.57927923e-021
  4.02215566e-037 6.48567743e-039 2.93132840e-061 8.12684491e-021
  1.68630322e-046 3.19291902e-042 8.72409239e-039 1.12070588e-048
  2.18387576e-051 5.63378975e-031 7.67392722e-036 6.85483950e-054
  1.00000000e+000]
 [4.53089664e-013 3.05158797e-044 6.65350510e-046 1.91007608e-043
  1.00000000e+000 2.01446148e-039 1.06098589e-073 1.69437822e-076
  5.10843811e-015 3.71095538e-071 4.37043829e-028 3.77814602e-031
  2.31439450e-030 4.34015481e-074 6.11124875e-067 3.37550124e-017
  1.30573293e-027 2.59218943e-031 6.92137372e-056 1.58299876e-025
  1.00000000e+000]
 [5.10176114e-052 4.67010693e-064 3.25164988e-015 2.22216054e-025
  2.01446148e-039 1.00000000e+000 5.59377270e-061 3.26059531e-058
  4.15209383e-031 3.40860954e-091 3.31836475e-050 1.83825865e-063
  3.08714503e-040 1.78962057e-073 1.50347733e-059 2.59655158e-079
  1.62740197e-064 1.64677850e-027 8.23753009e-045 4.87153992e-057
  1.00000000e+000]
 [6.08011506e-046 2.60122070e-068 8.00623622e-048 6.34508060e-044
  1.06098589e-073 5.59377270e-061 1.00000000e+000 9.43813800e-088
  1.74452646e-036 4.24301698e-044 3.20851464e-088 1.42001011e-050
  3.32773299e-086 1.08987329e-009 1.32196252e-007 7.05304307e-062
  5.81733704e-058 1.33345619e-016 2.57863637e-039 3.82215860e-047
  1.00000000e+000]
 [6.49709518e-060 1.29144456e-054 1.15876543e-049 4.57927923e-021
  1.69437822e-076 3.26059531e-058 9.43813800e-088 1.00000000e+000
  6.17997957e-077 5.80659652e-043 6.57407194e-080 1.90159595e-032
  4.02662981e-088 1.61696482e-071 9.08973684e-078 3.64348284e-073
  4.84787934e-093 1.12334495e-073 5.34385967e-042 5.75098886e-066
  1.00000000e+000]
 [2.40608753e-020 1.33892716e-027 3.79955284e-031 4.02215566e-037
  5.10843811e-015 4.15209383e-031 1.74452646e-036 6.17997957e-077
  1.00000000e+000 5.62577482e-070 1.54313091e-028 1.67847368e-030
  2.73449723e-031 2.77234036e-034 1.00589649e-044 1.92184667e-028
  1.21403958e-018 6.97475753e-018 4.72567090e-025 7.51208441e-024
  1.00000000e+000]
 [7.67713081e-037 2.21255201e-082 1.57855661e-073 6.48567743e-039
  3.71095538e-071 3.40860954e-091 4.24301698e-044 5.80659652e-043
  5.62577482e-070 1.00000000e+000 1.93840444e-107 8.86400084e-027
  3.71550618e-118 1.68088755e-043 5.38968413e-031 1.69535917e-036
  6.38890650e-088 1.10067754e-042 2.87136054e-060 2.47661501e-044
  1.00000000e+000]
 [7.23952593e-037 2.23122104e-019 7.44177277e-033 2.93132840e-061
  4.37043829e-028 3.31836475e-050 3.20851464e-088 6.57407194e-080
  1.54313091e-028 1.93840444e-107 1.00000000e+000 1.05246411e-048
  3.05100811e-015 7.66933502e-075 4.24823128e-082 6.78830031e-054
  1.91456177e-019 6.23134931e-060 5.03249395e-048 3.97563260e-028
  1.00000000e+000]
 [7.63621804e-012 1.41192431e-024 8.07525579e-057 8.12684491e-021
  3.77814602e-031 1.83825865e-063 1.42001011e-050 1.90159595e-032
  1.67847368e-030 8.86400084e-027 1.05246411e-048 1.00000000e+000
  1.42386303e-051 1.66078113e-033 6.78235074e-047 1.89554551e-014
  2.17019535e-030 5.37671961e-042 9.05110140e-033 4.80876421e-032
  1.00000000e+000]
 [1.24423206e-033 1.01929133e-032 3.15200221e-046 1.68630322e-046
  2.31439450e-030 3.08714503e-040 3.32773299e-086 4.02662981e-088
  2.73449723e-031 3.71550618e-118 3.05100811e-015 1.42386303e-051
  1.00000000e+000 5.22936231e-080 1.77855768e-079 2.68490896e-062
  1.07159218e-015 1.71322360e-058 2.66011750e-067 1.29335732e-056
  1.00000000e+000]
 [1.77873197e-043 8.62007761e-040 4.74443862e-053 3.19291902e-042
  4.34015481e-074 1.78962057e-073 1.08987329e-009 1.61696482e-071
  2.77234036e-034 1.68088755e-043 7.66933502e-075 1.66078113e-033
  5.22936231e-080 1.00000000e+000 1.67695204e-021 3.55903680e-054
  1.84297194e-044 5.05826706e-033 7.68542150e-023 4.50577824e-044
  1.00000000e+000]
 [1.09917816e-035 5.79723432e-075 4.78864284e-044 8.72409239e-039
  6.11124875e-067 1.50347733e-059 1.32196252e-007 9.08973684e-078
  1.00589649e-044 5.38968413e-031 4.24823128e-082 6.78235074e-047
  1.77855768e-079 1.67695204e-021 1.00000000e+000 7.79312341e-055
  1.47680914e-058 6.11258053e-015 1.03081523e-053 1.75488121e-039
  1.00000000e+000]
 [5.11340003e-008 2.21975332e-047 1.25717068e-073 1.12070588e-048
  3.37550124e-017 2.59655158e-079 7.05304307e-062 3.64348284e-073
  1.92184667e-028 1.69535917e-036 6.78830031e-054 1.89554551e-014
  2.68490896e-062 3.55903680e-054 7.79312341e-055 1.00000000e+000
  2.27838333e-033 1.24775841e-038 5.98574777e-058 2.17053127e-024
  1.00000000e+000]
 [7.76741370e-019 1.63555135e-018 2.49367384e-057 2.18387576e-051
  1.30573293e-027 1.62740197e-064 5.81733704e-058 4.84787934e-093
  1.21403958e-018 6.38890650e-088 1.91456177e-019 2.17019535e-030
  1.07159218e-015 1.84297194e-044 1.47680914e-058 2.27838333e-033
  1.00000000e+000 4.07315857e-048 3.28071420e-050 6.89069176e-037
  1.00000000e+000]
 [3.10232711e-025 1.44521712e-064 9.72109653e-027 5.63378975e-031
  2.59218943e-031 1.64677850e-027 1.33345619e-016 1.12334495e-073
  6.97475753e-018 1.10067754e-042 6.23134931e-060 5.37671961e-042
  1.71322360e-058 5.05826706e-033 6.11258053e-015 1.24775841e-038
  4.07315857e-048 1.00000000e+000 3.01004876e-040 4.89342387e-027
  1.00000000e+000]
 [6.48847486e-051 4.67522001e-021 8.65536647e-027 7.67392722e-036
  6.92137372e-056 8.23753009e-045 2.57863637e-039 5.34385967e-042
  4.72567090e-025 2.87136054e-060 5.03249395e-048 9.05110140e-033
  2.66011750e-067 7.68542150e-023 1.03081523e-053 5.98574777e-058
  3.28071420e-050 3.01004876e-040 1.00000000e+000 2.38649512e-034
  1.00000000e+000]
 [8.04808999e-023 1.38824083e-036 1.17603401e-028 6.85483950e-054
  1.58299876e-025 4.87153992e-057 3.82215860e-047 5.75098886e-066
  7.51208441e-024 2.47661501e-044 3.97563260e-028 4.80876421e-032
  1.29335732e-056 4.50577824e-044 1.75488121e-039 2.17053127e-024
  6.89069176e-037 4.89342387e-027 2.38649512e-034 1.00000000e+000
  1.00000000e+000]
 [1.00000000e+000 1.00000000e+000 1.00000000e+000 1.00000000e+000
  1.00000000e+000 1.00000000e+000 1.00000000e+000 1.00000000e+000
  1.00000000e+000 1.00000000e+000 1.00000000e+000 1.00000000e+000
  1.00000000e+000 1.00000000e+000 1.00000000e+000 1.00000000e+000
  1.00000000e+000 1.00000000e+000 1.00000000e+000 1.00000000e+000
  0.00000000e+000]]
