[[1.00000000e+00 2.76323027e-44 3.74092367e-55 5.13773477e-40
  2.69604412e-41 4.34352010e-45 1.53683496e-68 1.57550534e-46
  8.42368252e-67 1.00000000e+00]
 [2.76323027e-44 1.00000000e+00 9.52948033e-55 1.11557535e-47
  2.48213928e-76 4.31328281e-60 1.45856536e-41 8.10683641e-42
  1.70572335e-43 1.00000000e+00]
 [3.74092367e-55 9.52948033e-55 1.00000000e+00 1.54505593e-50
  4.11478669e-45 6.14693500e-47 8.57582841e-52 2.78509808e-40
  5.55342379e-45 1.00000000e+00]
 [5.13773477e-40 1.11557535e-47 1.54505593e-50 1.00000000e+00
  1.46014226e-44 1.97882011e-52 4.51489311e-47 5.22755052e-91
  3.72326910e-45 1.00000000e+00]
 [2.69604412e-41 2.48213928e-76 4.11478669e-45 1.46014226e-44
  1.00000000e+00 1.97076936e-52 5.96596536e-45 2.99259392e-41
  5.75907751e-48 1.00000000e+00]
 [4.34352010e-45 4.31328281e-60 6.14693500e-47 1.97882011e-52
  1.97076936e-52 1.00000000e+00 1.29656570e-44 1.62487103e-46
  7.44049444e-41 1.00000000e+00]
 [1.53683496e-68 1.45856536e-41 8.57582841e-52 4.51489311e-47
  5.96596536e-45 1.29656570e-44 1.00000000e+00 3.72706056e-52
  1.32626991e-62 1.00000000e+00]
 [1.57550534e-46 8.10683641e-42 2.78509808e-40 5.22755052e-91
  2.99259392e-41 1.62487103e-46 3.72706056e-52 1.00000000e+00
  3.00869263e-45 1.00000000e+00]
 [8.42368252e-67 1.70572335e-43 5.55342379e-45 3.72326910e-45
  5.75907751e-48 7.44049444e-41 1.32626991e-62 3.00869263e-45
  1.00000000e+00 1.00000000e+00]
 [1.00000000e+00 1.00000000e+00 1.00000000e+00 1.00000000e+00
  1.00000000e+00 1.00000000e+00 1.00000000e+00 1.00000000e+00
  1.00000000e+00 0.00000000e+00]]
