[[1.00000000e+00 1.57393236e-09 3.20461987e-36 2.75468440e-32
  2.65775018e-48 5.72453265e-10 1.19549962e-26 8.33121489e-18
  3.78872818e-21 2.36650260e-63 9.87116668e-80 6.85225695e-53
  6.16842752e-25 4.05927919e-80 2.27351165e-32 2.07665787e-26
  2.50888070e-75 3.35551836e-27 6.21500066e-17 4.35599274e-48
  1.00000000e+00]
 [1.57393236e-09 1.00000000e+00 2.61661979e-49 3.15236218e-47
  1.07180418e-54 9.15450404e-10 6.07923438e-47 2.39324567e-13
  2.98232363e-42 9.06459155e-86 6.06683076e-81 5.95292481e-58
  3.72959409e-22 5.78416711e-84 1.82823269e-29 1.19040535e-40
  1.43911936e-70 2.15635375e-25 1.26960135e-18 3.40033892e-58
  1.00000000e+00]
 [3.20461987e-36 2.61661979e-49 1.00000000e+00 6.80144684e-26
  8.88182896e-46 5.43613965e-40 5.59827758e-11 2.10094303e-52
  1.23623985e-39 9.53874387e-19 5.25347451e-47 1.05575045e-16
  1.50980580e-38 8.83939383e-32 2.76283488e-27 2.46953331e-21
  1.38340039e-35 3.76443324e-55 3.69594977e-45 7.97355103e-40
  1.00000000e+00]
 [2.75468440e-32 3.15236218e-47 6.80144684e-26 1.00000000e+00
  3.35957344e-14 7.89532069e-34 1.40678412e-08 1.67389942e-25
  5.69943518e-25 1.63806110e-17 1.95240261e-69 1.73364663e-32
  1.21005369e-42 3.05547127e-58 2.73178681e-38 2.32777855e-31
  3.15829413e-59 1.08444490e-79 5.23327065e-67 4.57338002e-57
  1.00000000e+00]
 [2.65775018e-48 1.07180418e-54 8.88182896e-46 3.35957344e-14
  1.00000000e+00 3.03555647e-39 1.71585850e-29 1.06199420e-20
  3.23082108e-65 9.97236000e-25 1.13877988e-78 7.66659869e-42
  1.87308088e-66 1.03501619e-64 9.90179787e-66 3.45279069e-61
  2.73197655e-62 1.32208726e-84 1.38484849e-68 5.06608658e-90
  1.00000000e+00]
 [5.72453265e-10 9.15450404e-10 5.43613965e-40 7.89532069e-34
  3.03555647e-39 1.00000000e+00 4.76532568e-29 1.78542249e-09
  3.45232869e-43 1.14747655e-59 4.32772020e-92 1.48176668e-33
  7.69550850e-13 3.01493669e-90 3.70232875e-26 4.15818090e-45
  2.69770333e-76 8.57712684e-37 2.25360467e-18 4.84384011e-82
  1.00000000e+00]
 [1.19549962e-26 6.07923438e-47 5.59827758e-11 1.40678412e-08
  1.71585850e-29 4.76532568e-29 1.00000000e+00 1.57792104e-36
  4.86748034e-24 1.74690161e-12 1.37483439e-62 1.75901914e-18
  2.10319959e-31 1.39698982e-51 2.84682683e-27 2.43152654e-21
  2.76278951e-53 1.32103012e-63 3.87491039e-49 7.37926208e-55
  1.00000000e+00]
 [8.33121489e-18 2.39324567e-13 2.10094303e-52 1.67389942e-25
  1.06199420e-20 1.78542249e-09 1.57792104e-36 1.00000000e+00
  5.27289474e-47 5.80607828e-60 2.27243422e-90 4.16924279e-48
  6.64870175e-31 1.78173120e-87 4.48850444e-41 5.70789432e-53
  5.82310763e-75 1.51673687e-50 8.17568925e-36 2.91511322e-80
  1.00000000e+00]
 [3.78872818e-21 2.98232363e-42 1.23623985e-39 5.69943518e-25
  3.23082108e-65 3.45232869e-43 4.86748034e-24 5.27289474e-47
  1.00000000e+00 8.98699446e-62 3.19193397e-91 3.32646514e-70
  3.27676182e-43 3.76117388e-88 5.45732366e-41 7.77500320e-23
  6.41923426e-93 3.86760350e-73 7.52533455e-67 7.93795291e-33
  1.00000000e+00]
 [2.36650260e-63 9.06459155e-86 9.53874387e-19 1.63806110e-17
  9.97236000e-25 1.14747655e-59 1.74690161e-12 5.80607828e-60
  8.98699446e-62 1.00000000e+00 9.11334721e-65 2.16734757e-21
  2.92968447e-68 8.85021191e-45 2.98601581e-57 8.08705881e-46
  5.73941295e-51 5.06318953e-96 1.64570373e-79 2.27146747e-81
  1.00000000e+00]
 [9.87116668e-80 6.06683076e-81 5.25347451e-47 1.95240261e-69
  1.13877988e-78 4.32772020e-92 1.37483439e-62 2.27243422e-90
  3.19193397e-91 9.11334721e-65 1.00000000e+00 1.44276534e-72
  6.43597907e-92 4.68059485e-06 2.39645992e-55 4.76790066e-27
  1.55840484e-05 8.68508182e-47 1.06863075e-70 4.75073233e-52
  1.00000000e+00]
 [6.85225695e-53 5.95292481e-58 1.05575045e-16 1.73364663e-32
  7.66659869e-42 1.48176668e-33 1.75901914e-18 4.16924279e-48
  3.32646514e-70 2.16734757e-21 1.44276534e-72 1.00000000e+00
  2.71956590e-27 7.34215022e-58 9.45419314e-25 5.85896663e-50
  6.84750923e-49 5.84669754e-75 1.02397681e-54 4.04899556e-96
  1.00000000e+00]
 [6.16842752e-25 3.72959409e-22 1.50980580e-38 1.21005369e-42
  1.87308088e-66 7.69550850e-13 2.10319959e-31 6.64870175e-31
  3.27676182e-43 2.92968447e-68 6.43597907e-92 2.71956590e-27
  1.00000000e+00 6.77267956e-93 7.72504036e-08 4.87425033e-42
  7.08183525e-75 3.84089174e-52 1.31071315e-37 4.46692207e-85
  1.00000000e+00]
 [4.05927919e-80 5.78416711e-84 8.83939383e-32 3.05547127e-58
  1.03501619e-64 3.01493669e-90 1.39698982e-51 1.78173120e-87
  3.76117388e-88 8.85021191e-45 4.68059485e-06 7.34215022e-58
  6.77267956e-93 1.00000000e+00 5.01393319e-58 2.87663069e-30
  4.38708883e-05 3.55008734e-58 4.98785485e-74 2.46030233e-46
  1.00000000e+00]
 [2.27351165e-32 1.82823269e-29 2.76283488e-27 2.73178681e-38
  9.90179787e-66 3.70232875e-26 2.84682683e-27 4.48850444e-41
  5.45732366e-41 2.98601581e-57 2.39645992e-55 9.45419314e-25
  7.72504036e-08 5.01393319e-58 1.00000000e+00 7.13883619e-24
  1.55270204e-43 4.20330002e-46 2.46168068e-43 2.51082161e-62
  1.00000000e+00]
 [2.07665787e-26 1.19040535e-40 2.46953331e-21 2.32777855e-31
  3.45279069e-61 4.15818090e-45 2.43152654e-21 5.70789432e-53
  7.77500320e-23 8.08705881e-46 4.76790066e-27 5.85896663e-50
  4.87425033e-42 2.87663069e-30 7.13883619e-24 1.00000000e+00
  4.62008668e-32 2.22609822e-33 7.55351789e-42 3.71396808e-23
  1.00000000e+00]
 [2.50888070e-75 1.43911936e-70 1.38340039e-35 3.15829413e-59
  2.73197655e-62 2.69770333e-76 2.76278951e-53 5.82310763e-75
  6.41923426e-93 5.73941295e-51 1.55840484e-05 6.84750923e-49
  7.08183525e-75 4.38708883e-05 1.55270204e-43 4.62008668e-32
  1.00000000e+00 1.51096605e-48 4.16406821e-64 7.81245780e-59
  1.00000000e+00]
 [3.35551836e-27 2.15635375e-25 3.76443324e-55 1.08444490e-79
  1.32208726e-84 8.57712684e-37 1.32103012e-63 1.51673687e-50
  3.86760350e-73 5.06318953e-96 8.68508182e-47 5.84669754e-75
  3.84089174e-52 3.55008734e-58 4.20330002e-46 2.22609822e-33
  1.51096605e-48 1.00000000e+00 2.36952836e-08 2.85943768e-63
  1.00000000e+00]
 [6.21500066e-17 1.26960135e-18 3.69594977e-45 5.23327065e-67
  1.38484849e-68 2.25360467e-18 3.87491039e-49 8.17568925e-36
  7.52533455e-67 1.64570373e-79 1.06863075e-70 1.02397681e-54
  1.31071315e-37 4.98785485e-74 2.46168068e-43 7.55351789e-42
  4.16406821e-64 2.36952836e-08 1.00000000e+00 8.54426066e-76
  1.00000000e+00]
 [4.35599274e-48 3.40033892e-58 7.97355103e-40 4.57338002e-57
  5.06608658e-90 4.84384011e-82 7.37926208e-55 2.91511322e-80
  7.93795291e-33 2.27146747e-81 4.75073233e-52 4.04899556e-96
  4.46692207e-85 2.46030233e-46 2.51082161e-62 3.71396808e-23
  7.81245780e-59 2.85943768e-63 8.54426066e-76 1.00000000e+00
  1.00000000e+00]
 [1.00000000e+00 1.00000000e+00 1.00000000e+00 1.00000000e+00
  1.00000000e+00 1.00000000e+00 1.00000000e+00 1.00000000e+00
  1.00000000e+00 1.00000000e+00 1.00000000e+00 1.00000000e+00
  1.00000000e+00 1.00000000e+00 1.00000000e+00 1.00000000e+00
  1.00000000e+00 1.00000000e+00 1.00000000e+00 1.00000000e+00
  0.00000000e+00]]
