[[1.00000000e+000 2.43851226e-032 7.72270919e-025 ... 3.70297061e-038
  1.43343648e-053 1.00000000e+000]
 [2.43851226e-032 1.00000000e+000 8.88568062e-044 ... 3.91622889e-054
  2.77830997e-119 1.00000000e+000]
 [7.72270919e-025 8.88568062e-044 1.00000000e+000 ... 8.01659386e-011
  5.70633515e-039 1.00000000e+000]
 ...
 [3.70297061e-038 3.91622889e-054 8.01659386e-011 ... 1.00000000e+000
  8.14144247e-034 1.00000000e+000]
 [1.43343648e-053 2.77830997e-119 5.70633515e-039 ... 8.14144247e-034
  1.00000000e+000 1.00000000e+000]
 [1.00000000e+000 1.00000000e+000 1.00000000e+000 ... 1.00000000e+000
  1.00000000e+000 0.00000000e+000]]
