[[1.00000000e+000 2.36460939e-060 5.24786779e-031 5.64947565e-081
  6.72913760e-028 3.77296897e-062 8.25435349e-088 7.61882571e-032
  6.91044071e-049 2.16848955e-050 8.72799858e-037 5.55459185e-083
  4.52381058e-040 2.87954749e-080 2.04529569e-024 2.09142713e-045
  1.52279295e-062 1.28708213e-015 2.30644710e-029 1.52831526e-022
  1.00000000e+000]
 [2.36460939e-060 1.00000000e+000 2.04749718e-047 1.58418583e-025
  2.04457085e-047 4.36817291e-045 1.57529271e-044 2.01529293e-037
  1.76008496e-039 2.23904572e-009 8.38115702e-045 1.54852153e-078
  1.26051327e-015 7.39739417e-029 1.01946148e-067 5.07614465e-049
  6.49832214e-042 9.89246756e-033 8.19188960e-073 4.42940082e-053
  1.00000000e+000]
 [5.24786779e-031 2.04749718e-047 1.00000000e+000 1.30776110e-093
  7.24550867e-018 6.97447248e-036 1.26227233e-102 6.10835320e-070
  2.12100667e-083 1.28975665e-041 1.60101606e-052 1.61205515e-091
  2.02300533e-029 5.76281400e-043 5.78312973e-031 3.02060929e-069
  3.62049797e-057 3.02589497e-045 1.01053826e-053 1.87762444e-030
  1.00000000e+000]
 [5.64947565e-081 1.58418583e-025 1.30776110e-093 1.00000000e+000
  3.30302346e-055 6.82343131e-044 8.11628362e-011 1.97377412e-027
  3.80198414e-020 1.66670722e-013 1.02879023e-026 1.09457621e-033
  2.41646835e-054 3.00973104e-056 8.63452178e-066 3.13249523e-046
  6.67001948e-022 3.96349626e-042 1.22864204e-099 9.82493235e-048
  1.00000000e+000]
 [6.72913760e-028 2.04457085e-047 7.24550867e-018 3.30302346e-055
  1.00000000e+000 3.62955949e-010 7.25232489e-049 2.30997621e-040
  5.10381909e-048 1.10365382e-025 1.15105459e-022 1.64381597e-043
  3.70540541e-034 1.69403262e-041 2.50590825e-005 2.03186830e-043
  6.70125408e-027 1.23603977e-027 4.43731366e-051 5.36915927e-004
  1.00000000e+000]
 [3.77296897e-062 4.36817291e-045 6.97447248e-036 6.82343131e-044
  3.62955949e-010 1.00000000e+000 4.00264560e-035 7.33578827e-058
  6.13745287e-049 3.70398647e-024 1.92424430e-025 1.13327392e-039
  1.90014194e-045 1.54173531e-039 1.21978181e-020 7.31343365e-063
  2.61595733e-021 1.20817750e-043 4.38901146e-088 1.16907906e-015
  1.00000000e+000]
 [8.25435349e-088 1.57529271e-044 1.26227233e-102 8.11628362e-011
  7.25232489e-049 4.00264560e-035 1.00000000e+000 1.32013745e-031
  1.19653889e-027 2.51449645e-024 4.09033857e-035 1.08888323e-039
  1.96876581e-060 2.06852150e-063 5.08397595e-054 4.81824112e-044
  3.24570735e-031 1.92380931e-042 3.32360285e-102 1.63534028e-041
  1.00000000e+000]
 [7.61882571e-032 2.01529293e-037 6.10835320e-070 1.97377412e-027
  2.30997621e-040 7.33578827e-058 1.32013745e-031 1.00000000e+000
  1.16829671e-019 2.53059972e-023 1.08460595e-032 3.28454253e-051
  7.95415638e-033 4.70639005e-053 6.09562583e-043 5.02375886e-025
  3.67139162e-046 1.08505224e-016 2.52082393e-031 3.14754608e-030
  1.00000000e+000]
 [6.91044071e-049 1.76008496e-039 2.12100667e-083 3.80198414e-020
  5.10381909e-048 6.13745287e-049 1.19653889e-027 1.16829671e-019
  1.00000000e+000 4.95766855e-030 7.63723823e-018 4.65430254e-045
  1.50530768e-050 5.54261905e-066 7.05183940e-054 6.24168660e-066
  7.40300182e-040 5.73942294e-020 5.63622112e-067 1.78061256e-034
  1.00000000e+000]
 [2.16848955e-050 2.23904572e-009 1.28975665e-041 1.66670722e-013
  1.10365382e-025 3.70398647e-024 2.51449645e-024 2.53059972e-023
  4.95766855e-030 1.00000000e+000 2.50897930e-024 9.87739834e-039
  1.73894868e-021 8.75945980e-024 4.08112839e-040 2.81147049e-031
  1.46401453e-017 3.53177384e-029 1.07708772e-062 6.45566730e-028
  1.00000000e+000]
 [8.72799858e-037 8.38115702e-045 1.60101606e-052 1.02879023e-026
  1.15105459e-022 1.92424430e-025 4.09033857e-035 1.08460595e-032
  7.63723823e-018 2.50897930e-024 1.00000000e+000 2.12580498e-019
  2.28613969e-059 1.53946628e-069 3.90066532e-024 1.90611466e-053
  1.16121517e-010 8.80170906e-027 9.33866109e-080 1.64345393e-013
  1.00000000e+000]
 [5.55459185e-083 1.54852153e-078 1.61205515e-091 1.09457621e-033
  1.64381597e-043 1.13327392e-039 1.08888323e-039 3.28454253e-051
  4.65430254e-045 9.87739834e-039 2.12580498e-019 1.00000000e+000
  1.29387115e-099 6.42292562e-081 1.79167625e-046 1.25263901e-069
  2.52951207e-013 2.60210255e-073 8.54322874e-111 6.26812259e-033
  1.00000000e+000]
 [4.52381058e-040 1.26051327e-015 2.02300533e-029 2.41646835e-054
  3.70540541e-034 1.90014194e-045 1.96876581e-060 7.95415638e-033
  1.50530768e-050 1.73894868e-021 2.28613969e-059 1.29387115e-099
  1.00000000e+000 7.19439043e-019 3.07058144e-052 3.00844248e-047
  1.88283171e-066 4.44755214e-024 2.24616114e-032 9.43509758e-043
  1.00000000e+000]
 [2.87954749e-080 7.39739417e-029 5.76281400e-043 3.00973104e-056
  1.69403262e-041 1.54173531e-039 2.06852150e-063 4.70639005e-053
  5.54261905e-066 8.75945980e-024 1.53946628e-069 6.42292562e-081
  7.19439043e-019 1.00000000e+000 3.18180565e-070 9.57757813e-078
  1.14556932e-063 1.22502759e-061 2.93978795e-052 3.37667204e-054
  1.00000000e+000]
 [2.04529569e-024 1.01946148e-067 5.78312973e-031 8.63452178e-066
  2.50590825e-005 1.21978181e-020 5.08397595e-054 6.09562583e-043
  7.05183940e-054 4.08112839e-040 3.90066532e-024 1.79167625e-046
  3.07058144e-052 3.18180565e-070 1.00000000e+000 2.81183429e-039
  2.91776869e-032 2.24376915e-028 2.54705614e-059 9.45392378e-004
  1.00000000e+000]
 [2.09142713e-045 5.07614465e-049 3.02060929e-069 3.13249523e-046
  2.03186830e-043 7.31343365e-063 4.81824112e-044 5.02375886e-025
  6.24168660e-066 2.81147049e-031 1.90611466e-053 1.25263901e-069
  3.00844248e-047 9.57757813e-078 2.81183429e-039 1.00000000e+000
  1.76972180e-046 5.22388197e-036 2.01361208e-066 2.11662351e-040
  1.00000000e+000]
 [1.52279295e-062 6.49832214e-042 3.62049797e-057 6.67001948e-022
  6.70125408e-027 2.61595733e-021 3.24570735e-031 3.67139162e-046
  7.40300182e-040 1.46401453e-017 1.16121517e-010 2.52951207e-013
  1.88283171e-066 1.14556932e-063 2.91776869e-032 1.76972180e-046
  1.00000000e+000 3.43250686e-049 1.08998301e-105 1.42298092e-023
  1.00000000e+000]
 [1.28708213e-015 9.89246756e-033 3.02589497e-045 3.96349626e-042
  1.23603977e-027 1.20817750e-043 1.92380931e-042 1.08505224e-016
  5.73942294e-020 3.53177384e-029 8.80170906e-027 2.60210255e-073
  4.44755214e-024 1.22502759e-061 2.24376915e-028 5.22388197e-036
  3.43250686e-049 1.00000000e+000 2.02683475e-039 1.78829839e-021
  1.00000000e+000]
 [2.30644710e-029 8.19188960e-073 1.01053826e-053 1.22864204e-099
  4.43731366e-051 4.38901146e-088 3.32360285e-102 2.52082393e-031
  5.63622112e-067 1.07708772e-062 9.33866109e-080 8.54322874e-111
  2.24616114e-032 2.93978795e-052 2.54705614e-059 2.01361208e-066
  1.08998301e-105 2.02683475e-039 1.00000000e+000 1.29769888e-049
  1.00000000e+000]
 [1.52831526e-022 4.42940082e-053 1.87762444e-030 9.82493235e-048
  5.36915927e-004 1.16907906e-015 1.63534028e-041 3.14754608e-030
  1.78061256e-034 6.45566730e-028 1.64345393e-013 6.26812259e-033
  9.43509758e-043 3.37667204e-054 9.45392378e-004 2.11662351e-040
  1.42298092e-023 1.78829839e-021 1.29769888e-049 1.00000000e+000
  1.00000000e+000]
 [1.00000000e+000 1.00000000e+000 1.00000000e+000 1.00000000e+000
  1.00000000e+000 1.00000000e+000 1.00000000e+000 1.00000000e+000
  1.00000000e+000 1.00000000e+000 1.00000000e+000 1.00000000e+000
  1.00000000e+000 1.00000000e+000 1.00000000e+000 1.00000000e+000
  1.00000000e+000 1.00000000e+000 1.00000000e+000 1.00000000e+000
  0.00000000e+000]]
