[[1.00000000e+000 5.14094693e-037 2.23257257e-021 4.21600785e-029
  3.48819150e-015 3.42041778e-022 2.39168129e-028 1.80888819e-029
  6.64236835e-050 2.14056356e-032 5.64075887e-052 7.66072685e-056
  1.07779224e-047 4.80159435e-052 1.69004958e-075 1.00800919e-046
  3.34018034e-031 1.98842682e-022 2.83625552e-052 1.66842209e-054
  1.00000000e+000]
 [5.14094693e-037 1.00000000e+000 4.29025567e-036 9.72987530e-048
  6.97029146e-044 3.55724335e-026 2.29855593e-048 1.69647863e-056
  6.29437376e-066 1.04640424e-063 1.06397901e-030 7.11831727e-043
  9.56579659e-055 2.54487556e-058 1.41246688e-036 2.71409420e-037
  9.85685810e-018 5.10187627e-039 4.65907614e-007 9.85505858e-046
  1.00000000e+000]
 [2.23257257e-021 4.29025567e-036 1.00000000e+000 6.67361601e-032
  2.61323904e-027 5.76800710e-021 6.88711899e-035 4.04921933e-026
  5.31862900e-045 2.53285104e-036 2.71659002e-044 1.05099102e-027
  1.35641434e-035 1.42877200e-015 1.40469091e-044 1.94676298e-028
  5.32762388e-041 1.27211362e-005 2.25918308e-038 4.96577182e-026
  1.00000000e+000]
 [4.21600785e-029 9.72987530e-048 6.67361601e-032 1.00000000e+000
  5.65371916e-069 5.26329472e-049 1.72160421e-031 3.65855489e-007
  2.29915089e-034 2.67633763e-024 7.14260832e-016 4.59826475e-058
  1.89758036e-034 1.16906739e-040 6.51568309e-041 7.74936782e-015
  2.60235818e-025 1.33352867e-026 3.41569358e-050 3.31455676e-018
  1.00000000e+000]
 [3.48819150e-015 6.97029146e-044 2.61323904e-027 5.65371916e-069
  1.00000000e+000 6.34862630e-026 5.99772256e-040 3.54835606e-058
  1.78723333e-056 3.34569273e-078 1.53751716e-088 1.73288249e-074
  3.10895141e-066 6.74133704e-070 1.39327542e-096 4.62706206e-078
  2.37524128e-060 6.55117395e-032 3.44624437e-057 3.27399412e-079
  1.00000000e+000]
 [3.42041778e-022 3.55724335e-026 5.76800710e-021 5.26329472e-049
  6.34862630e-026 1.00000000e+000 4.43549527e-068 3.05032357e-043
  3.06699529e-055 1.48461543e-048 1.25843006e-062 9.04191101e-021
  1.53975613e-042 2.80505373e-040 7.15161026e-045 3.75540247e-053
  1.16425235e-032 3.36678007e-036 1.30141383e-024 2.93690630e-041
  1.00000000e+000]
 [2.39168129e-028 2.29855593e-048 6.88711899e-035 1.72160421e-031
  5.99772256e-040 4.43549527e-068 1.00000000e+000 1.04750211e-029
  1.21460827e-040 2.39803755e-071 4.36872696e-034 6.30512783e-103
  6.36805599e-075 9.97876045e-059 6.65177413e-089 1.50095590e-045
  2.54735321e-057 4.92091890e-017 2.15073572e-065 4.14185941e-056
  1.00000000e+000]
 [1.80888819e-029 1.69647863e-056 4.04921933e-026 3.65855489e-007
  3.54835606e-058 3.05032357e-043 1.04750211e-029 1.00000000e+000
  3.89321768e-018 3.36200515e-041 4.19698643e-027 1.05385294e-060
  2.14391076e-040 2.57301279e-031 1.42558889e-047 5.69430357e-028
  1.17514745e-043 3.15372256e-021 1.29869705e-053 1.62564230e-015
  1.00000000e+000]
 [6.64236835e-050 6.29437376e-066 5.31862900e-045 2.29915089e-034
  1.78723333e-056 3.06699529e-055 1.21460827e-040 3.89321768e-018
  1.00000000e+000 2.19633717e-092 1.94972391e-055 2.74047308e-096
  5.87364236e-043 9.33309666e-067 4.54199970e-054 5.27544070e-050
  1.09695563e-063 2.58559184e-042 3.95487169e-054 1.59386500e-028
  1.00000000e+000]
 [2.14056356e-032 1.04640424e-063 2.53285104e-036 2.67633763e-024
  3.34569273e-078 1.48461543e-048 2.39803755e-071 3.36200515e-041
  2.19633717e-092 1.00000000e+000 1.11717744e-049 1.37174685e-038
  5.32634417e-040 4.41726589e-050 3.19667540e-060 2.91559183e-028
  3.35744260e-028 1.87368612e-043 1.17989469e-073 2.72296063e-047
  1.00000000e+000]
 [5.64075887e-052 1.06397901e-030 2.71659002e-044 7.14260832e-016
  1.53751716e-088 1.25843006e-062 4.36872696e-034 4.19698643e-027
  1.94972391e-055 1.11717744e-049 1.00000000e+000 4.90387559e-062
  2.07919521e-062 1.27305838e-042 3.13980042e-038 5.87344322e-019
  2.32701887e-029 6.96398311e-033 5.06829145e-035 4.78913766e-025
  1.00000000e+000]
 [7.66072685e-056 7.11831727e-043 1.05099102e-027 4.59826475e-058
  1.73288249e-074 9.04191101e-021 6.30512783e-103 1.05385294e-060
  2.74047308e-096 1.37174685e-038 4.90387559e-062 1.00000000e+000
  2.58362051e-051 3.84789851e-026 1.04200204e-034 1.15761505e-045
  1.17921230e-042 6.85081631e-047 3.25004974e-036 3.59497364e-037
  1.00000000e+000]
 [1.07779224e-047 9.56579659e-055 1.35641434e-035 1.89758036e-034
  3.10895141e-066 1.53975613e-042 6.36805599e-075 2.14391076e-040
  5.87364236e-043 5.32634417e-040 2.07919521e-062 2.58362051e-051
  1.00000000e+000 6.30762443e-070 6.00361810e-023 1.37907519e-019
  5.02096051e-026 7.31254052e-051 1.61091350e-044 2.89369277e-026
  1.00000000e+000]
 [4.80159435e-052 2.54487556e-058 1.42877200e-015 1.16906739e-040
  6.74133704e-070 2.80505373e-040 9.97876045e-059 2.57301279e-031
  9.33309666e-067 4.41726589e-050 1.27305838e-042 3.84789851e-026
  6.30762443e-070 1.00000000e+000 1.71168392e-053 2.38831261e-043
  1.56715407e-068 4.56507246e-017 9.08650913e-055 8.09324114e-026
  1.00000000e+000]
 [1.69004958e-075 1.41246688e-036 1.40469091e-044 6.51568309e-041
  1.39327542e-096 7.15161026e-045 6.65177413e-089 1.42558889e-047
  4.54199970e-054 3.19667540e-060 3.13980042e-038 1.04200204e-034
  6.00361810e-023 1.71168392e-053 1.00000000e+000 1.05355118e-018
  1.06424906e-027 2.30199940e-057 1.91396910e-018 4.05778815e-013
  1.00000000e+000]
 [1.00800919e-046 2.71409420e-037 1.94676298e-028 7.74936782e-015
  4.62706206e-078 3.75540247e-053 1.50095590e-045 5.69430357e-028
  5.27544070e-050 2.91559183e-028 5.87344322e-019 1.15761505e-045
  1.37907519e-019 2.38831261e-043 1.05355118e-018 1.00000000e+000
  1.61930465e-018 1.70486228e-029 1.14103099e-035 8.20700238e-015
  1.00000000e+000]
 [3.34018034e-031 9.85685810e-018 5.32762388e-041 2.60235818e-025
  2.37524128e-060 1.16425235e-032 2.54735321e-057 1.17514745e-043
  1.09695563e-063 3.35744260e-028 2.32701887e-029 1.17921230e-042
  5.02096051e-026 1.56715407e-068 1.06424906e-027 1.61930465e-018
  1.00000000e+000 9.91829728e-048 8.17622368e-023 7.30484362e-037
  1.00000000e+000]
 [1.98842682e-022 5.10187627e-039 1.27211362e-005 1.33352867e-026
  6.55117395e-032 3.36678007e-036 4.92091890e-017 3.15372256e-021
  2.58559184e-042 1.87368612e-043 6.96398311e-033 6.85081631e-047
  7.31254052e-051 4.56507246e-017 2.30199940e-057 1.70486228e-029
  9.91829728e-048 1.00000000e+000 1.31573393e-046 6.19637364e-030
  1.00000000e+000]
 [2.83625552e-052 4.65907614e-007 2.25918308e-038 3.41569358e-050
  3.44624437e-057 1.30141383e-024 2.15073572e-065 1.29869705e-053
  3.95487169e-054 1.17989469e-073 5.06829145e-035 3.25004974e-036
  1.61091350e-044 9.08650913e-055 1.91396910e-018 1.14103099e-035
  8.17622368e-023 1.31573393e-046 1.00000000e+000 3.76855100e-031
  1.00000000e+000]
 [1.66842209e-054 9.85505858e-046 4.96577182e-026 3.31455676e-018
  3.27399412e-079 2.93690630e-041 4.14185941e-056 1.62564230e-015
  1.59386500e-028 2.72296063e-047 4.78913766e-025 3.59497364e-037
  2.89369277e-026 8.09324114e-026 4.05778815e-013 8.20700238e-015
  7.30484362e-037 6.19637364e-030 3.76855100e-031 1.00000000e+000
  1.00000000e+000]
 [1.00000000e+000 1.00000000e+000 1.00000000e+000 1.00000000e+000
  1.00000000e+000 1.00000000e+000 1.00000000e+000 1.00000000e+000
  1.00000000e+000 1.00000000e+000 1.00000000e+000 1.00000000e+000
  1.00000000e+000 1.00000000e+000 1.00000000e+000 1.00000000e+000
  1.00000000e+000 1.00000000e+000 1.00000000e+000 1.00000000e+000
  0.00000000e+000]]
