[[1.00000000e+000 2.07984852e-064 9.38049170e-078 1.21661330e-054
  7.96383427e-071 2.06565393e-062 6.06462273e-018 2.55142085e-089
  1.82493476e-055 3.92095092e-019 2.99744350e-086 1.00752813e-029
  8.43476419e-046 7.08269622e-076 9.29189393e-025 1.98042085e-068
  2.06845825e-108 7.64753464e-096 1.59562280e-099 3.60787283e-090
  1.00000000e+000]
 [2.07984852e-064 1.00000000e+000 9.79837782e-035 2.74406021e-036
  9.32981929e-010 4.67404321e-052 8.81265342e-078 4.36154984e-064
  3.40352189e-041 4.26997690e-023 1.74797705e-010 2.10854100e-066
  4.27244187e-016 2.84274802e-030 1.15645182e-026 1.28596958e-021
  2.48980352e-054 3.99092697e-041 6.01646269e-081 7.09186719e-061
  1.00000000e+000]
 [9.38049170e-078 9.79837782e-035 1.00000000e+000 2.02277697e-038
  2.42800116e-063 4.15946413e-055 1.21067817e-076 1.58436163e-036
  9.66475084e-026 3.92149038e-069 8.07729834e-028 1.39904634e-063
  2.81961109e-050 2.30658209e-039 1.12180065e-030 1.02218750e-041
  4.19135653e-066 1.97666424e-037 2.84691090e-088 4.17496494e-044
  1.00000000e+000]
 [1.21661330e-054 2.74406021e-036 2.02277697e-038 1.00000000e+000
  1.01552940e-058 2.55784988e-048 4.24277089e-030 3.72872646e-024
  3.38612299e-012 4.17170278e-043 5.65883827e-048 9.98854954e-022
  1.64192308e-023 1.30113667e-041 2.43225651e-015 2.45270757e-051
  3.61778790e-056 6.75262087e-012 2.50731508e-034 3.19276707e-028
  1.00000000e+000]
 [7.96383427e-071 9.32981929e-010 2.42800116e-063 1.01552940e-058
  1.00000000e+000 5.11819896e-086 8.59172517e-088 3.80970369e-083
  5.42387046e-074 4.82601505e-022 1.53538317e-018 7.49796552e-082
  3.26525470e-022 1.80677467e-048 1.80075462e-034 2.37407096e-016
  2.34614306e-083 9.56008673e-060 1.21697431e-091 4.04389936e-081
  1.00000000e+000]
 [2.06565393e-062 4.67404321e-052 4.15946413e-055 2.55784988e-048
  5.11819896e-086 1.00000000e+000 1.77211042e-064 5.99181073e-064
  4.59289492e-024 8.62939798e-059 2.01632228e-056 3.24154161e-039
  4.75594440e-062 1.01990929e-017 5.65987343e-054 1.23411792e-071
  1.20503442e-019 7.34620543e-077 1.93012888e-070 3.55139601e-058
  1.00000000e+000]
 [6.06462273e-018 8.81265342e-078 1.21067817e-076 4.24277089e-030
  8.59172517e-088 1.77211042e-064 1.00000000e+000 2.05108565e-047
  4.71210772e-037 7.37692011e-039 6.41445208e-090 4.36801920e-007
  6.29837198e-051 9.83664223e-069 1.06057820e-019 5.76462894e-068
  2.65990599e-092 2.32238395e-059 2.92767418e-048 5.51469545e-060
  1.00000000e+000]
 [2.55142085e-089 4.36154984e-064 1.58436163e-036 3.72872646e-024
  3.80970369e-083 5.99181073e-064 2.05108565e-047 1.00000000e+000
  1.39209131e-023 2.20159031e-084 7.18451017e-047 8.34699315e-030
  1.00127439e-062 6.93145680e-035 4.46724620e-031 1.27561054e-041
  2.61224820e-052 1.04532597e-015 5.91896146e-019 8.28384217e-022
  1.00000000e+000]
 [1.82493476e-055 3.40352189e-041 9.66475084e-026 3.38612299e-012
  5.42387046e-074 4.59289492e-024 4.71210772e-037 1.39209131e-023
  1.00000000e+000 1.19395342e-052 2.03853503e-042 1.73346788e-023
  4.11345171e-046 6.30202211e-027 3.57134007e-025 4.65403069e-053
  1.09987526e-030 4.53651296e-024 1.45718716e-039 1.97551943e-039
  1.00000000e+000]
 [3.92095092e-019 4.26997690e-023 3.92149038e-069 4.17170278e-043
  4.82601505e-022 8.62939798e-059 7.37692011e-039 2.20159031e-084
  1.19395342e-052 1.00000000e+000 7.21161356e-045 2.03607724e-043
  2.66708479e-019 3.95187111e-053 5.57064539e-020 1.36282394e-036
  2.66178434e-081 2.81987311e-069 1.14203572e-084 1.09309202e-083
  1.00000000e+000]
 [2.99744350e-086 1.74797705e-010 8.07729834e-028 5.65883827e-048
  1.53538317e-018 2.01632228e-056 6.41445208e-090 7.18451017e-047
  2.03853503e-042 7.21161356e-045 1.00000000e+000 3.51990880e-072
  2.25514757e-039 4.29265757e-020 3.36186945e-035 1.27214880e-009
  1.08498285e-041 6.28655323e-038 9.01618389e-068 2.30425032e-059
  1.00000000e+000]
 [1.00752813e-029 2.10854100e-066 1.39904634e-063 9.98854954e-022
  7.49796552e-082 3.24154161e-039 4.36801920e-007 8.34699315e-030
  1.73346788e-023 2.03607724e-043 3.51990880e-072 1.00000000e+000
  1.68586599e-045 7.78676329e-041 1.16198733e-019 1.40870036e-057
  3.95796600e-059 1.17188982e-046 2.75527572e-029 5.66466853e-036
  1.00000000e+000]
 [8.43476419e-046 4.27244187e-016 2.81961109e-050 1.64192308e-023
  3.26525470e-022 4.75594440e-062 6.29837198e-051 1.00127439e-062
  4.11345171e-046 2.66708479e-019 2.25514757e-039 1.68586599e-045
  1.00000000e+000 6.44268223e-048 1.58459326e-015 2.39021164e-039
  7.08218347e-084 7.19753723e-042 1.46469677e-076 1.58454384e-040
  1.00000000e+000]
 [7.08269622e-076 2.84274802e-030 2.30658209e-039 1.30113667e-041
  1.80677467e-048 1.01990929e-017 9.83664223e-069 6.93145680e-035
  6.30202211e-027 3.95187111e-053 4.29265757e-020 7.78676329e-041
  6.44268223e-048 1.00000000e+000 2.36386019e-039 1.24066318e-027
  1.39631913e-012 7.81980620e-047 1.37878893e-042 2.46569822e-037
  1.00000000e+000]
 [9.29189393e-025 1.15645182e-026 1.12180065e-030 2.43225651e-015
  1.80075462e-034 5.65987343e-054 1.06057820e-019 4.46724620e-031
  3.57134007e-025 5.57064539e-020 3.36186945e-035 1.16198733e-019
  1.58459326e-015 2.36386019e-039 1.00000000e+000 1.23100775e-025
  2.80468751e-072 5.25714500e-029 2.06671898e-050 3.70934721e-034
  1.00000000e+000]
 [1.98042085e-068 1.28596958e-021 1.02218750e-041 2.45270757e-051
  2.37407096e-016 1.23411792e-071 5.76462894e-068 1.27561054e-041
  4.65403069e-053 1.36282394e-036 1.27214880e-009 1.40870036e-057
  2.39021164e-039 1.24066318e-027 1.23100775e-025 1.00000000e+000
  2.97599962e-059 1.09264838e-042 6.27264039e-056 5.36299948e-058
  1.00000000e+000]
 [2.06845825e-108 2.48980352e-054 4.19135653e-066 3.61778790e-056
  2.34614306e-083 1.20503442e-019 2.65990599e-092 2.61224820e-052
  1.09987526e-030 2.66178434e-081 1.08498285e-041 3.95796600e-059
  7.08218347e-084 1.39631913e-012 2.80468751e-072 2.97599962e-059
  1.00000000e+000 4.15666403e-060 2.14455117e-045 1.44910534e-070
  1.00000000e+000]
 [7.64753464e-096 3.99092697e-041 1.97666424e-037 6.75262087e-012
  9.56008673e-060 7.34620543e-077 2.32238395e-059 1.04532597e-015
  4.53651296e-024 2.81987311e-069 6.28655323e-038 1.17188982e-046
  7.19753723e-042 7.81980620e-047 5.25714500e-029 1.09264838e-042
  4.15666403e-060 1.00000000e+000 4.30949718e-030 6.62400998e-035
  1.00000000e+000]
 [1.59562280e-099 6.01646269e-081 2.84691090e-088 2.50731508e-034
  1.21697431e-091 1.93012888e-070 2.92767418e-048 5.91896146e-019
  1.45718716e-039 1.14203572e-084 9.01618389e-068 2.75527572e-029
  1.46469677e-076 1.37878893e-042 2.06671898e-050 6.27264039e-056
  2.14455117e-045 4.30949718e-030 1.00000000e+000 7.65353474e-047
  1.00000000e+000]
 [3.60787283e-090 7.09186719e-061 4.17496494e-044 3.19276707e-028
  4.04389936e-081 3.55139601e-058 5.51469545e-060 8.28384217e-022
  1.97551943e-039 1.09309202e-083 2.30425032e-059 5.66466853e-036
  1.58454384e-040 2.46569822e-037 3.70934721e-034 5.36299948e-058
  1.44910534e-070 6.62400998e-035 7.65353474e-047 1.00000000e+000
  1.00000000e+000]
 [1.00000000e+000 1.00000000e+000 1.00000000e+000 1.00000000e+000
  1.00000000e+000 1.00000000e+000 1.00000000e+000 1.00000000e+000
  1.00000000e+000 1.00000000e+000 1.00000000e+000 1.00000000e+000
  1.00000000e+000 1.00000000e+000 1.00000000e+000 1.00000000e+000
  1.00000000e+000 1.00000000e+000 1.00000000e+000 1.00000000e+000
  0.00000000e+000]]
