[[1.00000000e+000 1.14244165e-050 4.61336225e-078 4.03672367e-076
  3.49491446e-030 1.60587843e-056 2.74549076e-039 2.61201057e-063
  8.99010659e-024 3.92631692e-031 6.33149515e-034 1.19153640e-040
  7.20255864e-031 1.53624658e-062 4.83627448e-043 8.55127026e-028
  3.04308594e-050 1.89883533e-045 7.14495866e-054 4.34062988e-055
  1.00000000e+000]
 [1.14244165e-050 1.00000000e+000 1.97875395e-008 6.59713037e-073
  1.25224935e-050 1.30232165e-021 2.04238534e-065 4.07392846e-025
  7.00612694e-020 9.76743423e-069 7.59788720e-032 6.52473021e-048
  1.54862328e-025 8.28421276e-023 1.21224582e-035 3.72043979e-041
  2.20437885e-011 2.49314698e-049 1.15416267e-016 6.25686953e-032
  1.00000000e+000]
 [4.61336225e-078 1.97875395e-008 1.00000000e+000 2.62938788e-055
  2.12460788e-057 1.60902660e-011 4.21016453e-085 3.01609613e-045
  4.77196130e-028 1.36392094e-087 4.84602747e-052 7.53044213e-067
  2.76944729e-041 2.20065245e-040 1.11857267e-034 3.47698022e-056
  5.49229779e-022 1.60906834e-051 1.77176049e-029 6.26913803e-025
  1.00000000e+000]
 [4.03672367e-076 6.59713037e-073 2.62938788e-055 1.00000000e+000
  7.59503637e-028 1.69357166e-028 2.42429373e-082 8.31718257e-112
  5.59945324e-034 5.01421159e-069 4.14453349e-102 4.34928162e-090
  9.91793197e-078 5.96831587e-108 3.82669280e-040 4.37648965e-063
  1.45285746e-070 1.52136468e-047 3.26078349e-075 2.40798117e-020
  1.00000000e+000]
 [3.49491446e-030 1.25224935e-050 2.12460788e-057 7.59503637e-028
  1.00000000e+000 1.07048688e-036 5.15269768e-038 1.86410743e-077
  7.47995653e-014 6.42612270e-058 9.98758311e-052 5.73264570e-042
  4.86938384e-066 6.61850140e-067 1.53844442e-036 3.32543906e-020
  5.49034170e-045 3.62526689e-049 1.22930322e-039 8.92565362e-026
  1.00000000e+000]
 [1.60587843e-056 1.30232165e-021 1.60902660e-011 1.69357166e-028
  1.07048688e-036 1.00000000e+000 8.34512390e-068 8.44956231e-061
  2.36057805e-022 1.29674896e-070 5.09667898e-047 2.29057059e-057
  2.26522074e-039 1.40461280e-058 3.26156933e-024 8.99816528e-043
  4.64971289e-038 2.19034203e-030 2.95111224e-041 1.36212605e-014
  1.00000000e+000]
 [2.74549076e-039 2.04238534e-065 4.21016453e-085 2.42429373e-082
  5.15269768e-038 8.34512390e-068 1.00000000e+000 4.43321729e-045
  4.13480705e-038 1.10815215e-043 2.27664600e-023 8.10957810e-005
  2.96162419e-081 3.19612073e-038 3.80259304e-070 4.66023879e-009
  8.95064536e-066 5.63813950e-027 1.07362724e-030 1.07320307e-036
  1.00000000e+000]
 [2.61201057e-063 4.07392846e-025 3.01609613e-045 8.31718257e-112
  1.86410743e-077 8.44956231e-061 4.43321729e-045 1.00000000e+000
  1.60629972e-045 1.79143806e-058 9.48041421e-038 5.38233139e-036
  1.07668729e-042 3.09361428e-020 1.63784134e-086 6.74537860e-048
  1.22604936e-039 9.42670498e-044 1.29727212e-013 1.66950295e-049
  1.00000000e+000]
 [8.99010659e-024 7.00612694e-020 4.77196130e-028 5.59945324e-034
  7.47995653e-014 2.36057805e-022 4.13480705e-038 1.60629972e-045
  1.00000000e+000 9.20848568e-034 8.17783116e-033 1.28745090e-034
  8.51280932e-030 8.30268092e-032 4.27128892e-014 3.37843178e-018
  1.23183778e-012 1.21474364e-033 1.06725944e-021 1.24328772e-014
  1.00000000e+000]
 [3.92631692e-031 9.76743423e-069 1.36392094e-087 5.01421159e-069
  6.42612270e-058 1.29674896e-070 1.10815215e-043 1.79143806e-058
  9.20848568e-034 1.00000000e+000 1.34894773e-061 6.58926574e-054
  3.97309477e-034 9.95983843e-061 3.17668350e-050 4.94885179e-048
  1.67230318e-056 6.58377356e-028 5.12887581e-061 3.41587370e-044
  1.00000000e+000]
 [6.33149515e-034 7.59788720e-032 4.84602747e-052 4.14453349e-102
  9.98758311e-052 5.09667898e-047 2.27664600e-023 9.48041421e-038
  8.17783116e-033 1.34894773e-061 1.00000000e+000 6.21156263e-010
  8.69644718e-055 9.49634385e-021 6.25114322e-047 1.14509191e-012
  3.13927200e-041 1.18671549e-036 2.10348273e-027 2.22185495e-043
  1.00000000e+000]
 [1.19153640e-040 6.52473021e-048 7.53044213e-067 4.34928162e-090
  5.73264570e-042 2.29057059e-057 8.10957810e-005 5.38233139e-036
  1.28745090e-034 6.58926574e-054 6.21156263e-010 1.00000000e+000
  3.71293114e-074 1.07168418e-023 1.98686341e-061 4.00408409e-006
  2.61527451e-052 2.82942296e-029 8.22251298e-022 3.09355236e-035
  1.00000000e+000]
 [7.20255864e-031 1.54862328e-025 2.76944729e-041 9.91793197e-078
  4.86938384e-066 2.26522074e-039 2.96162419e-081 1.07668729e-042
  8.51280932e-030 3.97309477e-034 8.69644718e-055 3.71293114e-074
  1.00000000e+000 6.58615127e-057 2.71952729e-041 9.67364840e-065
  3.52253990e-034 1.33896790e-044 9.54719169e-053 9.98803871e-052
  1.00000000e+000]
 [1.53624658e-062 8.28421276e-023 2.20065245e-040 5.96831587e-108
  6.61850140e-067 1.40461280e-058 3.19612073e-038 3.09361428e-020
  8.30268092e-032 9.95983843e-061 9.49634385e-021 1.07168418e-023
  6.58615127e-057 1.00000000e+000 4.76479732e-053 2.00933752e-028
  6.48247842e-019 1.10063537e-050 2.01490131e-011 2.62784825e-040
  1.00000000e+000]
 [4.83627448e-043 1.21224582e-035 1.11857267e-034 3.82669280e-040
  1.53844442e-036 3.26156933e-024 3.80259304e-070 1.63784134e-086
  4.27128892e-014 3.17668350e-050 6.25114322e-047 1.98686341e-061
  2.71952729e-041 4.76479732e-053 1.00000000e+000 3.07464769e-038
  9.81663435e-025 1.06413454e-046 5.78083526e-056 2.02141640e-025
  1.00000000e+000]
 [8.55127026e-028 3.72043979e-041 3.47698022e-056 4.37648965e-063
  3.32543906e-020 8.99816528e-043 4.66023879e-009 6.74537860e-048
  3.37843178e-018 4.94885179e-048 1.14509191e-012 4.00408409e-006
  9.67364840e-065 2.00933752e-028 3.07464769e-038 1.00000000e+000
  4.14175167e-039 1.81412094e-030 1.81570083e-022 6.41244406e-025
  1.00000000e+000]
 [3.04308594e-050 2.20437885e-011 5.49229779e-022 1.45285746e-070
  5.49034170e-045 4.64971289e-038 8.95064536e-066 1.22604936e-039
  1.23183778e-012 1.67230318e-056 3.13927200e-041 2.61527451e-052
  3.52253990e-034 6.48247842e-019 9.81663435e-025 4.14175167e-039
  1.00000000e+000 1.21269550e-061 4.21195043e-020 4.82478593e-033
  1.00000000e+000]
 [1.89883533e-045 2.49314698e-049 1.60906834e-051 1.52136468e-047
  3.62526689e-049 2.19034203e-030 5.63813950e-027 9.42670498e-044
  1.21474364e-033 6.58377356e-028 1.18671549e-036 2.82942296e-029
  1.33896790e-044 1.10063537e-050 1.06413454e-046 1.81412094e-030
  1.21269550e-061 1.00000000e+000 1.84326526e-042 6.14495629e-017
  1.00000000e+000]
 [7.14495866e-054 1.15416267e-016 1.77176049e-029 3.26078349e-075
  1.22930322e-039 2.95111224e-041 1.07362724e-030 1.29727212e-013
  1.06725944e-021 5.12887581e-061 2.10348273e-027 8.22251298e-022
  9.54719169e-053 2.01490131e-011 5.78083526e-056 1.81570083e-022
  4.21195043e-020 1.84326526e-042 1.00000000e+000 3.83905350e-026
  1.00000000e+000]
 [4.34062988e-055 6.25686953e-032 6.26913803e-025 2.40798117e-020
  8.92565362e-026 1.36212605e-014 1.07320307e-036 1.66950295e-049
  1.24328772e-014 3.41587370e-044 2.22185495e-043 3.09355236e-035
  9.98803871e-052 2.62784825e-040 2.02141640e-025 6.41244406e-025
  4.82478593e-033 6.14495629e-017 3.83905350e-026 1.00000000e+000
  1.00000000e+000]
 [1.00000000e+000 1.00000000e+000 1.00000000e+000 1.00000000e+000
  1.00000000e+000 1.00000000e+000 1.00000000e+000 1.00000000e+000
  1.00000000e+000 1.00000000e+000 1.00000000e+000 1.00000000e+000
  1.00000000e+000 1.00000000e+000 1.00000000e+000 1.00000000e+000
  1.00000000e+000 1.00000000e+000 1.00000000e+000 1.00000000e+000
  0.00000000e+000]]
