[[1.00000000e+000 6.71593719e-029 3.47700150e-045 1.59298850e-067
  4.16704908e-052 1.65582032e-090 2.91114897e-030 1.97201523e-043
  4.53294690e-070 9.60014908e-060 7.99695674e-073 2.12573621e-101
  9.39957051e-065 2.21856431e-036 6.05135915e-060 1.51463945e-064
  1.82994382e-061 2.03509800e-032 4.88072819e-050 1.25178637e-052
  8.27996224e-031 1.35099559e-066 6.32812870e-051 9.44878652e-043
  4.00825085e-032 1.81483221e-022 5.91679768e-063 3.10928288e-053
  2.15038123e-009 1.00000000e+000]
 [6.71593719e-029 1.00000000e+000 5.27651573e-026 2.36070059e-039
  2.54823192e-066 4.94173236e-085 1.86730942e-051 6.08285153e-059
  2.01048760e-052 7.54717253e-068 3.33790030e-091 5.09709840e-097
  1.31931584e-045 1.54843324e-067 4.36731325e-021 1.53411674e-034
  2.95815496e-060 1.97604677e-074 3.75108693e-014 1.61422747e-027
  4.25724457e-020 1.24913814e-087 8.03364696e-074 1.15226364e-050
  2.92049579e-032 8.60123891e-012 1.67097004e-043 1.56806330e-032
  1.38892944e-013 1.00000000e+000]
 [3.47700150e-045 5.27651573e-026 1.00000000e+000 3.59904450e-013
  9.72865286e-052 4.68082352e-029 5.50099503e-039 2.22449350e-034
  2.75270232e-043 1.84068464e-035 5.83449676e-051 3.47199962e-040
  5.06166816e-020 3.36175566e-036 2.89391710e-015 9.44971135e-041
  2.91556709e-042 3.01051200e-043 2.26374133e-054 7.21389951e-021
  5.17913257e-004 4.18063449e-038 1.23568627e-054 1.48408642e-051
  5.93728991e-046 6.22712591e-017 4.02982158e-018 2.73785814e-034
  5.13639505e-024 1.00000000e+000]
 [1.59298850e-067 2.36070059e-039 3.59904450e-013 1.00000000e+000
  3.84400564e-100 2.21345816e-027 1.38260919e-070 6.74237329e-052
  1.09638158e-039 1.81914648e-051 9.63623010e-056 2.13169299e-045
  2.86175640e-023 2.40635130e-052 1.46937122e-034 4.58521562e-044
  2.51511768e-064 4.26825422e-074 4.81976589e-065 3.74370092e-044
  7.79347718e-016 3.15710168e-048 4.10191510e-074 2.84767903e-080
  1.45199498e-072 2.60539826e-036 5.28267098e-041 1.87077498e-050
  3.93472589e-036 1.00000000e+000]
 [4.16704908e-052 2.54823192e-066 9.72865286e-052 3.84400564e-100
  1.00000000e+000 6.18809148e-079 2.58063324e-013 5.17469769e-041
  8.23688452e-074 8.39709658e-073 1.80944388e-064 1.40006485e-072
  2.89854476e-047 1.75420726e-044 4.87894470e-059 5.04074386e-061
  1.22002539e-040 1.20338694e-024 9.02704310e-071 2.83059067e-060
  1.55070441e-051 4.79058012e-047 3.87921077e-049 3.16802176e-062
  1.53814451e-064 6.93431063e-034 8.62582698e-026 2.19592524e-083
  2.26257885e-066 1.00000000e+000]
 [1.65582032e-090 4.94173236e-085 4.68082352e-029 2.21345816e-027
  6.18809148e-079 1.00000000e+000 6.17714461e-064 3.10166891e-023
  7.45620313e-050 6.28569356e-031 1.69575897e-017 3.61397167e-004
  3.84717631e-018 2.88931622e-054 4.50885665e-050 3.78971519e-048
  3.15598987e-051 1.77180167e-052 3.00627732e-114 1.38292684e-077
  6.10927386e-030 2.38022067e-016 7.31555571e-042 4.48595306e-067
  2.85804597e-077 8.34750527e-049 1.50606328e-031 1.58527496e-058
  1.06972654e-068 1.00000000e+000]
 [2.91114897e-030 1.86730942e-051 5.50099503e-039 1.38260919e-070
  2.58063324e-013 6.17714461e-064 1.00000000e+000 1.51286941e-037
  7.68322214e-069 4.20547108e-075 9.13639877e-059 1.36922614e-067
  2.52425156e-038 1.05940852e-026 1.45724305e-063 5.17596828e-059
  3.76104909e-056 1.04394451e-019 6.48165206e-058 2.03449566e-065
  5.92753469e-035 1.68969255e-038 1.36320901e-054 1.01286476e-068
  7.80521781e-066 4.90068347e-029 1.47452965e-034 1.32472565e-082
  4.58809712e-044 1.00000000e+000]
 [1.97201523e-043 6.08285153e-059 2.22449350e-034 6.74237329e-052
  5.17469769e-041 3.10166891e-023 1.51286941e-037 1.00000000e+000
  2.50119617e-045 1.19607946e-013 2.01946408e-010 3.58358665e-019
  4.68066851e-025 1.80843692e-044 1.84447835e-038 4.14710106e-032
  1.14975114e-026 3.77880936e-024 3.12155332e-084 3.44380591e-063
  1.32401881e-024 5.25494383e-018 3.12221225e-007 3.24775490e-019
  5.52555694e-028 4.27266594e-021 5.13218582e-025 3.08804393e-031
  1.66512310e-039 1.00000000e+000]
 [4.53294690e-070 2.01048760e-052 2.75270232e-043 1.09638158e-039
  8.23688452e-074 7.45620313e-050 7.68322214e-069 2.50119617e-045
  1.00000000e+000 9.09454571e-055 3.27159266e-035 6.28029539e-056
  4.54115776e-017 3.59751111e-044 1.17141783e-048 1.60815829e-017
  4.78395402e-018 2.47660544e-058 2.88019821e-048 1.83990342e-041
  1.56746941e-046 1.05708906e-035 3.62053956e-040 4.90411714e-076
  3.80485863e-074 3.23886853e-033 2.55707454e-027 5.56023505e-069
  1.06597719e-054 1.00000000e+000]
 [9.60014908e-060 7.54717253e-068 1.84068464e-035 1.81914648e-051
  8.39709658e-073 6.28569356e-031 4.20547108e-075 1.19607946e-013
  9.09454571e-055 1.00000000e+000 2.58164302e-023 1.74666931e-029
  6.07746040e-044 9.95870336e-060 7.52472221e-034 3.33865487e-051
  1.73409109e-029 2.37442662e-041 2.50406765e-111 5.50266144e-051
  2.02836552e-028 1.62620025e-034 8.69748768e-016 4.63066832e-017
  1.68004237e-026 9.64182025e-033 9.33813050e-037 2.88721271e-021
  2.80777179e-042 1.00000000e+000]
 [7.99695674e-073 3.33790030e-091 5.83449676e-051 9.63623010e-056
  1.80944388e-064 1.69575897e-017 9.13639877e-059 2.01946408e-010
  3.27159266e-035 2.58164302e-023 1.00000000e+000 3.38694362e-014
  5.54701651e-024 4.72960591e-045 4.79761457e-064 1.00623253e-038
  3.07363180e-027 5.80058042e-033 5.58273136e-110 1.69721155e-082
  2.54494201e-045 1.14578869e-008 3.31261792e-011 1.52067705e-048
  1.11197659e-062 4.36837829e-044 6.51136178e-034 5.48826591e-061
  1.66686030e-066 1.00000000e+000]
 [2.12573621e-101 5.09709840e-097 3.47199962e-040 2.13169299e-045
  1.40006485e-072 3.61397167e-004 1.36922614e-067 3.58358665e-019
  6.28029539e-056 1.74666931e-029 3.38694362e-014 1.00000000e+000
  7.71505483e-022 7.41209419e-067 1.37415465e-052 4.39831206e-047
  1.66547292e-047 1.34535546e-054 2.35867089e-124 4.95094765e-088
  7.19973843e-040 7.83743228e-018 1.02811629e-034 8.86167002e-061
  2.42322058e-075 3.19949385e-052 4.81720347e-030 6.23065331e-059
  1.97019574e-082 1.00000000e+000]
 [9.39957051e-065 1.31931584e-045 5.06166816e-020 2.86175640e-023
  2.89854476e-047 3.84717631e-018 2.52425156e-038 4.68066851e-025
  4.54115776e-017 6.07746040e-044 5.54701651e-024 7.71505483e-022
  1.00000000e+000 4.66237054e-039 2.29166495e-031 7.45525301e-015
  6.21551754e-027 1.99115046e-044 1.74918791e-050 5.20124549e-046
  5.28564613e-023 5.92190171e-019 2.23766452e-037 3.65923905e-063
  5.05574498e-064 2.48707429e-022 3.32356267e-010 6.27726237e-054
  2.17733023e-049 1.00000000e+000]
 [2.21856431e-036 1.54843324e-067 3.36175566e-036 2.40635130e-052
  1.75420726e-044 2.88931622e-054 1.05940852e-026 1.80843692e-044
  3.59751111e-044 9.95870336e-060 4.72960591e-045 7.41209419e-067
  4.66237054e-039 1.00000000e+000 2.82300487e-076 3.70919437e-072
  1.30537300e-040 1.18551635e-011 1.52668965e-082 4.48803808e-048
  1.66445150e-038 8.64703713e-022 1.35027206e-049 1.56652663e-084
  2.63245983e-084 6.25789303e-043 2.38424987e-041 4.95665759e-095
  6.24358249e-042 1.00000000e+000]
 [6.05135915e-060 4.36731325e-021 2.89391710e-015 1.46937122e-034
  4.87894470e-059 4.50885665e-050 1.45724305e-063 1.84447835e-038
  1.17141783e-048 7.52472221e-034 4.79761457e-064 1.37415465e-052
  2.29166495e-031 2.82300487e-076 1.00000000e+000 3.84166805e-028
  1.94591652e-038 1.98262117e-070 3.47497305e-047 2.63708467e-021
  2.80044297e-015 9.16829152e-066 1.49540699e-052 1.81562983e-032
  2.29210279e-026 2.03135415e-013 2.22706208e-019 7.18603356e-014
  3.93699158e-033 1.00000000e+000]
 [1.51463945e-064 1.53411674e-034 9.44971135e-041 4.58521562e-044
  5.04074386e-061 3.78971519e-048 5.17596828e-059 4.14710106e-032
  1.60815829e-017 3.33865487e-051 1.00623253e-038 4.39831206e-047
  7.45525301e-015 3.70919437e-072 3.84166805e-028 1.00000000e+000
  2.31951655e-028 4.22143058e-070 2.57062501e-031 1.40887426e-052
  1.95462719e-036 3.57334970e-049 2.50147563e-036 1.19797858e-048
  2.38563655e-045 7.24867780e-018 2.60842343e-022 4.26223945e-040
  6.97935518e-049 1.00000000e+000]
 [1.82994382e-061 2.95815496e-060 2.91556709e-042 2.51511768e-064
  1.22002539e-040 3.15598987e-051 3.76104909e-056 1.14975114e-026
  4.78395402e-018 1.73409109e-029 3.07363180e-027 1.66547292e-047
  6.21551754e-027 1.30537300e-040 1.94591652e-038 2.31951655e-028
  1.00000000e+000 1.19097547e-032 2.59472506e-069 6.71619468e-032
  3.52065372e-044 2.88463339e-028 8.22928543e-017 8.36118969e-043
  1.44187415e-048 1.73948615e-026 1.95893436e-015 2.28158087e-052
  2.62514772e-054 1.00000000e+000]
 [2.03509800e-032 1.97604677e-074 3.01051200e-043 4.26825422e-074
  1.20338694e-024 1.77180167e-052 1.04394451e-019 3.77880936e-024
  2.47660544e-058 2.37442662e-041 5.80058042e-033 1.34535546e-054
  1.99115046e-044 1.18551635e-011 1.98262117e-070 4.22143058e-070
  1.19097547e-032 1.00000000e+000 1.09733567e-095 8.86297971e-058
  1.33639715e-039 1.89686716e-018 7.48548777e-027 3.46835524e-053
  1.07539099e-059 6.79675843e-037 2.42784628e-036 3.44317859e-077
  8.58144228e-045 1.00000000e+000]
 [4.88072819e-050 3.75108693e-014 2.26374133e-054 4.81976589e-065
  9.02704310e-071 3.00627732e-114 6.48165206e-058 3.12155332e-084
  2.88019821e-048 2.50406765e-111 5.58273136e-110 2.35867089e-124
  1.74918791e-050 1.52668965e-082 3.47497305e-047 2.57062501e-031
  2.59472506e-069 1.09733567e-095 1.00000000e+000 1.67609350e-049
  1.24776360e-050 2.14496226e-104 2.02436547e-094 8.90979940e-088
  2.31859393e-066 5.96425303e-027 1.14523864e-053 7.37715940e-072
  6.06038371e-042 1.00000000e+000]
 [1.25178637e-052 1.61422747e-027 7.21389951e-021 3.74370092e-044
  2.83059067e-060 1.38292684e-077 2.03449566e-065 3.44380591e-063
  1.83990342e-041 5.50266144e-051 1.69721155e-082 4.95094765e-088
  5.20124549e-046 4.48803808e-048 2.63708467e-021 1.40887426e-052
  6.71619468e-032 8.86297971e-058 1.67609350e-049 1.00000000e+000
  3.46302066e-028 4.92031235e-069 7.31896830e-067 7.91309949e-061
  7.67911410e-051 6.30444674e-025 3.68239094e-028 1.58969518e-046
  2.64002768e-032 1.00000000e+000]
 [8.27996224e-031 4.25724457e-020 5.17913257e-004 7.79347718e-016
  1.55070441e-051 6.10927386e-030 5.92753469e-035 1.32401881e-024
  1.56746941e-046 2.02836552e-028 2.54494201e-045 7.19973843e-040
  5.28564613e-023 1.66445150e-038 2.80044297e-015 1.95462719e-036
  3.52065372e-044 1.33639715e-039 1.24776360e-050 3.46302066e-028
  1.00000000e+000 5.00713074e-039 2.52298019e-044 1.90488373e-035
  1.00811079e-029 8.62590767e-011 1.34269336e-023 1.04542446e-022
  1.61666223e-013 1.00000000e+000]
 [1.35099559e-066 1.24913814e-087 4.18063449e-038 3.15710168e-048
  4.79058012e-047 2.38022067e-016 1.68969255e-038 5.25494383e-018
  1.05708906e-035 1.62620025e-034 1.14578869e-008 7.83743228e-018
  5.92190171e-019 8.64703713e-022 9.16829152e-066 3.57334970e-049
  2.88463339e-028 1.89686716e-018 2.14496226e-104 4.92031235e-069
  5.00713074e-039 1.00000000e+000 8.09597296e-024 1.74119920e-066
  4.23170174e-078 5.18819191e-044 6.07429842e-026 1.46740478e-077
  7.44963186e-064 1.00000000e+000]
 [6.32812870e-051 8.03364696e-074 1.23568627e-054 4.10191510e-074
  3.87921077e-049 7.31555571e-042 1.36320901e-054 3.12221225e-007
  3.62053956e-040 8.69748768e-016 3.31261792e-011 1.02811629e-034
  2.23766452e-037 1.35027206e-049 1.49540699e-052 2.50147563e-036
  8.22928543e-017 7.48548777e-027 2.02436547e-094 7.31896830e-067
  2.52298019e-044 8.09597296e-024 1.00000000e+000 1.83762690e-021
  9.43327040e-033 2.75148535e-030 1.42866291e-033 6.94792773e-042
  9.35354420e-051 1.00000000e+000]
 [9.44878652e-043 1.15226364e-050 1.48408642e-051 2.84767903e-080
  3.16802176e-062 4.48595306e-067 1.01286476e-068 3.24775490e-019
  4.90411714e-076 4.63066832e-017 1.52067705e-048 8.86167002e-061
  3.65923905e-063 1.56652663e-084 1.81562983e-032 1.19797858e-048
  8.36118969e-043 3.46835524e-053 8.90979940e-088 7.91309949e-061
  1.90488373e-035 1.74119920e-066 1.83762690e-021 1.00000000e+000
  4.40920476e-004 1.17136190e-023 1.27040858e-048 2.02629330e-011
  5.09275296e-035 1.00000000e+000]
 [4.00825085e-032 2.92049579e-032 5.93728991e-046 1.45199498e-072
  1.53814451e-064 2.85804597e-077 7.80521781e-066 5.52555694e-028
  3.80485863e-074 1.68004237e-026 1.11197659e-062 2.42322058e-075
  5.05574498e-064 2.63245983e-084 2.29210279e-026 2.38563655e-045
  1.44187415e-048 1.07539099e-059 2.31859393e-066 7.67911410e-051
  1.00811079e-029 4.23170174e-078 9.43327040e-033 4.40920476e-004
  1.00000000e+000 3.86666139e-017 9.00926753e-051 2.76394330e-008
  6.71601254e-023 1.00000000e+000]
 [1.81483221e-022 8.60123891e-012 6.22712591e-017 2.60539826e-036
  6.93431063e-034 8.34750527e-049 4.90068347e-029 4.27266594e-021
  3.23886853e-033 9.64182025e-033 4.36837829e-044 3.19949385e-052
  2.48707429e-022 6.25789303e-043 2.03135415e-013 7.24867780e-018
  1.73948615e-026 6.79675843e-037 5.96425303e-027 6.30444674e-025
  8.62590767e-011 5.18819191e-044 2.75148535e-030 1.17136190e-023
  3.86666139e-017 1.00000000e+000 2.54071043e-017 1.80095031e-020
  9.34572278e-014 1.00000000e+000]
 [5.91679768e-063 1.67097004e-043 4.02982158e-018 5.28267098e-041
  8.62582698e-026 1.50606328e-031 1.47452965e-034 5.13218582e-025
  2.55707454e-027 9.33813050e-037 6.51136178e-034 4.81720347e-030
  3.32356267e-010 2.38424987e-041 2.22706208e-019 2.60842343e-022
  1.95893436e-015 2.42784628e-036 1.14523864e-053 3.68239094e-028
  1.34269336e-023 6.07429842e-026 1.42866291e-033 1.27040858e-048
  9.00926753e-051 2.54071043e-017 1.00000000e+000 1.99773707e-045
  3.56908370e-050 1.00000000e+000]
 [3.10928288e-053 1.56806330e-032 2.73785814e-034 1.87077498e-050
  2.19592524e-083 1.58527496e-058 1.32472565e-082 3.08804393e-031
  5.56023505e-069 2.88721271e-021 5.48826591e-061 6.23065331e-059
  6.27726237e-054 4.95665759e-095 7.18603356e-014 4.26223945e-040
  2.28158087e-052 3.44317859e-077 7.37715940e-072 1.58969518e-046
  1.04542446e-022 1.46740478e-077 6.94792773e-042 2.02629330e-011
  2.76394330e-008 1.80095031e-020 1.99773707e-045 1.00000000e+000
  6.94373759e-029 1.00000000e+000]
 [2.15038123e-009 1.38892944e-013 5.13639505e-024 3.93472589e-036
  2.26257885e-066 1.06972654e-068 4.58809712e-044 1.66512310e-039
  1.06597719e-054 2.80777179e-042 1.66686030e-066 1.97019574e-082
  2.17733023e-049 6.24358249e-042 3.93699158e-033 6.97935518e-049
  2.62514772e-054 8.58144228e-045 6.06038371e-042 2.64002768e-032
  1.61666223e-013 7.44963186e-064 9.35354420e-051 5.09275296e-035
  6.71601254e-023 9.34572278e-014 3.56908370e-050 6.94373759e-029
  1.00000000e+000 1.00000000e+000]
 [1.00000000e+000 1.00000000e+000 1.00000000e+000 1.00000000e+000
  1.00000000e+000 1.00000000e+000 1.00000000e+000 1.00000000e+000
  1.00000000e+000 1.00000000e+000 1.00000000e+000 1.00000000e+000
  1.00000000e+000 1.00000000e+000 1.00000000e+000 1.00000000e+000
  1.00000000e+000 1.00000000e+000 1.00000000e+000 1.00000000e+000
  1.00000000e+000 1.00000000e+000 1.00000000e+000 1.00000000e+000
  1.00000000e+000 1.00000000e+000 1.00000000e+000 1.00000000e+000
  1.00000000e+000 0.00000000e+000]]
