[[1.00000000e+000 8.99761371e-019 3.07275708e-052 5.84819699e-032
  2.54207269e-044 7.88399360e-023 8.10452771e-048 3.46939600e-025
  2.06453034e-055 1.91250174e-036 6.13285216e-010 1.40949667e-043
  3.83398283e-031 6.28965840e-012 3.29582718e-062 1.85853488e-062
  1.29743155e-023 2.27965454e-021 1.63719318e-024 2.31616207e-035
  1.00000000e+000]
 [8.99761371e-019 1.00000000e+000 5.30212691e-068 9.25168013e-034
  3.31605493e-056 6.42540273e-036 6.05488919e-077 4.10962463e-031
  8.38436835e-048 2.75997587e-045 1.66989325e-028 6.30088693e-054
  9.23849897e-027 3.14507710e-023 9.98326986e-031 1.55577807e-037
  2.14142339e-022 7.02791305e-027 8.22729173e-043 2.52871250e-039
  1.00000000e+000]
 [3.07275708e-052 5.30212691e-068 1.00000000e+000 5.83767039e-067
  1.38169871e-045 1.76269642e-019 1.78381993e-024 2.68860535e-053
  1.34595301e-072 7.37788174e-033 1.41001927e-055 1.78837281e-015
  2.32919069e-031 1.36642439e-057 5.04002119e-059 2.25489867e-050
  9.31657012e-067 9.22832774e-103 3.61049127e-048 1.10513760e-057
  1.00000000e+000]
 [5.84819699e-032 9.25168013e-034 5.83767039e-067 1.00000000e+000
  1.68056054e-062 5.22646194e-025 2.60288202e-093 6.04958678e-031
  8.15993642e-039 7.19387415e-073 3.12557353e-044 3.47300603e-044
  1.02778616e-023 6.67324952e-051 3.31325053e-060 1.95163412e-030
  3.10708647e-015 8.07098511e-076 2.83578074e-055 4.92730939e-062
  1.00000000e+000]
 [2.54207269e-044 3.31605493e-056 1.38169871e-045 1.68056054e-062
  1.00000000e+000 3.62250859e-030 5.47652471e-022 6.59089296e-037
  9.87349055e-030 4.85757476e-038 1.56056336e-018 4.94497083e-017
  1.36894609e-032 3.96131229e-035 2.37963536e-047 5.16568657e-046
  5.71419537e-054 1.18846621e-051 2.12625159e-072 4.81862111e-023
  1.00000000e+000]
 [7.88399360e-023 6.42540273e-036 1.76269642e-019 5.22646194e-025
  3.62250859e-030 1.00000000e+000 1.97694735e-028 1.06761572e-014
  2.84375395e-032 4.31831760e-024 3.43900868e-028 3.25439559e-013
  2.16992863e-023 3.48328931e-028 1.03182722e-045 9.49514211e-037
  4.76114890e-027 5.42285092e-058 8.55829966e-021 3.01249671e-026
  1.00000000e+000]
 [8.10452771e-048 6.05488919e-077 1.78381993e-024 2.60288202e-093
  5.47652471e-022 1.97694735e-028 1.00000000e+000 4.94890782e-052
  1.44053459e-071 1.83108297e-030 2.30966865e-033 1.83295487e-020
  4.29233462e-055 1.11646460e-034 3.53617419e-067 1.45341989e-081
  2.50630095e-085 4.06462712e-064 4.28225143e-051 1.18999686e-026
  1.00000000e+000]
 [3.46939600e-025 4.10962463e-031 2.68860535e-053 6.04958678e-031
  6.59089296e-037 1.06761572e-014 4.94890782e-052 1.00000000e+000
  5.83386185e-014 1.14689953e-017 8.36514518e-030 6.33563797e-042
  7.00222061e-043 1.04590590e-037 5.78538913e-066 3.62286586e-055
  1.71746862e-012 6.48133191e-044 2.68393606e-019 5.02953999e-034
  1.00000000e+000]
 [2.06453034e-055 8.38436835e-048 1.34595301e-072 8.15993642e-039
  9.87349055e-030 2.84375395e-032 1.44053459e-071 5.83386185e-014
  1.00000000e+000 4.23582141e-038 1.72518312e-044 9.96189558e-045
  8.31991215e-044 3.26925474e-064 6.32183182e-063 1.13401678e-041
  9.19054265e-022 1.92684667e-069 3.08419897e-062 8.53495036e-047
  1.00000000e+000]
 [1.91250174e-036 2.75997587e-045 7.37788174e-033 7.19387415e-073
  4.85757476e-038 4.31831760e-024 1.83108297e-030 1.14689953e-017
  4.23582141e-038 1.00000000e+000 4.06095906e-038 1.25584869e-042
  1.11940688e-052 1.71017650e-045 1.51536354e-072 4.10439786e-074
  3.84218556e-039 7.50059801e-054 2.01774682e-021 2.46492368e-042
  1.00000000e+000]
 [6.13285216e-010 1.66989325e-028 1.41001927e-055 3.12557353e-044
  1.56056336e-018 3.43900868e-028 2.30966865e-033 8.36514518e-030
  1.72518312e-044 4.06095906e-038 1.00000000e+000 5.21630241e-033
  1.66861191e-029 8.99175382e-011 1.67249532e-054 8.06754899e-058
  2.29567282e-034 1.45085148e-017 2.39075251e-046 1.42484208e-023
  1.00000000e+000]
 [1.40949667e-043 6.30088693e-054 1.78837281e-015 3.47300603e-044
  4.94497083e-017 3.25439559e-013 1.83295487e-020 6.33563797e-042
  9.96189558e-045 1.25584869e-042 5.21630241e-033 1.00000000e+000
  3.43533986e-017 6.16790068e-037 1.05097691e-032 2.83902603e-026
  9.06079659e-055 9.68799451e-077 2.32494472e-059 2.26501476e-028
  1.00000000e+000]
 [3.83398283e-031 9.23849897e-027 2.32919069e-031 1.02778616e-023
  1.36894609e-032 2.16992863e-023 4.29233462e-055 7.00222061e-043
  8.31991215e-044 1.11940688e-052 1.66861191e-029 3.43533986e-017
  1.00000000e+000 7.75485916e-039 3.52330944e-027 1.64029706e-010
  3.53113619e-030 2.57370936e-068 1.33974790e-066 9.76012514e-049
  1.00000000e+000]
 [6.28965840e-012 3.14507710e-023 1.36642439e-057 6.67324952e-051
  3.96131229e-035 3.48328931e-028 1.11646460e-034 1.04590590e-037
  3.26925474e-064 1.71017650e-045 8.99175382e-011 6.16790068e-037
  7.75485916e-039 1.00000000e+000 1.78769172e-040 1.93813045e-062
  1.54579362e-049 8.98915556e-013 3.18849465e-037 2.32070614e-012
  1.00000000e+000]
 [3.29582718e-062 9.98326986e-031 5.04002119e-059 3.31325053e-060
  2.37963536e-047 1.03182722e-045 3.53617419e-067 5.78538913e-066
  6.32183182e-063 1.51536354e-072 1.67249532e-054 1.05097691e-032
  3.52330944e-027 1.78769172e-040 1.00000000e+000 7.30185841e-018
  1.54136295e-069 4.23605499e-067 2.08054385e-088 1.01322216e-032
  1.00000000e+000]
 [1.85853488e-062 1.55577807e-037 2.25489867e-050 1.95163412e-030
  5.16568657e-046 9.49514211e-037 1.45341989e-081 3.62286586e-055
  1.13401678e-041 4.10439786e-074 8.06754899e-058 2.83902603e-026
  1.64029706e-010 1.93813045e-062 7.30185841e-018 1.00000000e+000
  1.95133542e-043 2.51866766e-095 1.42562635e-092 1.20450630e-057
  1.00000000e+000]
 [1.29743155e-023 2.14142339e-022 9.31657012e-067 3.10708647e-015
  5.71419537e-054 4.76114890e-027 2.50630095e-085 1.71746862e-012
  9.19054265e-022 3.84218556e-039 2.29567282e-034 9.06079659e-055
  3.53113619e-030 1.54579362e-049 1.54136295e-069 1.95133542e-043
  1.00000000e+000 1.27363662e-054 3.96033297e-038 2.23246028e-061
  1.00000000e+000]
 [2.27965454e-021 7.02791305e-027 9.22832774e-103 8.07098511e-076
  1.18846621e-051 5.42285092e-058 4.06462712e-064 6.48133191e-044
  1.92684667e-069 7.50059801e-054 1.45085148e-017 9.68799451e-077
  2.57370936e-068 8.98915556e-013 4.23605499e-067 2.51866766e-095
  1.27363662e-054 1.00000000e+000 3.25443971e-051 1.13749180e-027
  1.00000000e+000]
 [1.63719318e-024 8.22729173e-043 3.61049127e-048 2.83578074e-055
  2.12625159e-072 8.55829966e-021 4.28225143e-051 2.68393606e-019
  3.08419897e-062 2.01774682e-021 2.39075251e-046 2.32494472e-059
  1.33974790e-066 3.18849465e-037 2.08054385e-088 1.42562635e-092
  3.96033297e-038 3.25443971e-051 1.00000000e+000 3.94085803e-046
  1.00000000e+000]
 [2.31616207e-035 2.52871250e-039 1.10513760e-057 4.92730939e-062
  4.81862111e-023 3.01249671e-026 1.18999686e-026 5.02953999e-034
  8.53495036e-047 2.46492368e-042 1.42484208e-023 2.26501476e-028
  9.76012514e-049 2.32070614e-012 1.01322216e-032 1.20450630e-057
  2.23246028e-061 1.13749180e-027 3.94085803e-046 1.00000000e+000
  1.00000000e+000]
 [1.00000000e+000 1.00000000e+000 1.00000000e+000 1.00000000e+000
  1.00000000e+000 1.00000000e+000 1.00000000e+000 1.00000000e+000
  1.00000000e+000 1.00000000e+000 1.00000000e+000 1.00000000e+000
  1.00000000e+000 1.00000000e+000 1.00000000e+000 1.00000000e+000
  1.00000000e+000 1.00000000e+000 1.00000000e+000 1.00000000e+000
  0.00000000e+000]]
