[[1.00000000e+000 1.44366368e-106 5.42430015e-074 ... 5.72190430e-016
  5.07460419e-075 1.00000000e+000]
 [1.44366368e-106 1.00000000e+000 9.71383023e-072 ... 2.90103785e-108
  1.88613770e-032 1.00000000e+000]
 [5.42430015e-074 9.71383023e-072 1.00000000e+000 ... 2.63037183e-040
  5.29814479e-063 1.00000000e+000]
 ...
 [5.72190430e-016 2.90103785e-108 2.63037183e-040 ... 1.00000000e+000
  6.68649296e-062 1.00000000e+000]
 [5.07460419e-075 1.88613770e-032 5.29814479e-063 ... 6.68649296e-062
  1.00000000e+000 1.00000000e+000]
 [1.00000000e+000 1.00000000e+000 1.00000000e+000 ... 1.00000000e+000
  1.00000000e+000 0.00000000e+000]]
