[[1.00000000e+00 6.91872941e-44 4.18600907e-46 8.87637924e-73
  3.02981340e-28 1.38181918e-44 1.37978350e-26 1.20919079e-18
  1.21203459e-56 7.45565727e-42 1.57361343e-58 5.42269033e-32
  1.38020353e-41 9.79485499e-64 2.18409648e-16 2.90658129e-58
  1.40406365e-27 7.09307744e-64 8.86745601e-28 6.02777300e-35
  1.00000000e+00]
 [6.91872941e-44 1.00000000e+00 1.42590564e-31 5.72710022e-74
  3.54124719e-33 1.56580646e-67 2.17977658e-46 3.22880907e-32
  1.99453729e-51 1.24249220e-95 1.68547980e-80 2.42190983e-55
  3.03801593e-79 2.72961480e-92 3.20319010e-58 2.37286889e-55
  2.15546275e-53 1.11884638e-71 2.14577996e-41 2.21636723e-52
  1.00000000e+00]
 [4.18600907e-46 1.42590564e-31 1.00000000e+00 1.23133579e-35
  7.48812891e-20 2.54027918e-44 3.79914577e-56 3.61576295e-30
  7.58209833e-31 8.24617841e-69 6.46217595e-49 3.22163468e-70
  2.04058133e-22 4.37519966e-55 4.60072760e-42 1.59657205e-17
  1.02683415e-39 2.98863916e-48 6.40165882e-34 6.65909846e-55
  1.00000000e+00]
 [8.87637924e-73 5.72710022e-74 1.23133579e-35 1.00000000e+00
  7.63423010e-15 1.55582335e-24 6.11667735e-64 1.72914005e-66
  1.88259792e-05 1.12817194e-50 1.20751347e-15 1.56141387e-44
  1.15923861e-36 4.71299634e-16 1.67471065e-44 3.65094628e-40
  1.18095501e-21 1.99957669e-14 1.89364794e-17 2.57484695e-27
  1.00000000e+00]
 [3.02981340e-28 3.54124719e-33 7.48812891e-20 7.63423010e-15
  1.00000000e+00 2.31887506e-12 1.52425042e-32 3.23561150e-31
  8.58855030e-07 6.91276216e-40 1.32629116e-18 1.06039509e-22
  4.74603075e-24 5.67440976e-23 7.05540696e-19 7.70009181e-28
  6.35094493e-12 3.54779260e-25 4.96490364e-04 1.53032969e-13
  1.00000000e+00]
 [1.38181918e-44 1.56580646e-67 2.54027918e-44 1.55582335e-24
  2.31887506e-12 1.00000000e+00 4.45005518e-40 5.68237050e-49
  2.17905619e-17 1.32870484e-55 1.42965915e-22 6.02619656e-34
  1.10897762e-24 1.70924962e-37 2.52714898e-38 2.39185661e-46
  7.17376062e-25 7.19999006e-46 9.70123682e-19 3.75948734e-16
  1.00000000e+00]
 [1.37978350e-26 2.17977658e-46 3.79914577e-56 6.11667735e-64
  1.52425042e-32 4.45005518e-40 1.00000000e+00 8.59994834e-13
  1.07394598e-56 8.85828148e-40 2.48639261e-42 2.16885701e-21
  1.14244974e-64 3.50801392e-76 1.23049612e-48 3.28780300e-57
  1.31291681e-31 1.64392054e-45 1.00081369e-38 1.47775650e-21
  1.00000000e+00]
 [1.20919079e-18 3.22880907e-32 3.61576295e-30 1.72914005e-66
  3.23561150e-31 5.68237050e-49 8.59994834e-13 1.00000000e+00
  2.54860736e-57 1.29736943e-55 1.68162418e-60 2.11177355e-45
  2.71209733e-45 4.37125002e-85 4.52962983e-46 2.86189029e-49
  1.42585186e-30 3.88700163e-50 2.67700795e-41 1.12152600e-35
  1.00000000e+00]
 [1.21203459e-56 1.99453729e-51 7.58209833e-31 1.88259792e-05
  8.58855030e-07 2.17905619e-17 1.07394598e-56 2.54860736e-57
  1.00000000e+00 2.07273687e-57 1.20147086e-21 1.20151792e-35
  3.02755113e-35 7.82764097e-20 1.04104447e-35 2.02530600e-42
  1.90693168e-16 5.40869539e-21 3.06871823e-08 9.45191482e-19
  1.00000000e+00]
 [7.45565727e-42 1.24249220e-95 8.24617841e-69 1.12817194e-50
  6.91276216e-40 1.32870484e-55 8.85828148e-40 1.29736943e-55
  2.07273687e-57 1.00000000e+00 5.60258780e-19 1.42289423e-24
  1.90246385e-59 2.22823724e-27 2.02000842e-22 2.57789697e-42
  2.34834793e-40 1.87992904e-40 2.90259127e-36 1.06800757e-45
  1.00000000e+00]
 [1.57361343e-58 1.68547980e-80 6.46217595e-49 1.20751347e-15
  1.32629116e-18 1.42965915e-22 2.48639261e-42 1.68162418e-60
  1.20147086e-21 5.60258780e-19 1.00000000e+00 1.78048565e-23
  4.40523175e-42 4.00594249e-13 2.35174710e-31 1.18794212e-27
  5.27294355e-31 5.90103926e-26 5.19378326e-21 4.94086653e-27
  1.00000000e+00]
 [5.42269033e-32 2.42190983e-55 3.22163468e-70 1.56141387e-44
  1.06039509e-22 6.02619656e-34 2.16885701e-21 2.11177355e-45
  1.20151792e-35 1.42289423e-24 1.78048565e-23 1.00000000e+00
  9.88273564e-73 1.52786789e-35 2.46798173e-26 7.12902740e-61
  8.80250604e-24 5.62076961e-35 1.42989028e-16 6.05853375e-13
  1.00000000e+00]
 [1.38020353e-41 3.03801593e-79 2.04058133e-22 1.15923861e-36
  4.74603075e-24 1.10897762e-24 1.14244974e-64 2.71209733e-45
  3.02755113e-35 1.90246385e-59 4.40523175e-42 9.88273564e-73
  1.00000000e+00 3.99892941e-45 1.00610216e-33 6.28735905e-32
  1.43315057e-36 1.06234191e-59 4.46640099e-35 8.14178174e-52
  1.00000000e+00]
 [9.79485499e-64 2.72961480e-92 4.37519966e-55 4.71299634e-16
  5.67440976e-23 1.70924962e-37 3.50801392e-76 4.37125002e-85
  7.82764097e-20 2.22823724e-27 4.00594249e-13 1.52786789e-35
  3.99892941e-45 1.00000000e+00 6.34329040e-22 1.09371547e-41
  1.42007140e-31 3.68687987e-30 3.70500711e-17 2.20310250e-40
  1.00000000e+00]
 [2.18409648e-16 3.20319010e-58 4.60072760e-42 1.67471065e-44
  7.05540696e-19 2.52714898e-38 1.23049612e-48 4.52962983e-46
  1.04104447e-35 2.02000842e-22 2.35174710e-31 2.46798173e-26
  1.00610216e-33 6.34329040e-22 1.00000000e+00 3.42501819e-38
  2.44452347e-26 2.97740933e-49 3.60885200e-14 2.00913861e-37
  1.00000000e+00]
 [2.90658129e-58 2.37286889e-55 1.59657205e-17 3.65094628e-40
  7.70009181e-28 2.39185661e-46 3.28780300e-57 2.86189029e-49
  2.02530600e-42 2.57789697e-42 1.18794212e-27 7.12902740e-61
  6.28735905e-32 1.09371547e-41 3.42501819e-38 1.00000000e+00
  6.66081509e-60 2.31928096e-59 2.36678392e-42 3.95122104e-66
  1.00000000e+00]
 [1.40406365e-27 2.15546275e-53 1.02683415e-39 1.18095501e-21
  6.35094493e-12 7.17376062e-25 1.31291681e-31 1.42585186e-30
  1.90693168e-16 2.34834793e-40 5.27294355e-31 8.80250604e-24
  1.43315057e-36 1.42007140e-31 2.44452347e-26 6.66081509e-60
  1.00000000e+00 1.26507718e-13 1.12734855e-08 1.25967191e-08
  1.00000000e+00]
 [7.09307744e-64 1.11884638e-71 2.98863916e-48 1.99957669e-14
  3.54779260e-25 7.19999006e-46 1.64392054e-45 3.88700163e-50
  5.40869539e-21 1.87992904e-40 5.90103926e-26 5.62076961e-35
  1.06234191e-59 3.68687987e-30 2.97740933e-49 2.31928096e-59
  1.26507718e-13 1.00000000e+00 5.46453232e-23 1.29815652e-22
  1.00000000e+00]
 [8.86745601e-28 2.14577996e-41 6.40165882e-34 1.89364794e-17
  4.96490364e-04 9.70123682e-19 1.00081369e-38 2.67700795e-41
  3.06871823e-08 2.90259127e-36 5.19378326e-21 1.42989028e-16
  4.46640099e-35 3.70500711e-17 3.60885200e-14 2.36678392e-42
  1.12734855e-08 5.46453232e-23 1.00000000e+00 8.48371394e-12
  1.00000000e+00]
 [6.02777300e-35 2.21636723e-52 6.65909846e-55 2.57484695e-27
  1.53032969e-13 3.75948734e-16 1.47775650e-21 1.12152600e-35
  9.45191482e-19 1.06800757e-45 4.94086653e-27 6.05853375e-13
  8.14178174e-52 2.20310250e-40 2.00913861e-37 3.95122104e-66
  1.25967191e-08 1.29815652e-22 8.48371394e-12 1.00000000e+00
  1.00000000e+00]
 [1.00000000e+00 1.00000000e+00 1.00000000e+00 1.00000000e+00
  1.00000000e+00 1.00000000e+00 1.00000000e+00 1.00000000e+00
  1.00000000e+00 1.00000000e+00 1.00000000e+00 1.00000000e+00
  1.00000000e+00 1.00000000e+00 1.00000000e+00 1.00000000e+00
  1.00000000e+00 1.00000000e+00 1.00000000e+00 1.00000000e+00
  0.00000000e+00]]
