[[1.00000000e+000 3.17721466e-060 2.16134732e-038 4.05410014e-084
  1.05329019e-043 1.90584954e-057 4.85433066e-029 6.67633722e-050
  1.06162427e-086 7.30020976e-045 4.39198946e-033 5.11908086e-048
  4.24208275e-050 3.54973389e-058 8.75242596e-020 1.65364213e-049
  6.76444660e-033 6.00697669e-056 5.21149622e-035 1.11436944e-030
  1.00000000e+000]
 [3.17721466e-060 1.00000000e+000 2.09535505e-039 1.24710779e-030
  1.73200495e-035 8.19676574e-071 4.76996249e-045 1.39443431e-045
  4.59447793e-090 8.05269278e-019 4.17672235e-046 2.50973339e-060
  1.55739126e-021 2.60748352e-024 1.15094384e-057 2.46851375e-066
  1.24690642e-036 3.36687484e-062 1.30184267e-068 9.93680510e-020
  1.00000000e+000]
 [2.16134732e-038 2.09535505e-039 1.00000000e+000 7.87907710e-027
  6.72867119e-065 3.83224988e-030 2.71525047e-008 1.38388063e-023
  3.16706787e-038 9.74867876e-017 1.89672675e-024 3.56026086e-051
  6.24933611e-029 4.50544168e-029 1.24288853e-052 8.10660339e-031
  3.48197749e-039 8.93225554e-026 5.81657324e-010 1.17876514e-010
  1.00000000e+000]
 [4.05410014e-084 1.24710779e-030 7.87907710e-027 1.00000000e+000
  2.46120923e-076 2.80867987e-078 1.28667222e-038 2.05228087e-042
  3.90009516e-088 2.07206187e-033 8.52247188e-054 3.87640243e-047
  6.26084675e-047 4.46817170e-041 1.44123616e-088 4.69389355e-056
  1.77336515e-061 3.06609951e-053 1.69325210e-053 3.51075890e-030
  1.00000000e+000]
 [1.05329019e-043 1.73200495e-035 6.72867119e-065 2.46120923e-076
  1.00000000e+000 2.57566644e-047 1.38424570e-040 8.97416383e-034
  1.25504897e-094 1.28338582e-051 6.28736751e-049 4.33544024e-043
  3.78611918e-033 9.06772020e-066 2.91373038e-041 4.16061331e-078
  2.69709090e-008 5.57678304e-063 1.97639906e-067 3.34337327e-041
  1.00000000e+000]
 [1.90584954e-057 8.19676574e-071 3.83224988e-030 2.80867987e-078
  2.57566644e-047 1.00000000e+000 7.64098554e-016 1.89065122e-016
  1.27571040e-023 2.54630356e-051 8.99316801e-034 3.31325019e-077
  4.12365486e-033 2.27403496e-073 1.73980952e-067 7.79405843e-070
  4.93966005e-023 2.68348483e-039 1.38562368e-023 4.31619787e-035
  1.00000000e+000]
 [4.85433066e-029 4.76996249e-045 2.71525047e-008 1.28667222e-038
  1.38424570e-040 7.64098554e-016 1.00000000e+000 2.06517175e-016
  4.59525952e-044 5.60130817e-026 4.04630898e-027 2.30196642e-038
  6.02671247e-032 1.52047011e-042 1.15209726e-047 8.07666849e-030
  3.56088072e-018 4.08245160e-026 6.06755298e-008 3.56748445e-012
  1.00000000e+000]
 [6.67633722e-050 1.39443431e-045 1.38388063e-023 2.05228087e-042
  8.97416383e-034 1.89065122e-016 2.06517175e-016 1.00000000e+000
  1.05333009e-024 4.33516245e-035 2.32110308e-015 1.18254305e-039
  4.30789401e-014 2.81233858e-050 7.91656039e-040 6.70571785e-060
  1.50539797e-021 6.94112279e-021 7.03449641e-024 1.86420660e-031
  1.00000000e+000]
 [1.06162427e-086 4.59447793e-090 3.16706787e-038 3.90009516e-088
  1.25504897e-094 1.27571040e-023 4.59525952e-044 1.05333009e-024
  1.00000000e+000 7.02950909e-063 1.51796025e-025 7.16650877e-113
  7.34310405e-031 4.05126691e-081 2.00021075e-075 3.20341373e-105
  1.03315233e-066 7.88973414e-045 2.83969232e-039 2.27577846e-059
  1.00000000e+000]
 [7.30020976e-045 8.05269278e-019 9.74867876e-017 2.07206187e-033
  1.28338582e-051 2.54630356e-051 5.60130817e-026 4.33516245e-035
  7.02950909e-063 1.00000000e+000 7.10782827e-041 2.33696098e-044
  6.50935058e-022 3.61020914e-003 3.77049630e-039 9.69219805e-024
  1.98030360e-044 3.90572605e-022 2.89784522e-028 8.39788878e-019
  1.00000000e+000]
 [4.39198946e-033 4.17672235e-046 1.89672675e-024 8.52247188e-054
  6.28736751e-049 8.99316801e-034 4.04630898e-027 2.32110308e-015
  1.51796025e-025 7.10782827e-041 1.00000000e+000 3.31706590e-063
  6.25844389e-014 1.16740997e-056 2.51899683e-030 1.57692101e-080
  2.98536608e-033 2.34854560e-042 4.32576428e-034 1.45632881e-027
  1.00000000e+000]
 [5.11908086e-048 2.50973339e-060 3.56026086e-051 3.87640243e-047
  4.33544024e-043 3.31325019e-077 2.30196642e-038 1.18254305e-039
  7.16650877e-113 2.33696098e-044 3.31706590e-063 1.00000000e+000
  2.22931748e-060 1.85215827e-049 1.43909795e-038 4.57577059e-031
  4.59816591e-046 9.16183504e-031 1.69997569e-043 8.22958777e-057
  1.00000000e+000]
 [4.24208275e-050 1.55739126e-021 6.24933611e-029 6.26084675e-047
  3.78611918e-033 4.12365486e-033 6.02671247e-032 4.30789401e-014
  7.34310405e-031 6.50935058e-022 6.25844389e-014 2.22931748e-060
  1.00000000e+000 9.05873114e-032 6.10808680e-033 6.27583874e-072
  1.24485810e-028 2.17662421e-033 1.28661691e-042 4.91156536e-026
  1.00000000e+000]
 [3.54973389e-058 2.60748352e-024 4.50544168e-029 4.46817170e-041
  9.06772020e-066 2.27403496e-073 1.52047011e-042 2.81233858e-050
  4.05126691e-081 3.61020914e-003 1.16740997e-056 1.85215827e-049
  9.05873114e-032 1.00000000e+000 3.08796702e-044 2.36336515e-026
  1.43116480e-063 7.68316230e-027 2.05585804e-041 5.15402535e-033
  1.00000000e+000]
 [8.75242596e-020 1.15094384e-057 1.24288853e-052 1.44123616e-088
  2.91373038e-041 1.73980952e-067 1.15209726e-047 7.91656039e-040
  2.00021075e-075 3.77049630e-039 2.51899683e-030 1.43909795e-038
  6.10808680e-033 3.08796702e-044 1.00000000e+000 1.02148664e-057
  3.95469416e-046 1.49991650e-035 8.48049801e-046 8.36894906e-054
  1.00000000e+000]
 [1.65364213e-049 2.46851375e-066 8.10660339e-031 4.69389355e-056
  4.16061331e-078 7.79405843e-070 8.07666849e-030 6.70571785e-060
  3.20341373e-105 9.69219805e-024 1.57692101e-080 4.57577059e-031
  6.27583874e-072 2.36336515e-026 1.02148664e-057 1.00000000e+000
  2.26862786e-065 1.24490887e-024 2.17666799e-022 4.89188165e-044
  1.00000000e+000]
 [6.76444660e-033 1.24690642e-036 3.48197749e-039 1.77336515e-061
  2.69709090e-008 4.93966005e-023 3.56088072e-018 1.50539797e-021
  1.03315233e-066 1.98030360e-044 2.98536608e-033 4.59816591e-046
  1.24485810e-028 1.43116480e-063 3.95469416e-046 2.26862786e-065
  1.00000000e+000 1.32635487e-053 5.94515600e-042 4.72979468e-022
  1.00000000e+000]
 [6.00697669e-056 3.36687484e-062 8.93225554e-026 3.06609951e-053
  5.57678304e-063 2.68348483e-039 4.08245160e-026 6.94112279e-021
  7.88973414e-045 3.90572605e-022 2.34854560e-042 9.16183504e-031
  2.17662421e-033 7.68316230e-027 1.49991650e-035 1.24490887e-024
  1.32635487e-053 1.00000000e+000 5.07179615e-015 1.05874423e-048
  1.00000000e+000]
 [5.21149622e-035 1.30184267e-068 5.81657324e-010 1.69325210e-053
  1.97639906e-067 1.38562368e-023 6.06755298e-008 7.03449641e-024
  2.83969232e-039 2.89784522e-028 4.32576428e-034 1.69997569e-043
  1.28661691e-042 2.05585804e-041 8.48049801e-046 2.17666799e-022
  5.94515600e-042 5.07179615e-015 1.00000000e+000 1.68592776e-028
  1.00000000e+000]
 [1.11436944e-030 9.93680510e-020 1.17876514e-010 3.51075890e-030
  3.34337327e-041 4.31619787e-035 3.56748445e-012 1.86420660e-031
  2.27577846e-059 8.39788878e-019 1.45632881e-027 8.22958777e-057
  4.91156536e-026 5.15402535e-033 8.36894906e-054 4.89188165e-044
  4.72979468e-022 1.05874423e-048 1.68592776e-028 1.00000000e+000
  1.00000000e+000]
 [1.00000000e+000 1.00000000e+000 1.00000000e+000 1.00000000e+000
  1.00000000e+000 1.00000000e+000 1.00000000e+000 1.00000000e+000
  1.00000000e+000 1.00000000e+000 1.00000000e+000 1.00000000e+000
  1.00000000e+000 1.00000000e+000 1.00000000e+000 1.00000000e+000
  1.00000000e+000 1.00000000e+000 1.00000000e+000 1.00000000e+000
  0.00000000e+000]]
