[[1.00000000e+00 7.39260912e-30 3.33183504e-57 ... 1.54376272e-59
  8.23448657e-24 1.00000000e+00]
 [7.39260912e-30 1.00000000e+00 3.94910699e-36 ... 5.80205645e-52
  2.70679025e-41 1.00000000e+00]
 [3.33183504e-57 3.94910699e-36 1.00000000e+00 ... 2.70932547e-37
  1.17707631e-22 1.00000000e+00]
 ...
 [1.54376272e-59 5.80205645e-52 2.70932547e-37 ... 1.00000000e+00
  4.10455058e-62 1.00000000e+00]
 [8.23448657e-24 2.70679025e-41 1.17707631e-22 ... 4.10455058e-62
  1.00000000e+00 1.00000000e+00]
 [1.00000000e+00 1.00000000e+00 1.00000000e+00 ... 1.00000000e+00
  1.00000000e+00 0.00000000e+00]]
