[[1.00000000e+00 6.00638495e-26 5.79578277e-42 ... 3.34706381e-67
  3.11543305e-61 1.00000000e+00]
 [6.00638495e-26 1.00000000e+00 9.89147419e-52 ... 1.96238054e-53
  2.47914430e-67 1.00000000e+00]
 [5.79578277e-42 9.89147419e-52 1.00000000e+00 ... 7.79704240e-44
  9.61480513e-23 1.00000000e+00]
 ...
 [3.34706381e-67 1.96238054e-53 7.79704240e-44 ... 1.00000000e+00
  7.69626106e-41 1.00000000e+00]
 [3.11543305e-61 2.47914430e-67 9.61480513e-23 ... 7.69626106e-41
  1.00000000e+00 1.00000000e+00]
 [1.00000000e+00 1.00000000e+00 1.00000000e+00 ... 1.00000000e+00
  1.00000000e+00 0.00000000e+00]]
