[[1.00000000e+000 4.92359564e-032 9.94440321e-033 1.42880526e-026
  5.69114874e-011 3.65533723e-054 5.94578234e-035 4.55744175e-034
  6.19799210e-044 9.79924367e-012 2.69622613e-015 1.92282186e-022
  6.70398484e-047 1.30296006e-031 6.87732911e-017 2.67731180e-058
  9.33967964e-012 5.22312752e-023 1.27400483e-035 2.44505516e-025
  1.00000000e+000]
 [4.92359564e-032 1.00000000e+000 6.90110193e-008 1.06917221e-029
  8.07519668e-067 3.94950759e-042 3.47566812e-007 3.40096341e-019
  3.54192165e-054 5.59674662e-032 3.90798398e-020 2.06729099e-007
  2.53814802e-031 3.75522463e-029 1.25755962e-034 1.14217953e-055
  4.34314331e-040 3.29101483e-043 1.97089824e-067 9.40742523e-010
  1.00000000e+000]
 [9.94440321e-033 6.90110193e-008 1.00000000e+000 8.08895674e-014
  7.80193553e-065 2.49281043e-041 2.64230671e-013 3.47655723e-040
  4.40041841e-060 2.84345555e-037 9.96582072e-018 1.58970052e-002
  4.82665592e-027 6.74993346e-031 4.60688286e-052 1.15741131e-062
  2.57966472e-051 1.19594526e-051 1.89190213e-078 9.76620681e-017
  1.00000000e+000]
 [1.42880526e-026 1.06917221e-029 8.08895674e-014 1.00000000e+000
  1.52147371e-052 4.19348106e-024 9.79691219e-030 1.42212775e-061
  1.21807758e-065 9.79315781e-046 3.34549727e-016 3.33750096e-013
  2.28527563e-028 2.55201715e-033 9.06299656e-068 4.28941364e-042
  2.76829671e-038 6.75604980e-047 1.57204677e-083 4.47352985e-023
  1.00000000e+000]
 [5.69114874e-011 8.07519668e-067 7.80193553e-065 1.52147371e-052
  1.00000000e+000 5.75822235e-089 6.07874097e-076 1.09108932e-071
  3.89740980e-040 8.96678284e-026 1.57671971e-046 5.47083944e-050
  1.26682113e-063 1.23387152e-062 4.89067412e-029 8.34916809e-091
  7.82557256e-029 1.21986083e-039 3.84069337e-049 1.22710891e-057
  1.00000000e+000]
 [3.65533723e-054 3.94950759e-042 2.49281043e-041 4.19348106e-024
  5.75822235e-089 1.00000000e+000 1.30530593e-043 5.41902044e-069
  1.94982551e-082 2.65110071e-082 2.14019205e-041 9.12939444e-039
  1.46671909e-037 1.87519259e-059 1.71877488e-093 1.36780384e-013
  3.45952766e-036 1.94932953e-052 3.55389644e-118 9.56673672e-027
  1.00000000e+000]
 [5.94578234e-035 3.47566812e-007 2.64230671e-013 9.79691219e-030
  6.07874097e-076 1.30530593e-043 1.00000000e+000 4.67244230e-013
  7.86648406e-064 5.52287855e-027 1.84997821e-021 3.60106785e-015
  2.97172705e-036 1.70483838e-021 6.54332663e-043 5.89883105e-046
  6.68961591e-039 3.14292826e-034 3.59717095e-049 6.73325195e-006
  1.00000000e+000]
 [4.55744175e-034 3.40096341e-019 3.47655723e-040 1.42212775e-061
  1.09108932e-071 5.41902044e-069 4.67244230e-013 1.00000000e+000
  4.04554211e-074 1.09883909e-021 4.05188471e-031 1.76055350e-035
  9.98922208e-068 1.37286810e-033 7.91445067e-024 2.10630551e-062
  9.08560945e-031 1.03238483e-030 5.21529453e-034 1.79559124e-017
  1.00000000e+000]
 [6.19799210e-044 3.54192165e-054 4.40041841e-060 1.21807758e-065
  3.89740980e-040 1.94982551e-082 7.86648406e-064 4.04554211e-074
  1.00000000e+000 3.52419977e-047 6.71020031e-075 2.08993560e-056
  1.21329431e-019 1.74028794e-050 1.03474162e-047 5.70738126e-068
  8.64985276e-053 4.25140475e-057 1.42491802e-069 1.21812303e-041
  1.00000000e+000]
 [9.79924367e-012 5.59674662e-032 2.84345555e-037 9.79315781e-046
  8.96678284e-026 2.65110071e-082 5.52287855e-027 1.09883909e-021
  3.52419977e-047 1.00000000e+000 1.42409099e-030 8.66389563e-030
  8.33014337e-056 2.88863185e-035 5.79801380e-018 6.22969742e-077
  1.32897446e-027 1.42413000e-017 1.84371132e-011 2.96084166e-026
  1.00000000e+000]
 [2.69622613e-015 3.90798398e-020 9.96582072e-018 3.34549727e-016
  1.57671971e-046 2.14019205e-041 1.84997821e-021 4.05188471e-031
  6.71020031e-075 1.42409099e-030 1.00000000e+000 2.19854536e-013
  2.15741879e-051 4.74168932e-020 5.68935995e-032 1.25560045e-055
  5.36634889e-025 4.31492116e-047 1.48415975e-065 7.07932819e-021
  1.00000000e+000]
 [1.92282186e-022 2.06729099e-007 1.58970052e-002 3.33750096e-013
  5.47083944e-050 9.12939444e-039 3.60106785e-015 1.76055350e-035
  2.08993560e-056 8.66389563e-030 2.19854536e-013 1.00000000e+000
  4.49323434e-030 2.80507838e-033 6.34268858e-041 3.55504321e-061
  1.06714358e-039 4.59831352e-042 1.88758287e-070 2.75109167e-016
  1.00000000e+000]
 [6.70398484e-047 2.53814802e-031 4.82665592e-027 2.28527563e-028
  1.26682113e-063 1.46671909e-037 2.97172705e-036 9.98922208e-068
  1.21329431e-019 8.33014337e-056 2.15741879e-051 4.49323434e-030
  1.00000000e+000 6.41720531e-036 2.02694792e-069 4.18230995e-037
  1.70360572e-052 4.07792505e-055 3.66807210e-088 9.99012656e-021
  1.00000000e+000]
 [1.30296006e-031 3.75522463e-029 6.74993346e-031 2.55201715e-033
  1.23387152e-062 1.87519259e-059 1.70483838e-021 1.37286810e-033
  1.74028794e-050 2.88863185e-035 4.74168932e-020 2.80507838e-033
  6.41720531e-036 1.00000000e+000 3.34592889e-037 4.10092714e-048
  1.73250506e-037 5.25336306e-059 7.19513269e-057 8.09538098e-018
  1.00000000e+000]
 [6.87732911e-017 1.25755962e-034 4.60688286e-052 9.06299656e-068
  4.89067412e-029 1.71877488e-093 6.54332663e-043 7.91445067e-024
  1.03474162e-047 5.79801380e-018 5.68935995e-032 6.34268858e-041
  2.02694792e-069 3.34592889e-037 1.00000000e+000 7.55674791e-090
  7.02079760e-027 2.24680923e-045 4.32037719e-040 1.96459386e-037
  1.00000000e+000]
 [2.67731180e-058 1.14217953e-055 1.15741131e-062 4.28941364e-042
  8.34916809e-091 1.36780384e-013 5.89883105e-046 2.10630551e-062
  5.70738126e-068 6.22969742e-077 1.25560045e-055 3.55504321e-061
  4.18230995e-037 4.10092714e-048 7.55674791e-090 1.00000000e+000
  1.98372835e-030 5.36459120e-045 3.63664810e-093 2.82559277e-024
  1.00000000e+000]
 [9.33967964e-012 4.34314331e-040 2.57966472e-051 2.76829671e-038
  7.82557256e-029 3.45952766e-036 6.68961591e-039 9.08560945e-031
  8.64985276e-053 1.32897446e-027 5.36634889e-025 1.06714358e-039
  1.70360572e-052 1.73250506e-037 7.02079760e-027 1.98372835e-030
  1.00000000e+000 5.28556994e-019 2.76772687e-044 2.79588182e-022
  1.00000000e+000]
 [5.22312752e-023 3.29101483e-043 1.19594526e-051 6.75604980e-047
  1.21986083e-039 1.94932953e-052 3.14292826e-034 1.03238483e-030
  4.25140475e-057 1.42413000e-017 4.31492116e-047 4.59831352e-042
  4.07792505e-055 5.25336306e-059 2.24680923e-045 5.36459120e-045
  5.28556994e-019 1.00000000e+000 5.37169743e-022 9.60947506e-025
  1.00000000e+000]
 [1.27400483e-035 1.97089824e-067 1.89190213e-078 1.57204677e-083
  3.84069337e-049 3.55389644e-118 3.59717095e-049 5.21529453e-034
  1.42491802e-069 1.84371132e-011 1.48415975e-065 1.88758287e-070
  3.66807210e-088 7.19513269e-057 4.32037719e-040 3.63664810e-093
  2.76772687e-044 5.37169743e-022 1.00000000e+000 5.89763277e-048
  1.00000000e+000]
 [2.44505516e-025 9.40742523e-010 9.76620681e-017 4.47352985e-023
  1.22710891e-057 9.56673672e-027 6.73325195e-006 1.79559124e-017
  1.21812303e-041 2.96084166e-026 7.07932819e-021 2.75109167e-016
  9.99012656e-021 8.09538098e-018 1.96459386e-037 2.82559277e-024
  2.79588182e-022 9.60947506e-025 5.89763277e-048 1.00000000e+000
  1.00000000e+000]
 [1.00000000e+000 1.00000000e+000 1.00000000e+000 1.00000000e+000
  1.00000000e+000 1.00000000e+000 1.00000000e+000 1.00000000e+000
  1.00000000e+000 1.00000000e+000 1.00000000e+000 1.00000000e+000
  1.00000000e+000 1.00000000e+000 1.00000000e+000 1.00000000e+000
  1.00000000e+000 1.00000000e+000 1.00000000e+000 1.00000000e+000
  0.00000000e+000]]
