[[1.00000000e+00 2.95405069e-51 4.71100803e-40 ... 8.67357030e-37
  1.97195886e-32 1.00000000e+00]
 [2.95405069e-51 1.00000000e+00 1.32187488e-29 ... 8.63452491e-55
  3.47119768e-21 1.00000000e+00]
 [4.71100803e-40 1.32187488e-29 1.00000000e+00 ... 1.90258980e-75
  1.02092503e-36 1.00000000e+00]
 ...
 [8.67357030e-37 8.63452491e-55 1.90258980e-75 ... 1.00000000e+00
  2.01418282e-56 1.00000000e+00]
 [1.97195886e-32 3.47119768e-21 1.02092503e-36 ... 2.01418282e-56
  1.00000000e+00 1.00000000e+00]
 [1.00000000e+00 1.00000000e+00 1.00000000e+00 ... 1.00000000e+00
  1.00000000e+00 0.00000000e+00]]
