[[1.00000000e+000 5.87885203e-015 2.08528019e-076 3.49108633e-047
  1.53740768e-033 2.30346789e-026 1.14439428e-070 2.17028880e-038
  4.93612849e-033 6.25435038e-049 1.06546715e-047 1.46022742e-026
  3.39197789e-019 2.57379317e-090 1.42542581e-037 8.50363129e-056
  7.07765987e-033 1.50780655e-024 2.00949340e-039 1.20728135e-050
  1.00000000e+000]
 [5.87885203e-015 1.00000000e+000 2.91178754e-073 1.10784246e-039
  1.24869255e-032 2.61134993e-026 2.05401618e-046 3.82567917e-029
  3.39643122e-027 2.43676736e-068 8.27070811e-056 6.29644922e-012
  7.85504355e-003 3.05521843e-064 7.76428743e-036 5.27594874e-036
  3.10929980e-018 1.98441584e-018 6.50323202e-045 7.41069776e-032
  1.00000000e+000]
 [2.08528019e-076 2.91178754e-073 1.00000000e+000 7.51430267e-029
  1.14216288e-117 5.27597312e-054 1.42113370e-059 2.02590369e-033
  2.48808717e-050 1.12504433e-103 5.76692443e-029 3.50620753e-075
  1.90590397e-078 6.02723846e-031 7.87516841e-018 1.34624043e-054
  2.76475622e-067 6.13651762e-069 6.81837497e-061 1.94188278e-025
  1.00000000e+000]
 [3.49108633e-047 1.10784246e-039 7.51430267e-029 1.00000000e+000
  5.04176348e-090 6.66451503e-050 3.17873103e-049 3.40322847e-016
  9.37191435e-039 6.06326399e-092 3.62561954e-063 5.08097716e-046
  4.36501261e-042 6.34083983e-067 7.41991380e-018 3.41246592e-038
  1.30912294e-043 9.90743487e-042 1.25070581e-073 2.90266304e-038
  1.00000000e+000]
 [1.53740768e-033 1.24869255e-032 1.14216288e-117 5.04176348e-090
  1.00000000e+000 9.09140975e-048 3.04833959e-054 5.36488580e-043
  3.76360856e-041 5.82273499e-027 9.51366922e-060 7.15508148e-025
  5.11658064e-026 1.39085227e-090 1.50515550e-050 2.44734833e-062
  9.13541949e-046 1.97752171e-020 9.69671509e-035 2.17494315e-091
  1.00000000e+000]
 [2.30346789e-026 2.61134993e-026 5.27597312e-054 6.66451503e-050
  9.09140975e-048 1.00000000e+000 4.68271321e-056 1.21328079e-029
  4.15157291e-020 5.81316745e-050 2.24343971e-023 4.21846891e-037
  2.88720689e-037 1.04213858e-064 4.66164958e-027 4.17639888e-056
  4.46968382e-065 1.84027107e-050 2.18597657e-012 3.26903568e-027
  1.00000000e+000]
 [1.14439428e-070 2.05401618e-046 1.42113370e-059 3.17873103e-049
  3.04833959e-054 4.68271321e-056 1.00000000e+000 6.72820970e-017
  8.98400190e-067 1.35618095e-048 6.00049120e-062 4.55986400e-018
  1.03162586e-041 5.07378171e-031 5.72460727e-031 1.39626973e-006
  1.02884749e-039 8.39094579e-046 1.37078331e-044 4.83918845e-055
  1.00000000e+000]
 [2.17028880e-038 3.82567917e-029 2.02590369e-033 3.40322847e-016
  5.36488580e-043 1.21328079e-029 6.72820970e-017 1.00000000e+000
  2.16294309e-025 5.26428567e-041 7.86998477e-037 1.12290434e-020
  5.64526754e-028 2.44618289e-042 9.89691592e-006 1.14601471e-019
  5.85165765e-035 3.18974632e-024 6.14648905e-032 2.77106409e-038
  1.00000000e+000]
 [4.93612849e-033 3.39643122e-027 2.48808717e-050 9.37191435e-039
  3.76360856e-041 4.15157291e-020 8.98400190e-067 2.16294309e-025
  1.00000000e+000 1.78809572e-068 4.66557046e-028 1.53967418e-046
  3.44154632e-030 1.48927284e-068 1.59073486e-018 2.54983357e-071
  2.89088473e-054 8.37528870e-026 3.43886538e-034 2.88040957e-037
  1.00000000e+000]
 [6.25435038e-049 2.43676736e-068 1.12504433e-103 6.06326399e-092
  5.82273499e-027 5.81316745e-050 1.35618095e-048 5.26428567e-041
  1.78809572e-068 1.00000000e+000 8.63022505e-054 1.12312421e-041
  8.01732378e-066 1.82927663e-096 2.35344350e-047 9.86044842e-059
  7.20052872e-080 1.15685899e-054 2.19211366e-023 7.28156119e-108
  1.00000000e+000]
 [1.06546715e-047 8.27070811e-056 5.76692443e-029 3.62561954e-063
  9.51366922e-060 2.24343971e-023 6.00049120e-062 7.86998477e-037
  4.66557046e-028 8.63022505e-054 1.00000000e+000 1.62072622e-058
  2.51470355e-061 3.14608157e-037 2.03021146e-019 1.03978061e-066
  1.08042961e-067 2.99187757e-051 2.74760242e-015 1.60436908e-032
  1.00000000e+000]
 [1.46022742e-026 6.29644922e-012 3.50620753e-075 5.08097716e-046
  7.15508148e-025 4.21846891e-037 4.55986400e-018 1.12290434e-020
  1.53967418e-046 1.12312421e-041 1.62072622e-058 1.00000000e+000
  2.45188311e-009 6.92320908e-050 1.20305212e-033 4.47431982e-013
  1.84484874e-015 3.37354148e-020 9.08179641e-038 3.19270500e-046
  1.00000000e+000]
 [3.39197789e-019 7.85504355e-003 1.90590397e-078 4.36501261e-042
  5.11658064e-026 2.88720689e-037 1.03162586e-041 5.64526754e-028
  3.44154632e-030 8.01732378e-066 2.51470355e-061 2.45188311e-009
  1.00000000e+000 6.50788253e-063 2.97789246e-036 2.39986652e-033
  7.15812917e-012 7.48716534e-011 9.38928741e-051 2.00201036e-041
  1.00000000e+000]
 [2.57379317e-090 3.05521843e-064 6.02723846e-031 6.34083983e-067
  1.39085227e-090 1.04213858e-064 5.07378171e-031 2.44618289e-042
  1.48927284e-068 1.82927663e-096 3.14608157e-037 6.92320908e-050
  6.50788253e-063 1.00000000e+000 6.70089986e-036 3.79558565e-033
  4.68492226e-047 3.16657050e-062 4.86811314e-054 1.88761665e-028
  1.00000000e+000]
 [1.42542581e-037 7.76428743e-036 7.87516841e-018 7.41991380e-018
  1.50515550e-050 4.66164958e-027 5.72460727e-031 9.89691592e-006
  1.59073486e-018 2.35344350e-047 2.03021146e-019 1.20305212e-033
  2.97789246e-036 6.70089986e-036 1.00000000e+000 6.21268524e-033
  1.38377964e-039 7.05334528e-026 2.07662762e-028 1.95796666e-030
  1.00000000e+000]
 [8.50363129e-056 5.27594874e-036 1.34624043e-054 3.41246592e-038
  2.44734833e-062 4.17639888e-056 1.39626973e-006 1.14601471e-019
  2.54983357e-071 9.86044842e-059 1.03978061e-066 4.47431982e-013
  2.39986652e-033 3.79558565e-033 6.21268524e-033 1.00000000e+000
  2.40722738e-025 9.25336248e-043 1.54437676e-053 6.06528031e-045
  1.00000000e+000]
 [7.07765987e-033 3.10929980e-018 2.76475622e-067 1.30912294e-043
  9.13541949e-046 4.46968382e-065 1.02884749e-039 5.85165765e-035
  2.89088473e-054 7.20052872e-080 1.08042961e-067 1.84484874e-015
  7.15812917e-012 4.68492226e-047 1.38377964e-039 2.40722738e-025
  1.00000000e+000 8.95557826e-014 7.71636296e-071 6.61165899e-046
  1.00000000e+000]
 [1.50780655e-024 1.98441584e-018 6.13651762e-069 9.90743487e-042
  1.97752171e-020 1.84027107e-050 8.39094579e-046 3.18974632e-024
  8.37528870e-026 1.15685899e-054 2.99187757e-051 3.37354148e-020
  7.48716534e-011 3.16657050e-062 7.05334528e-026 9.25336248e-043
  8.95557826e-014 1.00000000e+000 3.48961138e-052 1.68340323e-057
  1.00000000e+000]
 [2.00949340e-039 6.50323202e-045 6.81837497e-061 1.25070581e-073
  9.69671509e-035 2.18597657e-012 1.37078331e-044 6.14648905e-032
  3.43886538e-034 2.19211366e-023 2.74760242e-015 9.08179641e-038
  9.38928741e-051 4.86811314e-054 2.07662762e-028 1.54437676e-053
  7.71636296e-071 3.48961138e-052 1.00000000e+000 1.47443339e-047
  1.00000000e+000]
 [1.20728135e-050 7.41069776e-032 1.94188278e-025 2.90266304e-038
  2.17494315e-091 3.26903568e-027 4.83918845e-055 2.77106409e-038
  2.88040957e-037 7.28156119e-108 1.60436908e-032 3.19270500e-046
  2.00201036e-041 1.88761665e-028 1.95796666e-030 6.06528031e-045
  6.61165899e-046 1.68340323e-057 1.47443339e-047 1.00000000e+000
  1.00000000e+000]
 [1.00000000e+000 1.00000000e+000 1.00000000e+000 1.00000000e+000
  1.00000000e+000 1.00000000e+000 1.00000000e+000 1.00000000e+000
  1.00000000e+000 1.00000000e+000 1.00000000e+000 1.00000000e+000
  1.00000000e+000 1.00000000e+000 1.00000000e+000 1.00000000e+000
  1.00000000e+000 1.00000000e+000 1.00000000e+000 1.00000000e+000
  0.00000000e+000]]
