[[1.00000000e+00 2.17113216e-59 1.74438864e-84 ... 1.66384059e-62
  1.62759358e-44 1.00000000e+00]
 [2.17113216e-59 1.00000000e+00 3.08066517e-34 ... 1.80733920e-24
  1.87494326e-24 1.00000000e+00]
 [1.74438864e-84 3.08066517e-34 1.00000000e+00 ... 3.73150394e-20
  4.83199234e-44 1.00000000e+00]
 ...
 [1.66384059e-62 1.80733920e-24 3.73150394e-20 ... 1.00000000e+00
  4.61195448e-11 1.00000000e+00]
 [1.62759358e-44 1.87494326e-24 4.83199234e-44 ... 4.61195448e-11
  1.00000000e+00 1.00000000e+00]
 [1.00000000e+00 1.00000000e+00 1.00000000e+00 ... 1.00000000e+00
  1.00000000e+00 0.00000000e+00]]
