[[1.00000000e+00 1.58971079e-91 2.37200408e-69 ... 3.03953931e-40
  3.35797279e-84 1.00000000e+00]
 [1.58971079e-91 1.00000000e+00 7.54524852e-36 ... 3.57203641e-52
  7.97800911e-28 1.00000000e+00]
 [2.37200408e-69 7.54524852e-36 1.00000000e+00 ... 4.54343793e-56
  1.06097479e-22 1.00000000e+00]
 ...
 [3.03953931e-40 3.57203641e-52 4.54343793e-56 ... 1.00000000e+00
  1.83548302e-86 1.00000000e+00]
 [3.35797279e-84 7.97800911e-28 1.06097479e-22 ... 1.83548302e-86
  1.00000000e+00 1.00000000e+00]
 [1.00000000e+00 1.00000000e+00 1.00000000e+00 ... 1.00000000e+00
  1.00000000e+00 0.00000000e+00]]
