[[1.00000000e+000 5.68409662e-057 3.94269992e-060 1.66812305e-055
  8.40252417e-013 4.03388803e-031 3.05380969e-046 7.60765509e-039
  7.00571233e-006 1.16729197e-061 5.66325777e-046 1.77214646e-040
  3.84581836e-015 2.13031885e-032 4.01293743e-028 1.02780904e-053
  1.53009371e-058 7.04899838e-034 5.81267664e-031 4.73425307e-039
  1.00000000e+000]
 [5.68409662e-057 1.00000000e+000 1.02133938e-070 8.28716095e-017
  1.00953312e-035 1.08169099e-041 1.74694418e-055 6.53353734e-028
  1.49706996e-034 5.52862007e-052 1.60770995e-059 3.13046120e-043
  4.83246547e-019 7.08022990e-094 9.06937739e-086 1.29867423e-142
  4.14843631e-079 6.45452362e-039 1.35111728e-038 6.31837140e-053
  1.00000000e+000]
 [3.94269992e-060 1.02133938e-070 1.00000000e+000 3.88826723e-038
  1.69608256e-042 1.89883686e-025 5.31755598e-044 5.80684999e-017
  6.31725740e-043 1.27273729e-017 7.68035227e-022 3.14927562e-065
  7.42648467e-052 7.77338780e-070 1.35874994e-088 1.19059626e-034
  8.80776168e-077 5.32155517e-048 1.24345651e-038 7.78334543e-081
  1.00000000e+000]
 [1.66812305e-055 8.28716095e-017 3.88826723e-038 1.00000000e+000
  1.61638066e-044 6.56528075e-027 9.09255198e-021 4.99430400e-009
  7.71773075e-036 2.62643843e-045 5.19617789e-034 2.22651117e-035
  2.04668801e-019 1.06917578e-068 4.07848300e-062 4.00842094e-089
  5.37155335e-056 1.49944335e-021 6.77370434e-042 5.32881394e-038
  1.00000000e+000]
 [8.40252417e-013 1.00953312e-035 1.69608256e-042 1.61638066e-044
  1.00000000e+000 1.29279639e-022 2.55190070e-061 1.23638397e-025
  2.68366992e-008 2.75062565e-031 7.50382535e-034 2.69568134e-033
  5.73793348e-016 2.43638771e-050 4.96640102e-055 2.02169193e-068
  1.95093151e-073 1.27005085e-034 8.44557458e-023 3.77565799e-047
  1.00000000e+000]
 [4.03388803e-031 1.08169099e-041 1.89883686e-025 6.56528075e-027
  1.29279639e-022 1.00000000e+000 3.08467015e-030 8.74894036e-013
  4.46428380e-021 1.91442781e-041 1.47116513e-006 1.81678202e-030
  1.60692734e-028 3.45223700e-056 4.30901628e-067 1.83849891e-057
  7.69248114e-080 7.53006046e-020 2.18511662e-041 2.64799963e-053
  1.00000000e+000]
 [3.05380969e-046 1.74694418e-055 5.31755598e-044 9.09255198e-021
  2.55190070e-061 3.08467015e-030 1.00000000e+000 1.74908938e-022
  3.86978907e-035 5.61879718e-077 1.28171400e-036 6.75814408e-048
  2.96389464e-029 4.30796383e-063 2.02722008e-051 1.13900282e-059
  7.97018669e-059 3.53781864e-033 1.14760435e-053 1.09414287e-040
  1.00000000e+000]
 [7.60765509e-039 6.53353734e-028 5.80684999e-017 4.99430400e-009
  1.23638397e-025 8.74894036e-013 1.74908938e-022 1.00000000e+000
  3.32245676e-024 3.49883162e-030 1.01636346e-012 2.31459357e-022
  3.91181133e-018 1.72576460e-061 2.46258479e-060 6.74376099e-057
  3.40743124e-067 1.72622777e-023 8.35867834e-036 1.54319269e-032
  1.00000000e+000]
 [7.00571233e-006 1.49706996e-034 6.31725740e-043 7.71773075e-036
  2.68366992e-008 4.46428380e-021 3.86978907e-035 3.32245676e-024
  1.00000000e+000 1.98084652e-040 3.20891198e-037 1.95144648e-038
  2.63994824e-008 1.40500426e-041 1.82680518e-040 4.10874031e-060
  2.86574867e-053 2.51782005e-029 8.89168575e-015 1.15646896e-041
  1.00000000e+000]
 [1.16729197e-061 5.52862007e-052 1.27273729e-017 2.62643843e-045
  2.75062565e-031 1.91442781e-041 5.61879718e-077 3.49883162e-030
  1.98084652e-040 1.00000000e+000 6.24604372e-050 5.05411295e-084
  1.53226916e-048 3.12888799e-070 2.30705455e-095 1.95580333e-069
  1.53089971e-065 2.44877536e-052 1.47401898e-019 1.75877254e-100
  1.00000000e+000]
 [5.66325777e-046 1.60770995e-059 7.68035227e-022 5.19617789e-034
  7.50382535e-034 1.47116513e-006 1.28171400e-036 1.01636346e-012
  3.20891198e-037 6.24604372e-050 1.00000000e+000 4.47722995e-025
  5.24982154e-042 6.65273328e-073 1.02022709e-080 2.63044889e-051
  6.95314699e-105 5.08885262e-033 1.06350666e-063 2.73855662e-050
  1.00000000e+000]
 [1.77214646e-040 3.13046120e-043 3.14927562e-065 2.22651117e-035
  2.69568134e-033 1.81678202e-030 6.75814408e-048 2.31459357e-022
  1.95144648e-038 5.05411295e-084 4.47722995e-025 1.00000000e+000
  1.66046123e-025 5.50494195e-087 2.00439600e-066 8.86375966e-092
  2.62882713e-118 9.49545800e-043 5.81401456e-081 6.83448800e-012
  1.00000000e+000]
 [3.84581836e-015 4.83246547e-019 7.42648467e-052 2.04668801e-019
  5.73793348e-016 1.60692734e-028 2.96389464e-029 3.91181133e-018
  2.63994824e-008 1.53226916e-048 5.24982154e-042 1.66046123e-025
  1.00000000e+000 6.52630027e-046 7.83923362e-033 2.42980223e-076
  3.62700579e-048 1.40095211e-023 3.16566831e-024 4.11154210e-021
  1.00000000e+000]
 [2.13031885e-032 7.08022990e-094 7.77338780e-070 1.06917578e-068
  2.43638771e-050 3.45223700e-056 4.30796383e-063 1.72576460e-061
  1.40500426e-041 3.12888799e-070 6.65273328e-073 5.50494195e-087
  6.52630027e-046 1.00000000e+000 2.86865320e-012 4.26409181e-042
  1.32339438e-020 4.61864417e-023 2.29284182e-052 3.07634127e-074
  1.00000000e+000]
 [4.01293743e-028 9.06937739e-086 1.35874994e-088 4.07848300e-062
  4.96640102e-055 4.30901628e-067 2.02722008e-051 2.46258479e-060
  1.82680518e-040 2.30705455e-095 1.02022709e-080 2.00439600e-066
  7.83923362e-033 2.86865320e-012 1.00000000e+000 1.74728835e-055
  3.58059768e-028 7.62072359e-030 7.92886171e-064 7.09554378e-041
  1.00000000e+000]
 [1.02780904e-053 1.29867423e-142 1.19059626e-034 4.00842094e-089
  2.02169193e-068 1.83849891e-057 1.13900282e-059 6.74376099e-057
  4.10874031e-060 1.95580333e-069 2.63044889e-051 8.86375966e-092
  2.42980223e-076 4.26409181e-042 1.74728835e-055 1.00000000e+000
  1.38624277e-073 9.57145623e-065 5.19184245e-074 5.14293449e-087
  1.00000000e+000]
 [1.53009371e-058 4.14843631e-079 8.80776168e-077 5.37155335e-056
  1.95093151e-073 7.69248114e-080 7.97018669e-059 3.40743124e-067
  2.86574867e-053 1.53089971e-065 6.95314699e-105 2.62882713e-118
  3.62700579e-048 1.32339438e-020 3.58059768e-028 1.38624277e-073
  1.00000000e+000 1.48390730e-035 9.39567655e-040 5.62954833e-093
  1.00000000e+000]
 [7.04899838e-034 6.45452362e-039 5.32155517e-048 1.49944335e-021
  1.27005085e-034 7.53006046e-020 3.53781864e-033 1.72622777e-023
  2.51782005e-029 2.44877536e-052 5.08885262e-033 9.49545800e-043
  1.40095211e-023 4.61864417e-023 7.62072359e-030 9.57145623e-065
  1.48390730e-035 1.00000000e+000 1.36670004e-044 5.45805593e-047
  1.00000000e+000]
 [5.81267664e-031 1.35111728e-038 1.24345651e-038 6.77370434e-042
  8.44557458e-023 2.18511662e-041 1.14760435e-053 8.35867834e-036
  8.89168575e-015 1.47401898e-019 1.06350666e-063 5.81401456e-081
  3.16566831e-024 2.29284182e-052 7.92886171e-064 5.19184245e-074
  9.39567655e-040 1.36670004e-044 1.00000000e+000 3.67662135e-082
  1.00000000e+000]
 [4.73425307e-039 6.31837140e-053 7.78334543e-081 5.32881394e-038
  3.77565799e-047 2.64799963e-053 1.09414287e-040 1.54319269e-032
  1.15646896e-041 1.75877254e-100 2.73855662e-050 6.83448800e-012
  4.11154210e-021 3.07634127e-074 7.09554378e-041 5.14293449e-087
  5.62954833e-093 5.45805593e-047 3.67662135e-082 1.00000000e+000
  1.00000000e+000]
 [1.00000000e+000 1.00000000e+000 1.00000000e+000 1.00000000e+000
  1.00000000e+000 1.00000000e+000 1.00000000e+000 1.00000000e+000
  1.00000000e+000 1.00000000e+000 1.00000000e+000 1.00000000e+000
  1.00000000e+000 1.00000000e+000 1.00000000e+000 1.00000000e+000
  1.00000000e+000 1.00000000e+000 1.00000000e+000 1.00000000e+000
  0.00000000e+000]]
