[[1.00000000e+000 1.05174265e-044 1.13226941e-015 6.43977661e-014
  3.62974699e-031 5.18002327e-055 6.04637200e-036 2.08226701e-028
  2.54185712e-029 1.42960637e-020 2.70492820e-009 9.86486469e-028
  2.83893577e-017 1.43862585e-043 3.47182419e-036 9.32141214e-034
  1.89766028e-026 3.43661477e-028 4.05018939e-022 3.73240525e-040
  1.00000000e+000]
 [1.05174265e-044 1.00000000e+000 1.66993574e-053 1.10061757e-020
  1.68950832e-066 2.32011465e-080 2.53235875e-037 5.41601159e-052
  5.35124709e-078 2.93957561e-057 3.80950551e-060 1.87619848e-013
  4.43996920e-031 8.28619067e-034 2.61726705e-039 1.17352832e-025
  1.81387445e-079 1.31246357e-046 2.88957949e-048 9.87460555e-032
  1.00000000e+000]
 [1.13226941e-015 1.66993574e-053 1.00000000e+000 1.75753354e-029
  4.19958844e-035 3.63466039e-118 1.73379867e-037 7.62983329e-038
  5.69817005e-038 1.44901055e-045 2.42985010e-014 6.37737373e-042
  3.95031990e-041 2.87274851e-074 5.97162819e-045 1.88865246e-037
  2.59728356e-054 1.10615397e-043 2.11362227e-036 4.04431756e-057
  1.00000000e+000]
 [6.43977661e-014 1.10061757e-020 1.75753354e-029 1.00000000e+000
  1.13435559e-052 2.32954289e-049 4.54397390e-028 1.35196486e-037
  2.49861844e-035 6.42431957e-018 2.11702413e-028 5.43593279e-010
  1.83126027e-007 4.73122521e-046 1.54399896e-038 9.29235941e-024
  9.06706432e-051 8.03769946e-046 7.90858840e-045 1.43992987e-035
  1.00000000e+000]
 [3.62974699e-031 1.68950832e-066 4.19958844e-035 1.13435559e-052
  1.00000000e+000 2.45262211e-082 9.73760615e-089 2.16302064e-049
  3.61908091e-040 1.42381169e-080 4.40248013e-037 2.17734600e-058
  1.51160064e-059 1.38687368e-052 2.12000358e-030 2.21363970e-022
  4.66140171e-022 2.43106118e-037 3.27249065e-050 2.95476324e-104
  1.00000000e+000]
 [5.18002327e-055 2.32011465e-080 3.63466039e-118 2.32954289e-049
  2.45262211e-082 1.00000000e+000 5.60692944e-117 1.54698643e-091
  1.91807953e-063 2.96035618e-064 1.21139057e-082 8.48912424e-057
  1.03006405e-044 5.23898385e-059 1.14953182e-089 6.91023866e-065
  1.90833569e-054 1.27291357e-069 5.18073743e-091 2.62042603e-104
  1.00000000e+000]
 [6.04637200e-036 2.53235875e-037 1.73379867e-037 4.54397390e-028
  9.73760615e-089 5.60692944e-117 1.00000000e+000 4.06918550e-018
  5.28590009e-086 1.62675141e-046 1.37765601e-030 9.14039929e-053
  4.17307379e-020 5.20903435e-087 4.51899457e-059 7.05288987e-063
  8.26126970e-102 3.95118424e-081 2.73038475e-054 2.34520819e-025
  1.00000000e+000]
 [2.08226701e-028 5.41601159e-052 7.62983329e-038 1.35196486e-037
  2.16302064e-049 1.54698643e-091 4.06918550e-018 1.00000000e+000
  6.79459841e-064 3.77444710e-064 3.87702316e-016 3.42075667e-068
  1.58521131e-020 2.39341629e-081 1.18630151e-049 4.18021693e-047
  1.07935439e-071 1.97081936e-065 7.89150195e-052 1.66569513e-053
  1.00000000e+000]
 [2.54185712e-029 5.35124709e-078 5.69817005e-038 2.49861844e-035
  3.61908091e-040 1.91807953e-063 5.28590009e-086 6.79459841e-064
  1.00000000e+000 1.56848391e-069 1.73356861e-029 1.83671791e-049
  1.53637464e-043 6.25183847e-098 8.53853757e-088 1.48097088e-028
  1.95057372e-061 4.95181490e-050 5.52769274e-083 1.68121131e-115
  1.00000000e+000]
 [1.42960637e-020 2.93957561e-057 1.44901055e-045 6.42431957e-018
  1.42381169e-080 2.96035618e-064 1.62675141e-046 3.77444710e-064
  1.56848391e-069 1.00000000e+000 4.02045119e-047 9.55444646e-032
  2.10061096e-025 7.00941557e-056 6.95527463e-046 4.24850514e-069
  6.60312810e-046 2.30662632e-073 1.03942984e-047 4.46323752e-038
  1.00000000e+000]
 [2.70492820e-009 3.80950551e-060 2.42985010e-014 2.11702413e-028
  4.40248013e-037 1.21139057e-082 1.37765601e-030 3.87702316e-016
  1.73356861e-029 4.02045119e-047 1.00000000e+000 3.51526745e-052
  5.46041622e-024 2.02100301e-076 3.40312960e-058 9.96143978e-042
  1.32830176e-052 1.50370195e-038 2.48517344e-035 5.85224658e-055
  1.00000000e+000]
 [9.86486469e-028 1.87619848e-013 6.37737373e-042 5.43593279e-010
  2.17734600e-058 8.48912424e-057 9.14039929e-053 3.42075667e-068
  1.83671791e-049 9.55444646e-032 3.51526745e-052 1.00000000e+000
  6.86751266e-029 4.46449953e-029 3.28624588e-042 2.69604596e-024
  1.84404869e-054 1.03467059e-034 4.86938898e-042 3.44257674e-038
  1.00000000e+000]
 [2.83893577e-017 4.43996920e-031 3.95031990e-041 1.83126027e-007
  1.51160064e-059 1.03006405e-044 4.17307379e-020 1.58521131e-020
  1.53637464e-043 2.10061096e-025 5.46041622e-024 6.86751266e-029
  1.00000000e+000 2.28708971e-059 5.17265890e-046 3.39405960e-034
  6.90376151e-059 1.07097079e-058 1.01309250e-052 1.09217490e-038
  1.00000000e+000]
 [1.43862585e-043 8.28619067e-034 2.87274851e-074 4.73122521e-046
  1.38687368e-052 5.23898385e-059 5.20903435e-087 2.39341629e-081
  6.25183847e-098 7.00941557e-056 2.02100301e-076 4.46449953e-029
  2.28708971e-059 1.00000000e+000 1.10761965e-030 7.31427262e-051
  2.95460699e-032 7.49343430e-029 1.72222714e-024 2.10398402e-044
  1.00000000e+000]
 [3.47182419e-036 2.61726705e-039 5.97162819e-045 1.54399896e-038
  2.12000358e-030 1.14953182e-089 4.51899457e-059 1.18630151e-049
  8.53853757e-088 6.95527463e-046 3.40312960e-058 3.28624588e-042
  5.17265890e-046 1.10761965e-030 1.00000000e+000 4.41846628e-037
  2.18716949e-027 1.64314551e-063 1.63326438e-043 2.03789109e-059
  1.00000000e+000]
 [9.32141214e-034 1.17352832e-025 1.88865246e-037 9.29235941e-024
  2.21363970e-022 6.91023866e-065 7.05288987e-063 4.18021693e-047
  1.48097088e-028 4.24850514e-069 9.96143978e-042 2.69604596e-024
  3.39405960e-034 7.31427262e-051 4.41846628e-037 1.00000000e+000
  3.02244011e-051 5.17859723e-040 6.80004903e-064 1.44216733e-082
  1.00000000e+000]
 [1.89766028e-026 1.81387445e-079 2.59728356e-054 9.06706432e-051
  4.66140171e-022 1.90833569e-054 8.26126970e-102 1.07935439e-071
  1.95057372e-061 6.60312810e-046 1.32830176e-052 1.84404869e-054
  6.90376151e-059 2.95460699e-032 2.18716949e-027 3.02244011e-051
  1.00000000e+000 8.05122942e-044 2.69899453e-039 6.79423264e-088
  1.00000000e+000]
 [3.43661477e-028 1.31246357e-046 1.10615397e-043 8.03769946e-046
  2.43106118e-037 1.27291357e-069 3.95118424e-081 1.97081936e-065
  4.95181490e-050 2.30662632e-073 1.50370195e-038 1.03467059e-034
  1.07097079e-058 7.49343430e-029 1.64314551e-063 5.17859723e-040
  8.05122942e-044 1.00000000e+000 1.05639737e-017 1.48098386e-056
  1.00000000e+000]
 [4.05018939e-022 2.88957949e-048 2.11362227e-036 7.90858840e-045
  3.27249065e-050 5.18073743e-091 2.73038475e-054 7.89150195e-052
  5.52769274e-083 1.03942984e-047 2.48517344e-035 4.86938898e-042
  1.01309250e-052 1.72222714e-024 1.63326438e-043 6.80004903e-064
  2.69899453e-039 1.05639737e-017 1.00000000e+000 5.48332457e-025
  1.00000000e+000]
 [3.73240525e-040 9.87460555e-032 4.04431756e-057 1.43992987e-035
  2.95476324e-104 2.62042603e-104 2.34520819e-025 1.66569513e-053
  1.68121131e-115 4.46323752e-038 5.85224658e-055 3.44257674e-038
  1.09217490e-038 2.10398402e-044 2.03789109e-059 1.44216733e-082
  6.79423264e-088 1.48098386e-056 5.48332457e-025 1.00000000e+000
  1.00000000e+000]
 [1.00000000e+000 1.00000000e+000 1.00000000e+000 1.00000000e+000
  1.00000000e+000 1.00000000e+000 1.00000000e+000 1.00000000e+000
  1.00000000e+000 1.00000000e+000 1.00000000e+000 1.00000000e+000
  1.00000000e+000 1.00000000e+000 1.00000000e+000 1.00000000e+000
  1.00000000e+000 1.00000000e+000 1.00000000e+000 1.00000000e+000
  0.00000000e+000]]
