[[1.00000000e+000 1.80389910e-026 2.12771568e-045 1.14804458e-032
  2.06880014e-036 3.13098229e-027 4.34202114e-026 4.66491574e-026
  1.01917359e-043 7.99408172e-021 1.61998169e-026 1.40960756e-020
  8.81459122e-064 1.21230525e-029 1.65769308e-037 3.13039141e-034
  8.01309799e-040 2.57260237e-046 1.44789464e-040 1.48476668e-028
  1.00000000e+000]
 [1.80389910e-026 1.00000000e+000 2.79993933e-045 4.08802938e-061
  8.67121259e-008 2.23948282e-026 4.72027234e-002 8.31206319e-055
  1.01927174e-100 2.17488868e-064 3.48322692e-059 7.04873534e-036
  4.40554753e-061 3.67056090e-052 3.71706792e-035 5.39112652e-037
  4.89792087e-041 1.77750837e-069 1.01351710e-042 7.87918201e-053
  1.00000000e+000]
 [2.12771568e-045 2.79993933e-045 1.00000000e+000 1.59182176e-065
  8.52471882e-047 4.84987491e-028 7.86439582e-047 5.74599564e-025
  1.16348657e-075 5.18689821e-046 1.43712580e-053 1.77811285e-036
  1.67961815e-095 5.10729630e-032 3.87097324e-081 2.34565392e-012
  3.81452213e-052 1.17584347e-061 2.67128870e-046 6.04774144e-039
  1.00000000e+000]
 [1.14804458e-032 4.08802938e-061 1.59182176e-065 1.00000000e+000
  3.89841951e-047 3.22932338e-032 1.73195217e-063 1.38532889e-031
  1.47178153e-057 2.72083235e-029 2.64344521e-065 3.47398811e-052
  1.62818192e-082 1.61093634e-087 3.41536066e-079 1.32918035e-076
  6.62837667e-087 1.22209917e-096 2.15702662e-026 4.70591219e-050
  1.00000000e+000]
 [2.06880014e-036 8.67121259e-008 8.52471882e-047 3.89841951e-047
  1.00000000e+000 2.95667582e-016 9.74527369e-008 1.75031291e-048
  1.12777416e-094 4.00047083e-057 5.03090964e-069 7.10933483e-040
  2.96891617e-057 2.82862753e-078 3.61732983e-054 9.92187133e-054
  4.31597124e-042 1.25942497e-075 1.64935755e-030 1.27222931e-054
  1.00000000e+000]
 [3.13098229e-027 2.23948282e-026 4.84987491e-028 3.22932338e-032
  2.95667582e-016 1.00000000e+000 1.06610005e-021 7.47984206e-027
  4.25045328e-064 8.07449400e-023 1.26932438e-065 2.22260076e-039
  3.41201539e-081 9.31674722e-068 2.86200794e-082 3.59028732e-045
  1.89503620e-044 2.48686730e-074 6.32859653e-038 1.97444928e-050
  1.00000000e+000]
 [4.34202114e-026 4.72027234e-002 7.86439582e-047 1.73195217e-063
  9.74527369e-008 1.06610005e-021 1.00000000e+000 1.29461470e-054
  1.22353228e-096 3.10703879e-059 8.59812727e-063 5.63047729e-039
  2.93579289e-064 1.31149830e-057 4.24701606e-043 8.01335253e-041
  2.74642422e-037 2.79985594e-070 1.33080336e-049 5.89822444e-058
  1.00000000e+000]
 [4.66491574e-026 8.31206319e-055 5.74599564e-025 1.38532889e-031
  1.75031291e-048 7.47984206e-027 1.29461470e-054 1.00000000e+000
  4.00487187e-017 6.25904243e-016 1.02866995e-020 1.31579313e-022
  1.14162396e-048 1.32921130e-046 1.94895473e-061 8.48394788e-034
  9.32278315e-030 2.90195790e-031 4.90233292e-028 5.95167846e-019
  1.00000000e+000]
 [1.01917359e-043 1.01927174e-100 1.16348657e-075 1.47178153e-057
  1.12777416e-094 4.25045328e-064 1.22353228e-096 4.00487187e-017
  1.00000000e+000 3.23564088e-025 3.82583620e-025 1.73905931e-046
  1.83951576e-053 4.95688878e-082 4.28237091e-084 4.50327038e-078
  1.02578188e-038 3.38823636e-033 8.57842381e-066 3.00214694e-040
  1.00000000e+000]
 [7.99408172e-021 2.17488868e-064 5.18689821e-046 2.72083235e-029
  4.00047083e-057 8.07449400e-023 3.10703879e-059 6.25904243e-016
  3.23564088e-025 1.00000000e+000 5.07904724e-041 1.07068572e-029
  7.13573716e-089 2.50245120e-060 2.88426906e-095 8.15977359e-061
  3.69191086e-049 4.17670940e-052 5.25865562e-044 4.10021516e-032
  1.00000000e+000]
 [1.61998169e-026 3.48322692e-059 1.43712580e-053 2.64344521e-065
  5.03090964e-069 1.26932438e-065 8.59812727e-063 1.02866995e-020
  3.82583620e-025 5.07904724e-041 1.00000000e+000 3.19379405e-014
  1.31135331e-035 6.07144359e-033 4.35927540e-034 2.01879712e-040
  8.61113451e-025 7.26940126e-009 6.06847065e-041 2.38438035e-011
  1.00000000e+000]
 [1.40960756e-020 7.04873534e-036 1.77811285e-036 3.47398811e-052
  7.10933483e-040 2.22260076e-039 5.63047729e-039 1.31579313e-022
  1.73905931e-046 1.07068572e-029 3.19379405e-014 1.00000000e+000
  1.04851673e-054 9.89109093e-030 2.26092466e-048 5.76132928e-038
  5.55059577e-028 1.33056068e-017 3.95093769e-020 9.15002022e-004
  1.00000000e+000]
 [8.81459122e-064 4.40554753e-061 1.67961815e-095 1.62818192e-082
  2.96891617e-057 3.41201539e-081 2.93579289e-064 1.14162396e-048
  1.83951576e-053 7.13573716e-089 1.31135331e-035 1.04851673e-054
  1.00000000e+000 2.78519146e-104 1.55545490e-030 6.37457542e-082
  9.27820047e-027 2.83857468e-039 1.55830487e-053 3.23560299e-055
  1.00000000e+000]
 [1.21230525e-029 3.67056090e-052 5.10729630e-032 1.61093634e-087
  2.82862753e-078 9.31674722e-068 1.31149830e-057 1.32921130e-046
  4.95688878e-082 2.50245120e-060 6.07144359e-033 9.89109093e-030
  2.78519146e-104 1.00000000e+000 9.59714186e-052 3.36959701e-013
  3.20856229e-064 4.50403544e-051 5.12075229e-068 4.07323629e-033
  1.00000000e+000]
 [1.65769308e-037 3.71706792e-035 3.87097324e-081 3.41536066e-079
  3.61732983e-054 2.86200794e-082 4.24701606e-043 1.94895473e-061
  4.28237091e-084 2.88426906e-095 4.35927540e-034 2.26092466e-048
  1.55545490e-030 9.59714186e-052 1.00000000e+000 9.84901766e-046
  3.29621664e-049 2.82633378e-056 1.04997502e-059 1.54724544e-053
  1.00000000e+000]
 [3.13039141e-034 5.39112652e-037 2.34565392e-012 1.32918035e-076
  9.92187133e-054 3.59028732e-045 8.01335253e-041 8.48394788e-034
  4.50327038e-078 8.15977359e-061 2.01879712e-040 5.76132928e-038
  6.37457542e-082 3.36959701e-013 9.84901766e-046 1.00000000e+000
  2.34403960e-049 2.27111389e-056 4.44144963e-060 4.75164186e-042
  1.00000000e+000]
 [8.01309799e-040 4.89792087e-041 3.81452213e-052 6.62837667e-087
  4.31597124e-042 1.89503620e-044 2.74642422e-037 9.32278315e-030
  1.02578188e-038 3.69191086e-049 8.61113451e-025 5.55059577e-028
  9.27820047e-027 3.20856229e-064 3.29621664e-049 2.34403960e-049
  1.00000000e+000 4.76723408e-015 1.15593851e-055 1.69903814e-036
  1.00000000e+000]
 [2.57260237e-046 1.77750837e-069 1.17584347e-061 1.22209917e-096
  1.25942497e-075 2.48686730e-074 2.79985594e-070 2.90195790e-031
  3.38823636e-033 4.17670940e-052 7.26940126e-009 1.33056068e-017
  2.83857468e-039 4.50403544e-051 2.82633378e-056 2.27111389e-056
  4.76723408e-015 1.00000000e+000 2.68280944e-053 1.14475155e-017
  1.00000000e+000]
 [1.44789464e-040 1.01351710e-042 2.67128870e-046 2.15702662e-026
  1.64935755e-030 6.32859653e-038 1.33080336e-049 4.90233292e-028
  8.57842381e-066 5.25865562e-044 6.06847065e-041 3.95093769e-020
  1.55830487e-053 5.12075229e-068 1.04997502e-059 4.44144963e-060
  1.15593851e-055 2.68280944e-053 1.00000000e+000 5.97269836e-018
  1.00000000e+000]
 [1.48476668e-028 7.87918201e-053 6.04774144e-039 4.70591219e-050
  1.27222931e-054 1.97444928e-050 5.89822444e-058 5.95167846e-019
  3.00214694e-040 4.10021516e-032 2.38438035e-011 9.15002022e-004
  3.23560299e-055 4.07323629e-033 1.54724544e-053 4.75164186e-042
  1.69903814e-036 1.14475155e-017 5.97269836e-018 1.00000000e+000
  1.00000000e+000]
 [1.00000000e+000 1.00000000e+000 1.00000000e+000 1.00000000e+000
  1.00000000e+000 1.00000000e+000 1.00000000e+000 1.00000000e+000
  1.00000000e+000 1.00000000e+000 1.00000000e+000 1.00000000e+000
  1.00000000e+000 1.00000000e+000 1.00000000e+000 1.00000000e+000
  1.00000000e+000 1.00000000e+000 1.00000000e+000 1.00000000e+000
  0.00000000e+000]]
