[[1.00000000e+00 5.37433421e-56 1.45259482e-66 4.99013231e-27
  9.12768961e-65 9.47957459e-50 7.40911376e-66 2.46854336e-77
  4.02275785e-28 7.15230672e-42 1.04535825e-36 1.76901552e-53
  2.72213509e-27 1.16067742e-35 2.68675462e-24 1.67149055e-73
  3.12057228e-57 1.88098597e-24 9.73292045e-36 4.39341419e-59
  2.11984212e-57 7.39263140e-79 3.47230867e-27 6.20964276e-39
  3.31794173e-37 3.63868556e-23 2.34766642e-63 1.54258947e-46
  1.00000000e+00]
 [5.37433421e-56 1.00000000e+00 6.41627301e-58 1.84201384e-29
  4.79878175e-42 4.62195869e-56 1.04595381e-40 1.39622825e-26
  1.72441126e-56 4.98039316e-37 4.72523405e-51 2.78215854e-36
  6.26774043e-32 3.86133295e-52 1.79198848e-55 3.76849180e-27
  1.51624312e-60 1.13684554e-23 5.89352069e-22 2.37318507e-36
  2.82726638e-28 1.11256245e-52 1.04444551e-71 1.76619361e-38
  5.57920224e-65 1.48289858e-56 2.51193538e-30 2.23491599e-27
  1.00000000e+00]
 [1.45259482e-66 6.41627301e-58 1.00000000e+00 2.57683395e-57
  7.53292389e-26 4.63294002e-49 1.05614098e-30 3.11855249e-24
  1.09254982e-32 1.02591346e-50 1.39494207e-59 3.64303981e-37
  1.43990935e-54 3.16358597e-61 4.80421979e-41 1.80979831e-57
  2.54201074e-26 1.99597579e-79 1.20931966e-57 8.52085622e-39
  2.74467123e-29 4.96519718e-30 5.21575287e-27 9.95673077e-31
  2.37954815e-34 5.47040454e-39 3.18348058e-30 1.69698896e-69
  1.00000000e+00]
 [4.99013231e-27 1.84201384e-29 2.57683395e-57 1.00000000e+00
  1.83691000e-63 3.21235136e-25 3.36202457e-55 4.95768186e-35
  9.37436200e-31 3.73511712e-56 6.67631683e-26 1.63383648e-25
  1.10369237e-29 1.08048935e-37 1.37089830e-62 2.06023624e-29
  3.14832553e-30 1.03595521e-26 9.39835657e-37 3.27282958e-39
  1.98561660e-64 1.55049480e-57 4.37662943e-37 1.35333946e-38
  1.57762149e-59 3.47412249e-33 6.99838886e-35 2.99792192e-38
  1.00000000e+00]
 [9.12768961e-65 4.79878175e-42 7.53292389e-26 1.83691000e-63
  1.00000000e+00 8.35972372e-88 1.28911236e-31 1.36229792e-50
  1.04728912e-54 8.56179414e-28 1.12518517e-62 3.16218685e-34
  1.31301573e-77 7.73908422e-39 4.54335811e-32 1.21422063e-40
  4.65262517e-39 1.41449954e-57 4.79583328e-26 4.02972002e-66
  3.09469103e-35 1.79606706e-43 1.26654941e-61 4.13448673e-47
  3.01657537e-50 8.71778360e-26 1.25300182e-27 4.16178698e-65
  1.00000000e+00]
 [9.47957459e-50 4.62195869e-56 4.63294002e-49 3.21235136e-25
  8.35972372e-88 1.00000000e+00 2.09408871e-48 1.98431793e-29
  2.63646625e-34 2.31219592e-64 4.85493955e-25 2.06487445e-66
  2.52454171e-29 6.39090458e-48 1.98964807e-76 2.39777785e-44
  2.88859061e-30 7.15660973e-67 5.98020616e-79 1.39394013e-30
  2.12217449e-58 2.57237749e-30 6.60771166e-29 8.56212186e-65
  1.95332752e-33 4.97138242e-63 3.16085702e-61 1.30780619e-29
  1.00000000e+00]
 [7.40911376e-66 1.04595381e-40 1.05614098e-30 3.36202457e-55
  1.28911236e-31 2.09408871e-48 1.00000000e+00 1.56275793e-27
  2.19037263e-25 4.13287021e-52 6.92446650e-69 4.35433371e-42
  7.40819880e-47 2.80152876e-30 1.48589047e-36 9.17411678e-43
  3.03755523e-29 4.81600644e-82 6.45322195e-31 5.99888142e-71
  1.02274449e-31 6.35421973e-36 5.89989499e-65 6.01812812e-62
  2.96049154e-27 1.96474727e-60 1.21733250e-64 1.14903532e-28
  1.00000000e+00]
 [2.46854336e-77 1.39622825e-26 3.11855249e-24 4.95768186e-35
  1.36229792e-50 1.98431793e-29 1.56275793e-27 1.00000000e+00
  2.30230968e-37 1.90080174e-65 8.41618105e-58 1.93479005e-32
  2.47628213e-35 3.17243402e-66 4.97177410e-70 5.56418365e-35
  1.99685595e-32 1.33848526e-68 5.36772988e-53 8.21557361e-29
  2.35241791e-32 1.21068732e-32 2.41655357e-50 1.73594834e-37
  2.61904602e-53 3.38537899e-68 4.86415286e-33 2.39360587e-42
  1.00000000e+00]
 [4.02275785e-28 1.72441126e-56 1.09254982e-32 9.37436200e-31
  1.04728912e-54 2.63646625e-34 2.19037263e-25 2.30230968e-37
  1.00000000e+00 9.53383893e-70 2.66897994e-61 5.84735025e-29
  9.96141959e-26 2.32486314e-39 3.41647966e-28 8.60044284e-68
  1.50533862e-27 1.44901667e-66 2.47283542e-35 2.87667672e-65
  9.10660948e-49 2.34631728e-63 3.42817844e-30 3.04708273e-34
  2.27553217e-29 8.28618255e-42 4.07618487e-66 3.77237965e-46
  1.00000000e+00]
 [7.15230672e-42 4.98039316e-37 1.02591346e-50 3.73511712e-56
  8.56179414e-28 2.31219592e-64 4.13287021e-52 1.90080174e-65
  9.53383893e-70 1.00000000e+00 1.98937855e-26 3.21495547e-74
  1.52329518e-54 3.35191091e-32 4.31368873e-33 2.01048647e-40
  4.29506434e-60 5.58354103e-28 2.00075645e-41 1.30285818e-38
  7.59937551e-27 9.40600083e-31 1.35140510e-47 8.25553949e-59
  2.51015024e-31 1.37862435e-28 1.73238791e-36 6.85716802e-35
  1.00000000e+00]
 [1.04535825e-36 4.72523405e-51 1.39494207e-59 6.67631683e-26
  1.12518517e-62 4.85493955e-25 6.92446650e-69 8.41618105e-58
  2.66897994e-61 1.98937855e-26 1.00000000e+00 2.72891868e-71
  7.28377376e-52 3.07265833e-30 2.15685635e-68 7.84225113e-28
  2.07139032e-36 4.74644596e-34 1.89383645e-67 5.36935596e-29
  3.04590998e-62 1.42216685e-26 3.95106883e-30 6.91006001e-70
  5.21566538e-40 1.87131995e-29 5.49256552e-38 1.01195444e-35
  1.00000000e+00]
 [1.76901552e-53 2.78215854e-36 3.64303981e-37 1.63383648e-25
  3.16218685e-34 2.06487445e-66 4.35433371e-42 1.93479005e-32
  5.84735025e-29 3.21495547e-74 2.72891868e-71 1.00000000e+00
  1.07770434e-55 2.24692202e-54 4.69580109e-54 7.32547979e-44
  8.14499378e-30 5.59556749e-54 2.22045419e-23 5.77005344e-68
  8.64141816e-63 4.59217652e-76 2.42036237e-57 4.24845681e-27
  2.31273123e-78 4.67952785e-35 2.26948701e-30 3.28474015e-73
  1.00000000e+00]
 [2.72213509e-27 6.26774043e-32 1.43990935e-54 1.10369237e-29
  1.31301573e-77 2.52454171e-29 7.40819880e-47 2.47628213e-35
  9.96141959e-26 1.52329518e-54 7.28377376e-52 1.07770434e-55
  1.00000000e+00 8.99833136e-62 7.18976813e-38 2.50632608e-71
  1.15065668e-65 1.66903769e-36 4.57478882e-44 1.19866289e-32
  6.08416230e-28 4.45722142e-64 4.05124911e-35 3.44347937e-28
  3.23933789e-35 1.29470742e-62 4.50780269e-63 2.78914358e-27
  1.00000000e+00]
 [1.16067742e-35 3.86133295e-52 3.16358597e-61 1.08048935e-37
  7.73908422e-39 6.39090458e-48 2.80152876e-30 3.17243402e-66
  2.32486314e-39 3.35191091e-32 3.07265833e-30 2.24692202e-54
  8.99833136e-62 1.00000000e+00 5.47885577e-41 5.04148905e-29
  4.18978788e-26 4.11422432e-53 2.20554403e-31 7.40058823e-79
  6.80951678e-64 1.11925292e-40 8.82838922e-58 1.25016070e-83
  1.44196076e-30 2.51149536e-29 3.73841705e-64 1.85699200e-26
  1.00000000e+00]
 [2.68675462e-24 1.79198848e-55 4.80421979e-41 1.37089830e-62
  4.54335811e-32 1.98964807e-76 1.48589047e-36 4.97177410e-70
  3.41647966e-28 4.31368873e-33 2.15685635e-68 4.69580109e-54
  7.18976813e-38 5.47885577e-41 1.00000000e+00 1.07903771e-84
  2.10406359e-62 1.31265735e-48 3.66329687e-25 5.95663739e-71
  4.86930596e-27 1.29075488e-69 3.28133920e-41 2.07426026e-35
  9.56583168e-24 5.29228243e-32 7.34206351e-66 1.78572151e-51
  1.00000000e+00]
 [1.67149055e-73 3.76849180e-27 1.80979831e-57 2.06023624e-29
  1.21422063e-40 2.39777785e-44 9.17411678e-43 5.56418365e-35
  8.60044284e-68 2.01048647e-40 7.84225113e-28 7.32547979e-44
  2.50632608e-71 5.04148905e-29 1.07903771e-84 1.00000000e+00
  6.31086160e-27 7.26410179e-50 2.31155916e-45 2.20202237e-49
  1.89971348e-63 3.16141481e-27 9.94586506e-73 1.29622741e-78
  5.16846839e-66 1.82922689e-46 1.23425218e-29 9.37352149e-35
  1.00000000e+00]
 [3.12057228e-57 1.51624312e-60 2.54201074e-26 3.14832553e-30
  4.65262517e-39 2.88859061e-30 3.03755523e-29 1.99685595e-32
  1.50533862e-27 4.29506434e-60 2.07139032e-36 8.14499378e-30
  1.15065668e-65 4.18978788e-26 2.10406359e-62 6.31086160e-27
  1.00000000e+00 7.56894017e-78 1.65386513e-52 1.01974588e-59
  3.26633299e-68 1.80109095e-29 5.92241754e-38 1.01178364e-62
  1.14913877e-41 7.76534561e-32 4.42662308e-41 4.75391242e-53
  1.00000000e+00]
 [1.88098597e-24 1.13684554e-23 1.99597579e-79 1.03595521e-26
  1.41449954e-57 7.15660973e-67 4.81600644e-82 1.33848526e-68
  1.44901667e-66 5.58354103e-28 4.74644596e-34 5.59556749e-54
  1.66903769e-36 4.11422432e-53 1.31265735e-48 7.26410179e-50
  7.56894017e-78 1.00000000e+00 1.56536307e-32 3.27241231e-39
  7.11278119e-49 1.89541659e-75 9.73643438e-53 1.31245117e-37
  9.26704515e-69 9.93104092e-33 5.01500629e-35 4.38330314e-46
  1.00000000e+00]
 [9.73292045e-36 5.89352069e-22 1.20931966e-57 9.39835657e-37
  4.79583328e-26 5.98020616e-79 6.45322195e-31 5.36772988e-53
  2.47283542e-35 2.00075645e-41 1.89383645e-67 2.22045419e-23
  4.57478882e-44 2.20554403e-31 3.66329687e-25 2.31155916e-45
  1.65386513e-52 1.56536307e-32 1.00000000e+00 3.32618315e-77
  8.22509775e-42 4.80841284e-76 4.71430885e-72 1.06406269e-39
  5.69151759e-57 1.95858438e-35 1.09532275e-48 4.36721838e-41
  1.00000000e+00]
 [4.39341419e-59 2.37318507e-36 8.52085622e-39 3.27282958e-39
  4.02972002e-66 1.39394013e-30 5.99888142e-71 8.21557361e-29
  2.87667672e-65 1.30285818e-38 5.36935596e-29 5.77005344e-68
  1.19866289e-32 7.40058823e-79 5.95663739e-71 2.20202237e-49
  1.01974588e-59 3.27241231e-39 3.32618315e-77 1.00000000e+00
  4.70454540e-30 5.75860148e-31 7.16282023e-28 2.79143141e-35
  2.87805988e-50 4.28272708e-55 1.90247344e-24 2.59066007e-49
  1.00000000e+00]
 [2.11984212e-57 2.82726638e-28 2.74467123e-29 1.98561660e-64
  3.09469103e-35 2.12217449e-58 1.02274449e-31 2.35241791e-32
  9.10660948e-49 7.59937551e-27 3.04590998e-62 8.64141816e-63
  6.08416230e-28 6.80951678e-64 4.86930596e-27 1.89971348e-63
  3.26633299e-68 7.11278119e-49 8.22509775e-42 4.70454540e-30
  1.00000000e+00 3.83778587e-38 2.23536671e-47 6.51089225e-32
  1.57757650e-28 6.10440702e-59 5.15938604e-44 3.42315859e-36
  1.00000000e+00]
 [7.39263140e-79 1.11256245e-52 4.96519718e-30 1.55049480e-57
  1.79606706e-43 2.57237749e-30 6.35421973e-36 1.21068732e-32
  2.34631728e-63 9.40600083e-31 1.42216685e-26 4.59217652e-76
  4.45722142e-64 1.11925292e-40 1.29075488e-69 3.16141481e-27
  1.80109095e-29 1.89541659e-75 4.80841284e-76 5.75860148e-31
  3.83778587e-38 1.00000000e+00 1.65145070e-44 4.27697980e-78
  3.37084791e-28 4.30781746e-54 9.92603835e-41 1.11041947e-35
  1.00000000e+00]
 [3.47230867e-27 1.04444551e-71 5.21575287e-27 4.37662943e-37
  1.26654941e-61 6.60771166e-29 5.89989499e-65 2.41655357e-50
  3.42817844e-30 1.35140510e-47 3.95106883e-30 2.42036237e-57
  4.05124911e-35 8.82838922e-58 3.28133920e-41 9.94586506e-73
  5.92241754e-38 9.73643438e-53 4.71430885e-72 7.16282023e-28
  2.23536671e-47 1.65145070e-44 1.00000000e+00 7.99966221e-31
  3.30025300e-28 5.70592692e-27 1.55658776e-42 1.74765265e-64
  1.00000000e+00]
 [6.20964276e-39 1.76619361e-38 9.95673077e-31 1.35333946e-38
  4.13448673e-47 8.56212186e-65 6.01812812e-62 1.73594834e-37
  3.04708273e-34 8.25553949e-59 6.91006001e-70 4.24845681e-27
  3.44347937e-28 1.25016070e-83 2.07426026e-35 1.29622741e-78
  1.01178364e-62 1.31245117e-37 1.06406269e-39 2.79143141e-35
  6.51089225e-32 4.27697980e-78 7.99966221e-31 1.00000000e+00
  4.34569375e-62 2.90476743e-39 1.62322765e-29 5.08429077e-76
  1.00000000e+00]
 [3.31794173e-37 5.57920224e-65 2.37954815e-34 1.57762149e-59
  3.01657537e-50 1.95332752e-33 2.96049154e-27 2.61904602e-53
  2.27553217e-29 2.51015024e-31 5.21566538e-40 2.31273123e-78
  3.23933789e-35 1.44196076e-30 9.56583168e-24 5.16846839e-66
  1.14913877e-41 9.26704515e-69 5.69151759e-57 2.87805988e-50
  1.57757650e-28 3.37084791e-28 3.30025300e-28 4.34569375e-62
  1.00000000e+00 5.58399136e-46 1.78143236e-72 3.33878909e-28
  1.00000000e+00]
 [3.63868556e-23 1.48289858e-56 5.47040454e-39 3.47412249e-33
  8.71778360e-26 4.97138242e-63 1.96474727e-60 3.38537899e-68
  8.28618255e-42 1.37862435e-28 1.87131995e-29 4.67952785e-35
  1.29470742e-62 2.51149536e-29 5.29228243e-32 1.82922689e-46
  7.76534561e-32 9.93104092e-33 1.95858438e-35 4.28272708e-55
  6.10440702e-59 4.30781746e-54 5.70592692e-27 2.90476743e-39
  5.58399136e-46 1.00000000e+00 1.57124564e-27 2.67385444e-67
  1.00000000e+00]
 [2.34766642e-63 2.51193538e-30 3.18348058e-30 6.99838886e-35
  1.25300182e-27 3.16085702e-61 1.21733250e-64 4.86415286e-33
  4.07618487e-66 1.73238791e-36 5.49256552e-38 2.26948701e-30
  4.50780269e-63 3.73841705e-64 7.34206351e-66 1.23425218e-29
  4.42662308e-41 5.01500629e-35 1.09532275e-48 1.90247344e-24
  5.15938604e-44 9.92603835e-41 1.55658776e-42 1.62322765e-29
  1.78143236e-72 1.57124564e-27 1.00000000e+00 2.72825709e-71
  1.00000000e+00]
 [1.54258947e-46 2.23491599e-27 1.69698896e-69 2.99792192e-38
  4.16178698e-65 1.30780619e-29 1.14903532e-28 2.39360587e-42
  3.77237965e-46 6.85716802e-35 1.01195444e-35 3.28474015e-73
  2.78914358e-27 1.85699200e-26 1.78572151e-51 9.37352149e-35
  4.75391242e-53 4.38330314e-46 4.36721838e-41 2.59066007e-49
  3.42315859e-36 1.11041947e-35 1.74765265e-64 5.08429077e-76
  3.33878909e-28 2.67385444e-67 2.72825709e-71 1.00000000e+00
  1.00000000e+00]
 [1.00000000e+00 1.00000000e+00 1.00000000e+00 1.00000000e+00
  1.00000000e+00 1.00000000e+00 1.00000000e+00 1.00000000e+00
  1.00000000e+00 1.00000000e+00 1.00000000e+00 1.00000000e+00
  1.00000000e+00 1.00000000e+00 1.00000000e+00 1.00000000e+00
  1.00000000e+00 1.00000000e+00 1.00000000e+00 1.00000000e+00
  1.00000000e+00 1.00000000e+00 1.00000000e+00 1.00000000e+00
  1.00000000e+00 1.00000000e+00 1.00000000e+00 1.00000000e+00
  0.00000000e+00]]
