[[-4.01751685 -2.50620868 -2.06819925  2.64726457 -3.50882741  2.70732042]
 [ 0.94823203  1.37594703  1.76136159  1.4145459   0.16828326  3.58523612]
 [-0.3022855  -0.18256168 -0.83748072  4.64824488  3.62141474  0.75310139]
 [ 0.76471336 -1.55564778  1.22599428 -1.67965882 -0.0132602  -3.48762207]
 [ 0.9586534   0.20592476 -2.31658414 -1.86685466  1.41523905  0.10836264]
 [-2.81163746 -3.44465194 -0.53313402  1.26131788 -2.13050398  0.35192698]
 [-3.39390589  4.05991897  3.17457897  1.01819158 -2.12266866 -0.16989425]
 [ 1.21124394 -1.5225266   4.33768883  1.38717209 -3.41756336  3.10062774]
 [ 3.63117725  2.51983613 -3.48846841  1.80335137  3.93399078  3.20186625]
 [ 4.13981295  1.87046666  4.74218075  0.42505277  3.19075354  4.97046497]
 [-2.4161122  -3.35324728  2.07084622 -0.86696947  1.25405614  3.70162134]
 [-0.32085204  3.98455043  4.08426688 -4.4791376   3.89418244 -1.2574996 ]
 [ 2.20485078  4.45590086  4.59348357  2.32378525  1.85293743 -1.51336643]
 [-2.73734623  1.95634546 -1.39007607 -3.67398391 -1.77011078  2.60492976]
 [-3.0365616  -2.06662141 -2.19339972 -0.86939029  4.38595702 -3.4657108 ]
 [-0.11609477 -4.02108068 -2.55959471  2.51685743 -4.99781091 -3.13480766]
 [ 0.22219216 -0.43694302 -0.53324839 -2.87104515 -1.5251099   4.28228691]
 [ 4.82986508 -2.61694405  4.78786392  1.49112355 -1.26556087 -3.86923483]
 [-1.36353137  1.50564628 -4.77326114  3.71562723 -1.71351506 -3.19836892]
 [-0.89385404  0.78468921 -3.8075131   4.91744782 -2.73457524  1.11745223]],[[52841.37527727]
 [  360.65202335]
 [32444.91893223]
 [ 1417.93463473]
 [ 1044.63567771]
 [29674.33369285]
 [24301.28068632]
 [ 4161.72371023]
 [21110.61528071]
 [24381.55908068]
 [16921.67818363]
 [41595.38069487]
 [24581.28563265]
 [29136.34486919]
 [18266.0929374 ]
 [49575.17550031]
 [ 9635.14887491]
 [68981.80946901]
 [29067.38438815]
 [74421.91092702]],[[ 25145.31275808]
 [-27335.40894101]
 [  4748.85796465]
 [-26278.12632974]
 [-26651.42528673]
 [  1978.25302918]
 [ -3394.78028045]
 [-23534.33725451]
 [ -6585.44568573]
 [ -3314.50188609]
 [-10774.38278239]
 [ 13899.31972637]
 [ -3114.77533415]
 [  1440.2840333 ]
 [ -9429.96802877]
 [ 21879.11453102]
 [-18060.91210086]
 [ 41285.74849778]
 [  1371.32341498]
 [ 46725.84995507]
 [ 27696.0609671 ]],[[1.00000000e+000 3.23274770e-031 3.35443512e-035 7.20909073e-046
  5.14348411e-037 7.83301516e-007 3.86639594e-037 1.33150927e-031
  1.87227780e-062 5.98317742e-082 3.08769177e-025 4.41458636e-094
  3.92525931e-078 5.87137424e-029 3.18124332e-050 3.12708995e-024
  1.99238760e-027 1.08594394e-076 5.37870230e-031 1.40891661e-014
  1.00000000e+000]
 [3.23274770e-031 1.00000000e+000 1.34701841e-018 1.69999192e-030
  3.81628350e-019 4.32979236e-026 2.20929821e-021 5.65154468e-013
  1.11715413e-022 2.42756285e-014 3.55693561e-018 5.03815170e-038
  6.75462201e-022 2.22248456e-024 3.82231361e-051 1.04397827e-053
  4.21016232e-014 3.35441728e-043 2.01481114e-045 1.87329419e-027
  1.00000000e+000]
 [3.35443512e-035 1.34701841e-018 1.00000000e+000 7.93858137e-035
  3.67443845e-023 1.52547548e-027 4.16335005e-040 1.15861847e-042
  7.85626066e-020 3.37583006e-040 3.98258410e-030 9.32364196e-057
  1.51618420e-031 1.29635396e-049 1.61306373e-027 3.13427503e-049
  2.21364620e-042 1.83821996e-052 1.06221564e-028 9.47831672e-023
  1.00000000e+000]
 [7.20909073e-046 1.69999192e-030 7.93858137e-035 1.00000000e+000
  4.65909165e-014 2.79248165e-021 1.86694429e-033 5.48716218e-033
  1.24692153e-052 1.36224461e-053 2.89500656e-030 2.60373358e-030
  2.05871641e-032 1.43321729e-033 6.96654111e-021 2.02697352e-028
  1.43363328e-030 5.16883346e-019 2.50278779e-036 1.24684177e-046
  1.00000000e+000]
 [5.14348411e-037 3.81628350e-019 3.67443845e-023 4.65909165e-014
  1.00000000e+000 8.35168959e-024 1.38683295e-037 6.51683797e-040
  1.64041175e-019 7.00487088e-042 1.37860945e-025 7.11297733e-032
  7.79459272e-039 6.79458785e-017 1.01372529e-019 8.66590115e-040
  2.78585957e-014 1.66439474e-047 5.87207292e-029 3.07878778e-031
  1.00000000e+000]
 [7.83301516e-007 4.32979236e-026 1.52547548e-027 2.79248165e-021
  8.35168959e-024 1.00000000e+000 1.90391434e-031 1.13733099e-023
  1.26404745e-057 6.21942580e-068 1.47397338e-015 7.52631791e-068
  4.52882223e-059 1.48210311e-026 1.63294806e-029 2.40816716e-015
  6.16178538e-023 9.13099439e-047 2.97167534e-028 5.75052773e-021
  1.00000000e+000]
 [3.86639594e-037 2.20929821e-021 4.16335005e-040 1.86694429e-033
  1.38683295e-037 1.90391434e-031 1.00000000e+000 1.71914424e-029
  1.31606200e-063 2.05210579e-052 1.52830258e-038 1.49931768e-034
  1.13695413e-023 7.62935600e-025 2.92890132e-054 2.04267913e-056
  1.71942647e-036 5.99145336e-057 5.32965761e-040 9.32556506e-037
  1.00000000e+000]
 [1.33150927e-031 5.65154468e-013 1.15861847e-042 5.48716218e-033
  6.51683797e-040 1.13733099e-023 1.71914424e-029 1.00000000e+000
  1.61735513e-060 2.08173615e-030 5.71257363e-022 2.33909133e-061
  2.13739568e-038 2.06369107e-039 1.33974885e-074 2.18149900e-043
  5.28046900e-022 3.90329799e-030 1.74001714e-064 4.24052620e-041
  1.00000000e+000]
 [1.87227780e-062 1.11715413e-022 7.85626066e-020 1.24692153e-052
  1.64041175e-019 1.26404745e-057 1.31606200e-063 1.61735513e-060
  1.00000000e+000 7.25202981e-033 2.46113873e-051 3.99514968e-059
  2.93117582e-043 1.04951320e-047 2.13503404e-052 4.36484242e-078
  2.65632592e-036 4.67455095e-076 5.92034824e-046 2.20886657e-036
  1.00000000e+000]
 [5.98317742e-082 2.42756285e-014 3.37583006e-040 1.36224461e-053
  7.00487088e-042 6.21942580e-068 2.05210579e-052 2.08173615e-030
  7.25202981e-033 1.00000000e+000 2.14297671e-037 5.29968491e-039
  7.25395108e-026 5.12758432e-058 5.68661982e-083 2.25091159e-106
  2.25646631e-036 9.83904389e-053 2.17634974e-097 1.89738015e-074
  1.00000000e+000]
 [3.08769177e-025 3.55693561e-018 3.98258410e-030 2.89500656e-030
  1.37860945e-025 1.47397338e-015 1.52830258e-038 5.71257363e-022
  2.46113873e-051 2.14297671e-037 1.00000000e+000 3.75594602e-047
  1.22963275e-055 3.92205171e-026 4.43464384e-036 8.95514098e-055
  1.23952902e-015 4.91307616e-057 1.99953715e-065 1.62027237e-048
  1.00000000e+000]
 [4.41458636e-094 5.03815170e-038 9.32364196e-057 2.60373358e-030
  7.11297733e-032 7.52631791e-068 1.49931768e-034 2.33909133e-061
  3.99514968e-059 5.29968491e-039 3.75594602e-047 1.00000000e+000
  1.21175714e-025 9.28571865e-039 7.90232891e-045 7.11855722e-105
  8.24032855e-046 2.14876985e-061 2.13104708e-082 3.04515546e-092
  1.00000000e+000]
 [3.92525931e-078 6.75462201e-022 1.51618420e-031 2.05871641e-032
  7.79459272e-039 4.52882223e-059 1.13695413e-023 2.13739568e-038
  2.93117582e-043 7.25395108e-026 1.22963275e-055 1.21175714e-025
  1.00000000e+000 2.75601063e-058 5.22478438e-060 4.90376191e-078
  1.65017070e-055 2.13962600e-032 9.73244000e-056 1.81246652e-056
  1.00000000e+000]
 [5.87137424e-029 2.22248456e-024 1.29635396e-049 1.43321729e-033
  6.79458785e-017 1.48210311e-026 7.62935600e-025 2.06369107e-039
  1.04951320e-047 5.12758432e-058 3.92205171e-026 9.28571865e-039
  2.75601063e-058 1.00000000e+000 5.92410648e-044 2.67693748e-055
  7.27287597e-009 3.73248095e-081 6.00180078e-045 9.30074690e-039
  1.00000000e+000]
 [3.18124332e-050 3.82231361e-051 1.61306373e-027 6.96654111e-021
  1.01372529e-019 1.63294806e-029 2.92890132e-054 1.33974885e-074
  2.13503404e-052 5.68661982e-083 4.43464384e-036 7.90232891e-045
  5.22478438e-060 5.92410648e-044 1.00000000e+000 2.03859766e-049
  1.12639417e-050 2.92108049e-065 1.08031174e-035 4.55224982e-053
  1.00000000e+000]
 [3.12708995e-024 1.04397827e-053 3.13427503e-049 2.02697352e-028
  8.66590115e-040 2.40816716e-015 2.04267913e-056 2.18149900e-043
  4.36484242e-078 2.25091159e-106 8.95514098e-055 7.11855722e-105
  4.90376191e-078 2.67693748e-055 2.03859766e-049 1.00000000e+000
  7.10114463e-050 2.15567381e-042 4.17058277e-022 2.82250321e-024
  1.00000000e+000]
 [1.99238760e-027 4.21016232e-014 2.21364620e-042 1.43363328e-030
  2.78585957e-014 6.16178538e-023 1.71942647e-036 5.28046900e-022
  2.65632592e-036 2.25646631e-036 1.23952902e-015 8.24032855e-046
  1.65017070e-055 7.27287597e-009 1.12639417e-050 7.10114463e-050
  1.00000000e+000 1.85375263e-061 2.00121293e-054 6.68503821e-038
  1.00000000e+000]
 [1.08594394e-076 3.35441728e-043 1.83821996e-052 5.16883346e-019
  1.66439474e-047 9.13099439e-047 5.99145336e-057 3.90329799e-030
  4.67455095e-076 9.83904389e-053 4.91307616e-057 2.14876985e-061
  2.13962600e-032 3.73248095e-081 2.92108049e-065 2.15567381e-042
  1.85375263e-061 1.00000000e+000 6.71966020e-067 6.69289696e-069
  1.00000000e+000]
 [5.37870230e-031 2.01481114e-045 1.06221564e-028 2.50278779e-036
  5.87207292e-029 2.97167534e-028 5.32965761e-040 1.74001714e-064
  5.92034824e-046 2.17634974e-097 1.99953715e-065 2.13104708e-082
  9.73244000e-056 6.00180078e-045 1.08031174e-035 4.17058277e-022
  2.00121293e-054 6.71966020e-067 1.00000000e+000 1.27068614e-010
  1.00000000e+000]
 [1.40891661e-014 1.87329419e-027 9.47831672e-023 1.24684177e-046
  3.07878778e-031 5.75052773e-021 9.32556506e-037 4.24052620e-041
  2.20886657e-036 1.89738015e-074 1.62027237e-048 3.04515546e-092
  1.81246652e-056 9.30074690e-039 4.55224982e-053 2.82250321e-024
  6.68503821e-038 6.69289696e-069 1.27068614e-010 1.00000000e+000
  1.00000000e+000]
 [1.00000000e+000 1.00000000e+000 1.00000000e+000 1.00000000e+000
  1.00000000e+000 1.00000000e+000 1.00000000e+000 1.00000000e+000
  1.00000000e+000 1.00000000e+000 1.00000000e+000 1.00000000e+000
  1.00000000e+000 1.00000000e+000 1.00000000e+000 1.00000000e+000
  1.00000000e+000 1.00000000e+000 1.00000000e+000 1.00000000e+000
  0.00000000e+000]]
