[[1.00000000e+00 3.31109490e-59 1.88391581e-59 ... 1.21859149e-49
  3.17257128e-21 1.00000000e+00]
 [3.31109490e-59 1.00000000e+00 6.77433834e-36 ... 9.96808554e-52
  1.12212923e-31 1.00000000e+00]
 [1.88391581e-59 6.77433834e-36 1.00000000e+00 ... 1.97977927e-66
  5.04637895e-20 1.00000000e+00]
 ...
 [1.21859149e-49 9.96808554e-52 1.97977927e-66 ... 1.00000000e+00
  4.65225886e-42 1.00000000e+00]
 [3.17257128e-21 1.12212923e-31 5.04637895e-20 ... 4.65225886e-42
  1.00000000e+00 1.00000000e+00]
 [1.00000000e+00 1.00000000e+00 1.00000000e+00 ... 1.00000000e+00
  1.00000000e+00 0.00000000e+00]]
