[[1.00000000e+000 4.92091201e-045 2.10106431e-087 5.79442833e-056
  1.68957170e-086 3.05311299e-044 7.83502463e-013 4.07884258e-057
  2.48095629e-029 6.32009329e-046 9.77254299e-056 2.48555466e-082
  1.38097770e-086 2.07641719e-047 2.16299483e-033 4.56766492e-056
  1.03074410e-045 6.00335523e-047 6.71398902e-030 6.45743515e-090
  1.00000000e+000]
 [4.92091201e-045 1.00000000e+000 2.45942296e-065 1.30992363e-036
  2.50206475e-026 1.61434647e-032 1.25765538e-025 1.79821357e-042
  1.11426378e-054 7.03586114e-056 5.23289526e-036 2.07428717e-035
  1.03992620e-024 3.38580100e-036 1.50029140e-040 3.97847163e-022
  1.59909413e-018 3.63855491e-069 2.66622406e-018 6.57963148e-070
  1.00000000e+000]
 [2.10106431e-087 2.45942296e-065 1.00000000e+000 7.47339236e-053
  1.84646411e-038 2.75188705e-045 5.06266191e-047 7.76448443e-041
  2.52485042e-047 1.49229592e-025 2.11987536e-026 2.70210188e-029
  3.77475393e-024 9.73763425e-047 1.04711450e-072 1.82072038e-040
  6.34567194e-035 4.05917714e-069 1.60103785e-073 7.08796995e-026
  1.00000000e+000]
 [5.79442833e-056 1.30992363e-036 7.47339236e-053 1.00000000e+000
  2.32520135e-038 1.09614823e-028 4.92524760e-049 8.19589049e-050
  7.00734076e-033 4.14709097e-043 4.38573818e-026 1.44900353e-032
  5.73090126e-044 1.72130197e-011 8.31816673e-043 3.33274180e-064
  2.33956789e-017 4.71129815e-059 1.12609531e-036 1.02946983e-020
  1.00000000e+000]
 [1.68957170e-086 2.50206475e-026 1.84646411e-038 2.32520135e-038
  1.00000000e+000 5.99843699e-049 2.06461212e-054 4.18279157e-072
  1.13271121e-066 7.47283246e-062 7.91623893e-048 5.86904972e-008
  2.11252668e-021 7.96791439e-059 5.35825498e-036 2.19557072e-047
  5.41799862e-033 6.41825542e-055 3.86064929e-052 1.53810062e-040
  1.00000000e+000]
 [3.05311299e-044 1.61434647e-032 2.75188705e-045 1.09614823e-028
  5.99843699e-049 1.00000000e+000 5.43197474e-036 5.54994567e-051
  5.79677250e-056 9.89025879e-012 4.60475698e-021 1.57533766e-032
  1.07933572e-026 2.17218148e-021 4.33559802e-048 4.15837515e-024
  5.55906618e-007 5.55760047e-042 7.74725082e-057 4.82559036e-032
  1.00000000e+000]
 [7.83502463e-013 1.25765538e-025 5.06266191e-047 4.92524760e-049
  2.06461212e-054 5.43197474e-036 1.00000000e+000 1.46131853e-026
  2.90046526e-020 5.79656525e-033 5.84372165e-033 1.61959111e-056
  1.06893180e-045 1.32105800e-035 1.73318345e-038 2.39052989e-024
  7.09915324e-029 2.34244888e-052 1.01239771e-016 1.33024209e-071
  1.00000000e+000]
 [4.07884258e-057 1.79821357e-042 7.76448443e-041 8.19589049e-050
  4.18279157e-072 5.54994567e-051 1.46131853e-026 1.00000000e+000
  6.62817120e-035 1.17844510e-041 1.76222166e-014 3.05070323e-069
  1.23505398e-038 5.20142253e-022 1.37840639e-089 3.09870276e-032
  6.96811174e-029 3.84698631e-120 6.34466730e-031 1.40632448e-065
  1.00000000e+000]
 [2.48095629e-029 1.11426378e-054 2.52485042e-047 7.00734076e-033
  1.13271121e-066 5.79677250e-056 2.90046526e-020 6.62817120e-035
  1.00000000e+000 5.65458758e-048 3.97980497e-042 8.32848596e-070
  5.48003446e-070 3.07442177e-029 1.53615365e-052 2.45814007e-065
  4.58067937e-044 1.98716468e-060 7.14773877e-022 1.15801253e-056
  1.00000000e+000]
 [6.32009329e-046 7.03586114e-056 1.49229592e-025 4.14709097e-043
  7.47283246e-062 9.89025879e-012 5.79656525e-033 1.17844510e-041
  5.65458758e-048 1.00000000e+000 1.67418665e-016 1.57166353e-038
  1.59429775e-034 2.01509652e-028 6.25929073e-055 1.36833800e-029
  4.21477278e-017 3.68776786e-047 5.38234452e-070 1.27337359e-027
  1.00000000e+000]
 [9.77254299e-056 5.23289526e-036 2.11987536e-026 4.38573818e-026
  7.91623893e-048 4.60475698e-021 5.84372165e-033 1.76222166e-014
  3.97980497e-042 1.67418665e-016 1.00000000e+000 6.66159592e-033
  1.48401071e-021 5.80068643e-011 6.21357318e-061 9.44932714e-028
  3.42439703e-008 4.86958269e-083 9.26453744e-045 9.53934820e-026
  1.00000000e+000]
 [2.48555466e-082 2.07428717e-035 2.70210188e-029 1.44900353e-032
  5.86904972e-008 1.57533766e-032 1.61959111e-056 3.05070323e-069
  8.32848596e-070 1.57166353e-038 6.66159592e-033 1.00000000e+000
  2.39636514e-019 5.49000312e-049 6.33564578e-032 2.04895445e-045
  6.31298841e-023 4.48673783e-047 3.44831501e-067 1.78341544e-020
  1.00000000e+000]
 [1.38097770e-086 1.03992620e-024 3.77475393e-024 5.73090126e-044
  2.11252668e-021 1.07933572e-026 1.06893180e-045 1.23505398e-038
  5.48003446e-070 1.59429775e-034 1.48401071e-021 2.39636514e-019
  1.00000000e+000 2.28101900e-037 9.22597778e-070 2.61762693e-014
  9.83096936e-015 8.59134525e-079 7.61140210e-056 2.90885690e-039
  1.00000000e+000]
 [2.07641719e-047 3.38580100e-036 9.73763425e-047 1.72130197e-011
  7.96791439e-059 2.17218148e-021 1.32105800e-035 5.20142253e-022
  3.07442177e-029 2.01509652e-028 5.80068643e-011 5.49000312e-049
  2.28101900e-037 1.00000000e+000 1.12777750e-064 1.00097565e-042
  1.15539762e-010 1.35263982e-079 1.68218285e-032 4.88405576e-031
  1.00000000e+000]
 [2.16299483e-033 1.50029140e-040 1.04711450e-072 8.31816673e-043
  5.35825498e-036 4.33559802e-048 1.73318345e-038 1.37840639e-089
  1.53615365e-052 6.25929073e-055 6.21357318e-061 6.33564578e-032
  9.22597778e-070 1.12777750e-064 1.00000000e+000 1.35060654e-071
  1.07135016e-044 2.88234188e-024 6.25554410e-050 1.32664013e-056
  1.00000000e+000]
 [4.56766492e-056 3.97847163e-022 1.82072038e-040 3.33274180e-064
  2.19557072e-047 4.15837515e-024 2.39052989e-024 3.09870276e-032
  2.45814007e-065 1.36833800e-029 9.44932714e-028 2.04895445e-045
  2.61762693e-014 1.00097565e-042 1.35060654e-071 1.00000000e+000
  2.07979298e-019 1.52239052e-076 1.44290674e-046 1.23992918e-070
  1.00000000e+000]
 [1.03074410e-045 1.59909413e-018 6.34567194e-035 2.33956789e-017
  5.41799862e-033 5.55906618e-007 7.09915324e-029 6.96811174e-029
  4.58067937e-044 4.21477278e-017 3.42439703e-008 6.31298841e-023
  9.83096936e-015 1.15539762e-010 1.07135016e-044 2.07979298e-019
  1.00000000e+000 3.63904163e-057 9.30102469e-037 2.96033896e-026
  1.00000000e+000]
 [6.00335523e-047 3.63855491e-069 4.05917714e-069 4.71129815e-059
  6.41825542e-055 5.55760047e-042 2.34244888e-052 3.84698631e-120
  1.98716468e-060 3.68776786e-047 4.86958269e-083 4.48673783e-047
  8.59134525e-079 1.35263982e-079 2.88234188e-024 1.52239052e-076
  3.63904163e-057 1.00000000e+000 5.20331973e-082 3.36799472e-058
  1.00000000e+000]
 [6.71398902e-030 2.66622406e-018 1.60103785e-073 1.12609531e-036
  3.86064929e-052 7.74725082e-057 1.01239771e-016 6.34466730e-031
  7.14773877e-022 5.38234452e-070 9.26453744e-045 3.44831501e-067
  7.61140210e-056 1.68218285e-032 6.25554410e-050 1.44290674e-046
  9.30102469e-037 5.20331973e-082 1.00000000e+000 2.05544275e-084
  1.00000000e+000]
 [6.45743515e-090 6.57963148e-070 7.08796995e-026 1.02946983e-020
  1.53810062e-040 4.82559036e-032 1.33024209e-071 1.40632448e-065
  1.15801253e-056 1.27337359e-027 9.53934820e-026 1.78341544e-020
  2.90885690e-039 4.88405576e-031 1.32664013e-056 1.23992918e-070
  2.96033896e-026 3.36799472e-058 2.05544275e-084 1.00000000e+000
  1.00000000e+000]
 [1.00000000e+000 1.00000000e+000 1.00000000e+000 1.00000000e+000
  1.00000000e+000 1.00000000e+000 1.00000000e+000 1.00000000e+000
  1.00000000e+000 1.00000000e+000 1.00000000e+000 1.00000000e+000
  1.00000000e+000 1.00000000e+000 1.00000000e+000 1.00000000e+000
  1.00000000e+000 1.00000000e+000 1.00000000e+000 1.00000000e+000
  0.00000000e+000]]
