[[1.00000000e+00 1.78613486e-04 1.58140731e-17 2.91171597e-18
  2.40030480e-20 1.01883860e-14 7.56842512e-11 2.39388084e-18
  3.39930142e-37 6.81889285e-58 1.14614289e-18 1.19330891e-27
  3.52825655e-50 2.95210288e-35 3.23703280e-30 2.52491411e-27
  5.61172334e-16 1.16758713e-27 2.03652907e-36 5.90856326e-22
  1.00000000e+00]
 [1.78613486e-04 1.00000000e+00 3.41128631e-21 1.13179740e-23
  2.20173910e-32 1.42378479e-30 2.27190943e-12 2.04225153e-15
  1.28104474e-47 3.45529102e-62 1.99561445e-20 2.31871428e-25
  7.90605290e-64 5.65180512e-40 6.50364642e-42 4.41723110e-40
  1.58623340e-29 5.65272972e-28 5.37400592e-45 1.15051301e-22
  1.00000000e+00]
 [1.58140731e-17 3.41128631e-21 1.00000000e+00 4.71163769e-09
  1.59810322e-13 2.43965381e-27 7.31522562e-25 7.62504209e-15
  2.77097180e-31 1.89758508e-42 1.31829209e-32 3.73146938e-45
  1.42751427e-14 3.28083661e-31 4.85442684e-09 1.05359797e-46
  1.41532438e-16 4.85084745e-12 2.00234895e-24 8.59049463e-31
  1.00000000e+00]
 [2.91171597e-18 1.13179740e-23 4.71163769e-09 1.00000000e+00
  7.71570927e-06 2.04068740e-27 4.65462043e-14 2.28440188e-16
  4.16446487e-24 2.01203900e-59 2.99370947e-29 5.40786934e-35
  1.99029419e-25 6.96252059e-39 4.40853874e-23 1.00952797e-43
  4.24267257e-29 1.69610498e-29 3.44255914e-18 7.11882921e-33
  1.00000000e+00]
 [2.40030480e-20 2.20173910e-32 1.59810322e-13 7.71570927e-06
  1.00000000e+00 1.27470364e-13 5.56769616e-24 4.16642917e-27
  1.79058526e-20 1.26042287e-55 6.87004924e-25 1.09377001e-32
  1.38274421e-19 4.14866193e-27 5.45141983e-16 1.68927946e-26
  3.78728136e-22 1.15821940e-27 6.68386960e-19 3.64294450e-35
  1.00000000e+00]
 [1.01883860e-14 1.42378479e-30 2.43965381e-27 2.04068740e-27
  1.27470364e-13 1.00000000e+00 9.94091472e-33 5.60155977e-40
  1.12582794e-34 4.40811709e-53 6.89246559e-21 7.68441897e-36
  4.31723011e-38 1.61559330e-24 9.22907493e-21 2.14836736e-12
  1.14974478e-12 2.81172914e-31 2.60385253e-39 1.54092841e-32
  1.00000000e+00]
 [7.56842512e-11 2.27190943e-12 7.31522562e-25 4.65462043e-14
  5.56769616e-24 9.94091472e-33 1.00000000e+00 1.23189295e-18
  4.83471530e-37 4.72287761e-61 1.20957327e-26 1.19506937e-37
  3.76155607e-62 4.90361854e-59 1.16276838e-46 9.26432227e-56
  1.36253639e-38 6.20872557e-48 2.39838856e-47 7.26133883e-28
  1.00000000e+00]
 [2.39388084e-18 2.04225153e-15 7.62504209e-15 2.28440188e-16
  4.16642917e-27 5.60155977e-40 1.23189295e-18 1.00000000e+00
  9.55020117e-66 8.71852952e-45 1.85273160e-22 3.80823393e-37
  1.11915827e-50 3.83533100e-37 6.73925569e-37 1.54564019e-57
  3.09671353e-41 5.15760898e-24 7.74219710e-28 5.58661146e-09
  1.00000000e+00]
 [3.39930142e-37 1.28104474e-47 2.77097180e-31 4.16446487e-24
  1.79058526e-20 1.12582794e-34 4.83471530e-37 9.55020117e-66
  1.00000000e+00 3.33515279e-80 2.03489595e-51 1.63074526e-50
  2.79768068e-32 9.87676964e-56 2.12747585e-30 2.04727127e-48
  8.67501089e-36 1.82565552e-48 3.17837399e-63 2.47949528e-83
  1.00000000e+00]
 [6.81889285e-58 3.45529102e-62 1.89758508e-42 2.01203900e-59
  1.26042287e-55 4.40811709e-53 4.72287761e-61 8.71852952e-45
  3.33515279e-80 1.00000000e+00 8.29714554e-38 3.27492816e-79
  1.23588052e-56 1.00296993e-44 2.01599005e-36 5.96757535e-90
  5.41910411e-62 6.61304186e-33 1.13317860e-99 8.16522657e-35
  1.00000000e+00]
 [1.14614289e-18 1.99561445e-20 1.31829209e-32 2.99370947e-29
  6.87004924e-25 6.89246559e-21 1.20957327e-26 1.85273160e-22
  2.03489595e-51 8.29714554e-38 1.00000000e+00 7.70554904e-11
  7.06218384e-63 4.48658015e-14 4.58339679e-40 2.93115480e-25
  1.26761232e-44 5.09583459e-24 4.94961146e-50 2.94862352e-13
  1.00000000e+00]
 [1.19330891e-27 2.31871428e-25 3.73146938e-45 5.40786934e-35
  1.09377001e-32 7.68441897e-36 1.19506937e-37 3.80823393e-37
  1.63074526e-50 3.27492816e-79 7.70554904e-11 1.00000000e+00
  3.72733611e-78 3.18971859e-20 4.90219604e-59 3.11783154e-22
  1.03140145e-60 1.99082527e-35 9.04294386e-50 4.51987093e-36
  1.00000000e+00]
 [3.52825655e-50 7.90605290e-64 1.42751427e-14 1.99029419e-25
  1.38274421e-19 4.31723011e-38 3.76155607e-62 1.11915827e-50
  2.79768068e-32 1.23588052e-56 7.06218384e-63 3.72733611e-78
  1.00000000e+00 8.21266407e-43 4.48526425e-06 6.84117192e-60
  3.18232339e-25 4.22153639e-26 3.80072202e-37 1.39406767e-68
  1.00000000e+00]
 [2.95210288e-35 5.65180512e-40 3.28083661e-31 6.96252059e-39
  4.14866193e-27 1.61559330e-24 4.90361854e-59 3.83533100e-37
  9.87676964e-56 1.00296993e-44 4.48658015e-14 3.18971859e-20
  8.21266407e-43 1.00000000e+00 7.76475986e-27 1.99397579e-19
  8.99922338e-41 2.01607037e-11 1.56937483e-43 8.96774858e-31
  1.00000000e+00]
 [3.23703280e-30 6.50364642e-42 4.85442684e-09 4.40853874e-23
  5.45141983e-16 9.22907493e-21 1.16276838e-46 6.73925569e-37
  2.12747585e-30 2.01599005e-36 4.58339679e-40 4.90219604e-59
  4.48526425e-06 7.76475986e-27 1.00000000e+00 1.28086852e-41
  2.50162748e-12 3.21723668e-13 3.58797475e-38 2.55397206e-45
  1.00000000e+00]
 [2.52491411e-27 4.41723110e-40 1.05359797e-46 1.00952797e-43
  1.68927946e-26 2.14836736e-12 9.26432227e-56 1.54564019e-57
  2.04727127e-48 5.96757535e-90 2.93115480e-25 3.11783154e-22
  6.84117192e-60 1.99397579e-19 1.28086852e-41 1.00000000e+00
  3.21775380e-31 7.46789823e-39 7.79720180e-42 2.01695007e-49
  1.00000000e+00]
 [5.61172334e-16 1.58623340e-29 1.41532438e-16 4.24267257e-29
  3.78728136e-22 1.14974478e-12 1.36253639e-38 3.09671353e-41
  8.67501089e-36 5.41910411e-62 1.26761232e-44 1.03140145e-60
  3.18232339e-25 8.99922338e-41 2.50162748e-12 3.21775380e-31
  1.00000000e+00 2.24806408e-27 5.96792899e-39 4.73118874e-47
  1.00000000e+00]
 [1.16758713e-27 5.65272972e-28 4.85084745e-12 1.69610498e-29
  1.15821940e-27 2.81172914e-31 6.20872557e-48 5.15760898e-24
  1.82565552e-48 6.61304186e-33 5.09583459e-24 1.99082527e-35
  4.22153639e-26 2.01607037e-11 3.21723668e-13 7.46789823e-39
  2.24806408e-27 1.00000000e+00 2.35128317e-41 8.73752187e-30
  1.00000000e+00]
 [2.03652907e-36 5.37400592e-45 2.00234895e-24 3.44255914e-18
  6.68386960e-19 2.60385253e-39 2.39838856e-47 7.74219710e-28
  3.17837399e-63 1.13317860e-99 4.94961146e-50 9.04294386e-50
  3.80072202e-37 1.56937483e-43 3.58797475e-38 7.79720180e-42
  5.96792899e-39 2.35128317e-41 1.00000000e+00 1.67091601e-43
  1.00000000e+00]
 [5.90856326e-22 1.15051301e-22 8.59049463e-31 7.11882921e-33
  3.64294450e-35 1.54092841e-32 7.26133883e-28 5.58661146e-09
  2.47949528e-83 8.16522657e-35 2.94862352e-13 4.51987093e-36
  1.39406767e-68 8.96774858e-31 2.55397206e-45 2.01695007e-49
  4.73118874e-47 8.73752187e-30 1.67091601e-43 1.00000000e+00
  1.00000000e+00]
 [1.00000000e+00 1.00000000e+00 1.00000000e+00 1.00000000e+00
  1.00000000e+00 1.00000000e+00 1.00000000e+00 1.00000000e+00
  1.00000000e+00 1.00000000e+00 1.00000000e+00 1.00000000e+00
  1.00000000e+00 1.00000000e+00 1.00000000e+00 1.00000000e+00
  1.00000000e+00 1.00000000e+00 1.00000000e+00 1.00000000e+00
  0.00000000e+00]]
