[[1.00000000e+00 5.82483513e-39 1.34172596e-48 ... 5.90665462e-48
  3.49509320e-32 1.00000000e+00]
 [5.82483513e-39 1.00000000e+00 1.99898251e-19 ... 6.70200710e-52
  6.56438804e-23 1.00000000e+00]
 [1.34172596e-48 1.99898251e-19 1.00000000e+00 ... 2.33172503e-48
  1.55929712e-41 1.00000000e+00]
 ...
 [5.90665462e-48 6.70200710e-52 2.33172503e-48 ... 1.00000000e+00
  3.50092774e-24 1.00000000e+00]
 [3.49509320e-32 6.56438804e-23 1.55929712e-41 ... 3.50092774e-24
  1.00000000e+00 1.00000000e+00]
 [1.00000000e+00 1.00000000e+00 1.00000000e+00 ... 1.00000000e+00
  1.00000000e+00 0.00000000e+00]]
