[[1.00000000e+000 2.48241730e-039 2.17806659e-020 ... 1.22145718e-101
  1.09202322e-035 1.00000000e+000]
 [2.48241730e-039 1.00000000e+000 2.13387081e-054 ... 7.09500894e-047
  2.89657914e-036 1.00000000e+000]
 [2.17806659e-020 2.13387081e-054 1.00000000e+000 ... 1.00210496e-085
  2.22727543e-045 1.00000000e+000]
 ...
 [1.22145718e-101 7.09500894e-047 1.00210496e-085 ... 1.00000000e+000
  2.07456270e-042 1.00000000e+000]
 [1.09202322e-035 2.89657914e-036 2.22727543e-045 ... 2.07456270e-042
  1.00000000e+000 1.00000000e+000]
 [1.00000000e+000 1.00000000e+000 1.00000000e+000 ... 1.00000000e+000
  1.00000000e+000 0.00000000e+000]]
