[[1.00000000e+00 2.79156389e-54 1.93287297e-43 ... 2.80094144e-45
  1.57498890e-27 1.00000000e+00]
 [2.79156389e-54 1.00000000e+00 1.04561672e-28 ... 2.45456483e-13
  7.71899402e-31 1.00000000e+00]
 [1.93287297e-43 1.04561672e-28 1.00000000e+00 ... 9.99320527e-27
  1.20402133e-51 1.00000000e+00]
 ...
 [2.80094144e-45 2.45456483e-13 9.99320527e-27 ... 1.00000000e+00
  1.66314788e-34 1.00000000e+00]
 [1.57498890e-27 7.71899402e-31 1.20402133e-51 ... 1.66314788e-34
  1.00000000e+00 1.00000000e+00]
 [1.00000000e+00 1.00000000e+00 1.00000000e+00 ... 1.00000000e+00
  1.00000000e+00 0.00000000e+00]]
