[[1.00000000e+00 2.35240179e-66 8.43489075e-20 ... 1.36698806e-80
  4.00919244e-09 1.00000000e+00]
 [2.35240179e-66 1.00000000e+00 4.45070070e-46 ... 1.93789246e-19
  8.97499513e-33 1.00000000e+00]
 [8.43489075e-20 4.45070070e-46 1.00000000e+00 ... 6.19537954e-50
  9.54741984e-17 1.00000000e+00]
 ...
 [1.36698806e-80 1.93789246e-19 6.19537954e-50 ... 1.00000000e+00
  4.63302939e-42 1.00000000e+00]
 [4.00919244e-09 8.97499513e-33 9.54741984e-17 ... 4.63302939e-42
  1.00000000e+00 1.00000000e+00]
 [1.00000000e+00 1.00000000e+00 1.00000000e+00 ... 1.00000000e+00
  1.00000000e+00 0.00000000e+00]]
