[[1.00000000e+00 2.91570354e-51 3.33675457e-41 ... 8.12158089e-24
  3.28697224e-36 1.00000000e+00]
 [2.91570354e-51 1.00000000e+00 5.61129894e-74 ... 9.30729513e-67
  1.14002842e-21 1.00000000e+00]
 [3.33675457e-41 5.61129894e-74 1.00000000e+00 ... 2.33327946e-54
  5.46471644e-70 1.00000000e+00]
 ...
 [8.12158089e-24 9.30729513e-67 2.33327946e-54 ... 1.00000000e+00
  4.43988810e-71 1.00000000e+00]
 [3.28697224e-36 1.14002842e-21 5.46471644e-70 ... 4.43988810e-71
  1.00000000e+00 1.00000000e+00]
 [1.00000000e+00 1.00000000e+00 1.00000000e+00 ... 1.00000000e+00
  1.00000000e+00 0.00000000e+00]]
