[[1.00000000e+00 3.53286136e-32 2.06569242e-28 ... 1.58837945e-11
  1.15914616e-38 1.00000000e+00]
 [3.53286136e-32 1.00000000e+00 1.98118538e-31 ... 7.57316123e-10
  1.83865755e-46 1.00000000e+00]
 [2.06569242e-28 1.98118538e-31 1.00000000e+00 ... 1.87435285e-27
  9.74712739e-45 1.00000000e+00]
 ...
 [1.58837945e-11 7.57316123e-10 1.87435285e-27 ... 1.00000000e+00
  1.05807199e-37 1.00000000e+00]
 [1.15914616e-38 1.83865755e-46 9.74712739e-45 ... 1.05807199e-37
  1.00000000e+00 1.00000000e+00]
 [1.00000000e+00 1.00000000e+00 1.00000000e+00 ... 1.00000000e+00
  1.00000000e+00 0.00000000e+00]]
