[[1.         0.0566395  0.39004335 ... 0.06300463 0.10565718 0.09479057]
 [0.0566395  1.         0.03803735 ... 0.0650837  0.11725691 0.14162663]
 [0.39004335 0.03803735 1.         ... 0.13411114 0.33560063 0.02692485]
 ...
 [0.06300463 0.0650837  0.13411114 ... 1.         0.06085186 0.01404375]
 [0.10565718 0.11725691 0.33560063 ... 0.06085186 1.         0.1026557 ]
 [0.09479057 0.14162663 0.02692485 ... 0.01404375 0.1026557  1.        ]]
