[[1.00000000e+00 1.35887889e-43 6.64352081e-43 2.53234932e-34
  1.79965462e-59 1.12402297e-44 3.99205229e-61 5.08676492e-19
  9.87457243e-63 2.84368224e-01 9.91756939e-10 1.62720262e-54
  1.81307377e-50 8.97293389e-42 3.27932694e-55 6.61987570e-42
  3.58399457e-34 4.44429830e-38 1.26748957e-62 9.99846001e-39
  1.00000000e+00]
 [1.35887889e-43 1.00000000e+00 1.48568022e-33 1.16231615e-24
  3.30242796e-33 4.22453600e-86 1.68548159e-27 8.77077566e-26
  1.76418606e-20 3.48457605e-43 1.36655816e-46 1.95602051e-28
  2.21650972e-16 2.89540067e-16 2.66160199e-45 1.06574852e-24
  6.41758085e-74 4.88605051e-23 1.89401914e-30 4.24330467e-54
  1.00000000e+00]
 [6.64352081e-43 1.48568022e-33 1.00000000e+00 4.40441440e-18
  3.38487231e-06 9.16372261e-40 6.21867188e-12 5.20932680e-35
  1.67183060e-23 1.60726917e-41 4.64374103e-26 5.44149531e-19
  9.22366780e-17 1.29024371e-19 2.61850818e-11 6.32813774e-21
  3.00013620e-23 2.62479860e-18 3.40524111e-33 3.33520444e-22
  1.00000000e+00]
 [2.53234932e-34 1.16231615e-24 4.40441440e-18 1.00000000e+00
  5.69568008e-21 2.14227486e-57 5.74545353e-29 5.64463383e-08
  7.97314269e-12 5.98917274e-35 2.21206982e-25 2.46872317e-06
  7.56074118e-19 6.27014577e-17 2.20646976e-21 8.79925939e-24
  2.03228416e-29 2.57636962e-17 1.13076570e-52 2.90731301e-50
  1.00000000e+00]
 [1.79965462e-59 3.30242796e-33 3.38487231e-06 5.69568008e-21
  1.00000000e+00 6.73831032e-42 3.33275321e-12 4.38388819e-43
  1.24967224e-14 5.27154413e-57 1.16884807e-33 3.07978005e-16
  8.30821749e-12 2.36114012e-14 1.05086773e-18 1.51948553e-13
  2.67030164e-28 9.55805961e-26 2.92776516e-35 6.14119219e-23
  1.00000000e+00]
 [1.12402297e-44 4.22453600e-86 9.16372261e-40 2.14227486e-57
  6.73831032e-42 1.00000000e+00 7.58395479e-56 2.30192389e-61
  2.27753188e-79 2.07617489e-44 8.26855957e-17 3.02138756e-66
  1.50389287e-71 8.76466033e-65 3.43702942e-48 1.61303344e-52
  1.04949560e-13 1.25779988e-58 2.87870077e-71 1.95834984e-13
  1.00000000e+00]
 [3.99205229e-61 1.68548159e-27 6.21867188e-12 5.74545353e-29
  3.33275321e-12 7.58395479e-56 1.00000000e+00 6.76902836e-50
  3.67000715e-28 9.45905350e-58 1.95814407e-43 7.74402816e-35
  2.21842588e-22 3.67880828e-25 3.23079290e-33 1.53481492e-28
  1.12122664e-45 1.09806926e-37 9.05957090e-49 7.69876987e-31
  1.00000000e+00]
 [5.08676492e-19 8.77077566e-26 5.20932680e-35 5.64463383e-08
  4.38388819e-43 2.30192389e-61 6.76902836e-50 1.00000000e+00
  1.69023402e-28 1.18605626e-21 9.19502827e-22 7.38183932e-19
  9.32755041e-34 2.25592785e-28 1.07584191e-33 1.17321801e-35
  1.24004931e-38 1.01896908e-18 4.01873689e-55 7.14115676e-59
  1.00000000e+00]
 [9.87457243e-63 1.76418606e-20 1.67183060e-23 7.97314269e-12
  1.24967224e-14 2.27753188e-79 3.67000715e-28 1.69023402e-28
  1.00000000e+00 6.41253722e-61 5.48298741e-47 4.02986270e-07
  2.59625784e-06 3.45913342e-07 1.54539263e-33 4.80809760e-13
  1.18334433e-50 4.13164116e-27 2.47383657e-47 5.03010417e-56
  1.00000000e+00]
 [2.84368224e-01 3.48457605e-43 1.60726917e-41 5.98917274e-35
  5.27154413e-57 2.07617489e-44 9.45905350e-58 1.18605626e-21
  6.41253722e-61 1.00000000e+00 3.26952084e-09 8.62432075e-56
  3.53087894e-47 2.46231357e-38 2.16389533e-58 8.53951523e-38
  5.91166691e-33 8.69357835e-42 3.34165889e-65 1.08297107e-35
  1.00000000e+00]
 [9.91756939e-10 1.36655816e-46 4.64374103e-26 2.21206982e-25
  1.16884807e-33 8.26855957e-17 1.95814407e-43 9.19502827e-22
  5.48298741e-47 3.26952084e-09 1.00000000e+00 4.34000592e-39
  5.66242245e-39 2.59238669e-31 2.70654982e-38 9.70061347e-27
  2.38944946e-10 7.96949502e-34 4.00789447e-56 2.84932812e-17
  1.00000000e+00]
 [1.62720262e-54 1.95602051e-28 5.44149531e-19 2.46872317e-06
  3.07978005e-16 3.02138756e-66 7.74402816e-35 7.38183932e-19
  4.02986270e-07 8.62432075e-56 4.34000592e-39 1.00000000e+00
  7.91668992e-16 4.03459086e-17 1.48867673e-15 3.13614390e-23
  7.98324574e-39 1.43454723e-13 1.84336559e-40 1.47818921e-55
  1.00000000e+00]
 [1.81307377e-50 2.21650972e-16 9.22366780e-17 7.56074118e-19
  8.30821749e-12 1.50389287e-71 2.21842588e-22 9.32755041e-34
  2.59625784e-06 3.53087894e-47 5.66242245e-39 7.91668992e-16
  1.00000000e+00 6.15380431e-02 6.93415373e-35 3.90600572e-05
  1.30336151e-47 3.01951056e-26 4.25586113e-35 7.21199538e-39
  1.00000000e+00]
 [8.97293389e-42 2.89540067e-16 1.29024371e-19 6.27014577e-17
  2.36114012e-14 8.76466033e-65 3.67880828e-25 2.25592785e-28
  3.45913342e-07 2.46231357e-38 2.59238669e-31 4.03459086e-17
  6.15380431e-02 1.00000000e+00 1.98167757e-39 8.49681130e-03
  5.24055429e-42 1.19997433e-28 4.01460049e-40 9.51453252e-36
  1.00000000e+00]
 [3.27932694e-55 2.66160199e-45 2.61850818e-11 2.20646976e-21
  1.05086773e-18 3.43702942e-48 3.23079290e-33 1.07584191e-33
  1.54539263e-33 2.16389533e-58 2.70654982e-38 1.48867673e-15
  6.93415373e-35 1.98167757e-39 1.00000000e+00 4.66428188e-43
  9.24521342e-34 1.27811883e-08 6.88290349e-28 1.13271703e-42
  1.00000000e+00]
 [6.61987570e-42 1.06574852e-24 6.32813774e-21 8.79925939e-24
  1.51948553e-13 1.61303344e-52 1.53481492e-28 1.17321801e-35
  4.80809760e-13 8.53951523e-38 9.70061347e-27 3.13614390e-23
  3.90600572e-05 8.49681130e-03 4.66428188e-43 1.00000000e+00
  2.39784756e-35 1.51554591e-34 2.84366869e-41 8.21213940e-26
  1.00000000e+00]
 [3.58399457e-34 6.41758085e-74 3.00013620e-23 2.03228416e-29
  2.67030164e-28 1.04949560e-13 1.12122664e-45 1.24004931e-38
  1.18334433e-50 5.91166691e-33 2.38944946e-10 7.98324574e-39
  1.30336151e-47 5.24055429e-42 9.24521342e-34 2.39784756e-35
  1.00000000e+00 1.14700460e-45 1.17977556e-75 4.02843316e-22
  1.00000000e+00]
 [4.44429830e-38 4.88605051e-23 2.62479860e-18 2.57636962e-17
  9.55805961e-26 1.25779988e-58 1.09806926e-37 1.01896908e-18
  4.13164116e-27 8.69357835e-42 7.96949502e-34 1.43454723e-13
  3.01951056e-26 1.19997433e-28 1.27811883e-08 1.51554591e-34
  1.14700460e-45 1.00000000e+00 2.55377127e-15 8.56916915e-46
  1.00000000e+00]
 [1.26748957e-62 1.89401914e-30 3.40524111e-33 1.13076570e-52
  2.92776516e-35 2.87870077e-71 9.05957090e-49 4.01873689e-55
  2.47383657e-47 3.34165889e-65 4.00789447e-56 1.84336559e-40
  4.25586113e-35 4.01460049e-40 6.88290349e-28 2.84366869e-41
  1.17977556e-75 2.55377127e-15 1.00000000e+00 5.31907011e-43
  1.00000000e+00]
 [9.99846001e-39 4.24330467e-54 3.33520444e-22 2.90731301e-50
  6.14119219e-23 1.95834984e-13 7.69876987e-31 7.14115676e-59
  5.03010417e-56 1.08297107e-35 2.84932812e-17 1.47818921e-55
  7.21199538e-39 9.51453252e-36 1.13271703e-42 8.21213940e-26
  4.02843316e-22 8.56916915e-46 5.31907011e-43 1.00000000e+00
  1.00000000e+00]
 [1.00000000e+00 1.00000000e+00 1.00000000e+00 1.00000000e+00
  1.00000000e+00 1.00000000e+00 1.00000000e+00 1.00000000e+00
  1.00000000e+00 1.00000000e+00 1.00000000e+00 1.00000000e+00
  1.00000000e+00 1.00000000e+00 1.00000000e+00 1.00000000e+00
  1.00000000e+00 1.00000000e+00 1.00000000e+00 1.00000000e+00
  0.00000000e+00]]
