[[1.00000000e+000 1.38703017e-065 2.32397515e-081 8.47515788e-059
  4.51155144e-055 1.38777740e-056 3.91020154e-063 9.65371798e-024
  3.21100673e-013 2.21781473e-040 7.00366982e-020 3.67752980e-029
  2.11130996e-018 4.39186275e-033 9.58917183e-043 6.00624787e-067
  3.11444281e-030 1.08394161e-046 1.06120677e-017 1.64576121e-016
  1.00000000e+000]
 [1.38703017e-065 1.00000000e+000 7.17180437e-017 1.61233353e-027
  6.29200485e-049 2.48621600e-048 4.35065169e-008 1.93123471e-042
  5.99601398e-065 3.14295355e-041 7.63377030e-056 1.80968380e-059
  4.47640257e-045 6.75428459e-055 3.26916474e-031 2.73617957e-020
  2.29351698e-070 7.04861492e-073 8.09213443e-035 2.74475673e-051
  1.00000000e+000]
 [2.32397515e-081 7.17180437e-017 1.00000000e+000 3.18115153e-028
  6.12366859e-046 4.84011438e-045 2.69436027e-039 5.55127470e-040
  7.25302292e-079 2.86697385e-087 5.68866607e-068 1.01258675e-052
  6.39818081e-079 1.63225940e-047 3.69978332e-038 2.76135449e-009
  1.23437137e-047 3.01847067e-061 2.28235427e-048 3.21161515e-067
  1.00000000e+000]
 [8.47515788e-059 1.61233353e-027 3.18115153e-028 1.00000000e+000
  1.91504880e-026 1.64421608e-021 2.29630872e-030 3.85379556e-040
  2.63398574e-082 2.80601086e-048 1.62007996e-041 1.86226435e-058
  3.96961041e-048 1.06894749e-038 2.20585984e-013 2.53694731e-030
  5.49375517e-061 7.84297766e-042 1.28857946e-024 2.14664853e-043
  1.00000000e+000]
 [4.51155144e-055 6.29200485e-049 6.12366859e-046 1.91504880e-026
  1.00000000e+000 3.94920765e-025 1.20947290e-043 1.99631219e-043
  1.33351341e-053 4.50344767e-049 3.77514852e-072 1.88588348e-071
  3.77533805e-075 4.15310034e-025 1.05740396e-009 2.90912145e-022
  8.48617083e-069 3.15208458e-039 3.77367182e-042 4.82084727e-036
  1.00000000e+000]
 [1.38777740e-056 2.48621600e-048 4.84011438e-045 1.64421608e-021
  3.94920765e-025 1.00000000e+000 7.81453547e-056 6.18021095e-035
  5.01054056e-068 3.62300384e-052 7.74593170e-047 1.52187383e-088
  5.91241012e-074 1.71569293e-047 1.19581989e-015 1.06591500e-034
  1.25836743e-057 8.91769375e-068 1.82278839e-020 2.25284816e-065
  1.00000000e+000]
 [3.91020154e-063 4.35065169e-008 2.69436027e-039 2.29630872e-030
  1.20947290e-043 7.81453547e-056 1.00000000e+000 1.08178716e-051
  3.18460265e-064 1.09266728e-023 2.72357359e-060 6.55652758e-072
  2.71454791e-037 3.77711150e-054 3.53770326e-026 1.89534219e-034
  4.28665499e-094 5.38699260e-070 1.71178134e-039 2.09022757e-042
  1.00000000e+000]
 [9.65371798e-024 1.93123471e-042 5.55127470e-040 3.85379556e-040
  1.99631219e-043 6.18021095e-035 1.08178716e-051 1.00000000e+000
  1.00296970e-024 1.90750229e-064 2.05191233e-015 6.51488287e-042
  8.23544503e-040 1.60938477e-013 3.07268449e-024 1.43241973e-039
  1.03133524e-017 2.37955320e-028 2.68916654e-022 1.75204177e-043
  1.00000000e+000]
 [3.21100673e-013 5.99601398e-065 7.25302292e-079 2.63398574e-082
  1.33351341e-053 5.01054056e-068 3.18460265e-064 1.00296970e-024
  1.00000000e+000 2.02937446e-051 1.74421113e-044 4.23190199e-044
  1.97303897e-042 1.87956414e-032 1.50552615e-048 1.88609533e-056
  3.62471934e-038 1.28474706e-057 6.33544000e-037 3.35611182e-029
  1.00000000e+000]
 [2.21781473e-040 3.14295355e-041 2.86697385e-087 2.80601086e-048
  4.50344767e-049 3.62300384e-052 1.09266728e-023 1.90750229e-064
  2.02937446e-051 1.00000000e+000 6.11089080e-057 4.73462525e-084
  4.25317524e-029 4.44560699e-072 6.10565504e-035 2.70477932e-065
  2.94412395e-104 1.09126237e-093 5.64461985e-027 4.74337563e-033
  1.00000000e+000]
 [7.00366982e-020 7.63377030e-056 5.68866607e-068 1.62007996e-041
  3.77514852e-072 7.74593170e-047 2.72357359e-060 2.05191233e-015
  1.74421113e-044 6.11089080e-057 1.00000000e+000 5.59140348e-045
  3.99420803e-019 4.85636022e-037 1.62877318e-039 4.42561940e-075
  7.90033310e-031 3.78139048e-044 3.41898029e-015 3.11232372e-045
  1.00000000e+000]
 [3.67752980e-029 1.80968380e-059 1.01258675e-052 1.86226435e-058
  1.88588348e-071 1.52187383e-088 6.55652758e-072 6.51488287e-042
  4.23190199e-044 4.73462525e-084 5.59140348e-045 1.00000000e+000
  5.47796987e-036 5.48252365e-042 7.44548213e-067 8.10749680e-054
  8.56527748e-023 3.29085006e-043 3.53055793e-043 1.10595274e-021
  1.00000000e+000]
 [2.11130996e-018 4.47640257e-045 6.39818081e-079 3.96961041e-048
  3.77533805e-075 5.91241012e-074 2.71454791e-037 8.23544503e-040
  1.97303897e-042 4.25317524e-029 3.99420803e-019 5.47796987e-036
  1.00000000e+000 1.08106364e-051 4.28475080e-048 3.96275083e-078
  4.51181600e-059 1.07346149e-057 4.72537919e-022 8.78511848e-022
  1.00000000e+000]
 [4.39186275e-033 6.75428459e-055 1.63225940e-047 1.06894749e-038
  4.15310034e-025 1.71569293e-047 3.77711150e-054 1.60938477e-013
  1.87956414e-032 4.44560699e-072 4.85636022e-037 5.48252365e-042
  1.08106364e-051 1.00000000e+000 4.62226854e-019 7.08883181e-039
  3.19958638e-033 1.07706702e-006 3.96901331e-042 4.60049461e-032
  1.00000000e+000]
 [9.58917183e-043 3.26916474e-031 3.69978332e-038 2.20585984e-013
  1.05740396e-009 1.19581989e-015 3.53770326e-026 3.07268449e-024
  1.50552615e-048 6.10565504e-035 1.62877318e-039 7.44548213e-067
  4.28475080e-048 4.62226854e-019 1.00000000e+000 2.11443541e-026
  1.03451692e-058 1.11723121e-031 7.62257509e-024 5.44778971e-036
  1.00000000e+000]
 [6.00624787e-067 2.73617957e-020 2.76135449e-009 2.53694731e-030
  2.90912145e-022 1.06591500e-034 1.89534219e-034 1.43241973e-039
  1.88609533e-056 2.70477932e-065 4.42561940e-075 8.10749680e-054
  3.96275083e-078 7.08883181e-039 2.11443541e-026 1.00000000e+000
  5.51605531e-051 6.68579816e-059 5.47317506e-043 2.38014299e-049
  1.00000000e+000]
 [3.11444281e-030 2.29351698e-070 1.23437137e-047 5.49375517e-061
  8.48617083e-069 1.25836743e-057 4.28665499e-094 1.03133524e-017
  3.62471934e-038 2.94412395e-104 7.90033310e-031 8.56527748e-023
  4.51181600e-059 3.19958638e-033 1.03451692e-058 5.51605531e-051
  1.00000000e+000 6.23766834e-044 3.14490636e-035 5.25083725e-051
  1.00000000e+000]
 [1.08394161e-046 7.04861492e-073 3.01847067e-061 7.84297766e-042
  3.15208458e-039 8.91769375e-068 5.38699260e-070 2.37955320e-028
  1.28474706e-057 1.09126237e-093 3.78139048e-044 3.29085006e-043
  1.07346149e-057 1.07706702e-006 1.11723121e-031 6.68579816e-059
  6.23766834e-044 1.00000000e+000 2.66259340e-058 3.52610140e-038
  1.00000000e+000]
 [1.06120677e-017 8.09213443e-035 2.28235427e-048 1.28857946e-024
  3.77367182e-042 1.82278839e-020 1.71178134e-039 2.68916654e-022
  6.33544000e-037 5.64461985e-027 3.41898029e-015 3.53055793e-043
  4.72537919e-022 3.96901331e-042 7.62257509e-024 5.47317506e-043
  3.14490636e-035 2.66259340e-058 1.00000000e+000 3.23402727e-030
  1.00000000e+000]
 [1.64576121e-016 2.74475673e-051 3.21161515e-067 2.14664853e-043
  4.82084727e-036 2.25284816e-065 2.09022757e-042 1.75204177e-043
  3.35611182e-029 4.74337563e-033 3.11232372e-045 1.10595274e-021
  8.78511848e-022 4.60049461e-032 5.44778971e-036 2.38014299e-049
  5.25083725e-051 3.52610140e-038 3.23402727e-030 1.00000000e+000
  1.00000000e+000]
 [1.00000000e+000 1.00000000e+000 1.00000000e+000 1.00000000e+000
  1.00000000e+000 1.00000000e+000 1.00000000e+000 1.00000000e+000
  1.00000000e+000 1.00000000e+000 1.00000000e+000 1.00000000e+000
  1.00000000e+000 1.00000000e+000 1.00000000e+000 1.00000000e+000
  1.00000000e+000 1.00000000e+000 1.00000000e+000 1.00000000e+000
  0.00000000e+000]]
