[[1.00000000e+000 9.46838021e-055 3.78391337e-056 6.17932466e-069
  1.19692072e-056 6.06857260e-048 5.49933034e-029 1.17648198e-030
  4.68741624e-042 9.05066589e-119 5.17873961e-052 5.47105342e-050
  1.67826797e-026 5.41663890e-065 2.67832335e-081 5.51228289e-041
  9.33680995e-038 1.27398887e-022 1.65182808e-040 9.65247959e-064
  1.00000000e+000]
 [9.46838021e-055 1.00000000e+000 1.43071728e-031 1.12254349e-062
  5.02148952e-055 9.92650038e-025 7.13887143e-019 3.79785266e-059
  1.30184544e-023 3.87576929e-054 7.54495454e-022 4.43817075e-016
  3.26134641e-032 2.53653357e-011 1.31570631e-019 1.04937340e-072
  9.48433465e-017 6.30841925e-088 3.96171926e-043 3.77653777e-018
  1.00000000e+000]
 [3.78391337e-056 1.43071728e-031 1.00000000e+000 3.94816874e-039
  1.60148770e-025 1.23446557e-027 9.93799103e-022 2.26509608e-053
  2.61976631e-036 1.44840624e-036 6.15118071e-018 1.13063727e-038
  2.38815244e-027 1.71945381e-021 4.59587108e-030 3.50830127e-070
  8.03432108e-031 1.13045854e-048 1.32423228e-052 7.52503510e-022
  1.00000000e+000]
 [6.17932466e-069 1.12254349e-062 3.94816874e-039 1.00000000e+000
  6.46758406e-007 1.58176023e-050 1.72425919e-052 1.83688462e-046
  1.21044871e-052 1.12127566e-022 1.46887111e-030 1.38299506e-055
  9.95023240e-032 6.29723633e-053 1.37473013e-034 8.54284454e-085
  8.45126886e-037 2.69850263e-053 7.47278726e-037 1.71820398e-061
  1.00000000e+000]
 [1.19692072e-056 5.02148952e-055 1.60148770e-025 6.46758406e-007
  1.00000000e+000 2.30081297e-051 1.08809700e-040 2.17330859e-041
  8.45737057e-047 1.34768642e-028 7.76005308e-031 6.46480933e-048
  1.92886713e-033 3.51905950e-041 8.35570905e-038 1.51480032e-060
  2.36761751e-030 2.28110031e-036 3.19157529e-045 2.49554992e-041
  1.00000000e+000]
 [6.06857260e-048 9.92650038e-025 1.23446557e-027 1.58176023e-050
  2.30081297e-051 1.00000000e+000 3.55685138e-012 3.63561562e-027
  6.02775619e-025 1.58610541e-042 1.99747691e-004 3.27985016e-018
  8.44543178e-027 5.10487790e-035 2.80395184e-017 1.63629481e-061
  5.85101692e-038 2.38144384e-066 9.84380484e-052 7.43019786e-031
  1.00000000e+000]
 [5.49933034e-029 7.13887143e-019 9.93799103e-022 1.72425919e-052
  1.08809700e-040 3.55685138e-012 1.00000000e+000 2.24274599e-027
  1.47343736e-031 1.44433835e-054 8.39168630e-013 2.92014082e-019
  8.10737499e-024 1.72436669e-018 1.83438113e-030 7.11142484e-029
  1.72436605e-032 2.17664020e-038 2.26720989e-054 2.40051421e-016
  1.00000000e+000]
 [1.17648198e-030 3.79785266e-059 2.26509608e-053 1.83688462e-046
  2.17330859e-041 3.63561562e-027 2.24274599e-027 1.00000000e+000
  8.84974006e-028 2.63192561e-069 3.88966827e-027 6.37446708e-024
  1.05883527e-047 5.34947131e-073 3.82046646e-045 2.29172615e-029
  2.96511690e-044 1.53108574e-040 1.89445902e-067 2.08342532e-045
  1.00000000e+000]
 [4.68741624e-042 1.30184544e-023 2.61976631e-036 1.21044871e-052
  8.45737057e-047 6.02775619e-025 1.47343736e-031 8.84974006e-028
  1.00000000e+000 9.66580150e-062 5.00075825e-023 2.90539369e-009
  3.74124863e-040 2.75551351e-049 7.12508290e-023 1.97773008e-071
  3.76219613e-011 1.90068520e-078 3.19596797e-041 9.42083214e-030
  1.00000000e+000]
 [9.05066589e-119 3.87576929e-054 1.44840624e-036 1.12127566e-022
  1.34768642e-028 1.58610541e-042 1.44433835e-054 2.63192561e-069
  9.66580150e-062 1.00000000e+000 8.37432591e-023 5.38182320e-050
  1.76619856e-058 2.45433288e-042 1.18305186e-015 1.23896162e-105
  6.48160950e-056 5.03917252e-102 4.77871276e-076 1.75002409e-045
  1.00000000e+000]
 [5.17873961e-052 7.54495454e-022 6.15118071e-018 1.46887111e-030
  7.76005308e-031 1.99747691e-004 8.39168630e-013 3.88966827e-027
  5.00075825e-023 8.37432591e-023 1.00000000e+000 2.65462554e-016
  1.67696112e-023 2.18547219e-025 1.84674877e-008 2.84885333e-059
  9.20130018e-029 5.06864087e-060 3.52323156e-045 8.03164959e-023
  1.00000000e+000]
 [5.47105342e-050 4.43817075e-016 1.13063727e-038 1.38299506e-055
  6.46480933e-048 3.27985016e-018 2.92014082e-019 6.37446708e-024
  2.90539369e-009 5.38182320e-050 2.65462554e-016 1.00000000e+000
  1.26776136e-047 2.14119686e-035 5.16078557e-015 2.76734447e-048
  2.33736474e-020 1.04505430e-079 3.05427972e-060 1.35480571e-014
  1.00000000e+000]
 [1.67826797e-026 3.26134641e-032 2.38815244e-027 9.95023240e-032
  1.92886713e-033 8.44543178e-027 8.10737499e-024 1.05883527e-047
  3.74124863e-040 1.76619856e-058 1.67696112e-023 1.26776136e-047
  1.00000000e+000 2.98427758e-031 1.01372937e-041 1.92619592e-076
  1.92969431e-025 2.80557658e-038 1.04925468e-011 4.35105292e-055
  1.00000000e+000]
 [5.41663890e-065 2.53653357e-011 1.71945381e-021 6.29723633e-053
  3.51905950e-041 5.10487790e-035 1.72436669e-018 5.34947131e-073
  2.75551351e-049 2.45433288e-042 2.18547219e-025 2.14119686e-035
  2.98427758e-031 1.00000000e+000 1.85361335e-028 4.31335422e-067
  1.22745053e-030 4.56717795e-071 8.43107881e-054 1.00111247e-017
  1.00000000e+000]
 [2.67832335e-081 1.31570631e-019 4.59587108e-030 1.37473013e-034
  8.35570905e-038 2.80395184e-017 1.83438113e-030 3.82046646e-045
  7.12508290e-023 1.18305186e-015 1.84674877e-008 5.16078557e-015
  1.01372937e-041 1.85361335e-028 1.00000000e+000 6.87210715e-085
  1.49793312e-026 1.87676608e-097 1.12235858e-052 2.49352923e-024
  1.00000000e+000]
 [5.51228289e-041 1.04937340e-072 3.50830127e-070 8.54284454e-085
  1.51480032e-060 1.63629481e-061 7.11142484e-029 2.29172615e-029
  1.97773008e-071 1.23896162e-105 2.84885333e-059 2.76734447e-048
  1.92619592e-076 4.31335422e-067 6.87210715e-085 1.00000000e+000
  1.10863524e-074 6.93375489e-034 8.36358397e-116 1.32516996e-041
  1.00000000e+000]
 [9.33680995e-038 9.48433465e-017 8.03432108e-031 8.45126886e-037
  2.36761751e-030 5.85101692e-038 1.72436605e-032 2.96511690e-044
  3.76219613e-011 6.48160950e-056 9.20130018e-029 2.33736474e-020
  1.92969431e-025 1.22745053e-030 1.49793312e-026 1.10863524e-074
  1.00000000e+000 2.06145993e-066 8.89159951e-021 7.80606973e-031
  1.00000000e+000]
 [1.27398887e-022 6.30841925e-088 1.13045854e-048 2.69850263e-053
  2.28110031e-036 2.38144384e-066 2.17664020e-038 1.53108574e-040
  1.90068520e-078 5.03917252e-102 5.06864087e-060 1.04505430e-079
  2.80557658e-038 4.56717795e-071 1.87676608e-097 6.93375489e-034
  2.06145993e-066 1.00000000e+000 5.71716504e-069 7.42176167e-071
  1.00000000e+000]
 [1.65182808e-040 3.96171926e-043 1.32423228e-052 7.47278726e-037
  3.19157529e-045 9.84380484e-052 2.26720989e-054 1.89445902e-067
  3.19596797e-041 4.77871276e-076 3.52323156e-045 3.05427972e-060
  1.04925468e-011 8.43107881e-054 1.12235858e-052 8.36358397e-116
  8.89159951e-021 5.71716504e-069 1.00000000e+000 1.03458643e-081
  1.00000000e+000]
 [9.65247959e-064 3.77653777e-018 7.52503510e-022 1.71820398e-061
  2.49554992e-041 7.43019786e-031 2.40051421e-016 2.08342532e-045
  9.42083214e-030 1.75002409e-045 8.03164959e-023 1.35480571e-014
  4.35105292e-055 1.00111247e-017 2.49352923e-024 1.32516996e-041
  7.80606973e-031 7.42176167e-071 1.03458643e-081 1.00000000e+000
  1.00000000e+000]
 [1.00000000e+000 1.00000000e+000 1.00000000e+000 1.00000000e+000
  1.00000000e+000 1.00000000e+000 1.00000000e+000 1.00000000e+000
  1.00000000e+000 1.00000000e+000 1.00000000e+000 1.00000000e+000
  1.00000000e+000 1.00000000e+000 1.00000000e+000 1.00000000e+000
  1.00000000e+000 1.00000000e+000 1.00000000e+000 1.00000000e+000
  0.00000000e+000]]
