[[1.00000000e+00 1.62322638e-43 1.10445275e-71 1.21006500e-77
  5.21483797e-36 1.12285355e-28 6.18588145e-27 3.03987336e-54
  9.16434544e-21 8.23656981e-79 3.97397115e-59 1.62083529e-62
  1.77861763e-85 1.09134856e-33 1.37099754e-56 4.28988219e-88
  3.45548924e-41 2.85449456e-49 1.31609037e-63 3.80268780e-41
  1.00000000e+00]
 [1.62322638e-43 1.00000000e+00 3.39244457e-33 1.41234595e-25
  6.66124176e-36 5.03037696e-24 2.17217327e-19 2.03854507e-43
  2.88277707e-23 2.01052716e-22 2.08694012e-31 1.63816109e-24
  1.63679028e-33 3.52570255e-38 1.50035844e-17 1.14016548e-49
  1.50596141e-31 3.94557943e-26 4.96852551e-33 2.77168641e-10
  1.00000000e+00]
 [1.10445275e-71 3.39244457e-33 1.00000000e+00 1.06025468e-17
  2.14275528e-57 9.24319676e-32 1.23737472e-61 2.98717632e-31
  2.81342502e-20 9.76245633e-41 5.91925460e-08 7.15426985e-40
  3.43779043e-03 2.28786877e-43 3.58217319e-28 5.74070970e-24
  2.74554048e-26 4.17716844e-40 4.64177526e-69 1.40802498e-17
  1.00000000e+00]
 [1.21006500e-77 1.41234595e-25 1.06025468e-17 1.00000000e+00
  1.70501806e-58 2.22970578e-57 1.19155720e-51 5.52024457e-66
  5.98829690e-41 1.87253942e-55 3.20166955e-25 2.60236246e-32
  1.78686036e-18 4.29508834e-77 1.56299436e-32 2.39292004e-47
  5.54777392e-42 4.75180338e-64 1.16920035e-56 5.76560094e-09
  1.00000000e+00]
 [5.21483797e-36 6.66124176e-36 2.14275528e-57 1.70501806e-58
  1.00000000e+00 2.48793653e-34 1.18462011e-58 9.68537015e-54
  1.20705435e-27 3.41904572e-87 1.37729542e-29 7.34419269e-18
  5.44808769e-60 4.19515551e-30 6.81132071e-32 1.06167623e-70
  4.92110339e-57 1.93212501e-19 4.97369506e-10 1.09323107e-28
  1.00000000e+00]
 [1.12285355e-28 5.03037696e-24 9.24319676e-32 2.22970578e-57
  2.48793653e-34 1.00000000e+00 2.80897137e-28 8.54915535e-30
  9.21603859e-08 2.10327243e-25 2.78844122e-22 6.49080493e-41
  7.48770831e-35 8.53420284e-07 3.04376224e-20 5.83114154e-40
  8.53971346e-35 2.25935989e-12 7.07180410e-52 9.73032285e-27
  1.00000000e+00]
 [6.18588145e-27 2.17217327e-19 1.23737472e-61 1.19155720e-51
  1.18462011e-58 2.80897137e-28 1.00000000e+00 8.20310395e-71
  5.86690876e-34 2.95813645e-34 5.42963320e-60 4.85588972e-62
  1.44414522e-64 5.12042427e-46 5.17245914e-42 4.27921749e-86
  8.94378788e-56 2.02386574e-54 1.08984185e-69 2.11474038e-27
  1.00000000e+00]
 [3.03987336e-54 2.03854507e-43 2.98717632e-31 5.52024457e-66
  9.68537015e-54 8.54915535e-30 8.20310395e-71 1.00000000e+00
  1.45982321e-18 4.64337719e-60 1.00745582e-32 4.62481343e-69
  6.51075018e-38 1.92920764e-22 3.94582464e-61 4.16181818e-65
  3.35389627e-23 1.15738231e-29 3.57694937e-80 1.85346262e-47
  1.00000000e+00]
 [9.16434544e-21 2.88277707e-23 2.81342502e-20 5.98829690e-41
  1.20705435e-27 9.21603859e-08 5.86690876e-34 1.45982321e-18
  1.00000000e+00 1.13415669e-39 3.14788909e-15 9.94952170e-34
  1.66562269e-28 2.69738271e-13 2.35920706e-23 1.77851611e-33
  8.31196487e-15 2.76834592e-18 1.06532961e-47 6.14376745e-18
  1.00000000e+00]
 [8.23656981e-79 2.01052716e-22 9.76245633e-41 1.87253942e-55
  3.41904572e-87 2.10327243e-25 2.95813645e-34 4.64337719e-60
  1.13415669e-39 1.00000000e+00 1.54010626e-48 4.64317962e-62
  1.81438959e-38 9.63286391e-48 5.63769626e-28 2.86807229e-44
  1.85370636e-51 6.40482997e-42 1.73817670e-85 1.73098266e-38
  1.00000000e+00]
 [3.97397115e-59 2.08694012e-31 5.91925460e-08 3.20166955e-25
  1.37729542e-29 2.78844122e-22 5.42963320e-60 1.00745582e-32
  3.14788909e-15 1.54010626e-48 1.00000000e+00 7.68844170e-23
  1.86030252e-08 2.26382030e-27 7.39218309e-18 1.00956309e-25
  2.50742347e-35 2.58390783e-21 4.07551633e-41 6.76569933e-15
  1.00000000e+00]
 [1.62083529e-62 1.63816109e-24 7.15426985e-40 2.60236246e-32
  7.34419269e-18 6.49080493e-41 4.85588972e-62 4.62481343e-69
  9.94952170e-34 4.64317962e-62 7.68844170e-23 1.00000000e+00
  4.31159475e-41 4.13754281e-53 2.21756606e-10 2.43298485e-34
  5.74568210e-48 1.54045493e-26 2.81369510e-08 3.88813545e-16
  1.00000000e+00]
 [1.77861763e-85 1.63679028e-33 3.43779043e-03 1.78686036e-18
  5.44808769e-60 7.48770831e-35 1.44414522e-64 6.51075018e-38
  1.66562269e-28 1.81438959e-38 1.86030252e-08 4.31159475e-41
  1.00000000e+00 3.24187364e-45 2.47328851e-28 5.39992410e-31
  7.28081055e-41 3.21213974e-39 3.35004602e-68 9.90432704e-20
  1.00000000e+00]
 [1.09134856e-33 3.52570255e-38 2.28786877e-43 4.29508834e-77
  4.19515551e-30 8.53420284e-07 5.12042427e-46 1.92920764e-22
  2.69738271e-13 9.63286391e-48 2.26382030e-27 4.13754281e-53
  3.24187364e-45 1.00000000e+00 5.12417745e-38 8.35016817e-63
  3.31879447e-47 4.48149156e-10 2.05000493e-55 9.53277366e-42
  1.00000000e+00]
 [1.37099754e-56 1.50035844e-17 3.58217319e-28 1.56299436e-32
  6.81132071e-32 3.04376224e-20 5.17245914e-42 3.94582464e-61
  2.35920706e-23 5.63769626e-28 7.39218309e-18 2.21756606e-10
  2.47328851e-28 5.12417745e-38 1.00000000e+00 6.22036551e-19
  6.33511084e-42 2.61515887e-20 2.58621370e-26 7.95427963e-14
  1.00000000e+00]
 [4.28988219e-88 1.14016548e-49 5.74070970e-24 2.39292004e-47
  1.06167623e-70 5.83114154e-40 4.27921749e-86 4.16181818e-65
  1.77851611e-33 2.86807229e-44 1.00956309e-25 2.43298485e-34
  5.39992410e-31 8.35016817e-63 6.22036551e-19 1.00000000e+00
  1.85029494e-34 7.62958821e-46 4.30286424e-69 7.75318621e-37
  1.00000000e+00]
 [3.45548924e-41 1.50596141e-31 2.74554048e-26 5.54777392e-42
  4.92110339e-57 8.53971346e-35 8.94378788e-56 3.35389627e-23
  8.31196487e-15 1.85370636e-51 2.50742347e-35 5.74568210e-48
  7.28081055e-41 3.31879447e-47 6.33511084e-42 1.85029494e-34
  1.00000000e+00 2.11761030e-45 8.05985345e-71 1.88777740e-29
  1.00000000e+00]
 [2.85449456e-49 3.94557943e-26 4.17716844e-40 4.75180338e-64
  1.93212501e-19 2.25935989e-12 2.02386574e-54 1.15738231e-29
  2.76834592e-18 6.40482997e-42 2.58390783e-21 1.54045493e-26
  3.21213974e-39 4.48149156e-10 2.61515887e-20 7.62958821e-46
  2.11761030e-45 1.00000000e+00 1.35504523e-27 9.60263570e-33
  1.00000000e+00]
 [1.31609037e-63 4.96852551e-33 4.64177526e-69 1.16920035e-56
  4.97369506e-10 7.07180410e-52 1.08984185e-69 3.57694937e-80
  1.06532961e-47 1.73817670e-85 4.07551633e-41 2.81369510e-08
  3.35004602e-68 2.05000493e-55 2.58621370e-26 4.30286424e-69
  8.05985345e-71 1.35504523e-27 1.00000000e+00 2.68143098e-31
  1.00000000e+00]
 [3.80268780e-41 2.77168641e-10 1.40802498e-17 5.76560094e-09
  1.09323107e-28 9.73032285e-27 2.11474038e-27 1.85346262e-47
  6.14376745e-18 1.73098266e-38 6.76569933e-15 3.88813545e-16
  9.90432704e-20 9.53277366e-42 7.95427963e-14 7.75318621e-37
  1.88777740e-29 9.60263570e-33 2.68143098e-31 1.00000000e+00
  1.00000000e+00]
 [1.00000000e+00 1.00000000e+00 1.00000000e+00 1.00000000e+00
  1.00000000e+00 1.00000000e+00 1.00000000e+00 1.00000000e+00
  1.00000000e+00 1.00000000e+00 1.00000000e+00 1.00000000e+00
  1.00000000e+00 1.00000000e+00 1.00000000e+00 1.00000000e+00
  1.00000000e+00 1.00000000e+00 1.00000000e+00 1.00000000e+00
  0.00000000e+00]]
