[[1.00000000e+00 1.73276924e-38 4.25085303e-36 ... 7.76818270e-54
  1.36027078e-43 1.00000000e+00]
 [1.73276924e-38 1.00000000e+00 2.31832537e-20 ... 6.12007637e-20
  1.19752841e-68 1.00000000e+00]
 [4.25085303e-36 2.31832537e-20 1.00000000e+00 ... 4.19066544e-44
  1.39189386e-62 1.00000000e+00]
 ...
 [7.76818270e-54 6.12007637e-20 4.19066544e-44 ... 1.00000000e+00
  8.25201277e-42 1.00000000e+00]
 [1.36027078e-43 1.19752841e-68 1.39189386e-62 ... 8.25201277e-42
  1.00000000e+00 1.00000000e+00]
 [1.00000000e+00 1.00000000e+00 1.00000000e+00 ... 1.00000000e+00
  1.00000000e+00 0.00000000e+00]]
