[[1.00000000e+00 4.10247340e-55 6.29634661e-79 1.29458276e-52
  1.59448282e-37 7.49074746e-58 1.24856078e-35 4.05551830e-83
  1.04511274e-66 1.13032173e-46 2.92091309e-44 1.46076252e-38
  1.07071081e-19 2.01164246e-77 1.60780731e-22 2.79898944e-34
  1.84559125e-22 6.40049478e-63 1.51661365e-53 2.62601328e-57
  1.00000000e+00]
 [4.10247340e-55 1.00000000e+00 2.99280518e-32 4.32139719e-48
  4.94966618e-25 8.92574195e-17 1.07576471e-37 6.69799288e-06
  5.33137494e-61 1.56472715e-31 6.70963269e-33 4.48439229e-39
  3.38415629e-33 7.34505112e-40 1.31452866e-60 7.00490640e-30
  4.06385842e-36 2.59962014e-25 1.53647338e-40 5.47665749e-34
  1.00000000e+00]
 [6.29634661e-79 2.99280518e-32 1.00000000e+00 4.09262036e-79
  8.60872654e-43 2.59274262e-54 9.57714745e-74 1.23188499e-26
  3.37099001e-14 1.00984052e-22 6.45120515e-74 1.68010434e-45
  8.41222197e-62 1.30025530e-24 3.69941988e-49 2.17641983e-61
  7.13699684e-36 6.07552690e-19 1.37756958e-50 2.35044717e-27
  1.00000000e+00]
 [1.29458276e-52 4.32139719e-48 4.09262036e-79 1.00000000e+00
  9.69541631e-82 3.17807589e-38 2.15191672e-44 6.77678931e-66
  3.13152161e-94 4.17398399e-72 1.12485784e-40 9.33908744e-35
  1.95439495e-12 2.32245659e-34 3.59277125e-60 1.05244218e-09
  5.44932861e-31 1.34227646e-47 4.79754204e-84 1.89223287e-34
  1.00000000e+00]
 [1.59448282e-37 4.94966618e-25 8.60872654e-43 9.69541631e-82
  1.00000000e+00 1.08660841e-49 4.37886436e-46 6.81447803e-43
  1.35272362e-62 1.69023150e-29 3.39476616e-56 4.91785579e-46
  5.13924050e-43 3.68640311e-55 4.67972218e-51 3.05438597e-51
  4.74884039e-45 2.51235567e-29 6.99225510e-33 1.66335173e-68
  1.00000000e+00]
 [7.49074746e-58 8.92574195e-17 2.59274262e-54 3.17807589e-38
  1.08660841e-49 1.00000000e+00 1.64069975e-20 4.42828821e-28
  2.79589881e-71 2.83437739e-27 3.77507914e-12 3.14680950e-25
  2.74277731e-35 1.42336900e-50 2.05022147e-74 1.79373459e-15
  6.09991312e-44 8.60856740e-43 1.55396169e-56 2.96399256e-39
  1.00000000e+00]
 [1.24856078e-35 1.07576471e-37 9.57714745e-74 2.15191672e-44
  4.37886436e-46 1.64069975e-20 1.00000000e+00 6.99659563e-63
  1.22160405e-82 7.56783404e-40 3.69063355e-37 1.91181922e-44
  1.33617119e-37 2.26159720e-58 1.75427457e-78 1.47039507e-15
  7.83660757e-31 1.46717253e-41 6.27243268e-26 2.02292002e-42
  1.00000000e+00]
 [4.05551830e-83 6.69799288e-06 1.23188499e-26 6.77678931e-66
  6.81447803e-43 4.42828821e-28 6.99659563e-63 1.00000000e+00
  4.05894170e-58 6.07076589e-40 5.74018467e-49 1.67489388e-53
  2.24911557e-53 9.45836041e-46 7.43315034e-73 4.63494793e-50
  2.63861816e-49 7.38989056e-34 1.16365190e-57 9.02020095e-36
  1.00000000e+00]
 [1.04511274e-66 5.33137494e-61 3.37099001e-14 3.13152161e-94
  1.35272362e-62 2.79589881e-71 1.22160405e-82 4.05894170e-58
  1.00000000e+00 1.89867089e-21 1.75820276e-76 1.25770572e-43
  5.86381781e-69 4.91365269e-50 4.72912595e-32 3.90118174e-73
  2.55296574e-35 1.27473865e-46 1.67425245e-69 7.63604974e-35
  1.00000000e+00]
 [1.13032173e-46 1.56472715e-31 1.00984052e-22 4.17398399e-72
  1.69023150e-29 2.83437739e-27 7.56783404e-40 6.07076589e-40
  1.89867089e-21 1.00000000e+00 8.36412389e-31 3.10696806e-17
  6.03365450e-47 7.28079870e-46 2.52410998e-40 7.97514961e-40
  1.44920297e-37 2.19435697e-34 5.58064586e-50 2.68156455e-43
  1.00000000e+00]
 [2.92091309e-44 6.70963269e-33 6.45120515e-74 1.12485784e-40
  3.39476616e-56 3.77507914e-12 3.69063355e-37 5.74018467e-49
  1.75820276e-76 8.36412389e-31 1.00000000e+00 1.45774878e-13
  3.64741115e-27 1.19893808e-72 6.91630400e-54 2.60044666e-21
  4.71785462e-53 2.33968777e-69 1.38085706e-90 9.35333258e-61
  1.00000000e+00]
 [1.46076252e-38 4.48439229e-39 1.68010434e-45 9.33908744e-35
  4.91785579e-46 3.14680950e-25 1.91181922e-44 1.67489388e-53
  1.25770572e-43 3.10696806e-17 1.45774878e-13 1.00000000e+00
  2.83660542e-20 9.79022637e-41 9.59726899e-30 1.43601853e-20
  3.94090768e-37 6.34415994e-45 4.75857522e-82 3.93709722e-47
  1.00000000e+00]
 [1.07071081e-19 3.38415629e-33 8.41222197e-62 1.95439495e-12
  5.13924050e-43 2.74277731e-35 1.33617119e-37 2.24911557e-53
  5.86381781e-69 6.03365450e-47 3.64741115e-27 2.83660542e-20
  1.00000000e+00 6.63923624e-39 2.92170521e-26 2.06166112e-11
  2.14104003e-19 1.42246978e-40 1.31657992e-65 4.41765587e-37
  1.00000000e+00]
 [2.01164246e-77 7.34505112e-40 1.30025530e-24 2.32245659e-34
  3.68640311e-55 1.42336900e-50 2.26159720e-58 9.45836041e-46
  4.91365269e-50 7.28079870e-46 1.19893808e-72 9.79022637e-41
  6.63923624e-39 1.00000000e+00 4.98535592e-63 1.40538170e-32
  1.35341320e-30 5.74337776e-08 1.77368787e-53 9.11214576e-25
  1.00000000e+00]
 [1.60780731e-22 1.31452866e-60 3.69941988e-49 3.59277125e-60
  4.67972218e-51 2.05022147e-74 1.75427457e-78 7.43315034e-73
  4.72912595e-32 2.52410998e-40 6.91630400e-54 9.59726899e-30
  2.92170521e-26 4.98535592e-63 1.00000000e+00 2.09604512e-53
  3.08084697e-26 1.59068848e-62 1.04459243e-86 7.94891035e-50
  1.00000000e+00]
 [2.79898944e-34 7.00490640e-30 2.17641983e-61 1.05244218e-09
  3.05438597e-51 1.79373459e-15 1.47039507e-15 4.63494793e-50
  3.90118174e-73 7.97514961e-40 2.60044666e-21 1.43601853e-20
  2.06166112e-11 1.40538170e-32 2.09604512e-53 1.00000000e+00
  2.69616854e-22 2.45227165e-33 1.63267345e-51 4.30095835e-29
  1.00000000e+00]
 [1.84559125e-22 4.06385842e-36 7.13699684e-36 5.44932861e-31
  4.74884039e-45 6.09991312e-44 7.83660757e-31 2.63861816e-49
  2.55296574e-35 1.44920297e-37 4.71785462e-53 3.94090768e-37
  2.14104003e-19 1.35341320e-30 3.08084697e-26 2.69616854e-22
  1.00000000e+00 5.34469679e-26 1.52080280e-31 1.13198073e-10
  1.00000000e+00]
 [6.40049478e-63 2.59962014e-25 6.07552690e-19 1.34227646e-47
  2.51235567e-29 8.60856740e-43 1.46717253e-41 7.38989056e-34
  1.27473865e-46 2.19435697e-34 2.33968777e-69 6.34415994e-45
  1.42246978e-40 5.74337776e-08 1.59068848e-62 2.45227165e-33
  5.34469679e-26 1.00000000e+00 4.01696285e-25 4.26591757e-26
  1.00000000e+00]
 [1.51661365e-53 1.53647338e-40 1.37756958e-50 4.79754204e-84
  6.99225510e-33 1.55396169e-56 6.27243268e-26 1.16365190e-57
  1.67425245e-69 5.58064586e-50 1.38085706e-90 4.75857522e-82
  1.31657992e-65 1.77368787e-53 1.04459243e-86 1.63267345e-51
  1.52080280e-31 4.01696285e-25 1.00000000e+00 2.89233745e-42
  1.00000000e+00]
 [2.62601328e-57 5.47665749e-34 2.35044717e-27 1.89223287e-34
  1.66335173e-68 2.96399256e-39 2.02292002e-42 9.02020095e-36
  7.63604974e-35 2.68156455e-43 9.35333258e-61 3.93709722e-47
  4.41765587e-37 9.11214576e-25 7.94891035e-50 4.30095835e-29
  1.13198073e-10 4.26591757e-26 2.89233745e-42 1.00000000e+00
  1.00000000e+00]
 [1.00000000e+00 1.00000000e+00 1.00000000e+00 1.00000000e+00
  1.00000000e+00 1.00000000e+00 1.00000000e+00 1.00000000e+00
  1.00000000e+00 1.00000000e+00 1.00000000e+00 1.00000000e+00
  1.00000000e+00 1.00000000e+00 1.00000000e+00 1.00000000e+00
  1.00000000e+00 1.00000000e+00 1.00000000e+00 1.00000000e+00
  0.00000000e+00]]
