[[1.00000000e+000 8.03487840e-047 2.05472604e-047 6.47928346e-023
  3.35470215e-089 2.17326692e-049 5.38367451e-036 2.91296233e-022
  1.76593744e-054 5.93310243e-059 2.12653283e-085 4.68176506e-100
  1.51402514e-043 3.69455062e-013 5.51964328e-051 4.52275756e-048
  4.84939612e-113 4.87090674e-055 3.74458727e-042 1.24109843e-068
  1.00000000e+000]
 [8.03487840e-047 1.00000000e+000 7.88881980e-061 1.99920547e-039
  2.30528082e-031 1.21558369e-060 5.92184929e-064 2.69863889e-027
  1.54648573e-069 2.04553244e-099 5.59252377e-056 2.68886641e-070
  2.10718287e-030 5.49870291e-039 2.04415684e-030 1.40969591e-040
  2.12601746e-066 1.36143077e-009 1.76164300e-052 6.07948600e-024
  1.00000000e+000]
 [2.05472604e-047 7.88881980e-061 1.00000000e+000 1.89742119e-021
  4.43137744e-048 8.55056626e-012 7.94662606e-027 2.77072458e-043
  4.14032819e-021 5.94383480e-041 1.05217490e-067 1.30704807e-026
  1.66997572e-024 3.95504797e-044 6.74386510e-032 6.52304088e-079
  2.87317403e-040 1.26987007e-037 1.32556229e-017 2.62518338e-060
  1.00000000e+000]
 [6.47928346e-023 1.99920547e-039 1.89742119e-021 1.00000000e+000
  1.38562539e-067 8.61384508e-029 1.77942515e-017 3.22589014e-024
  1.76275366e-046 7.60234605e-030 2.81691406e-056 3.16620930e-051
  2.68257832e-023 2.48274747e-036 2.17994281e-024 2.20185012e-053
  4.52555705e-072 1.03107881e-032 7.83008779e-019 4.75528866e-057
  1.00000000e+000]
 [3.35470215e-089 2.30528082e-031 4.43137744e-048 1.38562539e-067
  1.00000000e+000 3.51438191e-047 1.49073312e-062 6.09879375e-059
  1.12211577e-040 1.77377122e-105 8.94401903e-036 8.36322815e-034
  2.91963751e-046 1.01366626e-052 1.16369984e-027 2.94809314e-047
  1.09536793e-015 3.38579334e-011 3.59796484e-053 7.76657297e-041
  1.00000000e+000]
 [2.17326692e-049 1.21558369e-060 8.55056626e-012 8.61384508e-029
  3.51438191e-047 1.00000000e+000 4.32888370e-032 3.60825914e-028
  4.92951524e-041 4.71363612e-023 8.58299532e-050 3.08768248e-023
  2.82942258e-015 2.03836574e-035 9.59837106e-033 1.57214326e-074
  2.38093079e-054 6.91608160e-037 1.71085531e-007 1.28069930e-048
  1.00000000e+000]
 [5.38367451e-036 5.92184929e-064 7.94662606e-027 1.77942515e-017
  1.49073312e-062 4.32888370e-032 1.00000000e+000 1.15573718e-036
  2.34742467e-025 1.59576984e-035 4.78687969e-034 1.40240727e-038
  2.96951539e-042 1.73676314e-031 3.33037644e-015 6.33617722e-032
  9.44029047e-052 2.53413593e-043 3.43639748e-033 7.41917334e-070
  1.00000000e+000]
 [2.91296233e-022 2.69863889e-027 2.77072458e-043 3.22589014e-024
  6.09879375e-059 3.60825914e-028 1.15573718e-036 1.00000000e+000
  2.35943951e-063 2.40682678e-047 4.34841298e-051 2.11106588e-055
  7.05464347e-011 2.29152393e-016 1.58549175e-026 4.89702798e-043
  1.03211147e-087 7.42100884e-031 4.41172454e-030 2.70980445e-020
  1.00000000e+000]
 [1.76593744e-054 1.54648573e-069 4.14032819e-021 1.76275366e-046
  1.12211577e-040 4.92951524e-041 2.34742467e-025 2.35943951e-063
  1.00000000e+000 9.82042833e-086 5.01970943e-064 4.85678691e-042
  1.38308690e-057 9.32463066e-038 4.19427033e-031 1.43720661e-050
  6.04669144e-026 3.57717778e-045 6.52021031e-054 6.59491924e-075
  1.00000000e+000]
 [5.93310243e-059 2.04553244e-099 5.94383480e-041 7.60234605e-030
  1.77377122e-105 4.71363612e-023 1.59576984e-035 2.40682678e-047
  9.82042833e-086 1.00000000e+000 1.36861029e-060 4.05026637e-059
  1.64072007e-044 4.31074396e-062 2.74761633e-057 1.02072333e-093
  1.06940214e-109 5.94650301e-074 1.56236443e-014 1.40673767e-100
  1.00000000e+000]
 [2.12653283e-085 5.59252377e-056 1.05217490e-067 2.81691406e-056
  8.94401903e-036 8.58299532e-050 4.78687969e-034 4.34841298e-051
  5.01970943e-064 1.36861029e-060 1.00000000e+000 1.10762692e-036
  3.03140166e-056 1.33003497e-052 2.78632472e-018 1.38967494e-024
  1.10967031e-044 9.53576197e-030 4.99685023e-048 1.07490970e-062
  1.00000000e+000]
 [4.68176506e-100 2.68886641e-070 1.30704807e-026 3.16620930e-051
  8.36322815e-034 3.08768248e-023 1.40240727e-038 2.11106588e-055
  4.85678691e-042 4.05026637e-059 1.10762692e-036 1.00000000e+000
  1.92691272e-030 5.39418346e-071 1.03208536e-020 1.11249211e-075
  9.02847341e-022 1.16927997e-035 1.07043975e-038 8.62635360e-046
  1.00000000e+000]
 [1.51402514e-043 2.10718287e-030 1.66997572e-024 2.68257832e-023
  2.91963751e-046 2.82942258e-015 2.96951539e-042 7.05464347e-011
  1.38308690e-057 1.64072007e-044 3.03140166e-056 1.92691272e-030
  1.00000000e+000 4.71355356e-036 5.37445051e-025 2.80671217e-068
  9.74116378e-065 1.57393204e-024 9.94635815e-021 8.48210785e-016
  1.00000000e+000]
 [3.69455062e-013 5.49870291e-039 3.95504797e-044 2.48274747e-036
  1.01366626e-052 2.03836574e-035 1.73676314e-031 2.29152393e-016
  9.32463066e-038 4.31074396e-062 1.33003497e-052 5.39418346e-071
  4.71355356e-036 1.00000000e+000 5.07572213e-034 1.04315654e-026
  2.47349814e-078 9.95934374e-038 1.10914314e-038 1.79420650e-046
  1.00000000e+000]
 [5.51964328e-051 2.04415684e-030 6.74386510e-032 2.17994281e-024
  1.16369984e-027 9.59837106e-033 3.33037644e-015 1.58549175e-026
  4.19427033e-031 2.74761633e-057 2.78632472e-018 1.03208536e-020
  5.37445051e-025 5.07572213e-034 1.00000000e+000 6.09533479e-023
  1.67777735e-028 6.80337946e-015 9.10273702e-037 2.61164795e-030
  1.00000000e+000]
 [4.52275756e-048 1.40969591e-040 6.52304088e-079 2.20185012e-053
  2.94809314e-047 1.57214326e-074 6.33617722e-032 4.89702798e-043
  1.43720661e-050 1.02072333e-093 1.38967494e-024 1.11249211e-075
  2.80671217e-068 1.04315654e-026 6.09533479e-023 1.00000000e+000
  9.23266348e-064 1.16722808e-034 1.06174742e-071 2.02462743e-062
  1.00000000e+000]
 [4.84939612e-113 2.12601746e-066 2.87317403e-040 4.52555705e-072
  1.09536793e-015 2.38093079e-054 9.44029047e-052 1.03211147e-087
  6.04669144e-026 1.06940214e-109 1.10967031e-044 9.02847341e-022
  9.74116378e-065 2.47349814e-078 1.67777735e-028 9.23266348e-064
  1.00000000e+000 2.22439696e-031 1.45962416e-066 8.08510962e-069
  1.00000000e+000]
 [4.87090674e-055 1.36143077e-009 1.26987007e-037 1.03107881e-032
  3.38579334e-011 6.91608160e-037 2.53413593e-043 7.42100884e-031
  3.57717778e-045 5.94650301e-074 9.53576197e-030 1.16927997e-035
  1.57393204e-024 9.95934374e-038 6.80337946e-015 1.16722808e-034
  2.22439696e-031 1.00000000e+000 9.96761155e-033 5.16355657e-027
  1.00000000e+000]
 [3.74458727e-042 1.76164300e-052 1.32556229e-017 7.83008779e-019
  3.59796484e-053 1.71085531e-007 3.43639748e-033 4.41172454e-030
  6.52021031e-054 1.56236443e-014 4.99685023e-048 1.07043975e-038
  9.94635815e-021 1.10914314e-038 9.10273702e-037 1.06174742e-071
  1.45962416e-066 9.96761155e-033 1.00000000e+000 7.03623333e-062
  1.00000000e+000]
 [1.24109843e-068 6.07948600e-024 2.62518338e-060 4.75528866e-057
  7.76657297e-041 1.28069930e-048 7.41917334e-070 2.70980445e-020
  6.59491924e-075 1.40673767e-100 1.07490970e-062 8.62635360e-046
  8.48210785e-016 1.79420650e-046 2.61164795e-030 2.02462743e-062
  8.08510962e-069 5.16355657e-027 7.03623333e-062 1.00000000e+000
  1.00000000e+000]
 [1.00000000e+000 1.00000000e+000 1.00000000e+000 1.00000000e+000
  1.00000000e+000 1.00000000e+000 1.00000000e+000 1.00000000e+000
  1.00000000e+000 1.00000000e+000 1.00000000e+000 1.00000000e+000
  1.00000000e+000 1.00000000e+000 1.00000000e+000 1.00000000e+000
  1.00000000e+000 1.00000000e+000 1.00000000e+000 1.00000000e+000
  0.00000000e+000]]
