[[1.00000000e+00 5.49652988e-22 2.36707006e-52 ... 5.20015057e-28
  3.21559401e-44 1.00000000e+00]
 [5.49652988e-22 1.00000000e+00 4.76126029e-30 ... 7.96792358e-19
  2.53421281e-60 1.00000000e+00]
 [2.36707006e-52 4.76126029e-30 1.00000000e+00 ... 7.62090710e-49
  6.20553403e-76 1.00000000e+00]
 ...
 [5.20015057e-28 7.96792358e-19 7.62090710e-49 ... 1.00000000e+00
  3.91148600e-30 1.00000000e+00]
 [3.21559401e-44 2.53421281e-60 6.20553403e-76 ... 3.91148600e-30
  1.00000000e+00 1.00000000e+00]
 [1.00000000e+00 1.00000000e+00 1.00000000e+00 ... 1.00000000e+00
  1.00000000e+00 0.00000000e+00]]
