[[1.00000000e+000 1.53982527e-042 3.56727314e-019 6.89216760e-011
  1.13117437e-046 3.37420188e-020 6.01546404e-075 1.51086478e-033
  1.37801156e-044 1.76866464e-040 8.82535787e-076 1.35772179e-015
  2.67358772e-023 4.25032317e-030 1.11104667e-043 1.78849956e-047
  1.06106480e-057 3.14695569e-072 8.07428123e-032 3.72199254e-040
  1.00000000e+000]
 [1.53982527e-042 1.00000000e+000 6.76982301e-082 2.70507360e-048
  3.10663407e-040 4.13190533e-044 1.61763920e-117 1.78888141e-032
  1.52153619e-071 1.37436016e-051 1.46284586e-055 4.06658552e-043
  1.03847786e-035 7.64707993e-041 1.15802257e-065 5.40357446e-043
  6.08180129e-040 4.24515300e-063 3.67422271e-033 4.68652721e-099
  1.00000000e+000]
 [3.56727314e-019 6.76982301e-082 1.00000000e+000 1.61764686e-009
  4.45057939e-055 3.98837948e-024 2.15547772e-041 1.78164920e-043
  6.47326384e-043 2.20248956e-026 4.37708798e-073 1.15297653e-034
  1.02490162e-053 7.64329097e-035 5.20774084e-038 2.70748768e-039
  3.97525227e-051 1.48146339e-058 2.25052387e-066 7.76291742e-018
  1.00000000e+000]
 [6.89216760e-011 2.70507360e-048 1.61764686e-009 1.00000000e+000
  2.81974789e-040 6.81107803e-006 2.40441505e-055 5.03362960e-028
  3.30902252e-047 1.11780791e-031 7.99834029e-068 1.36870663e-015
  1.49029297e-024 1.07753215e-017 9.87939827e-034 2.25449644e-033
  2.84533432e-047 5.12592821e-063 5.13904393e-049 3.53957797e-033
  1.00000000e+000]
 [1.13117437e-046 3.10663407e-040 4.45057939e-055 2.81974789e-040
  1.00000000e+000 7.20267967e-029 2.28170117e-034 1.47858946e-048
  1.45594490e-020 9.33239246e-033 1.01300394e-015 1.18937675e-047
  5.80369491e-034 1.38853593e-036 6.89191788e-046 4.03130991e-015
  3.58668613e-024 6.55769913e-034 4.99006274e-016 9.87662026e-049
  1.00000000e+000]
 [3.37420188e-020 4.13190533e-044 3.98837948e-024 6.81107803e-006
  7.20267967e-029 1.00000000e+000 1.45863747e-055 5.21051185e-034
  8.11219790e-050 5.47695259e-043 1.13264238e-062 6.13636020e-015
  8.84297124e-015 3.52577080e-015 7.96944644e-037 3.38490146e-033
  4.63887322e-051 2.20232342e-070 1.39399047e-042 1.39330980e-045
  1.00000000e+000]
 [6.01546404e-075 1.61763920e-117 2.15547772e-041 2.40441505e-055
  2.28170117e-034 1.45863747e-055 1.00000000e+000 3.94551440e-081
  1.56072443e-031 2.13279005e-035 8.07495377e-040 1.07368502e-080
  7.58228978e-095 1.15582184e-066 1.12564866e-037 6.73366095e-039
  1.31674410e-039 1.83496351e-041 5.54721767e-067 1.13362041e-037
  1.00000000e+000]
 [1.51086478e-033 1.78888141e-032 1.78164920e-043 5.03362960e-028
  1.47858946e-048 5.21051185e-034 3.94551440e-081 1.00000000e+000
  1.10008676e-044 7.00485588e-044 5.64534280e-078 1.87378626e-057
  2.36269106e-039 6.67510979e-061 3.73184503e-049 1.58322401e-034
  1.68331608e-032 3.07978474e-038 7.53416729e-051 3.57266308e-082
  1.00000000e+000]
 [1.37801156e-044 1.52153619e-071 6.47326384e-043 3.30902252e-047
  1.45594490e-020 8.11219790e-050 1.56072443e-031 1.10008676e-044
  1.00000000e+000 7.52762758e-035 7.63804043e-038 1.81712035e-077
  1.17715929e-051 2.39532513e-073 1.78825318e-064 2.91204040e-020
  7.36768207e-032 3.42803425e-022 1.74621399e-026 1.13446090e-037
  1.00000000e+000]
 [1.76866464e-040 1.37436016e-051 2.20248956e-026 1.11780791e-031
  9.33239246e-033 5.47695259e-043 2.13279005e-035 7.00485588e-044
  7.52762758e-035 1.00000000e+000 1.48416476e-021 1.24376609e-050
  7.89045609e-073 3.69623246e-032 3.74653366e-035 7.21519283e-015
  7.67523953e-011 1.88373869e-019 2.25371801e-051 1.87245788e-023
  1.00000000e+000]
 [8.82535787e-076 1.46284586e-055 4.37708798e-073 7.99834029e-068
  1.01300394e-015 1.13264238e-062 8.07495377e-040 5.64534280e-078
  7.63804043e-038 1.48416476e-021 1.00000000e+000 7.14953362e-074
  4.80717847e-081 7.72783659e-047 1.59250113e-058 9.62473005e-019
  1.87282617e-017 1.05811345e-027 8.70509954e-040 2.48297439e-048
  1.00000000e+000]
 [1.35772179e-015 4.06658552e-043 1.15297653e-034 1.36870663e-015
  1.18937675e-047 6.13636020e-015 1.07368502e-080 1.87378626e-057
  1.81712035e-077 1.24376609e-050 7.14953362e-074 1.00000000e+000
  5.59840321e-029 3.52298242e-010 1.26507797e-033 1.86817997e-061
  1.44023210e-068 1.18853650e-100 1.68403583e-043 1.83893150e-055
  1.00000000e+000]
 [2.67358772e-023 1.03847786e-035 1.02490162e-053 1.49029297e-024
  5.80369491e-034 8.84297124e-015 7.58228978e-095 2.36269106e-039
  1.17715929e-051 7.89045609e-073 4.80717847e-081 5.59840321e-029
  1.00000000e+000 1.35473624e-038 6.01978581e-074 5.35318943e-047
  1.09739567e-073 8.53386017e-089 7.12960574e-029 1.47244562e-072
  1.00000000e+000]
 [4.25032317e-030 7.64707993e-041 7.64329097e-035 1.07753215e-017
  1.38853593e-036 3.52577080e-015 1.15582184e-066 6.67510979e-061
  2.39532513e-073 3.69623246e-032 7.72783659e-047 3.52298242e-010
  1.35473624e-038 1.00000000e+000 1.86932637e-037 3.09920790e-039
  2.04574538e-049 1.48899987e-079 5.12481865e-052 3.62455573e-041
  1.00000000e+000]
 [1.11104667e-043 1.15802257e-065 5.20774084e-038 9.87939827e-034
  6.89191788e-046 7.96944644e-037 1.12564866e-037 3.73184503e-049
  1.78825318e-064 3.74653366e-035 1.59250113e-058 1.26507797e-033
  6.01978581e-074 1.86932637e-037 1.00000000e+000 2.31116454e-057
  1.94302914e-036 2.94697532e-061 3.46177171e-056 1.05194461e-067
  1.00000000e+000]
 [1.78849956e-047 5.40357446e-043 2.70748768e-039 2.25449644e-033
  4.03130991e-015 3.38490146e-033 6.73366095e-039 1.58322401e-034
  2.91204040e-020 7.21519283e-015 9.62473005e-019 1.86817997e-061
  5.35318943e-047 3.09920790e-039 2.31116454e-057 1.00000000e+000
  7.11637924e-013 2.08220023e-014 2.37091231e-040 4.58464550e-033
  1.00000000e+000]
 [1.06106480e-057 6.08180129e-040 3.97525227e-051 2.84533432e-047
  3.58668613e-024 4.63887322e-051 1.31674410e-039 1.68331608e-032
  7.36768207e-032 7.67523953e-011 1.87282617e-017 1.44023210e-068
  1.09739567e-073 2.04574538e-049 1.94302914e-036 7.11637924e-013
  1.00000000e+000 1.64125008e-007 1.78533469e-044 8.49708187e-055
  1.00000000e+000]
 [3.14695569e-072 4.24515300e-063 1.48146339e-058 5.12592821e-063
  6.55769913e-034 2.20232342e-070 1.83496351e-041 3.07978474e-038
  3.42803425e-022 1.88373869e-019 1.05811345e-027 1.18853650e-100
  8.53386017e-089 1.48899987e-079 2.94697532e-061 2.08220023e-014
  1.64125008e-007 1.00000000e+000 2.02715679e-055 4.67133242e-057
  1.00000000e+000]
 [8.07428123e-032 3.67422271e-033 2.25052387e-066 5.13904393e-049
  4.99006274e-016 1.39399047e-042 5.54721767e-067 7.53416729e-051
  1.74621399e-026 2.25371801e-051 8.70509954e-040 1.68403583e-043
  7.12960574e-029 5.12481865e-052 3.46177171e-056 2.37091231e-040
  1.78533469e-044 2.02715679e-055 1.00000000e+000 1.55662796e-066
  1.00000000e+000]
 [3.72199254e-040 4.68652721e-099 7.76291742e-018 3.53957797e-033
  9.87662026e-049 1.39330980e-045 1.13362041e-037 3.57266308e-082
  1.13446090e-037 1.87245788e-023 2.48297439e-048 1.83893150e-055
  1.47244562e-072 3.62455573e-041 1.05194461e-067 4.58464550e-033
  8.49708187e-055 4.67133242e-057 1.55662796e-066 1.00000000e+000
  1.00000000e+000]
 [1.00000000e+000 1.00000000e+000 1.00000000e+000 1.00000000e+000
  1.00000000e+000 1.00000000e+000 1.00000000e+000 1.00000000e+000
  1.00000000e+000 1.00000000e+000 1.00000000e+000 1.00000000e+000
  1.00000000e+000 1.00000000e+000 1.00000000e+000 1.00000000e+000
  1.00000000e+000 1.00000000e+000 1.00000000e+000 1.00000000e+000
  0.00000000e+000]]
