[[1.00000000e+000 7.80527117e-022 2.10954231e-056 4.15952320e-031
  1.51245470e-070 2.46759149e-044 8.43112262e-072 2.97297795e-029
  1.41749031e-011 2.18068651e-079 2.13449786e-066 1.49016012e-013
  1.94646184e-003 3.91991954e-041 5.28380837e-048 2.51911852e-070
  1.46765480e-093 7.36307181e-018 2.06798273e-026 2.50074446e-052
  1.00000000e+000]
 [7.80527117e-022 1.00000000e+000 1.57861498e-056 2.04954633e-051
  4.30802440e-061 3.03270059e-042 7.21961597e-046 2.03335633e-044
  3.45718760e-032 1.63083231e-055 6.35838643e-063 3.19801138e-031
  1.07347316e-022 3.39810533e-034 1.17326950e-060 1.96576866e-093
  5.45112342e-069 3.87613375e-052 4.89380302e-052 1.13746862e-041
  1.00000000e+000]
 [2.10954231e-056 1.57861498e-056 1.00000000e+000 4.49612256e-061
  7.70695201e-018 1.90384225e-029 1.37389955e-023 1.17552142e-023
  6.87379110e-034 1.35188258e-024 2.02837633e-018 3.72186197e-032
  7.32079340e-043 2.21978792e-025 7.59712960e-029 8.70599026e-040
  5.10186515e-019 9.82840592e-061 1.25671380e-036 5.98466061e-030
  1.00000000e+000]
 [4.15952320e-031 2.04954633e-051 4.49612256e-061 1.00000000e+000
  1.95841790e-041 2.45664613e-024 9.59271692e-117 2.01454310e-059
  5.23102845e-025 1.25172644e-123 9.69603640e-047 1.79076420e-020
  3.55082429e-022 5.31862301e-084 5.68718260e-068 1.80288870e-038
  5.33722335e-080 2.03741856e-022 7.39385168e-053 3.08823326e-076
  1.00000000e+000]
 [1.51245470e-070 4.30802440e-061 7.70695201e-018 1.95841790e-041
  1.00000000e+000 3.67242679e-024 7.98197415e-057 3.35472150e-042
  2.54010565e-050 3.15242694e-055 1.24728569e-003 3.54275421e-035
  5.76372313e-056 6.44374844e-060 1.06905434e-038 6.55851653e-048
  8.18486676e-024 3.13453171e-072 3.16350966e-063 1.20021648e-039
  1.00000000e+000]
 [2.46759149e-044 3.03270059e-042 1.90384225e-029 2.45664613e-024
  3.67242679e-024 1.00000000e+000 8.63558436e-069 4.75966012e-052
  9.42488749e-020 1.17768812e-081 7.11227597e-032 1.06201825e-037
  9.95977695e-032 3.45887600e-039 1.84265324e-063 6.50371639e-032
  2.48420132e-052 5.63561974e-033 6.61400855e-050 2.82079019e-063
  1.00000000e+000]
 [8.43112262e-072 7.21961597e-046 1.37389955e-023 9.59271692e-117
  7.98197415e-057 8.63558436e-069 1.00000000e+000 1.17533432e-033
  1.56111856e-064 2.18238571e-004 3.13606963e-054 1.23631648e-059
  1.15315124e-065 6.16483108e-022 3.25926454e-042 9.27828318e-096
  2.96493851e-035 5.63207305e-100 7.00980186e-053 2.98712466e-024
  1.00000000e+000]
 [2.97297795e-029 2.03335633e-044 1.17552142e-023 2.01454310e-059
  3.35472150e-042 4.75966012e-052 1.17533432e-033 1.00000000e+000
  9.31956002e-035 5.12320719e-036 3.08570497e-030 5.27970240e-019
  4.42902520e-030 5.59125338e-038 1.56322094e-004 1.76970203e-061
  3.81322687e-059 2.52666958e-041 4.56050577e-012 2.96106840e-012
  1.00000000e+000]
 [1.41749031e-011 3.45718760e-032 6.87379110e-034 5.23102845e-025
  2.54010565e-050 9.42488749e-020 1.56111856e-064 9.31956002e-035
  1.00000000e+000 2.58956512e-073 2.41930602e-052 3.07257408e-018
  1.80226525e-005 1.72184499e-025 5.38758738e-055 6.21257227e-043
  7.74303053e-071 1.40779805e-015 1.74538240e-029 8.54520170e-062
  1.00000000e+000]
 [2.18068651e-079 1.63083231e-055 1.35188258e-024 1.25172644e-123
  3.15242694e-055 1.17768812e-081 2.18238571e-004 5.12320719e-036
  2.58956512e-073 1.00000000e+000 2.78676640e-051 2.18668505e-059
  1.41700986e-072 6.89558138e-030 3.01065714e-042 1.46850912e-109
  5.66513081e-033 1.06592130e-116 6.51719976e-065 3.06258134e-027
  1.00000000e+000]
 [2.13449786e-066 6.35838643e-063 2.02837633e-018 9.69603640e-047
  1.24728569e-003 7.11227597e-032 3.13606963e-054 3.08570497e-030
  2.41930602e-052 2.78676640e-051 1.00000000e+000 8.22562173e-033
  3.81638639e-056 5.98511795e-060 6.79618465e-025 3.64286222e-056
  1.84558339e-033 5.97849677e-071 4.46238226e-055 5.59460573e-031
  1.00000000e+000]
 [1.49016012e-013 3.19801138e-031 3.72186197e-032 1.79076420e-020
  3.54275421e-035 1.06201825e-037 1.23631648e-059 5.27970240e-019
  3.07257408e-018 2.18668505e-059 8.22562173e-033 1.00000000e+000
  3.37261174e-009 1.75217715e-049 9.09647166e-027 1.24163257e-046
  2.42353098e-051 6.07885691e-027 2.19591430e-024 1.32600939e-031
  1.00000000e+000]
 [1.94646184e-003 1.07347316e-022 7.32079340e-043 3.55082429e-022
  5.76372313e-056 9.95977695e-032 1.15315124e-065 4.42902520e-030
  1.80226525e-005 1.41700986e-072 3.81638639e-056 3.37261174e-009
  1.00000000e+000 8.49565378e-036 3.19940823e-048 3.36657678e-051
  1.04827479e-072 2.99851567e-015 1.43344687e-025 2.93648478e-051
  1.00000000e+000]
 [3.91991954e-041 3.39810533e-034 2.21978792e-025 5.31862301e-084
  6.44374844e-060 3.45887600e-039 6.16483108e-022 5.59125338e-038
  1.72184499e-025 6.89558138e-030 5.98511795e-060 1.75217715e-049
  8.49565378e-036 1.00000000e+000 2.15712605e-059 4.03621940e-083
  3.06959979e-060 3.36447032e-063 2.41758290e-048 1.87413509e-053
  1.00000000e+000]
 [5.28380837e-048 1.17326950e-060 7.59712960e-029 5.68718260e-068
  1.06905434e-038 1.84265324e-063 3.25926454e-042 1.56322094e-004
  5.38758738e-055 3.01065714e-042 6.79618465e-025 9.09647166e-027
  3.19940823e-048 2.15712605e-059 1.00000000e+000 1.17230052e-066
  1.25975180e-058 5.69462719e-057 1.99178782e-020 2.69838909e-009
  1.00000000e+000]
 [2.51911852e-070 1.96576866e-093 8.70599026e-040 1.80288870e-038
  6.55851653e-048 6.50371639e-032 9.27828318e-096 1.76970203e-061
  6.21257227e-043 1.46850912e-109 3.64286222e-056 1.24163257e-046
  3.36657678e-051 4.03621940e-083 1.17230052e-066 1.00000000e+000
  2.12158333e-055 3.05497896e-033 3.39126318e-038 9.09313070e-073
  1.00000000e+000]
 [1.46765480e-093 5.45112342e-069 5.10186515e-019 5.33722335e-080
  8.18486676e-024 2.48420132e-052 2.96493851e-035 3.81322687e-059
  7.74303053e-071 5.66513081e-033 1.84558339e-033 2.42353098e-051
  1.04827479e-072 3.06959979e-060 1.25975180e-058 2.12158333e-055
  1.00000000e+000 1.25404114e-103 1.03581873e-074 1.75610073e-041
  1.00000000e+000]
 [7.36307181e-018 3.87613375e-052 9.82840592e-061 2.03741856e-022
  3.13453171e-072 5.63561974e-033 5.63207305e-100 2.52666958e-041
  1.40779805e-015 1.06592130e-116 5.97849677e-071 6.07885691e-027
  2.99851567e-015 3.36447032e-063 5.69462719e-057 3.05497896e-033
  1.25404114e-103 1.00000000e+000 3.50904950e-019 1.40371332e-068
  1.00000000e+000]
 [2.06798273e-026 4.89380302e-052 1.25671380e-036 7.39385168e-053
  3.16350966e-063 6.61400855e-050 7.00980186e-053 4.56050577e-012
  1.74538240e-029 6.51719976e-065 4.46238226e-055 2.19591430e-024
  1.43344687e-025 2.41758290e-048 1.99178782e-020 3.39126318e-038
  1.03581873e-074 3.50904950e-019 1.00000000e+000 1.80664649e-027
  1.00000000e+000]
 [2.50074446e-052 1.13746862e-041 5.98466061e-030 3.08823326e-076
  1.20021648e-039 2.82079019e-063 2.98712466e-024 2.96106840e-012
  8.54520170e-062 3.06258134e-027 5.59460573e-031 1.32600939e-031
  2.93648478e-051 1.87413509e-053 2.69838909e-009 9.09313070e-073
  1.75610073e-041 1.40371332e-068 1.80664649e-027 1.00000000e+000
  1.00000000e+000]
 [1.00000000e+000 1.00000000e+000 1.00000000e+000 1.00000000e+000
  1.00000000e+000 1.00000000e+000 1.00000000e+000 1.00000000e+000
  1.00000000e+000 1.00000000e+000 1.00000000e+000 1.00000000e+000
  1.00000000e+000 1.00000000e+000 1.00000000e+000 1.00000000e+000
  1.00000000e+000 1.00000000e+000 1.00000000e+000 1.00000000e+000
  0.00000000e+000]]
