[[1.00000000e+00 8.43782295e-60 4.69073844e-58 ... 4.67187580e-72
  6.99856730e-42 1.00000000e+00]
 [8.43782295e-60 1.00000000e+00 2.98398723e-38 ... 1.19194068e-42
  9.70793563e-98 1.00000000e+00]
 [4.69073844e-58 2.98398723e-38 1.00000000e+00 ... 8.10080154e-16
  5.45354154e-35 1.00000000e+00]
 ...
 [4.67187580e-72 1.19194068e-42 8.10080154e-16 ... 1.00000000e+00
  3.77204598e-39 1.00000000e+00]
 [6.99856730e-42 9.70793563e-98 5.45354154e-35 ... 3.77204598e-39
  1.00000000e+00 1.00000000e+00]
 [1.00000000e+00 1.00000000e+00 1.00000000e+00 ... 1.00000000e+00
  1.00000000e+00 0.00000000e+00]]
