[[ 0.20578627  2.78426244  0.93917366  1.36246868 -2.70423263  2.17272788]
 [ 3.22134778  3.43761476 -2.66314445  1.5175459  -0.31276733  3.38137074]
 [-0.64753401  2.75726744  1.35430144  3.0728852  -0.48030581  1.96831091]
 [-2.2995585  -4.62453112  4.70976586 -3.32972504 -3.18851435 -0.18894649]
 [-1.64259437  2.73894132  1.15609437 -3.84302968  3.53208095  3.31515579]
 [ 0.9663592   1.90982672 -4.9639262  -4.88004315  2.64822957 -1.27319937]
 [-1.29931786  1.43018395  0.06156016  1.16320172 -3.27478354 -1.02472516]
 [-2.36614404 -2.08869549  3.59708924 -0.81385997 -4.46011476 -1.92808366]
 [-0.89125963 -1.79891386 -0.77458945  1.13563298 -0.30734949  0.3828093 ]
 [ 1.39847944 -2.91571174 -4.51570186  3.32144218 -3.15073324  1.6803711 ]
 [ 4.0713599  -2.80365979 -2.21752247 -1.86058605  2.26459019 -0.57115736]
 [ 4.30406666  0.66828403  1.57971244  2.80068719 -1.23314202 -3.81399557]
 [ 3.02542812  0.4990047  -2.83877243 -3.96115518 -1.59236271 -1.81521409]
 [ 1.81407954 -0.90163723  3.6083862  -4.33158381  2.17618429  0.0243284 ]
 [-0.34210846  4.30352187 -1.35479875 -3.13529778  2.95260312 -4.09207061]
 [ 3.21548386 -4.20712277  0.43857275 -0.20962797 -1.98665196 -4.05635914]
 [ 1.5840595   0.49267879 -2.18157425 -2.38210881  2.65066582  2.84891922]
 [ 2.24371408 -3.91140125  2.47294906  2.31895718  4.35755328  1.93207803]
 [-3.13066958  1.79445511  2.69347006 -0.95243472 -4.51703234  3.83742979]
 [-4.96929717 -0.96336605  4.46081128 -0.92275466  4.26440002 -4.35817211]],[[ 7477.24024397]
 [26478.98331195]
 [14307.1889428 ]
 [58076.9021206 ]
 [16686.98503927]
 [52348.67636764]
 [ 2547.40303337]
 [ 8616.26126515]
 [ 2547.52815843]
 [39453.34863627]
 [47889.09145741]
 [40268.03320384]
 [38342.5396093 ]
 [30082.85452366]
 [46014.42231939]
 [51401.04492453]
 [ 1920.7396048 ]
 [24584.83445042]
 [ 9402.0154349 ]
 [68285.61606822]],[[-21857.38183796]
 [ -2857.87660434]
 [-15026.42336854]
 [ 28740.04236686]
 [-12649.87487604]
 [ 23011.81644876]
 [-26789.45264391]
 [-20720.59887922]
 [-26789.33174857]
 [ 10116.48871868]
 [ 18552.23153898]
 [ 10931.17328617]
 [  9005.67969182]
 [   745.99460701]
 [ 16677.56240115]
 [ 22064.18500575]
 [-27416.12030904]
 [ -4752.02546568]
 [-19934.84447962]
 [ 38948.75614775]
 [ 29336.85991658]],[[1.00000000e+000 1.26169644e-013 1.48581518e-004 1.49671502e-045
  1.85996281e-031 5.75415748e-051 1.93495010e-007 1.11466510e-027
  1.48062742e-015 3.09661027e-030 1.31351388e-043 1.51104736e-027
  2.13007319e-032 2.83535104e-037 7.13992864e-044 3.80935972e-044
  8.37879853e-027 4.20888325e-045 2.78864576e-012 1.00315509e-065
  1.00000000e+000]
 [1.26169644e-013 1.00000000e+000 2.28526870e-016 3.92828332e-085
  1.89153188e-036 3.06875137e-037 7.14780349e-027 1.21369618e-066
  1.69207916e-025 2.33667722e-027 1.14006999e-032 5.94718752e-036
  5.55595479e-030 2.74046932e-049 1.33993496e-045 8.00294346e-057
  2.67337914e-016 1.02127276e-046 2.67117461e-042 5.16159553e-098
  1.00000000e+000]
 [1.48581518e-004 2.28526870e-016 1.00000000e+000 1.77919819e-053
  1.00208563e-029 8.65178674e-056 2.87778681e-011 2.00022766e-034
  1.80245436e-014 1.20468486e-034 5.18943632e-046 4.32083732e-028
  1.11853319e-044 6.77481442e-040 8.44119491e-043 4.59255710e-050
  4.60057082e-028 1.26044168e-034 3.23294174e-020 3.91219113e-053
  1.00000000e+000]
 [1.49671502e-045 3.92828332e-085 1.77919819e-053 1.00000000e+000
  5.22082462e-055 6.80973850e-081 1.54071547e-035 7.99789062e-009
  1.59128713e-030 1.25787915e-065 1.50274605e-054 8.93251398e-060
  1.28937443e-051 1.41284427e-027 5.42099161e-076 2.76194720e-033
  1.76545994e-058 1.26074544e-052 6.00374888e-031 7.37613930e-044
  1.00000000e+000]
 [1.85996281e-031 1.89153188e-036 1.00208563e-029 5.22082462e-055
  1.00000000e+000 3.38460813e-030 3.14865520e-041 2.50095279e-057
  1.95733829e-032 1.89495477e-075 3.73421418e-042 3.96456929e-069
  3.84699231e-042 6.88175840e-020 1.87297043e-029 1.03094515e-074
  1.23124387e-013 7.29641113e-045 5.49587651e-035 9.77150671e-046
  1.00000000e+000]
 [5.75415748e-051 3.06875137e-037 8.65178674e-056 6.80973850e-081
  3.38460813e-030 1.00000000e+000 3.79177449e-045 1.23700191e-073
  1.60134667e-036 1.29767116e-058 4.47716825e-022 8.49833529e-060
  1.06863931e-013 2.41315887e-037 1.98518385e-014 5.13502282e-054
  3.24102132e-015 2.07330856e-068 7.93281151e-074 2.94123878e-070
  1.00000000e+000]
 [1.93495010e-007 7.14780349e-027 2.87778681e-011 1.54071547e-035
  3.14865520e-041 3.79177449e-045 1.00000000e+000 1.08953960e-014
  2.57420939e-010 2.13833826e-026 1.11170632e-040 5.72010955e-022
  8.76103888e-026 2.95641846e-039 1.55807229e-034 5.67130184e-029
  3.96760467e-034 9.02875434e-051 3.94871008e-018 7.19263874e-049
  1.00000000e+000]
 [1.11466510e-027 1.21369618e-066 2.00022766e-034 7.99789062e-009
  2.50095279e-057 1.23700191e-073 1.08953960e-014 1.00000000e+000
  1.81710870e-021 1.37272078e-049 1.52000495e-054 7.37594847e-037
  3.97811178e-042 4.39389076e-035 3.87235806e-059 2.54320652e-025
  7.74479525e-058 1.89907086e-056 2.49278023e-022 3.59760880e-040
  1.00000000e+000]
 [1.48062742e-015 1.69207916e-025 1.80245436e-014 1.59128713e-030
  1.95733829e-032 1.60134667e-036 2.57420939e-010 1.81710870e-021
  1.00000000e+000 6.10456772e-016 6.23566064e-020 1.00333140e-026
  1.24993047e-025 2.58838362e-028 2.07012918e-038 8.88440079e-022
  2.41636348e-018 1.29420280e-022 1.65173993e-028 7.79341937e-041
  1.00000000e+000]
 [3.09661027e-030 2.33667722e-027 1.20468486e-034 1.25787915e-065
  1.89495477e-075 1.29767116e-058 2.13833826e-026 1.37272078e-049
  6.10456772e-016 1.00000000e+000 9.95733178e-033 6.22170268e-041
  1.48059932e-037 3.53812006e-070 9.04362128e-078 7.69209591e-034
  1.72236982e-037 1.26079128e-047 1.32009446e-052 1.59081509e-102
  1.00000000e+000]
 [1.31351388e-043 1.14006999e-032 5.18943632e-046 1.50274605e-054
  3.73421418e-042 4.47716825e-022 1.11170632e-040 1.52000495e-054
  6.23566064e-020 9.95733178e-033 1.00000000e+000 1.45499159e-031
  3.72514310e-015 4.63857373e-022 9.66127091e-038 2.84820505e-019
  2.14221075e-013 1.78403066e-024 1.10851470e-071 2.06985875e-065
  1.00000000e+000]
 [1.51104736e-027 5.94718752e-036 4.32083732e-028 8.93251398e-060
  3.96456929e-069 8.49833529e-060 5.72010955e-022 7.37594847e-037
  1.00333140e-026 6.22170268e-041 1.45499159e-031 1.00000000e+000
  1.41464445e-031 8.14717615e-040 1.58663413e-042 2.44989000e-016
  1.35686160e-047 4.86303343e-040 4.76875746e-062 4.13245118e-062
  1.00000000e+000]
 [2.13007319e-032 5.55595479e-030 1.11853319e-044 1.28937443e-051
  3.84699231e-042 1.06863931e-013 8.76103888e-026 3.97811178e-042
  1.24993047e-025 1.48059932e-037 3.72514310e-015 1.41464445e-031
  1.00000000e+000 5.77931107e-028 2.05932940e-024 2.18705783e-023
  3.63784228e-020 2.70324555e-060 9.94528223e-053 2.86632569e-074
  1.00000000e+000]
 [2.83535104e-037 2.74046932e-049 6.77481442e-040 1.41284427e-027
  6.88175840e-020 2.41315887e-037 2.95641846e-039 4.39389076e-035
  2.58838362e-028 3.53812006e-070 4.63857373e-022 8.14717615e-040
  5.77931107e-028 1.00000000e+000 1.87875246e-033 7.97000882e-033
  2.29267614e-021 3.71480086e-028 1.35291324e-045 2.61523272e-036
  1.00000000e+000]
 [7.13992864e-044 1.33993496e-045 8.44119491e-043 5.42099161e-076
  1.87297043e-029 1.98518385e-014 1.55807229e-034 3.87235806e-059
  2.07012918e-038 9.04362128e-078 9.66127091e-038 1.58663413e-042
  2.05932940e-024 1.87875246e-033 1.00000000e+000 2.17327093e-053
  3.76424538e-030 7.70700017e-069 1.45631630e-067 1.15205427e-039
  1.00000000e+000]
 [3.80935972e-044 8.00294346e-057 4.59255710e-050 2.76194720e-033
  1.03094515e-074 5.13502282e-054 5.67130184e-029 2.54320652e-025
  8.88440079e-022 7.69209591e-034 2.84820505e-019 2.44989000e-016
  2.18705783e-023 7.97000882e-033 2.17327093e-053 1.00000000e+000
  1.48706648e-046 8.38363206e-039 3.76957935e-066 1.20158658e-058
  1.00000000e+000]
 [8.37879853e-027 2.67337914e-016 4.60057082e-028 1.76545994e-058
  1.23124387e-013 3.24102132e-015 3.96760467e-034 7.74479525e-058
  2.41636348e-018 1.72236982e-037 2.14221075e-013 1.35686160e-047
  3.63784228e-020 2.29267614e-021 3.76424538e-030 1.48706648e-046
  1.00000000e+000 5.62835073e-030 4.61800221e-045 4.48883060e-064
  1.00000000e+000]
 [4.20888325e-045 1.02127276e-046 1.26044168e-034 1.26074544e-052
  7.29641113e-045 2.07330856e-068 9.02875434e-051 1.89907086e-056
  1.29420280e-022 1.26079128e-047 1.78403066e-024 4.86303343e-040
  2.70324555e-060 3.71480086e-028 7.70700017e-069 8.38363206e-039
  5.62835073e-030 1.00000000e+000 7.35749912e-068 1.45440335e-050
  1.00000000e+000]
 [2.78864576e-012 2.67117461e-042 3.23294174e-020 6.00374888e-031
  5.49587651e-035 7.93281151e-074 3.94871008e-018 2.49278023e-022
  1.65173993e-028 1.32009446e-052 1.10851470e-071 4.76875746e-062
  9.94528223e-053 1.35291324e-045 1.45631630e-067 3.76957935e-066
  4.61800221e-045 7.35749912e-068 1.00000000e+000 1.62648588e-069
  1.00000000e+000]
 [1.00315509e-065 5.16159553e-098 3.91219113e-053 7.37613930e-044
  9.77150671e-046 2.94123878e-070 7.19263874e-049 3.59760880e-040
  7.79341937e-041 1.59081509e-102 2.06985875e-065 4.13245118e-062
  2.86632569e-074 2.61523272e-036 1.15205427e-039 1.20158658e-058
  4.48883060e-064 1.45440335e-050 1.62648588e-069 1.00000000e+000
  1.00000000e+000]
 [1.00000000e+000 1.00000000e+000 1.00000000e+000 1.00000000e+000
  1.00000000e+000 1.00000000e+000 1.00000000e+000 1.00000000e+000
  1.00000000e+000 1.00000000e+000 1.00000000e+000 1.00000000e+000
  1.00000000e+000 1.00000000e+000 1.00000000e+000 1.00000000e+000
  1.00000000e+000 1.00000000e+000 1.00000000e+000 1.00000000e+000
  0.00000000e+000]]
