[[1.00000000e+000 1.43877336e-026 4.51874442e-047 1.70504007e-018
  2.25054541e-073 3.41811283e-061 1.23465619e-026 4.10226342e-044
  2.37067073e-034 4.51470714e-042 1.55457376e-048 3.86175604e-015
  1.53379976e-022 9.28864491e-044 5.17194950e-053 2.01604801e-028
  4.16015506e-024 6.57373758e-035 2.33721009e-023 3.26547641e-036
  1.00000000e+000]
 [1.43877336e-026 1.00000000e+000 1.52110286e-083 2.35304610e-077
  3.72287657e-074 1.76589881e-083 2.89210108e-042 1.05603920e-017
  1.41154067e-014 6.39258333e-026 3.53202378e-037 1.45973962e-010
  2.50358379e-031 2.85851854e-034 3.41221730e-050 5.37921718e-030
  4.43681353e-016 2.56752571e-045 3.45416866e-011 6.79697609e-044
  1.00000000e+000]
 [4.51874442e-047 1.52110286e-083 1.00000000e+000 8.08886167e-053
  3.35719088e-057 1.35828135e-054 5.88918097e-078 1.28071901e-093
  7.79574772e-057 2.43850380e-053 1.93401175e-047 9.26762759e-057
  4.12096567e-047 9.80277824e-088 8.73776177e-028 1.94111740e-029
  1.35774719e-102 1.21309788e-030 2.83278763e-046 4.58454045e-013
  1.00000000e+000]
 [1.70504007e-018 2.35304610e-077 8.08886167e-053 1.00000000e+000
  2.66754559e-073 2.73296506e-051 6.60698019e-034 2.63312227e-075
  1.82360371e-083 1.49126988e-067 3.67280721e-069 7.05111949e-042
  7.10232280e-037 1.57642200e-056 4.79303258e-096 1.04948554e-047
  5.14733090e-062 4.89195486e-046 2.04805606e-064 1.34336105e-055
  1.00000000e+000]
 [2.25054541e-073 3.72287657e-074 3.35719088e-057 2.66754559e-073
  1.00000000e+000 1.65211811e-021 5.97577222e-077 5.23749180e-051
  1.85591938e-060 1.42061455e-036 9.96986655e-036 8.10160662e-040
  7.96108287e-060 3.04087346e-030 3.55769692e-091 3.06664028e-022
  1.19470715e-098 3.84485500e-049 8.72062058e-048 1.16382046e-026
  1.00000000e+000]
 [3.41811283e-061 1.76589881e-083 1.35828135e-054 2.73296506e-051
  1.65211811e-021 1.00000000e+000 1.68082369e-058 4.90359514e-054
  1.58267584e-057 1.64640478e-049 3.11331852e-039 7.63316413e-044
  4.28295372e-055 2.40377632e-036 1.54317717e-101 2.56722978e-042
  3.19386075e-087 1.01009013e-050 3.53724904e-065 5.90927112e-034
  1.00000000e+000]
 [1.23465619e-026 2.89210108e-042 5.88918097e-078 6.60698019e-034
  5.97577222e-077 1.68082369e-058 1.00000000e+000 7.29007218e-025
  4.51305769e-057 1.33251511e-026 8.27811943e-041 3.07906985e-022
  9.29187455e-015 1.21987426e-023 1.33263963e-073 8.94409984e-042
  2.61435573e-019 1.87173861e-022 3.89892228e-049 2.53068879e-061
  1.00000000e+000]
 [4.10226342e-044 1.05603920e-017 1.28071901e-093 2.63312227e-075
  5.23749180e-051 4.90359514e-054 7.29007218e-025 1.00000000e+000
  4.92605966e-031 7.03794011e-012 1.80708152e-019 2.93051856e-013
  2.92429452e-022 3.38582328e-011 1.09663116e-072 1.50326472e-032
  8.60220307e-024 7.15164918e-033 3.28193527e-031 5.11093905e-049
  1.00000000e+000]
 [2.37067073e-034 1.41154067e-014 7.79574772e-057 1.82360371e-083
  1.85591938e-060 1.58267584e-057 4.51305769e-057 4.92605966e-031
  1.00000000e+000 1.12844248e-030 2.71278753e-035 3.99275662e-017
  1.18911421e-043 1.17817098e-043 7.82896012e-037 8.57966150e-028
  4.79514671e-033 3.32265244e-046 2.74480129e-011 7.25546936e-025
  1.00000000e+000]
 [4.51470714e-042 6.39258333e-026 2.43850380e-053 1.49126988e-067
  1.42061455e-036 1.64640478e-049 1.33251511e-026 7.03794011e-012
  1.12844248e-030 1.00000000e+000 1.62295948e-009 6.05819034e-015
  1.56516749e-013 4.69209866e-018 3.60596216e-037 1.24425765e-013
  9.35507827e-038 5.25986748e-010 5.85668842e-022 2.34045476e-025
  1.00000000e+000]
 [1.55457376e-048 3.53202378e-037 1.93401175e-047 3.67280721e-069
  9.96986655e-036 3.11331852e-039 8.27811943e-041 1.80708152e-019
  2.71278753e-035 1.62295948e-009 1.00000000e+000 1.46639664e-026
  4.03403246e-014 1.31928167e-032 1.37254981e-044 1.56884123e-023
  7.73933809e-060 3.28755563e-015 5.48769250e-035 1.03114733e-020
  1.00000000e+000]
 [3.86175604e-015 1.45973962e-010 9.26762759e-057 7.05111949e-042
  8.10160662e-040 7.63316413e-044 3.07906985e-022 2.93051856e-013
  3.99275662e-017 6.05819034e-015 1.46639664e-026 1.00000000e+000
  1.15206031e-019 1.40528133e-012 7.48971318e-050 3.17314803e-012
  1.13343823e-015 4.10177254e-026 3.46849037e-009 1.58707193e-026
  1.00000000e+000]
 [1.53379976e-022 2.50358379e-031 4.12096567e-047 7.10232280e-037
  7.96108287e-060 4.28295372e-055 9.29187455e-015 2.92429452e-022
  1.18911421e-043 1.56516749e-013 4.03403246e-014 1.15206031e-019
  1.00000000e+000 2.28316644e-032 4.52780270e-042 5.42969294e-025
  8.51612213e-035 1.08964804e-007 1.61424048e-033 2.52930280e-032
  1.00000000e+000]
 [9.28864491e-044 2.85851854e-034 9.80277824e-088 1.57642200e-056
  3.04087346e-030 2.40377632e-036 1.21987426e-023 3.38582328e-011
  1.17817098e-043 4.69209866e-018 1.31928167e-032 1.40528133e-012
  2.28316644e-032 1.00000000e+000 2.86713241e-089 3.31352855e-025
  2.70196846e-031 4.59343444e-036 9.90950917e-035 4.26793612e-048
  1.00000000e+000]
 [5.17194950e-053 3.41221730e-050 8.73776177e-028 4.79303258e-096
  3.55769692e-091 1.54317717e-101 1.33263963e-073 1.09663116e-072
  7.82896012e-037 3.60596216e-037 1.37254981e-044 7.48971318e-050
  4.52780270e-042 2.86713241e-089 1.00000000e+000 4.68582971e-033
  1.20043025e-072 4.28331093e-028 1.92624482e-029 1.15772813e-026
  1.00000000e+000]
 [2.01604801e-028 5.37921718e-030 1.94111740e-029 1.04948554e-047
  3.06664028e-022 2.56722978e-042 8.94409984e-042 1.50326472e-032
  8.57966150e-028 1.24425765e-013 1.56884123e-023 3.17314803e-012
  5.42969294e-025 3.31352855e-025 4.68582971e-033 1.00000000e+000
  1.02557400e-047 7.98530864e-018 6.54215469e-010 4.39908917e-010
  1.00000000e+000]
 [4.16015506e-024 4.43681353e-016 1.35774719e-102 5.14733090e-062
  1.19470715e-098 3.19386075e-087 2.61435573e-019 8.60220307e-024
  4.79514671e-033 9.35507827e-038 7.73933809e-060 1.13343823e-015
  8.51612213e-035 2.70196846e-031 1.20043025e-072 1.02557400e-047
  1.00000000e+000 2.00148025e-049 5.83595704e-031 8.54984125e-071
  1.00000000e+000]
 [6.57373758e-035 2.56752571e-045 1.21309788e-030 4.89195486e-046
  3.84485500e-049 1.01009013e-050 1.87173861e-022 7.15164918e-033
  3.32265244e-046 5.25986748e-010 3.28755563e-015 4.10177254e-026
  1.08964804e-007 4.59343444e-036 4.28331093e-028 7.98530864e-018
  2.00148025e-049 1.00000000e+000 1.22253767e-033 2.36464623e-023
  1.00000000e+000]
 [2.33721009e-023 3.45416866e-011 2.83278763e-046 2.04805606e-064
  8.72062058e-048 3.53724904e-065 3.89892228e-049 3.28193527e-031
  2.74480129e-011 5.85668842e-022 5.48769250e-035 3.46849037e-009
  1.61424048e-033 9.90950917e-035 1.92624482e-029 6.54215469e-010
  5.83595704e-031 1.22253767e-033 1.00000000e+000 2.64280552e-019
  1.00000000e+000]
 [3.26547641e-036 6.79697609e-044 4.58454045e-013 1.34336105e-055
  1.16382046e-026 5.90927112e-034 2.53068879e-061 5.11093905e-049
  7.25546936e-025 2.34045476e-025 1.03114733e-020 1.58707193e-026
  2.52930280e-032 4.26793612e-048 1.15772813e-026 4.39908917e-010
  8.54984125e-071 2.36464623e-023 2.64280552e-019 1.00000000e+000
  1.00000000e+000]
 [1.00000000e+000 1.00000000e+000 1.00000000e+000 1.00000000e+000
  1.00000000e+000 1.00000000e+000 1.00000000e+000 1.00000000e+000
  1.00000000e+000 1.00000000e+000 1.00000000e+000 1.00000000e+000
  1.00000000e+000 1.00000000e+000 1.00000000e+000 1.00000000e+000
  1.00000000e+000 1.00000000e+000 1.00000000e+000 1.00000000e+000
  0.00000000e+000]]
