[[1.00000000e+00 1.99077789e-31 1.46563362e-60 ... 1.45550794e-38
  3.95344756e-52 1.00000000e+00]
 [1.99077789e-31 1.00000000e+00 3.78434358e-54 ... 4.16274843e-20
  1.18376742e-27 1.00000000e+00]
 [1.46563362e-60 3.78434358e-54 1.00000000e+00 ... 4.88475493e-16
  1.73693682e-25 1.00000000e+00]
 ...
 [1.45550794e-38 4.16274843e-20 4.88475493e-16 ... 1.00000000e+00
  6.47464304e-17 1.00000000e+00]
 [3.95344756e-52 1.18376742e-27 1.73693682e-25 ... 6.47464304e-17
  1.00000000e+00 1.00000000e+00]
 [1.00000000e+00 1.00000000e+00 1.00000000e+00 ... 1.00000000e+00
  1.00000000e+00 0.00000000e+00]]
