[[1.00000000e+00 1.94670128e-30 1.00291313e-09 ... 5.57643874e-84
  9.94448867e-50 1.00000000e+00]
 [1.94670128e-30 1.00000000e+00 1.98494373e-10 ... 2.60104832e-71
  4.07753273e-29 1.00000000e+00]
 [1.00291313e-09 1.98494373e-10 1.00000000e+00 ... 1.52947072e-65
  7.73798603e-30 1.00000000e+00]
 ...
 [5.57643874e-84 2.60104832e-71 1.52947072e-65 ... 1.00000000e+00
  5.63688984e-30 1.00000000e+00]
 [9.94448867e-50 4.07753273e-29 7.73798603e-30 ... 5.63688984e-30
  1.00000000e+00 1.00000000e+00]
 [1.00000000e+00 1.00000000e+00 1.00000000e+00 ... 1.00000000e+00
  1.00000000e+00 0.00000000e+00]]
