[[1.00000000e+000 1.26362831e-052 2.01531269e-058 5.04024281e-039
  1.39088568e-060 2.87007517e-021 2.37368516e-052 2.10281798e-008
  3.28743929e-058 9.94439430e-080 2.66458085e-037 4.82044895e-061
  1.19228092e-037 7.77397889e-022 1.23129826e-036 2.97235365e-063
  3.08582058e-085 1.89966943e-081 8.08406280e-071 5.48487790e-031
  1.00000000e+000]
 [1.26362831e-052 1.00000000e+000 3.34310529e-057 4.30722910e-078
  4.72983256e-047 5.19616409e-056 9.44098718e-052 1.60246771e-059
  5.68479760e-079 1.40497976e-045 3.59092461e-014 3.88906048e-016
  1.87107355e-017 9.46061614e-033 8.19397911e-027 1.31767026e-021
  1.67167412e-018 2.35702715e-035 1.42126776e-033 2.99943618e-087
  1.00000000e+000]
 [2.01531269e-058 3.34310529e-057 1.00000000e+000 3.49073432e-030
  7.93291365e-037 1.33348919e-020 8.29040269e-025 5.17753611e-055
  5.31797049e-063 4.99452917e-022 3.45759512e-020 2.31156636e-047
  1.43666263e-059 3.08519258e-057 6.45375569e-026 2.34350081e-036
  5.19986306e-043 8.21357504e-037 1.14053043e-056 5.81158225e-041
  1.00000000e+000]
 [5.04024281e-039 4.30722910e-078 3.49073432e-030 1.00000000e+000
  4.44029816e-055 9.65962341e-010 1.05553455e-036 9.18146210e-045
  4.52897592e-023 1.07503884e-053 1.59264203e-051 9.91747583e-066
  8.52240553e-064 9.67471910e-062 1.34456759e-025 1.53764790e-087
  1.99357146e-084 1.54543475e-045 7.09313422e-088 3.39457114e-005
  1.00000000e+000]
 [1.39088568e-060 4.72983256e-047 7.93291365e-037 4.44029816e-055
  1.00000000e+000 1.05972299e-046 1.35829412e-023 1.52926831e-055
  1.63264594e-054 3.70269695e-054 1.78586194e-030 7.90784255e-072
  2.95438636e-029 8.61836243e-072 1.66076411e-052 3.46677601e-067
  8.73772833e-066 5.02553434e-035 2.30014093e-098 4.01475269e-049
  1.00000000e+000]
 [2.87007517e-021 5.19616409e-056 1.33348919e-020 9.65962341e-010
  1.05972299e-046 1.00000000e+000 6.55208404e-024 1.36653790e-021
  2.45673881e-027 8.80900017e-034 2.84664093e-027 1.64574860e-041
  1.59510119e-054 1.92413849e-032 1.27838610e-013 1.42285734e-052
  2.71247551e-060 5.27979783e-044 6.45526909e-052 1.41424145e-012
  1.00000000e+000]
 [2.37368516e-052 9.44098718e-052 8.29040269e-025 1.05553455e-036
  1.35829412e-023 6.55208404e-024 1.00000000e+000 1.79649359e-056
  1.02137061e-046 1.01819596e-018 4.55826584e-028 1.77808678e-052
  1.78781264e-049 1.71526593e-038 5.39839956e-024 2.24978555e-050
  2.06862886e-065 1.24455628e-018 1.28937277e-072 1.01026952e-040
  1.00000000e+000]
 [2.10281798e-008 1.60246771e-059 5.17753611e-055 9.18146210e-045
  1.52926831e-055 1.36653790e-021 1.79649359e-056 1.00000000e+000
  3.91255300e-050 1.71097046e-078 2.65317104e-035 3.94787471e-060
  4.68685743e-052 1.76814179e-037 4.86520843e-044 3.28014175e-065
  9.08921868e-078 8.09084693e-092 9.53465880e-063 3.42198588e-033
  1.00000000e+000]
 [3.28743929e-058 5.68479760e-079 5.31797049e-063 4.52897592e-023
  1.63264594e-054 2.45673881e-027 1.02137061e-046 3.91255300e-050
  1.00000000e+000 6.83744726e-064 8.29448004e-065 1.00661764e-063
  1.34131880e-077 7.47373926e-083 1.16773425e-038 2.64291113e-111
  3.11241607e-086 5.00459793e-050 1.08939724e-088 4.23597854e-021
  1.00000000e+000]
 [9.94439430e-080 1.40497976e-045 4.99452917e-022 1.07503884e-053
  3.70269695e-054 8.80900017e-034 1.01819596e-018 1.71097046e-078
  6.83744726e-064 1.00000000e+000 2.07534642e-023 6.77889796e-025
  3.11617002e-074 1.80063872e-045 1.77300830e-016 1.68981540e-027
  5.80118119e-032 3.33400511e-020 3.34145679e-034 7.66713574e-072
  1.00000000e+000]
 [2.66458085e-037 3.59092461e-014 3.45759512e-020 1.59264203e-051
  1.78586194e-030 2.84664093e-027 4.55826584e-028 2.65317104e-035
  8.29448004e-065 2.07534642e-023 1.00000000e+000 1.95597858e-017
  5.04412577e-027 3.06818473e-026 3.73626156e-017 4.71334372e-010
  1.09030479e-016 1.20316160e-033 4.23735673e-025 2.10481328e-058
  1.00000000e+000]
 [4.82044895e-061 3.88906048e-016 2.31156636e-047 9.91747583e-066
  7.90784255e-072 1.64574860e-041 1.77808678e-052 3.94787471e-060
  1.00661764e-063 6.77889796e-025 1.95597858e-017 1.00000000e+000
  1.29477481e-053 4.44930139e-035 1.34019231e-013 8.21858375e-019
  1.19591524e-009 1.14300151e-037 1.94825118e-007 1.94554955e-082
  1.00000000e+000]
 [1.19228092e-037 1.87107355e-017 1.43666263e-059 8.52240553e-064
  2.95438636e-029 1.59510119e-054 1.78781264e-049 4.68685743e-052
  1.34131880e-077 3.11617002e-074 5.04412577e-027 1.29477481e-053
  1.00000000e+000 1.43031024e-041 1.18986607e-042 6.13280114e-051
  4.90546636e-056 2.43817833e-043 3.32252370e-082 8.21194128e-063
  1.00000000e+000]
 [7.77397889e-022 9.46061614e-033 3.08519258e-057 9.67471910e-062
  8.61836243e-072 1.92413849e-032 1.71526593e-038 1.76814179e-037
  7.47373926e-083 1.80063872e-045 3.06818473e-026 4.44930139e-035
  1.43031024e-041 1.00000000e+000 8.37608875e-022 1.29974835e-029
  2.31560330e-061 6.86472071e-057 2.13277460e-042 9.39923899e-067
  1.00000000e+000]
 [1.23129826e-036 8.19397911e-027 6.45375569e-026 1.34456759e-025
  1.66076411e-052 1.27838610e-013 5.39839956e-024 4.86520843e-044
  1.16773425e-038 1.77300830e-016 3.73626156e-017 1.34019231e-013
  1.18986607e-042 8.37608875e-022 1.00000000e+000 8.82379893e-029
  1.29724447e-030 5.00619022e-021 1.32091005e-027 6.53212403e-039
  1.00000000e+000]
 [2.97235365e-063 1.31767026e-021 2.34350081e-036 1.53764790e-087
  3.46677601e-067 1.42285734e-052 2.24978555e-050 3.28014175e-065
  2.64291113e-111 1.68981540e-027 4.71334372e-010 8.21858375e-019
  6.13280114e-051 1.29974835e-029 8.82379893e-029 1.00000000e+000
  5.28365114e-017 2.72471769e-052 2.71219102e-018 4.31512394e-103
  1.00000000e+000]
 [3.08582058e-085 1.67167412e-018 5.19986306e-043 1.99357146e-084
  8.73772833e-066 2.71247551e-060 2.06862886e-065 9.08921868e-078
  3.11241607e-086 5.80118119e-032 1.09030479e-016 1.19591524e-009
  4.90546636e-056 2.31560330e-061 1.29724447e-030 5.28365114e-017
  1.00000000e+000 1.67707257e-044 1.24253627e-015 1.29652061e-102
  1.00000000e+000]
 [1.89966943e-081 2.35702715e-035 8.21357504e-037 1.54543475e-045
  5.02553434e-035 5.27979783e-044 1.24455628e-018 8.09084693e-092
  5.00459793e-050 3.33400511e-020 1.20316160e-033 1.14300151e-037
  2.43817833e-043 6.86472071e-057 5.00619022e-021 2.72471769e-052
  1.67707257e-044 1.00000000e+000 8.53680053e-069 8.03007067e-061
  1.00000000e+000]
 [8.08406280e-071 1.42126776e-033 1.14053043e-056 7.09313422e-088
  2.30014093e-098 6.45526909e-052 1.28937277e-072 9.53465880e-063
  1.08939724e-088 3.34145679e-034 4.23735673e-025 1.94825118e-007
  3.32252370e-082 2.13277460e-042 1.32091005e-027 2.71219102e-018
  1.24253627e-015 8.53680053e-069 1.00000000e+000 7.01778836e-105
  1.00000000e+000]
 [5.48487790e-031 2.99943618e-087 5.81158225e-041 3.39457114e-005
  4.01475269e-049 1.41424145e-012 1.01026952e-040 3.42198588e-033
  4.23597854e-021 7.66713574e-072 2.10481328e-058 1.94554955e-082
  8.21194128e-063 9.39923899e-067 6.53212403e-039 4.31512394e-103
  1.29652061e-102 8.03007067e-061 7.01778836e-105 1.00000000e+000
  1.00000000e+000]
 [1.00000000e+000 1.00000000e+000 1.00000000e+000 1.00000000e+000
  1.00000000e+000 1.00000000e+000 1.00000000e+000 1.00000000e+000
  1.00000000e+000 1.00000000e+000 1.00000000e+000 1.00000000e+000
  1.00000000e+000 1.00000000e+000 1.00000000e+000 1.00000000e+000
  1.00000000e+000 1.00000000e+000 1.00000000e+000 1.00000000e+000
  0.00000000e+000]]
