[[1.00000000e+000 5.22767932e-060 2.93072047e-055 8.71573084e-067
  1.02676853e-046 2.70347970e-118 3.20221997e-035 3.95878565e-067
  1.86399874e-093 6.46374445e-097 5.30086537e-079 2.03105568e-032
  4.64760099e-057 3.71250578e-045 3.41918911e-063 2.40758290e-041
  8.34216021e-006 1.09840818e-085 3.06249998e-044 3.22451733e-042
  1.00000000e+000]
 [5.22767932e-060 1.00000000e+000 5.27865902e-018 6.54371517e-037
  4.88284429e-033 1.00571830e-033 2.87854757e-059 1.06813949e-040
  1.64045766e-017 8.15118412e-064 9.75417395e-014 6.51634405e-036
  2.07831684e-032 8.08407896e-011 1.56680937e-030 9.86828950e-058
  1.89272436e-057 2.26125919e-034 1.43492427e-015 6.50144535e-018
  1.00000000e+000]
 [2.93072047e-055 5.27865902e-018 1.00000000e+000 1.12822906e-049
  8.74992343e-050 2.23001629e-053 1.94645141e-054 1.36327266e-049
  1.60634561e-020 6.87867578e-059 2.16957120e-016 5.40502243e-025
  8.68022244e-014 1.21293640e-018 4.66035560e-021 1.17433047e-066
  1.92174808e-042 1.68380478e-021 8.52266608e-022 2.92358962e-017
  1.00000000e+000]
 [8.71573084e-067 6.54371517e-037 1.12822906e-049 1.00000000e+000
  2.12959362e-036 1.31532266e-026 1.80055442e-056 2.69017834e-020
  7.12512713e-030 1.21586809e-030 1.40082130e-034 5.87456533e-064
  6.04523357e-074 2.25612714e-012 1.00988505e-017 2.74518362e-065
  2.63901684e-059 2.23818760e-027 8.37679772e-010 1.66602775e-040
  1.00000000e+000]
 [1.02676853e-046 4.88284429e-033 8.74992343e-050 2.12959362e-036
  1.00000000e+000 4.69144337e-036 3.27715177e-029 5.03096037e-020
  1.09394013e-063 8.47647623e-050 2.14738633e-054 1.53515433e-026
  5.57699676e-063 1.59992781e-024 3.62631410e-053 8.13951824e-035
  1.61247160e-044 2.00367018e-073 1.56386886e-034 1.67285675e-023
  1.00000000e+000]
 [2.70347970e-118 1.00571830e-033 2.23001629e-053 1.31532266e-026
  4.69144337e-036 1.00000000e+000 8.67701421e-094 5.00343884e-038
  8.30489563e-026 2.40938095e-050 2.54221203e-030 1.53267846e-072
  1.90107386e-085 9.67247605e-030 1.21431421e-047 2.41399989e-104
  5.18936299e-111 5.23962925e-051 2.88745772e-032 1.40629460e-035
  1.00000000e+000]
 [3.20221997e-035 2.87854757e-059 1.94645141e-054 1.80055442e-056
  3.27715177e-029 8.67701421e-094 1.00000000e+000 4.45585485e-027
  4.48944839e-095 7.68799733e-038 2.93988462e-079 1.90290481e-022
  1.37372079e-061 7.11788355e-035 3.16229747e-045 3.27690212e-005
  1.84338361e-019 4.04668163e-066 2.59162125e-051 2.62170748e-059
  1.00000000e+000]
 [3.95878565e-067 1.06813949e-040 1.36327266e-049 2.69017834e-020
  5.03096037e-020 5.00343884e-038 4.45585485e-027 1.00000000e+000
  8.07044178e-057 1.36268065e-028 5.90835744e-059 1.58830052e-050
  4.84975442e-055 5.17739208e-017 2.42163488e-024 1.09223237e-034
  1.76663367e-051 5.11538298e-042 4.30536233e-027 5.81141590e-043
  1.00000000e+000]
 [1.86399874e-093 1.64045766e-017 1.60634561e-020 7.12512713e-030
  1.09394013e-063 8.30489563e-026 4.48944839e-095 8.07044178e-057
  1.00000000e+000 7.22640248e-059 6.82662631e-005 2.59973776e-062
  2.06871969e-049 9.24206961e-019 7.38007239e-023 3.83013714e-104
  4.09216306e-085 9.66684617e-017 4.45210124e-015 1.89953723e-029
  1.00000000e+000]
 [6.46374445e-097 8.15118412e-064 6.87867578e-059 1.21586809e-030
  8.47647623e-050 2.40938095e-050 7.68799733e-038 1.36268065e-028
  7.22640248e-059 1.00000000e+000 4.18677386e-051 5.47242884e-051
  4.82347587e-097 7.47094835e-032 3.55272994e-029 1.34588685e-048
  6.31313888e-071 3.11222307e-034 1.00951350e-044 2.86763762e-075
  1.00000000e+000]
 [5.30086537e-079 9.75417395e-014 2.16957120e-016 1.40082130e-034
  2.14738633e-054 2.54221203e-030 2.93988462e-079 5.90835744e-059
  6.82662631e-005 4.18677386e-051 1.00000000e+000 4.76446054e-042
  5.35680370e-051 2.27157121e-017 1.02104532e-026 5.92060987e-086
  1.28692879e-071 6.13018963e-021 2.62827875e-017 1.19065312e-026
  1.00000000e+000]
 [2.03105568e-032 6.51634405e-036 5.40502243e-025 5.87456533e-064
  1.53515433e-026 1.53267846e-072 1.90290481e-022 1.58830052e-050
  2.59973776e-062 5.47242884e-051 4.76446054e-042 1.00000000e+000
  2.15345608e-045 1.72588897e-031 1.32631736e-049 7.06058870e-031
  1.23556734e-023 2.17891109e-060 3.66931884e-043 7.49723145e-028
  1.00000000e+000]
 [4.64760099e-057 2.07831684e-032 8.68022244e-014 6.04523357e-074
  5.57699676e-063 1.90107386e-085 1.37372079e-061 4.84975442e-055
  2.06871969e-049 4.82347587e-097 5.35680370e-051 2.15345608e-045
  1.00000000e+000 1.90211688e-034 1.44120638e-035 8.38500500e-073
  5.77238708e-045 8.49469434e-044 3.61898824e-038 1.66531413e-027
  1.00000000e+000]
 [3.71250578e-045 8.08407896e-011 1.21293640e-018 2.25612714e-012
  1.59992781e-024 9.67247605e-030 7.11788355e-035 5.17739208e-017
  9.24206961e-019 7.47094835e-032 2.27157121e-017 1.72588897e-031
  1.90211688e-034 1.00000000e+000 1.61904928e-009 2.42480393e-039
  1.38085499e-036 3.24133648e-017 4.18361715e-004 1.89492285e-020
  1.00000000e+000]
 [3.41918911e-063 1.56680937e-030 4.66035560e-021 1.00988505e-017
  3.62631410e-053 1.21431421e-047 3.16229747e-045 2.42163488e-024
  7.38007239e-023 3.55272994e-029 1.02104532e-026 1.32631736e-049
  1.44120638e-035 1.61904928e-009 1.00000000e+000 5.04574407e-056
  8.58096231e-045 2.22298501e-004 5.68004536e-011 9.17884438e-040
  1.00000000e+000]
 [2.40758290e-041 9.86828950e-058 1.17433047e-066 2.74518362e-065
  8.13951824e-035 2.41399989e-104 3.27690212e-005 1.09223237e-034
  3.83013714e-104 1.34588685e-048 5.92060987e-086 7.06058870e-031
  8.38500500e-073 2.42480393e-039 5.04574407e-056 1.00000000e+000
  1.38726140e-028 2.25222050e-077 1.29749465e-058 5.30135293e-072
  1.00000000e+000]
 [8.34216021e-006 1.89272436e-057 1.92174808e-042 2.63901684e-059
  1.61247160e-044 5.18936299e-111 1.84338361e-019 1.76663367e-051
  4.09216306e-085 6.31313888e-071 1.28692879e-071 1.23556734e-023
  5.77238708e-045 1.38085499e-036 8.58096231e-045 1.38726140e-028
  1.00000000e+000 1.42066484e-064 8.89470469e-040 6.65734919e-043
  1.00000000e+000]
 [1.09840818e-085 2.26125919e-034 1.68380478e-021 2.23818760e-027
  2.00367018e-073 5.23962925e-051 4.04668163e-066 5.11538298e-042
  9.66684617e-017 3.11222307e-034 6.13018963e-021 2.17891109e-060
  8.49469434e-044 3.24133648e-017 2.22298501e-004 2.25222050e-077
  1.42066484e-064 1.00000000e+000 6.54866011e-018 6.14591854e-050
  1.00000000e+000]
 [3.06249998e-044 1.43492427e-015 8.52266608e-022 8.37679772e-010
  1.56386886e-034 2.88745772e-032 2.59162125e-051 4.30536233e-027
  4.45210124e-015 1.00951350e-044 2.62827875e-017 3.66931884e-043
  3.61898824e-038 4.18361715e-004 5.68004536e-011 1.29749465e-058
  8.89470469e-040 6.54866011e-018 1.00000000e+000 2.95863874e-019
  1.00000000e+000]
 [3.22451733e-042 6.50144535e-018 2.92358962e-017 1.66602775e-040
  1.67285675e-023 1.40629460e-035 2.62170748e-059 5.81141590e-043
  1.89953723e-029 2.86763762e-075 1.19065312e-026 7.49723145e-028
  1.66531413e-027 1.89492285e-020 9.17884438e-040 5.30135293e-072
  6.65734919e-043 6.14591854e-050 2.95863874e-019 1.00000000e+000
  1.00000000e+000]
 [1.00000000e+000 1.00000000e+000 1.00000000e+000 1.00000000e+000
  1.00000000e+000 1.00000000e+000 1.00000000e+000 1.00000000e+000
  1.00000000e+000 1.00000000e+000 1.00000000e+000 1.00000000e+000
  1.00000000e+000 1.00000000e+000 1.00000000e+000 1.00000000e+000
  1.00000000e+000 1.00000000e+000 1.00000000e+000 1.00000000e+000
  0.00000000e+000]]
