[[1.00000000e+00 3.98601937e-42 1.45132143e-33 ... 1.25151957e-62
  8.29289263e-40 1.00000000e+00]
 [3.98601937e-42 1.00000000e+00 5.53614159e-57 ... 6.10361840e-49
  1.55571008e-62 1.00000000e+00]
 [1.45132143e-33 5.53614159e-57 1.00000000e+00 ... 3.17872749e-17
  5.60603410e-67 1.00000000e+00]
 ...
 [1.25151957e-62 6.10361840e-49 3.17872749e-17 ... 1.00000000e+00
  6.54698551e-77 1.00000000e+00]
 [8.29289263e-40 1.55571008e-62 5.60603410e-67 ... 6.54698551e-77
  1.00000000e+00 1.00000000e+00]
 [1.00000000e+00 1.00000000e+00 1.00000000e+00 ... 1.00000000e+00
  1.00000000e+00 0.00000000e+00]]
