[[1.00000000e+000 1.89819780e-046 2.02567731e-032 1.93578002e-018
  3.84530880e-025 3.70882475e-042 8.08303688e-028 6.95494733e-060
  1.06149918e-055 1.74297816e-034 8.29866093e-051 7.84938558e-042
  1.45325145e-034 4.66404548e-077 2.48966731e-017 2.07206212e-042
  1.15728092e-059 2.17367351e-048 1.15942026e-012 6.64012456e-053
  1.00000000e+000]
 [1.89819780e-046 1.00000000e+000 1.58573198e-019 1.46256595e-049
  5.73327556e-019 2.16021576e-064 2.91730870e-030 7.00179714e-030
  5.31961900e-042 1.84996628e-012 4.73186630e-042 6.27395486e-047
  1.66481218e-032 4.58945260e-052 1.91029489e-009 1.63919847e-013
  1.47262077e-054 1.20935855e-041 2.79677196e-021 5.52434113e-020
  1.00000000e+000]
 [2.02567731e-032 1.58573198e-019 1.00000000e+000 2.72396604e-052
  2.23152605e-028 4.38943975e-075 8.62462255e-042 9.46936773e-037
  9.78167807e-044 1.75858589e-012 8.26249634e-027 1.11155399e-052
  7.92345963e-038 5.21436399e-083 2.51338280e-013 5.95906786e-012
  1.81787522e-077 2.76205102e-068 4.53332502e-022 5.44020368e-052
  1.00000000e+000]
 [1.93578002e-018 1.46256595e-049 2.72396604e-052 1.00000000e+000
  2.45630824e-021 3.72219753e-059 2.10740460e-033 1.00763415e-052
  4.91768692e-029 1.51559374e-030 3.85104579e-070 2.91486504e-013
  9.57580464e-026 3.16544046e-052 2.66779009e-023 8.19245881e-055
  2.95968441e-048 1.74452584e-036 3.50403583e-027 2.98525724e-040
  1.00000000e+000]
 [3.84530880e-025 5.73327556e-019 2.23152605e-028 2.45630824e-021
  1.00000000e+000 7.70846163e-027 1.01054630e-034 2.45848885e-031
  9.61950231e-045 1.25703996e-020 5.28774483e-030 8.62419455e-037
  2.15816290e-007 7.52639280e-020 3.29488403e-007 1.89173382e-041
  4.97595748e-043 2.66657567e-027 2.31654585e-027 3.21403184e-009
  1.00000000e+000]
 [3.70882475e-042 2.16021576e-064 4.38943975e-075 3.72219753e-059
  7.70846163e-027 1.00000000e+000 1.78535079e-061 5.39040593e-062
  2.89206871e-121 4.13582694e-081 2.36223843e-045 2.77413528e-108
  8.24659816e-030 1.28564536e-045 4.15303256e-041 6.70142200e-101
  1.78482567e-053 3.09283057e-038 1.66389692e-064 1.50829738e-030
  1.00000000e+000]
 [8.08303688e-028 2.91730870e-030 8.62462255e-042 2.10740460e-033
  1.01054630e-034 1.78535079e-061 1.00000000e+000 2.50890805e-034
  3.12694693e-034 4.05893135e-025 2.59078532e-047 4.24209610e-052
  2.19415887e-053 1.88535225e-092 8.59231820e-018 1.76566713e-028
  7.66583511e-019 3.07775099e-048 2.88512342e-019 5.35368795e-044
  1.00000000e+000]
 [6.95494733e-060 7.00179714e-030 9.46936773e-037 1.00763415e-052
  2.45848885e-031 5.39040593e-062 2.50890805e-034 1.00000000e+000
  1.35917708e-041 1.69975862e-030 7.47865710e-030 2.13577875e-066
  5.71688458e-028 2.83118804e-073 8.63867356e-027 4.16240664e-040
  8.70685767e-025 2.36613748e-032 4.47123308e-052 4.05295968e-031
  1.00000000e+000]
 [1.06149918e-055 5.31961900e-042 9.78167807e-044 4.91768692e-029
  9.61950231e-045 2.89206871e-121 3.12694693e-034 1.35917708e-041
  1.00000000e+000 7.61956145e-014 4.10089896e-069 1.16142854e-018
  1.68833604e-056 1.57255469e-090 3.78960749e-032 1.45416177e-032
  4.13865657e-053 3.76605921e-074 1.09418674e-041 4.44365695e-062
  1.00000000e+000]
 [1.74297816e-034 1.84996628e-012 1.75858589e-012 1.51559374e-030
  1.25703996e-020 4.13582694e-081 4.05893135e-025 1.69975862e-030
  7.61956145e-014 1.00000000e+000 3.99550741e-037 5.15783207e-025
  7.04923495e-035 4.08773171e-064 1.96568303e-008 2.64134872e-010
  7.06270802e-053 1.52274409e-057 8.81699509e-019 9.26995409e-037
  1.00000000e+000]
 [8.29866093e-051 4.73186630e-042 8.26249634e-027 3.85104579e-070
  5.28774483e-030 2.36223843e-045 2.59078532e-047 7.47865710e-030
  4.10089896e-069 3.99550741e-037 1.00000000e+000 4.26554830e-098
  1.19952827e-040 3.18575304e-075 4.59484843e-027 3.30742632e-053
  5.73387246e-049 8.56044996e-077 8.12446222e-060 7.48385730e-047
  1.00000000e+000]
 [7.84938558e-042 6.27395486e-047 1.11155399e-052 2.91486504e-013
  8.62419455e-037 2.77413528e-108 4.24209610e-052 2.13577875e-066
  1.16142854e-018 5.15783207e-025 4.26554830e-098 1.00000000e+000
  4.65403896e-042 6.38917239e-066 3.47901572e-033 7.10163267e-045
  3.36875011e-081 3.50247014e-056 2.36435036e-032 1.41213349e-055
  1.00000000e+000]
 [1.45325145e-034 1.66481218e-032 7.92345963e-038 9.57580464e-026
  2.15816290e-007 8.24659816e-030 2.19415887e-053 5.71688458e-028
  1.68833604e-056 7.04923495e-035 1.19952827e-040 4.65403896e-042
  1.00000000e+000 4.48357896e-023 5.08747826e-019 1.93916654e-056
  2.43799431e-052 2.22168298e-017 2.00902602e-041 3.02802044e-014
  1.00000000e+000]
 [4.66404548e-077 4.58945260e-052 5.21436399e-083 3.16544046e-052
  7.52639280e-020 1.28564536e-045 1.88535225e-092 2.83118804e-073
  1.57255469e-090 4.08773171e-064 3.18575304e-075 6.38917239e-066
  4.48357896e-023 1.00000000e+000 9.65132549e-046 4.15973120e-102
  1.75718390e-084 3.10370296e-047 7.83880374e-081 1.18025652e-015
  1.00000000e+000]
 [2.48966731e-017 1.91029489e-009 2.51338280e-013 2.66779009e-023
  3.29488403e-007 4.15303256e-041 8.59231820e-018 8.63867356e-027
  3.78960749e-032 1.96568303e-008 4.59484843e-027 3.47901572e-033
  5.08747826e-019 9.65132549e-046 1.00000000e+000 4.01379524e-017
  5.91892188e-040 1.77890410e-034 1.03786082e-010 8.74145917e-020
  1.00000000e+000]
 [2.07206212e-042 1.63919847e-013 5.95906786e-012 8.19245881e-055
  1.89173382e-041 6.70142200e-101 1.76566713e-028 4.16240664e-040
  1.45416177e-032 2.64134872e-010 3.30742632e-053 7.10163267e-045
  1.93916654e-056 4.15973120e-102 4.01379524e-017 1.00000000e+000
  3.93751419e-071 1.99943517e-067 7.81053816e-015 9.98140514e-057
  1.00000000e+000]
 [1.15728092e-059 1.47262077e-054 1.81787522e-077 2.95968441e-048
  4.97595748e-043 1.78482567e-053 7.66583511e-019 8.70685767e-025
  4.13865657e-053 7.06270802e-053 5.73387246e-049 3.36875011e-081
  2.43799431e-052 1.75718390e-084 5.91892188e-040 3.93751419e-071
  1.00000000e+000 2.07370022e-042 1.10363008e-061 2.84271820e-039
  1.00000000e+000]
 [2.17367351e-048 1.20935855e-041 2.76205102e-068 1.74452584e-036
  2.66657567e-027 3.09283057e-038 3.07775099e-048 2.36613748e-032
  3.76605921e-074 1.52274409e-057 8.56044996e-077 3.50247014e-056
  2.22168298e-017 3.10370296e-047 1.77890410e-034 1.99943517e-067
  2.07370022e-042 1.00000000e+000 1.81338447e-045 1.74723358e-019
  1.00000000e+000]
 [1.15942026e-012 2.79677196e-021 4.53332502e-022 3.50403583e-027
  2.31654585e-027 1.66389692e-064 2.88512342e-019 4.47123308e-052
  1.09418674e-041 8.81699509e-019 8.12446222e-060 2.36435036e-032
  2.00902602e-041 7.83880374e-081 1.03786082e-010 7.81053816e-015
  1.10363008e-061 1.81338447e-045 1.00000000e+000 1.13544359e-045
  1.00000000e+000]
 [6.64012456e-053 5.52434113e-020 5.44020368e-052 2.98525724e-040
  3.21403184e-009 1.50829738e-030 5.35368795e-044 4.05295968e-031
  4.44365695e-062 9.26995409e-037 7.48385730e-047 1.41213349e-055
  3.02802044e-014 1.18025652e-015 8.74145917e-020 9.98140514e-057
  2.84271820e-039 1.74723358e-019 1.13544359e-045 1.00000000e+000
  1.00000000e+000]
 [1.00000000e+000 1.00000000e+000 1.00000000e+000 1.00000000e+000
  1.00000000e+000 1.00000000e+000 1.00000000e+000 1.00000000e+000
  1.00000000e+000 1.00000000e+000 1.00000000e+000 1.00000000e+000
  1.00000000e+000 1.00000000e+000 1.00000000e+000 1.00000000e+000
  1.00000000e+000 1.00000000e+000 1.00000000e+000 1.00000000e+000
  0.00000000e+000]]
