[[1.00000000e+00 3.48058106e-55 1.34354635e-21 ... 9.76035575e-11
  6.26051345e-34 1.00000000e+00]
 [3.48058106e-55 1.00000000e+00 7.05092387e-27 ... 1.09089212e-40
  2.59049677e-29 1.00000000e+00]
 [1.34354635e-21 7.05092387e-27 1.00000000e+00 ... 5.10449295e-18
  5.23020650e-36 1.00000000e+00]
 ...
 [9.76035575e-11 1.09089212e-40 5.10449295e-18 ... 1.00000000e+00
  4.69158144e-17 1.00000000e+00]
 [6.26051345e-34 2.59049677e-29 5.23020650e-36 ... 4.69158144e-17
  1.00000000e+00 1.00000000e+00]
 [1.00000000e+00 1.00000000e+00 1.00000000e+00 ... 1.00000000e+00
  1.00000000e+00 0.00000000e+00]]
