[[1.00000000e+000 1.86164834e-036 1.15552396e-011 6.50954388e-024
  3.05404016e-071 1.30666082e-045 5.38234631e-048 3.39372664e-022
  1.26145149e-040 1.46306135e-040 2.86077373e-031 9.95701072e-058
  4.34857737e-013 3.59169798e-022 1.59598789e-049 2.21431732e-036
  9.32609823e-023 9.95647526e-044 6.70269480e-066 3.33504254e-015
  1.00000000e+000]
 [1.86164834e-036 1.00000000e+000 1.70945168e-037 4.85915136e-012
  4.43768877e-025 2.41235294e-027 1.22337052e-010 2.12239786e-036
  3.07117077e-014 2.31469052e-034 6.51729395e-035 3.08163749e-046
  2.51420686e-025 4.67722996e-025 7.60776235e-014 5.27671015e-021
  6.46812211e-021 6.83047583e-040 2.53703730e-015 1.72925737e-031
  1.00000000e+000]
 [1.15552396e-011 1.70945168e-037 1.00000000e+000 2.98637177e-030
  1.36040053e-066 1.85054581e-032 1.01009526e-038 1.05255431e-025
  8.22493485e-042 4.09628309e-030 2.48821366e-045 3.97896779e-047
  9.58221991e-011 1.16558673e-019 8.01893742e-043 1.28499198e-029
  3.94359170e-032 2.82736122e-032 1.03601996e-058 3.47445012e-021
  1.00000000e+000]
 [6.50954388e-024 4.85915136e-012 2.98637177e-030 1.00000000e+000
  5.78834539e-037 3.79026927e-035 6.69106483e-017 2.82272031e-022
  1.47106039e-016 3.32454895e-052 3.26356138e-022 1.85191365e-033
  3.66981758e-023 1.15432283e-021 1.70036844e-011 2.83051374e-013
  5.12520802e-008 1.67452485e-047 7.33793890e-036 1.82992098e-020
  1.00000000e+000]
 [3.05404016e-071 4.43768877e-025 1.36040053e-066 5.78834539e-037
  1.00000000e+000 8.55844860e-030 4.70665070e-025 4.63108049e-090
  1.42961501e-060 1.90590295e-039 2.87290281e-044 9.29939850e-033
  2.46862627e-073 8.45198997e-026 6.85818458e-042 3.22969742e-059
  1.86006445e-034 2.11264748e-113 1.33689322e-028 2.39422767e-063
  1.00000000e+000]
 [1.30666082e-045 2.41235294e-027 1.85054581e-032 3.79026927e-035
  8.55844860e-030 1.00000000e+000 7.09877984e-039 4.36434857e-075
  1.98407115e-058 1.10882393e-009 9.02020059e-025 5.73880420e-055
  8.97301168e-051 2.21000249e-009 4.83222299e-046 3.68309774e-033
  3.55591938e-051 2.24818560e-066 3.53243298e-013 2.86577030e-062
  1.00000000e+000]
 [5.38234631e-048 1.22337052e-010 1.01009526e-038 6.69106483e-017
  4.70665070e-025 7.09877984e-039 1.00000000e+000 2.67572073e-031
  1.48336063e-012 1.60965606e-051 1.80624371e-048 4.80988142e-039
  3.03590731e-028 8.12753330e-031 8.33201898e-006 8.67278395e-020
  2.98545256e-020 4.99914448e-050 4.88735126e-035 3.28543232e-038
  1.00000000e+000]
 [3.39372664e-022 2.12239786e-036 1.05255431e-025 2.82272031e-022
  4.63108049e-090 4.36434857e-075 2.67572073e-031 1.00000000e+000
  1.14468035e-013 2.81332929e-082 5.72271458e-059 5.92280525e-070
  3.09022833e-008 6.78855026e-051 9.07311288e-024 2.62495695e-021
  1.83970564e-025 2.37514128e-026 2.73894312e-083 8.69001249e-023
  1.00000000e+000]
 [1.26145149e-040 3.07117077e-014 8.22493485e-042 1.47106039e-016
  1.42961501e-060 1.98407115e-058 1.48336063e-012 1.14468035e-013
  1.00000000e+000 1.42325111e-070 1.06511120e-052 9.69143917e-071
  1.09841181e-017 9.43294073e-048 3.18441893e-007 3.39135046e-013
  2.39729040e-027 1.47905639e-026 1.43477975e-047 6.09784287e-037
  1.00000000e+000]
 [1.46306135e-040 2.31469052e-034 4.09628309e-030 3.32454895e-052
  1.90590295e-039 1.10882393e-009 1.60965606e-051 2.81332929e-082
  1.42325111e-070 1.00000000e+000 1.29043964e-040 1.13374783e-067
  8.75966701e-048 4.46880586e-015 7.25228947e-068 3.79817718e-055
  4.78740955e-060 1.26105434e-066 7.81132244e-024 1.02808390e-059
  1.00000000e+000]
 [2.86077373e-031 6.51729395e-035 2.48821366e-045 3.26356138e-022
  2.87290281e-044 9.02020059e-025 1.80624371e-048 5.72271458e-059
  1.06511120e-052 1.29043964e-040 1.00000000e+000 1.56605676e-068
  3.20429565e-054 4.97242918e-013 2.14451151e-046 7.00641134e-031
  1.75869367e-035 5.42738925e-086 2.74969492e-038 2.18053619e-058
  1.00000000e+000]
 [9.95701072e-058 3.08163749e-046 3.97896779e-047 1.85191365e-033
  9.29939850e-033 5.73880420e-055 4.80988142e-039 5.92280525e-070
  9.69143917e-071 1.13374783e-067 1.56605676e-068 1.00000000e+000
  1.51139197e-059 5.73196880e-039 1.02140729e-047 1.00395973e-064
  2.26977725e-021 1.81988830e-105 3.72248883e-070 6.08425280e-030
  1.00000000e+000]
 [4.34857737e-013 2.51420686e-025 9.58221991e-011 3.66981758e-023
  2.46862627e-073 8.97301168e-051 3.03590731e-028 3.09022833e-008
  1.09841181e-017 8.75966701e-048 3.20429565e-054 1.51139197e-059
  1.00000000e+000 3.39357986e-035 2.72629758e-028 2.43106940e-023
  6.79255313e-026 3.64967756e-015 1.08585872e-059 5.46679440e-015
  1.00000000e+000]
 [3.59169798e-022 4.67722996e-025 1.16558673e-019 1.15432283e-021
  8.45198997e-026 2.21000249e-009 8.12753330e-031 6.78855026e-051
  9.43294073e-048 4.46880586e-015 4.97242918e-013 5.73196880e-039
  3.39357986e-035 1.00000000e+000 6.85366764e-039 1.38833694e-029
  2.90175119e-026 9.86894948e-068 2.81069861e-029 1.53138351e-038
  1.00000000e+000]
 [1.59598789e-049 7.60776235e-014 8.01893742e-043 1.70036844e-011
  6.85818458e-042 4.83222299e-046 8.33201898e-006 9.07311288e-024
  3.18441893e-007 7.25228947e-068 2.14451151e-046 1.02140729e-047
  2.72629758e-028 6.85366764e-039 1.00000000e+000 9.49751868e-010
  1.44454238e-022 3.63379368e-042 1.09341492e-039 2.50699187e-040
  1.00000000e+000]
 [2.21431732e-036 5.27671015e-021 1.28499198e-029 2.83051374e-013
  3.22969742e-059 3.68309774e-033 8.67278395e-020 2.62495695e-021
  3.39135046e-013 3.79817718e-055 7.00641134e-031 1.00395973e-064
  2.43106940e-023 1.38833694e-029 9.49751868e-010 1.00000000e+000
  2.05940657e-033 1.97172551e-029 4.96649300e-037 2.18531559e-045
  1.00000000e+000]
 [9.32609823e-023 6.46812211e-021 3.94359170e-032 5.12520802e-008
  1.86006445e-034 3.55591938e-051 2.98545256e-020 1.83970564e-025
  2.39729040e-027 4.78740955e-060 1.75869367e-035 2.26977725e-021
  6.79255313e-026 2.90175119e-026 1.44454238e-022 2.05940657e-033
  1.00000000e+000 7.66905018e-067 3.09552694e-057 1.24643639e-011
  1.00000000e+000]
 [9.95647526e-044 6.83047583e-040 2.82736122e-032 1.67452485e-047
  2.11264748e-113 2.24818560e-066 4.99914448e-050 2.37514128e-026
  1.47905639e-026 1.26105434e-066 5.42738925e-086 1.81988830e-105
  3.64967756e-015 9.86894948e-068 3.63379368e-042 1.97172551e-029
  7.66905018e-067 1.00000000e+000 1.43545556e-063 3.65307422e-047
  1.00000000e+000]
 [6.70269480e-066 2.53703730e-015 1.03601996e-058 7.33793890e-036
  1.33689322e-028 3.53243298e-013 4.88735126e-035 2.73894312e-083
  1.43477975e-047 7.81132244e-024 2.74969492e-038 3.72248883e-070
  1.08585872e-059 2.81069861e-029 1.09341492e-039 4.96649300e-037
  3.09552694e-057 1.43545556e-063 1.00000000e+000 1.54498410e-071
  1.00000000e+000]
 [3.33504254e-015 1.72925737e-031 3.47445012e-021 1.82992098e-020
  2.39422767e-063 2.86577030e-062 3.28543232e-038 8.69001249e-023
  6.09784287e-037 1.02808390e-059 2.18053619e-058 6.08425280e-030
  5.46679440e-015 1.53138351e-038 2.50699187e-040 2.18531559e-045
  1.24643639e-011 3.65307422e-047 1.54498410e-071 1.00000000e+000
  1.00000000e+000]
 [1.00000000e+000 1.00000000e+000 1.00000000e+000 1.00000000e+000
  1.00000000e+000 1.00000000e+000 1.00000000e+000 1.00000000e+000
  1.00000000e+000 1.00000000e+000 1.00000000e+000 1.00000000e+000
  1.00000000e+000 1.00000000e+000 1.00000000e+000 1.00000000e+000
  1.00000000e+000 1.00000000e+000 1.00000000e+000 1.00000000e+000
  0.00000000e+000]]
