[[1.00000000e+000 5.41711669e-053 8.27198595e-034 1.07257926e-093
  8.35005820e-047 4.76400336e-026 1.99102731e-014 1.05801284e-045
  2.20580174e-036 9.10009433e-035 9.61713218e-040 2.10128248e-034
  4.42528342e-045 2.12622696e-035 5.51332861e-057 1.87723137e-093
  1.65162937e-050 1.02504724e-015 1.23993000e-073 6.85214210e-054
  1.00000000e+000]
 [5.41711669e-053 1.00000000e+000 5.48279141e-065 2.73497299e-055
  1.20005632e-085 7.12676545e-049 7.90574148e-052 5.83376721e-080
  3.19415647e-040 7.53764759e-040 1.05567571e-012 1.14893402e-055
  8.51399817e-050 1.85857227e-067 4.85405419e-072 1.59609569e-071
  1.31632954e-036 5.85734717e-062 1.34879096e-025 3.05555735e-074
  1.00000000e+000]
 [8.27198595e-034 5.48279141e-065 1.00000000e+000 1.97988856e-081
  3.71205044e-054 1.23540261e-041 1.32668047e-044 1.09909854e-082
  2.12193397e-067 5.56514750e-020 1.14448903e-053 5.94766798e-016
  7.97844698e-036 2.95149364e-008 1.10287055e-066 3.86318920e-044
  3.19809735e-055 1.63642620e-013 2.12148196e-045 1.69994651e-038
  1.00000000e+000]
 [1.07257926e-093 2.73497299e-055 1.97988856e-081 1.00000000e+000
  2.00495575e-042 1.84202371e-056 4.54667501e-092 6.01602362e-043
  2.12748074e-075 3.27999692e-076 1.54855725e-065 1.88332330e-072
  3.10186280e-043 6.27567171e-087 1.79183286e-030 2.75293583e-048
  2.30664614e-080 3.96243018e-067 1.64690655e-059 1.39141747e-026
  1.00000000e+000]
 [8.35005820e-047 1.20005632e-085 3.71205044e-054 2.00495575e-042
  1.00000000e+000 1.40459482e-049 1.76290899e-042 1.74094563e-019
  2.53058375e-068 6.38349210e-086 6.92908570e-080 1.06345312e-053
  7.12983004e-031 3.10846552e-068 1.65116553e-033 1.13439715e-050
  2.39611398e-063 2.70437350e-024 3.92437394e-104 1.80819882e-034
  1.00000000e+000]
 [4.76400336e-026 7.12676545e-049 1.23540261e-041 1.84202371e-056
  1.40459482e-049 1.00000000e+000 9.70515070e-040 9.58808774e-035
  6.35880404e-058 4.24888658e-024 6.28215431e-062 2.24781735e-034
  1.43209748e-043 2.01296818e-036 1.39330410e-046 7.08988509e-103
  3.67855091e-089 1.69807265e-024 8.64895482e-057 8.37210873e-025
  1.00000000e+000]
 [1.99102731e-014 7.90574148e-052 1.32668047e-044 4.54667501e-092
  1.76290899e-042 9.70515070e-040 1.00000000e+000 3.49817096e-061
  4.26794856e-069 7.06191716e-059 1.12405574e-044 2.77249757e-024
  6.93655527e-023 6.21001763e-040 8.81583206e-087 3.83849173e-083
  5.68937794e-031 8.81792546e-030 9.79076261e-097 5.46808452e-073
  1.00000000e+000]
 [1.05801284e-045 5.83376721e-080 1.09909854e-082 6.01602362e-043
  1.74094563e-019 9.58808774e-035 3.49817096e-061 1.00000000e+000
  3.10694909e-046 2.29568620e-082 1.20229623e-082 9.14577275e-085
  9.93733577e-064 4.40156416e-095 9.83294945e-017 2.44996977e-098
  2.53811270e-098 1.91375095e-036 5.97702106e-099 9.94331495e-033
  1.00000000e+000]
 [2.20580174e-036 3.19415647e-040 2.12193397e-067 2.12748074e-075
  2.53058375e-068 6.35880404e-058 4.26794856e-069 3.10694909e-046
  1.00000000e+000 5.98830813e-051 2.63423465e-029 2.59874066e-092
  3.34039558e-089 3.54255477e-089 6.82955047e-030 1.13488395e-086
  3.05319652e-064 2.05528394e-042 5.58968024e-044 4.87883840e-065
  1.00000000e+000]
 [9.10009433e-035 7.53764759e-040 5.56514750e-020 3.27999692e-076
  6.38349210e-086 4.24888658e-024 7.06191716e-059 2.29568620e-082
  5.98830813e-051 1.00000000e+000 1.36180120e-039 5.65618450e-030
  6.61352153e-056 1.23823817e-018 5.54397749e-062 1.28540588e-080
  5.18751135e-075 1.21213239e-030 2.22630037e-020 4.23313899e-037
  1.00000000e+000]
 [9.61713218e-040 1.05567571e-012 1.14448903e-053 1.54855725e-065
  6.92908570e-080 6.28215431e-062 1.12405574e-044 1.20229623e-082
  2.63423465e-029 1.36180120e-039 1.00000000e+000 1.48181687e-050
  4.67623750e-047 8.09266793e-057 1.48413780e-064 2.53042543e-057
  1.77365557e-019 1.17220739e-054 2.19929193e-032 1.21503065e-072
  1.00000000e+000]
 [2.10128248e-034 1.14893402e-055 5.94766798e-016 1.88332330e-072
  1.06345312e-053 2.24781735e-034 2.77249757e-024 9.14577275e-085
  2.59874066e-092 5.65618450e-030 1.48181687e-050 1.00000000e+000
  4.25430557e-012 4.44028720e-006 2.17432052e-086 5.58269632e-055
  1.61565699e-043 4.14321341e-028 1.38686890e-064 5.52161224e-044
  1.00000000e+000]
 [4.42528342e-045 8.51399817e-050 7.97844698e-036 3.10186280e-043
  7.12983004e-031 1.43209748e-043 6.93655527e-023 9.93733577e-064
  3.34039558e-089 6.61352153e-056 4.67623750e-047 4.25430557e-012
  1.00000000e+000 1.69236738e-029 1.27760781e-071 1.23043409e-037
  2.22056427e-029 5.30422948e-036 7.17700411e-076 9.72092473e-043
  1.00000000e+000]
 [2.12622696e-035 1.85857227e-067 2.95149364e-008 6.27567171e-087
  3.10846552e-068 2.01296818e-036 6.21001763e-040 4.40156416e-095
  3.54255477e-089 1.23823817e-018 8.09266793e-057 4.44028720e-006
  1.69236738e-029 1.00000000e+000 5.76655954e-085 3.14444739e-063
  6.69064243e-061 3.88670847e-026 9.99412583e-057 4.33773117e-041
  1.00000000e+000]
 [5.51332861e-057 4.85405419e-072 1.10287055e-066 1.79183286e-030
  1.65116553e-033 1.39330410e-046 8.81583206e-087 9.83294945e-017
  6.82955047e-030 5.54397749e-062 1.48413780e-064 2.17432052e-086
  1.27760781e-071 5.76655954e-085 1.00000000e+000 9.93591424e-069
  1.25875208e-093 1.31290748e-037 1.67144673e-060 9.62561214e-020
  1.00000000e+000]
 [1.87723137e-093 1.59609569e-071 3.86318920e-044 2.75293583e-048
  1.13439715e-050 7.08988509e-103 3.83849173e-083 2.44996977e-098
  1.13488395e-086 1.28540588e-080 2.53042543e-057 5.58269632e-055
  1.23043409e-037 3.14444739e-063 9.93591424e-069 1.00000000e+000
  6.76907957e-038 2.43545500e-056 3.35854007e-062 1.49311381e-061
  1.00000000e+000]
 [1.65162937e-050 1.31632954e-036 3.19809735e-055 2.30664614e-080
  2.39611398e-063 3.67855091e-089 5.68937794e-031 2.53811270e-098
  3.05319652e-064 5.18751135e-075 1.77365557e-019 1.61565699e-043
  2.22056427e-029 6.69064243e-061 1.25875208e-093 6.76907957e-038
  1.00000000e+000 1.10407216e-057 3.90002203e-073 2.44552867e-095
  1.00000000e+000]
 [1.02504724e-015 5.85734717e-062 1.63642620e-013 3.96243018e-067
  2.70437350e-024 1.69807265e-024 8.81792546e-030 1.91375095e-036
  2.05528394e-042 1.21213239e-030 1.17220739e-054 4.14321341e-028
  5.30422948e-036 3.88670847e-026 1.31290748e-037 2.43545500e-056
  1.10407216e-057 1.00000000e+000 1.27781977e-058 1.50468212e-028
  1.00000000e+000]
 [1.23993000e-073 1.34879096e-025 2.12148196e-045 1.64690655e-059
  3.92437394e-104 8.64895482e-057 9.79076261e-097 5.97702106e-099
  5.58968024e-044 2.22630037e-020 2.19929193e-032 1.38686890e-064
  7.17700411e-076 9.99412583e-057 1.67144673e-060 3.35854007e-062
  3.90002203e-073 1.27781977e-058 1.00000000e+000 4.98954424e-055
  1.00000000e+000]
 [6.85214210e-054 3.05555735e-074 1.69994651e-038 1.39141747e-026
  1.80819882e-034 8.37210873e-025 5.46808452e-073 9.94331495e-033
  4.87883840e-065 4.23313899e-037 1.21503065e-072 5.52161224e-044
  9.72092473e-043 4.33773117e-041 9.62561214e-020 1.49311381e-061
  2.44552867e-095 1.50468212e-028 4.98954424e-055 1.00000000e+000
  1.00000000e+000]
 [1.00000000e+000 1.00000000e+000 1.00000000e+000 1.00000000e+000
  1.00000000e+000 1.00000000e+000 1.00000000e+000 1.00000000e+000
  1.00000000e+000 1.00000000e+000 1.00000000e+000 1.00000000e+000
  1.00000000e+000 1.00000000e+000 1.00000000e+000 1.00000000e+000
  1.00000000e+000 1.00000000e+000 1.00000000e+000 1.00000000e+000
  0.00000000e+000]]
