[[1.00000000e+000 1.02909069e-028 4.15467497e-059 1.71593799e-038
  2.89714996e-025 2.22658278e-029 4.68124050e-035 2.73523755e-035
  3.74433083e-022 9.85477110e-031 3.01010768e-051 1.05546662e-032
  2.74586867e-015 2.38273995e-019 1.05791252e-027 2.18119268e-027
  1.12537347e-010 5.56025085e-061 1.57659880e-018 5.97923550e-051
  1.00000000e+000]
 [1.02909069e-028 1.00000000e+000 5.33075805e-040 1.64854804e-059
  4.73854177e-089 6.06067339e-038 1.03879600e-047 1.36397347e-052
  3.32333897e-065 2.42081257e-076 2.94417429e-054 2.05745850e-061
  5.15249327e-031 1.67313942e-064 1.83261690e-018 9.01756871e-072
  2.54452454e-032 1.07229542e-052 6.35052007e-032 3.09285718e-019
  1.00000000e+000]
 [4.15467497e-059 5.33075805e-040 1.00000000e+000 2.42364845e-053
  1.08482413e-087 2.39057743e-030 1.98433664e-059 2.43044680e-045
  1.02862144e-068 5.34301983e-076 6.84274828e-039 3.28150707e-084
  6.68032749e-046 2.55442705e-069 6.48333438e-016 1.05557364e-069
  4.71054933e-065 2.89476658e-061 7.92339097e-041 2.91934311e-019
  1.00000000e+000]
 [1.71593799e-038 1.64854804e-059 2.42364845e-053 1.00000000e+000
  8.71095393e-026 8.31399518e-038 1.26490148e-057 1.90392768e-052
  1.87745672e-024 1.08443545e-019 5.37142399e-012 3.94887774e-031
  1.24091889e-040 1.29455739e-019 1.18017108e-051 3.96665600e-025
  4.39978678e-035 9.34827197e-043 3.01199684e-019 1.32871375e-061
  1.00000000e+000]
 [2.89714996e-025 4.73854177e-089 1.08482413e-087 8.71095393e-026
  1.00000000e+000 4.56391873e-043 2.26398834e-066 1.20035526e-062
  1.87409222e-015 2.50512183e-015 8.35236310e-047 7.47681390e-045
  7.97548663e-043 4.17858010e-013 2.26829692e-068 1.59603221e-022
  9.46577749e-039 3.76476714e-086 5.76703296e-031 1.21807205e-102
  1.00000000e+000]
 [2.22658278e-029 6.06067339e-038 2.39057743e-030 8.31399518e-038
  4.56391873e-043 1.00000000e+000 1.33584481e-062 2.51296290e-069
  3.00218735e-023 6.61023637e-043 7.54018633e-021 1.22849798e-084
  3.89409263e-044 6.88143079e-034 1.42091494e-022 1.70064891e-050
  1.08021777e-045 7.04129876e-049 1.22106551e-036 1.91208717e-057
  1.00000000e+000]
 [4.68124050e-035 1.03879600e-047 1.98433664e-059 1.26490148e-057
  2.26398834e-066 1.33584481e-062 1.00000000e+000 2.97577582e-051
  5.10354842e-049 1.21932643e-031 8.26151916e-079 1.15864580e-044
  1.12114490e-008 8.62432182e-047 1.60716085e-059 1.75983894e-023
  4.85475278e-036 1.18089751e-078 1.52697358e-050 1.09892972e-050
  1.00000000e+000]
 [2.73523755e-035 1.36397347e-052 2.43044680e-045 1.90392768e-052
  1.20035526e-062 2.51296290e-069 2.97577582e-051 1.00000000e+000
  8.43603170e-060 8.44957059e-068 1.05215329e-068 3.15408777e-022
  1.58758134e-035 1.62550778e-041 9.03631525e-028 6.91076859e-041
  1.01535513e-022 1.28381057e-058 5.60413720e-032 4.76957686e-036
  1.00000000e+000]
 [3.74433083e-022 3.32333897e-065 1.02862144e-068 1.87745672e-024
  1.87409222e-015 3.00218735e-023 5.10354842e-049 8.43603170e-060
  1.00000000e+000 1.29967129e-013 9.09341104e-029 2.58697871e-048
  1.27850758e-039 3.79734446e-004 2.48982460e-051 2.24448693e-014
  1.30695463e-024 2.53748884e-041 6.46005782e-042 6.57698215e-092
  1.00000000e+000]
 [9.85477110e-031 2.42081257e-076 5.34301983e-076 1.08443545e-019
  2.50512183e-015 6.61023637e-043 1.21932643e-031 8.44957059e-068
  1.29967129e-013 1.00000000e+000 6.70666784e-041 1.07289463e-040
  1.93677330e-026 1.50690119e-014 3.67132732e-073 4.11177648e-008
  4.40685172e-037 2.61876065e-070 1.68804675e-037 7.46066884e-089
  1.00000000e+000]
 [3.01010768e-051 2.94417429e-054 6.84274828e-039 5.37142399e-012
  8.35236310e-047 7.54018633e-021 8.26151916e-079 1.05215329e-068
  9.09341104e-029 6.70666784e-041 1.00000000e+000 2.69330289e-064
  1.97326363e-061 1.78133315e-031 2.86714419e-040 1.89645996e-047
  6.07257148e-049 3.59462086e-028 2.31566848e-034 5.38603474e-063
  1.00000000e+000]
 [1.05546662e-032 2.05745850e-061 3.28150707e-084 3.94887774e-031
  7.47681390e-045 1.22849798e-084 1.15864580e-044 3.15408777e-022
  2.58697871e-048 1.07289463e-040 2.69330289e-064 1.00000000e+000
  6.30442292e-032 9.03989430e-029 3.10911409e-061 2.45386747e-024
  1.11537961e-015 3.34395832e-059 6.09789028e-028 1.65256839e-060
  1.00000000e+000]
 [2.74586867e-015 5.15249327e-031 6.68032749e-046 1.24091889e-040
  7.97548663e-043 3.89409263e-044 1.12114490e-008 1.58758134e-035
  1.27850758e-039 1.93677330e-026 1.97326363e-061 6.30442292e-032
  1.00000000e+000 1.22913462e-035 2.27952752e-037 3.97028829e-023
  2.97953295e-024 2.31106820e-076 1.13102762e-021 4.64859515e-033
  1.00000000e+000]
 [2.38273995e-019 1.67313942e-064 2.55442705e-069 1.29455739e-019
  4.17858010e-013 6.88143079e-034 8.62432182e-047 1.62550778e-041
  3.79734446e-004 1.50690119e-014 1.78133315e-031 9.03989430e-029
  1.22913462e-035 1.00000000e+000 7.98988027e-049 3.47020713e-009
  2.30412947e-015 2.54861942e-038 8.53092070e-034 1.01775278e-083
  1.00000000e+000]
 [1.05791252e-027 1.83261690e-018 6.48333438e-016 1.18017108e-051
  2.26829692e-068 1.42091494e-022 1.60716085e-059 9.03631525e-028
  2.48982460e-051 3.67132732e-073 2.86714419e-040 3.10911409e-061
  2.27952752e-037 7.98988027e-049 1.00000000e+000 4.11765405e-062
  2.55371122e-032 5.15501718e-046 9.28843678e-027 9.63042931e-020
  1.00000000e+000]
 [2.18119268e-027 9.01756871e-072 1.05557364e-069 3.96665600e-025
  1.59603221e-022 1.70064891e-050 1.75983894e-023 6.91076859e-041
  2.24448693e-014 4.11177648e-008 1.89645996e-047 2.45386747e-024
  3.97028829e-023 3.47020713e-009 4.11765405e-062 1.00000000e+000
  7.72177468e-022 1.37299777e-053 4.99130544e-040 4.53710495e-079
  1.00000000e+000]
 [1.12537347e-010 2.54452454e-032 4.71054933e-065 4.39978678e-035
  9.46577749e-039 1.08021777e-045 4.85475278e-036 1.01535513e-022
  1.30695463e-024 4.40685172e-037 6.07257148e-049 1.11537961e-015
  2.97953295e-024 2.30412947e-015 2.55371122e-032 7.72177468e-022
  1.00000000e+000 6.05628411e-034 1.11172470e-027 5.53744657e-053
  1.00000000e+000]
 [5.56025085e-061 1.07229542e-052 2.89476658e-061 9.34827197e-043
  3.76476714e-086 7.04129876e-049 1.18089751e-078 1.28381057e-058
  2.53748884e-041 2.61876065e-070 3.59462086e-028 3.34395832e-059
  2.31106820e-076 2.54861942e-038 5.15501718e-046 1.37299777e-053
  6.05628411e-034 1.00000000e+000 6.75849759e-068 6.68176052e-075
  1.00000000e+000]
 [1.57659880e-018 6.35052007e-032 7.92339097e-041 3.01199684e-019
  5.76703296e-031 1.22106551e-036 1.52697358e-050 5.60413720e-032
  6.46005782e-042 1.68804675e-037 2.31566848e-034 6.09789028e-028
  1.13102762e-021 8.53092070e-034 9.28843678e-027 4.99130544e-040
  1.11172470e-027 6.75849759e-068 1.00000000e+000 4.56371242e-029
  1.00000000e+000]
 [5.97923550e-051 3.09285718e-019 2.91934311e-019 1.32871375e-061
  1.21807205e-102 1.91208717e-057 1.09892972e-050 4.76957686e-036
  6.57698215e-092 7.46066884e-089 5.38603474e-063 1.65256839e-060
  4.64859515e-033 1.01775278e-083 9.63042931e-020 4.53710495e-079
  5.53744657e-053 6.68176052e-075 4.56371242e-029 1.00000000e+000
  1.00000000e+000]
 [1.00000000e+000 1.00000000e+000 1.00000000e+000 1.00000000e+000
  1.00000000e+000 1.00000000e+000 1.00000000e+000 1.00000000e+000
  1.00000000e+000 1.00000000e+000 1.00000000e+000 1.00000000e+000
  1.00000000e+000 1.00000000e+000 1.00000000e+000 1.00000000e+000
  1.00000000e+000 1.00000000e+000 1.00000000e+000 1.00000000e+000
  0.00000000e+000]]
