[[1.00000000e+00 5.40786315e-28 1.43636359e-20 ... 2.04173840e-82
  9.14940822e-46 1.00000000e+00]
 [5.40786315e-28 1.00000000e+00 2.53934696e-20 ... 2.48198707e-64
  6.90160353e-20 1.00000000e+00]
 [1.43636359e-20 2.53934696e-20 1.00000000e+00 ... 1.42940643e-57
  1.53594011e-27 1.00000000e+00]
 ...
 [2.04173840e-82 2.48198707e-64 1.42940643e-57 ... 1.00000000e+00
  2.48064283e-36 1.00000000e+00]
 [9.14940822e-46 6.90160353e-20 1.53594011e-27 ... 2.48064283e-36
  1.00000000e+00 1.00000000e+00]
 [1.00000000e+00 1.00000000e+00 1.00000000e+00 ... 1.00000000e+00
  1.00000000e+00 0.00000000e+00]]
