[[1.00000000e+00 1.27807515e-34 3.24915676e-61 8.12436541e-47
  5.00225107e-50 2.22480200e-51 9.55245947e-66 1.80290315e-16
  3.93561921e-38 2.19741031e-47 6.05702148e-35 1.68509619e-31
  1.29277851e-23 1.38190534e-10 1.22093173e-35 4.93113048e-44
  7.65541492e-69 3.14415369e-46 1.07733097e-55 1.73852675e-15
  1.00000000e+00]
 [1.27807515e-34 1.00000000e+00 3.18126925e-64 1.83447477e-15
  1.44257641e-17 1.13644345e-17 1.87404666e-54 9.81449724e-36
  7.59847142e-15 3.56798457e-49 3.92676094e-61 3.64284184e-49
  2.70218625e-47 1.71734314e-49 3.25160879e-05 2.35622453e-23
  4.03606826e-27 7.56559146e-33 1.25884832e-17 4.30400452e-45
  1.00000000e+00]
 [3.24915676e-61 3.18126925e-64 1.00000000e+00 1.96080683e-66
  7.55764274e-75 1.22580672e-34 6.41000989e-48 9.95172133e-23
  6.88754816e-81 3.80515092e-08 5.47950743e-38 2.42947241e-09
  1.02446760e-76 1.82606591e-53 1.24940685e-59 1.57925562e-48
  3.60605422e-43 1.00807314e-80 9.79813776e-71 1.18847481e-80
  1.00000000e+00]
 [8.12436541e-47 1.83447477e-15 1.96080683e-66 1.00000000e+00
  1.20729547e-16 6.88277810e-19 6.56862267e-56 2.15532780e-35
  1.08219966e-10 2.44564380e-45 6.71673055e-80 4.54905719e-60
  2.79641117e-58 4.27182575e-58 2.61429950e-17 1.51516780e-33
  4.02654539e-30 2.63660136e-59 5.45380884e-09 1.52092662e-34
  1.00000000e+00]
 [5.00225107e-50 1.44257641e-17 7.55764274e-75 1.20729547e-16
  1.00000000e+00 1.21937557e-20 2.83579415e-83 2.89360895e-38
  1.20641734e-11 2.63727299e-58 9.01627394e-57 5.59543576e-71
  1.02451920e-73 4.45934822e-66 6.61045228e-14 1.00151317e-47
  2.23256699e-46 1.05117709e-66 3.46741572e-13 6.62068740e-60
  1.00000000e+00]
 [2.22480200e-51 1.13644345e-17 1.22580672e-34 6.88277810e-19
  1.21937557e-20 1.00000000e+00 2.86329571e-27 4.69540451e-32
  2.17182159e-31 7.02495826e-32 1.04634234e-40 3.36853865e-36
  1.14006237e-49 2.09025748e-53 1.61703638e-10 1.70831627e-16
  2.03596788e-09 7.85197437e-35 4.71649244e-18 2.00967721e-61
  1.00000000e+00]
 [9.55245947e-66 1.87404666e-54 6.41000989e-48 6.56862267e-56
  2.83579415e-83 2.86329571e-27 1.00000000e+00 1.95874887e-59
  3.21841375e-83 3.90593868e-53 2.43738705e-59 2.07182302e-39
  2.67974380e-32 2.72373743e-55 4.65312233e-44 3.25127119e-17
  3.06216135e-18 8.02623666e-25 1.70400855e-62 7.81557663e-69
  1.00000000e+00]
 [1.80290315e-16 9.81449724e-36 9.95172133e-23 2.15532780e-35
  2.89360895e-38 4.69540451e-32 1.95874887e-59 1.00000000e+00
  2.73453489e-32 1.07385916e-11 2.88968486e-28 9.92535399e-13
  8.64643086e-43 7.32181602e-25 1.35670783e-36 6.90209324e-39
  6.28353207e-54 5.70676963e-68 4.76863160e-39 5.28137180e-27
  1.00000000e+00]
 [3.93561921e-38 7.59847142e-15 6.88754816e-81 1.08219966e-10
  1.20641734e-11 2.17182159e-31 3.21841375e-83 2.73453489e-32
  1.00000000e+00 4.38503209e-51 9.76013299e-76 5.87073722e-65
  5.47495850e-56 1.85044081e-65 1.90737863e-22 1.17385660e-38
  1.50699386e-57 1.48571329e-72 3.80176277e-07 9.00257413e-32
  1.00000000e+00]
 [2.19741031e-47 3.56798457e-49 3.80515092e-08 2.44564380e-45
  2.63727299e-58 7.02495826e-32 3.90593868e-53 1.07385916e-11
  4.38503209e-51 1.00000000e+00 3.84220495e-47 2.27296307e-09
  5.11870399e-63 8.82264561e-54 8.66090801e-53 6.83661812e-38
  5.72675006e-48 2.52983232e-85 1.21535361e-45 9.90237654e-53
  1.00000000e+00]
 [6.05702148e-35 3.92676094e-61 5.47950743e-38 6.71673055e-80
  9.01627394e-57 1.04634234e-40 2.43738705e-59 2.88968486e-28
  9.76013299e-76 3.84220495e-47 1.00000000e+00 2.59079389e-29
  6.74508964e-49 1.47865217e-31 2.48610372e-45 3.99041406e-52
  5.93522497e-63 1.58702367e-52 8.53900919e-76 4.63527088e-75
  1.00000000e+00]
 [1.68509619e-31 3.64284184e-49 2.42947241e-09 4.54905719e-60
  5.59543576e-71 3.36853865e-36 2.07182302e-39 9.92535399e-13
  5.87073722e-65 2.27296307e-09 2.59079389e-29 1.00000000e+00
  9.66807374e-42 3.26389836e-32 1.51843863e-49 6.08509533e-32
  2.81116958e-46 5.32952561e-58 5.21532317e-63 2.03119848e-49
  1.00000000e+00]
 [1.29277851e-23 2.70218625e-47 1.02446760e-76 2.79641117e-58
  1.02451920e-73 1.14006237e-49 2.67974380e-32 8.64643086e-43
  5.47495850e-56 5.11870399e-63 6.74508964e-49 9.66807374e-42
  1.00000000e+00 3.38736890e-36 4.66068877e-46 1.06796676e-19
  4.78005620e-61 7.05586146e-30 2.60978482e-56 1.87815293e-26
  1.00000000e+00]
 [1.38190534e-10 1.71734314e-49 1.82606591e-53 4.27182575e-58
  4.45934822e-66 2.09025748e-53 2.72373743e-55 7.32181602e-25
  1.85044081e-65 8.82264561e-54 1.47865217e-31 3.26389836e-32
  3.38736890e-36 1.00000000e+00 4.18990103e-41 3.22779995e-57
  1.35419578e-58 1.18093897e-40 1.32382098e-79 8.56755318e-32
  1.00000000e+00]
 [1.22093173e-35 3.25160879e-05 1.24940685e-59 2.61429950e-17
  6.61045228e-14 1.61703638e-10 4.65312233e-44 1.35670783e-36
  1.90737863e-22 8.66090801e-53 2.48610372e-45 1.51843863e-49
  4.66068877e-46 4.18990103e-41 1.00000000e+00 1.56105570e-24
  1.89311186e-18 2.98387513e-23 1.38494277e-21 7.15871069e-52
  1.00000000e+00]
 [4.93113048e-44 2.35622453e-23 1.57925562e-48 1.51516780e-33
  1.00151317e-47 1.70831627e-16 3.25127119e-17 6.90209324e-39
  1.17385660e-38 6.83661812e-38 3.99041406e-52 6.08509533e-32
  1.06796676e-19 3.22779995e-57 1.56105570e-24 1.00000000e+00
  6.28318772e-24 2.71654958e-26 5.02839338e-26 2.09829307e-46
  1.00000000e+00]
 [7.65541492e-69 4.03606826e-27 3.60605422e-43 4.02654539e-30
  2.23256699e-46 2.03596788e-09 3.06216135e-18 6.28353207e-54
  1.50699386e-57 5.72675006e-48 5.93522497e-63 2.81116958e-46
  4.78005620e-61 1.35419578e-58 1.89311186e-18 6.28318772e-24
  1.00000000e+00 4.81752686e-27 1.28828137e-40 2.51164634e-78
  1.00000000e+00]
 [3.14415369e-46 7.56559146e-33 1.00807314e-80 2.63660136e-59
  1.05117709e-66 7.85197437e-35 8.02623666e-25 5.70676963e-68
  1.48571329e-72 2.52983232e-85 1.58702367e-52 5.32952561e-58
  7.05586146e-30 1.18093897e-40 2.98387513e-23 2.71654958e-26
  4.81752686e-27 1.00000000e+00 1.61014823e-67 5.74919674e-70
  1.00000000e+00]
 [1.07733097e-55 1.25884832e-17 9.79813776e-71 5.45380884e-09
  3.46741572e-13 4.71649244e-18 1.70400855e-62 4.76863160e-39
  3.80176277e-07 1.21535361e-45 8.53900919e-76 5.21532317e-63
  2.60978482e-56 1.32382098e-79 1.38494277e-21 5.02839338e-26
  1.28828137e-40 1.61014823e-67 1.00000000e+00 7.51305355e-46
  1.00000000e+00]
 [1.73852675e-15 4.30400452e-45 1.18847481e-80 1.52092662e-34
  6.62068740e-60 2.00967721e-61 7.81557663e-69 5.28137180e-27
  9.00257413e-32 9.90237654e-53 4.63527088e-75 2.03119848e-49
  1.87815293e-26 8.56755318e-32 7.15871069e-52 2.09829307e-46
  2.51164634e-78 5.74919674e-70 7.51305355e-46 1.00000000e+00
  1.00000000e+00]
 [1.00000000e+00 1.00000000e+00 1.00000000e+00 1.00000000e+00
  1.00000000e+00 1.00000000e+00 1.00000000e+00 1.00000000e+00
  1.00000000e+00 1.00000000e+00 1.00000000e+00 1.00000000e+00
  1.00000000e+00 1.00000000e+00 1.00000000e+00 1.00000000e+00
  1.00000000e+00 1.00000000e+00 1.00000000e+00 1.00000000e+00
  0.00000000e+00]]
