[[1.00000000e+00 2.93949298e-23 7.79941048e-51 6.43121804e-21
  3.23883327e-48 1.64685554e-37 1.75740337e-38 5.26276786e-45
  1.03722075e-36 5.43807672e-73 1.09450120e-47 4.75077003e-60
  1.03496313e-92 4.87133951e-47 1.01745926e-08 5.89714109e-40
  3.16620761e-18 7.48888391e-55 1.03300941e-45 3.60583472e-59
  1.00000000e+00]
 [2.93949298e-23 1.00000000e+00 2.20934591e-35 5.35856769e-20
  1.04590174e-33 4.06555973e-38 7.00247285e-23 3.11281801e-39
  3.69652918e-40 4.21725331e-29 4.98633439e-39 2.56758530e-35
  3.26750768e-56 1.03699261e-13 9.95133305e-34 5.67389091e-19
  2.74980406e-15 1.03064936e-36 7.47647480e-16 1.46153100e-36
  1.00000000e+00]
 [7.79941048e-51 2.20934591e-35 1.00000000e+00 7.30160979e-53
  7.05257507e-34 6.47950235e-21 1.01171141e-78 1.97260679e-30
  3.31960476e-76 1.68360274e-74 1.22874343e-19 1.90363855e-30
  5.28405948e-34 6.71137109e-42 4.57663993e-44 1.05223094e-69
  2.28027857e-24 2.35326164e-69 9.79366003e-60 2.54787734e-55
  1.00000000e+00]
 [6.43121804e-21 5.35856769e-20 7.30160979e-53 1.00000000e+00
  4.99106948e-37 6.66875147e-44 1.20379951e-18 1.21579610e-36
  1.91982409e-25 9.37548949e-75 2.08508880e-43 1.75801734e-56
  1.09748908e-74 2.45447075e-18 5.40350363e-19 1.57544648e-21
  4.01994835e-18 6.77807031e-65 1.24421153e-39 4.42108760e-54
  1.00000000e+00]
 [3.23883327e-48 1.04590174e-33 7.05257507e-34 4.99106948e-37
  1.00000000e+00 4.20479405e-09 7.66431622e-53 1.15818183e-31
  3.71693604e-47 3.07337794e-49 1.10314108e-07 1.75954759e-05
  3.59206431e-58 1.42801415e-35 6.05390104e-32 7.57580256e-81
  3.16082319e-34 5.72247507e-31 4.90312299e-29 7.31549798e-67
  1.00000000e+00]
 [1.64685554e-37 4.06555973e-38 6.47950235e-21 6.66875147e-44
  4.20479405e-09 1.00000000e+00 3.78601294e-59 1.26564619e-23
  8.49036075e-46 1.50366942e-56 7.14309298e-03 2.82353289e-13
  4.28302129e-45 7.97610350e-52 8.22957627e-21 1.76739723e-83
  2.44572037e-28 1.67341472e-31 5.89213292e-37 4.03147155e-54
  1.00000000e+00]
 [1.75740337e-38 7.00247285e-23 1.01171141e-78 1.20379951e-18
  7.66431622e-53 3.78601294e-59 1.00000000e+00 1.10560006e-51
  1.62573639e-21 6.05617335e-45 3.40218634e-56 1.59777982e-70
  1.27187345e-59 3.17023245e-33 4.10931078e-37 6.23607083e-17
  1.19527026e-38 4.68721459e-43 2.19754981e-19 9.15982104e-32
  1.00000000e+00]
 [5.26276786e-45 3.11281801e-39 1.97260679e-30 1.21579610e-36
  1.15818183e-31 1.26564619e-23 1.10560006e-51 1.00000000e+00
  1.48392875e-20 1.89045742e-60 1.84921948e-26 5.09085096e-43
  4.15776093e-48 1.49954308e-57 5.84124471e-35 2.79287492e-64
  2.12441034e-12 5.06099167e-44 7.58865758e-43 4.79093783e-26
  1.00000000e+00]
 [1.03722075e-36 3.69652918e-40 3.31960476e-76 1.91982409e-25
  3.71693604e-47 8.49036075e-46 1.62573639e-21 1.48392875e-20
  1.00000000e+00 1.35713287e-56 3.63453770e-50 2.26796750e-69
  1.14460447e-74 2.52359429e-63 3.66993089e-30 1.25564418e-47
  1.20530974e-25 4.92277905e-37 9.53437560e-32 1.48999959e-26
  1.00000000e+00]
 [5.43807672e-73 4.21725331e-29 1.68360274e-74 9.37548949e-75
  3.07337794e-49 1.50366942e-56 6.05617335e-45 1.89045742e-60
  1.35713287e-56 1.00000000e+00 1.51681505e-57 5.56726037e-42
  3.60278746e-65 8.24589014e-61 1.69674275e-80 1.39781268e-67
  1.81165143e-55 5.96577034e-12 5.85307945e-08 7.49925035e-37
  1.00000000e+00]
 [1.09450120e-47 4.98633439e-39 1.22874343e-19 2.08508880e-43
  1.10314108e-07 7.14309298e-03 3.40218634e-56 1.84921948e-26
  3.63453770e-50 1.51681505e-57 1.00000000e+00 3.43026141e-12
  4.72212999e-34 1.29372934e-44 5.23485132e-27 1.91997639e-80
  2.59464531e-33 3.39859515e-36 1.36387269e-36 3.62199833e-54
  1.00000000e+00]
 [4.75077003e-60 2.56758530e-35 1.90363855e-30 1.75801734e-56
  1.75954759e-05 2.82353289e-13 1.59777982e-70 5.09085096e-43
  2.26796750e-69 5.56726037e-42 3.43026141e-12 1.00000000e+00
  3.96039764e-60 5.08386885e-41 1.27932679e-48 8.65714451e-94
  1.51453122e-42 2.62636056e-31 2.13614213e-31 8.49892357e-75
  1.00000000e+00]
 [1.03496313e-92 3.26750768e-56 5.28405948e-34 1.09748908e-74
  3.59206431e-58 4.28302129e-45 1.27187345e-59 4.15776093e-48
  1.14460447e-74 3.60278746e-65 4.72212999e-34 3.96039764e-60
  1.00000000e+00 3.55913291e-62 3.12567373e-73 1.22310148e-68
  2.24360011e-59 3.93145309e-66 3.33880996e-52 1.19921230e-31
  1.00000000e+00]
 [4.87133951e-47 1.03699261e-13 6.71137109e-42 2.45447075e-18
  1.42801415e-35 7.97610350e-52 3.17023245e-33 1.49954308e-57
  2.52359429e-63 8.24589014e-61 1.29372934e-44 5.08386885e-41
  3.55913291e-62 1.00000000e+00 5.39136512e-49 3.51268293e-25
  3.07447251e-32 1.98630071e-71 8.62048531e-37 1.29301726e-67
  1.00000000e+00]
 [1.01745926e-08 9.95133305e-34 4.57663993e-44 5.40350363e-19
  6.05390104e-32 8.22957627e-21 4.10931078e-37 5.84124471e-35
  3.66993089e-30 1.69674275e-80 5.23485132e-27 1.27932679e-48
  3.12567373e-73 5.39136512e-49 1.00000000e+00 1.30208747e-52
  1.46726926e-22 4.14404638e-51 1.96826033e-46 3.03129756e-58
  1.00000000e+00]
 [5.89714109e-40 5.67389091e-19 1.05223094e-69 1.57544648e-21
  7.57580256e-81 1.76739723e-83 6.23607083e-17 2.79287492e-64
  1.25564418e-47 1.39781268e-67 1.91997639e-80 8.65714451e-94
  1.22310148e-68 3.51268293e-25 1.30208747e-52 1.00000000e+00
  6.48026069e-34 9.86634540e-82 2.00564818e-43 2.90109131e-41
  1.00000000e+00]
 [3.16620761e-18 2.74980406e-15 2.28027857e-24 4.01994835e-18
  3.16082319e-34 2.44572037e-28 1.19527026e-38 2.12441034e-12
  1.20530974e-25 1.81165143e-55 2.59464531e-33 1.51453122e-42
  2.24360011e-59 3.07447251e-32 1.46726926e-22 6.48026069e-34
  1.00000000e+00 1.81667160e-48 1.81702862e-36 7.37903458e-32
  1.00000000e+00]
 [7.48888391e-55 1.03064936e-36 2.35326164e-69 6.77807031e-65
  5.72247507e-31 1.67341472e-31 4.68721459e-43 5.06099167e-44
  4.92277905e-37 5.96577034e-12 3.39859515e-36 2.62636056e-31
  3.93145309e-66 1.98630071e-71 4.14404638e-51 9.86634540e-82
  1.81667160e-48 1.00000000e+00 1.68678845e-09 3.10259512e-38
  1.00000000e+00]
 [1.03300941e-45 7.47647480e-16 9.79366003e-60 1.24421153e-39
  4.90312299e-29 5.89213292e-37 2.19754981e-19 7.58865758e-43
  9.53437560e-32 5.85307945e-08 1.36387269e-36 2.13614213e-31
  3.33880996e-52 8.62048531e-37 1.96826033e-46 2.00564818e-43
  1.81702862e-36 1.68678845e-09 1.00000000e+00 2.01963215e-29
  1.00000000e+00]
 [3.60583472e-59 1.46153100e-36 2.54787734e-55 4.42108760e-54
  7.31549798e-67 4.03147155e-54 9.15982104e-32 4.79093783e-26
  1.48999959e-26 7.49925035e-37 3.62199833e-54 8.49892357e-75
  1.19921230e-31 1.29301726e-67 3.03129756e-58 2.90109131e-41
  7.37903458e-32 3.10259512e-38 2.01963215e-29 1.00000000e+00
  1.00000000e+00]
 [1.00000000e+00 1.00000000e+00 1.00000000e+00 1.00000000e+00
  1.00000000e+00 1.00000000e+00 1.00000000e+00 1.00000000e+00
  1.00000000e+00 1.00000000e+00 1.00000000e+00 1.00000000e+00
  1.00000000e+00 1.00000000e+00 1.00000000e+00 1.00000000e+00
  1.00000000e+00 1.00000000e+00 1.00000000e+00 1.00000000e+00
  0.00000000e+00]]
