[[1.00000000e+00 1.58878460e-18 3.66875774e-27 ... 7.86916693e-31
  9.42780664e-45 1.00000000e+00]
 [1.58878460e-18 1.00000000e+00 1.83621792e-66 ... 2.90559730e-59
  1.45159586e-24 1.00000000e+00]
 [3.66875774e-27 1.83621792e-66 1.00000000e+00 ... 8.02867069e-18
  3.36898361e-83 1.00000000e+00]
 ...
 [7.86916693e-31 2.90559730e-59 8.02867069e-18 ... 1.00000000e+00
  2.12385589e-97 1.00000000e+00]
 [9.42780664e-45 1.45159586e-24 3.36898361e-83 ... 2.12385589e-97
  1.00000000e+00 1.00000000e+00]
 [1.00000000e+00 1.00000000e+00 1.00000000e+00 ... 1.00000000e+00
  1.00000000e+00 0.00000000e+00]]
