[[1.00000000e+00 5.19319631e-60 3.40834758e-38 ... 1.00213199e-28
  1.22643964e-33 1.00000000e+00]
 [5.19319631e-60 1.00000000e+00 9.10294073e-45 ... 1.49743234e-57
  1.53027957e-50 1.00000000e+00]
 [3.40834758e-38 9.10294073e-45 1.00000000e+00 ... 9.79799989e-63
  3.42138537e-35 1.00000000e+00]
 ...
 [1.00213199e-28 1.49743234e-57 9.79799989e-63 ... 1.00000000e+00
  7.84855760e-17 1.00000000e+00]
 [1.22643964e-33 1.53027957e-50 3.42138537e-35 ... 7.84855760e-17
  1.00000000e+00 1.00000000e+00]
 [1.00000000e+00 1.00000000e+00 1.00000000e+00 ... 1.00000000e+00
  1.00000000e+00 0.00000000e+00]]
