[[1.00000000e+00 4.83446659e-36 5.91206210e-25 ... 5.67542017e-55
  1.00408113e-51 1.00000000e+00]
 [4.83446659e-36 1.00000000e+00 9.47507854e-28 ... 2.22389452e-58
  1.06025380e-32 1.00000000e+00]
 [5.91206210e-25 9.47507854e-28 1.00000000e+00 ... 2.90866075e-40
  4.36732618e-32 1.00000000e+00]
 ...
 [5.67542017e-55 2.22389452e-58 2.90866075e-40 ... 1.00000000e+00
  2.75287555e-53 1.00000000e+00]
 [1.00408113e-51 1.06025380e-32 4.36732618e-32 ... 2.75287555e-53
  1.00000000e+00 1.00000000e+00]
 [1.00000000e+00 1.00000000e+00 1.00000000e+00 ... 1.00000000e+00
  1.00000000e+00 0.00000000e+00]]
