[[1.00000000e+000 9.85238389e-056 6.93660218e-078 5.67692614e-045
  3.42930798e-025 2.27848548e-115 6.73567499e-029 8.64716149e-045
  4.44432639e-032 1.28589097e-016 4.92708391e-075 8.07727105e-066
  1.00622366e-071 1.52345064e-067 1.98035923e-044 1.77531574e-039
  1.22480790e-062 8.81239932e-091 1.66083558e-099 7.61752378e-072
  1.00000000e+000]
 [9.85238389e-056 1.00000000e+000 2.19921409e-076 3.34967212e-031
  5.36190842e-064 1.84415150e-074 4.53063870e-062 5.44151995e-047
  7.05449117e-054 1.93840084e-024 1.61599878e-053 1.29915484e-065
  5.46404639e-032 1.69266683e-033 5.70588446e-085 2.60261907e-023
  1.89796617e-065 6.73507600e-032 1.17543564e-088 1.21443416e-024
  1.00000000e+000]
 [6.93660218e-078 2.19921409e-076 1.00000000e+000 3.16020611e-046
  2.52155919e-040 6.80241634e-038 3.94385566e-044 1.32155950e-038
  5.73701416e-048 7.31107343e-061 7.39296632e-048 1.12939866e-033
  4.72441308e-054 2.61999383e-041 3.52402828e-014 3.12193902e-039
  2.98691753e-035 3.82113780e-079 8.55116341e-032 5.26299492e-044
  1.00000000e+000]
 [5.67692614e-045 3.34967212e-031 3.16020611e-046 1.00000000e+000
  1.77022976e-047 2.90677926e-083 4.13659598e-056 3.49268060e-044
  1.16276456e-061 5.53182114e-036 4.87588209e-059 1.22609565e-051
  2.50549574e-056 2.15547374e-016 1.20732490e-046 5.18728523e-033
  1.17260140e-039 3.12359641e-042 7.56276685e-085 1.01491399e-025
  1.00000000e+000]
 [3.42930798e-025 5.36190842e-064 2.52155919e-040 1.77022976e-047
  1.00000000e+000 2.00245057e-070 7.85083802e-029 8.83556905e-065
  9.83874238e-039 1.53352373e-021 3.95394791e-055 5.02491304e-068
  2.38642660e-079 5.11773130e-066 6.46055724e-032 1.88019002e-020
  2.86378323e-032 4.33760701e-086 4.51352682e-051 1.54994176e-073
  1.00000000e+000]
 [2.27848548e-115 1.84415150e-074 6.80241634e-038 2.90677926e-083
  2.00245057e-070 1.00000000e+000 2.13689667e-067 3.58017791e-071
  2.70108320e-068 3.23335208e-059 5.54648810e-030 6.30921334e-039
  2.10270919e-034 2.83366453e-065 7.39778593e-055 1.24660144e-031
  5.78461576e-026 8.90050452e-047 9.61607664e-006 3.93915676e-048
  1.00000000e+000]
 [6.73567499e-029 4.53063870e-062 3.94385566e-044 4.13659598e-056
  7.85083802e-029 2.13689667e-067 1.00000000e+000 6.32992017e-031
  1.14434007e-047 9.32443247e-025 3.00652110e-082 8.97350256e-057
  4.56462867e-056 3.39736313e-082 6.08118216e-023 6.61133987e-029
  3.78184608e-043 4.25124334e-101 3.21385563e-058 5.73125544e-074
  1.00000000e+000]
 [8.64716149e-045 5.44151995e-047 1.32155950e-038 3.49268060e-044
  8.83556905e-065 3.58017791e-071 6.32992017e-031 1.00000000e+000
  8.64464519e-027 6.74026775e-042 2.60611598e-059 1.18402345e-021
  8.40848777e-023 4.06894420e-039 2.59236455e-026 3.85805215e-047
  2.60291373e-067 1.39612834e-072 3.45050642e-074 3.03470310e-030
  1.00000000e+000]
 [4.44432639e-032 7.05449117e-054 5.73701416e-048 1.16276456e-061
  9.83874238e-039 2.70108320e-068 1.14434007e-047 8.64464519e-027
  1.00000000e+000 2.14360208e-029 5.01504453e-027 5.86066935e-025
  6.23794578e-032 2.86569397e-042 1.23811780e-035 2.65319579e-038
  2.86468311e-063 4.01764602e-064 1.65059608e-059 1.08441942e-038
  1.00000000e+000]
 [1.28589097e-016 1.93840084e-024 7.31107343e-061 5.53182114e-036
  1.53352373e-021 3.23335208e-059 9.32443247e-025 6.74026775e-042
  2.14360208e-029 1.00000000e+000 2.10280560e-040 1.54011579e-048
  1.22009297e-036 1.18214800e-048 9.26418307e-046 1.54643040e-008
  6.79385858e-032 2.48186992e-044 1.20727191e-054 1.18492369e-042
  1.00000000e+000]
 [4.92708391e-075 1.61599878e-053 7.39296632e-048 4.87588209e-059
  3.95394791e-055 5.54648810e-030 3.00652110e-082 2.60611598e-059
  5.01504453e-027 2.10280560e-040 1.00000000e+000 5.43269843e-022
  1.58658995e-026 2.45321653e-028 2.21244001e-055 1.37316829e-030
  6.09321087e-036 3.39463606e-021 2.88833184e-029 3.99816713e-023
  1.00000000e+000]
 [8.07727105e-066 1.29915484e-065 1.12939866e-033 1.22609565e-051
  5.02491304e-068 6.30921334e-039 8.97350256e-057 1.18402345e-021
  5.86066935e-025 1.54011579e-048 5.43269843e-022 1.00000000e+000
  1.58161826e-016 4.57766730e-028 9.67802013e-026 1.53929451e-045
  3.02744661e-041 4.88428098e-042 5.96499560e-039 2.08144569e-020
  1.00000000e+000]
 [1.00622366e-071 5.46404639e-032 4.72441308e-054 2.50549574e-056
  2.38642660e-079 2.10270919e-034 4.56462867e-056 8.40848777e-023
  6.23794578e-032 1.22009297e-036 1.58658995e-026 1.58161826e-016
  1.00000000e+000 6.18022884e-034 3.97630088e-054 4.68256274e-033
  7.67759180e-053 3.23650443e-028 5.51536776e-047 9.28484670e-015
  1.00000000e+000]
 [1.52345064e-067 1.69266683e-033 2.61999383e-041 2.15547374e-016
  5.11773130e-066 2.83366453e-065 3.39736313e-082 4.06894420e-039
  2.86569397e-042 1.18214800e-048 2.45321653e-028 4.57766730e-028
  6.18022884e-034 1.00000000e+000 2.35717333e-052 6.52512195e-041
  5.39679288e-050 1.61533834e-023 1.37890859e-071 9.41535853e-006
  1.00000000e+000]
 [1.98035923e-044 5.70588446e-085 3.52402828e-014 1.20732490e-046
  6.46055724e-032 7.39778593e-055 6.08118216e-023 2.59236455e-026
  1.23811780e-035 9.26418307e-046 2.21244001e-055 9.67802013e-026
  3.97630088e-054 2.35717333e-052 1.00000000e+000 1.01599347e-041
  1.03417877e-032 1.88704888e-089 5.34380479e-041 1.42285843e-054
  1.00000000e+000]
 [1.77531574e-039 2.60261907e-023 3.12193902e-039 5.18728523e-033
  1.88019002e-020 1.24660144e-031 6.61133987e-029 3.85805215e-047
  2.65319579e-038 1.54643040e-008 1.37316829e-030 1.53929451e-045
  4.68256274e-033 6.52512195e-041 1.01599347e-041 1.00000000e+000
  7.35358217e-018 7.18102680e-035 9.53213618e-031 1.74071043e-034
  1.00000000e+000]
 [1.22480790e-062 1.89796617e-065 2.98691753e-035 1.17260140e-039
  2.86378323e-032 5.78461576e-026 3.78184608e-043 2.60291373e-067
  2.86468311e-063 6.79385858e-032 6.09321087e-036 3.02744661e-041
  7.67759180e-053 5.39679288e-050 1.03417877e-032 7.35358217e-018
  1.00000000e+000 1.19185454e-042 5.93738823e-019 1.43384717e-048
  1.00000000e+000]
 [8.81239932e-091 6.73507600e-032 3.82113780e-079 3.12359641e-042
  4.33760701e-086 8.90050452e-047 4.25124334e-101 1.39612834e-072
  4.01764602e-064 2.48186992e-044 3.39463606e-021 4.88428098e-042
  3.23650443e-028 1.61533834e-023 1.88704888e-089 7.18102680e-035
  1.19185454e-042 1.00000000e+000 6.56842794e-060 1.51405442e-015
  1.00000000e+000]
 [1.66083558e-099 1.17543564e-088 8.55116341e-032 7.56276685e-085
  4.51352682e-051 9.61607664e-006 3.21385563e-058 3.45050642e-074
  1.65059608e-059 1.20727191e-054 2.88833184e-029 5.96499560e-039
  5.51536776e-047 1.37890859e-071 5.34380479e-041 9.53213618e-031
  5.93738823e-019 6.56842794e-060 1.00000000e+000 4.72254734e-060
  1.00000000e+000]
 [7.61752378e-072 1.21443416e-024 5.26299492e-044 1.01491399e-025
  1.54994176e-073 3.93915676e-048 5.73125544e-074 3.03470310e-030
  1.08441942e-038 1.18492369e-042 3.99816713e-023 2.08144569e-020
  9.28484670e-015 9.41535853e-006 1.42285843e-054 1.74071043e-034
  1.43384717e-048 1.51405442e-015 4.72254734e-060 1.00000000e+000
  1.00000000e+000]
 [1.00000000e+000 1.00000000e+000 1.00000000e+000 1.00000000e+000
  1.00000000e+000 1.00000000e+000 1.00000000e+000 1.00000000e+000
  1.00000000e+000 1.00000000e+000 1.00000000e+000 1.00000000e+000
  1.00000000e+000 1.00000000e+000 1.00000000e+000 1.00000000e+000
  1.00000000e+000 1.00000000e+000 1.00000000e+000 1.00000000e+000
  0.00000000e+000]]
