[[1.00000000e+00 8.48045982e-36 7.61019568e-38 ... 1.77527432e-23
  2.46579007e-62 1.00000000e+00]
 [8.48045982e-36 1.00000000e+00 8.21898271e-51 ... 3.99677644e-52
  4.92221748e-84 1.00000000e+00]
 [7.61019568e-38 8.21898271e-51 1.00000000e+00 ... 2.79611871e-17
  1.57110475e-34 1.00000000e+00]
 ...
 [1.77527432e-23 3.99677644e-52 2.79611871e-17 ... 1.00000000e+00
  9.62346859e-26 1.00000000e+00]
 [2.46579007e-62 4.92221748e-84 1.57110475e-34 ... 9.62346859e-26
  1.00000000e+00 1.00000000e+00]
 [1.00000000e+00 1.00000000e+00 1.00000000e+00 ... 1.00000000e+00
  1.00000000e+00 0.00000000e+00]]
