[[1.00000000e+000 8.06062522e-052 1.50973821e-021 3.48694751e-009
  3.08538429e-052 2.07409057e-071 6.66226509e-048 3.32595278e-055
  4.31030925e-041 2.81038881e-054 4.80823179e-009 2.01147758e-058
  2.90181857e-072 5.38926523e-049 6.44535433e-042 2.17353643e-056
  1.86046303e-037 2.68655937e-028 7.21486996e-077 1.27082351e-037
  1.00000000e+000]
 [8.06062522e-052 1.00000000e+000 1.77414220e-035 2.35670329e-049
  1.39496073e-027 8.57929913e-014 1.05783752e-048 9.67914392e-026
  2.60479542e-064 2.20244942e-047 3.12603526e-059 1.09735790e-050
  4.54880468e-056 5.88448690e-039 3.19678767e-036 2.51623830e-042
  7.74713475e-016 1.19357485e-034 7.94230045e-036 8.65012199e-013
  1.00000000e+000]
 [1.50973821e-021 1.77414220e-035 1.00000000e+000 6.68650142e-007
  6.28286629e-025 6.98319521e-068 3.64620919e-050 4.36282501e-022
  2.01145445e-060 3.66920902e-081 2.15502847e-033 5.39756562e-059
  1.28628121e-102 8.70405340e-066 2.44969251e-053 1.59279215e-035
  4.16094290e-020 1.12588171e-022 3.74685616e-076 1.03748944e-030
  1.00000000e+000]
 [3.48694751e-009 2.35670329e-049 6.68650142e-007 1.00000000e+000
  8.76157913e-031 3.15958441e-079 5.11705773e-049 1.86484439e-037
  1.72383721e-046 2.65386964e-067 4.26009049e-014 7.62016224e-061
  1.41699423e-091 1.98712784e-071 3.83070049e-050 5.75317939e-034
  3.99373384e-030 4.24699148e-028 1.69898904e-087 1.94646271e-039
  1.00000000e+000]
 [3.08538429e-052 1.39496073e-027 6.28286629e-025 8.76157913e-031
  1.00000000e+000 5.63922803e-048 3.34715486e-033 2.27841918e-015
  1.16426918e-039 2.18289035e-051 1.72066618e-040 4.70280483e-039
  7.93231031e-067 1.39504720e-081 9.18108990e-042 5.89569639e-012
  4.38884009e-017 3.45759888e-036 6.76781690e-058 1.97272683e-030
  1.00000000e+000]
 [2.07409057e-071 8.57929913e-014 6.98319521e-068 3.15958441e-079
  5.63922803e-048 1.00000000e+000 1.20253038e-046 2.24197488e-055
  1.01367673e-071 1.48947927e-054 8.90094930e-074 3.76011395e-042
  3.67032291e-033 6.39807895e-024 6.37467055e-021 1.35823959e-059
  8.76047987e-033 2.36274108e-052 6.27349674e-017 6.06374947e-032
  1.00000000e+000]
 [6.66226509e-048 1.05783752e-048 3.64620919e-050 5.11705773e-049
  3.34715486e-033 1.20253038e-046 1.00000000e+000 2.55760590e-031
  3.83421239e-015 5.45613993e-038 4.19096389e-037 2.21548495e-002
  4.39238961e-029 1.33265385e-040 1.17969560e-035 1.40173858e-059
  1.44766324e-017 5.71007577e-016 5.64406795e-030 1.08679394e-026
  1.00000000e+000]
 [3.32595278e-055 9.67914392e-026 4.36282501e-022 1.86484439e-037
  2.27841918e-015 2.24197488e-055 2.55760590e-031 1.00000000e+000
  1.53355874e-044 8.43479794e-061 9.07409090e-058 3.17738977e-036
  2.08710352e-084 8.46724294e-070 7.18898172e-063 2.78552404e-047
  5.77447600e-008 2.50397093e-017 5.31414478e-053 7.36800478e-014
  1.00000000e+000]
 [4.31030925e-041 2.60479542e-064 2.01145445e-060 1.72383721e-046
  1.16426918e-039 1.01367673e-071 3.83421239e-015 1.53355874e-044
  1.00000000e+000 2.08829380e-021 7.87635565e-023 1.63260704e-021
  1.26051604e-036 1.70246172e-069 1.18528740e-045 2.51886420e-064
  5.61633044e-036 1.31404442e-032 1.79398002e-054 9.01518488e-036
  1.00000000e+000]
 [2.81038881e-054 2.20244942e-047 3.66920902e-081 2.65386964e-067
  2.18289035e-051 1.48947927e-054 5.45613993e-038 8.43479794e-061
  2.08829380e-021 1.00000000e+000 2.39897088e-035 4.12334616e-047
  2.63746413e-022 6.40328097e-070 8.48560664e-057 3.42392515e-065
  1.88011839e-042 9.71526393e-050 3.65412639e-067 7.24255461e-032
  1.00000000e+000]
 [4.80823179e-009 3.12603526e-059 2.15502847e-033 4.26009049e-014
  1.72066618e-040 8.90094930e-074 4.19096389e-037 9.07409090e-058
  7.87635565e-023 2.39897088e-035 1.00000000e+000 9.46544503e-049
  1.30220089e-052 3.77632321e-065 2.34488960e-038 2.60279678e-040
  4.35275876e-040 6.11338251e-036 1.84287174e-079 4.06715315e-044
  1.00000000e+000]
 [2.01147758e-058 1.09735790e-050 5.39756562e-059 7.62016224e-061
  4.70280483e-039 3.76011395e-042 2.21548495e-002 3.17738977e-036
  1.63260704e-021 4.12334616e-047 9.46544503e-049 1.00000000e+000
  9.77139156e-030 8.21196869e-037 1.66294751e-032 1.36409196e-068
  4.06969205e-022 1.21333870e-021 7.83429169e-021 2.00182761e-031
  1.00000000e+000]
 [2.90181857e-072 4.54880468e-056 1.28628121e-102 1.41699423e-091
  7.93231031e-067 3.67032291e-033 4.39238961e-029 2.08710352e-084
  1.26051604e-036 2.63746413e-022 1.30220089e-052 9.77139156e-030
  1.00000000e+000 4.08990357e-042 2.22713860e-034 7.31268021e-076
  4.53207726e-051 9.57773379e-059 4.27478737e-039 3.28666083e-050
  1.00000000e+000]
 [5.38926523e-049 5.88448690e-039 8.70405340e-066 1.98712784e-071
  1.39504720e-081 6.39807895e-024 1.33265385e-040 8.46724294e-070
  1.70246172e-069 6.40328097e-070 3.77632321e-065 8.21196869e-037
  4.08990357e-042 1.00000000e+000 6.21914211e-030 3.77380007e-101
  2.05241837e-038 2.72830950e-034 1.73387692e-021 2.93294274e-035
  1.00000000e+000]
 [6.44535433e-042 3.19678767e-036 2.44969251e-053 3.83070049e-050
  9.18108990e-042 6.37467055e-021 1.17969560e-035 7.18898172e-063
  1.18528740e-045 8.48560664e-057 2.34488960e-038 1.66294751e-032
  2.22713860e-034 6.21914211e-030 1.00000000e+000 1.08400571e-046
  2.55139481e-041 3.64573539e-051 8.58500558e-021 7.76795320e-047
  1.00000000e+000]
 [2.17353643e-056 2.51623830e-042 1.59279215e-035 5.75317939e-034
  5.89569639e-012 1.35823959e-059 1.40173858e-059 2.78552404e-047
  2.51886420e-064 3.42392515e-065 2.60279678e-040 1.36409196e-068
  7.31268021e-076 3.77380007e-101 1.08400571e-046 1.00000000e+000
  1.00388975e-039 3.94762673e-064 6.97633975e-089 1.50215017e-058
  1.00000000e+000]
 [1.86046303e-037 7.74713475e-016 4.16094290e-020 3.99373384e-030
  4.38884009e-017 8.76047987e-033 1.44766324e-017 5.77447600e-008
  5.61633044e-036 1.88011839e-042 4.35275876e-040 4.06969205e-022
  4.53207726e-051 2.05241837e-038 2.55139481e-041 1.00388975e-039
  1.00000000e+000 3.46264404e-007 5.42490097e-037 1.61906065e-006
  1.00000000e+000]
 [2.68655937e-028 1.19357485e-034 1.12588171e-022 4.24699148e-028
  3.45759888e-036 2.36274108e-052 5.71007577e-016 2.50397093e-017
  1.31404442e-032 9.71526393e-050 6.11338251e-036 1.21333870e-021
  9.57773379e-059 2.72830950e-034 3.64573539e-051 3.94762673e-064
  3.46264404e-007 1.00000000e+000 4.48820904e-045 3.01328720e-011
  1.00000000e+000]
 [7.21486996e-077 7.94230045e-036 3.74685616e-076 1.69898904e-087
  6.76781690e-058 6.27349674e-017 5.64406795e-030 5.31414478e-053
  1.79398002e-054 3.65412639e-067 1.84287174e-079 7.83429169e-021
  4.27478737e-039 1.73387692e-021 8.58500558e-021 6.97633975e-089
  5.42490097e-037 4.48820904e-045 1.00000000e+000 9.92948522e-037
  1.00000000e+000]
 [1.27082351e-037 8.65012199e-013 1.03748944e-030 1.94646271e-039
  1.97272683e-030 6.06374947e-032 1.08679394e-026 7.36800478e-014
  9.01518488e-036 7.24255461e-032 4.06715315e-044 2.00182761e-031
  3.28666083e-050 2.93294274e-035 7.76795320e-047 1.50215017e-058
  1.61906065e-006 3.01328720e-011 9.92948522e-037 1.00000000e+000
  1.00000000e+000]
 [1.00000000e+000 1.00000000e+000 1.00000000e+000 1.00000000e+000
  1.00000000e+000 1.00000000e+000 1.00000000e+000 1.00000000e+000
  1.00000000e+000 1.00000000e+000 1.00000000e+000 1.00000000e+000
  1.00000000e+000 1.00000000e+000 1.00000000e+000 1.00000000e+000
  1.00000000e+000 1.00000000e+000 1.00000000e+000 1.00000000e+000
  0.00000000e+000]]
