[[1.00000000e+000 6.28643126e-063 4.30384391e-013 4.73326734e-035
  3.44507747e-012 1.03666957e-057 3.97673235e-064 1.35019558e-026
  1.00159288e-055 9.62416068e-023 1.02354706e-070 2.76562908e-088
  6.79030111e-068 7.64597067e-019 5.07742651e-018 9.33668734e-022
  2.97548754e-088 1.28568218e-021 6.13172550e-027 4.52493708e-016
  1.00000000e+000]
 [6.28643126e-063 1.00000000e+000 4.99620079e-046 2.23302739e-037
  4.91837257e-065 7.29572386e-091 6.43050597e-090 5.87479119e-050
  2.11500715e-007 9.80959673e-053 7.10188643e-059 1.20099787e-091
  2.12844993e-089 3.90540369e-064 3.07875097e-077 2.58870204e-048
  1.64216719e-085 7.53161045e-044 4.08170000e-098 5.88344914e-036
  1.00000000e+000]
 [4.30384391e-013 4.99620079e-046 1.00000000e+000 3.48453436e-022
  1.71603399e-014 1.97335193e-056 2.10890718e-035 2.79593941e-012
  3.12296396e-037 1.88089494e-006 3.34739755e-047 3.74345900e-040
  7.84319240e-058 1.11239257e-027 2.04942115e-012 9.19287071e-009
  8.33098047e-050 2.34563395e-013 3.36827696e-030 9.93027138e-011
  1.00000000e+000]
 [4.73326734e-035 2.23302739e-037 3.48453436e-022 1.00000000e+000
  1.74794365e-026 9.30396236e-032 9.75504062e-054 1.89195164e-049
  1.14323724e-019 1.26652184e-026 3.09196268e-035 9.44164897e-065
  4.03517108e-041 7.85712584e-037 7.40968960e-037 6.09942000e-013
  3.92422733e-055 5.14743999e-044 1.65531155e-023 3.32499730e-016
  1.00000000e+000]
 [3.44507747e-012 4.91837257e-065 1.71603399e-014 1.74794365e-026
  1.00000000e+000 2.65811641e-034 2.72848693e-043 1.79060914e-046
  4.17668110e-058 1.35188326e-012 5.36804730e-068 1.39973113e-057
  1.44459735e-034 8.50649456e-006 1.06440975e-030 2.66690232e-029
  7.24597313e-081 9.96193084e-026 6.73892553e-019 3.14995786e-017
  1.00000000e+000]
 [1.03666957e-057 7.29572386e-091 1.97335193e-056 9.30396236e-032
  2.65811641e-034 1.00000000e+000 4.88064627e-078 6.24393610e-103
  1.43779164e-069 2.58753923e-056 9.97809502e-086 3.24266462e-099
  1.02959265e-018 2.03685396e-042 9.25901134e-056 1.11051181e-053
  6.27645979e-090 1.47093172e-058 2.86815017e-038 4.27490549e-066
  1.00000000e+000]
 [3.97673235e-064 6.43050597e-090 2.10890718e-035 9.75504062e-054
  2.72848693e-043 4.88064627e-078 1.00000000e+000 1.40024560e-055
  2.32912989e-071 7.61619113e-016 3.12851921e-029 1.09208130e-018
  5.23449549e-037 3.21098380e-046 3.15113918e-063 1.43867870e-047
  6.48498506e-021 8.07977649e-043 2.62488190e-046 1.50747446e-055
  1.00000000e+000]
 [1.35019558e-026 5.87479119e-050 2.79593941e-012 1.89195164e-049
  1.79060914e-046 6.24393610e-103 1.40024560e-055 1.00000000e+000
  1.27356302e-043 3.74115892e-025 2.92592359e-055 7.78164150e-063
  3.90336842e-103 7.85064418e-061 7.64072321e-019 3.47590804e-018
  1.27165052e-053 5.83481309e-017 1.53207499e-065 1.41431399e-028
  1.00000000e+000]
 [1.00159288e-055 2.11500715e-007 3.12296396e-037 1.14323724e-019
  4.17668110e-058 1.43779164e-069 2.32912989e-071 1.27356302e-043
  1.00000000e+000 6.31073020e-044 4.62305234e-033 5.22095844e-082
  3.29463383e-070 3.53506402e-061 1.42458808e-059 9.43578055e-029
  3.73557402e-056 1.14670107e-041 7.89927546e-071 8.52283135e-031
  1.00000000e+000]
 [9.62416068e-023 9.80959673e-053 1.88089494e-006 1.26652184e-026
  1.35188326e-012 2.58753923e-056 7.61619113e-016 3.74115892e-025
  6.31073020e-044 1.00000000e+000 4.53955508e-038 6.28521707e-024
  4.95382416e-040 1.32592069e-019 4.51811062e-029 5.69315178e-020
  1.16358824e-040 8.71363141e-018 3.91288244e-028 2.02195611e-016
  1.00000000e+000]
 [1.02354706e-070 7.10188643e-059 3.34739755e-047 3.09196268e-035
  5.36804730e-068 9.97809502e-086 3.12851921e-029 2.92592359e-055
  4.62305234e-033 4.53955508e-038 1.00000000e+000 1.98261713e-063
  2.79010230e-056 5.60913529e-068 8.22368312e-071 8.88959710e-035
  6.51798965e-016 3.45991062e-059 6.64443594e-050 7.22851849e-051
  1.00000000e+000]
 [2.76562908e-088 1.20099787e-091 3.74345900e-040 9.44164897e-065
  1.39973113e-057 3.24266462e-099 1.09208130e-018 7.78164150e-063
  5.22095844e-082 6.28521707e-024 1.98261713e-063 1.00000000e+000
  1.64453799e-065 1.53232672e-071 1.41933105e-074 1.01616103e-059
  1.04301238e-042 1.98222792e-055 2.32384482e-078 3.63137382e-062
  1.00000000e+000]
 [6.79030111e-068 2.12844993e-089 7.84319240e-058 4.03517108e-041
  1.44459735e-034 1.02959265e-018 5.23449549e-037 3.90336842e-103
  3.29463383e-070 4.95382416e-040 2.79010230e-056 1.64453799e-065
  1.00000000e+000 2.32945210e-031 3.77442550e-077 1.62619317e-064
  2.78253244e-060 3.10038804e-055 1.07015823e-039 4.70238093e-069
  1.00000000e+000]
 [7.64597067e-019 3.90540369e-064 1.11239257e-027 7.85712584e-037
  8.50649456e-006 2.03685396e-042 3.21098380e-046 7.85064418e-061
  3.53506402e-061 1.32592069e-019 5.60913529e-068 1.53232672e-071
  2.32945210e-031 1.00000000e+000 2.73069171e-052 4.14531753e-046
  1.39368657e-090 7.29055085e-032 2.24464270e-027 3.90084893e-025
  1.00000000e+000]
 [5.07742651e-018 3.07875097e-077 2.04942115e-012 7.40968960e-037
  1.06440975e-030 9.25901134e-056 3.15113918e-063 7.64072321e-019
  1.42458808e-059 4.51811062e-029 8.22368312e-071 1.41933105e-074
  3.77442550e-077 2.73069171e-052 1.00000000e+000 6.35976197e-012
  1.17957430e-062 2.21995267e-021 8.45274926e-038 1.20356764e-033
  1.00000000e+000]
 [9.33668734e-022 2.58870204e-048 9.19287071e-009 6.09942000e-013
  2.66690232e-029 1.11051181e-053 1.43867870e-047 3.47590804e-018
  9.43578055e-029 5.69315178e-020 8.88959710e-035 1.01616103e-059
  1.62619317e-064 4.14531753e-046 6.35976197e-012 1.00000000e+000
  6.67936313e-042 3.54983993e-028 8.18228765e-026 1.46059320e-015
  1.00000000e+000]
 [2.97548754e-088 1.64216719e-085 8.33098047e-050 3.92422733e-055
  7.24597313e-081 6.27645979e-090 6.48498506e-021 1.27165052e-053
  3.73557402e-056 1.16358824e-040 6.51798965e-016 1.04301238e-042
  2.78253244e-060 1.39368657e-090 1.17957430e-062 6.67936313e-042
  1.00000000e+000 1.60095479e-053 1.18104390e-068 1.12341039e-076
  1.00000000e+000]
 [1.28568218e-021 7.53161045e-044 2.34563395e-013 5.14743999e-044
  9.96193084e-026 1.47093172e-058 8.07977649e-043 5.83481309e-017
  1.14670107e-041 8.71363141e-018 3.45991062e-059 1.98222792e-055
  3.10038804e-055 7.29055085e-032 2.21995267e-021 3.54983993e-028
  1.60095479e-053 1.00000000e+000 8.26135808e-058 2.14741883e-034
  1.00000000e+000]
 [6.13172550e-027 4.08170000e-098 3.36827696e-030 1.65531155e-023
  6.73892553e-019 2.86815017e-038 2.62488190e-046 1.53207499e-065
  7.89927546e-071 3.91288244e-028 6.64443594e-050 2.32384482e-078
  1.07015823e-039 2.24464270e-027 8.45274926e-038 8.18228765e-026
  1.18104390e-068 8.26135808e-058 1.00000000e+000 1.40585859e-029
  1.00000000e+000]
 [4.52493708e-016 5.88344914e-036 9.93027138e-011 3.32499730e-016
  3.14995786e-017 4.27490549e-066 1.50747446e-055 1.41431399e-028
  8.52283135e-031 2.02195611e-016 7.22851849e-051 3.63137382e-062
  4.70238093e-069 3.90084893e-025 1.20356764e-033 1.46059320e-015
  1.12341039e-076 2.14741883e-034 1.40585859e-029 1.00000000e+000
  1.00000000e+000]
 [1.00000000e+000 1.00000000e+000 1.00000000e+000 1.00000000e+000
  1.00000000e+000 1.00000000e+000 1.00000000e+000 1.00000000e+000
  1.00000000e+000 1.00000000e+000 1.00000000e+000 1.00000000e+000
  1.00000000e+000 1.00000000e+000 1.00000000e+000 1.00000000e+000
  1.00000000e+000 1.00000000e+000 1.00000000e+000 1.00000000e+000
  0.00000000e+000]]
