[[1.00000000e+00 4.77644562e-72 2.93923801e-64 ... 1.51191552e-54
  6.39800568e-31 1.00000000e+00]
 [4.77644562e-72 1.00000000e+00 1.24578849e-55 ... 2.98923165e-58
  1.15374889e-41 1.00000000e+00]
 [2.93923801e-64 1.24578849e-55 1.00000000e+00 ... 3.83286181e-91
  2.24424216e-69 1.00000000e+00]
 ...
 [1.51191552e-54 2.98923165e-58 3.83286181e-91 ... 1.00000000e+00
  8.50863443e-40 1.00000000e+00]
 [6.39800568e-31 1.15374889e-41 2.24424216e-69 ... 8.50863443e-40
  1.00000000e+00 1.00000000e+00]
 [1.00000000e+00 1.00000000e+00 1.00000000e+00 ... 1.00000000e+00
  1.00000000e+00 0.00000000e+00]]
