[[1.00000000e+000 1.82233692e-037 1.07955954e-029 1.49993362e-060
  5.76985034e-006 4.90232690e-051 4.73806776e-029 2.21155918e-010
  7.02080244e-044 8.30815955e-028 1.60123973e-049 7.37985792e-041
  6.81358634e-061 1.50838284e-072 5.79203473e-084 5.22188967e-076
  3.87109591e-068 1.59134264e-100 1.03401100e-063 2.73939167e-049
  1.00000000e+000]
 [1.82233692e-037 1.00000000e+000 4.05873377e-047 2.46098583e-061
  5.25194767e-038 3.96040813e-053 2.98141141e-049 1.03418913e-027
  9.75399029e-017 1.15172973e-035 2.39008867e-013 4.41612792e-095
  1.20415505e-035 1.43768719e-062 3.32164292e-058 1.04232138e-066
  6.44136072e-077 1.01528698e-077 6.93585128e-060 1.97820333e-045
  1.00000000e+000]
 [1.07955954e-029 4.05873377e-047 1.00000000e+000 1.07688270e-028
  7.44434204e-028 1.01960956e-032 8.64167187e-005 4.04318237e-025
  6.02528994e-038 8.67662484e-015 5.23167743e-050 6.26786058e-029
  8.37307772e-034 7.93592609e-019 2.16228614e-033 5.77897935e-021
  9.38183366e-032 4.33178150e-044 1.16706174e-040 4.74871142e-038
  1.00000000e+000]
 [1.49993362e-060 2.46098583e-061 1.07688270e-028 1.00000000e+000
  5.46511542e-052 1.87346578e-051 2.20497449e-036 7.89850598e-067
  1.03744017e-064 1.69673373e-036 1.64960408e-062 3.11564497e-080
  2.93622765e-046 9.44726178e-033 6.85076936e-068 1.50108379e-043
  1.82381592e-076 8.44314888e-099 3.60353307e-066 1.20405204e-094
  1.00000000e+000]
 [5.76985034e-006 5.25194767e-038 7.44434204e-028 5.46511542e-052
  1.00000000e+000 8.17545501e-029 1.86904493e-027 1.25336655e-012
  4.34386267e-046 1.97784344e-029 5.42813770e-046 1.34416054e-040
  1.89543870e-046 1.88501319e-055 6.46814642e-064 9.24532172e-072
  8.55881705e-046 8.72123112e-097 4.53886578e-068 2.59580049e-037
  1.00000000e+000]
 [4.90232690e-051 3.96040813e-053 1.01960956e-032 1.87346578e-051
  8.17545501e-029 1.00000000e+000 9.01515343e-029 1.25409447e-047
  2.31369872e-070 4.76333073e-058 3.29549992e-065 7.07579376e-077
  4.92974250e-013 3.25479216e-029 9.71034393e-022 3.73613840e-059
  2.35797716e-018 1.00071695e-086 1.29463365e-093 5.00383545e-027
  1.00000000e+000]
 [4.73806776e-029 2.98141141e-049 8.64167187e-005 2.20497449e-036
  1.86904493e-027 9.01515343e-029 1.00000000e+000 2.90453984e-026
  7.44929433e-048 1.28997039e-025 5.18570053e-065 1.49890822e-043
  1.47713419e-027 2.38402707e-024 1.46268981e-039 4.53355998e-021
  1.63187611e-037 2.85882258e-051 1.39910666e-042 1.21551971e-031
  1.00000000e+000]
 [2.21155918e-010 1.03418913e-027 4.04318237e-025 7.89850598e-067
  1.25336655e-012 1.25409447e-047 2.90453984e-026 1.00000000e+000
  3.29918450e-019 1.16188760e-014 1.47926740e-031 1.51839524e-032
  1.19243697e-056 1.21922078e-050 8.89962393e-062 3.49543073e-051
  2.02053299e-049 1.71227106e-055 9.25452005e-035 1.71845830e-024
  1.00000000e+000]
 [7.02080244e-044 9.75399029e-017 6.02528994e-038 1.03744017e-064
  4.34386267e-046 2.31369872e-070 7.44929433e-048 3.29918450e-019
  1.00000000e+000 2.09120551e-013 3.17553028e-009 1.75334601e-058
  1.95487675e-062 9.21837874e-046 6.61796340e-057 8.07286388e-044
  5.29058696e-066 2.80460054e-036 4.73533896e-026 2.11558903e-041
  1.00000000e+000]
 [8.30815955e-028 1.15172973e-035 8.67662484e-015 1.69673373e-036
  1.97784344e-029 4.76333073e-058 1.28997039e-025 1.16188760e-014
  2.09120551e-013 1.00000000e+000 5.61478329e-025 6.92280869e-025
  1.02748991e-061 1.03007651e-029 2.38562561e-055 2.08607274e-029
  4.43069802e-051 1.17403147e-038 2.20241715e-020 3.10897971e-046
  1.00000000e+000]
 [1.60123973e-049 2.39008867e-013 5.23167743e-050 1.64960408e-062
  5.42813770e-046 3.29549992e-065 5.18570053e-065 1.47926740e-031
  3.17553028e-009 5.61478329e-025 1.00000000e+000 3.44596301e-072
  1.52955943e-059 6.59417352e-056 1.08084440e-054 4.90675921e-071
  4.32034496e-067 1.08621056e-065 2.28547490e-058 4.91135072e-056
  1.00000000e+000]
 [7.37985792e-041 4.41612792e-095 6.26786058e-029 3.11564497e-080
  1.34416054e-040 7.07579376e-077 1.49890822e-043 1.51839524e-032
  1.75334601e-058 6.92280869e-025 3.44596301e-072 1.00000000e+000
  3.40197026e-106 1.70476591e-056 5.58432131e-075 6.13678675e-067
  1.62556362e-045 1.27101415e-064 2.50532430e-063 4.53046735e-064
  1.00000000e+000]
 [6.81358634e-061 1.20415505e-035 8.37307772e-034 2.93622765e-046
  1.89543870e-046 4.92974250e-013 1.47713419e-027 1.19243697e-056
  1.95487675e-062 1.02748991e-061 1.52955943e-059 3.40197026e-106
  1.00000000e+000 9.55114872e-034 4.10848775e-023 1.95079025e-049
  2.31553445e-041 3.25186474e-082 1.10074157e-088 1.50544491e-036
  1.00000000e+000]
 [1.50838284e-072 1.43768719e-062 7.93592609e-019 9.44726178e-033
  1.88501319e-055 3.25479216e-029 2.38402707e-024 1.21922078e-050
  9.21837874e-046 1.03007651e-029 6.59417352e-056 1.70476591e-056
  9.55114872e-034 1.00000000e+000 7.12250169e-020 1.46411487e-013
  2.52191783e-023 2.43816641e-031 4.66413413e-042 1.92201709e-037
  1.00000000e+000]
 [5.79203473e-084 3.32164292e-058 2.16228614e-033 6.85076936e-068
  6.46814642e-064 9.71034393e-022 1.46268981e-039 8.89962393e-062
  6.61796340e-057 2.38562561e-055 1.08084440e-054 5.58432131e-075
  4.10848775e-023 7.12250169e-020 1.00000000e+000 3.80232436e-046
  4.44579088e-012 2.24385985e-046 1.49317110e-088 2.29941095e-030
  1.00000000e+000]
 [5.22188967e-076 1.04232138e-066 5.77897935e-021 1.50108379e-043
  9.24532172e-072 3.73613840e-059 4.53355998e-021 3.49543073e-051
  8.07286388e-044 2.08607274e-029 4.90675921e-071 6.13678675e-067
  1.95079025e-049 1.46411487e-013 3.80232436e-046 1.00000000e+000
  3.98039701e-055 3.87640094e-021 9.98640346e-020 1.51680881e-046
  1.00000000e+000]
 [3.87109591e-068 6.44136072e-077 9.38183366e-032 1.82381592e-076
  8.55881705e-046 2.35797716e-018 1.63187611e-037 2.02053299e-049
  5.29058696e-066 4.43069802e-051 4.32034496e-067 1.62556362e-045
  2.31553445e-041 2.52191783e-023 4.44579088e-012 3.98039701e-055
  1.00000000e+000 1.78474751e-053 6.70115849e-088 4.93332700e-024
  1.00000000e+000]
 [1.59134264e-100 1.01528698e-077 4.33178150e-044 8.44314888e-099
  8.72123112e-097 1.00071695e-086 2.85882258e-051 1.71227106e-055
  2.80460054e-036 1.17403147e-038 1.08621056e-065 1.27101415e-064
  3.25186474e-082 2.43816641e-031 2.24385985e-046 3.87640094e-021
  1.78474751e-053 1.00000000e+000 2.05555039e-028 4.84410528e-041
  1.00000000e+000]
 [1.03401100e-063 6.93585128e-060 1.16706174e-040 3.60353307e-066
  4.53886578e-068 1.29463365e-093 1.39910666e-042 9.25452005e-035
  4.73533896e-026 2.20241715e-020 2.28547490e-058 2.50532430e-063
  1.10074157e-088 4.66413413e-042 1.49317110e-088 9.98640346e-020
  6.70115849e-088 2.05555039e-028 1.00000000e+000 1.85102084e-055
  1.00000000e+000]
 [2.73939167e-049 1.97820333e-045 4.74871142e-038 1.20405204e-094
  2.59580049e-037 5.00383545e-027 1.21551971e-031 1.71845830e-024
  2.11558903e-041 3.10897971e-046 4.91135072e-056 4.53046735e-064
  1.50544491e-036 1.92201709e-037 2.29941095e-030 1.51680881e-046
  4.93332700e-024 4.84410528e-041 1.85102084e-055 1.00000000e+000
  1.00000000e+000]
 [1.00000000e+000 1.00000000e+000 1.00000000e+000 1.00000000e+000
  1.00000000e+000 1.00000000e+000 1.00000000e+000 1.00000000e+000
  1.00000000e+000 1.00000000e+000 1.00000000e+000 1.00000000e+000
  1.00000000e+000 1.00000000e+000 1.00000000e+000 1.00000000e+000
  1.00000000e+000 1.00000000e+000 1.00000000e+000 1.00000000e+000
  0.00000000e+000]]
