[[1.00000000e+00 3.61898870e-27 8.49727136e-39 ... 2.25299588e-98
  6.37378810e-36 1.00000000e+00]
 [3.61898870e-27 1.00000000e+00 2.05597303e-62 ... 3.82682842e-52
  1.08215300e-49 1.00000000e+00]
 [8.49727136e-39 2.05597303e-62 1.00000000e+00 ... 8.87024043e-94
  1.47877689e-14 1.00000000e+00]
 ...
 [2.25299588e-98 3.82682842e-52 8.87024043e-94 ... 1.00000000e+00
  1.49383112e-79 1.00000000e+00]
 [6.37378810e-36 1.08215300e-49 1.47877689e-14 ... 1.49383112e-79
  1.00000000e+00 1.00000000e+00]
 [1.00000000e+00 1.00000000e+00 1.00000000e+00 ... 1.00000000e+00
  1.00000000e+00 0.00000000e+00]]
