[[1.00000000e+00 2.22278781e-53 2.13209782e-38 ... 9.65992292e-15
  8.30416498e-25 1.00000000e+00]
 [2.22278781e-53 1.00000000e+00 5.23361226e-59 ... 1.01909908e-56
  5.26988099e-21 1.00000000e+00]
 [2.13209782e-38 5.23361226e-59 1.00000000e+00 ... 2.27074244e-27
  3.96108285e-41 1.00000000e+00]
 ...
 [9.65992292e-15 1.01909908e-56 2.27074244e-27 ... 1.00000000e+00
  1.94408651e-17 1.00000000e+00]
 [8.30416498e-25 5.26988099e-21 3.96108285e-41 ... 1.94408651e-17
  1.00000000e+00 1.00000000e+00]
 [1.00000000e+00 1.00000000e+00 1.00000000e+00 ... 1.00000000e+00
  1.00000000e+00 0.00000000e+00]]
