[[1.00000000e+00 6.78126323e-19 2.83053253e-43 2.85409723e-59
  2.23164938e-25 1.20776207e-24 1.61348680e-25 1.90517205e-29
  2.15940620e-28 3.22609169e-32 3.99046175e-11 1.08371585e-27
  1.87017807e-35 9.64624843e-42 2.74615213e-39 1.17212830e-61
  6.22750188e-31 2.75689345e-09 8.33918671e-44 6.69662545e-48
  1.00000000e+00]
 [6.78126323e-19 1.00000000e+00 3.86954034e-62 1.80734861e-95
  7.15015290e-39 6.41435963e-20 8.32269999e-53 6.04366772e-42
  5.38696277e-65 5.43609007e-58 4.41408178e-29 6.01038586e-11
  3.15885782e-80 1.73576588e-84 2.42099825e-49 2.52420683e-85
  3.13235654e-52 8.45553885e-24 2.56578601e-64 3.86752288e-93
  1.00000000e+00]
 [2.83053253e-43 3.86954034e-62 1.00000000e+00 7.51120740e-24
  5.31552073e-17 1.02720093e-26 1.40080505e-07 5.76328580e-51
  1.13611355e-38 2.51707415e-10 1.00220592e-26 1.48793288e-48
  4.18074438e-36 1.30489200e-38 2.39337595e-29 3.29331154e-33
  7.43074731e-14 3.33172312e-57 1.63493002e-52 1.90813498e-28
  1.00000000e+00]
 [2.85409723e-59 1.80734861e-95 7.51120740e-24 1.00000000e+00
  5.29351998e-53 1.12496013e-39 1.83948590e-29 6.96981651e-29
  3.78752943e-35 6.18260926e-36 4.79591847e-37 5.72942529e-82
  1.17556008e-41 3.63245085e-55 8.04621702e-75 6.40845738e-61
  3.18396940e-51 1.11002645e-95 1.78545783e-40 1.24090480e-49
  1.00000000e+00]
 [2.23164938e-25 7.15015290e-39 5.31552073e-17 5.29351998e-53
  1.00000000e+00 4.70722880e-33 5.57953836e-09 3.58954510e-53
  4.90114661e-32 6.68177713e-28 1.30092063e-23 1.20421857e-47
  9.34780924e-58 4.45897145e-53 1.95469676e-39 3.75394149e-67
  2.62667107e-16 7.48912093e-36 7.97641629e-67 9.92874919e-38
  1.00000000e+00]
 [1.20776207e-24 6.41435963e-20 1.02720093e-26 1.12496013e-39
  4.70722880e-33 1.00000000e+00 2.82760084e-32 1.61922295e-18
  1.01088695e-54 3.18207560e-31 6.51257157e-12 2.09072140e-16
  7.21845160e-51 4.54297878e-65 9.61035834e-42 1.28481117e-43
  1.55071668e-41 1.06660374e-40 1.01560274e-48 5.20736389e-71
  1.00000000e+00]
 [1.61348680e-25 8.32269999e-53 1.40080505e-07 1.83948590e-29
  5.57953836e-09 2.82760084e-32 1.00000000e+00 1.20755962e-47
  3.51124874e-19 4.04635847e-12 7.32637719e-23 5.76610056e-48
  1.70729954e-27 7.53770663e-24 5.09808402e-31 2.77430939e-47
  8.06150674e-08 3.03390040e-37 3.42257425e-43 2.34902430e-21
  1.00000000e+00]
 [1.90517205e-29 6.04366772e-42 5.76328580e-51 6.96981651e-29
  3.58954510e-53 1.61922295e-18 1.20755962e-47 1.00000000e+00
  3.48084641e-40 2.06324432e-57 9.86743555e-20 2.03251283e-48
  5.05500397e-63 1.46311906e-82 2.46721220e-81 2.39203983e-83
  2.94741935e-69 3.92591854e-65 3.56830248e-39 1.65126232e-81
  1.00000000e+00]
 [2.15940620e-28 5.38696277e-65 1.13611355e-38 3.78752943e-35
  4.90114661e-32 1.01088695e-54 3.51124874e-19 3.48084641e-40
  1.00000000e+00 7.79469639e-38 2.30796591e-41 1.11156457e-65
  2.60124396e-40 2.36083321e-34 1.17200054e-57 1.14239134e-94
  9.35270523e-28 2.33194652e-53 3.89268025e-20 7.19851127e-29
  1.00000000e+00]
 [3.22609169e-32 5.43609007e-58 2.51707415e-10 6.18260926e-36
  6.68177713e-28 3.18207560e-31 4.04635847e-12 2.06324432e-57
  7.79469639e-38 1.00000000e+00 4.81437126e-25 1.06773219e-37
  5.58673152e-15 2.54689618e-20 1.33380554e-10 1.21782180e-16
  4.62064368e-08 1.93732855e-36 2.34607860e-42 1.29475381e-15
  1.00000000e+00]
 [3.99046175e-11 4.41408178e-29 1.00220592e-26 4.79591847e-37
  1.30092063e-23 6.51257157e-12 7.32637719e-23 9.86743555e-20
  2.30796591e-41 4.81437126e-25 1.00000000e+00 3.38293917e-34
  2.52286678e-36 2.24218163e-53 2.15987431e-41 1.62831591e-38
  1.84399522e-35 3.92934318e-26 1.52776372e-56 8.65471061e-49
  1.00000000e+00]
 [1.08371585e-27 6.01038586e-11 1.48793288e-48 5.72942529e-82
  1.20421857e-47 2.09072140e-16 5.76610056e-48 2.03251283e-48
  1.11156457e-65 1.06773219e-37 3.38293917e-34 1.00000000e+00
  2.27884975e-57 8.06762840e-62 6.51651633e-27 7.76044234e-56
  6.06108871e-39 2.30756049e-28 7.37719208e-46 2.95598082e-77
  1.00000000e+00]
 [1.87017807e-35 3.15885782e-80 4.18074438e-36 1.17556008e-41
  9.34780924e-58 7.21845160e-51 1.70729954e-27 5.05500397e-63
  2.60124396e-40 5.58673152e-15 2.52286678e-36 2.27884975e-57
  1.00000000e+00 7.17629538e-08 1.25210156e-34 7.05910951e-29
  1.96969548e-28 3.49249485e-39 5.66763506e-41 1.45875381e-30
  1.00000000e+00]
 [9.64624843e-42 1.73576588e-84 1.30489200e-38 3.63245085e-55
  4.45897145e-53 4.54297878e-65 7.53770663e-24 1.46311906e-82
  2.36083321e-34 2.54689618e-20 2.24218163e-53 8.06762840e-62
  7.17629538e-08 1.00000000e+00 5.48730567e-37 5.38192314e-50
  3.49970222e-21 7.30729136e-41 2.12645914e-40 2.55587687e-31
  1.00000000e+00]
 [2.74615213e-39 2.42099825e-49 2.39337595e-29 8.04621702e-75
  1.95469676e-39 9.61035834e-42 5.09808402e-31 2.46721220e-81
  1.17200054e-57 1.33380554e-10 2.15987431e-41 6.51651633e-27
  1.25210156e-34 5.48730567e-37 1.00000000e+00 8.56319456e-27
  2.12609419e-12 3.51309429e-33 1.18114303e-52 5.97530166e-26
  1.00000000e+00]
 [1.17212830e-61 2.52420683e-85 3.29331154e-33 6.40845738e-61
  3.75394149e-67 1.28481117e-43 2.77430939e-47 2.39203983e-83
  1.14239134e-94 1.21782180e-16 1.62831591e-38 7.76044234e-56
  7.05910951e-29 5.38192314e-50 8.56319456e-27 1.00000000e+00
  1.74014124e-42 5.97818676e-59 1.09844159e-87 6.79049431e-50
  1.00000000e+00]
 [6.22750188e-31 3.13235654e-52 7.43074731e-14 3.18396940e-51
  2.62667107e-16 1.55071668e-41 8.06150674e-08 2.94741935e-69
  9.35270523e-28 4.62064368e-08 1.84399522e-35 6.06108871e-39
  1.96969548e-28 3.49970222e-21 2.12609419e-12 1.74014124e-42
  1.00000000e+00 9.28653661e-33 3.10719399e-42 1.53722701e-14
  1.00000000e+00]
 [2.75689345e-09 8.45553885e-24 3.33172312e-57 1.11002645e-95
  7.48912093e-36 1.06660374e-40 3.03390040e-37 3.92591854e-65
  2.33194652e-53 1.93732855e-36 3.92934318e-26 2.30756049e-28
  3.49249485e-39 7.30729136e-41 3.51309429e-33 5.97818676e-59
  9.28653661e-33 1.00000000e+00 1.68460342e-68 6.33118464e-58
  1.00000000e+00]
 [8.33918671e-44 2.56578601e-64 1.63493002e-52 1.78545783e-40
  7.97641629e-67 1.01560274e-48 3.42257425e-43 3.56830248e-39
  3.89268025e-20 2.34607860e-42 1.52776372e-56 7.37719208e-46
  5.66763506e-41 2.12645914e-40 1.18114303e-52 1.09844159e-87
  3.10719399e-42 1.68460342e-68 1.00000000e+00 3.96135348e-49
  1.00000000e+00]
 [6.69662545e-48 3.86752288e-93 1.90813498e-28 1.24090480e-49
  9.92874919e-38 5.20736389e-71 2.34902430e-21 1.65126232e-81
  7.19851127e-29 1.29475381e-15 8.65471061e-49 2.95598082e-77
  1.45875381e-30 2.55587687e-31 5.97530166e-26 6.79049431e-50
  1.53722701e-14 6.33118464e-58 3.96135348e-49 1.00000000e+00
  1.00000000e+00]
 [1.00000000e+00 1.00000000e+00 1.00000000e+00 1.00000000e+00
  1.00000000e+00 1.00000000e+00 1.00000000e+00 1.00000000e+00
  1.00000000e+00 1.00000000e+00 1.00000000e+00 1.00000000e+00
  1.00000000e+00 1.00000000e+00 1.00000000e+00 1.00000000e+00
  1.00000000e+00 1.00000000e+00 1.00000000e+00 1.00000000e+00
  0.00000000e+00]]
