[[1.00000000e+000 5.28765243e-041 1.28850290e-017 2.56717881e-037
  7.67954088e-034 1.81001626e-019 4.07433840e-057 2.09703766e-044
  3.91063158e-021 3.11901909e-031 3.28405684e-053 3.04560568e-008
  7.04248223e-039 6.00094078e-038 2.42988549e-042 1.97889255e-032
  1.69297967e-013 2.10022716e-035 6.03488777e-072 5.90700915e-078
  1.00000000e+000]
 [5.28765243e-041 1.00000000e+000 3.84219465e-080 2.41217697e-023
  8.67619210e-040 5.82053904e-062 1.24139637e-070 1.68293019e-023
  1.06978945e-039 2.07532334e-057 1.38096639e-030 1.22210515e-036
  2.16989089e-071 1.13491825e-058 3.75164421e-041 5.68261558e-037
  1.17973240e-023 7.01677042e-037 1.34446596e-037 6.37634847e-085
  1.00000000e+000]
 [1.28850290e-017 3.84219465e-080 1.00000000e+000 2.16794714e-051
  8.55668955e-065 5.64567887e-016 1.20020371e-046 7.19737594e-069
  2.05637172e-040 1.96888862e-034 8.16985798e-083 9.40229314e-033
  2.75513980e-034 4.85844893e-053 4.71102394e-071 5.52113329e-052
  1.23882721e-041 2.66443992e-063 1.05398572e-085 2.00689897e-057
  1.00000000e+000]
 [2.56717881e-037 2.41217697e-023 2.16794714e-051 1.00000000e+000
  5.80769328e-037 4.34989069e-049 2.46579360e-056 4.60321374e-018
  4.04317059e-043 5.65168340e-045 6.31837066e-048 1.03559867e-035
  2.06590111e-075 5.45213242e-064 9.72626688e-026 2.81448650e-035
  1.63331210e-036 4.34751572e-075 1.25167575e-060 2.89888960e-067
  1.00000000e+000]
 [7.67954088e-034 8.67619210e-040 8.55668955e-065 5.80769328e-037
  1.00000000e+000 1.20447681e-069 1.03982806e-049 3.88538202e-030
  6.71438896e-034 8.81934391e-048 4.44921279e-014 1.41958910e-013
  6.34014587e-059 8.97126394e-015 2.17557705e-013 5.18595035e-056
  1.96708832e-038 9.97886250e-057 1.67781641e-101 3.81489355e-067
  1.00000000e+000]
 [1.81001626e-019 5.82053904e-062 5.64567887e-016 4.34989069e-049
  1.20447681e-069 1.00000000e+000 6.92368013e-046 5.15672941e-050
  2.39194679e-061 1.29320404e-067 1.44387693e-075 8.71689177e-041
  2.05063105e-058 3.28750228e-058 1.34685183e-077 2.71587011e-027
  1.46798948e-024 1.25962138e-055 1.07770662e-072 6.79095527e-052
  1.00000000e+000]
 [4.07433840e-057 1.24139637e-070 1.20020371e-046 2.46579360e-056
  1.03982806e-049 6.92368013e-046 1.00000000e+000 1.34951085e-032
  1.35853017e-082 1.44492027e-056 2.87736277e-040 2.84685805e-059
  3.05364856e-067 4.56458022e-028 8.51868245e-049 1.60189029e-083
  1.14070137e-071 1.68820282e-085 1.44398636e-112 3.35983942e-021
  1.00000000e+000]
 [2.09703766e-044 1.68293019e-023 7.19737594e-069 4.60321374e-018
  3.88538202e-030 5.15672941e-050 1.34951085e-032 1.00000000e+000
  7.51490955e-070 2.23128534e-061 3.39860108e-031 1.65428845e-043
  1.99243788e-097 7.45279402e-046 1.40977160e-017 1.86307531e-050
  3.66167072e-043 9.70997059e-080 1.33603163e-090 7.05621027e-060
  1.00000000e+000]
 [3.91063158e-021 1.06978945e-039 2.05637172e-040 4.04317059e-043
  6.71438896e-034 2.39194679e-061 1.35853017e-082 7.51490955e-070
  1.00000000e+000 2.23095512e-023 3.12206675e-046 1.71607141e-011
  3.03200812e-018 9.43254235e-043 1.53345047e-052 3.60994349e-049
  3.79988767e-027 1.42690778e-025 1.42257069e-050 4.22056594e-089
  1.00000000e+000]
 [3.11901909e-031 2.07532334e-057 1.96888862e-034 5.65168340e-045
  8.81934391e-048 1.29320404e-067 1.44492027e-056 2.23128534e-061
  2.23095512e-023 1.00000000e+000 2.11523356e-065 7.66215014e-031
  1.05276146e-038 5.52449255e-052 9.11249403e-040 1.55268848e-093
  1.73020662e-062 2.60875207e-066 1.65069495e-092 8.03381776e-094
  1.00000000e+000]
 [3.28405684e-053 1.38096639e-030 8.16985798e-083 6.31837066e-048
  4.44921279e-014 1.44387693e-075 2.87736277e-040 3.39860108e-031
  3.12206675e-046 2.11523356e-065 1.00000000e+000 1.06661101e-031
  2.17705031e-054 1.89618145e-013 8.44020670e-035 1.22749277e-056
  3.60827282e-041 3.99017634e-041 1.43511739e-074 4.68870077e-045
  1.00000000e+000]
 [3.04560568e-008 1.22210515e-036 9.40229314e-033 1.03559867e-035
  1.41958910e-013 8.71689177e-041 2.84685805e-059 1.65428845e-043
  1.71607141e-011 7.66215014e-031 1.06661101e-031 1.00000000e+000
  1.96000551e-032 1.25108153e-022 9.78191799e-030 3.21683465e-036
  2.08598976e-016 2.86204793e-031 3.96020748e-073 6.61108617e-074
  1.00000000e+000]
 [7.04248223e-039 2.16989089e-071 2.75513980e-034 2.06590111e-075
  6.34014587e-059 2.05063105e-058 3.05364856e-067 1.99243788e-097
  3.03200812e-018 1.05276146e-038 2.17705031e-054 1.96000551e-032
  1.00000000e+000 2.62363371e-038 1.44414679e-091 2.69806980e-064
  1.10456577e-044 1.26277222e-024 5.04132956e-052 1.35164797e-057
  1.00000000e+000]
 [6.00094078e-038 1.13491825e-058 4.85844893e-053 5.45213242e-064
  8.97126394e-015 3.28750228e-058 4.56458022e-028 7.45279402e-046
  9.43254235e-043 5.52449255e-052 1.89618145e-013 1.25108153e-022
  2.62363371e-038 1.00000000e+000 6.12866560e-039 2.86735910e-066
  1.08464841e-044 1.73632869e-044 2.10319564e-101 1.23845943e-039
  1.00000000e+000]
 [2.42988549e-042 3.75164421e-041 4.71102394e-071 9.72626688e-026
  2.17557705e-013 1.34685183e-077 8.51868245e-049 1.40977160e-017
  1.53345047e-052 9.11249403e-040 8.44020670e-035 9.78191799e-030
  1.44414679e-091 6.12866560e-039 1.00000000e+000 1.20608455e-077
  9.62574373e-059 1.26813386e-092 3.56910783e-125 3.05854340e-088
  1.00000000e+000]
 [1.97889255e-032 5.68261558e-037 5.52113329e-052 2.81448650e-035
  5.18595035e-056 2.71587011e-027 1.60189029e-083 1.86307531e-050
  3.60994349e-049 1.55268848e-093 1.22749277e-056 3.21683465e-036
  2.69806980e-064 2.86735910e-066 1.20608455e-077 1.00000000e+000
  1.50378167e-009 9.74995773e-041 7.62302679e-039 6.76139890e-064
  1.00000000e+000]
 [1.69297967e-013 1.17973240e-023 1.23882721e-041 1.63331210e-036
  1.96708832e-038 1.46798948e-024 1.14070137e-071 3.66167072e-043
  3.79988767e-027 1.73020662e-062 3.60827282e-041 2.08598976e-016
  1.10456577e-044 1.08464841e-044 9.62574373e-059 1.50378167e-009
  1.00000000e+000 1.00233154e-018 2.70502717e-039 3.98871178e-071
  1.00000000e+000]
 [2.10022716e-035 7.01677042e-037 2.66443992e-063 4.34751572e-075
  9.97886250e-057 1.25962138e-055 1.68820282e-085 9.70997059e-080
  1.42690778e-025 2.60875207e-066 3.99017634e-041 2.86204793e-031
  1.26277222e-024 1.73632869e-044 1.26813386e-092 9.74995773e-041
  1.00233154e-018 1.00000000e+000 2.01229531e-031 2.43160749e-079
  1.00000000e+000]
 [6.03488777e-072 1.34446596e-037 1.05398572e-085 1.25167575e-060
  1.67781641e-101 1.07770662e-072 1.44398636e-112 1.33603163e-090
  1.42257069e-050 1.65069495e-092 1.43511739e-074 3.96020748e-073
  5.04132956e-052 2.10319564e-101 3.56910783e-125 7.62302679e-039
  2.70502717e-039 2.01229531e-031 1.00000000e+000 1.27221287e-084
  1.00000000e+000]
 [5.90700915e-078 6.37634847e-085 2.00689897e-057 2.89888960e-067
  3.81489355e-067 6.79095527e-052 3.35983942e-021 7.05621027e-060
  4.22056594e-089 8.03381776e-094 4.68870077e-045 6.61108617e-074
  1.35164797e-057 1.23845943e-039 3.05854340e-088 6.76139890e-064
  3.98871178e-071 2.43160749e-079 1.27221287e-084 1.00000000e+000
  1.00000000e+000]
 [1.00000000e+000 1.00000000e+000 1.00000000e+000 1.00000000e+000
  1.00000000e+000 1.00000000e+000 1.00000000e+000 1.00000000e+000
  1.00000000e+000 1.00000000e+000 1.00000000e+000 1.00000000e+000
  1.00000000e+000 1.00000000e+000 1.00000000e+000 1.00000000e+000
  1.00000000e+000 1.00000000e+000 1.00000000e+000 1.00000000e+000
  0.00000000e+000]]
