[[1.00000000e+00 4.36362440e-44 5.10414061e-51 9.19530620e-75
  8.67221355e-50 1.62880924e-50 9.78225226e-34 3.60451285e-17
  4.83454000e-52 7.44668371e-27 1.90447838e-27 7.86312324e-67
  4.91515204e-64 1.23227103e-39 2.82415362e-26 9.58384362e-54
  1.18800071e-54 1.09188778e-70 4.41725541e-66 1.59473387e-60
  1.00000000e+00]
 [4.36362440e-44 1.00000000e+00 3.55566525e-36 2.37728526e-32
  1.02961943e-65 9.44175700e-59 4.07757752e-28 5.50967973e-45
  1.68947335e-51 4.65896350e-40 4.10197616e-67 4.92174376e-45
  2.84984868e-34 1.84171944e-16 2.31252298e-21 2.91038683e-36
  2.22022693e-29 1.35488746e-34 3.83125428e-39 5.24933998e-89
  1.00000000e+00]
 [5.10414061e-51 3.55566525e-36 1.00000000e+00 1.33196089e-66
  3.28703625e-37 6.42060863e-78 6.51966497e-11 1.05429807e-36
  1.74467720e-58 7.61102098e-65 3.01489094e-70 3.86964445e-27
  2.51029305e-39 6.13810656e-47 1.82215873e-28 7.62910972e-37
  5.41099804e-18 3.44575615e-25 2.42565027e-92 4.22019861e-78
  1.00000000e+00]
 [9.19530620e-75 2.37728526e-32 1.33196089e-66 1.00000000e+00
  1.29619177e-47 1.26862991e-45 1.95308723e-43 9.96590712e-69
  8.77549866e-24 3.84519070e-49 4.20995374e-63 5.03898268e-36
  4.88429661e-32 1.07475284e-39 2.59132741e-52 3.03965951e-76
  1.00354634e-33 5.43097042e-26 5.92303564e-12 2.65540578e-45
  1.00000000e+00]
 [8.67221355e-50 1.02961943e-65 3.28703625e-37 1.29619177e-47
  1.00000000e+00 7.67259641e-44 4.15835919e-39 1.05066172e-56
  5.64822618e-43 1.32186909e-77 2.26443925e-60 8.52219594e-34
  2.32460898e-27 6.22991387e-43 6.07545550e-58 5.17983879e-48
  3.79339888e-32 3.20484002e-39 3.90644549e-55 2.02457258e-37
  1.00000000e+00]
 [1.62880924e-50 9.44175700e-59 6.42060863e-78 1.26862991e-45
  7.67259641e-44 1.00000000e+00 1.70426099e-63 1.38768746e-51
  1.56721551e-22 8.78114717e-45 1.32102307e-28 4.23103312e-78
  2.80862554e-22 4.47846257e-38 2.64304868e-80 8.22966843e-41
  4.33309641e-32 7.27459025e-71 2.36545632e-32 1.34810889e-30
  1.00000000e+00]
 [9.78225226e-34 4.07757752e-28 6.51966497e-11 1.95308723e-43
  4.15835919e-39 1.70426099e-63 1.00000000e+00 2.42262013e-16
  8.96462155e-31 1.41432759e-30 6.84389705e-40 1.37959654e-18
  8.41865542e-45 9.41292797e-46 2.59280925e-16 8.48849659e-55
  7.80439234e-18 3.24241863e-19 1.49238792e-65 5.91934265e-49
  1.00000000e+00]
 [3.60451285e-17 5.50967973e-45 1.05429807e-36 9.96590712e-69
  1.05066172e-56 1.38768746e-51 2.42262013e-16 1.00000000e+00
  1.91415065e-30 4.30299654e-21 1.26755487e-21 6.27456564e-42
  7.67743145e-66 2.94515285e-50 4.47780808e-35 2.44020071e-65
  1.49340930e-37 4.00552620e-61 2.42174539e-70 1.68797643e-40
  1.00000000e+00]
 [4.83454000e-52 1.68947335e-51 1.74467720e-58 8.77549866e-24
  5.64822618e-43 1.56721551e-22 8.96462155e-31 1.91415065e-30
  1.00000000e+00 9.21801196e-25 1.96524945e-19 2.14368794e-38
  1.81913750e-37 1.16046962e-53 2.12138337e-58 8.47292401e-74
  2.27485403e-23 7.36093909e-40 2.18602606e-30 1.22164323e-09
  1.00000000e+00]
 [7.44668371e-27 4.65896350e-40 7.61102098e-65 3.84519070e-49
  1.32186909e-77 8.78114717e-45 1.41432759e-30 4.30299654e-21
  9.21801196e-25 1.00000000e+00 5.85116072e-11 1.41569839e-71
  3.28635247e-64 2.42861496e-62 5.32303199e-29 1.51553011e-77
  1.71104466e-42 9.05000796e-52 5.80502394e-55 1.81012130e-47
  1.00000000e+00]
 [1.90447838e-27 4.10197616e-67 3.01489094e-70 4.20995374e-63
  2.26443925e-60 1.32102307e-28 6.84389705e-40 1.26755487e-21
  1.96524945e-19 5.85116072e-11 1.00000000e+00 1.49814270e-78
  5.07696706e-60 3.99678258e-72 1.32348792e-50 2.82000271e-75
  3.67602654e-42 1.76190842e-64 8.55374292e-64 9.49483480e-27
  1.00000000e+00]
 [7.86312324e-67 4.92174376e-45 3.86964445e-27 5.03898268e-36
  8.52219594e-34 4.23103312e-78 1.37959654e-18 6.27456564e-42
  2.14368794e-38 1.41569839e-71 1.49814270e-78 1.00000000e+00
  2.13156044e-52 3.10589968e-46 5.39137092e-51 2.93323873e-79
  4.59828863e-33 4.35235507e-32 3.76461144e-54 4.80080942e-47
  1.00000000e+00]
 [4.91515204e-64 2.84984868e-34 2.51029305e-39 4.88429661e-32
  2.32460898e-27 2.80862554e-22 8.41865542e-45 7.67743145e-66
  1.81913750e-37 3.28635247e-64 5.07696706e-60 2.13156044e-52
  1.00000000e+00 1.25110541e-24 1.01668766e-56 1.63417827e-16
  1.01190334e-11 7.02070512e-32 9.61389706e-39 5.13922244e-57
  1.00000000e+00]
 [1.23227103e-39 1.84171944e-16 6.13810656e-47 1.07475284e-39
  6.22991387e-43 4.47846257e-38 9.41292797e-46 2.94515285e-50
  1.16046962e-53 2.42861496e-62 3.99678258e-72 3.10589968e-46
  1.25110541e-24 1.00000000e+00 2.09582608e-47 5.84180722e-24
  2.91552858e-36 1.09852015e-58 1.28940164e-27 1.04216295e-74
  1.00000000e+00]
 [2.82415362e-26 2.31252298e-21 1.82215873e-28 2.59132741e-52
  6.07545550e-58 2.64304868e-80 2.59280925e-16 4.47780808e-35
  2.12138337e-58 5.32303199e-29 1.32348792e-50 5.39137092e-51
  1.01668766e-56 2.09582608e-47 1.00000000e+00 1.72405532e-56
  3.20569867e-39 2.49788461e-26 5.13861339e-72 1.21288531e-86
  1.00000000e+00]
 [9.58384362e-54 2.91038683e-36 7.62910972e-37 3.03965951e-76
  5.17983879e-48 8.22966843e-41 8.48849659e-55 2.44020071e-65
  8.47292401e-74 1.51553011e-77 2.82000271e-75 2.93323873e-79
  1.63417827e-16 5.84180722e-24 1.72405532e-56 1.00000000e+00
  5.90680627e-27 1.08986170e-60 2.58045852e-75 2.00897663e-98
  1.00000000e+00]
 [1.18800071e-54 2.22022693e-29 5.41099804e-18 1.00354634e-33
  3.79339888e-32 4.33309641e-32 7.80439234e-18 1.49340930e-37
  2.27485403e-23 1.71104466e-42 3.67602654e-42 4.59828863e-33
  1.01190334e-11 2.91552858e-36 3.20569867e-39 5.90680627e-27
  1.00000000e+00 7.38457325e-18 3.61080839e-52 1.05049750e-44
  1.00000000e+00]
 [1.09188778e-70 1.35488746e-34 3.44575615e-25 5.43097042e-26
  3.20484002e-39 7.27459025e-71 3.24241863e-19 4.00552620e-61
  7.36093909e-40 9.05000796e-52 1.76190842e-64 4.35235507e-32
  7.02070512e-32 1.09852015e-58 2.49788461e-26 1.08986170e-60
  7.38457325e-18 1.00000000e+00 3.36153896e-61 5.55832902e-65
  1.00000000e+00]
 [4.41725541e-66 3.83125428e-39 2.42565027e-92 5.92303564e-12
  3.90644549e-55 2.36545632e-32 1.49238792e-65 2.42174539e-70
  2.18602606e-30 5.80502394e-55 8.55374292e-64 3.76461144e-54
  9.61389706e-39 1.28940164e-27 5.13861339e-72 2.58045852e-75
  3.61080839e-52 3.36153896e-61 1.00000000e+00 3.71341387e-46
  1.00000000e+00]
 [1.59473387e-60 5.24933998e-89 4.22019861e-78 2.65540578e-45
  2.02457258e-37 1.34810889e-30 5.91934265e-49 1.68797643e-40
  1.22164323e-09 1.81012130e-47 9.49483480e-27 4.80080942e-47
  5.13922244e-57 1.04216295e-74 1.21288531e-86 2.00897663e-98
  1.05049750e-44 5.55832902e-65 3.71341387e-46 1.00000000e+00
  1.00000000e+00]
 [1.00000000e+00 1.00000000e+00 1.00000000e+00 1.00000000e+00
  1.00000000e+00 1.00000000e+00 1.00000000e+00 1.00000000e+00
  1.00000000e+00 1.00000000e+00 1.00000000e+00 1.00000000e+00
  1.00000000e+00 1.00000000e+00 1.00000000e+00 1.00000000e+00
  1.00000000e+00 1.00000000e+00 1.00000000e+00 1.00000000e+00
  0.00000000e+00]]
