[[1.00000000e+000 5.98817514e-059 1.07697778e-052 3.14158806e-016
  1.67690737e-043 7.51040895e-044 9.94474867e-066 2.18946267e-050
  3.25518632e-039 2.21880308e-044 8.80066474e-036 1.30541848e-039
  8.23610329e-075 8.29687815e-059 2.89507210e-033 5.63682648e-035
  9.74023919e-052 5.54537233e-070 9.30172075e-021 3.53752349e-045
  1.00000000e+000]
 [5.98817514e-059 1.00000000e+000 6.16193264e-095 1.40900543e-041
  4.13986935e-065 4.20021812e-032 4.94066801e-051 2.24539498e-110
  3.85706563e-083 8.79520768e-060 4.10238276e-037 1.98905916e-031
  7.36471369e-090 3.78988065e-036 1.00931961e-083 5.54293810e-041
  2.54761355e-017 2.39592765e-091 1.59513397e-042 1.94580399e-048
  1.00000000e+000]
 [1.07697778e-052 6.16193264e-095 1.00000000e+000 3.67700418e-068
  5.43651521e-018 9.36314280e-036 4.57767122e-027 9.62474063e-038
  5.64609368e-044 5.10540965e-011 1.86906838e-087 9.28513255e-040
  1.14320152e-063 1.46207113e-051 1.89689590e-019 2.74551800e-079
  2.39730762e-065 8.31423739e-053 4.36812331e-034 1.92707228e-054
  1.00000000e+000]
 [3.14158806e-016 1.40900543e-041 3.67700418e-068 1.00000000e+000
  1.85608177e-041 9.86893865e-032 5.21620445e-066 2.34366309e-052
  1.12544128e-065 5.24416765e-047 5.76451345e-022 1.36590524e-037
  7.77955774e-044 1.72199786e-029 2.98939172e-051 3.10301993e-046
  8.12189091e-041 9.50061043e-048 5.00981231e-030 1.30193185e-031
  1.00000000e+000]
 [1.67690737e-043 4.13986935e-065 5.43651521e-018 1.85608177e-041
  1.00000000e+000 1.04992992e-033 1.23326841e-031 4.77202911e-012
  2.11195016e-025 3.72401015e-003 6.86380987e-059 6.20449641e-029
  1.09987150e-045 4.45556882e-029 8.89976763e-048 1.97743364e-049
  1.27005122e-036 1.95806710e-038 6.04765774e-016 4.09448377e-061
  1.00000000e+000]
 [7.51040895e-044 4.20021812e-032 9.36314280e-036 9.86893865e-032
  1.04992992e-033 1.00000000e+000 1.37294144e-037 9.01392833e-070
  5.24261123e-064 3.65819652e-026 2.36051643e-050 1.57219012e-011
  2.15832103e-046 8.91739387e-012 1.53075510e-031 1.99382871e-055
  1.48304690e-040 8.00312648e-034 6.62816107e-042 3.24260652e-017
  1.00000000e+000]
 [9.94474867e-066 4.94066801e-051 4.57767122e-027 5.21620445e-066
  1.23326841e-031 1.37294144e-037 1.00000000e+000 1.02751441e-071
  8.69921380e-075 9.07376058e-023 2.90534689e-058 4.68082211e-044
  5.91392542e-067 5.90450923e-049 2.15508782e-035 4.37714919e-079
  8.18590809e-028 4.84878338e-080 1.51106938e-026 6.93291208e-045
  1.00000000e+000]
 [2.18946267e-050 2.24539498e-110 9.62474063e-038 2.34366309e-052
  4.77202911e-012 9.01392833e-070 1.02751441e-071 1.00000000e+000
  1.88453560e-028 6.45008015e-023 7.23310260e-087 2.81681845e-063
  2.62194792e-068 3.16196223e-055 3.67199719e-075 5.89768064e-061
  1.09465845e-066 3.05818822e-058 1.66535135e-030 1.72980597e-101
  1.00000000e+000]
 [3.25518632e-039 3.85706563e-083 5.64609368e-044 1.12544128e-065
  2.11195016e-025 5.24261123e-064 8.69921380e-075 1.88453560e-028
  1.00000000e+000 1.64871137e-026 5.80736710e-087 4.64143176e-040
  1.60693846e-108 5.12614662e-071 1.55000339e-072 5.09413956e-028
  1.20035800e-060 7.49367252e-081 2.75946117e-025 8.53541045e-106
  1.00000000e+000]
 [2.21880308e-044 8.79520768e-060 5.10540965e-011 5.24416765e-047
  3.72401015e-003 3.65819652e-026 9.07376058e-023 6.45008015e-023
  1.64871137e-026 1.00000000e+000 1.78696989e-058 5.33536212e-021
  1.18884075e-046 3.16963971e-030 1.33246259e-036 2.78299702e-052
  4.88411997e-037 1.49937602e-037 4.97229133e-017 1.81245833e-051
  1.00000000e+000]
 [8.80066474e-036 4.10238276e-037 1.86906838e-087 5.76451345e-022
  6.86380987e-059 2.36051643e-050 2.90534689e-058 7.23310260e-087
  5.80736710e-087 1.78696989e-058 1.00000000e+000 8.30422412e-039
  8.73864798e-039 1.63188648e-060 6.44822392e-064 1.43916158e-078
  5.25033839e-048 1.54938278e-057 1.41516390e-035 1.24493587e-031
  1.00000000e+000]
 [1.30541848e-039 1.98905916e-031 9.28513255e-040 1.36590524e-037
  6.20449641e-029 1.57219012e-011 4.68082211e-044 2.81681845e-063
  4.64143176e-040 5.33536212e-021 8.30422412e-039 1.00000000e+000
  1.94405668e-046 5.24878327e-028 4.92602378e-042 4.70404086e-049
  9.97613293e-045 1.73176467e-029 2.10983081e-033 8.52616213e-030
  1.00000000e+000]
 [8.23610329e-075 7.36471369e-090 1.14320152e-063 7.77955774e-044
  1.09987150e-045 2.15832103e-046 5.91392542e-067 2.62194792e-068
  1.60693846e-108 1.18884075e-046 8.73864798e-039 1.94405668e-046
  1.00000000e+000 1.04825009e-047 2.29200499e-064 2.24394228e-135
  1.82150987e-090 4.12389301e-012 8.59434115e-068 1.89758697e-033
  1.00000000e+000]
 [8.29687815e-059 3.78988065e-036 1.46207113e-051 1.72199786e-029
  4.45556882e-029 8.91739387e-012 5.90450923e-049 3.16196223e-055
  5.12614662e-071 3.16963971e-030 1.63188648e-060 5.24878327e-028
  1.04825009e-047 1.00000000e+000 1.16455426e-062 3.77953447e-053
  6.47731598e-033 6.61302661e-039 1.70143219e-045 1.91933049e-039
  1.00000000e+000]
 [2.89507210e-033 1.00931961e-083 1.89689590e-019 2.98939172e-051
  8.89976763e-048 1.53075510e-031 2.15508782e-035 3.67199719e-075
  1.55000339e-072 1.33246259e-036 6.44822392e-064 4.92602378e-042
  2.29200499e-064 1.16455426e-062 1.00000000e+000 1.50365832e-087
  1.58363966e-073 4.19139309e-062 1.57956223e-042 2.95412284e-024
  1.00000000e+000]
 [5.63682648e-035 5.54293810e-041 2.74551800e-079 3.10301993e-046
  1.97743364e-049 1.99382871e-055 4.37714919e-079 5.89768064e-061
  5.09413956e-028 2.78299702e-052 1.43916158e-078 4.70404086e-049
  2.24394228e-135 3.77953447e-053 1.50365832e-087 1.00000000e+000
  2.27046593e-029 4.30859211e-115 1.66179762e-028 5.02061946e-098
  1.00000000e+000]
 [9.74023919e-052 2.54761355e-017 2.39730762e-065 8.12189091e-041
  1.27005122e-036 1.48304690e-040 8.18590809e-028 1.09465845e-066
  1.20035800e-060 4.88411997e-037 5.25033839e-048 9.97613293e-045
  1.82150987e-090 6.47731598e-033 1.58363966e-073 2.27046593e-029
  1.00000000e+000 2.02415412e-098 2.00338505e-018 1.78708977e-064
  1.00000000e+000]
 [5.54537233e-070 2.39592765e-091 8.31423739e-053 9.50061043e-048
  1.95806710e-038 8.00312648e-034 4.84878338e-080 3.05818822e-058
  7.49367252e-081 1.49937602e-037 1.54938278e-057 1.73176467e-029
  4.12389301e-012 6.61302661e-039 4.19139309e-062 4.30859211e-115
  2.02415412e-098 1.00000000e+000 7.11253689e-071 8.29406085e-040
  1.00000000e+000]
 [9.30172075e-021 1.59513397e-042 4.36812331e-034 5.00981231e-030
  6.04765774e-016 6.62816107e-042 1.51106938e-026 1.66535135e-030
  2.75946117e-025 4.97229133e-017 1.41516390e-035 2.10983081e-033
  8.59434115e-068 1.70143219e-045 1.57956223e-042 1.66179762e-028
  2.00338505e-018 7.11253689e-071 1.00000000e+000 9.20677304e-057
  1.00000000e+000]
 [3.53752349e-045 1.94580399e-048 1.92707228e-054 1.30193185e-031
  4.09448377e-061 3.24260652e-017 6.93291208e-045 1.72980597e-101
  8.53541045e-106 1.81245833e-051 1.24493587e-031 8.52616213e-030
  1.89758697e-033 1.91933049e-039 2.95412284e-024 5.02061946e-098
  1.78708977e-064 8.29406085e-040 9.20677304e-057 1.00000000e+000
  1.00000000e+000]
 [1.00000000e+000 1.00000000e+000 1.00000000e+000 1.00000000e+000
  1.00000000e+000 1.00000000e+000 1.00000000e+000 1.00000000e+000
  1.00000000e+000 1.00000000e+000 1.00000000e+000 1.00000000e+000
  1.00000000e+000 1.00000000e+000 1.00000000e+000 1.00000000e+000
  1.00000000e+000 1.00000000e+000 1.00000000e+000 1.00000000e+000
  0.00000000e+000]]
