[[1.00000000e+00 5.01797296e-15 3.37758431e-44 3.22307277e-73
  4.06246598e-57 3.37483734e-58 3.12083492e-51 8.09340093e-44
  4.07294342e-40 1.90927591e-57 1.46051885e-56 1.95182790e-75
  7.52592531e-54 2.60645329e-40 7.94445330e-31 1.42347149e-30
  6.25850406e-62 6.45504878e-34 7.05365692e-31 2.47886300e-16
  1.00000000e+00]
 [5.01797296e-15 1.00000000e+00 2.73330641e-30 8.67278685e-45
  8.01246651e-46 3.51223890e-53 4.15986547e-37 1.49736464e-33
  1.23307395e-27 1.08977700e-67 8.26509788e-49 9.02298798e-67
  7.12676971e-30 7.51950661e-34 1.42679337e-34 3.85852844e-51
  3.08179346e-65 5.86902582e-52 2.42730163e-34 3.55796931e-15
  1.00000000e+00]
 [3.37758431e-44 2.73330641e-30 1.00000000e+00 1.77813781e-16
  2.63531983e-46 2.61002615e-43 3.54108693e-34 6.80343736e-23
  9.30445826e-22 2.67925316e-52 1.50232586e-53 2.49212885e-15
  2.05317826e-08 2.61745232e-28 8.07857012e-15 1.72203246e-64
  2.99449258e-25 1.20554210e-35 4.94042004e-35 1.33486561e-33
  1.00000000e+00]
 [3.22307277e-73 8.67278685e-45 1.77813781e-16 1.00000000e+00
  3.48044942e-84 8.16361274e-83 3.67932125e-70 1.96835607e-60
  6.02372444e-36 5.85287967e-93 9.81687496e-95 5.62229743e-47
  3.66835101e-29 6.73712086e-64 1.99165351e-31 6.47377946e-94
  1.83526640e-67 5.91022557e-86 6.67622794e-49 1.58724965e-63
  1.00000000e+00]
 [4.06246598e-57 8.01246651e-46 2.63531983e-46 3.48044942e-84
  1.00000000e+00 1.72168274e-09 3.53194464e-30 1.33127462e-10
  6.71676594e-24 1.07168015e-47 1.04406316e-02 1.37717096e-40
  2.96866927e-41 1.53142001e-19 1.68458860e-63 3.18195177e-45
  3.21738541e-22 2.86399471e-29 2.09048078e-78 4.01353208e-22
  1.00000000e+00]
 [3.37483734e-58 3.51223890e-53 2.61002615e-43 8.16361274e-83
  1.72168274e-09 1.00000000e+00 1.62793660e-55 1.88592859e-17
  7.26845924e-16 1.85069193e-72 4.04656183e-18 9.64451826e-39
  8.83093869e-44 1.75432798e-17 2.93995911e-58 7.58188914e-60
  5.76840705e-19 4.03044130e-18 7.49270659e-81 1.03233896e-22
  1.00000000e+00]
 [3.12083492e-51 4.15986547e-37 3.54108693e-34 3.67932125e-70
  3.53194464e-30 1.62793660e-55 1.00000000e+00 1.08020047e-18
  4.82148750e-52 1.52132099e-21 2.29132974e-24 4.75866315e-39
  5.43076072e-30 1.20541584e-40 6.16150414e-47 1.39834716e-50
  1.32401240e-35 3.23582774e-51 1.48840003e-63 1.38989722e-35
  1.00000000e+00]
 [8.09340093e-44 1.49736464e-33 6.80343736e-23 1.96835607e-60
  1.33127462e-10 1.88592859e-17 1.08020047e-18 1.00000000e+00
  2.01178942e-26 4.47273394e-30 4.19263787e-12 5.57470941e-17
  5.85196701e-15 2.47886464e-06 6.33877015e-47 1.27127929e-39
  1.30226222e-15 1.32006738e-19 2.09330744e-43 4.42486689e-25
  1.00000000e+00]
 [4.07294342e-40 1.23307395e-27 9.30445826e-22 6.02372444e-36
  6.71676594e-24 7.26845924e-16 4.82148750e-52 2.01178942e-26
  1.00000000e+00 1.67934867e-77 1.39696779e-34 2.09973698e-41
  1.77963819e-32 2.49683884e-27 1.53641297e-26 1.71371874e-58
  7.34616716e-29 1.58680616e-31 2.78972696e-60 4.38761844e-13
  1.00000000e+00]
 [1.90927591e-57 1.08977700e-67 2.67925316e-52 5.85287967e-93
  1.07168015e-47 1.85069193e-72 1.52132099e-21 4.47273394e-30
  1.67934867e-77 1.00000000e+00 2.86829903e-36 3.96853006e-39
  6.41408140e-53 2.37453903e-46 2.60743623e-61 7.29726796e-23
  3.81455311e-37 8.58272377e-46 2.90089403e-49 6.51980194e-61
  1.00000000e+00]
 [1.46051885e-56 8.26509788e-49 1.50232586e-53 9.81687496e-95
  1.04406316e-02 4.04656183e-18 2.29132974e-24 4.19263787e-12
  1.39696779e-34 2.86829903e-36 1.00000000e+00 2.24044557e-45
  2.32777280e-47 5.71026326e-24 6.63740653e-69 4.10136099e-37
  5.30123093e-26 6.00690333e-33 3.21948355e-78 4.82331403e-26
  1.00000000e+00]
 [1.95182790e-75 9.02298798e-67 2.49212885e-15 5.62229743e-47
  1.37717096e-40 9.64451826e-39 4.75866315e-39 5.57470941e-17
  2.09973698e-41 3.96853006e-39 2.24044557e-45 1.00000000e+00
  8.04170461e-16 1.18320140e-23 1.46948869e-43 1.50788065e-65
  2.16320772e-12 6.70356423e-30 1.61211426e-49 5.93420059e-58
  1.00000000e+00]
 [7.52592531e-54 7.12676971e-30 2.05317826e-08 3.66835101e-29
  2.96866927e-41 8.83093869e-44 5.43076072e-30 5.85196701e-15
  1.77963819e-32 6.41408140e-53 2.32777280e-47 8.04170461e-16
  1.00000000e+00 4.02232413e-18 1.11132157e-39 5.88963036e-71
  3.77488582e-34 1.45461428e-42 9.86818015e-34 5.45139441e-42
  1.00000000e+00]
 [2.60645329e-40 7.51950661e-34 2.61745232e-28 6.73712086e-64
  1.53142001e-19 1.75432798e-17 1.20541584e-40 2.47886464e-06
  2.49683884e-27 2.37453903e-46 5.71026326e-24 1.18320140e-23
  4.02232413e-18 1.00000000e+00 1.29518034e-55 7.06244462e-41
  5.09317657e-26 3.34040760e-17 9.66061579e-33 2.40536929e-29
  1.00000000e+00]
 [7.94445330e-31 1.42679337e-34 8.07857012e-15 1.99165351e-31
  1.68458860e-63 2.93995911e-58 6.16150414e-47 6.33877015e-47
  1.53641297e-26 2.60743623e-61 6.63740653e-69 1.46948869e-43
  1.11132157e-39 1.29518034e-55 1.00000000e+00 1.16547884e-60
  1.04033435e-35 3.14378922e-39 1.38148508e-50 4.04346091e-27
  1.00000000e+00]
 [1.42347149e-30 3.85852844e-51 1.72203246e-64 6.47377946e-94
  3.18195177e-45 7.58188914e-60 1.39834716e-50 1.27127929e-39
  1.71371874e-58 7.29726796e-23 4.10136099e-37 1.50788065e-65
  5.88963036e-71 7.06244462e-41 1.16547884e-60 1.00000000e+00
  5.01165822e-52 2.01387778e-38 4.71299999e-36 4.99586097e-42
  1.00000000e+00]
 [6.25850406e-62 3.08179346e-65 2.99449258e-25 1.83526640e-67
  3.21738541e-22 5.76840705e-19 1.32401240e-35 1.30226222e-15
  7.34616716e-29 3.81455311e-37 5.30123093e-26 2.16320772e-12
  3.77488582e-34 5.09317657e-26 1.04033435e-35 5.01165822e-52
  1.00000000e+00 4.18481900e-14 3.10381152e-69 1.08287161e-35
  1.00000000e+00]
 [6.45504878e-34 5.86902582e-52 1.20554210e-35 5.91022557e-86
  2.86399471e-29 4.03044130e-18 3.23582774e-51 1.32006738e-19
  1.58680616e-31 8.58272377e-46 6.00690333e-33 6.70356423e-30
  1.45461428e-42 3.34040760e-17 3.14378922e-39 2.01387778e-38
  4.18481900e-14 1.00000000e+00 1.47347533e-50 1.07289121e-25
  1.00000000e+00]
 [7.05365692e-31 2.42730163e-34 4.94042004e-35 6.67622794e-49
  2.09048078e-78 7.49270659e-81 1.48840003e-63 2.09330744e-43
  2.78972696e-60 2.90089403e-49 3.21948355e-78 1.61211426e-49
  9.86818015e-34 9.66061579e-33 1.38148508e-50 4.71299999e-36
  3.10381152e-69 1.47347533e-50 1.00000000e+00 6.68716480e-58
  1.00000000e+00]
 [2.47886300e-16 3.55796931e-15 1.33486561e-33 1.58724965e-63
  4.01353208e-22 1.03233896e-22 1.38989722e-35 4.42486689e-25
  4.38761844e-13 6.51980194e-61 4.82331403e-26 5.93420059e-58
  5.45139441e-42 2.40536929e-29 4.04346091e-27 4.99586097e-42
  1.08287161e-35 1.07289121e-25 6.68716480e-58 1.00000000e+00
  1.00000000e+00]
 [1.00000000e+00 1.00000000e+00 1.00000000e+00 1.00000000e+00
  1.00000000e+00 1.00000000e+00 1.00000000e+00 1.00000000e+00
  1.00000000e+00 1.00000000e+00 1.00000000e+00 1.00000000e+00
  1.00000000e+00 1.00000000e+00 1.00000000e+00 1.00000000e+00
  1.00000000e+00 1.00000000e+00 1.00000000e+00 1.00000000e+00
  0.00000000e+00]]
