[[1.00000000e+00 7.27981928e-35 8.79722156e-19 ... 5.51465935e-56
  4.66842362e-15 1.00000000e+00]
 [7.27981928e-35 1.00000000e+00 5.79786825e-36 ... 1.08001965e-59
  3.95209755e-44 1.00000000e+00]
 [8.79722156e-19 5.79786825e-36 1.00000000e+00 ... 9.77991959e-30
  5.70954782e-16 1.00000000e+00]
 ...
 [5.51465935e-56 1.08001965e-59 9.77991959e-30 ... 1.00000000e+00
  2.82660946e-46 1.00000000e+00]
 [4.66842362e-15 3.95209755e-44 5.70954782e-16 ... 2.82660946e-46
  1.00000000e+00 1.00000000e+00]
 [1.00000000e+00 1.00000000e+00 1.00000000e+00 ... 1.00000000e+00
  1.00000000e+00 0.00000000e+00]]
