[[1.00000000e+00 9.56526885e-38 1.44955550e-21 ... 7.60036375e-78
  9.19045108e-53 1.00000000e+00]
 [9.56526885e-38 1.00000000e+00 1.46786520e-28 ... 5.85785919e-53
  9.11306452e-72 1.00000000e+00]
 [1.44955550e-21 1.46786520e-28 1.00000000e+00 ... 2.27874863e-46
  8.46731913e-16 1.00000000e+00]
 ...
 [7.60036375e-78 5.85785919e-53 2.27874863e-46 ... 1.00000000e+00
  6.61135297e-83 1.00000000e+00]
 [9.19045108e-53 9.11306452e-72 8.46731913e-16 ... 6.61135297e-83
  1.00000000e+00 1.00000000e+00]
 [1.00000000e+00 1.00000000e+00 1.00000000e+00 ... 1.00000000e+00
  1.00000000e+00 0.00000000e+00]]
