[[1.00000000e+00 6.15063944e-12 2.41980233e-33 ... 2.73707059e-50
  5.03427237e-27 1.00000000e+00]
 [6.15063944e-12 1.00000000e+00 3.15065275e-53 ... 1.47841084e-57
  1.21334517e-49 1.00000000e+00]
 [2.41980233e-33 3.15065275e-53 1.00000000e+00 ... 5.18491190e-42
  2.96809846e-23 1.00000000e+00]
 ...
 [2.73707059e-50 1.47841084e-57 5.18491190e-42 ... 1.00000000e+00
  7.33521970e-47 1.00000000e+00]
 [5.03427237e-27 1.21334517e-49 2.96809846e-23 ... 7.33521970e-47
  1.00000000e+00 1.00000000e+00]
 [1.00000000e+00 1.00000000e+00 1.00000000e+00 ... 1.00000000e+00
  1.00000000e+00 0.00000000e+00]]
