[[1.00000000e+000 3.01241208e-048 6.02546872e-024 1.33618488e-030
  1.52648737e-026 9.50268579e-028 7.41288755e-026 3.48124119e-019
  1.67144066e-021 1.18611099e-005 1.16394448e-015 3.89363869e-020
  1.92764535e-020 4.54569070e-038 3.08834138e-036 2.20140586e-031
  4.00605439e-024 3.93383144e-012 6.92541639e-025 7.44384557e-010
  1.00000000e+000]
 [3.01241208e-048 1.00000000e+000 8.15885168e-118 1.41393936e-115
  8.12723875e-074 6.34591836e-064 7.25804487e-110 4.56684005e-054
  9.53389039e-016 1.83106565e-056 2.13501708e-062 3.09262704e-055
  4.17086664e-055 4.99199654e-094 2.99641370e-046 4.72900390e-035
  9.68028618e-092 4.45066530e-049 7.87969656e-072 8.13273943e-051
  1.00000000e+000]
 [6.02546872e-024 8.15885168e-118 1.00000000e+000 1.32455874e-015
  6.62459233e-038 1.48536045e-071 4.12808224e-017 3.73525005e-049
  1.19238140e-063 2.48591377e-020 3.48582653e-024 7.38769267e-047
  2.16380062e-054 2.15794144e-032 3.76659707e-071 2.20297449e-063
  1.71076981e-043 1.09624145e-034 2.88763276e-058 3.62921385e-029
  1.00000000e+000]
 [1.33618488e-030 1.41393936e-115 1.32455874e-015 1.00000000e+000
  2.38022434e-023 1.37861683e-079 1.75946080e-019 4.69695150e-040
  4.25239840e-057 1.64423165e-024 1.07002389e-013 8.91323734e-035
  2.35349052e-050 1.29299736e-026 7.35589682e-071 1.97601414e-055
  2.63604337e-027 1.84174583e-046 8.67056247e-050 6.03596367e-052
  1.00000000e+000]
 [1.52648737e-026 8.12723875e-074 6.62459233e-038 2.38022434e-023
  1.00000000e+000 1.96424145e-061 4.40044541e-045 6.80775648e-045
  9.76135046e-045 1.12898048e-030 1.64788191e-016 4.40429785e-052
  1.74276826e-061 1.55107303e-038 2.21678214e-049 2.41961193e-026
  2.76526373e-040 1.90635490e-027 2.79744517e-034 2.76047337e-032
  1.00000000e+000]
 [9.50268579e-028 6.34591836e-064 1.48536045e-071 1.37861683e-079
  1.96424145e-061 1.00000000e+000 1.80552188e-062 2.30783365e-022
  2.02062196e-050 2.94658523e-023 3.74653932e-047 1.53738136e-049
  1.57955387e-074 3.47224430e-055 6.33436795e-094 2.09620221e-046
  1.43123266e-054 3.17394826e-042 2.70803062e-056 1.66535443e-033
  1.00000000e+000]
 [7.41288755e-026 7.25804487e-110 4.12808224e-017 1.75946080e-019
  4.40044541e-045 1.80552188e-062 1.00000000e+000 3.10560528e-048
  2.51060614e-048 2.89493213e-019 4.34585874e-014 4.36521293e-046
  1.05090297e-042 2.21903171e-052 1.48219714e-101 1.61038297e-045
  2.19973816e-054 3.60628624e-027 1.26605545e-081 4.87505638e-047
  1.00000000e+000]
 [3.48124119e-019 4.56684005e-054 3.73525005e-049 4.69695150e-040
  6.80775648e-045 2.30783365e-022 3.10560528e-048 1.00000000e+000
  5.46091642e-030 1.24249575e-010 8.18175378e-026 3.76495986e-009
  9.68632851e-044 6.29610809e-020 3.45489443e-055 5.46658321e-045
  1.58611403e-018 1.32362384e-048 3.39092571e-032 1.09419770e-036
  1.00000000e+000]
 [1.67144066e-021 9.53389039e-016 1.19238140e-063 4.25239840e-057
  9.76135046e-045 2.02062196e-050 2.51060614e-048 5.46091642e-030
  1.00000000e+000 3.31073826e-023 2.09825801e-021 5.85700007e-025
  5.13992258e-023 1.60753750e-058 5.78699084e-044 4.28345560e-017
  3.30128971e-056 1.04689582e-023 1.28009136e-057 3.94955962e-036
  1.00000000e+000]
 [1.18611099e-005 1.83106565e-056 2.48591377e-020 1.64423165e-024
  1.12898048e-030 2.94658523e-023 2.89493213e-019 1.24249575e-010
  3.31073826e-023 1.00000000e+000 1.32355566e-010 4.08328990e-016
  1.59805569e-031 5.00063080e-022 3.50867533e-053 1.28803805e-029
  1.42907801e-025 6.26525859e-020 3.03751366e-037 6.04105142e-017
  1.00000000e+000]
 [1.16394448e-015 2.13501708e-062 3.48582653e-024 1.07002389e-013
  1.64788191e-016 3.74653932e-047 4.34585874e-014 8.18175378e-026
  2.09825801e-021 1.32355566e-010 1.00000000e+000 2.99334557e-027
  8.24477994e-036 5.21529438e-029 1.07944492e-061 1.52822153e-016
  6.17183979e-037 2.23190985e-018 6.66632195e-051 3.90000046e-032
  1.00000000e+000]
 [3.89363869e-020 3.09262704e-055 7.38769267e-047 8.91323734e-035
  4.40429785e-052 1.53738136e-049 4.36521293e-046 3.76495986e-009
  5.85700007e-025 4.08328990e-016 2.99334557e-027 1.00000000e+000
  8.62429569e-022 1.17711638e-030 1.35993739e-040 1.96894291e-056
  1.15999050e-014 1.58635494e-052 1.05985050e-031 4.49840175e-045
  1.00000000e+000]
 [1.92764535e-020 4.17086664e-055 2.16380062e-054 2.35349052e-050
  1.74276826e-061 1.57955387e-074 1.05090297e-042 9.68632851e-044
  5.13992258e-023 1.59805569e-031 8.24477994e-036 8.62429569e-022
  1.00000000e+000 3.49944944e-081 5.01628590e-041 1.74160347e-059
  3.66537065e-038 9.92207542e-036 2.27266610e-046 3.33121783e-047
  1.00000000e+000]
 [4.54569070e-038 4.99199654e-094 2.15794144e-032 1.29299736e-026
  1.55107303e-038 3.47224430e-055 2.21903171e-052 6.29610809e-020
  1.60753750e-058 5.00063080e-022 5.21529438e-029 1.17711638e-030
  3.49944944e-081 1.00000000e+000 1.86631118e-067 4.15037380e-058
  5.32353312e-033 2.15531016e-065 5.75340083e-049 1.98080926e-044
  1.00000000e+000]
 [3.08834138e-036 2.99641370e-046 3.76659707e-071 7.35589682e-071
  2.21678214e-049 6.33436795e-094 1.48219714e-101 3.45489443e-055
  5.78699084e-044 3.50867533e-053 1.07944492e-061 1.35993739e-040
  5.01628590e-041 1.86631118e-067 1.00000000e+000 5.60733386e-074
  4.82559538e-043 4.07809419e-058 8.10198054e-021 4.35143406e-037
  1.00000000e+000]
 [2.20140586e-031 4.72900390e-035 2.20297449e-063 1.97601414e-055
  2.41961193e-026 2.09620221e-046 1.61038297e-045 5.46658321e-045
  4.28345560e-017 1.28803805e-029 1.52822153e-016 1.96894291e-056
  1.74160347e-059 4.15037380e-058 5.60733386e-074 1.00000000e+000
  9.26531545e-078 3.88401589e-017 5.59998721e-075 3.89624271e-037
  1.00000000e+000]
 [4.00605439e-024 9.68028618e-092 1.71076981e-043 2.63604337e-027
  2.76526373e-040 1.43123266e-054 2.19973816e-054 1.58611403e-018
  3.30128971e-056 1.42907801e-025 6.17183979e-037 1.15999050e-014
  3.66537065e-038 5.32353312e-033 4.82559538e-043 9.26531545e-078
  1.00000000e+000 6.22733472e-063 1.40671307e-012 3.85248488e-048
  1.00000000e+000]
 [3.93383144e-012 4.45066530e-049 1.09624145e-034 1.84174583e-046
  1.90635490e-027 3.17394826e-042 3.60628624e-027 1.32362384e-048
  1.04689582e-023 6.26525859e-020 2.23190985e-018 1.58635494e-052
  9.92207542e-036 2.15531016e-065 4.07809419e-058 3.88401589e-017
  6.22733472e-063 1.00000000e+000 1.17113157e-056 2.02081416e-014
  1.00000000e+000]
 [6.92541639e-025 7.87969656e-072 2.88763276e-058 8.67056247e-050
  2.79744517e-034 2.70803062e-056 1.26605545e-081 3.39092571e-032
  1.28009136e-057 3.03751366e-037 6.66632195e-051 1.05985050e-031
  2.27266610e-046 5.75340083e-049 8.10198054e-021 5.59998721e-075
  1.40671307e-012 1.17113157e-056 1.00000000e+000 2.35637087e-034
  1.00000000e+000]
 [7.44384557e-010 8.13273943e-051 3.62921385e-029 6.03596367e-052
  2.76047337e-032 1.66535443e-033 4.87505638e-047 1.09419770e-036
  3.94955962e-036 6.04105142e-017 3.90000046e-032 4.49840175e-045
  3.33121783e-047 1.98080926e-044 4.35143406e-037 3.89624271e-037
  3.85248488e-048 2.02081416e-014 2.35637087e-034 1.00000000e+000
  1.00000000e+000]
 [1.00000000e+000 1.00000000e+000 1.00000000e+000 1.00000000e+000
  1.00000000e+000 1.00000000e+000 1.00000000e+000 1.00000000e+000
  1.00000000e+000 1.00000000e+000 1.00000000e+000 1.00000000e+000
  1.00000000e+000 1.00000000e+000 1.00000000e+000 1.00000000e+000
  1.00000000e+000 1.00000000e+000 1.00000000e+000 1.00000000e+000
  0.00000000e+000]]
