[[1.00000000e+00 3.31891334e-20 6.55035871e-34 ... 4.31282829e-23
  5.68866249e-41 1.00000000e+00]
 [3.31891334e-20 1.00000000e+00 7.58926767e-23 ... 2.18899759e-21
  1.20178224e-81 1.00000000e+00]
 [6.55035871e-34 7.58926767e-23 1.00000000e+00 ... 3.52513829e-28
  3.34499557e-41 1.00000000e+00]
 ...
 [4.31282829e-23 2.18899759e-21 3.52513829e-28 ... 1.00000000e+00
  5.41707664e-62 1.00000000e+00]
 [5.68866249e-41 1.20178224e-81 3.34499557e-41 ... 5.41707664e-62
  1.00000000e+00 1.00000000e+00]
 [1.00000000e+00 1.00000000e+00 1.00000000e+00 ... 1.00000000e+00
  1.00000000e+00 0.00000000e+00]]
