[[1.00000000e+000 4.22371192e-045 1.83212133e-028 5.61923514e-035
  1.14741195e-014 1.31286335e-035 4.31630880e-024 8.81340226e-033
  5.22374945e-020 4.03381322e-023 7.93293150e-015 1.24437243e-038
  2.83473536e-039 5.92612142e-013 2.90956454e-028 1.27315099e-034
  6.14976494e-032 1.30239519e-064 3.07335691e-042 8.42992698e-030
  1.00000000e+000]
 [4.22371192e-045 1.00000000e+000 6.45588793e-043 3.05014694e-040
  1.34155997e-042 5.81927843e-015 5.72264762e-073 2.98187461e-010
  4.35724060e-029 3.24132710e-114 2.24153711e-071 7.00007197e-068
  1.02694395e-031 9.82042553e-048 1.52090186e-035 2.27439815e-071
  2.66864767e-073 1.02244081e-096 8.61005594e-051 8.79011473e-072
  1.00000000e+000]
 [1.83212133e-028 6.45588793e-043 1.00000000e+000 4.69579804e-013
  1.90158891e-011 5.09433293e-025 2.89252932e-039 5.28462914e-041
  1.03553386e-032 9.04372644e-059 4.13870815e-014 5.51142567e-032
  8.07030966e-077 3.26176538e-018 4.07843735e-026 1.34516407e-081
  3.64429071e-042 1.06445064e-070 4.51906754e-009 3.92700139e-061
  1.00000000e+000]
 [5.61923514e-035 3.05014694e-040 4.69579804e-013 1.00000000e+000
  3.74482459e-010 1.03239011e-022 5.50021910e-056 5.11447334e-035
  1.92534344e-044 2.70530162e-081 5.33768672e-025 6.01534957e-062
  2.24705816e-060 1.04548366e-019 1.48186513e-044 1.26948330e-050
  6.81963148e-062 9.51133067e-059 1.01247039e-035 4.00053348e-060
  1.00000000e+000]
 [1.14741195e-014 1.34155997e-042 1.90158891e-011 3.74482459e-010
  1.00000000e+000 3.72559303e-024 5.44724511e-027 3.95701379e-037
  6.32096619e-020 2.67603687e-043 1.60495471e-009 7.35983243e-043
  1.86594192e-060 2.24427044e-009 1.59179949e-041 1.69479149e-041
  2.63918635e-045 2.32336357e-046 5.60119335e-028 1.11310344e-035
  1.00000000e+000]
 [1.31286335e-035 5.81927843e-015 5.09433293e-025 1.03239011e-022
  3.72559303e-024 1.00000000e+000 2.50100817e-053 1.56170283e-008
  1.08029413e-023 2.19820775e-077 7.19274184e-049 5.73945008e-037
  2.32801721e-034 2.13146768e-019 1.04721112e-036 1.50081715e-052
  2.72264436e-036 2.76084590e-042 1.41296767e-045 3.13306543e-052
  1.00000000e+000]
 [4.31630880e-024 5.72264762e-073 2.89252932e-039 5.50021910e-056
  5.44724511e-027 2.50100817e-053 1.00000000e+000 7.31837514e-071
  8.75124171e-031 2.34506047e-034 1.50416247e-020 2.03476992e-060
  3.56696085e-096 1.01330106e-021 6.06225500e-045 9.21351529e-072
  7.95053688e-041 5.56086124e-073 6.37568060e-051 2.94326340e-078
  1.00000000e+000]
 [8.81340226e-033 2.98187461e-010 5.28462914e-041 5.11447334e-035
  3.95701379e-037 1.56170283e-008 7.31837514e-071 1.00000000e+000
  3.66191128e-031 3.33281954e-084 1.65162292e-062 3.80907156e-047
  1.33250177e-011 3.47582538e-030 3.41044752e-033 1.43649718e-044
  1.15811012e-043 1.11423768e-063 2.76414426e-061 2.07228756e-049
  1.00000000e+000]
 [5.22374945e-020 4.35724060e-029 1.03553386e-032 1.92534344e-044
  6.32096619e-020 1.08029413e-023 8.75124171e-031 3.66191128e-031
  1.00000000e+000 1.79474569e-047 1.41801540e-036 1.19432932e-034
  1.33465409e-055 1.71424016e-026 7.54812594e-049 5.78397657e-059
  3.37511405e-048 1.07330135e-057 2.92596135e-037 2.08354164e-029
  1.00000000e+000]
 [4.03381322e-023 3.24132710e-114 9.04372644e-059 2.70530162e-081
  2.67603687e-043 2.19820775e-077 2.34506047e-034 3.33281954e-084
  1.79474569e-047 1.00000000e+000 1.82398290e-029 3.59475148e-035
  2.71974068e-092 2.61233262e-029 4.51323284e-070 8.05153931e-068
  2.38150538e-027 1.59113987e-061 2.71067980e-076 4.57371164e-041
  1.00000000e+000]
 [7.93293150e-015 2.24153711e-071 4.13870815e-014 5.33768672e-025
  1.60495471e-009 7.19274184e-049 1.50416247e-020 1.65162292e-062
  1.41801540e-036 1.82398290e-029 1.00000000e+000 5.31724296e-045
  2.22065622e-085 3.26473277e-014 1.63147739e-036 8.01994141e-063
  6.33188180e-042 1.32521511e-070 1.68031518e-026 7.71863343e-054
  1.00000000e+000]
 [1.24437243e-038 7.00007197e-068 5.51142567e-032 6.01534957e-062
  7.35983243e-043 5.73945008e-037 2.03476992e-060 3.80907156e-047
  1.19432932e-034 3.59475148e-035 5.31724296e-045 1.00000000e+000
  2.39971070e-076 1.01990769e-031 8.59773041e-049 3.07665248e-098
  7.25127671e-019 2.10169185e-057 1.83561255e-040 3.49155829e-042
  1.00000000e+000]
 [2.83473536e-039 1.02694395e-031 8.07030966e-077 2.24705816e-060
  1.86594192e-060 2.32801721e-034 3.56696085e-096 1.33250177e-011
  1.33465409e-055 2.71974068e-092 2.22065622e-085 2.39971070e-076
  1.00000000e+000 7.08787896e-048 4.40457207e-053 3.58009807e-031
  1.41775978e-060 2.21870829e-082 2.44315655e-105 2.69898356e-053
  1.00000000e+000]
 [5.92612142e-013 9.82042553e-048 3.26176538e-018 1.04548366e-019
  2.24427044e-009 2.13146768e-019 1.01330106e-021 3.47582538e-030
  1.71424016e-026 2.61233262e-029 3.26473277e-014 1.01990769e-031
  7.08787896e-048 1.00000000e+000 8.25910756e-033 1.98697784e-034
  1.27375765e-017 2.10559047e-031 2.13908090e-043 2.20306101e-041
  1.00000000e+000]
 [2.90956454e-028 1.52090186e-035 4.07843735e-026 1.48186513e-044
  1.59179949e-041 1.04721112e-036 6.06225500e-045 3.41044752e-033
  7.54812594e-049 4.51323284e-070 1.63147739e-036 8.59773041e-049
  4.40457207e-053 8.25910756e-033 1.00000000e+000 7.45803316e-090
  3.18731765e-037 2.82062780e-116 1.02107060e-031 1.05286854e-092
  1.00000000e+000]
 [1.27315099e-034 2.27439815e-071 1.34516407e-081 1.26948330e-050
  1.69479149e-041 1.50081715e-052 9.21351529e-072 1.43649718e-044
  5.78397657e-059 8.05153931e-068 8.01994141e-063 3.07665248e-098
  3.58009807e-031 1.98697784e-034 7.45803316e-090 1.00000000e+000
  2.16876962e-070 1.59039426e-046 4.34837093e-124 5.53335790e-042
  1.00000000e+000]
 [6.14976494e-032 2.66864767e-073 3.64429071e-042 6.81963148e-062
  2.63918635e-045 2.72264436e-036 7.95053688e-041 1.15811012e-043
  3.37511405e-048 2.38150538e-027 6.33188180e-042 7.25127671e-019
  1.41775978e-060 1.27375765e-017 3.18731765e-037 2.16876962e-070
  1.00000000e+000 1.44867921e-046 1.87278368e-066 4.72309254e-063
  1.00000000e+000]
 [1.30239519e-064 1.02244081e-096 1.06445064e-070 9.51133067e-059
  2.32336357e-046 2.76084590e-042 5.56086124e-073 1.11423768e-063
  1.07330135e-057 1.59113987e-061 1.32521511e-070 2.10169185e-057
  2.21870829e-082 2.10559047e-031 2.82062780e-116 1.59039426e-046
  1.44867921e-046 1.00000000e+000 3.11744312e-114 1.96793621e-048
  1.00000000e+000]
 [3.07335691e-042 8.61005594e-051 4.51906754e-009 1.01247039e-035
  5.60119335e-028 1.41296767e-045 6.37568060e-051 2.76414426e-061
  2.92596135e-037 2.71067980e-076 1.68031518e-026 1.83561255e-040
  2.44315655e-105 2.13908090e-043 1.02107060e-031 4.34837093e-124
  1.87278368e-066 3.11744312e-114 1.00000000e+000 5.11126370e-079
  1.00000000e+000]
 [8.42992698e-030 8.79011473e-072 3.92700139e-061 4.00053348e-060
  1.11310344e-035 3.13306543e-052 2.94326340e-078 2.07228756e-049
  2.08354164e-029 4.57371164e-041 7.71863343e-054 3.49155829e-042
  2.69898356e-053 2.20306101e-041 1.05286854e-092 5.53335790e-042
  4.72309254e-063 1.96793621e-048 5.11126370e-079 1.00000000e+000
  1.00000000e+000]
 [1.00000000e+000 1.00000000e+000 1.00000000e+000 1.00000000e+000
  1.00000000e+000 1.00000000e+000 1.00000000e+000 1.00000000e+000
  1.00000000e+000 1.00000000e+000 1.00000000e+000 1.00000000e+000
  1.00000000e+000 1.00000000e+000 1.00000000e+000 1.00000000e+000
  1.00000000e+000 1.00000000e+000 1.00000000e+000 1.00000000e+000
  0.00000000e+000]]
