[[1.00000000e+00 3.38483359e-57 9.85898356e-45 1.52583188e-32
  2.21143607e-48 1.36475364e-39 1.03773871e-76 6.78504700e-22
  5.89612401e-28 1.57792370e-44 8.60878745e-51 1.72341401e-16
  7.19768242e-24 1.70741179e-29 1.18725687e-24 1.18369811e-41
  4.30923108e-38 7.98559507e-62 7.32489480e-60 7.82802288e-64
  1.00000000e+00]
 [3.38483359e-57 1.00000000e+00 6.90331137e-51 2.13684716e-18
  3.06506259e-55 9.68748622e-61 2.48584295e-27 5.42310078e-29
  1.49651669e-25 4.77887691e-31 6.72638354e-26 5.04974042e-45
  4.78182370e-57 2.90823005e-16 3.14152346e-36 1.59297596e-13
  3.15728559e-38 2.55117597e-10 2.23740971e-35 2.29790179e-12
  1.00000000e+00]
 [9.85898356e-45 6.90331137e-51 1.00000000e+00 7.89985489e-60
  4.50160049e-50 3.45075136e-50 3.40446067e-65 8.43786756e-29
  4.29010274e-74 1.76383329e-15 6.17491139e-52 3.17882358e-50
  3.89810460e-86 3.50695186e-48 2.06605253e-65 6.23628777e-34
  2.20634855e-17 7.83448662e-43 2.84546075e-64 5.39107663e-31
  1.00000000e+00]
 [1.52583188e-32 2.13684716e-18 7.89985489e-60 1.00000000e+00
  2.03074123e-42 3.16127616e-59 5.16564563e-22 6.75703079e-36
  1.78528157e-08 4.60095700e-51 3.26063269e-30 1.91290842e-36
  2.20928373e-25 1.65059552e-13 4.75746045e-29 4.95103539e-39
  4.08394023e-33 1.07447909e-14 2.10460165e-68 6.29274077e-27
  1.00000000e+00]
 [2.21143607e-48 3.06506259e-55 4.50160049e-50 2.03074123e-42
  1.00000000e+00 1.30611299e-22 2.21537099e-24 6.21091035e-25
  7.30604485e-60 3.47846538e-47 3.09193621e-33 1.36475991e-47
  1.04118920e-34 2.46513838e-61 2.96988375e-69 1.39248314e-60
  5.22730692e-15 1.05208561e-52 4.13138420e-94 9.94001308e-46
  1.00000000e+00]
 [1.36475364e-39 9.68748622e-61 3.45075136e-50 3.16127616e-59
  1.30611299e-22 1.00000000e+00 5.89326309e-59 3.56322960e-13
  1.65258728e-76 2.34510988e-43 5.33248524e-68 2.03169591e-57
  3.36980046e-55 2.69004155e-72 9.53985997e-77 1.55351294e-45
  1.92694036e-35 8.50671786e-76 1.56111977e-56 9.07886911e-67
  1.00000000e+00]
 [1.03773871e-76 2.48584295e-27 3.40446067e-65 5.16564563e-22
  2.21537099e-24 5.89326309e-59 1.00000000e+00 6.57656910e-48
  6.76531245e-46 2.08097608e-58 2.25378768e-31 1.09518847e-70
  9.29359754e-52 8.05067948e-47 8.50210087e-72 5.13304472e-59
  1.03810065e-26 3.97729477e-18 1.65690723e-97 8.78374858e-23
  1.00000000e+00]
 [6.78504700e-22 5.42310078e-29 8.43786756e-29 6.75703079e-36
  6.21091035e-25 3.56322960e-13 6.57656910e-48 1.00000000e+00
  3.28709598e-40 1.30405069e-16 2.95586328e-31 3.54862856e-22
  1.14614181e-37 1.98864554e-31 2.92083420e-35 5.94053392e-14
  4.44982258e-21 6.48164842e-44 1.18736557e-29 8.19067850e-35
  1.00000000e+00]
 [5.89612401e-28 1.49651669e-25 4.29010274e-74 1.78528157e-08
  7.30604485e-60 1.65258728e-76 6.76531245e-46 3.28709598e-40
  1.00000000e+00 5.35842486e-58 5.01540022e-26 1.36497949e-21
  2.05944418e-18 6.50633909e-09 3.94444724e-12 6.75452593e-39
  6.15349465e-49 1.14473366e-29 4.19577021e-64 6.96741280e-41
  1.00000000e+00]
 [1.57792370e-44 4.77887691e-31 1.76383329e-15 4.60095700e-51
  3.47846538e-47 2.34510988e-43 2.08097608e-58 1.30405069e-16
  5.35842486e-58 1.00000000e+00 2.29820075e-37 2.50403214e-32
  3.30631709e-77 2.37406770e-29 1.16007249e-57 9.61014051e-13
  1.45827551e-17 2.64241961e-34 1.53742842e-49 3.82967236e-18
  1.00000000e+00]
 [8.60878745e-51 6.72638354e-26 6.17491139e-52 3.26063269e-30
  3.09193621e-33 5.33248524e-68 2.25378768e-31 2.95586328e-31
  5.01540022e-26 2.29820075e-37 1.00000000e+00 1.61715311e-21
  5.22813859e-31 3.30272224e-24 4.76450044e-26 1.35637919e-34
  1.71232179e-26 2.09519977e-29 9.43144346e-68 2.56808302e-24
  1.00000000e+00]
 [1.72341401e-16 5.04974042e-45 3.17882358e-50 1.91290842e-36
  1.36475991e-47 2.03169591e-57 1.09518847e-70 3.54862856e-22
  1.36497949e-21 2.50403214e-32 1.61715311e-21 1.00000000e+00
  2.31467191e-23 4.99752507e-18 2.37165248e-16 7.78095948e-31
  2.11830334e-34 1.95031508e-53 8.55970713e-61 3.48975352e-47
  1.00000000e+00]
 [7.19768242e-24 4.78182370e-57 3.89810460e-86 2.20928373e-25
  1.04118920e-34 3.36980046e-55 9.29359754e-52 1.14614181e-37
  2.05944418e-18 3.30631709e-77 5.22813859e-31 2.31467191e-23
  1.00000000e+00 1.13596582e-38 5.69417562e-23 2.43637644e-65
  1.03705023e-48 1.48605851e-63 3.12737511e-85 3.59717230e-71
  1.00000000e+00]
 [1.70741179e-29 2.90823005e-16 3.50695186e-48 1.65059552e-13
  2.46513838e-61 2.69004155e-72 8.05067948e-47 1.98864554e-31
  6.50633909e-09 2.37406770e-29 3.30272224e-24 4.99752507e-18
  1.13596582e-38 1.00000000e+00 9.89158043e-20 3.28602220e-20
  1.43416184e-34 1.69617255e-17 1.72018773e-54 1.18074187e-20
  1.00000000e+00]
 [1.18725687e-24 3.14152346e-36 2.06605253e-65 4.75746045e-29
  2.96988375e-69 9.53985997e-77 8.50210087e-72 2.92083420e-35
  3.94444724e-12 1.16007249e-57 4.76450044e-26 2.37165248e-16
  5.69417562e-23 9.89158043e-20 1.00000000e+00 1.63474837e-34
  3.41824836e-58 1.45510271e-50 7.53870495e-43 2.51565429e-56
  1.00000000e+00]
 [1.18369811e-41 1.59297596e-13 6.23628777e-34 4.95103539e-39
  1.39248314e-60 1.55351294e-45 5.13304472e-59 5.94053392e-14
  6.75452593e-39 9.61014051e-13 1.35637919e-34 7.78095948e-31
  2.43637644e-65 3.28602220e-20 1.63474837e-34 1.00000000e+00
  1.27304849e-37 1.38214466e-31 6.40861932e-17 2.42880575e-23
  1.00000000e+00]
 [4.30923108e-38 3.15728559e-38 2.20634855e-17 4.08394023e-33
  5.22730692e-15 1.92694036e-35 1.03810065e-26 4.44982258e-21
  6.15349465e-49 1.45827551e-17 1.71232179e-26 2.11830334e-34
  1.03705023e-48 1.43416184e-34 3.41824836e-58 1.27304849e-37
  1.00000000e+00 1.00250843e-26 4.16753178e-82 5.21143551e-18
  1.00000000e+00]
 [7.98559507e-62 2.55117597e-10 7.83448662e-43 1.07447909e-14
  1.05208561e-52 8.50671786e-76 3.97729477e-18 6.48164842e-44
  1.14473366e-29 2.64241961e-34 2.09519977e-29 1.95031508e-53
  1.48605851e-63 1.69617255e-17 1.45510271e-50 1.38214466e-31
  1.00250843e-26 1.00000000e+00 1.38258787e-71 2.19635457e-05
  1.00000000e+00]
 [7.32489480e-60 2.23740971e-35 2.84546075e-64 2.10460165e-68
  4.13138420e-94 1.56111977e-56 1.65690723e-97 1.18736557e-29
  4.19577021e-64 1.53742842e-49 9.43144346e-68 8.55970713e-61
  3.12737511e-85 1.72018773e-54 7.53870495e-43 6.40861932e-17
  4.16753178e-82 1.38258787e-71 1.00000000e+00 3.10695611e-67
  1.00000000e+00]
 [7.82802288e-64 2.29790179e-12 5.39107663e-31 6.29274077e-27
  9.94001308e-46 9.07886911e-67 8.78374858e-23 8.19067850e-35
  6.96741280e-41 3.82967236e-18 2.56808302e-24 3.48975352e-47
  3.59717230e-71 1.18074187e-20 2.51565429e-56 2.42880575e-23
  5.21143551e-18 2.19635457e-05 3.10695611e-67 1.00000000e+00
  1.00000000e+00]
 [1.00000000e+00 1.00000000e+00 1.00000000e+00 1.00000000e+00
  1.00000000e+00 1.00000000e+00 1.00000000e+00 1.00000000e+00
  1.00000000e+00 1.00000000e+00 1.00000000e+00 1.00000000e+00
  1.00000000e+00 1.00000000e+00 1.00000000e+00 1.00000000e+00
  1.00000000e+00 1.00000000e+00 1.00000000e+00 1.00000000e+00
  0.00000000e+00]]
