[[1.00000000e+00 1.01347679e-43 3.17469102e-16 ... 1.49917308e-52
  8.33472279e-38 1.00000000e+00]
 [1.01347679e-43 1.00000000e+00 8.84049571e-64 ... 4.93590013e-54
  2.41717677e-44 1.00000000e+00]
 [3.17469102e-16 8.84049571e-64 1.00000000e+00 ... 1.17874969e-72
  8.79734134e-88 1.00000000e+00]
 ...
 [1.49917308e-52 4.93590013e-54 1.17874969e-72 ... 1.00000000e+00
  2.28012728e-65 1.00000000e+00]
 [8.33472279e-38 2.41717677e-44 8.79734134e-88 ... 2.28012728e-65
  1.00000000e+00 1.00000000e+00]
 [1.00000000e+00 1.00000000e+00 1.00000000e+00 ... 1.00000000e+00
  1.00000000e+00 0.00000000e+00]]
