[[1.00000000e+000 2.02426911e-034 9.93330180e-058 1.15838746e-056
  1.46986651e-052 9.23059313e-077 5.79741592e-037 1.52216430e-087
  1.51023276e-015 4.05956080e-094 2.01809788e-052 1.61872444e-061
  3.27008490e-025 3.76586384e-036 1.60091683e-042 1.05917776e-060
  8.87063212e-050 2.04552130e-028 8.22423285e-053 9.91003999e-059
  1.00000000e+000]
 [2.02426911e-034 1.00000000e+000 1.87472950e-025 9.76499974e-060
  5.18170619e-013 7.32670922e-052 2.05168530e-036 3.54184560e-036
  1.06657516e-020 1.99052208e-058 1.92576772e-052 8.93918022e-034
  1.28374688e-016 1.32042035e-053 5.38485195e-049 8.22718785e-056
  1.02452045e-053 1.42198576e-018 4.23936504e-080 2.02313910e-019
  1.00000000e+000]
 [9.93330180e-058 1.87472950e-025 1.00000000e+000 5.95461494e-043
  6.33369081e-006 2.31842817e-018 1.97911642e-045 2.44369175e-019
  7.61152163e-017 6.71590123e-042 2.40922463e-034 6.31552847e-024
  9.27048124e-019 2.59060814e-052 8.66742844e-040 7.75468208e-040
  2.25801031e-059 3.45197072e-011 9.62465547e-071 1.70340021e-013
  1.00000000e+000]
 [1.15838746e-056 9.76499974e-060 5.95461494e-043 1.00000000e+000
  4.23716702e-055 3.16503977e-025 1.37695555e-080 3.24904004e-041
  8.55637246e-032 1.24729838e-014 9.84507746e-043 7.74554361e-028
  1.39598532e-021 9.67003806e-050 6.22609170e-055 2.10911192e-022
  1.62690354e-032 1.71499462e-034 1.02067227e-079 1.10086559e-059
  1.00000000e+000]
 [1.46986651e-052 5.18170619e-013 6.33369081e-006 4.23716702e-055
  1.00000000e+000 1.25279257e-030 3.66318045e-037 4.67800380e-016
  9.56868075e-021 3.53925946e-053 1.60073580e-034 2.41121749e-029
  2.26543212e-020 2.81703132e-053 2.07212315e-038 8.12285074e-055
  4.53742684e-071 1.97485409e-010 5.99406098e-087 1.73203039e-017
  1.00000000e+000]
 [9.23059313e-077 7.32670922e-052 2.31842817e-018 3.16503977e-025
  1.25279257e-030 1.00000000e+000 2.59972916e-061 5.04049274e-020
  2.54920089e-030 1.00190416e-031 1.02530965e-060 8.47855174e-046
  7.02475628e-029 1.45644778e-044 1.13640328e-078 1.47361684e-031
  3.40591971e-067 1.22172570e-032 3.07997344e-100 6.25844247e-032
  1.00000000e+000]
 [5.79741592e-037 2.05168530e-036 1.97911642e-045 1.37695555e-080
  3.66318045e-037 2.59972916e-061 1.00000000e+000 1.13512828e-066
  2.90891685e-028 1.82244242e-104 1.63803189e-055 5.11094396e-083
  3.05696783e-053 6.34811286e-012 9.28448935e-078 5.01512519e-053
  3.32452484e-112 3.91396613e-025 1.51421676e-068 4.02700062e-045
  1.00000000e+000]
 [1.52216430e-087 3.54184560e-036 2.44369175e-019 3.24904004e-041
  4.67800380e-016 5.04049274e-020 1.13512828e-066 1.00000000e+000
  3.31154612e-045 2.88471556e-035 1.31961658e-044 3.43376117e-037
  1.50495889e-032 5.60291032e-067 3.08093809e-060 4.55676370e-061
  2.26519488e-087 9.20093978e-029 3.91320843e-137 6.29310933e-043
  1.00000000e+000]
 [1.51023276e-015 1.06657516e-020 7.61152163e-017 8.55637246e-032
  9.56868075e-021 2.54920089e-030 2.90891685e-028 3.31154612e-045
  1.00000000e+000 6.33129998e-051 8.39549975e-035 4.51498261e-030
  1.93131157e-008 1.18288197e-026 3.70739486e-034 8.49751514e-028
  4.17370194e-035 2.04924872e-008 7.23763055e-039 4.57087806e-020
  1.00000000e+000]
 [4.05956080e-094 1.99052208e-058 6.71590123e-042 1.24729838e-014
  3.53925946e-053 1.00190416e-031 1.82244242e-104 2.88471556e-035
  6.33129998e-051 1.00000000e+000 2.33119072e-057 9.69544863e-018
  1.33290736e-031 2.35124678e-082 4.12857455e-072 1.40128799e-026
  4.02596525e-037 1.31496424e-045 4.42198386e-095 1.41584945e-050
  1.00000000e+000]
 [2.01809788e-052 1.92576772e-052 2.40922463e-034 9.84507746e-043
  1.60073580e-034 1.02530965e-060 1.63803189e-055 1.31961658e-044
  8.39549975e-035 2.33119072e-057 1.00000000e+000 5.32006862e-028
  7.11715977e-038 5.23450353e-056 4.59170763e-012 1.79521158e-055
  2.76283098e-077 5.77548617e-014 1.98868733e-071 4.28893326e-069
  1.00000000e+000]
 [1.61872444e-061 8.93918022e-034 6.31552847e-024 7.74554361e-028
  2.41121749e-029 8.47855174e-046 5.11094396e-083 3.43376117e-037
  4.51498261e-030 9.69544863e-018 5.32006862e-028 1.00000000e+000
  5.67831193e-017 5.93972685e-081 6.92256819e-027 3.84421243e-036
  1.35540755e-026 2.33025726e-021 2.93877002e-062 1.77431013e-035
  1.00000000e+000]
 [3.27008490e-025 1.28374688e-016 9.27048124e-019 1.39598532e-021
  2.26543212e-020 7.02475628e-029 3.05696783e-053 1.50495889e-032
  1.93131157e-008 1.33290736e-031 7.11715977e-038 5.67831193e-017
  1.00000000e+000 1.27365265e-048 1.04979843e-030 4.96266088e-035
  1.77035068e-020 3.08655712e-014 8.13479056e-063 2.54764068e-024
  1.00000000e+000]
 [3.76586384e-036 1.32042035e-053 2.59060814e-052 9.67003806e-050
  2.81703132e-053 1.45644778e-044 6.34811286e-012 5.60291032e-067
  1.18288197e-026 2.35124678e-082 5.23450353e-056 5.93972685e-081
  1.27365265e-048 1.00000000e+000 4.68642733e-084 1.45144554e-032
  9.56050355e-095 2.84165718e-030 2.97101716e-065 4.56605619e-056
  1.00000000e+000]
 [1.60091683e-042 5.38485195e-049 8.66742844e-040 6.22609170e-055
  2.07212315e-038 1.13640328e-078 9.28448935e-078 3.08093809e-060
  3.70739486e-034 4.12857455e-072 4.59170763e-012 6.92256819e-027
  1.04979843e-030 4.68642733e-084 1.00000000e+000 2.18407283e-079
  7.85420853e-060 2.55491691e-021 3.18003626e-075 3.44150186e-072
  1.00000000e+000]
 [1.05917776e-060 8.22718785e-056 7.75468208e-040 2.10911192e-022
  8.12285074e-055 1.47361684e-031 5.01512519e-053 4.55676370e-061
  8.49751514e-028 1.40128799e-026 1.79521158e-055 3.84421243e-036
  4.96266088e-035 1.45144554e-032 2.18407283e-079 1.00000000e+000
  2.67694976e-043 1.17633687e-032 1.46003775e-037 4.73950223e-035
  1.00000000e+000]
 [8.87063212e-050 1.02452045e-053 2.25801031e-059 1.62690354e-032
  4.53742684e-071 3.40591971e-067 3.32452484e-112 2.26519488e-087
  4.17370194e-035 4.02596525e-037 2.76283098e-077 1.35540755e-026
  1.77035068e-020 9.56050355e-095 7.85420853e-060 2.67694976e-043
  1.00000000e+000 5.84947006e-053 9.73969387e-057 7.65551164e-052
  1.00000000e+000]
 [2.04552130e-028 1.42198576e-018 3.45197072e-011 1.71499462e-034
  1.97485409e-010 1.22172570e-032 3.91396613e-025 9.20093978e-029
  2.04924872e-008 1.31496424e-045 5.77548617e-014 2.33025726e-021
  3.08655712e-014 2.84165718e-030 2.55491691e-021 1.17633687e-032
  5.84947006e-053 1.00000000e+000 1.30943680e-050 3.02956420e-025
  1.00000000e+000]
 [8.22423285e-053 4.23936504e-080 9.62465547e-071 1.02067227e-079
  5.99406098e-087 3.07997344e-100 1.51421676e-068 3.91320843e-137
  7.23763055e-039 4.42198386e-095 1.98868733e-071 2.93877002e-062
  8.13479056e-063 2.97101716e-065 3.18003626e-075 1.46003775e-037
  9.73969387e-057 1.30943680e-050 1.00000000e+000 2.95787957e-058
  1.00000000e+000]
 [9.91003999e-059 2.02313910e-019 1.70340021e-013 1.10086559e-059
  1.73203039e-017 6.25844247e-032 4.02700062e-045 6.29310933e-043
  4.57087806e-020 1.41584945e-050 4.28893326e-069 1.77431013e-035
  2.54764068e-024 4.56605619e-056 3.44150186e-072 4.73950223e-035
  7.65551164e-052 3.02956420e-025 2.95787957e-058 1.00000000e+000
  1.00000000e+000]
 [1.00000000e+000 1.00000000e+000 1.00000000e+000 1.00000000e+000
  1.00000000e+000 1.00000000e+000 1.00000000e+000 1.00000000e+000
  1.00000000e+000 1.00000000e+000 1.00000000e+000 1.00000000e+000
  1.00000000e+000 1.00000000e+000 1.00000000e+000 1.00000000e+000
  1.00000000e+000 1.00000000e+000 1.00000000e+000 1.00000000e+000
  0.00000000e+000]]
