[[1.00000000e+000 2.68300210e-009 1.31828075e-067 6.19591119e-041
  1.90472084e-012 1.87897952e-034 5.83343418e-023 8.63940007e-021
  6.11223106e-026 8.17798956e-031 4.46480678e-047 1.95820216e-023
  1.33940744e-037 4.40192950e-035 2.14837293e-016 2.32296895e-040
  2.83138914e-011 5.18700512e-022 2.03727333e-036 3.97427370e-053
  1.00000000e+000]
 [2.68300210e-009 1.00000000e+000 8.35454909e-059 3.16531746e-047
  2.28691849e-017 1.35850932e-030 2.75886180e-045 9.66781449e-034
  7.71118010e-013 9.53297519e-043 4.68104203e-053 3.19011961e-013
  6.32770856e-025 3.70819630e-064 1.19216988e-027 3.56728462e-041
  1.22003757e-027 5.93353284e-046 1.61919007e-051 1.67919162e-064
  1.00000000e+000]
 [1.31828075e-067 8.35454909e-059 1.00000000e+000 1.18716534e-027
  2.41245352e-033 3.16373184e-022 2.50649406e-067 1.52864746e-065
  4.09296900e-057 8.96732197e-023 2.73070202e-016 2.30877813e-043
  3.24595043e-038 1.57324272e-058 9.00356806e-077 6.30414807e-042
  2.31218298e-050 6.87412271e-073 5.17128075e-059 4.60884243e-076
  1.00000000e+000]
 [6.19591119e-041 3.16531746e-047 1.18716534e-027 1.00000000e+000
  4.07590885e-014 1.72321588e-039 2.60017205e-027 3.64308057e-041
  9.03234116e-053 1.45122487e-010 9.36124560e-031 2.21987825e-039
  6.67491139e-049 3.84279975e-045 1.89050666e-076 5.49437315e-025
  1.04125189e-023 1.58277676e-055 1.99635631e-025 8.85916354e-060
  1.00000000e+000]
 [1.90472084e-012 2.28691849e-017 2.41245352e-033 4.07590885e-014
  1.00000000e+000 3.41531376e-025 2.09796817e-023 1.56744366e-023
  4.66715962e-035 2.00486952e-014 2.83212127e-020 1.86703301e-025
  2.12796940e-034 6.09005185e-030 6.77909762e-031 9.39085656e-023
  2.44396257e-006 7.19505406e-032 3.85828248e-024 1.82114702e-049
  1.00000000e+000]
 [1.87897952e-034 1.35850932e-030 3.16373184e-022 1.72321588e-039
  3.41531376e-025 1.00000000e+000 1.31650064e-035 9.04714956e-045
  2.42779292e-041 3.95552743e-018 1.17757417e-031 3.68278393e-018
  1.63211571e-015 4.22518137e-043 1.67435339e-035 2.17493214e-064
  2.15365793e-038 2.44558012e-047 1.40786782e-072 8.52757879e-087
  1.00000000e+000]
 [5.83343418e-023 2.75886180e-045 2.50649406e-067 2.60017205e-027
  2.09796817e-023 1.31650064e-035 1.00000000e+000 1.04654213e-030
  1.91092123e-061 6.44067956e-014 4.00999253e-057 2.66994321e-038
  1.34219768e-050 2.09163328e-026 2.39558062e-046 4.57221411e-064
  4.18993136e-021 4.14636239e-030 4.03242971e-047 1.10162661e-077
  1.00000000e+000]
 [8.63940007e-021 9.66781449e-034 1.52864746e-065 3.64308057e-041
  1.56744366e-023 9.04714956e-045 1.04654213e-030 1.00000000e+000
  3.45194541e-054 1.57702711e-032 5.35313034e-048 1.27805185e-027
  1.07888696e-076 1.62268084e-048 5.05916055e-047 5.65861120e-032
  8.13434516e-027 3.67906199e-051 3.19196144e-057 4.79489259e-021
  1.00000000e+000]
 [6.11223106e-026 7.71118010e-013 4.09296900e-057 9.03234116e-053
  4.66715962e-035 2.42779292e-041 1.91092123e-061 3.45194541e-054
  1.00000000e+000 7.97354190e-049 2.73031779e-065 7.93196034e-019
  1.09986876e-022 5.09510245e-079 1.13563122e-050 2.99799064e-041
  7.86259112e-045 5.61665194e-052 1.57982523e-048 1.39744116e-067
  1.00000000e+000]
 [8.17798956e-031 9.53297519e-043 8.96732197e-023 1.45122487e-010
  2.00486952e-014 3.95552743e-018 6.44067956e-014 1.57702711e-032
  7.97354190e-049 1.00000000e+000 1.25459231e-022 4.17117504e-031
  9.45949263e-035 2.96134063e-021 2.99989172e-048 2.33131800e-038
  2.81292927e-018 2.39109269e-031 4.03496749e-033 4.35027540e-060
  1.00000000e+000]
 [4.46480678e-047 4.68104203e-053 2.73070202e-016 9.36124560e-031
  2.83212127e-020 1.17757417e-031 4.00999253e-057 5.35313034e-048
  2.73031779e-065 1.25459231e-022 1.00000000e+000 1.86110705e-057
  1.77367982e-054 5.23521994e-027 1.40534540e-044 3.58223534e-031
  4.00208882e-023 6.36091583e-042 2.38567807e-036 8.02535225e-055
  1.00000000e+000]
 [1.95820216e-023 3.19011961e-013 2.30877813e-043 2.21987825e-039
  1.86703301e-025 3.68278393e-018 2.66994321e-038 1.27805185e-027
  7.93196034e-019 4.17117504e-031 1.86110705e-057 1.00000000e+000
  1.55154307e-024 8.29393782e-073 3.09079470e-050 3.79084396e-046
  2.37778616e-043 2.57135083e-063 1.32973073e-070 2.51109961e-061
  1.00000000e+000]
 [1.33940744e-037 6.32770856e-025 3.24595043e-038 6.67491139e-049
  2.12796940e-034 1.63211571e-015 1.34219768e-050 1.07888696e-076
  1.09986876e-022 9.45949263e-035 1.77367982e-054 1.55154307e-024
  1.00000000e+000 7.07992750e-064 4.29070822e-044 9.00756273e-075
  6.58928740e-048 8.72892908e-051 1.47768616e-066 2.84642032e-118
  1.00000000e+000]
 [4.40192950e-035 3.70819630e-064 1.57324272e-058 3.84279975e-045
  6.09005185e-030 4.22518137e-043 2.09163328e-026 1.62268084e-048
  5.09510245e-079 2.96134063e-021 5.23521994e-027 8.29393782e-073
  7.07992750e-064 1.00000000e+000 4.66716734e-028 1.80362003e-063
  5.26406957e-015 1.77289813e-009 3.28160366e-035 1.09648148e-074
  1.00000000e+000]
 [2.14837293e-016 1.19216988e-027 9.00356806e-077 1.89050666e-076
  6.77909762e-031 1.67435339e-035 2.39558062e-046 5.05916055e-047
  1.13563122e-050 2.99989172e-048 1.40534540e-044 3.09079470e-050
  4.29070822e-044 4.66716734e-028 1.00000000e+000 7.38930016e-075
  3.04014219e-023 8.87290417e-018 3.22703926e-061 4.20327513e-085
  1.00000000e+000]
 [2.32296895e-040 3.56728462e-041 6.30414807e-042 5.49437315e-025
  9.39085656e-023 2.17493214e-064 4.57221411e-064 5.65861120e-032
  2.99799064e-041 2.33131800e-038 3.58223534e-031 3.79084396e-046
  9.00756273e-075 1.80362003e-063 7.38930016e-075 1.00000000e+000
  5.32310327e-029 1.69852990e-062 2.42588889e-022 5.01336700e-018
  1.00000000e+000]
 [2.83138914e-011 1.22003757e-027 2.31218298e-050 1.04125189e-023
  2.44396257e-006 2.15365793e-038 4.18993136e-021 8.13434516e-027
  7.86259112e-045 2.81292927e-018 4.00208882e-023 2.37778616e-043
  6.58928740e-048 5.26406957e-015 3.04014219e-023 5.32310327e-029
  1.00000000e+000 5.67658855e-015 9.84609022e-016 4.69427999e-049
  1.00000000e+000]
 [5.18700512e-022 5.93353284e-046 6.87412271e-073 1.58277676e-055
  7.19505406e-032 2.44558012e-047 4.14636239e-030 3.67906199e-051
  5.61665194e-052 2.39109269e-031 6.36091583e-042 2.57135083e-063
  8.72892908e-051 1.77289813e-009 8.87290417e-018 1.69852990e-062
  5.67658855e-015 1.00000000e+000 1.49984402e-029 7.39994713e-075
  1.00000000e+000]
 [2.03727333e-036 1.61919007e-051 5.17128075e-059 1.99635631e-025
  3.85828248e-024 1.40786782e-072 4.03242971e-047 3.19196144e-057
  1.57982523e-048 4.03496749e-033 2.38567807e-036 1.32973073e-070
  1.47768616e-066 3.28160366e-035 3.22703926e-061 2.42588889e-022
  9.84609022e-016 1.49984402e-029 1.00000000e+000 2.97244669e-054
  1.00000000e+000]
 [3.97427370e-053 1.67919162e-064 4.60884243e-076 8.85916354e-060
  1.82114702e-049 8.52757879e-087 1.10162661e-077 4.79489259e-021
  1.39744116e-067 4.35027540e-060 8.02535225e-055 2.51109961e-061
  2.84642032e-118 1.09648148e-074 4.20327513e-085 5.01336700e-018
  4.69427999e-049 7.39994713e-075 2.97244669e-054 1.00000000e+000
  1.00000000e+000]
 [1.00000000e+000 1.00000000e+000 1.00000000e+000 1.00000000e+000
  1.00000000e+000 1.00000000e+000 1.00000000e+000 1.00000000e+000
  1.00000000e+000 1.00000000e+000 1.00000000e+000 1.00000000e+000
  1.00000000e+000 1.00000000e+000 1.00000000e+000 1.00000000e+000
  1.00000000e+000 1.00000000e+000 1.00000000e+000 1.00000000e+000
  0.00000000e+000]]
