[[-0.24386937  4.53929843 -3.92892559 -2.2535919  -2.80287545 -3.76047795
   0.69273044  1.11453351  0.44662908 -0.98213467]
 [ 4.94072724  2.55278067 -3.51731193 -3.26440333  2.74876385  0.32076336
  -0.7398381  -2.61679508  3.16200549 -4.48902356]
 [ 4.68267025 -1.81001024  3.42751991 -2.45146915  1.13577103  3.48723551
   4.30750508  1.37515966  0.34050076 -3.15033352]
 [-1.85000522  1.01703739  1.59591284 -2.74007379  4.30665934 -1.09530957
   0.12154186 -4.64033005 -4.41575228  4.26430085]
 [-4.67093914  4.92542102 -0.59092427 -4.50838663  2.19419232  0.18434295
   3.241519   -1.54795804  3.07641444 -3.13102152]
 [ 0.64666798 -1.75113077  3.63805476 -3.84501644  3.29915198 -0.41543763
  -3.27825471  0.82387922 -2.75801903  3.44487329]
 [-4.62599191  3.07356527 -1.37205054  4.45786485 -3.27127547  4.46116964
  -2.21465148  3.5114563   1.18032129  1.18590895]
 [-0.09308631  3.73901379  0.43701141  3.64159157 -2.12685265  4.76378192
  -0.04622368  0.18732569  2.28027831  3.31770833]
 [-3.27823353  0.99636299 -3.3237803  -0.95018371  2.14530316  2.18724955
   2.689806   -3.72857914 -1.47580677  4.88733463]
 [ 0.23920717  3.46229521 -1.06878539  0.36854613  4.16194958  0.62672187
  -0.46730546  3.87254062 -2.10178619 -0.73614128]
 [-1.81114353 -0.34121576 -3.4949332   1.87892592 -1.34359223  4.89745229
   3.35357983 -3.94171963 -3.81058635  0.1000285 ]
 [ 2.43687618 -2.37481785  0.60573225  1.05741107 -4.92357788 -4.97396639
   3.20935367 -4.89057734 -0.42767854 -4.31452308]
 [ 2.80760172 -2.56204384 -1.29623081 -4.56734336 -3.48792964  2.13977819
  -2.94535923 -4.32634646  1.23771372  3.55456276]
 [ 3.61503936 -2.44031328 -1.70780135  0.08394925 -3.48593828 -0.75422227
  -3.77313341 -0.25153305 -4.95419206  1.57856956]
 [ 2.50372026  4.99649873 -2.05040063 -2.51061692  4.76124596  1.98447656
   0.47915813 -4.01014047 -2.21952833 -2.61437879]
 [-0.64884094  4.50846776  3.73638301  1.42673599  3.87476498 -1.5884763
   0.75391536  2.19358518  3.56050931  0.34496338]
 [ 1.53416425 -4.98015163  0.78471181 -4.45237907  1.83201057  4.55067359
   3.46264197  1.31272739 -2.02348025 -2.18015063]
 [-0.5409405  -2.16390868  3.87527634  1.43508397 -2.2549704   0.31405035
  -2.67760516  1.64035716 -0.06444282 -0.85645573]
 [ 2.59268696 -4.28304942 -3.83400438  0.92495973 -4.41508817  1.09977458
  -4.52268715 -4.6415386  -2.71819901 -3.24663667]
 [ 0.8754691  -3.76947175  2.39370982 -2.54292699 -1.61550368 -2.92418119
   4.49865794 -2.95577822 -1.63279282 -3.39588688]
 [ 3.42742747 -2.11877107 -4.48959418 -1.41534388 -3.46022154  4.26521326
   4.17540414 -1.39087221  4.3876985  -3.46311441]
 [-0.40296686 -4.49672884  3.20012826 -2.27805046  0.67635278  2.74919349
   1.52212584  4.89422975 -3.50494738 -4.65485796]
 [-1.79081371 -4.56815787  0.56502489  1.85499627 -2.5438422   0.46354188
  -1.49600689  4.73190965 -2.53321259  0.49549003]
 [ 0.46881726  0.95734492 -4.90188424  0.47855195 -4.27160955  2.31205573
   3.87120597  2.2800158  -2.18774011  3.87676598]
 [ 0.59679136  1.69222245  1.10245873 -0.88238878 -3.84891947  3.99250032
   3.61422839  1.02428764 -1.33355992  0.1015751 ]
 [-0.99223359  4.43072367 -4.63190262 -1.9854726  -3.34356614 -4.16988948
   0.29060826  1.99951429  0.44197608 -3.60967141]
 [ 0.34688908  2.34786612 -0.96889513 -0.33540048  0.12856682  2.94421197
  -3.22392096 -0.9114846  -2.72334349  3.2328959 ]
 [ 0.77689289  2.07773253  0.06105943 -4.45383586  3.63827564  1.13877438
   3.31701761  4.28035784 -2.94592559 -1.76903843]
 [ 1.33388012  1.9256807   0.7024218   1.45864447 -1.47372525  3.06983116
   0.55403706 -2.31144239  4.67575927  2.19250817]
 [ 3.30979565  4.59209088 -1.75341428  4.7816286  -0.06176383  3.87629612
  -3.37885078 -4.21346767  2.57426796  4.93473261]
 [-0.5062799   0.36983058 -3.13694398 -2.19018449  3.3021306  -3.49367913
  -4.35263267 -3.75949123  4.52157077 -2.02125477]
 [-2.30990931  4.2939708   4.8533799  -2.41292828 -3.72041193 -3.54364034
  -1.15903477 -4.09655812  2.95311729 -1.39784373]
 [-1.57456167  1.89745657  0.94766776  0.95345609  3.48894363 -0.61177261
   1.17269147 -0.09571395 -2.67108144  1.27373743]
 [-2.19622088  3.90933787 -4.04317398 -1.8248511   4.78901066  2.5393601
   1.64419539  0.97338867 -4.29079688  2.06059549]
 [-1.57007448  2.74738782 -1.53315723  4.89688076  2.86464321  3.90906356
   4.23709441  0.84911413  1.04394134  0.8684036 ]
 [ 0.50455508  4.28855326 -2.31058741 -0.70249485 -3.7258721   0.39871245
  -1.19086372 -2.90833404 -2.61759898  4.31154426]
 [-3.75461855 -3.1815589   4.44905776 -1.65849508  1.15970732 -0.38893561
   4.17817231 -3.03776298 -1.41987656 -4.39920649]
 [ 1.35381085  1.77714601  1.61413023 -1.73286447  2.17185288 -2.54142703
  -3.57651228  3.43873364  1.8112676   0.8975054 ]
 [-2.77845366  1.54368547 -1.57893769 -3.21275174 -4.18006455 -0.72032324
   1.96829289  4.11803479  0.80935308  2.88244754]
 [-3.63783591 -1.22544555 -4.75392027  3.50873967 -1.43727494 -0.23262311
  -4.63269984  0.10914641 -0.72927585  4.28417225]
 [ 2.78450922 -3.77765245 -4.5490995   4.49745136 -4.09604245  3.5570316
  -4.55875127 -4.2688609   3.38645824 -1.6929198 ]
 [ 3.41540745  1.17875241 -4.0729688  -1.86568564  1.90758195 -0.36998546
  -4.69798966  2.297672   -3.7288368   4.73298129]
 [-2.12545361 -1.47299177 -2.4767559  -4.86526739 -0.06202225 -1.86977572
  -3.84200611  0.33847811  2.4418916  -1.53423058]
 [-1.89048634 -4.89982708  1.48152426  1.38713672  1.7897269   4.13409005
   2.86326136 -3.33450291  1.66195089 -3.19573487]
 [ 1.10977391  2.31073569 -2.3178621  -3.79915851 -0.74474442  1.30788084
   0.57470489  2.05126469  0.458449   -0.68236432]
 [ 2.3789867   0.39850417  2.67095476  0.23569231 -3.84937279  2.96086552
   1.85506752 -0.99237623  2.37026469  0.19052743]
 [-4.24670752  1.72857121 -0.65294557 -0.08178568  1.08667771 -0.24473146
  -2.5939913  -0.30061024 -1.83334979 -1.26839021]
 [ 2.45018142  3.97477214 -0.62268406 -4.36552439  0.45983223  0.12811385
  -1.33093808 -2.64050979  1.31810086 -2.74191589]
 [ 4.37861972 -1.30765009 -4.39334533  1.99358781 -0.16035915 -2.95937263
  -2.28203601 -4.18972396  3.37218003  2.58820822]
 [ 3.96314977 -2.9056922  -3.35315572 -3.68637079  4.33634387 -0.45290455
  -3.28387559  3.57573161  4.54565692  1.7413741 ]],[[131615.3452577 ]
 [117280.45036159]
 [116414.28392191]
 [135937.72330228]
 [159239.57968408]
 [ 69665.29100314]
 [165056.5244187 ]
 [ 97224.10476435]
 [ 63418.73096212]
 [ 81101.7022805 ]
 [140597.00715739]
 [229350.20732256]
 [143972.97471699]
 [126847.56165464]
 [162941.10733415]
 [ 88792.65355196]
 [144720.2597771 ]
 [ 27963.19405365]
 [253485.83221828]
 [102413.89743097]
 [190141.49505838]
 [157860.02524105]
 [121321.45006663]
 [108301.76294952]
 [ 45363.70044539]
 [176284.50597561]
 [ 35701.18451779]
 [106033.90257361]
 [ 49701.99462152]
 [192295.8066423 ]
 [175298.97655482]
 [176589.54641016]
 [ 22212.21477938]
 [144447.25332994]
 [ 96852.83829199]
 [ 83143.93549642]
 [138821.35975692]
 [ 36921.67709623]
 [ 89639.7139614 ]
 [130060.01306683]
 [283466.69831601]
 [107953.69184565]
 [106968.18201731]
 [104191.91465035]
 [ 39437.86448572]
 [ 33661.13766399]
 [ 36474.78578886]
 [ 71620.22865047]
 [127177.8017643 ]
 [165612.93088777]],[[ 13378.93454325]
 [  -951.377335  ]
 [ -1817.54377459]
 [ 17705.89560382]
 [ 41007.75198329]
 [-48566.53668868]
 [ 46824.69671734]
 [-21007.72293011]
 [-54813.09672908]
 [-37130.12541247]
 [ 22365.17945847]
 [111118.37961477]
 [ 25741.14701773]
 [  8615.73395709]
 [ 44709.279633  ]
 [-29439.17414178]
 [ 26488.43207777]
 [-90268.63363401]
 [135254.00450807]
 [-15817.93026413]
 [ 71909.6673545 ]
 [ 39628.19754041]
 [  3089.62236963]
 [ -9930.06474617]
 [-72868.127244  ]
 [ 58051.62204291]
 [-82530.64317064]
 [-12197.92512185]
 [-68529.83306814]
 [ 74063.97893821]
 [ 57067.14885243]
 [ 58357.71870764]
 [-96019.6129077 ]
 [ 26215.42563063]
 [-21378.98940255]
 [-35087.89219675]
 [ 20589.53205817]
 [-81310.15059232]
 [-28592.11373242]
 [ 11828.18536896]
 [165234.8706028 ]
 [-10278.13585001]
 [-11263.64567825]
 [-14039.91304493]
 [-78793.96320308]
 [-84570.69002413]
 [-81757.04189965]
 [-46611.59904155]
 [  8945.97406672]
 [ 47381.10318634]
 [118231.82769668]],[[1.00000000e+000 9.88032516e-051 1.34980012e-089 ... 2.08342994e-061
  2.00697913e-080 1.00000000e+000]
 [9.88032516e-051 1.00000000e+000 5.84273341e-058 ... 6.65572672e-052
  1.11405348e-052 1.00000000e+000]
 [1.34980012e-089 5.84273341e-058 1.00000000e+000 ... 2.12023302e-105
  1.69685284e-078 1.00000000e+000]
 ...
 [2.08342994e-061 6.65572672e-052 2.12023302e-105 ... 1.00000000e+000
  1.95232913e-055 1.00000000e+000]
 [2.00697913e-080 1.11405348e-052 1.69685284e-078 ... 1.95232913e-055
  1.00000000e+000 1.00000000e+000]
 [1.00000000e+000 1.00000000e+000 1.00000000e+000 ... 1.00000000e+000
  1.00000000e+000 0.00000000e+000]]
