[[1.00000000e+000 1.09867630e-061 3.22074194e-053 3.02632785e-033
  1.89125707e-033 2.85314512e-042 2.46177135e-057 1.10932549e-081
  7.07915889e-015 3.32896609e-030 3.52657472e-051 1.81798534e-009
  9.18654459e-050 6.53567628e-037 6.44637350e-034 3.46355732e-029
  1.99100108e-049 2.26176903e-033 2.37654907e-029 1.44538053e-048
  1.00000000e+000]
 [1.09867630e-061 1.00000000e+000 2.69190217e-038 5.19910303e-027
  3.11460559e-074 1.52094503e-024 2.35444577e-065 1.01526694e-020
  4.70203636e-079 2.38798608e-028 7.40661282e-098 6.58723755e-034
  1.41542359e-036 5.23436574e-036 6.77568051e-042 1.56962855e-035
  5.31166264e-041 9.22437156e-073 5.17999828e-086 2.89194187e-018
  1.00000000e+000]
 [3.22074194e-053 2.69190217e-038 1.00000000e+000 1.75499221e-059
  9.77735862e-036 2.63030418e-042 6.19181923e-036 5.48322531e-011
  4.53781909e-061 1.03586754e-012 1.17085138e-050 6.25995109e-031
  1.09114367e-041 1.93397430e-044 9.61285325e-048 4.79078471e-016
  3.41836799e-043 3.13407063e-040 5.49088116e-057 1.48205881e-033
  1.00000000e+000]
 [3.02632785e-033 5.19910303e-027 1.75499221e-059 1.00000000e+000
  2.49053213e-047 6.36218151e-036 5.76574758e-072 3.16673685e-058
  2.03951763e-059 3.37953762e-050 3.86752347e-113 2.10592488e-025
  1.88962795e-055 3.95950312e-013 1.27205541e-060 1.04831974e-035
  9.63590837e-043 4.98035609e-086 2.09284719e-081 2.32274822e-051
  1.00000000e+000]
 [1.89125707e-033 3.11460559e-074 9.77735862e-036 2.49053213e-047
  1.00000000e+000 2.71739751e-064 6.86472409e-022 1.46614515e-061
  4.96502973e-043 1.48496122e-042 5.94693632e-047 2.88264373e-042
  4.49002679e-045 7.76611419e-026 6.25266039e-052 6.84671938e-024
  9.01347154e-055 3.70403700e-041 9.15165739e-038 3.73861019e-074
  1.00000000e+000]
 [2.85314512e-042 1.52094503e-024 2.63030418e-042 6.36218151e-036
  2.71739751e-064 1.00000000e+000 9.17374376e-077 8.83775097e-043
  1.10074465e-051 1.60753088e-034 6.57076420e-066 1.19287601e-030
  1.68471078e-035 4.06360158e-053 3.66589269e-023 4.89076362e-055
  6.21741500e-030 8.23435442e-042 1.34835730e-057 1.03521573e-027
  1.00000000e+000]
 [2.46177135e-057 2.35444577e-065 6.19181923e-036 5.76574758e-072
  6.86472409e-022 9.17374376e-077 1.00000000e+000 2.76831442e-054
  6.40309342e-045 5.17261718e-037 7.62971215e-032 7.26193222e-057
  3.65632301e-019 2.49921425e-033 1.73650453e-047 5.26149491e-025
  3.87308124e-045 5.50121141e-037 2.01018446e-028 5.39375570e-048
  1.00000000e+000]
 [1.10932549e-081 1.01526694e-020 5.48322531e-011 3.16673685e-058
  1.46614515e-061 8.83775097e-043 2.76831442e-054 1.00000000e+000
  1.10405405e-097 4.87384689e-023 5.95547168e-086 2.51048068e-047
  8.95294437e-050 2.15456914e-051 1.26394285e-057 1.08590539e-028
  2.80391990e-055 1.65378198e-068 6.64764490e-093 2.42879510e-034
  1.00000000e+000]
 [7.07915889e-015 4.70203636e-079 4.53781909e-061 2.03951763e-059
  4.96502973e-043 1.10074465e-051 6.40309342e-045 1.10405405e-097
  1.00000000e+000 2.45256392e-041 1.60664608e-029 2.08513281e-026
  4.10947907e-032 2.03986049e-046 3.37125766e-038 5.20816160e-044
  2.03507926e-030 1.65659265e-025 5.37553630e-009 1.04840273e-041
  1.00000000e+000]
 [3.32896609e-030 2.38798608e-028 1.03586754e-012 3.37953762e-050
  1.48496122e-042 1.60753088e-034 5.17261718e-037 4.87384689e-023
  2.45256392e-041 1.00000000e+000 7.66273842e-040 7.67432709e-014
  3.53452782e-032 2.93366874e-044 1.75123239e-023 1.77053269e-011
  5.54293750e-046 6.24128224e-025 3.03563015e-040 2.06922988e-017
  1.00000000e+000]
 [3.52657472e-051 7.40661282e-098 1.17085138e-050 3.86752347e-113
  5.94693632e-047 6.57076420e-066 7.62971215e-032 5.95547168e-086
  1.60664608e-029 7.66273842e-040 1.00000000e+000 1.18009226e-060
  4.39093951e-030 7.70783977e-086 1.30802800e-027 4.31926258e-057
  7.38758902e-058 1.42099500e-005 9.09869236e-009 3.13170285e-053
  1.00000000e+000]
 [1.81798534e-009 6.58723755e-034 6.25995109e-031 2.10592488e-025
  2.88264373e-042 1.19287601e-030 7.26193222e-057 2.51048068e-047
  2.08513281e-026 7.67432709e-014 1.18009226e-060 1.00000000e+000
  5.12068828e-045 4.93829283e-031 4.10731671e-035 2.24921012e-016
  5.43926330e-039 1.06478560e-039 3.08727778e-043 7.96851774e-027
  1.00000000e+000]
 [9.18654459e-050 1.41542359e-036 1.09114367e-041 1.88962795e-055
  4.49002679e-045 1.68471078e-035 3.65632301e-019 8.95294437e-050
  4.10947907e-032 3.53452782e-032 4.39093951e-030 5.12068828e-045
  1.00000000e+000 4.91679247e-036 1.41683100e-022 7.74825596e-039
  2.32151835e-018 1.30114279e-027 3.65196758e-022 1.33794370e-017
  1.00000000e+000]
 [6.53567628e-037 5.23436574e-036 1.93397430e-044 3.95950312e-013
  7.76611419e-026 4.06360158e-053 2.49921425e-033 2.15456914e-051
  2.03986049e-046 2.93366874e-044 7.70783977e-086 4.93829283e-031
  4.91679247e-036 1.00000000e+000 2.01426510e-063 2.24111679e-020
  3.52664391e-030 2.93365847e-073 1.62248249e-058 1.37839372e-046
  1.00000000e+000]
 [6.44637350e-034 6.77568051e-042 9.61285325e-048 1.27205541e-060
  6.25266039e-052 3.66589269e-023 1.73650453e-047 1.26394285e-057
  3.37125766e-038 1.75123239e-023 1.30802800e-027 4.10731671e-035
  1.41683100e-022 2.01426510e-063 1.00000000e+000 3.69337310e-046
  1.45489220e-051 3.82212172e-012 2.52812611e-027 4.23986405e-029
  1.00000000e+000]
 [3.46355732e-029 1.56962855e-035 4.79078471e-016 1.04831974e-035
  6.84671938e-024 4.89076362e-055 5.26149491e-025 1.08590539e-028
  5.20816160e-044 1.77053269e-011 4.31926258e-057 2.24921012e-016
  7.74825596e-039 2.24111679e-020 3.69337310e-046 1.00000000e+000
  2.91738820e-047 5.11106953e-045 1.02793887e-047 7.10643499e-034
  1.00000000e+000]
 [1.99100108e-049 5.31166264e-041 3.41836799e-043 9.63590837e-043
  9.01347154e-055 6.21741500e-030 3.87308124e-045 2.80391990e-055
  2.03507926e-030 5.54293750e-046 7.38758902e-058 5.43926330e-039
  2.32151835e-018 3.52664391e-030 1.45489220e-051 2.91738820e-047
  1.00000000e+000 3.27427712e-052 4.03281784e-039 2.73505792e-023
  1.00000000e+000]
 [2.26176903e-033 9.22437156e-073 3.13407063e-040 4.98035609e-086
  3.70403700e-041 8.23435442e-042 5.50121141e-037 1.65378198e-068
  1.65659265e-025 6.24128224e-025 1.42099500e-005 1.06478560e-039
  1.30114279e-027 2.93365847e-073 3.82212172e-012 5.11106953e-045
  3.27427712e-052 1.00000000e+000 5.21846675e-011 1.45271892e-040
  1.00000000e+000]
 [2.37654907e-029 5.17999828e-086 5.49088116e-057 2.09284719e-081
  9.15165739e-038 1.34835730e-057 2.01018446e-028 6.64764490e-093
  5.37553630e-009 3.03563015e-040 9.09869236e-009 3.08727778e-043
  3.65196758e-022 1.62248249e-058 2.52812611e-027 1.02793887e-047
  4.03281784e-039 5.21846675e-011 1.00000000e+000 6.12507316e-045
  1.00000000e+000]
 [1.44538053e-048 2.89194187e-018 1.48205881e-033 2.32274822e-051
  3.73861019e-074 1.03521573e-027 5.39375570e-048 2.42879510e-034
  1.04840273e-041 2.06922988e-017 3.13170285e-053 7.96851774e-027
  1.33794370e-017 1.37839372e-046 4.23986405e-029 7.10643499e-034
  2.73505792e-023 1.45271892e-040 6.12507316e-045 1.00000000e+000
  1.00000000e+000]
 [1.00000000e+000 1.00000000e+000 1.00000000e+000 1.00000000e+000
  1.00000000e+000 1.00000000e+000 1.00000000e+000 1.00000000e+000
  1.00000000e+000 1.00000000e+000 1.00000000e+000 1.00000000e+000
  1.00000000e+000 1.00000000e+000 1.00000000e+000 1.00000000e+000
  1.00000000e+000 1.00000000e+000 1.00000000e+000 1.00000000e+000
  0.00000000e+000]]
