[[1.00000000e+00 9.99168161e-11 1.59861685e-54 ... 5.80090032e-42
  5.36011638e-34 1.00000000e+00]
 [9.99168161e-11 1.00000000e+00 9.07657247e-34 ... 5.26676588e-39
  3.41765215e-18 1.00000000e+00]
 [1.59861685e-54 9.07657247e-34 1.00000000e+00 ... 3.37494194e-35
  1.74046043e-27 1.00000000e+00]
 ...
 [5.80090032e-42 5.26676588e-39 3.37494194e-35 ... 1.00000000e+00
  3.94996021e-18 1.00000000e+00]
 [5.36011638e-34 3.41765215e-18 1.74046043e-27 ... 3.94996021e-18
  1.00000000e+00 1.00000000e+00]
 [1.00000000e+00 1.00000000e+00 1.00000000e+00 ... 1.00000000e+00
  1.00000000e+00 0.00000000e+00]]
