[[1.00000000e+00 2.78418905e-27 3.59180971e-72 ... 4.69766437e-23
  1.38694284e-48 1.00000000e+00]
 [2.78418905e-27 1.00000000e+00 2.64356714e-54 ... 2.18521319e-29
  6.36044324e-68 1.00000000e+00]
 [3.59180971e-72 2.64356714e-54 1.00000000e+00 ... 1.25450834e-58
  3.37272206e-57 1.00000000e+00]
 ...
 [4.69766437e-23 2.18521319e-29 1.25450834e-58 ... 1.00000000e+00
  6.59731257e-40 1.00000000e+00]
 [1.38694284e-48 6.36044324e-68 3.37272206e-57 ... 6.59731257e-40
  1.00000000e+00 1.00000000e+00]
 [1.00000000e+00 1.00000000e+00 1.00000000e+00 ... 1.00000000e+00
  1.00000000e+00 0.00000000e+00]]
