[[1.00000000e+000 1.61744559e-008 7.93515572e-079 1.26518194e-029
  1.05070028e-056 1.05102352e-031 3.82841363e-057 2.51987164e-056
  1.76766390e-047 2.04730849e-009 1.12553585e-066 4.73299959e-035
  3.14582280e-028 1.01462376e-044 5.27366800e-029 1.53521780e-024
  2.22614364e-013 3.91505589e-023 2.31139463e-049 2.39147984e-057
  1.77642658e-081 1.95018218e-034 2.62900510e-050 2.73930318e-031
  5.39510483e-045 1.09430291e-041 1.00000000e+000]
 [1.61744559e-008 1.00000000e+000 1.48963207e-061 3.16669832e-017
  1.74281125e-047 5.21593692e-032 8.15338950e-040 6.92770480e-066
  5.33712716e-057 7.45780474e-004 3.59475776e-076 1.98071400e-036
  2.18789190e-040 1.53895845e-028 2.18269758e-032 1.64251456e-032
  2.21269969e-028 8.37224932e-029 7.33791589e-048 5.38455950e-066
  4.65297515e-095 1.60041187e-036 1.17645389e-062 7.71111441e-041
  1.83653073e-052 6.17375345e-049 1.00000000e+000]
 [7.93515572e-079 1.48963207e-061 1.00000000e+000 2.22821176e-058
  9.60466748e-023 1.22906332e-025 1.74672119e-008 6.92532583e-064
  1.76544042e-053 4.43886137e-051 1.24693342e-059 1.76576994e-037
  3.41943234e-077 1.74044170e-023 1.40795095e-039 1.58640309e-062
  1.62482200e-062 6.58638450e-041 1.80979930e-024 8.35650489e-057
  1.74793936e-050 1.79495448e-038 6.51785544e-042 1.00116908e-064
  6.84388932e-077 1.64329092e-035 1.00000000e+000]
 [1.26518194e-029 3.16669832e-017 2.22821176e-058 1.00000000e+000
  1.92277903e-036 7.46921640e-057 1.45219113e-032 8.10347741e-091
  1.01780746e-039 3.96900099e-014 3.93286175e-047 1.94538946e-061
  6.05522252e-058 5.24690998e-025 1.55493193e-034 1.68251243e-059
  1.03081647e-040 7.74119831e-030 6.39025525e-077 1.12217567e-055
  5.93680699e-117 6.08508441e-044 4.57705318e-061 6.90572823e-027
  2.44227873e-043 9.78736475e-078 1.00000000e+000]
 [1.05070028e-056 1.74281125e-047 9.60466748e-023 1.92277903e-036
  1.00000000e+000 1.26943894e-033 8.69064999e-014 1.33342962e-032
  1.09187888e-038 2.87715717e-035 7.56561384e-059 1.02242362e-029
  6.54681180e-043 4.85332675e-018 4.73054357e-021 2.27359408e-044
  2.41162194e-046 1.21925633e-046 1.32826039e-049 7.47568558e-019
  6.02293366e-047 5.10831968e-038 8.35777703e-024 3.54314133e-036
  2.59527391e-031 3.57105209e-055 1.00000000e+000]
 [1.05102352e-031 5.21593692e-032 1.22906332e-025 7.46921640e-057
  1.26943894e-033 1.00000000e+000 4.25308406e-026 1.15382444e-031
  1.23976459e-052 3.63215487e-027 4.77491091e-065 2.71413652e-011
  4.68476259e-032 9.41219095e-036 2.50822048e-018 1.01295525e-018
  9.83695795e-031 9.42754003e-025 1.63794501e-008 1.61515377e-054
  6.56382735e-039 9.64393024e-014 1.14203358e-023 5.30650143e-050
  2.16849889e-065 2.10438560e-005 1.00000000e+000]
 [3.82841363e-057 8.15338950e-040 1.74672119e-008 1.45219113e-032
  8.69064999e-014 4.25308406e-026 1.00000000e+000 1.44767676e-063
  6.11139243e-052 1.23546279e-027 4.46678861e-056 2.15799458e-026
  8.19439230e-051 3.57678492e-020 1.78427710e-033 2.13111603e-060
  1.67336963e-051 4.64637417e-033 1.59902004e-037 1.05438038e-050
  1.62004740e-062 1.59100398e-027 3.30643870e-036 5.88476022e-054
  1.20204483e-065 6.21442190e-041 1.00000000e+000]
 [2.51987164e-056 6.92770480e-066 6.92532583e-064 8.10347741e-091
  1.33342962e-032 1.15382444e-031 1.44767676e-063 1.00000000e+000
  1.73653530e-063 1.90090695e-060 2.29408788e-106 3.02758738e-030
  2.29883480e-041 3.43819184e-051 5.27953148e-028 5.96963795e-019
  6.84242696e-047 5.01512403e-074 4.78196865e-044 1.06883323e-027
  1.88884408e-026 2.08083017e-057 1.55765926e-031 5.95924480e-056
  3.10813178e-038 2.81012023e-048 1.00000000e+000]
 [1.76766390e-047 5.33712716e-057 1.76544042e-053 1.01780746e-039
  1.09187888e-038 1.23976459e-052 6.11139243e-052 1.73653530e-063
  1.00000000e+000 3.42712344e-050 9.22175055e-014 1.06423587e-070
  5.82162083e-075 1.06483115e-031 5.70748222e-026 2.86877124e-046
  7.41561737e-022 1.82129546e-022 1.53803093e-054 6.43184877e-021
  7.75025132e-059 4.96792027e-054 5.99113053e-036 3.08320014e-006
  4.93969855e-020 8.53179665e-059 1.00000000e+000]
 [2.04730849e-009 7.45780474e-004 4.43886137e-051 3.96900099e-014
  2.87715717e-035 3.63215487e-027 1.23546279e-027 1.90090695e-060
  3.42712344e-050 1.00000000e+000 9.31642080e-064 6.92736875e-025
  1.56507469e-026 6.64708441e-028 2.68552048e-028 3.83596672e-036
  6.75205225e-023 6.63871990e-022 1.33541676e-046 7.25998208e-055
  9.79733019e-082 1.94072971e-026 1.07036131e-046 1.40200823e-036
  6.74183842e-049 1.83977241e-042 1.00000000e+000]
 [1.12553585e-066 3.59475776e-076 1.24693342e-059 3.93286175e-047
  7.56561384e-059 4.77491091e-065 4.46678861e-056 2.29408788e-106
  9.22175055e-014 9.31642080e-064 1.00000000e+000 1.26361520e-087
  6.63370406e-087 1.58694994e-058 6.80562425e-040 1.21037984e-076
  2.40293513e-041 2.00889347e-019 5.68015244e-072 2.33431321e-054
  2.94386984e-093 1.46552162e-046 2.26229476e-040 3.36126985e-021
  8.42452530e-059 3.67504561e-063 1.00000000e+000]
 [4.73299959e-035 1.98071400e-036 1.76576994e-037 1.94538946e-061
  1.02242362e-029 2.71413652e-011 2.15799458e-026 3.02758738e-030
  1.06423587e-070 6.92736875e-025 1.26361520e-087 1.00000000e+000
  9.11489230e-015 1.38482557e-046 8.05762323e-033 2.09756256e-035
  3.79216611e-034 2.34632198e-039 6.57070212e-029 9.08994439e-052
  2.04809224e-036 1.05909208e-022 2.06369786e-026 6.91774846e-065
  2.30627562e-068 1.35564042e-020 1.00000000e+000]
 [3.14582280e-028 2.18789190e-040 3.41943234e-077 6.05522252e-058
  6.54681180e-043 4.68476259e-032 8.19439230e-051 2.29883480e-041
  5.82162083e-075 1.56507469e-026 6.63370406e-087 9.11489230e-015
  1.00000000e+000 1.06140012e-072 5.90494011e-034 1.72453589e-041
  1.75614268e-035 4.76268347e-046 2.39776454e-066 7.69033630e-056
  3.81223557e-067 2.46514641e-024 4.45598736e-025 4.42780964e-057
  1.76976347e-065 5.66218136e-043 1.00000000e+000]
 [1.01462376e-044 1.53895845e-028 1.74044170e-023 5.24690998e-025
  4.85332675e-018 9.41219095e-036 3.57678492e-020 3.43819184e-051
  1.06483115e-031 6.64708441e-028 1.58694994e-058 1.38482557e-046
  1.06140012e-072 1.00000000e+000 1.39725765e-028 2.35428874e-040
  7.83132776e-039 2.21779358e-037 4.11708399e-036 3.66829112e-032
  2.84613669e-060 3.02450081e-053 2.77808139e-054 1.56429086e-032
  3.87713352e-030 2.03973580e-056 1.00000000e+000]
 [5.27366800e-029 2.18269758e-032 1.40795095e-039 1.55493193e-034
  4.73054357e-021 2.50822048e-018 1.78427710e-033 5.27953148e-028
  5.70748222e-026 2.68552048e-028 6.80562425e-040 8.05762323e-033
  5.90494011e-034 1.39725765e-028 1.00000000e+000 3.97194762e-012
  8.92052088e-029 1.38492682e-025 2.16103156e-034 2.95104178e-029
  7.42889611e-057 5.63151183e-017 8.82966647e-014 2.35995343e-016
  3.88648319e-030 1.09827786e-030 1.00000000e+000]
 [1.53521780e-024 1.64251456e-032 1.58640309e-062 1.68251243e-059
  2.27359408e-044 1.01295525e-018 2.13111603e-060 5.96963795e-019
  2.86877124e-046 3.83596672e-036 1.21037984e-076 2.09756256e-035
  1.72453589e-041 2.35428874e-040 3.97194762e-012 1.00000000e+000
  6.80290560e-030 1.06751637e-041 8.55884769e-029 1.73457250e-043
  2.09542036e-053 4.73279465e-035 3.21926955e-034 1.03288807e-033
  1.85826569e-038 2.97246307e-030 1.00000000e+000]
 [2.22614364e-013 2.21269969e-028 1.62482200e-062 1.03081647e-040
  2.41162194e-046 9.83695795e-031 1.67336963e-051 6.84242696e-047
  7.41561737e-022 6.75205225e-023 2.40293513e-041 3.79216611e-034
  1.75614268e-035 7.83132776e-039 8.92052088e-029 6.80290560e-030
  1.00000000e+000 1.79557297e-014 3.43200998e-038 3.41924202e-031
  1.03450199e-043 4.91523127e-040 2.19758485e-035 5.42651875e-020
  1.09901597e-029 4.34344621e-034 1.00000000e+000]
 [3.91505589e-023 8.37224932e-029 6.58638450e-041 7.74119831e-030
  1.21925633e-046 9.42754003e-025 4.64637417e-033 5.01512403e-074
  1.82129546e-022 6.63871990e-022 2.00889347e-019 2.34632198e-039
  4.76268347e-046 2.21779358e-037 1.38492682e-025 1.06751637e-041
  1.79557297e-014 1.00000000e+000 5.14106754e-032 3.80564230e-053
  1.08205963e-066 3.99463226e-020 2.42695784e-032 1.76566687e-023
  8.14585552e-055 6.56783123e-024 1.00000000e+000]
 [2.31139463e-049 7.33791589e-048 1.80979930e-024 6.39025525e-077
  1.32826039e-049 1.63794501e-008 1.59902004e-037 4.78196865e-044
  1.53803093e-054 1.33541676e-046 5.68015244e-072 6.57070212e-029
  2.39776454e-066 4.11708399e-036 2.16103156e-034 8.55884769e-029
  3.43200998e-038 5.14106754e-032 1.00000000e+000 2.07885428e-064
  3.69900844e-034 5.34826722e-036 2.54802787e-044 5.29281025e-062
  1.02067029e-075 4.50676672e-009 1.00000000e+000]
 [2.39147984e-057 5.38455950e-066 8.35650489e-057 1.12217567e-055
  7.47568558e-019 1.61515377e-054 1.05438038e-050 1.06883323e-027
  6.43184877e-021 7.25998208e-055 2.33431321e-054 9.08994439e-052
  7.69033630e-056 3.66829112e-032 2.95104178e-029 1.73457250e-043
  3.41924202e-031 3.80564230e-053 2.07885428e-064 1.00000000e+000
  6.27612029e-034 8.22813733e-067 1.95137694e-030 5.88250116e-022
  5.51005148e-008 8.44601417e-072 1.00000000e+000]
 [1.77642658e-081 4.65297515e-095 1.74793936e-050 5.93680699e-117
  6.02293366e-047 6.56382735e-039 1.62004740e-062 1.88884408e-026
  7.75025132e-059 9.79733019e-082 2.94386984e-093 2.04809224e-036
  3.81223557e-067 2.84613669e-060 7.42889611e-057 2.09542036e-053
  1.03450199e-043 1.08205963e-066 3.69900844e-034 6.27612029e-034
  1.00000000e+000 1.47275892e-074 3.30182929e-041 5.07258058e-073
  1.44168790e-059 1.23828690e-041 1.00000000e+000]
 [1.95018218e-034 1.60041187e-036 1.79495448e-038 6.08508441e-044
  5.10831968e-038 9.64393024e-014 1.59100398e-027 2.08083017e-057
  4.96792027e-054 1.94072971e-026 1.46552162e-046 1.05909208e-022
  2.46514641e-024 3.02450081e-053 5.63151183e-017 4.73279465e-035
  4.91523127e-040 3.99463226e-020 5.34826722e-036 8.22813733e-067
  1.47275892e-074 1.00000000e+000 1.22527462e-016 8.60539904e-045
  7.56930118e-077 1.07686931e-017 1.00000000e+000]
 [2.62900510e-050 1.17645389e-062 6.51785544e-042 4.57705318e-061
  8.35777703e-024 1.14203358e-023 3.30643870e-036 1.55765926e-031
  5.99113053e-036 1.07036131e-046 2.26229476e-040 2.06369786e-026
  4.45598736e-025 2.77808139e-054 8.82966647e-014 3.21926955e-034
  2.19758485e-035 2.42695784e-032 2.54802787e-044 1.95137694e-030
  3.30182929e-041 1.22527462e-016 1.00000000e+000 1.11012673e-032
  3.04088574e-048 5.75459466e-029 1.00000000e+000]
 [2.73930318e-031 7.71111441e-041 1.00116908e-064 6.90572823e-027
  3.54314133e-036 5.30650143e-050 5.88476022e-054 5.95924480e-056
  3.08320014e-006 1.40200823e-036 3.36126985e-021 6.91774846e-065
  4.42780964e-057 1.56429086e-032 2.35995343e-016 1.03288807e-033
  5.42651875e-020 1.76566687e-023 5.29281025e-062 5.88250116e-022
  5.07258058e-073 8.60539904e-045 1.11012673e-032 1.00000000e+000
  3.75726680e-014 3.27767779e-061 1.00000000e+000]
 [5.39510483e-045 1.83653073e-052 6.84388932e-077 2.44227873e-043
  2.59527391e-031 2.16849889e-065 1.20204483e-065 3.10813178e-038
  4.93969855e-020 6.74183842e-049 8.42452530e-059 2.30627562e-068
  1.76976347e-065 3.87713352e-030 3.88648319e-030 1.85826569e-038
  1.09901597e-029 8.14585552e-055 1.02067029e-075 5.51005148e-008
  1.44168790e-059 7.56930118e-077 3.04088574e-048 3.75726680e-014
  1.00000000e+000 1.47320808e-086 1.00000000e+000]
 [1.09430291e-041 6.17375345e-049 1.64329092e-035 9.78736475e-078
  3.57105209e-055 2.10438560e-005 6.21442190e-041 2.81012023e-048
  8.53179665e-059 1.83977241e-042 3.67504561e-063 1.35564042e-020
  5.66218136e-043 2.03973580e-056 1.09827786e-030 2.97246307e-030
  4.34344621e-034 6.56783123e-024 4.50676672e-009 8.44601417e-072
  1.23828690e-041 1.07686931e-017 5.75459466e-029 3.27767779e-061
  1.47320808e-086 1.00000000e+000 1.00000000e+000]
 [1.00000000e+000 1.00000000e+000 1.00000000e+000 1.00000000e+000
  1.00000000e+000 1.00000000e+000 1.00000000e+000 1.00000000e+000
  1.00000000e+000 1.00000000e+000 1.00000000e+000 1.00000000e+000
  1.00000000e+000 1.00000000e+000 1.00000000e+000 1.00000000e+000
  1.00000000e+000 1.00000000e+000 1.00000000e+000 1.00000000e+000
  1.00000000e+000 1.00000000e+000 1.00000000e+000 1.00000000e+000
  1.00000000e+000 1.00000000e+000 0.00000000e+000]]
