[[1.00000000e+00 6.69950371e-61 3.59617746e-52 ... 1.23631729e-56
  3.52357819e-21 1.00000000e+00]
 [6.69950371e-61 1.00000000e+00 1.84255861e-60 ... 8.55152711e-82
  5.18526479e-58 1.00000000e+00]
 [3.59617746e-52 1.84255861e-60 1.00000000e+00 ... 6.18858422e-43
  7.57281460e-64 1.00000000e+00]
 ...
 [1.23631729e-56 8.55152711e-82 6.18858422e-43 ... 1.00000000e+00
  2.91909486e-59 1.00000000e+00]
 [3.52357819e-21 5.18526479e-58 7.57281460e-64 ... 2.91909486e-59
  1.00000000e+00 1.00000000e+00]
 [1.00000000e+00 1.00000000e+00 1.00000000e+00 ... 1.00000000e+00
  1.00000000e+00 0.00000000e+00]]
