[[1.00000000e+000 1.35848283e-014 1.03151719e-069 4.16887816e-042
  1.45283510e-051 2.18909187e-056 8.37268005e-012 1.38867299e-042
  1.37192086e-034 1.04886071e-038 2.41989566e-040 7.74670824e-017
  1.74574472e-019 7.85003184e-033 1.56976075e-023 9.63495357e-052
  1.05951505e-038 9.51604882e-034 1.20067834e-055 4.20833099e-040
  1.00000000e+000]
 [1.35848283e-014 1.00000000e+000 4.18559468e-027 5.19225601e-023
  1.43054784e-031 3.06227349e-038 5.20073798e-012 7.58422882e-015
  7.73788091e-019 1.44932617e-014 1.58995396e-031 2.07701386e-030
  3.15801176e-028 1.19147545e-012 2.86970167e-020 3.71156199e-031
  1.22290391e-023 2.28486621e-017 5.09525022e-054 4.56315138e-041
  1.00000000e+000]
 [1.03151719e-069 4.18559468e-027 1.00000000e+000 2.13385246e-067
  1.13824691e-029 2.51288255e-045 2.78409742e-038 6.83323069e-033
  3.24482270e-044 4.04053853e-025 4.96079236e-047 2.22453923e-088
  2.73710266e-072 1.17991989e-021 3.28480100e-055 1.83540695e-032
  9.14682853e-030 1.29003650e-048 1.82887668e-075 1.69951579e-065
  1.00000000e+000]
 [4.16887816e-042 5.19225601e-023 2.13385246e-067 1.00000000e+000
  8.42337356e-058 1.96532463e-080 1.78054740e-058 1.41043725e-015
  1.60917165e-055 1.05889982e-049 5.06210897e-062 2.89772807e-035
  1.50057963e-041 1.16042877e-044 4.82323624e-028 5.24901475e-055
  9.72262283e-062 6.36523190e-037 7.74919915e-071 1.35218580e-075
  1.00000000e+000]
 [1.45283510e-051 1.43054784e-031 1.13824691e-029 8.42337356e-058
  1.00000000e+000 1.57612795e-034 4.27505909e-033 1.77316777e-041
  3.99117618e-056 3.27005897e-028 4.22232365e-015 2.21406083e-063
  5.19913637e-041 6.85513521e-016 2.80929280e-044 7.03364511e-029
  6.64290780e-028 1.96243304e-064 4.35351688e-069 1.61632817e-083
  1.00000000e+000]
 [2.18909187e-056 3.06227349e-038 2.51288255e-045 1.96532463e-080
  1.57612795e-034 1.00000000e+000 1.31885532e-038 1.16496343e-059
  7.58331017e-057 1.09239141e-032 4.45423663e-014 6.72413704e-082
  1.13341551e-083 6.14114586e-021 4.39661055e-052 3.79400397e-047
  7.01995126e-077 6.61868245e-084 1.55553179e-099 1.45335105e-103
  1.00000000e+000]
 [8.37268005e-012 5.20073798e-012 2.78409742e-038 1.78054740e-058
  4.27505909e-033 1.31885532e-038 1.00000000e+000 7.47638686e-037
  3.37757111e-017 1.10191613e-017 5.15532222e-034 2.68378442e-034
  8.25011011e-024 1.68220227e-013 3.53666232e-036 2.29521508e-031
  2.53495124e-019 1.67808336e-025 1.61319462e-051 2.34001789e-036
  1.00000000e+000]
 [1.38867299e-042 7.58422882e-015 6.83323069e-033 1.41043725e-015
  1.77316777e-041 1.16496343e-059 7.47638686e-037 1.00000000e+000
  9.57435527e-031 6.02769218e-029 2.29303095e-057 4.97212653e-034
  1.34003390e-032 1.08768928e-020 1.20939559e-028 1.42226812e-018
  2.06331758e-039 6.20868114e-019 3.41699973e-039 4.75330848e-044
  1.00000000e+000]
 [1.37192086e-034 7.73788091e-019 3.24482270e-044 1.60917165e-055
  3.99117618e-056 7.58331017e-057 3.37757111e-017 9.57435527e-031
  1.00000000e+000 3.01850440e-009 2.87857546e-067 1.31466021e-060
  1.54400233e-044 3.17014510e-017 7.61422503e-069 7.04380702e-044
  1.33610379e-028 1.02364233e-008 9.98037061e-081 1.21942542e-062
  1.00000000e+000]
 [1.04886071e-038 1.44932617e-014 4.04053853e-025 1.05889982e-049
  3.27005897e-028 1.09239141e-032 1.10191613e-017 6.02769218e-029
  3.01850440e-009 1.00000000e+000 2.24122013e-037 1.06505244e-068
  2.65196747e-049 2.42278022e-006 1.40128647e-059 3.98126140e-038
  5.23534088e-023 2.94581228e-022 3.22299500e-088 3.82722141e-078
  1.00000000e+000]
 [2.41989566e-040 1.58995396e-031 4.96079236e-047 5.06210897e-062
  4.22232365e-015 4.45423663e-014 5.15532222e-034 2.29303095e-057
  2.87857546e-067 2.24122013e-037 1.00000000e+000 1.50187686e-061
  1.57212783e-057 1.38100014e-023 1.31062630e-033 3.93762542e-048
  3.74366117e-056 7.82426054e-084 1.83679285e-087 5.96846835e-095
  1.00000000e+000]
 [7.74670824e-017 2.07701386e-030 2.22453923e-088 2.89772807e-035
  2.21406083e-063 6.72413704e-082 2.68378442e-034 4.97212653e-034
  1.31466021e-060 1.06505244e-068 1.50187686e-061 1.00000000e+000
  1.48436102e-011 9.78507188e-049 8.52161612e-016 3.10898679e-038
  1.05052561e-059 3.02504654e-045 1.09825152e-022 3.75758967e-027
  1.00000000e+000]
 [1.74574472e-019 3.15801176e-028 2.73710266e-072 1.50057963e-041
  5.19913637e-041 1.13341551e-083 8.25011011e-024 1.34003390e-032
  1.54400233e-044 2.65196747e-049 1.57212783e-057 1.48436102e-011
  1.00000000e+000 3.22735273e-035 1.21006912e-031 1.82746417e-030
  7.48932370e-029 1.03131990e-032 7.15748037e-027 1.16394943e-032
  1.00000000e+000]
 [7.85003184e-033 1.19147545e-012 1.17991989e-021 1.16042877e-044
  6.85513521e-016 6.14114586e-021 1.68220227e-013 1.08768928e-020
  3.17014510e-017 2.42278022e-006 1.38100014e-023 9.78507188e-049
  3.22735273e-035 1.00000000e+000 1.53401037e-039 2.45698672e-017
  8.06878561e-025 3.01736857e-028 6.80270948e-058 1.48603670e-059
  1.00000000e+000]
 [1.56976075e-023 2.86970167e-020 3.28480100e-055 4.82323624e-028
  2.80929280e-044 4.39661055e-052 3.53666232e-036 1.20939559e-028
  7.61422503e-069 1.40128647e-059 1.31062630e-033 8.52161612e-016
  1.21006912e-031 1.53401037e-039 1.00000000e+000 9.26485990e-036
  3.23818635e-059 8.26540213e-058 1.84421634e-034 3.82214131e-036
  1.00000000e+000]
 [9.63495357e-052 3.71156199e-031 1.83540695e-032 5.24901475e-055
  7.03364511e-029 3.79400397e-047 2.29521508e-031 1.42226812e-018
  7.04380702e-044 3.98126140e-038 3.93762542e-048 3.10898679e-038
  1.82746417e-030 2.45698672e-017 9.26485990e-036 1.00000000e+000
  9.18016499e-041 1.53722683e-042 1.69077014e-019 1.04123045e-035
  1.00000000e+000]
 [1.05951505e-038 1.22290391e-023 9.14682853e-030 9.72262283e-062
  6.64290780e-028 7.01995126e-077 2.53495124e-019 2.06331758e-039
  1.33610379e-028 5.23534088e-023 3.74366117e-056 1.05052561e-059
  7.48932370e-029 8.06878561e-025 3.23818635e-059 9.18016499e-041
  1.00000000e+000 2.90763166e-026 8.82393666e-066 3.01373147e-052
  1.00000000e+000]
 [9.51604882e-034 2.28486621e-017 1.29003650e-048 6.36523190e-037
  1.96243304e-064 6.61868245e-084 1.67808336e-025 6.20868114e-019
  1.02364233e-008 2.94581228e-022 7.82426054e-084 3.02504654e-045
  1.03131990e-032 3.01736857e-028 8.26540213e-058 1.53722683e-042
  2.90763166e-026 1.00000000e+000 1.24751525e-062 1.67439715e-045
  1.00000000e+000]
 [1.20067834e-055 5.09525022e-054 1.82887668e-075 7.74919915e-071
  4.35351688e-069 1.55553179e-099 1.61319462e-051 3.41699973e-039
  9.98037061e-081 3.22299500e-088 1.83679285e-087 1.09825152e-022
  7.15748037e-027 6.80270948e-058 1.84421634e-034 1.69077014e-019
  8.82393666e-066 1.24751525e-062 1.00000000e+000 1.35376610e-014
  1.00000000e+000]
 [4.20833099e-040 4.56315138e-041 1.69951579e-065 1.35218580e-075
  1.61632817e-083 1.45335105e-103 2.34001789e-036 4.75330848e-044
  1.21942542e-062 3.82722141e-078 5.96846835e-095 3.75758967e-027
  1.16394943e-032 1.48603670e-059 3.82214131e-036 1.04123045e-035
  3.01373147e-052 1.67439715e-045 1.35376610e-014 1.00000000e+000
  1.00000000e+000]
 [1.00000000e+000 1.00000000e+000 1.00000000e+000 1.00000000e+000
  1.00000000e+000 1.00000000e+000 1.00000000e+000 1.00000000e+000
  1.00000000e+000 1.00000000e+000 1.00000000e+000 1.00000000e+000
  1.00000000e+000 1.00000000e+000 1.00000000e+000 1.00000000e+000
  1.00000000e+000 1.00000000e+000 1.00000000e+000 1.00000000e+000
  0.00000000e+000]]
