[[1.00000000e+00 1.85664078e-36 3.56590004e-25 ... 4.05565476e-30
  1.26414852e-44 1.00000000e+00]
 [1.85664078e-36 1.00000000e+00 5.23967500e-33 ... 1.51051976e-10
  1.29161181e-53 1.00000000e+00]
 [3.56590004e-25 5.23967500e-33 1.00000000e+00 ... 4.68197227e-10
  1.53119984e-55 1.00000000e+00]
 ...
 [4.05565476e-30 1.51051976e-10 4.68197227e-10 ... 1.00000000e+00
  1.45468131e-44 1.00000000e+00]
 [1.26414852e-44 1.29161181e-53 1.53119984e-55 ... 1.45468131e-44
  1.00000000e+00 1.00000000e+00]
 [1.00000000e+00 1.00000000e+00 1.00000000e+00 ... 1.00000000e+00
  1.00000000e+00 0.00000000e+00]]
