[[1.00000000e+00 1.07810161e-61 5.78978765e-59 ... 3.94310916e-29
  3.10912380e-35 1.00000000e+00]
 [1.07810161e-61 1.00000000e+00 1.22450974e-27 ... 9.77700805e-24
  1.68934251e-32 1.00000000e+00]
 [5.78978765e-59 1.22450974e-27 1.00000000e+00 ... 1.31139046e-21
  6.72008283e-53 1.00000000e+00]
 ...
 [3.94310916e-29 9.77700805e-24 1.31139046e-21 ... 1.00000000e+00
  2.89485637e-53 1.00000000e+00]
 [3.10912380e-35 1.68934251e-32 6.72008283e-53 ... 2.89485637e-53
  1.00000000e+00 1.00000000e+00]
 [1.00000000e+00 1.00000000e+00 1.00000000e+00 ... 1.00000000e+00
  1.00000000e+00 0.00000000e+00]]
