[[1.00000000e+00 2.88661172e-56 1.81017445e-29 ... 3.45398633e-62
  2.11551292e-77 1.00000000e+00]
 [2.88661172e-56 1.00000000e+00 2.58214158e-29 ... 3.02824983e-46
  5.09988646e-44 1.00000000e+00]
 [1.81017445e-29 2.58214158e-29 1.00000000e+00 ... 4.33198692e-77
  7.19711909e-67 1.00000000e+00]
 ...
 [3.45398633e-62 3.02824983e-46 4.33198692e-77 ... 1.00000000e+00
  2.92265788e-43 1.00000000e+00]
 [2.11551292e-77 5.09988646e-44 7.19711909e-67 ... 2.92265788e-43
  1.00000000e+00 1.00000000e+00]
 [1.00000000e+00 1.00000000e+00 1.00000000e+00 ... 1.00000000e+00
  1.00000000e+00 0.00000000e+00]]
