[[1.00000000e+000 7.66898282e-051 6.83985133e-051 4.14297359e-011
  3.92495870e-056 1.80469028e-029 1.13424715e-068 1.28615292e-054
  4.71081624e-062 1.11052315e-043 9.09062479e-051 2.13245092e-048
  7.82626366e-015 7.75123157e-041 1.81323997e-045 7.15858199e-049
  8.83260612e-062 2.98785260e-047 2.38834581e-033 3.44345752e-049
  1.00000000e+000]
 [7.66898282e-051 1.00000000e+000 6.03890938e-027 1.96815684e-033
  3.44851310e-032 1.46666339e-033 9.42271271e-012 1.30120101e-020
  2.51208827e-044 1.37816949e-022 1.36485136e-021 3.19611031e-013
  1.83626505e-031 7.62932841e-023 9.79692316e-017 5.40792556e-046
  1.65905843e-046 1.27327819e-032 3.13220221e-035 2.41790759e-035
  1.00000000e+000]
 [6.83985133e-051 6.03890938e-027 1.00000000e+000 1.09825147e-031
  1.63259260e-032 9.21383920e-027 3.02000232e-020 1.05830132e-060
  1.40786569e-040 2.94975266e-047 2.36597082e-021 4.77753969e-041
  2.77386802e-058 5.18943574e-069 3.77997042e-052 1.04657277e-047
  7.08456542e-047 8.45503502e-028 7.43905036e-019 1.55548344e-032
  1.00000000e+000]
 [4.14297359e-011 1.96815684e-033 1.09825147e-031 1.00000000e+000
  1.63448057e-048 2.97291542e-014 5.80860248e-042 2.89408113e-030
  6.63258128e-034 5.47207030e-042 1.14827368e-043 1.71215109e-040
  1.36175264e-016 1.22044149e-036 2.69245054e-036 3.93599679e-027
  4.76301191e-044 5.36159890e-018 2.75183632e-020 1.38332879e-046
  1.00000000e+000]
 [3.92495870e-056 3.44851310e-032 1.63259260e-032 1.63448057e-048
  1.00000000e+000 3.26778471e-018 5.06418513e-028 3.38791828e-059
  5.71141273e-088 3.10967313e-047 2.24663129e-029 5.32426987e-062
  1.08072977e-069 3.46824745e-077 4.31520829e-076 8.85046377e-076
  8.70762062e-106 1.10356969e-061 1.71811306e-064 2.43676038e-085
  1.00000000e+000]
 [1.80469028e-029 1.46666339e-033 9.21383920e-027 2.97291542e-014
  3.26778471e-018 1.00000000e+000 8.22142048e-027 1.55136514e-035
  4.30472445e-050 1.09407509e-042 2.66648639e-043 1.38570316e-054
  9.55429657e-042 1.78346984e-062 1.66751466e-059 1.25285366e-044
  2.42459951e-070 1.83903100e-024 3.06657867e-035 2.01802006e-073
  1.00000000e+000]
 [1.13424715e-068 9.42271271e-012 3.02000232e-020 5.80860248e-042
  5.06418513e-028 8.22142048e-027 1.00000000e+000 1.01180780e-028
  1.16245228e-038 1.19859102e-023 2.80113995e-040 2.66682285e-025
  4.69272299e-052 3.57697856e-053 7.56332973e-035 4.06675617e-058
  1.08658881e-044 5.07679333e-023 5.70983383e-033 3.67839406e-048
  1.00000000e+000]
 [1.28615292e-054 1.30120101e-020 1.05830132e-060 2.89408113e-030
  3.38791828e-059 1.55136514e-035 1.01180780e-028 1.00000000e+000
  8.55476145e-031 3.95981213e-035 2.35433909e-063 1.72024782e-034
  2.35213084e-025 4.34081448e-020 2.50976833e-022 2.90896645e-032
  1.81534175e-046 1.37980066e-022 4.64437602e-055 1.07168638e-067
  1.00000000e+000]
 [4.71081624e-062 2.51208827e-044 1.40786569e-040 6.63258128e-034
  5.71141273e-088 4.30472445e-050 1.16245228e-038 8.55476145e-031
  1.00000000e+000 6.68738758e-053 2.04799723e-071 1.54126129e-048
  3.05258217e-040 2.50973582e-045 3.87856536e-034 4.25158822e-019
  4.97201173e-013 1.23901103e-008 3.56312220e-035 5.88951493e-041
  1.00000000e+000]
 [1.11052315e-043 1.37816949e-022 2.94975266e-047 5.47207030e-042
  3.10967313e-047 1.09407509e-042 1.19859102e-023 3.95981213e-035
  6.68738758e-053 1.00000000e+000 2.72023600e-060 4.64486145e-010
  1.30162121e-023 6.40283812e-035 8.96730511e-018 1.25665012e-078
  3.40765069e-036 2.16397904e-040 1.43742180e-031 2.96550079e-034
  1.00000000e+000]
 [9.09062479e-051 1.36485136e-021 2.36597082e-021 1.14827368e-043
  2.24663129e-029 2.66648639e-043 2.80113995e-040 2.35433909e-063
  2.04799723e-071 2.72023600e-060 1.00000000e+000 1.50327372e-046
  4.10821611e-057 1.18084704e-048 4.53946789e-052 2.29255078e-048
  3.43058927e-081 3.90727109e-062 2.23900426e-051 2.34693155e-043
  1.00000000e+000]
 [2.13245092e-048 3.19611031e-013 4.77753969e-041 1.71215109e-040
  5.32426987e-062 1.38570316e-054 2.66682285e-025 1.72024782e-034
  1.54126129e-048 4.64486145e-010 1.50327372e-046 1.00000000e+000
  3.20887382e-022 1.04638044e-023 1.12582260e-006 6.66890979e-070
  1.58468988e-028 1.38589682e-039 3.11511464e-024 1.35494088e-018
  1.00000000e+000]
 [7.82626366e-015 1.83626505e-031 2.77386802e-058 1.36175264e-016
  1.08072977e-069 9.55429657e-042 4.69272299e-052 2.35213084e-025
  3.05258217e-040 1.30162121e-023 4.10821611e-057 3.20887382e-022
  1.00000000e+000 5.92964216e-012 4.46860279e-013 8.96570012e-041
  8.91621419e-034 2.10603796e-034 3.32790284e-032 2.29627011e-034
  1.00000000e+000]
 [7.75123157e-041 7.62932841e-023 5.18943574e-069 1.22044149e-036
  3.46824745e-077 1.78346984e-062 3.57697856e-053 4.34081448e-020
  2.50973582e-045 6.40283812e-035 1.18084704e-048 1.04638044e-023
  5.92964216e-012 1.00000000e+000 5.24944266e-009 5.80263090e-037
  5.85179343e-044 4.66469373e-048 1.57602510e-056 9.69182554e-040
  1.00000000e+000]
 [1.81323997e-045 9.79692316e-017 3.77997042e-052 2.69245054e-036
  4.31520829e-076 1.66751466e-059 7.56332973e-035 2.50976833e-022
  3.87856536e-034 8.96730511e-018 4.53946789e-052 1.12582260e-006
  4.46860279e-013 5.24944266e-009 1.00000000e+000 3.04010868e-048
  2.28105155e-021 2.91549984e-034 6.09409689e-033 5.06396156e-021
  1.00000000e+000]
 [7.15858199e-049 5.40792556e-046 1.04657277e-047 3.93599679e-027
  8.85046377e-076 1.25285366e-044 4.06675617e-058 2.90896645e-032
  4.25158822e-019 1.25665012e-078 2.29255078e-048 6.66890979e-070
  8.96570012e-041 5.80263090e-037 3.04010868e-048 1.00000000e+000
  2.62687316e-048 3.74453306e-026 2.81645825e-058 1.21081437e-060
  1.00000000e+000]
 [8.83260612e-062 1.65905843e-046 7.08456542e-047 4.76301191e-044
  8.70762062e-106 2.42459951e-070 1.08658881e-044 1.81534175e-046
  4.97201173e-013 3.40765069e-036 3.43058927e-081 1.58468988e-028
  8.91621419e-034 5.85179343e-044 2.28105155e-021 2.62687316e-048
  1.00000000e+000 2.77468805e-021 2.89331837e-023 6.67423669e-019
  1.00000000e+000]
 [2.98785260e-047 1.27327819e-032 8.45503502e-028 5.36159890e-018
  1.10356969e-061 1.83903100e-024 5.07679333e-023 1.37980066e-022
  1.23901103e-008 2.16397904e-040 3.90727109e-062 1.38589682e-039
  2.10603796e-034 4.66469373e-048 2.91549984e-034 3.74453306e-026
  2.77468805e-021 1.00000000e+000 7.70296267e-021 5.71796547e-046
  1.00000000e+000]
 [2.38834581e-033 3.13220221e-035 7.43905036e-019 2.75183632e-020
  1.71811306e-064 3.06657867e-035 5.70983383e-033 4.64437602e-055
  3.56312220e-035 1.43742180e-031 2.23900426e-051 3.11511464e-024
  3.32790284e-032 1.57602510e-056 6.09409689e-033 2.81645825e-058
  2.89331837e-023 7.70296267e-021 1.00000000e+000 3.44347615e-020
  1.00000000e+000]
 [3.44345752e-049 2.41790759e-035 1.55548344e-032 1.38332879e-046
  2.43676038e-085 2.01802006e-073 3.67839406e-048 1.07168638e-067
  5.88951493e-041 2.96550079e-034 2.34693155e-043 1.35494088e-018
  2.29627011e-034 9.69182554e-040 5.06396156e-021 1.21081437e-060
  6.67423669e-019 5.71796547e-046 3.44347615e-020 1.00000000e+000
  1.00000000e+000]
 [1.00000000e+000 1.00000000e+000 1.00000000e+000 1.00000000e+000
  1.00000000e+000 1.00000000e+000 1.00000000e+000 1.00000000e+000
  1.00000000e+000 1.00000000e+000 1.00000000e+000 1.00000000e+000
  1.00000000e+000 1.00000000e+000 1.00000000e+000 1.00000000e+000
  1.00000000e+000 1.00000000e+000 1.00000000e+000 1.00000000e+000
  0.00000000e+000]]
