[[1.00000000e+00 1.61904897e-65 2.69263971e-43 ... 6.32626758e-46
  2.15237234e-47 1.00000000e+00]
 [1.61904897e-65 1.00000000e+00 1.41961369e-35 ... 3.71486838e-48
  6.87100075e-39 1.00000000e+00]
 [2.69263971e-43 1.41961369e-35 1.00000000e+00 ... 2.14021680e-24
  4.95582385e-47 1.00000000e+00]
 ...
 [6.32626758e-46 3.71486838e-48 2.14021680e-24 ... 1.00000000e+00
  2.83015902e-62 1.00000000e+00]
 [2.15237234e-47 6.87100075e-39 4.95582385e-47 ... 2.83015902e-62
  1.00000000e+00 1.00000000e+00]
 [1.00000000e+00 1.00000000e+00 1.00000000e+00 ... 1.00000000e+00
  1.00000000e+00 0.00000000e+00]]
