[[1.00000000e+00 7.74845075e-38 5.59892108e-46 6.68586039e-67
  1.25100194e-48 6.03194701e-87 9.57724504e-37 1.71454014e-29
  4.01985505e-66 1.06839388e-74 3.62537044e-36 1.64133303e-79
  2.96251268e-36 2.46605437e-55 3.41851958e-77 2.46958154e-14
  5.08707891e-69 6.25963810e-54 2.32734317e-56 3.22932374e-39
  1.00000000e+00]
 [7.74845075e-38 1.00000000e+00 1.76571239e-22 1.52461368e-31
  4.76631122e-40 1.42856992e-41 5.71052426e-19 2.35288475e-22
  1.04709002e-21 7.38585144e-31 1.05620873e-30 1.08104481e-37
  1.13834267e-24 3.70848111e-15 3.46828077e-27 1.99406325e-21
  1.20305704e-20 7.84703208e-16 9.04592996e-07 9.70493911e-19
  1.00000000e+00]
 [5.59892108e-46 1.76571239e-22 1.00000000e+00 5.51306691e-06
  3.36862462e-58 4.91022810e-70 3.62377640e-25 2.58414847e-41
  2.46914326e-51 3.08331386e-69 1.76041307e-37 1.69883035e-11
  1.57629433e-16 2.44375983e-62 4.13965463e-85 3.09659722e-20
  2.47741712e-42 7.71159384e-50 1.23322397e-35 9.13354886e-32
  1.00000000e+00]
 [6.68586039e-67 1.52461368e-31 5.51306691e-06 1.00000000e+00
  3.17806483e-53 2.93089439e-74 1.75946503e-41 8.41291957e-52
  2.09007605e-50 4.34467100e-63 5.24274093e-34 6.79985073e-08
  6.92801552e-20 2.87759237e-72 1.67077487e-90 8.38455332e-31
  5.17375423e-39 4.77463015e-53 2.45025931e-37 5.56377540e-33
  1.00000000e+00]
 [1.25100194e-48 4.76631122e-40 3.36862462e-58 3.17806483e-53
  1.00000000e+00 8.43222601e-41 1.08493660e-78 6.19412726e-23
  1.01234111e-62 1.42509594e-30 2.00332838e-28 6.61155743e-53
  1.60088532e-48 2.84890811e-44 7.10722193e-36 7.63052076e-38
  3.32689095e-61 4.62889326e-24 7.51074257e-45 1.62604139e-48
  1.00000000e+00]
 [6.03194701e-87 1.42856992e-41 4.91022810e-70 2.93089439e-74
  8.43222601e-41 1.00000000e+00 5.64038491e-84 4.53533863e-41
  1.99765014e-79 7.94245826e-34 3.60955285e-71 2.72920755e-59
  1.46648389e-86 8.68717879e-34 2.79519208e-35 9.73998087e-85
  1.71717911e-95 1.73907065e-27 6.78605841e-61 1.45355226e-85
  1.00000000e+00]
 [9.57724504e-37 5.71052426e-19 3.62377640e-25 1.75946503e-41
  1.08493660e-78 5.64038491e-84 1.00000000e+00 4.27247994e-62
  2.34668182e-35 7.37103428e-67 1.54218801e-49 8.65688833e-54
  3.56804760e-14 1.04481434e-56 2.10644107e-79 4.20139628e-24
  3.06740822e-39 1.18155993e-37 1.79701843e-28 8.84541530e-30
  1.00000000e+00]
 [1.71454014e-29 2.35288475e-22 2.58414847e-41 8.41291957e-52
  6.19412726e-23 4.53533863e-41 4.27247994e-62 1.00000000e+00
  1.02381017e-62 3.74805050e-48 2.76267703e-36 6.76735230e-51
  9.69174378e-55 6.91966042e-22 1.00138323e-28 2.98268191e-26
  1.94297544e-56 6.61020575e-36 1.08162397e-37 8.54681638e-43
  1.00000000e+00]
 [4.01985505e-66 1.04709002e-21 2.46914326e-51 2.09007605e-50
  1.01234111e-62 1.99765014e-79 2.34668182e-35 1.02381017e-62
  1.00000000e+00 1.79221997e-21 2.64936074e-22 2.11774060e-77
  1.10516327e-36 1.50508836e-31 2.21900751e-54 3.98719346e-48
  3.54088751e-08 3.92948361e-36 1.45501065e-10 9.21293422e-09
  1.00000000e+00]
 [1.06839388e-74 7.38585144e-31 3.08331386e-69 4.34467100e-63
  1.42509594e-30 7.94245826e-34 7.37103428e-67 3.74805050e-48
  1.79221997e-21 1.00000000e+00 4.91238981e-25 7.84106154e-76
  4.53820182e-59 2.11106116e-22 1.66069025e-31 3.41020883e-66
  3.29438205e-37 6.61367542e-21 3.80009910e-26 1.27226477e-32
  1.00000000e+00]
 [3.62537044e-36 1.05620873e-30 1.76041307e-37 5.24274093e-34
  2.00332838e-28 3.60955285e-71 1.54218801e-49 2.76267703e-36
  2.64936074e-22 4.91238981e-25 1.00000000e+00 1.48695169e-57
  2.01080072e-29 1.70151080e-41 1.71592701e-64 1.06363157e-27
  9.60729243e-26 2.52410336e-42 9.55311565e-29 2.59826283e-09
  1.00000000e+00]
 [1.64133303e-79 1.08104481e-37 1.69883035e-11 6.79985073e-08
  6.61155743e-53 2.72920755e-59 8.65688833e-54 6.76735230e-51
  2.11774060e-77 7.84106154e-76 1.48695169e-57 1.00000000e+00
  1.09586874e-32 4.82322178e-79 2.30863835e-86 2.53427709e-41
  4.99283662e-64 4.41221748e-51 5.06172697e-51 1.27869698e-59
  1.00000000e+00]
 [2.96251268e-36 1.13834267e-24 1.57629433e-16 6.92801552e-20
  1.60088532e-48 1.46648389e-86 3.56804760e-14 9.69174378e-55
  1.10516327e-36 4.53820182e-59 2.01080072e-29 1.09586874e-32
  1.00000000e+00 1.34670904e-68 1.47740934e-81 3.09075632e-12
  1.24938630e-31 1.28266031e-34 8.22845614e-28 5.92035632e-22
  1.00000000e+00]
 [2.46605437e-55 3.70848111e-15 2.44375983e-62 2.87759237e-72
  2.84890811e-44 8.68717879e-34 1.04481434e-56 6.91966042e-22
  1.50508836e-31 2.11106116e-22 1.70151080e-41 4.82322178e-79
  1.34670904e-68 1.00000000e+00 1.07683335e-12 4.39361661e-53
  9.72130111e-39 4.71100903e-26 1.57099442e-20 6.37940602e-36
  1.00000000e+00]
 [3.41851958e-77 3.46828077e-27 4.13965463e-85 1.67077487e-90
  7.10722193e-36 2.79519208e-35 2.10644107e-79 1.00138323e-28
  2.21900751e-54 1.66069025e-31 1.71592701e-64 2.30863835e-86
  1.47740934e-81 1.07683335e-12 1.00000000e+00 5.16188200e-65
  1.09293546e-54 1.75135964e-19 5.53362679e-29 1.03470632e-60
  1.00000000e+00]
 [2.46958154e-14 1.99406325e-21 3.09659722e-20 8.38455332e-31
  7.63052076e-38 9.73998087e-85 4.20139628e-24 2.98268191e-26
  3.98719346e-48 3.41020883e-66 1.06363157e-27 2.53427709e-41
  3.09075632e-12 4.39361661e-53 5.16188200e-65 1.00000000e+00
  2.90121122e-37 2.24900668e-39 2.18047116e-30 7.05956491e-23
  1.00000000e+00]
 [5.08707891e-69 1.20305704e-20 2.47741712e-42 5.17375423e-39
  3.32689095e-61 1.71717911e-95 3.06740822e-39 1.94297544e-56
  3.54088751e-08 3.29438205e-37 9.60729243e-26 4.99283662e-64
  1.24938630e-31 9.72130111e-39 1.09293546e-54 2.90121122e-37
  1.00000000e+00 1.61766273e-42 8.72187318e-07 8.86131881e-08
  1.00000000e+00]
 [6.25963810e-54 7.84703208e-16 7.71159384e-50 4.77463015e-53
  4.62889326e-24 1.73907065e-27 1.18155993e-37 6.61020575e-36
  3.92948361e-36 6.61367542e-21 2.52410336e-42 4.41221748e-51
  1.28266031e-34 4.71100903e-26 1.75135964e-19 2.24900668e-39
  1.61766273e-42 1.00000000e+00 1.16390866e-19 4.57847183e-41
  1.00000000e+00]
 [2.32734317e-56 9.04592996e-07 1.23322397e-35 2.45025931e-37
  7.51074257e-45 6.78605841e-61 1.79701843e-28 1.08162397e-37
  1.45501065e-10 3.80009910e-26 9.55311565e-29 5.06172697e-51
  8.22845614e-28 1.57099442e-20 5.53362679e-29 2.18047116e-30
  8.72187318e-07 1.16390866e-19 1.00000000e+00 6.48147767e-13
  1.00000000e+00]
 [3.22932374e-39 9.70493911e-19 9.13354886e-32 5.56377540e-33
  1.62604139e-48 1.45355226e-85 8.84541530e-30 8.54681638e-43
  9.21293422e-09 1.27226477e-32 2.59826283e-09 1.27869698e-59
  5.92035632e-22 6.37940602e-36 1.03470632e-60 7.05956491e-23
  8.86131881e-08 4.57847183e-41 6.48147767e-13 1.00000000e+00
  1.00000000e+00]
 [1.00000000e+00 1.00000000e+00 1.00000000e+00 1.00000000e+00
  1.00000000e+00 1.00000000e+00 1.00000000e+00 1.00000000e+00
  1.00000000e+00 1.00000000e+00 1.00000000e+00 1.00000000e+00
  1.00000000e+00 1.00000000e+00 1.00000000e+00 1.00000000e+00
  1.00000000e+00 1.00000000e+00 1.00000000e+00 1.00000000e+00
  0.00000000e+00]]
