[[1.00000000e+000 6.94565079e-039 1.94249091e-038 1.27184539e-061
  3.21117840e-039 2.64004645e-053 1.02251459e-013 5.45862965e-013
  7.79696186e-035 8.45769094e-061 5.11007618e-020 2.08414949e-041
  1.35091626e-046 1.11489637e-031 3.65944419e-056 9.38342822e-053
  1.15138612e-040 1.99915265e-088 4.79562627e-038 4.50924525e-042
  1.00000000e+000]
 [6.94565079e-039 1.00000000e+000 1.71394189e-041 8.85688138e-027
  9.83317751e-051 9.14292275e-032 3.11830016e-027 2.97486395e-027
  2.96776814e-069 7.15704011e-017 6.83324482e-058 8.78559250e-012
  1.88519639e-035 8.63311518e-051 4.23787123e-044 8.46904282e-039
  1.34117298e-038 1.20655640e-080 5.13562681e-031 1.59219806e-051
  1.00000000e+000]
 [1.94249091e-038 1.71394189e-041 1.00000000e+000 4.87888109e-018
  4.15363626e-044 2.03334354e-045 5.55131499e-019 1.99444526e-037
  4.62238902e-065 9.21972286e-025 1.27995201e-056 1.10152512e-050
  7.80060198e-030 4.04190043e-050 5.29569942e-017 8.57983879e-030
  9.10734535e-054 3.30213492e-037 8.39726229e-040 1.12555030e-040
  1.00000000e+000]
 [1.27184539e-061 8.85688138e-027 4.87888109e-018 1.00000000e+000
  2.28349602e-058 2.11315563e-019 1.75264794e-023 3.00264593e-057
  1.52405882e-069 8.73460275e-018 6.26528604e-073 4.82579835e-045
  2.91698296e-013 2.11283665e-054 3.64620267e-027 9.52286158e-039
  9.74323420e-050 2.09518598e-032 2.65932663e-029 2.37779499e-032
  1.00000000e+000]
 [3.21117840e-039 9.83317751e-051 4.15363626e-044 2.28349602e-058
  1.00000000e+000 2.61474581e-053 9.94949912e-031 1.24326528e-020
  5.89048579e-057 5.06629570e-038 4.06038330e-089 4.46928035e-053
  4.19215421e-042 1.87653497e-053 2.08621726e-085 4.92960134e-035
  6.01321907e-053 9.04853058e-106 5.89246644e-019 4.18946939e-093
  1.00000000e+000]
 [2.64004645e-053 9.14292275e-032 2.03334354e-045 2.11315563e-019
  2.61474581e-053 1.00000000e+000 2.75174678e-021 3.26705623e-061
  1.67296461e-069 1.81983855e-044 6.21606517e-054 1.99248713e-061
  2.31764223e-017 1.71236871e-067 1.34653694e-071 3.00985227e-062
  2.54379265e-035 1.52227012e-071 5.95378867e-023 6.29296119e-040
  1.00000000e+000]
 [1.02251459e-013 3.11830016e-027 5.55131499e-019 1.75264794e-023
  9.94949912e-031 2.75174678e-021 1.00000000e+000 1.70955399e-023
  1.28109708e-026 1.23923431e-036 7.09469653e-027 7.08961956e-034
  6.18779763e-016 1.43536894e-026 2.60731434e-034 8.47510765e-030
  4.74362646e-022 3.49088352e-044 1.92622442e-013 4.73219019e-020
  1.00000000e+000]
 [5.45862965e-013 2.97486395e-027 1.99444526e-037 3.00264593e-057
  1.24326528e-020 3.26705623e-061 1.70955399e-023 1.00000000e+000
  1.04482018e-044 2.04617113e-033 1.62949175e-056 4.94348931e-026
  7.85905197e-045 5.88520287e-030 2.12208712e-057 5.60042667e-040
  1.74754002e-054 1.39475865e-099 3.46175849e-032 3.61674705e-067
  1.00000000e+000]
 [7.79696186e-035 2.96776814e-069 4.62238902e-065 1.52405882e-069
  5.89048579e-057 1.67296461e-069 1.28109708e-026 1.04482018e-044
  1.00000000e+000 2.14319438e-082 1.34293646e-068 1.30184126e-052
  2.07253932e-035 2.70590792e-009 1.67632630e-065 7.10106734e-058
  1.37510775e-058 1.23046638e-056 1.31474783e-029 2.41596939e-032
  1.00000000e+000]
 [8.45769094e-061 7.15704011e-017 9.21972286e-025 8.73460275e-018
  5.06629570e-038 1.81983855e-044 1.23923431e-036 2.04617113e-033
  2.14319438e-082 1.00000000e+000 4.77484821e-098 6.39873125e-026
  1.65376165e-031 1.02573698e-056 1.67362478e-036 6.74385165e-028
  5.56571251e-062 2.06748502e-067 1.10123076e-032 1.65123267e-070
  1.00000000e+000]
 [5.11007618e-020 6.83324482e-058 1.27995201e-056 6.26528604e-073
  4.06038330e-089 6.21606517e-054 7.09469653e-027 1.62949175e-056
  1.34293646e-068 4.77484821e-098 1.00000000e+000 2.75897059e-071
  9.57696145e-072 7.82555025e-075 2.16367465e-067 3.35938223e-080
  1.09594555e-035 6.00353839e-094 4.33671674e-067 5.18035777e-038
  1.00000000e+000]
 [2.08414949e-041 8.78559250e-012 1.10152512e-050 4.82579835e-045
  4.46928035e-053 1.99248713e-061 7.08961956e-034 4.94348931e-026
  1.30184126e-052 6.39873125e-026 2.75897059e-071 1.00000000e+000
  6.17797415e-050 4.59218530e-040 3.31566033e-038 2.96114499e-024
  1.34564939e-038 8.47774668e-073 2.03508958e-032 3.30326575e-057
  1.00000000e+000]
 [1.35091626e-046 1.88519639e-035 7.80060198e-030 2.91698296e-013
  4.19215421e-042 2.31764223e-017 6.18779763e-016 7.85905197e-045
  2.07253932e-035 1.65376165e-031 9.57696145e-072 6.17797415e-050
  1.00000000e+000 1.36786962e-026 3.24454892e-047 6.32040309e-050
  1.49022152e-054 2.63517538e-041 7.61387529e-016 4.84594765e-026
  1.00000000e+000]
 [1.11489637e-031 8.63311518e-051 4.04190043e-050 2.11283665e-054
  1.87653497e-053 1.71236871e-067 1.43536894e-026 5.88520287e-030
  2.70590792e-009 1.02573698e-056 7.82555025e-075 4.59218530e-040
  1.36786962e-026 1.00000000e+000 7.53894602e-050 1.11398929e-057
  3.05811918e-074 2.89293306e-056 1.68089889e-033 3.65844247e-032
  1.00000000e+000]
 [3.65944419e-056 4.23787123e-044 5.29569942e-017 3.64620267e-027
  2.08621726e-085 1.34653694e-071 2.60731434e-034 2.12208712e-057
  1.67632630e-065 1.67362478e-036 2.16367465e-067 3.31566033e-038
  3.24454892e-047 7.53894602e-050 1.00000000e+000 1.79357455e-031
  1.38477323e-060 2.71396708e-020 2.07850421e-058 4.43202871e-032
  1.00000000e+000]
 [9.38342822e-053 8.46904282e-039 8.57983879e-030 9.52286158e-039
  4.92960134e-035 3.00985227e-062 8.47510765e-030 5.60042667e-040
  7.10106734e-058 6.74385165e-028 3.35938223e-080 2.96114499e-024
  6.32040309e-050 1.11398929e-057 1.79357455e-031 1.00000000e+000
  1.60654395e-027 6.08847028e-048 2.69575629e-024 2.15913354e-065
  1.00000000e+000]
 [1.15138612e-040 1.34117298e-038 9.10734535e-054 9.74323420e-050
  6.01321907e-053 2.54379265e-035 4.74362646e-022 1.74754002e-054
  1.37510775e-058 5.56571251e-062 1.09594555e-035 1.34564939e-038
  1.49022152e-054 3.05811918e-074 1.38477323e-060 1.60654395e-027
  1.00000000e+000 5.59782816e-070 1.23732621e-024 6.20710710e-050
  1.00000000e+000]
 [1.99915265e-088 1.20655640e-080 3.30213492e-037 2.09518598e-032
  9.04853058e-106 1.52227012e-071 3.49088352e-044 1.39475865e-099
  1.23046638e-056 2.06748502e-067 6.00353839e-094 8.47774668e-073
  2.63517538e-041 2.89293306e-056 2.71396708e-020 6.08847028e-048
  5.59782816e-070 1.00000000e+000 1.62396120e-057 9.30874799e-026
  1.00000000e+000]
 [4.79562627e-038 5.13562681e-031 8.39726229e-040 2.65932663e-029
  5.89246644e-019 5.95378867e-023 1.92622442e-013 3.46175849e-032
  1.31474783e-029 1.10123076e-032 4.33671674e-067 2.03508958e-032
  7.61387529e-016 1.68089889e-033 2.07850421e-058 2.69575629e-024
  1.23732621e-024 1.62396120e-057 1.00000000e+000 7.15411738e-045
  1.00000000e+000]
 [4.50924525e-042 1.59219806e-051 1.12555030e-040 2.37779499e-032
  4.18946939e-093 6.29296119e-040 4.73219019e-020 3.61674705e-067
  2.41596939e-032 1.65123267e-070 5.18035777e-038 3.30326575e-057
  4.84594765e-026 3.65844247e-032 4.43202871e-032 2.15913354e-065
  6.20710710e-050 9.30874799e-026 7.15411738e-045 1.00000000e+000
  1.00000000e+000]
 [1.00000000e+000 1.00000000e+000 1.00000000e+000 1.00000000e+000
  1.00000000e+000 1.00000000e+000 1.00000000e+000 1.00000000e+000
  1.00000000e+000 1.00000000e+000 1.00000000e+000 1.00000000e+000
  1.00000000e+000 1.00000000e+000 1.00000000e+000 1.00000000e+000
  1.00000000e+000 1.00000000e+000 1.00000000e+000 1.00000000e+000
  0.00000000e+000]]
