[[1.00000000e+000 6.98476659e-054 7.77611213e-066 1.35381667e-022
  1.75007278e-026 3.58758169e-055 2.53421687e-021 7.05063135e-048
  1.41584181e-009 9.09066678e-008 7.01659433e-024 1.64169291e-015
  7.33963505e-024 5.43907368e-049 5.02407319e-063 1.30422161e-069
  9.88309014e-014 1.14847597e-056 7.65121458e-034 4.51923777e-053
  1.00000000e+000]
 [6.98476659e-054 1.00000000e+000 1.66067240e-054 4.44624612e-066
  1.37110479e-040 1.33560101e-023 1.80552710e-045 1.16596048e-066
  1.36872721e-040 1.96396479e-058 2.28694013e-032 8.45317979e-021
  2.08524984e-052 1.15464094e-028 2.70584374e-040 3.06979627e-081
  1.42559745e-033 1.62549966e-023 1.94487726e-053 1.10926571e-021
  1.00000000e+000]
 [7.77611213e-066 1.66067240e-054 1.00000000e+000 2.41459103e-050
  2.05713176e-026 9.62020525e-011 2.84603492e-047 2.34528610e-040
  2.01582428e-052 5.97415773e-056 4.86246905e-041 1.73948848e-052
  4.03276790e-090 1.10631674e-052 4.82526609e-040 1.74208194e-022
  3.26981899e-048 1.41224551e-031 8.35929083e-046 1.41582639e-040
  1.00000000e+000]
 [1.35381667e-022 4.44624612e-066 2.41459103e-050 1.00000000e+000
  2.55571497e-024 1.59197806e-047 2.97103486e-041 2.11988907e-047
  2.28481027e-030 1.84900676e-042 1.89093513e-035 2.75808191e-038
  7.82643448e-055 1.08461741e-057 6.82340977e-074 6.39142857e-081
  1.83339350e-037 3.52678007e-058 6.91477382e-049 2.69079254e-077
  1.00000000e+000]
 [1.75007278e-026 1.37110479e-040 2.05713176e-026 2.55571497e-024
  1.00000000e+000 3.09891375e-022 7.18842726e-045 7.48731434e-048
  2.20842624e-026 8.68563663e-027 9.15853156e-024 4.70204715e-022
  5.69114947e-074 1.97095608e-048 2.13120389e-057 5.27307035e-029
  4.03992555e-035 6.77448393e-051 3.71313530e-037 5.81365847e-032
  1.00000000e+000]
 [3.58758169e-055 1.33560101e-023 9.62020525e-011 1.59197806e-047
  3.09891375e-022 1.00000000e+000 3.53653840e-036 1.06961815e-055
  9.08296616e-044 3.45776551e-050 3.97715110e-020 2.73825845e-030
  1.23393596e-069 1.76229042e-036 1.37841939e-038 1.52465927e-036
  7.62292722e-034 2.14373983e-015 1.48524742e-046 1.79327312e-028
  1.00000000e+000]
 [2.53421687e-021 1.80552710e-045 2.84603492e-047 2.97103486e-041
  7.18842726e-045 3.53653840e-036 1.00000000e+000 5.48787739e-054
  1.59913969e-013 2.28366271e-019 2.69778539e-015 5.13684115e-017
  3.64027688e-014 3.29664095e-024 1.00445249e-031 3.39486166e-062
  5.82983276e-003 4.06859755e-030 7.05997477e-023 4.65582475e-043
  1.00000000e+000]
 [7.05063135e-048 1.16596048e-066 2.34528610e-040 2.11988907e-047
  7.48731434e-048 1.06961815e-055 5.48787739e-054 1.00000000e+000
  3.43940021e-040 5.27461891e-052 1.43224038e-077 2.20181025e-061
  7.22241951e-060 2.22589088e-062 3.63852191e-039 1.46533755e-067
  3.70093312e-048 7.27868695e-051 3.50862145e-043 5.83398343e-055
  1.00000000e+000]
 [1.41584181e-009 1.36872721e-040 2.01582428e-052 2.28481027e-030
  2.20842624e-026 9.08296616e-044 1.59913969e-013 3.43940021e-040
  1.00000000e+000 8.51500537e-012 1.89730373e-023 1.83520601e-008
  2.58618485e-024 1.71761943e-019 8.10900906e-029 1.76865612e-052
  3.79086121e-007 6.31974715e-051 2.13473733e-009 1.41871039e-027
  1.00000000e+000]
 [9.09066678e-008 1.96396479e-058 5.97415773e-056 1.84900676e-042
  8.68563663e-027 3.45776551e-050 2.28366271e-019 5.27461891e-052
  8.51500537e-012 1.00000000e+000 1.10019472e-022 1.42440731e-016
  9.23785155e-033 1.86114990e-050 1.77172475e-056 2.89052797e-044
  2.70117865e-013 1.53244756e-057 3.94104709e-029 3.33910516e-041
  1.00000000e+000]
 [7.01659433e-024 2.28694013e-032 4.86246905e-041 1.89093513e-035
  9.15853156e-024 3.97715110e-020 2.69778539e-015 1.43224038e-077
  1.89730373e-023 1.10019472e-022 1.00000000e+000 1.53035097e-010
  2.66262746e-038 3.23073140e-034 1.23665434e-054 1.19703798e-052
  4.39476688e-013 6.07568998e-030 7.65341332e-040 5.87387173e-040
  1.00000000e+000]
 [1.64169291e-015 8.45317979e-021 1.73948848e-052 2.75808191e-038
  4.70204715e-022 2.73825845e-030 5.13684115e-017 2.20181025e-061
  1.83520601e-008 1.42440731e-016 1.53035097e-010 1.00000000e+000
  1.06873765e-029 3.74328928e-019 2.94186878e-037 1.58673949e-054
  2.13181877e-008 1.80365492e-039 2.18104038e-022 1.26104761e-020
  1.00000000e+000]
 [7.33963505e-024 2.08524984e-052 4.03276790e-090 7.82643448e-055
  5.69114947e-074 1.23393596e-069 3.64027688e-014 7.22241951e-060
  2.58618485e-024 9.23785155e-033 2.66262746e-038 1.06873765e-029
  1.00000000e+000 3.68115452e-044 6.92276621e-054 8.16758609e-117
  2.22887141e-012 2.84801702e-041 9.99862177e-048 1.70795220e-068
  1.00000000e+000]
 [5.43907368e-049 1.15464094e-028 1.10631674e-052 1.08461741e-057
  1.97095608e-048 1.76229042e-036 3.29664095e-024 2.22589088e-062
  1.71761943e-019 1.86114990e-050 3.23073140e-034 3.74328928e-019
  3.68115452e-044 1.00000000e+000 4.70532534e-011 1.19629374e-065
  1.62036684e-020 9.11732867e-046 7.58015218e-013 2.45208821e-020
  1.00000000e+000]
 [5.02407319e-063 2.70584374e-040 4.82526609e-040 6.82340977e-074
  2.13120389e-057 1.37841939e-038 1.00445249e-031 3.63852191e-039
  8.10900906e-029 1.77172475e-056 1.23665434e-054 2.94186878e-037
  6.92276621e-054 4.70532534e-011 1.00000000e+000 1.01013864e-053
  9.56478985e-030 1.26394337e-043 9.57771862e-014 4.50603258e-019
  1.00000000e+000]
 [1.30422161e-069 3.06979627e-081 1.74208194e-022 6.39142857e-081
  5.27307035e-029 1.52465927e-036 3.39486166e-062 1.46533755e-067
  1.76865612e-052 2.89052797e-044 1.19703798e-052 1.58673949e-054
  8.16758609e-117 1.19629374e-065 1.01013864e-053 1.00000000e+000
  6.55284151e-059 7.72168043e-078 2.94077677e-040 4.89413551e-034
  1.00000000e+000]
 [9.88309014e-014 1.42559745e-033 3.26981899e-048 1.83339350e-037
  4.03992555e-035 7.62292722e-034 5.82983276e-003 3.70093312e-048
  3.79086121e-007 2.70117865e-013 4.39476688e-013 2.13181877e-008
  2.22887141e-012 1.62036684e-020 9.56478985e-030 6.55284151e-059
  1.00000000e+000 6.43296341e-030 2.34046457e-019 4.25779363e-032
  1.00000000e+000]
 [1.14847597e-056 1.62549966e-023 1.41224551e-031 3.52678007e-058
  6.77448393e-051 2.14373983e-015 4.06859755e-030 7.27868695e-051
  6.31974715e-051 1.53244756e-057 6.07568998e-030 1.80365492e-039
  2.84801702e-041 9.11732867e-046 1.26394337e-043 7.72168043e-078
  6.43296341e-030 1.00000000e+000 9.57732176e-064 4.85219172e-048
  1.00000000e+000]
 [7.65121458e-034 1.94487726e-053 8.35929083e-046 6.91477382e-049
  3.71313530e-037 1.48524742e-046 7.05997477e-023 3.50862145e-043
  2.13473733e-009 3.94104709e-029 7.65341332e-040 2.18104038e-022
  9.99862177e-048 7.58015218e-013 9.57771862e-014 2.94077677e-040
  2.34046457e-019 9.57732176e-064 1.00000000e+000 2.34542752e-022
  1.00000000e+000]
 [4.51923777e-053 1.10926571e-021 1.41582639e-040 2.69079254e-077
  5.81365847e-032 1.79327312e-028 4.65582475e-043 5.83398343e-055
  1.41871039e-027 3.33910516e-041 5.87387173e-040 1.26104761e-020
  1.70795220e-068 2.45208821e-020 4.50603258e-019 4.89413551e-034
  4.25779363e-032 4.85219172e-048 2.34542752e-022 1.00000000e+000
  1.00000000e+000]
 [1.00000000e+000 1.00000000e+000 1.00000000e+000 1.00000000e+000
  1.00000000e+000 1.00000000e+000 1.00000000e+000 1.00000000e+000
  1.00000000e+000 1.00000000e+000 1.00000000e+000 1.00000000e+000
  1.00000000e+000 1.00000000e+000 1.00000000e+000 1.00000000e+000
  1.00000000e+000 1.00000000e+000 1.00000000e+000 1.00000000e+000
  0.00000000e+000]]
