[[1.00000000e+000 5.10491228e-093 2.37623917e-017 3.07315535e-019
  3.25783911e-017 4.22501407e-039 6.16903029e-019 1.00571346e-095
  1.26201037e-048 9.39035141e-054 1.57071932e-025 9.50990701e-038
  3.30718000e-054 1.44803352e-057 5.00909366e-030 6.80198262e-036
  1.42774875e-029 1.26863688e-032 3.79496551e-042 3.81587025e-046
  1.00000000e+000]
 [5.10491228e-093 1.00000000e+000 2.10499393e-096 1.01848783e-080
  7.04448058e-101 1.80274923e-048 1.60891281e-090 6.46939767e-067
  8.82410892e-060 4.02541780e-032 9.17804566e-090 1.56778383e-110
  2.56753220e-025 2.70007707e-048 3.39791210e-089 2.73609498e-081
  7.33735307e-038 1.07159365e-099 1.14041655e-114 1.36586018e-091
  1.00000000e+000]
 [2.37623917e-017 2.10499393e-096 1.00000000e+000 1.91126987e-035
  5.19666085e-029 8.13616499e-053 7.29670758e-023 2.07288652e-070
  2.73954291e-077 1.62482260e-062 6.18800055e-051 6.06529439e-050
  1.18415209e-065 1.99331885e-057 4.22718710e-033 1.84033002e-035
  5.51959806e-038 7.84232655e-026 2.31242938e-066 4.20594784e-027
  1.00000000e+000]
 [3.07315535e-019 1.01848783e-080 1.91126987e-035 1.00000000e+000
  9.50673798e-043 8.12765796e-078 2.68354417e-024 2.75256494e-118
  7.02648668e-091 3.74903896e-071 7.83481789e-044 3.35108991e-033
  1.27521982e-038 3.63045934e-080 2.37484008e-053 1.00591204e-051
  1.04802414e-012 1.40987746e-063 6.68318668e-043 1.05526632e-071
  1.00000000e+000]
 [3.25783911e-017 7.04448058e-101 5.19666085e-029 9.50673798e-043
  1.00000000e+000 8.68637832e-036 1.51075034e-014 2.37841781e-061
  1.51175828e-046 6.22211294e-035 1.04205828e-019 3.13947253e-020
  1.68752252e-049 3.94416185e-034 1.30200414e-006 8.12044323e-015
  1.07809909e-044 1.29063005e-020 7.55486703e-025 4.56119188e-027
  1.00000000e+000]
 [4.22501407e-039 1.80274923e-048 8.13616499e-053 8.12765796e-078
  8.68637832e-036 1.00000000e+000 5.67941448e-054 7.28036601e-051
  7.34016093e-007 1.98893719e-014 9.12494352e-042 1.34113149e-081
  4.66498009e-048 9.45189460e-021 2.38908360e-034 5.84086407e-044
  1.90961754e-052 1.72490915e-043 2.18834761e-076 5.49450474e-049
  1.00000000e+000]
 [6.16903029e-019 1.60891281e-090 7.29670758e-023 2.68354417e-024
  1.51075034e-014 5.67941448e-054 1.00000000e+000 1.71802348e-059
  9.69004069e-071 2.00534182e-040 4.20264187e-048 2.05170644e-016
  1.25358758e-051 3.49056139e-056 2.52096981e-011 1.75953731e-018
  2.21534671e-021 2.84949891e-037 3.72972963e-014 1.57037779e-043
  1.00000000e+000]
 [1.00571346e-095 6.46939767e-067 2.07288652e-070 2.75256494e-118
  2.37841781e-061 7.28036601e-051 1.71802348e-059 1.00000000e+000
  1.61900698e-068 1.21271417e-026 4.53459060e-098 1.53987557e-074
  2.79103981e-071 1.48105508e-044 9.33835610e-039 5.95853547e-030
  2.86449762e-071 2.35642317e-047 2.61569444e-078 6.50401405e-038
  1.00000000e+000]
 [1.26201037e-048 8.82410892e-060 2.73954291e-077 7.02648668e-091
  1.51175828e-046 7.34016093e-007 9.69004069e-071 1.61900698e-068
  1.00000000e+000 3.31037772e-024 1.21655920e-042 1.48518845e-088
  5.99395639e-060 2.90284989e-039 1.82888326e-050 2.13497509e-051
  2.82328773e-066 5.27685850e-051 1.30746108e-080 1.35544506e-064
  1.00000000e+000]
 [9.39035141e-054 4.02541780e-032 1.62482260e-062 3.74903896e-071
  6.22211294e-035 1.98893719e-014 2.00534182e-040 1.21271417e-026
  3.31037772e-024 1.00000000e+000 1.13302945e-050 8.83126434e-058
  8.21382124e-029 1.45664999e-015 5.36597496e-023 9.23834782e-030
  1.48550491e-036 4.80792715e-050 1.13197038e-050 1.85192335e-048
  1.00000000e+000]
 [1.57071932e-025 9.17804566e-090 6.18800055e-051 7.83481789e-044
  1.04205828e-019 9.12494352e-042 4.20264187e-048 4.53459060e-098
  1.21655920e-042 1.13302945e-050 1.00000000e+000 3.88784172e-037
  1.55471604e-034 4.51790555e-038 1.78645549e-040 3.62766462e-035
  5.51045130e-054 7.24412386e-029 5.64842349e-057 3.73852918e-036
  1.00000000e+000]
 [9.50990701e-038 1.56778383e-110 6.06529439e-050 3.35108991e-033
  3.13947253e-020 1.34113149e-081 2.05170644e-016 1.53987557e-074
  1.48518845e-088 8.83126434e-058 3.88784172e-037 1.00000000e+000
  1.10882708e-049 5.77544368e-071 1.41559732e-025 1.24468988e-014
  6.12481472e-038 1.66807171e-035 1.57002511e-011 2.17315607e-042
  1.00000000e+000]
 [3.30718000e-054 2.56753220e-025 1.18415209e-065 1.27521982e-038
  1.68752252e-049 4.66498009e-048 1.25358758e-051 2.79103981e-071
  5.99395639e-060 8.21382124e-029 1.55471604e-034 1.10882708e-049
  1.00000000e+000 7.35093202e-027 5.44995385e-051 2.93542462e-046
  2.77005674e-023 1.66992756e-062 3.40423362e-065 4.55956298e-055
  1.00000000e+000]
 [1.44803352e-057 2.70007707e-048 1.99331885e-057 3.63045934e-080
  3.94416185e-034 9.45189460e-021 3.49056139e-056 1.48105508e-044
  2.90284989e-039 1.45664999e-015 4.51790555e-038 5.77544368e-071
  7.35093202e-027 1.00000000e+000 8.87155444e-030 4.10859825e-043
  8.57880754e-057 3.74848636e-048 1.98497062e-080 3.69118120e-037
  1.00000000e+000]
 [5.00909366e-030 3.39791210e-089 4.22718710e-033 2.37484008e-053
  1.30200414e-006 2.38908360e-034 2.52096981e-011 9.33835610e-039
  1.82888326e-050 5.36597496e-023 1.78645549e-040 1.41559732e-025
  5.44995385e-051 8.87155444e-030 1.00000000e+000 9.35834634e-014
  1.17927450e-041 1.23921574e-029 1.68830765e-022 1.53986931e-031
  1.00000000e+000]
 [6.80198262e-036 2.73609498e-081 1.84033002e-035 1.00591204e-051
  8.12044323e-015 5.84086407e-044 1.75953731e-018 5.95853547e-030
  2.13497509e-051 9.23834782e-030 3.62766462e-035 1.24468988e-014
  2.93542462e-046 4.10859825e-043 9.35834634e-014 1.00000000e+000
  4.74386361e-039 5.47460822e-012 1.37665403e-024 4.57190173e-016
  1.00000000e+000]
 [1.42774875e-029 7.33735307e-038 5.51959806e-038 1.04802414e-012
  1.07809909e-044 1.90961754e-052 2.21534671e-021 2.86449762e-071
  2.82328773e-066 1.48550491e-036 5.51045130e-054 6.12481472e-038
  2.77005674e-023 8.57880754e-057 1.17927450e-041 4.74386361e-039
  1.00000000e+000 7.27125856e-060 1.61144694e-039 4.26808724e-063
  1.00000000e+000]
 [1.26863688e-032 1.07159365e-099 7.84232655e-026 1.40987746e-063
  1.29063005e-020 1.72490915e-043 2.84949891e-037 2.35642317e-047
  5.27685850e-051 4.80792715e-050 7.24412386e-029 1.66807171e-035
  1.66992756e-062 3.74848636e-048 1.23921574e-029 5.47460822e-012
  7.27125856e-060 1.00000000e+000 2.13970101e-058 1.46913017e-005
  1.00000000e+000]
 [3.79496551e-042 1.14041655e-114 2.31242938e-066 6.68318668e-043
  7.55486703e-025 2.18834761e-076 3.72972963e-014 2.61569444e-078
  1.30746108e-080 1.13197038e-050 5.64842349e-057 1.57002511e-011
  3.40423362e-065 1.98497062e-080 1.68830765e-022 1.37665403e-024
  1.61144694e-039 2.13970101e-058 1.00000000e+000 1.21629470e-071
  1.00000000e+000]
 [3.81587025e-046 1.36586018e-091 4.20594784e-027 1.05526632e-071
  4.56119188e-027 5.49450474e-049 1.57037779e-043 6.50401405e-038
  1.35544506e-064 1.85192335e-048 3.73852918e-036 2.17315607e-042
  4.55956298e-055 3.69118120e-037 1.53986931e-031 4.57190173e-016
  4.26808724e-063 1.46913017e-005 1.21629470e-071 1.00000000e+000
  1.00000000e+000]
 [1.00000000e+000 1.00000000e+000 1.00000000e+000 1.00000000e+000
  1.00000000e+000 1.00000000e+000 1.00000000e+000 1.00000000e+000
  1.00000000e+000 1.00000000e+000 1.00000000e+000 1.00000000e+000
  1.00000000e+000 1.00000000e+000 1.00000000e+000 1.00000000e+000
  1.00000000e+000 1.00000000e+000 1.00000000e+000 1.00000000e+000
  0.00000000e+000]]
