[[1.00000000e+00 2.60396349e-12 2.23147421e-87 ... 1.38908711e-44
  9.93311237e-57 1.00000000e+00]
 [2.60396349e-12 1.00000000e+00 2.75054547e-54 ... 9.62760336e-25
  9.94147482e-29 1.00000000e+00]
 [2.23147421e-87 2.75054547e-54 1.00000000e+00 ... 1.26345634e-43
  3.51234012e-46 1.00000000e+00]
 ...
 [1.38908711e-44 9.62760336e-25 1.26345634e-43 ... 1.00000000e+00
  1.01062775e-61 1.00000000e+00]
 [9.93311237e-57 9.94147482e-29 3.51234012e-46 ... 1.01062775e-61
  1.00000000e+00 1.00000000e+00]
 [1.00000000e+00 1.00000000e+00 1.00000000e+00 ... 1.00000000e+00
  1.00000000e+00 0.00000000e+00]]
