[[1.00000000e+000 1.53101073e-067 2.51601446e-060 3.68845268e-016
  4.83413100e-055 7.33729222e-051 3.63267003e-050 4.89391752e-086
  1.10481853e-023 8.76187561e-040 2.45480164e-030 2.68932727e-013
  1.27251404e-058 4.79929157e-042 6.30388281e-068 7.18912782e-034
  7.35853152e-073 9.04113877e-033 1.84181821e-020 9.89821665e-027
  1.00000000e+000]
 [1.53101073e-067 1.00000000e+000 6.66486098e-051 1.77754745e-033
  1.13068481e-035 8.28218226e-047 7.77355435e-028 4.49474753e-025
  3.05147845e-037 1.86572690e-084 4.82134603e-034 2.47619752e-064
  3.75710590e-027 4.10621206e-025 6.63527763e-009 1.16836264e-022
  3.44514918e-028 7.22373595e-027 1.25667427e-091 8.02595603e-020
  1.00000000e+000]
 [2.51601446e-060 6.66486098e-051 1.00000000e+000 5.12784763e-043
  1.68300891e-056 1.30681957e-012 9.87902473e-047 4.10523713e-061
  1.13397947e-051 2.85753901e-015 2.06916992e-061 6.90479321e-050
  1.40776636e-019 2.96306928e-012 5.66288537e-049 5.18624578e-065
  2.24650685e-063 2.27006204e-025 1.49410718e-035 3.91060975e-050
  1.00000000e+000]
 [3.68845268e-016 1.77754745e-033 5.12784763e-043 1.00000000e+000
  8.49225026e-031 6.28590180e-043 6.66455679e-023 1.25581067e-044
  1.62620062e-020 5.69577609e-045 1.50573054e-035 1.37574032e-029
  2.82911411e-035 3.87699517e-023 6.67027558e-044 1.07110976e-021
  2.16164827e-024 5.34680358e-016 2.74641741e-045 1.98997216e-005
  1.00000000e+000]
 [4.83413100e-055 1.13068481e-035 1.68300891e-056 8.49225026e-031
  1.00000000e+000 5.30240704e-072 3.48086490e-060 6.22940148e-017
  6.16676977e-026 7.42456277e-082 2.51407166e-075 8.88981242e-081
  2.44351720e-059 8.27878879e-022 2.95666220e-055 1.97919475e-039
  6.49615181e-024 1.47265397e-028 2.15402202e-078 9.79877876e-038
  1.00000000e+000]
 [7.33729222e-051 8.28218226e-047 1.30681957e-012 6.28590180e-043
  5.30240704e-072 1.00000000e+000 5.52761455e-038 6.31754591e-063
  8.02344692e-063 3.34448394e-020 8.74455321e-034 9.54119902e-034
  1.49796982e-008 3.55385117e-019 4.80620907e-046 2.78256406e-047
  5.70849731e-083 4.45275925e-036 1.03192803e-028 2.68737232e-041
  1.00000000e+000]
 [3.63267003e-050 7.77355435e-028 9.87902473e-047 6.66455679e-023
  3.48086490e-060 5.52761455e-038 1.00000000e+000 1.71477881e-056
  1.49724331e-057 6.37357713e-071 6.60200291e-030 3.34580499e-059
  6.35636630e-035 2.14504084e-027 1.00659563e-044 1.35642350e-047
  1.43910779e-043 4.18245219e-046 1.13505511e-073 4.04792856e-019
  1.00000000e+000]
 [4.89391752e-086 4.49474753e-025 4.10523713e-061 1.25581067e-044
  6.22940148e-017 6.31754591e-063 1.71477881e-056 1.00000000e+000
  8.15113015e-059 2.09781865e-099 3.90894987e-078 8.65771271e-099
  1.56662442e-039 5.41660379e-028 2.83615510e-051 1.17850148e-034
  2.77031764e-028 2.20260438e-042 1.79363916e-106 4.69843847e-038
  1.00000000e+000]
 [1.10481853e-023 3.05147845e-037 1.13397947e-051 1.62620062e-020
  6.16676977e-026 8.02344692e-063 1.49724331e-057 8.15113015e-059
  1.00000000e+000 2.88356833e-052 7.31862692e-044 6.98645608e-033
  3.22817718e-057 3.21911399e-030 1.63410628e-032 2.20515570e-029
  1.82626812e-038 3.36265152e-011 1.95000974e-046 2.78994780e-027
  1.00000000e+000]
 [8.76187561e-040 1.86572690e-084 2.85753901e-015 5.69577609e-045
  7.42456277e-082 3.34448394e-020 6.37357713e-071 2.09781865e-099
  2.88356833e-052 1.00000000e+000 1.00541078e-062 2.44630692e-025
  2.41062173e-034 4.23155677e-034 5.52737765e-072 6.80565329e-068
  6.61311288e-094 1.08649849e-030 3.67831049e-013 1.21541572e-057
  1.00000000e+000]
 [2.45480164e-030 4.82134603e-034 2.06916992e-061 1.50573054e-035
  2.51407166e-075 8.74455321e-034 6.60200291e-030 3.90894987e-078
  7.31862692e-044 1.00541078e-062 1.00000000e+000 4.19780605e-023
  6.94517396e-037 3.17133723e-041 6.46515471e-032 8.57770751e-027
  1.04800164e-085 2.86444697e-045 5.70245951e-045 2.34351476e-026
  1.00000000e+000]
 [2.68932727e-013 2.47619752e-064 6.90479321e-050 1.37574032e-029
  8.88981242e-081 9.54119902e-034 3.34580499e-059 8.65771271e-099
  6.98645608e-033 2.44630692e-025 4.19780605e-023 1.00000000e+000
  8.53267323e-040 9.82081480e-048 3.25017361e-050 7.64277879e-031
  1.14124718e-090 5.56594178e-029 3.59750527e-017 9.08524694e-032
  1.00000000e+000]
 [1.27251404e-058 3.75710590e-027 1.40776636e-019 2.82911411e-035
  2.44351720e-059 1.49796982e-008 6.35636630e-035 1.56662442e-039
  3.22817718e-057 2.41062173e-034 6.94517396e-037 8.53267323e-040
  1.00000000e+000 5.94953451e-020 1.39240704e-029 5.17857333e-029
  4.39115231e-056 6.93107785e-026 4.87457444e-051 1.28710363e-026
  1.00000000e+000]
 [4.79929157e-042 4.10621206e-025 2.96306928e-012 3.87699517e-023
  8.27878879e-022 3.55385117e-019 2.14504084e-027 5.41660379e-028
  3.21911399e-030 4.23155677e-034 3.17133723e-041 9.82081480e-048
  5.94953451e-020 1.00000000e+000 1.01606806e-034 4.50713029e-038
  1.59169986e-036 5.46056222e-018 2.49487759e-039 1.15476577e-027
  1.00000000e+000]
 [6.30388281e-068 6.63527763e-009 5.66288537e-049 6.67027558e-044
  2.95666220e-055 4.80620907e-046 1.00659563e-044 2.83615510e-051
  1.63410628e-032 5.52737765e-072 6.46515471e-032 3.25017361e-050
  1.39240704e-029 1.01606806e-034 1.00000000e+000 2.13994512e-027
  7.88118922e-047 1.70510386e-022 2.75826786e-082 1.33077719e-029
  1.00000000e+000]
 [7.18912782e-034 1.16836264e-022 5.18624578e-065 1.07110976e-021
  1.97919475e-039 2.78256406e-047 1.35642350e-047 1.17850148e-034
  2.20515570e-029 6.80565329e-068 8.57770751e-027 7.64277879e-031
  5.17857333e-029 4.50713029e-038 2.13994512e-027 1.00000000e+000
  3.00307609e-044 3.01218303e-023 2.86670099e-062 1.72230735e-011
  1.00000000e+000]
 [7.35853152e-073 3.44514918e-028 2.24650685e-063 2.16164827e-024
  6.49615181e-024 5.70849731e-083 1.43910779e-043 2.77031764e-028
  1.82626812e-038 6.61311288e-094 1.04800164e-085 1.14124718e-090
  4.39115231e-056 1.59169986e-036 7.88118922e-047 3.00307609e-044
  1.00000000e+000 4.34234436e-027 1.58528944e-113 1.42581481e-024
  1.00000000e+000]
 [9.04113877e-033 7.22373595e-027 2.27006204e-025 5.34680358e-016
  1.47265397e-028 4.45275925e-036 4.18245219e-046 2.20260438e-042
  3.36265152e-011 1.08649849e-030 2.86444697e-045 5.56594178e-029
  6.93107785e-026 5.46056222e-018 1.70510386e-022 3.01218303e-023
  4.34234436e-027 1.00000000e+000 4.60422955e-043 1.22624698e-018
  1.00000000e+000]
 [1.84181821e-020 1.25667427e-091 1.49410718e-035 2.74641741e-045
  2.15402202e-078 1.03192803e-028 1.13505511e-073 1.79363916e-106
  1.95000974e-046 3.67831049e-013 5.70245951e-045 3.59750527e-017
  4.87457444e-051 2.49487759e-039 2.75826786e-082 2.86670099e-062
  1.58528944e-113 4.60422955e-043 1.00000000e+000 8.46957985e-060
  1.00000000e+000]
 [9.89821665e-027 8.02595603e-020 3.91060975e-050 1.98997216e-005
  9.79877876e-038 2.68737232e-041 4.04792856e-019 4.69843847e-038
  2.78994780e-027 1.21541572e-057 2.34351476e-026 9.08524694e-032
  1.28710363e-026 1.15476577e-027 1.33077719e-029 1.72230735e-011
  1.42581481e-024 1.22624698e-018 8.46957985e-060 1.00000000e+000
  1.00000000e+000]
 [1.00000000e+000 1.00000000e+000 1.00000000e+000 1.00000000e+000
  1.00000000e+000 1.00000000e+000 1.00000000e+000 1.00000000e+000
  1.00000000e+000 1.00000000e+000 1.00000000e+000 1.00000000e+000
  1.00000000e+000 1.00000000e+000 1.00000000e+000 1.00000000e+000
  1.00000000e+000 1.00000000e+000 1.00000000e+000 1.00000000e+000
  0.00000000e+000]]
