[[1.00000000e+000 4.41294882e-035 5.60444559e-075 8.46798959e-072
  5.19517729e-047 1.40927923e-022 4.37646577e-074 2.55414844e-053
  6.99075706e-052 8.30551761e-063 4.49495550e-025 5.91756761e-085
  1.59595596e-067 1.34834731e-064 1.12044959e-075 1.83911964e-074
  8.28447293e-031 3.21340186e-050 3.64452740e-030 3.93536297e-037
  1.00000000e+000]
 [4.41294882e-035 1.00000000e+000 5.25773982e-079 2.03988654e-050
  6.32622291e-096 8.43922399e-014 6.92728906e-046 2.59826180e-019
  1.94168737e-022 3.02834273e-068 3.70571423e-041 3.19835193e-051
  7.48985517e-067 4.51545101e-103 5.03504553e-070 8.40230480e-066
  6.00143853e-048 3.31208424e-023 1.99479020e-037 4.50571820e-016
  1.00000000e+000]
 [5.60444559e-075 5.25773982e-079 1.00000000e+000 4.90444487e-086
  5.50565042e-070 1.02323009e-047 1.96184667e-061 1.96675912e-030
  5.15449056e-026 9.53319857e-055 1.94721614e-037 2.29881152e-036
  4.49609050e-036 3.08231593e-026 5.33103416e-039 1.83937690e-033
  1.17350741e-053 1.46638498e-028 2.26426826e-016 7.95825926e-042
  1.00000000e+000]
 [8.46798959e-072 2.03988654e-050 4.90444487e-086 1.00000000e+000
  7.13572281e-050 2.06931320e-072 1.02156339e-049 2.05961472e-055
  1.98345842e-040 1.94399983e-058 1.22045404e-081 2.05865061e-037
  1.18384926e-083 3.80641759e-070 2.03995732e-033 1.26619484e-043
  1.03212325e-043 2.93444160e-061 6.11950788e-060 5.12269959e-054
  1.00000000e+000]
 [5.19517729e-047 6.32622291e-096 5.50565042e-070 7.13572281e-050
  1.00000000e+000 1.48664231e-076 8.81195546e-108 1.95426843e-091
  1.97966720e-071 4.64959735e-051 3.45239027e-054 5.41936293e-092
  1.07707186e-110 1.33962560e-029 1.82529311e-029 6.60901568e-055
  1.44153391e-041 3.38825470e-087 1.37929330e-053 1.97780756e-071
  1.00000000e+000]
 [1.40927923e-022 8.43922399e-014 1.02323009e-047 2.06931320e-072
  1.48664231e-076 1.00000000e+000 3.21756003e-058 2.19275543e-014
  5.48698052e-021 2.01415424e-068 3.08713372e-024 4.89545992e-061
  3.18255908e-055 6.56196802e-077 1.13212653e-061 1.60964473e-067
  1.40729304e-049 5.90725881e-016 5.06073284e-019 1.66105818e-017
  1.00000000e+000]
 [4.37646577e-074 6.92728906e-046 1.96184667e-061 1.02156339e-049
  8.81195546e-108 3.21756003e-058 1.00000000e+000 3.77788791e-039
  3.79391669e-041 1.39351544e-052 1.93828334e-077 2.23800101e-014
  3.17499585e-036 4.47107614e-093 1.49473074e-067 1.60500844e-046
  2.03039811e-063 1.36665390e-053 3.63700023e-030 3.16504900e-050
  1.00000000e+000]
 [2.55414844e-053 2.59826180e-019 1.96675912e-030 2.05961472e-055
  1.95426843e-091 2.19275543e-014 3.77788791e-039 1.00000000e+000
  8.19871242e-005 3.81805020e-069 5.20463991e-038 1.16113541e-027
  1.63180230e-033 4.07106723e-068 4.20065304e-051 2.82920002e-048
  9.13071110e-050 1.08312909e-003 1.12270579e-019 2.75185415e-017
  1.00000000e+000]
 [6.99075706e-052 1.94168737e-022 5.15449056e-026 1.98345842e-040
  1.97966720e-071 5.48698052e-021 3.79391669e-041 8.19871242e-005
  1.00000000e+000 3.47726546e-050 1.15655656e-028 1.23443465e-020
  1.80486575e-037 5.96703185e-048 2.87350163e-034 2.69574586e-028
  3.66956962e-032 5.03621616e-004 1.42426918e-019 1.61894515e-010
  1.00000000e+000]
 [8.30551761e-063 3.02834273e-068 9.53319857e-055 1.94399983e-058
  4.64959735e-051 2.01415424e-068 1.39351544e-052 3.81805020e-069
  3.47726546e-050 1.00000000e+000 2.22095661e-034 2.60441607e-044
  4.50908476e-092 7.99859766e-048 3.25429173e-028 3.42335405e-012
  1.70129644e-034 4.96105544e-069 1.88644475e-034 3.34263553e-033
  1.00000000e+000]
 [4.49495550e-025 3.70571423e-041 1.94721614e-037 1.22045404e-081
  3.45239027e-054 3.08713372e-024 1.93828334e-077 5.20463991e-038
  1.15655656e-028 2.22095661e-034 1.00000000e+000 1.65884128e-062
  1.30674196e-063 9.81925002e-037 6.24562361e-051 4.94749043e-035
  8.68112869e-020 8.99427664e-028 2.67424690e-021 2.57229724e-012
  1.00000000e+000]
 [5.91756761e-085 3.19835193e-051 2.29881152e-036 2.05865061e-037
  5.41936293e-092 4.89545992e-061 2.23800101e-014 1.16113541e-027
  1.23443465e-020 2.60441607e-044 1.65884128e-062 1.00000000e+000
  8.99942309e-030 6.06054342e-058 4.85521479e-044 7.74563062e-021
  3.60973150e-044 1.13581433e-033 3.25313187e-029 1.01152239e-036
  1.00000000e+000]
 [1.59595596e-067 7.48985517e-067 4.49609050e-036 1.18384926e-083
  1.07707186e-110 3.18255908e-055 3.17499585e-036 1.63180230e-033
  1.80486575e-037 4.50908476e-092 1.30674196e-063 8.99942309e-030
  1.00000000e+000 1.12120155e-059 8.27583804e-095 5.70849088e-063
  8.55319997e-052 1.19225510e-034 2.40122804e-028 3.52507690e-058
  1.00000000e+000]
 [1.34834731e-064 4.51545101e-103 3.08231593e-026 3.80641759e-070
  1.33962560e-029 6.56196802e-077 4.47107614e-093 4.07106723e-068
  5.96703185e-048 7.99859766e-048 9.81925002e-037 6.06054342e-058
  1.12120155e-059 1.00000000e+000 2.65564473e-037 8.62820055e-029
  3.17574753e-026 1.10026826e-056 1.90494962e-037 2.39478423e-056
  1.00000000e+000]
 [1.12044959e-075 5.03504553e-070 5.33103416e-039 2.03995732e-033
  1.82529311e-029 1.13212653e-061 1.49473074e-067 4.20065304e-051
  2.87350163e-034 3.25429173e-028 6.24562361e-051 4.85521479e-044
  8.27583804e-095 2.65564473e-037 1.00000000e+000 6.50718007e-022
  6.40092578e-050 1.09931633e-053 2.13683169e-037 6.35307783e-042
  1.00000000e+000]
 [1.83911964e-074 8.40230480e-066 1.83937690e-033 1.26619484e-043
  6.60901568e-055 1.60964473e-067 1.60500844e-046 2.82920002e-048
  2.69574586e-028 3.42335405e-012 4.94749043e-035 7.74563062e-021
  5.70849088e-063 8.62820055e-029 6.50718007e-022 1.00000000e+000
  2.13979703e-024 5.49491134e-045 2.39362773e-031 2.40485010e-027
  1.00000000e+000]
 [8.28447293e-031 6.00143853e-048 1.17350741e-053 1.03212325e-043
  1.44153391e-041 1.40729304e-049 2.03039811e-063 9.13071110e-050
  3.66956962e-032 1.70129644e-034 8.68112869e-020 3.60973150e-044
  8.55319997e-052 3.17574753e-026 6.40092578e-050 2.13979703e-024
  1.00000000e+000 3.53117587e-039 9.23716832e-034 1.90827940e-024
  1.00000000e+000]
 [3.21340186e-050 3.31208424e-023 1.46638498e-028 2.93444160e-061
  3.38825470e-087 5.90725881e-016 1.36665390e-053 1.08312909e-003
  5.03621616e-004 4.96105544e-069 8.99427664e-028 1.13581433e-033
  1.19225510e-034 1.10026826e-056 1.09931633e-053 5.49491134e-045
  3.53117587e-039 1.00000000e+000 1.43856254e-022 2.27491618e-013
  1.00000000e+000]
 [3.64452740e-030 1.99479020e-037 2.26426826e-016 6.11950788e-060
  1.37929330e-053 5.06073284e-019 3.63700023e-030 1.12270579e-019
  1.42426918e-019 1.88644475e-034 2.67424690e-021 3.25313187e-029
  2.40122804e-028 1.90494962e-037 2.13683169e-037 2.39362773e-031
  9.23716832e-034 1.43856254e-022 1.00000000e+000 4.63597320e-022
  1.00000000e+000]
 [3.93536297e-037 4.50571820e-016 7.95825926e-042 5.12269959e-054
  1.97780756e-071 1.66105818e-017 3.16504900e-050 2.75185415e-017
  1.61894515e-010 3.34263553e-033 2.57229724e-012 1.01152239e-036
  3.52507690e-058 2.39478423e-056 6.35307783e-042 2.40485010e-027
  1.90827940e-024 2.27491618e-013 4.63597320e-022 1.00000000e+000
  1.00000000e+000]
 [1.00000000e+000 1.00000000e+000 1.00000000e+000 1.00000000e+000
  1.00000000e+000 1.00000000e+000 1.00000000e+000 1.00000000e+000
  1.00000000e+000 1.00000000e+000 1.00000000e+000 1.00000000e+000
  1.00000000e+000 1.00000000e+000 1.00000000e+000 1.00000000e+000
  1.00000000e+000 1.00000000e+000 1.00000000e+000 1.00000000e+000
  0.00000000e+000]]
