[[1.00000000e+000 3.78817589e-034 4.27363142e-018 5.30313090e-015
  1.19140782e-018 4.49313532e-020 2.36299561e-042 2.89502704e-064
  6.04417360e-026 7.21701752e-030 1.27805097e-055 9.77192995e-047
  3.76147366e-044 5.44879927e-022 2.64406650e-053 4.07705069e-029
  1.41478961e-059 1.01972381e-044 4.74831228e-030 2.06755446e-013
  1.00000000e+000]
 [3.78817589e-034 1.00000000e+000 3.14135738e-053 2.38265708e-024
  1.31220928e-048 1.65789723e-024 1.95188074e-077 2.97118719e-082
  2.20598172e-031 4.89681845e-039 7.28278590e-076 1.84829919e-062
  2.09958648e-037 5.79920161e-049 9.41568064e-103 1.07843078e-033
  6.54310459e-021 7.29875897e-052 3.68958775e-069 7.80432855e-058
  1.00000000e+000]
 [4.27363142e-018 3.14135738e-053 1.00000000e+000 1.15037902e-039
  2.62745294e-046 3.98416660e-034 1.23124069e-013 3.78864631e-040
  6.12724597e-055 3.90979563e-022 2.69617158e-030 4.33229328e-045
  3.66472114e-037 1.23452627e-031 3.99362666e-028 1.99736036e-056
  8.52765704e-068 4.66430293e-061 6.79799681e-030 2.05952647e-022
  1.00000000e+000]
 [5.30313090e-015 2.38265708e-024 1.15037902e-039 1.00000000e+000
  2.49724007e-024 2.85566928e-017 2.37061097e-048 6.98480353e-065
  1.57677782e-015 2.71823622e-021 1.30113301e-064 2.40622977e-053
  1.67911981e-026 1.04152993e-015 6.97668753e-069 9.95313421e-028
  4.53798967e-036 3.10728728e-033 8.70328506e-025 1.14781987e-015
  1.00000000e+000]
 [1.19140782e-018 1.31220928e-048 2.62745294e-046 2.49724007e-024
  1.00000000e+000 2.16714479e-048 2.69157618e-064 4.88337242e-081
  1.02987480e-011 1.25556805e-043 2.91830563e-051 3.81011323e-039
  1.74345738e-064 8.97754282e-035 1.24123657e-047 4.11601403e-023
  4.64699876e-074 1.82755350e-026 2.32139168e-038 4.06741302e-020
  1.00000000e+000]
 [4.49313532e-020 1.65789723e-024 3.98416660e-034 2.85566928e-017
  2.16714479e-048 1.00000000e+000 1.09622200e-055 5.95761528e-092
  2.22775223e-050 6.70819415e-017 9.02273826e-057 2.82807618e-063
  2.37094739e-030 1.35268307e-013 1.72851629e-076 3.32339899e-023
  8.94440191e-052 3.85016210e-076 6.44300849e-036 3.64809842e-034
  1.00000000e+000]
 [2.36299561e-042 1.95188074e-077 1.23124069e-013 2.37061097e-048
  2.69157618e-064 1.09622200e-055 1.00000000e+000 8.68077961e-039
  1.45492843e-062 3.19197327e-022 6.78491007e-033 6.72710408e-068
  1.29778659e-040 2.59650046e-041 5.30698115e-027 4.45733663e-087
  5.83258524e-081 6.44824068e-068 8.71771204e-019 8.06244383e-023
  1.00000000e+000]
 [2.89502704e-064 2.97118719e-082 3.78864631e-040 6.98480353e-065
  4.88337242e-081 5.95761528e-092 8.68077961e-039 1.00000000e+000
  1.00296050e-070 6.25810281e-056 9.27137449e-067 3.56174690e-039
  1.34500013e-031 2.29893331e-070 1.04524950e-049 6.89516042e-103
  3.41263766e-044 1.12931283e-034 7.42970540e-077 4.69977826e-059
  1.00000000e+000]
 [6.04417360e-026 2.20598172e-031 6.12724597e-055 1.57677782e-015
  1.02987480e-011 2.22775223e-050 1.45492843e-062 1.00296050e-070
  1.00000000e+000 5.95580406e-045 1.89969995e-070 2.48063900e-055
  1.11674040e-054 2.20498751e-045 3.08805966e-071 1.24850314e-038
  1.64077479e-047 2.76204978e-018 7.25393517e-041 1.43289071e-024
  1.00000000e+000]
 [7.21701752e-030 4.89681845e-039 3.90979563e-022 2.71823622e-021
  1.25556805e-043 6.70819415e-017 3.19197327e-022 6.25810281e-056
  5.95580406e-045 1.00000000e+000 5.89957716e-021 2.01602837e-042
  2.77354670e-015 1.47283329e-009 2.01821304e-033 1.95177485e-032
  1.60806735e-048 3.15384760e-054 1.87472815e-016 6.46145512e-022
  1.00000000e+000]
 [1.27805097e-055 7.28278590e-076 2.69617158e-030 1.30113301e-064
  2.91830563e-051 9.02273826e-057 6.78491007e-033 9.27137449e-067
  1.89969995e-070 5.89957716e-021 1.00000000e+000 8.66948976e-034
  6.59356520e-047 3.13450773e-037 4.63216298e-011 3.75948175e-047
  9.19284137e-089 1.57357128e-067 1.86663986e-040 5.72352314e-045
  1.00000000e+000]
 [9.77192995e-047 1.84829919e-062 4.33229328e-045 2.40622977e-053
  3.81011323e-039 2.82807618e-063 6.72710408e-068 3.56174690e-039
  2.48063900e-055 2.01602837e-042 8.66948976e-034 1.00000000e+000
  6.02103161e-034 1.29479473e-040 1.31270607e-031 2.24123740e-033
  1.19609117e-049 2.97958574e-026 9.97877289e-076 1.50115092e-055
  1.00000000e+000]
 [3.76147366e-044 2.09958648e-037 3.66472114e-037 1.67911981e-026
  1.74345738e-064 2.37094739e-030 1.29778659e-040 1.34500013e-031
  1.11674040e-054 2.77354670e-015 6.59356520e-047 6.02103161e-034
  1.00000000e+000 7.30246558e-023 1.57072007e-055 1.30747522e-046
  7.71551626e-019 2.30957657e-041 1.15262201e-047 5.99515870e-044
  1.00000000e+000]
 [5.44879927e-022 5.79920161e-049 1.23452627e-031 1.04152993e-015
  8.97754282e-035 1.35268307e-013 2.59650046e-041 2.29893331e-070
  2.20498751e-045 1.47283329e-009 3.13450773e-037 1.29479473e-040
  7.30246558e-023 1.00000000e+000 8.12988266e-042 2.68273646e-021
  3.41193429e-060 1.99679981e-054 6.53043469e-020 2.39334737e-018
  1.00000000e+000]
 [2.64406650e-053 9.41568064e-103 3.99362666e-028 6.97668753e-069
  1.24123657e-047 1.72851629e-076 5.30698115e-027 1.04524950e-049
  3.08805966e-071 2.01821304e-033 4.63216298e-011 1.31270607e-031
  1.57072007e-055 8.12988266e-042 1.00000000e+000 1.15662922e-064
  3.10862512e-104 1.62822605e-057 2.02452032e-038 2.99492003e-035
  1.00000000e+000]
 [4.07705069e-029 1.07843078e-033 1.99736036e-056 9.95313421e-028
  4.11601403e-023 3.32339899e-023 4.45733663e-087 6.89516042e-103
  1.24850314e-038 1.95177485e-032 3.75948175e-047 2.24123740e-033
  1.30747522e-046 2.68273646e-021 1.15662922e-064 1.00000000e+000
  5.21501607e-060 2.08447886e-051 2.43234760e-056 6.81249568e-045
  1.00000000e+000]
 [1.41478961e-059 6.54310459e-021 8.52765704e-068 4.53798967e-036
  4.64699876e-074 8.94440191e-052 5.83258524e-081 3.41263766e-044
  1.64077479e-047 1.60806735e-048 9.19284137e-089 1.19609117e-049
  7.71551626e-019 3.41193429e-060 3.10862512e-104 5.21501607e-060
  1.00000000e+000 3.73312289e-035 3.63895306e-090 6.48874430e-075
  1.00000000e+000]
 [1.01972381e-044 7.29875897e-052 4.66430293e-061 3.10728728e-033
  1.82755350e-026 3.85016210e-076 6.44824068e-068 1.12931283e-034
  2.76204978e-018 3.15384760e-054 1.57357128e-067 2.97958574e-026
  2.30957657e-041 1.99679981e-054 1.62822605e-057 2.08447886e-051
  3.73312289e-035 1.00000000e+000 1.27605439e-065 6.59697677e-042
  1.00000000e+000]
 [4.74831228e-030 3.68958775e-069 6.79799681e-030 8.70328506e-025
  2.32139168e-038 6.44300849e-036 8.71771204e-019 7.42970540e-077
  7.25393517e-041 1.87472815e-016 1.86663986e-040 9.97877289e-076
  1.15262201e-047 6.53043469e-020 2.02452032e-038 2.43234760e-056
  3.63895306e-090 1.27605439e-065 1.00000000e+000 4.30489368e-007
  1.00000000e+000]
 [2.06755446e-013 7.80432855e-058 2.05952647e-022 1.14781987e-015
  4.06741302e-020 3.64809842e-034 8.06244383e-023 4.69977826e-059
  1.43289071e-024 6.46145512e-022 5.72352314e-045 1.50115092e-055
  5.99515870e-044 2.39334737e-018 2.99492003e-035 6.81249568e-045
  6.48874430e-075 6.59697677e-042 4.30489368e-007 1.00000000e+000
  1.00000000e+000]
 [1.00000000e+000 1.00000000e+000 1.00000000e+000 1.00000000e+000
  1.00000000e+000 1.00000000e+000 1.00000000e+000 1.00000000e+000
  1.00000000e+000 1.00000000e+000 1.00000000e+000 1.00000000e+000
  1.00000000e+000 1.00000000e+000 1.00000000e+000 1.00000000e+000
  1.00000000e+000 1.00000000e+000 1.00000000e+000 1.00000000e+000
  0.00000000e+000]]
