[[1.00000000e+000 1.81921091e-045 7.36981070e-010 2.53381234e-038
  3.13019036e-028 2.09022329e-013 3.76175361e-011 1.20162767e-031
  2.31121100e-026 2.89790420e-013 5.11638321e-021 7.01864762e-045
  6.23048295e-057 3.71370164e-059 3.11420088e-049 1.25837486e-049
  1.69462877e-041 2.24709914e-029 2.93262584e-021 6.91202195e-036
  2.79904595e-038 2.00069698e-023 9.32415229e-018 3.32385967e-024
  6.39324789e-039 3.29871767e-020 1.00000000e+000]
 [1.81921091e-045 1.00000000e+000 3.58818425e-088 4.21310673e-021
  2.86247896e-067 1.08448258e-047 8.08636594e-048 1.81125747e-062
  1.56155341e-027 4.19038116e-050 1.50051475e-009 1.99501933e-045
  1.30628158e-010 8.35912315e-028 1.25680877e-073 1.98232056e-017
  3.93452032e-043 2.49155465e-071 1.15399153e-027 5.68256393e-038
  1.10265768e-059 1.15985515e-047 1.41923083e-017 4.76313448e-036
  3.09397876e-064 2.75783210e-040 1.00000000e+000]
 [7.36981070e-010 3.58818425e-088 1.00000000e+000 1.39573815e-081
  3.02065752e-038 5.24183800e-029 7.50874861e-024 2.58852010e-055
  1.72342911e-042 1.09354028e-026 6.18748728e-052 1.99168485e-077
  1.74665509e-102 9.46825506e-096 2.72522080e-058 1.47018827e-085
  1.57817483e-054 1.83147467e-043 1.75556600e-042 1.62411138e-069
  4.88660526e-064 1.35238496e-038 1.10342167e-038 1.98046587e-044
  1.47799379e-068 4.25716374e-031 1.00000000e+000]
 [2.53381234e-038 4.21310673e-021 1.39573815e-081 1.00000000e+000
  4.33004076e-076 1.29266601e-044 1.33844990e-051 4.46501747e-023
  7.03325709e-047 1.14640079e-029 6.43205904e-025 2.38324015e-024
  3.99098075e-034 1.45520028e-047 6.92988024e-074 2.85868909e-031
  6.15482402e-057 3.37153168e-053 4.00078487e-030 3.26111274e-042
  1.09402321e-025 2.49506687e-055 5.31927231e-042 2.50785945e-042
  2.03589101e-051 1.40022743e-050 1.00000000e+000]
 [3.13019036e-028 2.86247896e-067 3.02065752e-038 4.33004076e-076
  1.00000000e+000 1.19653916e-020 4.32459868e-008 2.99951531e-088
  2.06538293e-032 2.34241660e-044 1.12300295e-030 2.55496011e-075
  9.40115615e-049 1.94621385e-034 3.74434806e-057 1.06442940e-052
  2.19128919e-063 1.97761068e-022 2.58819624e-034 9.36488980e-038
  6.34986271e-100 5.38846365e-012 3.26994142e-036 8.54303190e-021
  8.34110882e-031 2.44932966e-027 1.00000000e+000]
 [2.09022329e-013 1.08448258e-047 5.24183800e-029 1.29266601e-044
  1.19653916e-020 1.00000000e+000 5.12407733e-015 2.92325123e-062
  1.06013458e-028 2.49612002e-037 1.28789695e-021 2.23170448e-029
  1.14191736e-041 4.77393973e-042 4.55365422e-083 5.02047689e-036
  4.40220246e-065 5.71765723e-014 5.95048949e-040 1.15893571e-019
  2.78224649e-067 3.54230837e-027 1.96763117e-028 7.67621593e-029
  8.95082015e-031 1.52938118e-036 1.00000000e+000]
 [3.76175361e-011 8.08636594e-048 7.50874861e-024 1.33844990e-051
  4.32459868e-008 5.12407733e-015 1.00000000e+000 1.92295551e-054
  3.38513087e-028 1.09208321e-025 4.52453974e-017 8.63607805e-065
  8.41895897e-044 9.38188058e-042 7.18022701e-046 2.52472221e-050
  6.58771195e-051 8.17838929e-029 1.80787237e-023 4.67700481e-031
  1.49798983e-061 6.23247683e-007 9.04989540e-019 8.78431220e-021
  2.78461710e-019 1.17729840e-022 1.00000000e+000]
 [1.20162767e-031 1.81125747e-062 2.58852010e-055 4.46501747e-023
  2.99951531e-088 2.92325123e-062 1.92295551e-054 1.00000000e+000
  3.09824414e-065 1.12384315e-012 5.72660848e-054 8.07608943e-056
  9.03052840e-091 6.31797783e-097 5.04705839e-051 4.09494424e-077
  4.55996098e-055 1.15356810e-067 2.02114292e-036 3.06034043e-085
  9.42166022e-005 3.65508918e-058 4.81770316e-060 1.10019917e-062
  3.22201496e-064 1.45592601e-054 1.00000000e+000]
 [2.31121100e-026 1.56155341e-027 1.72342911e-042 7.03325709e-047
  2.06538293e-032 1.06013458e-028 3.38513087e-028 3.09824414e-065
  1.00000000e+000 2.97838698e-029 1.55876899e-019 7.17368830e-042
  1.09318357e-031 9.70998568e-022 5.48229497e-037 1.38175235e-014
  1.03529418e-012 8.05935150e-034 2.29436501e-016 4.55131672e-054
  4.51842354e-066 3.55127267e-023 1.62720582e-019 1.29668239e-020
  1.73929864e-070 1.88709045e-011 1.00000000e+000]
 [2.89790420e-013 4.19038116e-050 1.09354028e-026 1.14640079e-029
  2.34241660e-044 2.49612002e-037 1.09208321e-025 1.12384315e-012
  2.97838698e-029 1.00000000e+000 7.40719490e-034 2.66095257e-048
  4.91253805e-067 5.02782965e-060 3.81834765e-022 1.34045033e-050
  5.28747193e-025 1.26273072e-036 2.12905663e-012 1.43965413e-065
  3.75102928e-020 5.70134919e-027 2.70624929e-035 1.93151792e-028
  3.00974836e-053 2.01500495e-018 1.00000000e+000]
 [5.11638321e-021 1.50051475e-009 6.18748728e-052 6.43205904e-025
  1.12300295e-030 1.28789695e-021 4.52453974e-017 5.72660848e-054
  1.55876899e-019 7.40719490e-034 1.00000000e+000 6.72446625e-044
  1.00644101e-011 6.91119114e-023 3.97338070e-059 1.72526922e-021
  4.50320128e-042 2.48393310e-043 1.39243268e-017 2.14002020e-018
  2.40139675e-056 3.42375487e-022 3.18037481e-006 5.57213480e-018
  1.84186088e-033 4.53954077e-024 1.00000000e+000]
 [7.01864762e-045 1.99501933e-045 1.99168485e-077 2.38324015e-024
  2.55496011e-075 2.23170448e-029 8.63607805e-065 8.07608943e-056
  7.17368830e-042 2.66095257e-048 6.72446625e-044 1.00000000e+000
  3.27530227e-048 1.81230846e-048 1.51283202e-106 5.40150113e-023
  1.69676332e-068 5.56931369e-028 6.87202923e-054 7.85400485e-047
  6.01641686e-058 6.74168158e-071 1.36243641e-062 1.04928046e-051
  1.26938660e-075 1.47554320e-060 1.00000000e+000]
 [6.23048295e-057 1.30628158e-010 1.74665509e-102 3.99098075e-034
  9.40115615e-049 1.14191736e-041 8.41895897e-044 9.03052840e-091
  1.09318357e-031 4.91253805e-067 1.00644101e-011 3.27530227e-048
  1.00000000e+000 2.35325643e-010 3.22195401e-088 1.00722296e-013
  1.63016275e-062 1.02660659e-056 1.23545824e-036 2.22063579e-026
  9.27792183e-092 2.34715742e-042 2.85911109e-028 1.87821130e-031
  2.25798694e-051 1.07898349e-046 1.00000000e+000]
 [3.71370164e-059 8.35912315e-028 9.46825506e-096 1.45520028e-047
  1.94621385e-034 4.77393973e-042 9.38188058e-042 6.31797783e-097
  9.70998568e-022 5.02782965e-060 6.91119114e-023 1.81230846e-048
  2.35325643e-010 1.00000000e+000 2.94959952e-067 3.88246389e-010
  1.55279904e-048 6.42651663e-038 7.01075541e-031 8.35704102e-042
  5.98897327e-102 1.70998355e-033 1.03690319e-040 1.85495025e-023
  9.95957191e-060 1.78414212e-034 1.00000000e+000]
 [3.11420088e-049 1.25680877e-073 2.72522080e-058 6.92988024e-074
  3.74434806e-057 4.55365422e-083 7.18022701e-046 5.04705839e-051
  5.48229497e-037 3.81834765e-022 3.97338070e-059 1.51283202e-106
  3.22195401e-088 2.94959952e-067 1.00000000e+000 2.80798075e-072
  5.76394088e-017 2.49175932e-074 1.65773455e-021 9.31633675e-120
  2.86645241e-056 5.77129920e-030 8.35290715e-056 5.81579064e-047
  3.05380407e-088 1.31197254e-024 1.00000000e+000]
 [1.25837486e-049 1.98232056e-017 1.47018827e-085 2.85868909e-031
  1.06442940e-052 5.02047689e-036 2.52472221e-050 4.09494424e-077
  1.38175235e-014 1.34045033e-050 1.72526922e-021 5.40150113e-023
  1.00722296e-013 3.88246389e-010 2.80798075e-072 1.00000000e+000
  7.18501266e-037 2.46684191e-037 9.98871135e-031 8.03636491e-044
  3.85032017e-077 8.79058021e-045 5.37916299e-036 8.25789804e-030
  1.76514764e-073 1.02234822e-034 1.00000000e+000]
 [1.69462877e-041 3.93452032e-043 1.57817483e-054 6.15482402e-057
  2.19128919e-063 4.40220246e-065 6.58771195e-051 4.55996098e-055
  1.03529418e-012 5.28747193e-025 4.50320128e-042 1.69676332e-068
  1.63016275e-062 1.55279904e-048 5.76394088e-017 7.18501266e-037
  1.00000000e+000 8.15469712e-065 1.78784454e-017 8.89746191e-100
  7.38439749e-055 1.89786583e-038 1.22356936e-036 8.56317661e-039
  9.87581748e-104 3.08736590e-016 1.00000000e+000]
 [2.24709914e-029 2.49155465e-071 1.83147467e-043 3.37153168e-053
  1.97761068e-022 5.71765723e-014 8.17838929e-029 1.15356810e-067
  8.05935150e-034 1.26273072e-036 2.48393310e-043 5.56931369e-028
  1.02660659e-056 6.42651663e-038 2.49175932e-074 2.46684191e-037
  8.15469712e-065 1.00000000e+000 6.74777229e-041 7.35095121e-041
  9.89639853e-080 1.63740909e-034 4.10610426e-058 1.41842532e-027
  2.98812436e-047 1.49487524e-036 1.00000000e+000]
 [2.93262584e-021 1.15399153e-027 1.75556600e-042 4.00078487e-030
  2.58819624e-034 5.95048949e-040 1.80787237e-023 2.02114292e-036
  2.29436501e-016 2.12905663e-012 1.39243268e-017 6.87202923e-054
  1.23545824e-036 7.01075541e-031 1.65773455e-021 9.98871135e-031
  1.78784454e-017 6.74777229e-041 1.00000000e+000 8.82095532e-049
  1.33544383e-046 1.12988938e-023 1.57801824e-019 3.72725098e-009
  1.35244296e-057 2.62213145e-005 1.00000000e+000]
 [6.91202195e-036 5.68256393e-038 1.62411138e-069 3.26111274e-042
  9.36488980e-038 1.15893571e-019 4.67700481e-031 3.06034043e-085
  4.55131672e-054 1.43965413e-065 2.14002020e-018 7.85400485e-047
  2.22063579e-026 8.35704102e-042 9.31633675e-120 8.03636491e-044
  8.89746191e-100 7.35095121e-041 8.82095532e-049 1.00000000e+000
  1.21490421e-096 6.76489603e-052 3.66797056e-031 1.20503920e-028
  1.14569944e-034 1.12299429e-053 1.00000000e+000]
 [2.79904595e-038 1.10265768e-059 4.88660526e-064 1.09402321e-025
  6.34986271e-100 2.78224649e-067 1.49798983e-061 9.42166022e-005
  4.51842354e-066 3.75102928e-020 2.40139675e-056 6.01641686e-058
  9.27792183e-092 5.98897327e-102 2.86645241e-056 3.85032017e-077
  7.38439749e-055 9.89639853e-080 1.33544383e-046 1.21490421e-096
  1.00000000e+000 3.52222879e-060 7.96922009e-062 3.81755170e-079
  3.88560836e-068 3.16604581e-066 1.00000000e+000]
 [2.00069698e-023 1.15985515e-047 1.35238496e-038 2.49506687e-055
  5.38846365e-012 3.54230837e-027 6.23247683e-007 3.65508918e-058
  3.55127267e-023 5.70134919e-027 3.42375487e-022 6.74168158e-071
  2.34715742e-042 1.70998355e-033 5.77129920e-030 8.79058021e-045
  1.89786583e-038 1.63740909e-034 1.12988938e-023 6.76489603e-052
  3.52222879e-060 1.00000000e+000 1.10960373e-026 9.13066470e-029
  9.80175889e-025 9.36223181e-025 1.00000000e+000]
 [9.32415229e-018 1.41923083e-017 1.10342167e-038 5.31927231e-042
  3.26994142e-036 1.96763117e-028 9.04989540e-019 4.81770316e-060
  1.62720582e-019 2.70624929e-035 3.18037481e-006 1.36243641e-062
  2.85911109e-028 1.03690319e-040 8.35290715e-056 5.37916299e-036
  1.22356936e-036 4.10610426e-058 1.57801824e-019 3.66797056e-031
  7.96922009e-062 1.10960373e-026 1.00000000e+000 8.06542228e-023
  1.79700022e-050 2.26147072e-020 1.00000000e+000]
 [3.32385967e-024 4.76313448e-036 1.98046587e-044 2.50785945e-042
  8.54303190e-021 7.67621593e-029 8.78431220e-021 1.10019917e-062
  1.29668239e-020 1.93151792e-028 5.57213480e-018 1.04928046e-051
  1.87821130e-031 1.85495025e-023 5.81579064e-047 8.25789804e-030
  8.56317661e-039 1.41842532e-027 3.72725098e-009 1.20503920e-028
  3.81755170e-079 9.13066470e-029 8.06542228e-023 1.00000000e+000
  1.52877117e-054 5.39199991e-008 1.00000000e+000]
 [6.39324789e-039 3.09397876e-064 1.47799379e-068 2.03589101e-051
  8.34110882e-031 8.95082015e-031 2.78461710e-019 3.22201496e-064
  1.73929864e-070 3.00974836e-053 1.84186088e-033 1.26938660e-075
  2.25798694e-051 9.95957191e-060 3.05380407e-088 1.76514764e-073
  9.87581748e-104 2.98812436e-047 1.35244296e-057 1.14569944e-034
  3.88560836e-068 9.80175889e-025 1.79700022e-050 1.52877117e-054
  1.00000000e+000 2.33923875e-070 1.00000000e+000]
 [3.29871767e-020 2.75783210e-040 4.25716374e-031 1.40022743e-050
  2.44932966e-027 1.52938118e-036 1.17729840e-022 1.45592601e-054
  1.88709045e-011 2.01500495e-018 4.53954077e-024 1.47554320e-060
  1.07898349e-046 1.78414212e-034 1.31197254e-024 1.02234822e-034
  3.08736590e-016 1.49487524e-036 2.62213145e-005 1.12299429e-053
  3.16604581e-066 9.36223181e-025 2.26147072e-020 5.39199991e-008
  2.33923875e-070 1.00000000e+000 1.00000000e+000]
 [1.00000000e+000 1.00000000e+000 1.00000000e+000 1.00000000e+000
  1.00000000e+000 1.00000000e+000 1.00000000e+000 1.00000000e+000
  1.00000000e+000 1.00000000e+000 1.00000000e+000 1.00000000e+000
  1.00000000e+000 1.00000000e+000 1.00000000e+000 1.00000000e+000
  1.00000000e+000 1.00000000e+000 1.00000000e+000 1.00000000e+000
  1.00000000e+000 1.00000000e+000 1.00000000e+000 1.00000000e+000
  1.00000000e+000 1.00000000e+000 0.00000000e+000]]
