[[1.00000000e+00 7.03121702e-62 1.60067395e-28 1.71056153e-55
  1.03969163e-43 2.50159667e-51 2.17266462e-19 6.30134261e-45
  6.95637106e-53 1.31707759e-29 5.75951577e-33 3.41541217e-16
  2.78502881e-87 9.15961072e-30 1.71414289e-42 1.00178592e-33
  1.08361438e-61 4.94658901e-54 2.30939646e-12 1.08887175e-74
  1.00000000e+00]
 [7.03121702e-62 1.00000000e+00 4.11216542e-68 2.14326476e-65
  2.68585257e-12 1.87543435e-50 2.88928106e-35 1.16557916e-55
  7.28642584e-57 5.01729890e-71 5.28884081e-40 7.12019971e-34
  1.84795501e-60 3.76892630e-60 2.07996403e-42 1.80860542e-75
  2.43768175e-75 2.57821999e-92 9.88673318e-60 1.40733082e-13
  1.00000000e+00]
 [1.60067395e-28 4.11216542e-68 1.00000000e+00 5.46745035e-15
  2.55876558e-61 9.32843843e-32 4.75051565e-21 3.60337801e-22
  1.91168172e-41 6.93389727e-07 1.00143858e-36 4.35078267e-44
  1.55498417e-39 5.64101277e-27 1.45374716e-32 4.88633840e-20
  7.11707244e-12 6.54089340e-13 5.46918594e-19 1.50705025e-58
  1.00000000e+00]
 [1.71056153e-55 2.14326476e-65 5.46745035e-15 1.00000000e+00
  8.24268675e-54 1.64490327e-49 2.41712400e-26 2.94949240e-27
  1.89982515e-21 9.49677868e-30 2.58632510e-48 1.79922984e-67
  3.23684863e-33 4.15362860e-46 1.95301381e-53 4.30667035e-24
  2.39225487e-23 6.36546670e-21 3.17858311e-23 2.45963481e-49
  1.00000000e+00]
 [1.03969163e-43 2.68585257e-12 2.55876558e-61 8.24268675e-54
  1.00000000e+00 9.09209398e-59 1.78413469e-31 1.56663957e-37
  1.54712794e-40 4.87766025e-67 4.74966290e-21 3.85195521e-31
  5.05078059e-58 5.49049437e-45 1.92256076e-41 2.48086975e-46
  2.05877906e-83 4.98677989e-75 6.09613309e-37 6.07082760e-20
  1.00000000e+00]
 [2.50159667e-51 1.87543435e-50 9.32843843e-32 1.64490327e-49
  9.09209398e-59 1.00000000e+00 1.24859094e-24 2.26999715e-34
  2.48337985e-59 1.29740254e-14 5.87940516e-53 2.12340623e-55
  2.53792080e-30 1.44656586e-67 1.92227808e-58 6.57484939e-41
  7.63344621e-25 6.01587684e-34 3.11070351e-54 2.39676762e-55
  1.00000000e+00]
 [2.17266462e-19 2.88928106e-35 4.75051565e-21 2.41712400e-26
  1.78413469e-31 1.24859094e-24 1.00000000e+00 2.37478127e-39
  4.16635314e-22 1.59188885e-21 3.26222553e-43 5.30241107e-25
  1.69529287e-52 1.80140118e-46 1.73085598e-50 9.42378347e-33
  2.57853563e-34 5.10334330e-43 3.85643712e-13 1.93345922e-46
  1.00000000e+00]
 [6.30134261e-45 1.16557916e-55 3.60337801e-22 2.94949240e-27
  1.56663957e-37 2.26999715e-34 2.37478127e-39 1.00000000e+00
  4.82735843e-48 4.30562440e-23 1.16510808e-11 1.98061309e-55
  3.25125523e-19 8.74531309e-27 2.46780954e-28 2.00810095e-08
  3.02401922e-35 1.20857756e-11 4.52847418e-34 1.72307804e-39
  1.00000000e+00]
 [6.95637106e-53 7.28642584e-57 1.91168172e-41 1.89982515e-21
  1.54712794e-40 2.48337985e-59 4.16635314e-22 4.82735843e-48
  1.00000000e+00 4.77123300e-51 1.53787328e-62 1.69981245e-49
  1.15849591e-70 1.23553090e-81 6.80647531e-89 2.32662483e-42
  1.05457424e-65 1.41398926e-53 3.78891855e-20 6.25925706e-69
  1.00000000e+00]
 [1.31707759e-29 5.01729890e-71 6.93389727e-07 9.49677868e-30
  4.87766025e-67 1.29740254e-14 1.59188885e-21 4.30562440e-23
  4.77123300e-51 1.00000000e+00 2.08479939e-41 1.68252158e-46
  4.38268835e-37 5.94067131e-40 1.47031961e-42 1.60407254e-21
  3.25736519e-13 6.64471661e-13 4.46997840e-29 1.26091763e-67
  1.00000000e+00]
 [5.75951577e-33 5.28884081e-40 1.00143858e-36 2.58632510e-48
  4.74966290e-21 5.87940516e-53 3.26222553e-43 1.16510808e-11
  1.53787328e-62 2.08479939e-41 1.00000000e+00 1.10540378e-36
  7.86072435e-42 1.03809658e-13 1.89307403e-14 1.89288132e-21
  4.52071109e-60 7.55612158e-39 2.18030831e-34 1.92353925e-30
  1.00000000e+00]
 [3.41541217e-16 7.12019971e-34 4.35078267e-44 1.79922984e-67
  3.85195521e-31 2.12340623e-55 5.30241107e-25 1.98061309e-55
  1.69981245e-49 1.68252158e-46 1.10540378e-36 1.00000000e+00
  1.24298964e-99 7.65097706e-46 2.06117689e-42 2.03794415e-61
  1.45334073e-77 3.93243016e-79 1.05437451e-26 2.33808612e-61
  1.00000000e+00]
 [2.78502881e-87 1.84795501e-60 1.55498417e-39 3.23684863e-33
  5.05078059e-58 2.53792080e-30 1.69529287e-52 3.25125523e-19
  1.15849591e-70 4.38268835e-37 7.86072435e-42 1.24298964e-99
  1.00000000e+00 2.07463310e-53 2.78115124e-47 2.49329396e-30
  2.84371149e-25 1.80619819e-23 8.33885879e-70 1.16154184e-31
  1.00000000e+00]
 [9.15961072e-30 3.76892630e-60 5.64101277e-27 4.15362860e-46
  5.49049437e-45 1.44656586e-67 1.80140118e-46 8.74531309e-27
  1.23553090e-81 5.94067131e-40 1.03809658e-13 7.65097706e-46
  2.07463310e-53 1.00000000e+00 4.07732641e-07 1.19800071e-29
  4.59141762e-47 1.06225075e-41 3.37965886e-34 1.28274361e-40
  1.00000000e+00]
 [1.71414289e-42 2.07996403e-42 1.45374716e-32 1.95301381e-53
  1.92256076e-41 1.92227808e-58 1.73085598e-50 2.46780954e-28
  6.80647531e-89 1.47031961e-42 1.89307403e-14 2.06117689e-42
  2.78115124e-47 4.07732641e-07 1.00000000e+00 5.28439439e-44
  2.04331680e-44 2.30879987e-49 1.06486217e-49 8.57375383e-27
  1.00000000e+00]
 [1.00178592e-33 1.80860542e-75 4.88633840e-20 4.30667035e-24
  2.48086975e-46 6.57484939e-41 9.42378347e-33 2.00810095e-08
  2.32662483e-42 1.60407254e-21 1.89288132e-21 2.03794415e-61
  2.49329396e-30 1.19800071e-29 5.28439439e-44 1.00000000e+00
  2.05444641e-38 2.41626187e-10 1.65904029e-21 6.80136247e-59
  1.00000000e+00]
 [1.08361438e-61 2.43768175e-75 7.11707244e-12 2.39225487e-23
  2.05877906e-83 7.63344621e-25 2.57853563e-34 3.02401922e-35
  1.05457424e-65 3.25736519e-13 4.52071109e-60 1.45334073e-77
  2.84371149e-25 4.59141762e-47 2.04331680e-44 2.05444641e-38
  1.00000000e+00 2.82697339e-19 1.33936137e-50 2.14502750e-56
  1.00000000e+00]
 [4.94658901e-54 2.57821999e-92 6.54089340e-13 6.36546670e-21
  4.98677989e-75 6.01587684e-34 5.10334330e-43 1.20857756e-11
  1.41398926e-53 6.64471661e-13 7.55612158e-39 3.93243016e-79
  1.80619819e-23 1.06225075e-41 2.30879987e-49 2.41626187e-10
  2.82697339e-19 1.00000000e+00 5.27040925e-38 2.52824396e-70
  1.00000000e+00]
 [2.30939646e-12 9.88673318e-60 5.46918594e-19 3.17858311e-23
  6.09613309e-37 3.11070351e-54 3.85643712e-13 4.52847418e-34
  3.78891855e-20 4.46997840e-29 2.18030831e-34 1.05437451e-26
  8.33885879e-70 3.37965886e-34 1.06486217e-49 1.65904029e-21
  1.33936137e-50 5.27040925e-38 1.00000000e+00 6.61283524e-65
  1.00000000e+00]
 [1.08887175e-74 1.40733082e-13 1.50705025e-58 2.45963481e-49
  6.07082760e-20 2.39676762e-55 1.93345922e-46 1.72307804e-39
  6.25925706e-69 1.26091763e-67 1.92353925e-30 2.33808612e-61
  1.16154184e-31 1.28274361e-40 8.57375383e-27 6.80136247e-59
  2.14502750e-56 2.52824396e-70 6.61283524e-65 1.00000000e+00
  1.00000000e+00]
 [1.00000000e+00 1.00000000e+00 1.00000000e+00 1.00000000e+00
  1.00000000e+00 1.00000000e+00 1.00000000e+00 1.00000000e+00
  1.00000000e+00 1.00000000e+00 1.00000000e+00 1.00000000e+00
  1.00000000e+00 1.00000000e+00 1.00000000e+00 1.00000000e+00
  1.00000000e+00 1.00000000e+00 1.00000000e+00 1.00000000e+00
  0.00000000e+00]]
