[[1.00000000e+000 1.26573350e-068 1.54864682e-035 9.47250837e-076
  2.79094595e-037 1.13872255e-063 2.11148577e-056 3.34984121e-046
  6.03872961e-027 3.35916461e-041 7.63949421e-036 4.53496518e-066
  4.01368877e-062 1.49327653e-057 2.60082453e-049 1.70622293e-084
  1.41983482e-053 1.97761969e-049 2.66031802e-060 9.21659522e-028
  1.00000000e+000]
 [1.26573350e-068 1.00000000e+000 1.91131677e-049 6.79569789e-058
  2.97712049e-057 2.32993662e-056 4.59380014e-033 2.80267629e-015
  1.51178702e-082 1.13325029e-054 3.24829777e-011 6.24295387e-065
  2.38343079e-029 8.74253133e-075 2.92927641e-075 4.37346004e-038
  8.33902207e-023 1.51898792e-045 1.94147290e-012 4.53647583e-043
  1.00000000e+000]
 [1.54864682e-035 1.91131677e-049 1.00000000e+000 8.13708946e-066
  5.24496971e-040 4.93528430e-056 1.44503973e-034 2.27518553e-041
  3.91689055e-012 5.19159301e-034 1.83627564e-018 1.08648859e-073
  6.29061953e-056 3.39901651e-070 4.81691551e-013 1.23204258e-080
  1.93918255e-049 4.25906595e-027 1.14697733e-061 1.89229776e-054
  1.00000000e+000]
 [9.47250837e-076 6.79569789e-058 8.13708946e-066 1.00000000e+000
  1.70753347e-095 2.37077485e-074 6.12241978e-034 6.78615428e-045
  3.15148883e-099 8.13004923e-082 1.83383839e-055 2.94622341e-030
  2.50760506e-043 3.08535087e-069 5.22122273e-052 2.86077859e-033
  1.86663861e-025 5.74987337e-092 1.35240092e-042 2.65732836e-038
  1.00000000e+000]
 [2.79094595e-037 2.97712049e-057 5.24496971e-040 1.70753347e-095
  1.00000000e+000 1.47209371e-032 1.12706398e-091 6.32926492e-043
  4.75294425e-028 9.31645431e-022 8.64733686e-036 1.31486259e-068
  8.32557854e-046 1.80645721e-021 1.20349316e-042 4.90200629e-053
  1.94157781e-034 1.80929485e-024 1.44678541e-075 1.73495927e-064
  1.00000000e+000]
 [1.13872255e-063 2.32993662e-056 4.93528430e-056 2.37077485e-074
  1.47209371e-032 1.00000000e+000 4.07841168e-063 1.04035018e-068
  8.85829635e-067 1.74862279e-006 2.57482540e-049 1.99316475e-022
  1.82937124e-024 3.18934095e-053 9.62645126e-048 9.67394045e-029
  4.12838022e-031 5.27171297e-025 3.34040579e-050 8.02241374e-094
  1.00000000e+000]
 [2.11148577e-056 4.59380014e-033 1.44503973e-034 6.12241978e-034
  1.12706398e-091 4.07841168e-063 1.00000000e+000 4.37294930e-041
  2.18096479e-072 3.42376616e-056 1.59473804e-024 3.01942408e-044
  1.85062993e-037 4.60278268e-105 1.46029536e-048 2.31800343e-061
  2.82534278e-043 1.99335317e-062 2.22612191e-018 7.17306276e-045
  1.00000000e+000]
 [3.34984121e-046 2.80267629e-015 2.27518553e-041 6.78615428e-045
  6.32926492e-043 1.04035018e-068 4.37294930e-041 1.00000000e+000
  1.71060334e-057 3.54206933e-062 1.87869231e-010 6.66328927e-065
  1.36529598e-027 2.54072499e-039 9.15870348e-056 2.95222831e-040
  4.71036892e-017 2.53816888e-061 1.48633817e-026 2.33154757e-016
  1.00000000e+000]
 [6.03872961e-027 1.51178702e-082 3.91689055e-012 3.15148883e-099
  4.75294425e-028 8.85829635e-067 2.18096479e-072 1.71060334e-057
  1.00000000e+000 2.39957739e-038 5.48878313e-037 3.98094009e-094
  2.87816978e-074 1.58914174e-057 1.74629725e-019 1.53162785e-104
  3.36171243e-068 1.93167685e-038 1.07168158e-096 6.25935418e-065
  1.00000000e+000]
 [3.35916461e-041 1.13325029e-054 5.19159301e-034 8.13004923e-082
  9.31645431e-022 1.74862279e-006 3.42376616e-056 3.54206933e-062
  2.39957739e-038 1.00000000e+000 1.18132342e-036 1.22331271e-035
  1.37270109e-032 2.95387206e-054 7.36712966e-035 1.27030954e-046
  7.81947057e-038 6.80453472e-013 3.78584982e-053 4.83250577e-082
  1.00000000e+000]
 [7.63949421e-036 3.24829777e-011 1.83627564e-018 1.83383839e-055
  8.64733686e-036 2.57482540e-049 1.59473804e-024 1.87869231e-010
  5.48878313e-037 1.18132342e-036 1.00000000e+000 4.05490881e-061
  1.31664657e-027 1.82719497e-056 4.50252649e-040 1.12051062e-049
  9.66465805e-025 2.39360042e-032 6.39386374e-022 6.85812470e-030
  1.00000000e+000]
 [4.53496518e-066 6.24295387e-065 1.08648859e-073 2.94622341e-030
  1.31486259e-068 1.99316475e-022 3.01942408e-044 6.66328927e-065
  3.98094009e-094 1.22331271e-035 4.05490881e-061 1.00000000e+000
  5.84399534e-020 1.16161203e-057 1.70892715e-053 3.79614775e-019
  7.59581601e-025 2.23842165e-066 7.01871840e-038 7.06777481e-068
  1.00000000e+000]
 [4.01368877e-062 2.38343079e-029 6.29061953e-056 2.50760506e-043
  8.32557854e-046 1.82937124e-024 1.85062993e-037 1.36529598e-027
  2.87816978e-074 1.37270109e-032 1.31664657e-027 5.84399534e-020
  1.00000000e+000 9.66814672e-039 6.48525009e-050 4.54462372e-016
  2.90526828e-013 2.24650892e-057 8.96210695e-021 4.56023971e-052
  1.00000000e+000]
 [1.49327653e-057 8.74253133e-075 3.39901651e-070 3.08535087e-069
  1.80645721e-021 3.18934095e-053 4.60278268e-105 2.54072499e-039
  1.58914174e-057 2.95387206e-054 1.82719497e-056 1.16161203e-057
  9.66814672e-039 1.00000000e+000 3.02671373e-051 1.01073931e-037
  9.07855131e-026 6.52613249e-073 4.91235614e-084 2.06406397e-054
  1.00000000e+000]
 [2.60082453e-049 2.92927641e-075 4.81691551e-013 5.22122273e-052
  1.20349316e-042 9.62645126e-048 1.46029536e-048 9.15870348e-056
  1.74629725e-019 7.36712966e-035 4.50252649e-040 1.70892715e-053
  6.48525009e-050 3.02671373e-051 1.00000000e+000 4.52425948e-067
  2.87925413e-045 5.90904043e-043 5.74442604e-080 4.91066568e-068
  1.00000000e+000]
 [1.70622293e-084 4.37346004e-038 1.23204258e-080 2.86077859e-033
  4.90200629e-053 9.67394045e-029 2.31800343e-061 2.95222831e-040
  1.53162785e-104 1.27030954e-046 1.12051062e-049 3.79614775e-019
  4.54462372e-016 1.01073931e-037 4.52425948e-067 1.00000000e+000
  6.30386709e-007 1.68142476e-061 7.91067513e-034 5.83346363e-062
  1.00000000e+000]
 [1.41983482e-053 8.33902207e-023 1.93918255e-049 1.86663861e-025
  1.94157781e-034 4.12838022e-031 2.82534278e-043 4.71036892e-017
  3.36171243e-068 7.81947057e-038 9.66465805e-025 7.59581601e-025
  2.90526828e-013 9.07855131e-026 2.87925413e-045 6.30386709e-007
  1.00000000e+000 3.09173344e-045 9.30749603e-025 2.20888127e-033
  1.00000000e+000]
 [1.97761969e-049 1.51898792e-045 4.25906595e-027 5.74987337e-092
  1.80929485e-024 5.27171297e-025 1.99335317e-062 2.53816888e-061
  1.93167685e-038 6.80453472e-013 2.39360042e-032 2.23842165e-066
  2.24650892e-057 6.52613249e-073 5.90904043e-043 1.68142476e-061
  3.09173344e-045 1.00000000e+000 3.71658685e-061 9.17939296e-085
  1.00000000e+000]
 [2.66031802e-060 1.94147290e-012 1.14697733e-061 1.35240092e-042
  1.44678541e-075 3.34040579e-050 2.22612191e-018 1.48633817e-026
  1.07168158e-096 3.78584982e-053 6.39386374e-022 7.01871840e-038
  8.96210695e-021 4.91235614e-084 5.74442604e-080 7.91067513e-034
  9.30749603e-025 3.71658685e-061 1.00000000e+000 2.73807142e-038
  1.00000000e+000]
 [9.21659522e-028 4.53647583e-043 1.89229776e-054 2.65732836e-038
  1.73495927e-064 8.02241374e-094 7.17306276e-045 2.33154757e-016
  6.25935418e-065 4.83250577e-082 6.85812470e-030 7.06777481e-068
  4.56023971e-052 2.06406397e-054 4.91066568e-068 5.83346363e-062
  2.20888127e-033 9.17939296e-085 2.73807142e-038 1.00000000e+000
  1.00000000e+000]
 [1.00000000e+000 1.00000000e+000 1.00000000e+000 1.00000000e+000
  1.00000000e+000 1.00000000e+000 1.00000000e+000 1.00000000e+000
  1.00000000e+000 1.00000000e+000 1.00000000e+000 1.00000000e+000
  1.00000000e+000 1.00000000e+000 1.00000000e+000 1.00000000e+000
  1.00000000e+000 1.00000000e+000 1.00000000e+000 1.00000000e+000
  0.00000000e+000]]
