[[1.00000000e+000 8.12592415e-081 4.29727937e-074 4.12544249e-052
  2.53177438e-071 4.91222549e-048 3.39705066e-044 2.33406142e-100
  2.36719950e-041 2.25549590e-019 2.17984746e-085 4.18745992e-016
  6.14059119e-020 1.46349233e-013 1.63586921e-037 1.43635211e-048
  2.54389504e-033 4.84929344e-024 5.65800944e-007 4.63512102e-048
  1.00000000e+000]
 [8.12592415e-081 1.00000000e+000 8.97319130e-034 4.63259949e-053
  4.75887293e-051 5.14894045e-045 1.11644651e-044 4.39687586e-033
  4.38919586e-050 4.46117776e-045 2.41016593e-021 2.80520430e-052
  1.28435801e-064 7.39042035e-054 8.62156000e-059 6.80000916e-025
  9.69038124e-043 8.85246044e-067 1.34101549e-084 5.83880130e-036
  1.00000000e+000]
 [4.29727937e-074 8.97319130e-034 1.00000000e+000 6.33597018e-071
  6.73011368e-025 1.58421904e-095 1.00459332e-032 2.18281691e-069
  3.65406812e-041 3.86385930e-046 9.62425489e-042 1.79907520e-046
  5.70779455e-033 1.47568047e-082 1.27883301e-062 1.05550095e-053
  5.69436934e-053 1.49108696e-057 1.31376925e-062 8.26733708e-066
  1.00000000e+000]
 [4.12544249e-052 4.63259949e-053 6.33597018e-071 1.00000000e+000
  3.50755129e-053 1.77438665e-079 5.40045600e-026 3.89440356e-058
  1.66257118e-073 3.84933190e-072 2.51564258e-048 2.34766725e-063
  7.46441710e-063 9.60864993e-033 5.77101258e-064 5.27711714e-048
  1.07936252e-079 9.36485241e-039 9.32212682e-074 4.39477367e-022
  1.00000000e+000]
 [2.53177438e-071 4.75887293e-051 6.73011368e-025 3.50755129e-053
  1.00000000e+000 1.04992621e-108 9.77595801e-023 8.11995707e-045
  4.08259926e-065 5.97403317e-049 3.68635758e-022 1.87442013e-063
  1.47166479e-027 1.83447445e-082 9.90753066e-043 3.73123804e-041
  4.37096862e-071 2.82917696e-085 4.28388909e-079 3.82712939e-054
  1.00000000e+000]
 [4.91222549e-048 5.14894045e-045 1.58421904e-095 1.77438665e-079
  1.04992621e-108 1.00000000e+000 2.59709515e-097 1.96150358e-056
  8.70111376e-066 6.58696630e-029 1.24343465e-064 2.75708414e-039
  3.98972581e-074 2.23068974e-024 2.38558175e-035 7.25196663e-027
  5.92018942e-014 2.94572204e-063 5.35315637e-060 3.78607189e-031
  1.00000000e+000]
 [3.39705066e-044 1.11644651e-044 1.00459332e-032 5.40045600e-026
  9.77595801e-023 2.59709515e-097 1.00000000e+000 8.79474171e-075
  3.73133591e-041 1.69161663e-047 7.51255628e-044 2.50118348e-045
  8.11635738e-026 6.36957746e-048 2.03580730e-066 2.56522832e-050
  5.10472475e-075 1.57952472e-043 1.31604512e-049 1.58106216e-053
  1.00000000e+000]
 [2.33406142e-100 4.39687586e-033 2.18281691e-069 3.89440356e-058
  8.11995707e-045 1.96150358e-056 8.79474171e-075 1.00000000e+000
  1.24408828e-094 3.10381800e-061 1.30754470e-007 6.87895983e-089
  3.58636157e-083 1.75297970e-074 1.58010137e-031 6.44098820e-021
  8.78835756e-055 2.30390734e-113 3.09331855e-125 2.63938081e-021
  1.00000000e+000]
 [2.36719950e-041 4.38919586e-050 3.65406812e-041 1.66257118e-073
  4.08259926e-065 8.70111376e-066 3.73133591e-041 1.24408828e-094
  1.00000000e+000 2.41659587e-029 1.99951803e-065 1.56022840e-048
  4.92441071e-040 2.60573314e-052 4.26656514e-067 9.74997741e-072
  2.49508357e-043 7.00006640e-050 2.05483206e-038 9.87191511e-070
  1.00000000e+000]
 [2.25549590e-019 4.46117776e-045 3.86385930e-046 3.84933190e-072
  5.97403317e-049 6.58696630e-029 1.69161663e-047 3.10381800e-061
  2.41659587e-029 1.00000000e+000 6.06120134e-048 2.80843776e-015
  1.10226863e-015 2.43710533e-028 9.55972094e-019 7.18763424e-024
  1.12613412e-010 1.69647192e-049 1.75936660e-021 2.30309972e-043
  1.00000000e+000]
 [2.17984746e-085 2.41016593e-021 9.62425489e-042 2.51564258e-048
  3.68635758e-022 1.24343465e-064 7.51255628e-044 1.30754470e-007
  1.99951803e-065 6.06120134e-048 1.00000000e+000 3.63194150e-074
  2.00810074e-058 1.51143389e-069 2.53885202e-034 2.50518413e-021
  2.18984063e-053 1.30375878e-096 4.45764099e-103 1.86906886e-027
  1.00000000e+000]
 [4.18745992e-016 2.80520430e-052 1.79907520e-046 2.34766725e-063
  1.87442013e-063 2.75708414e-039 2.50118348e-045 6.87895983e-089
  1.56022840e-048 2.80843776e-015 3.63194150e-074 1.00000000e+000
  2.28514321e-017 5.21399563e-021 4.41858226e-038 3.25678811e-031
  1.54779845e-020 9.63492861e-022 1.92228152e-010 1.07637159e-048
  1.00000000e+000]
 [6.14059119e-020 1.28435801e-064 5.70779455e-033 7.46441710e-063
  1.47166479e-027 3.98972581e-074 8.11635738e-026 3.58636157e-083
  4.92441071e-040 1.10226863e-015 2.00810074e-058 2.28514321e-017
  1.00000000e+000 3.58380840e-043 1.03032866e-032 3.45211438e-040
  6.60523494e-038 7.51240779e-043 9.93513049e-018 3.33748326e-059
  1.00000000e+000]
 [1.46349233e-013 7.39042035e-054 1.47568047e-082 9.60864993e-033
  1.83447445e-082 2.23068974e-024 6.36957746e-048 1.75297970e-074
  2.60573314e-052 2.43710533e-028 1.51143389e-069 5.21399563e-021
  3.58380840e-043 1.00000000e+000 2.14351299e-040 1.34330232e-031
  3.90811517e-031 3.10684632e-022 1.24677633e-026 2.49622440e-025
  1.00000000e+000]
 [1.63586921e-037 8.62156000e-059 1.27883301e-062 5.77101258e-064
  9.90753066e-043 2.38558175e-035 2.03580730e-066 1.58010137e-031
  4.26656514e-067 9.55972094e-019 2.53885202e-034 4.41858226e-038
  1.03032866e-032 2.14351299e-040 1.00000000e+000 1.35549022e-016
  3.45551086e-018 8.40898216e-071 3.55878967e-053 6.11222922e-023
  1.00000000e+000]
 [1.43635211e-048 6.80000916e-025 1.05550095e-053 5.27711714e-048
  3.73123804e-041 7.25196663e-027 2.56522832e-050 6.44098820e-021
  9.74997741e-072 7.18763424e-024 2.50518413e-021 3.25678811e-031
  3.45211438e-040 1.34330232e-031 1.35549022e-016 1.00000000e+000
  5.40013781e-024 4.19265703e-064 5.70314583e-062 1.63191712e-017
  1.00000000e+000]
 [2.54389504e-033 9.69038124e-043 5.69436934e-053 1.07936252e-079
  4.37096862e-071 5.92018942e-014 5.10472475e-075 8.78835756e-055
  2.49508357e-043 1.12613412e-010 2.18984063e-053 1.54779845e-020
  6.60523494e-038 3.90811517e-031 3.45551086e-018 5.40013781e-024
  1.00000000e+000 2.01422896e-048 7.39741534e-035 1.40454594e-033
  1.00000000e+000]
 [4.84929344e-024 8.85246044e-067 1.49108696e-057 9.36485241e-039
  2.82917696e-085 2.94572204e-063 1.57952472e-043 2.30390734e-113
  7.00006640e-050 1.69647192e-049 1.30375878e-096 9.63492861e-022
  7.51240779e-043 3.10684632e-022 8.40898216e-071 4.19265703e-064
  2.01422896e-048 1.00000000e+000 5.64295190e-021 1.54162046e-048
  1.00000000e+000]
 [5.65800944e-007 1.34101549e-084 1.31376925e-062 9.32212682e-074
  4.28388909e-079 5.35315637e-060 1.31604512e-049 3.09331855e-125
  2.05483206e-038 1.75936660e-021 4.45764099e-103 1.92228152e-010
  9.93513049e-018 1.24677633e-026 3.55878967e-053 5.70314583e-062
  7.39741534e-035 5.64295190e-021 1.00000000e+000 6.12174527e-070
  1.00000000e+000]
 [4.63512102e-048 5.83880130e-036 8.26733708e-066 4.39477367e-022
  3.82712939e-054 3.78607189e-031 1.58106216e-053 2.63938081e-021
  9.87191511e-070 2.30309972e-043 1.86906886e-027 1.07637159e-048
  3.33748326e-059 2.49622440e-025 6.11222922e-023 1.63191712e-017
  1.40454594e-033 1.54162046e-048 6.12174527e-070 1.00000000e+000
  1.00000000e+000]
 [1.00000000e+000 1.00000000e+000 1.00000000e+000 1.00000000e+000
  1.00000000e+000 1.00000000e+000 1.00000000e+000 1.00000000e+000
  1.00000000e+000 1.00000000e+000 1.00000000e+000 1.00000000e+000
  1.00000000e+000 1.00000000e+000 1.00000000e+000 1.00000000e+000
  1.00000000e+000 1.00000000e+000 1.00000000e+000 1.00000000e+000
  0.00000000e+000]]
