[[1.00000000e+00 3.71356657e-57 2.34124816e-38 ... 5.37235964e-60
  2.14136263e-61 1.00000000e+00]
 [3.71356657e-57 1.00000000e+00 3.56101795e-33 ... 1.36314330e-44
  1.66782104e-33 1.00000000e+00]
 [2.34124816e-38 3.56101795e-33 1.00000000e+00 ... 1.33631541e-59
  4.24716348e-65 1.00000000e+00]
 ...
 [5.37235964e-60 1.36314330e-44 1.33631541e-59 ... 1.00000000e+00
  7.20686738e-46 1.00000000e+00]
 [2.14136263e-61 1.66782104e-33 4.24716348e-65 ... 7.20686738e-46
  1.00000000e+00 1.00000000e+00]
 [1.00000000e+00 1.00000000e+00 1.00000000e+00 ... 1.00000000e+00
  1.00000000e+00 0.00000000e+00]]
