[[1.00000000e+00 2.05634395e-06 1.29127672e-49 2.87193187e-47
  1.91407038e-57 4.38989634e-34 3.70408512e-29 3.30551102e-43
  1.12953295e-32 3.11095791e-12 1.04139343e-17 4.97848400e-45
  3.16755724e-51 8.59930560e-34 1.07777461e-21 8.34949097e-40
  1.12943729e-62 6.45704721e-16 2.97337577e-69 2.82361033e-33
  1.00000000e+00]
 [2.05634395e-06 1.00000000e+00 4.00717286e-42 1.33403601e-45
  1.24188498e-51 9.26814982e-23 2.23664310e-25 5.44462492e-40
  1.38293418e-46 2.25752667e-11 1.69507224e-20 2.25083300e-49
  2.41180874e-38 4.03114913e-32 8.00399066e-18 1.65910755e-41
  2.62417707e-60 1.34577268e-18 2.45532030e-42 8.38228880e-35
  1.00000000e+00]
 [1.29127672e-49 4.00717286e-42 1.00000000e+00 1.89977942e-37
  3.01313892e-95 5.99715102e-17 7.55757553e-77 4.75769138e-85
  3.08473008e-73 1.11602400e-39 1.31879581e-28 1.07380432e-54
  2.98342219e-96 5.77357328e-76 4.64203958e-19 1.54409301e-63
  2.22716537e-55 2.19684540e-25 1.42196059e-53 6.56990704e-66
  1.00000000e+00]
 [2.87193187e-47 1.33403601e-45 1.89977942e-37 1.00000000e+00
  1.66069001e-62 8.88678328e-34 1.00934483e-63 2.32621648e-19
  5.91530967e-22 5.68191873e-35 2.29465860e-19 2.27665390e-21
  1.69689076e-80 4.94224204e-23 2.49551058e-22 1.18768332e-17
  6.29936111e-57 1.31902098e-25 4.45735782e-37 8.69976815e-49
  1.00000000e+00]
 [1.91407038e-57 1.24188498e-51 3.01313892e-95 1.66069001e-62
  1.00000000e+00 4.56314710e-43 1.05742437e-38 1.81787302e-50
  2.03669291e-57 6.15606282e-55 1.14781512e-43 1.24295230e-82
  5.68879150e-57 4.25848504e-70 5.93019917e-85 5.23498141e-37
  7.59104008e-21 1.02196103e-42 6.54080746e-59 3.14443516e-86
  1.00000000e+00]
 [4.38989634e-34 9.26814982e-23 5.99715102e-17 8.88678328e-34
  4.56314710e-43 1.00000000e+00 5.35828351e-29 4.57765597e-54
  1.76392961e-59 4.61278330e-30 4.31045574e-24 3.52923004e-59
  8.68580494e-55 2.04460043e-59 6.80430491e-21 7.34248275e-47
  1.32837498e-24 1.22399133e-21 7.73856786e-32 5.41864170e-49
  1.00000000e+00]
 [3.70408512e-29 2.23664310e-25 7.55757553e-77 1.00934483e-63
  1.05742437e-38 5.35828351e-29 1.00000000e+00 1.59188250e-44
  2.86283397e-57 2.20864114e-46 2.81618187e-51 2.41844397e-85
  1.54385265e-39 1.06749387e-57 9.67601663e-45 1.11005900e-61
  5.34834407e-46 7.95781514e-50 6.50851470e-65 8.47299458e-39
  1.00000000e+00]
 [3.30551102e-43 5.44462492e-40 4.75769138e-85 2.32621648e-19
  1.81787302e-50 4.57765597e-54 1.59188250e-44 1.00000000e+00
  1.47392394e-23 1.23508126e-38 4.05909338e-36 4.25648531e-38
  5.83670144e-60 5.62907220e-10 4.18937435e-39 1.93211227e-21
  2.30569737e-78 4.39270552e-45 1.07342233e-40 5.25110728e-46
  1.00000000e+00]
 [1.12953295e-32 1.38293418e-46 3.08473008e-73 5.91530967e-22
  2.03669291e-57 1.76392961e-59 2.86283397e-57 1.47392394e-23
  1.00000000e+00 8.49602848e-44 5.24202337e-26 1.92919713e-15
  3.98154188e-65 2.64554349e-19 1.83560889e-43 4.03486391e-11
  4.47574590e-61 3.75889208e-26 1.11698156e-75 8.90769116e-33
  1.00000000e+00]
 [3.11095791e-12 2.25752667e-11 1.11602400e-39 5.68191873e-35
  6.15606282e-55 4.61278330e-30 2.20864114e-46 1.23508126e-38
  8.49602848e-44 1.00000000e+00 5.86159366e-08 3.61107429e-52
  4.33995244e-79 3.89161660e-37 1.41498325e-18 7.03216480e-40
  1.83676880e-65 4.43741950e-14 1.22101263e-54 3.71698163e-64
  1.00000000e+00]
 [1.04139343e-17 1.69507224e-20 1.31879581e-28 2.29465860e-19
  1.14781512e-43 4.31045574e-24 2.81618187e-51 4.05909338e-36
  5.24202337e-26 5.86159366e-08 1.00000000e+00 1.76332288e-31
  3.80183103e-75 2.52257364e-34 2.24770889e-20 5.46620960e-21
  1.46823331e-41 1.23465150e-03 1.28513494e-50 5.17280997e-56
  1.00000000e+00]
 [4.97848400e-45 2.25083300e-49 1.07380432e-54 2.27665390e-21
  1.24295230e-82 3.52923004e-59 2.41844397e-85 4.25648531e-38
  1.92919713e-15 3.61107429e-52 1.76332288e-31 1.00000000e+00
  2.97787159e-58 6.30322851e-18 4.42203251e-39 3.30332786e-12
  5.69211995e-76 3.81858046e-26 7.31676161e-54 4.55132505e-30
  1.00000000e+00]
 [3.16755724e-51 2.41180874e-38 2.98342219e-96 1.69689076e-80
  5.68879150e-57 8.68580494e-55 1.54385265e-39 5.83670144e-60
  3.98154188e-65 4.33995244e-79 3.80183103e-75 2.97787159e-58
  1.00000000e+00 9.56083198e-47 4.95469576e-71 3.29303052e-49
  5.83503283e-69 6.93692842e-60 6.75914985e-45 4.31240089e-25
  1.00000000e+00]
 [8.59930560e-34 4.03114913e-32 5.77357328e-76 4.94224204e-23
  4.25848504e-70 2.04460043e-59 1.06749387e-57 5.62907220e-10
  2.64554349e-19 3.89161660e-37 2.52257364e-34 6.30322851e-18
  9.56083198e-47 1.00000000e+00 1.27490813e-32 3.26046009e-17
  2.65654157e-92 5.98849089e-37 1.41172106e-40 3.52023839e-29
  1.00000000e+00]
 [1.07777461e-21 8.00399066e-18 4.64203958e-19 2.49551058e-22
  5.93019917e-85 6.80430491e-21 9.67601663e-45 4.18937435e-39
  1.83560889e-43 1.41498325e-18 2.24770889e-20 4.42203251e-39
  4.95469576e-71 1.27490813e-32 1.00000000e+00 2.53036925e-46
  2.82075840e-72 2.77542502e-23 3.57963506e-44 2.02393185e-35
  1.00000000e+00]
 [8.34949097e-40 1.65910755e-41 1.54409301e-63 1.18768332e-17
  5.23498141e-37 7.34248275e-47 1.11005900e-61 1.93211227e-21
  4.03486391e-11 7.03216480e-40 5.46620960e-21 3.30332786e-12
  3.29303052e-49 3.26046009e-17 2.53036925e-46 1.00000000e+00
  2.50517901e-46 1.94595598e-19 9.37976818e-42 8.52440109e-42
  1.00000000e+00]
 [1.12943729e-62 2.62417707e-60 2.22716537e-55 6.29936111e-57
  7.59104008e-21 1.32837498e-24 5.34834407e-46 2.30569737e-78
  4.47574590e-61 1.83676880e-65 1.46823331e-41 5.69211995e-76
  5.83503283e-69 2.65654157e-92 2.82075840e-72 2.50517901e-46
  1.00000000e+00 2.67470111e-34 4.13913333e-68 9.03216081e-77
  1.00000000e+00]
 [6.45704721e-16 1.34577268e-18 2.19684540e-25 1.31902098e-25
  1.02196103e-42 1.22399133e-21 7.95781514e-50 4.39270552e-45
  3.75889208e-26 4.43741950e-14 1.23465150e-03 3.81858046e-26
  6.93692842e-60 5.98849089e-37 2.77542502e-23 1.94595598e-19
  2.67470111e-34 1.00000000e+00 7.13586834e-50 1.74638737e-45
  1.00000000e+00]
 [2.97337577e-69 2.45532030e-42 1.42196059e-53 4.45735782e-37
  6.54080746e-59 7.73856786e-32 6.50851470e-65 1.07342233e-40
  1.11698156e-75 1.22101263e-54 1.28513494e-50 7.31676161e-54
  6.75914985e-45 1.41172106e-40 3.57963506e-44 9.37976818e-42
  4.13913333e-68 7.13586834e-50 1.00000000e+00 3.23848724e-62
  1.00000000e+00]
 [2.82361033e-33 8.38228880e-35 6.56990704e-66 8.69976815e-49
  3.14443516e-86 5.41864170e-49 8.47299458e-39 5.25110728e-46
  8.90769116e-33 3.71698163e-64 5.17280997e-56 4.55132505e-30
  4.31240089e-25 3.52023839e-29 2.02393185e-35 8.52440109e-42
  9.03216081e-77 1.74638737e-45 3.23848724e-62 1.00000000e+00
  1.00000000e+00]
 [1.00000000e+00 1.00000000e+00 1.00000000e+00 1.00000000e+00
  1.00000000e+00 1.00000000e+00 1.00000000e+00 1.00000000e+00
  1.00000000e+00 1.00000000e+00 1.00000000e+00 1.00000000e+00
  1.00000000e+00 1.00000000e+00 1.00000000e+00 1.00000000e+00
  1.00000000e+00 1.00000000e+00 1.00000000e+00 1.00000000e+00
  0.00000000e+00]]
