[[1.00000000e+000 2.32420100e-048 1.22713250e-082 3.80157702e-066
  1.23109114e-046 2.16839816e-073 6.22326545e-048 3.90725131e-022
  3.22513196e-067 6.23135953e-029 1.30121099e-024 5.28090987e-008
  1.44980336e-050 7.16657878e-054 2.76646875e-072 4.01041493e-064
  1.05122766e-050 3.87595867e-061 1.18653220e-087 1.78441678e-057
  1.00000000e+000]
 [2.32420100e-048 1.00000000e+000 2.26853672e-060 6.17616241e-053
  9.54680925e-034 9.66915120e-053 2.57807648e-011 6.58535528e-015
  1.64209587e-048 7.84337007e-019 4.58463991e-032 6.69989949e-035
  4.74948585e-024 1.05211126e-033 7.62495126e-045 3.69636706e-019
  5.65689346e-062 1.20408740e-034 2.97812435e-011 9.38068621e-033
  1.00000000e+000]
 [1.22713250e-082 2.26853672e-060 1.00000000e+000 2.53087039e-066
  9.58172327e-034 3.73473828e-039 5.20882456e-033 3.24940891e-046
  6.85549487e-096 7.01459859e-078 9.31330849e-040 6.36649223e-068
  1.91561606e-028 8.11813007e-056 3.08960167e-016 1.69572713e-051
  1.71178862e-026 9.65832815e-049 1.35505446e-054 6.45107695e-044
  1.00000000e+000]
 [3.80157702e-066 6.17616241e-053 2.53087039e-066 1.00000000e+000
  5.43679469e-039 1.80539893e-064 2.23234577e-023 1.56683095e-024
  5.12241195e-048 9.66465013e-056 1.68636262e-056 3.06063063e-065
  1.35550822e-074 1.70812452e-017 6.56386435e-051 2.66889620e-013
  2.93438588e-052 3.56551887e-073 3.24315919e-058 1.23918293e-023
  1.00000000e+000]
 [1.23109114e-046 9.54680925e-034 9.58172327e-034 5.43679469e-039
  1.00000000e+000 2.42955055e-009 5.81246458e-024 2.58114484e-014
  4.18945150e-089 2.44077447e-041 4.43113345e-041 1.61056461e-030
  1.90080025e-020 2.76094899e-009 3.90341984e-022 4.66027983e-026
  6.99343560e-022 8.81813766e-035 5.72725072e-053 3.66857922e-013
  1.00000000e+000]
 [2.16839816e-073 9.66915120e-053 3.73473828e-039 1.80539893e-064
  2.42955055e-009 1.00000000e+000 3.72541503e-044 1.29144401e-031
  1.10989463e-127 9.32465958e-052 1.03658164e-050 1.10030417e-045
  8.23408339e-019 8.89650102e-027 2.59849247e-024 2.54349374e-045
  3.99311574e-017 3.57669286e-025 1.36320531e-072 1.71358147e-034
  1.00000000e+000]
 [6.22326545e-048 2.57807648e-011 5.20882456e-033 2.23234577e-023
  5.81246458e-024 3.72541503e-044 1.00000000e+000 5.50607093e-010
  6.58005073e-040 2.09198237e-026 1.49416215e-024 2.59243724e-040
  3.99809235e-027 2.06099153e-020 1.84675766e-028 4.11620861e-006
  5.88688345e-040 1.06648645e-034 4.04741858e-014 9.23224184e-020
  1.00000000e+000]
 [3.90725131e-022 6.58535528e-015 3.24940891e-046 1.56683095e-024
  2.58114484e-014 1.29144401e-031 5.50607093e-010 1.00000000e+000
  2.78352842e-045 1.14244783e-013 1.15585426e-017 1.44644871e-014
  3.01551270e-022 1.73705981e-013 4.55475104e-030 5.74690533e-014
  1.55072951e-027 8.19228539e-028 1.51902927e-034 1.59041486e-017
  1.00000000e+000]
 [3.22513196e-067 1.64209587e-048 6.85549487e-096 5.12241195e-048
  4.18945150e-089 1.10989463e-127 6.58005073e-040 2.78352842e-045
  1.00000000e+000 1.81293534e-069 2.58360387e-059 5.68703270e-065
  8.50719750e-087 1.02118479e-073 1.38973573e-066 8.41408156e-049
  1.15556543e-103 9.47932541e-108 1.17316593e-042 1.95418639e-050
  1.00000000e+000]
 [6.23135953e-029 7.84337007e-019 7.01459859e-078 9.66465013e-056
  2.44077447e-041 9.32465958e-052 2.09198237e-026 1.14244783e-013
  1.81293534e-069 1.00000000e+000 4.03690733e-016 1.83272997e-021
  2.62686327e-029 2.00553531e-042 5.40415294e-062 1.34282587e-032
  3.65298519e-043 4.25679666e-018 1.58958543e-047 2.01208736e-057
  1.00000000e+000]
 [1.30121099e-024 4.58463991e-032 9.31330849e-040 1.68636262e-056
  4.43113345e-041 1.03658164e-050 1.49416215e-024 1.15585426e-017
  2.58360387e-059 4.03690733e-016 1.00000000e+000 1.21462150e-019
  5.11801522e-021 5.48668878e-054 5.42929980e-038 2.26230099e-042
  8.55159828e-023 6.46443235e-020 3.08837908e-050 1.07968212e-055
  1.00000000e+000]
 [5.28090987e-008 6.69989949e-035 6.36649223e-068 3.06063063e-065
  1.61056461e-030 1.10030417e-045 2.59243724e-040 1.44644871e-014
  5.68703270e-065 1.83272997e-021 1.21462150e-019 1.00000000e+000
  1.15815806e-026 3.14361325e-043 1.98820987e-046 1.39770010e-054
  1.53932618e-035 2.22852773e-039 2.55273014e-069 9.67185804e-043
  1.00000000e+000]
 [1.44980336e-050 4.74948585e-024 1.91561606e-028 1.35550822e-074
  1.90080025e-020 8.23408339e-019 3.99809235e-027 3.01551270e-022
  8.50719750e-087 2.62686327e-029 5.11801522e-021 1.15815806e-026
  1.00000000e+000 2.66640334e-043 1.28324701e-018 1.17419107e-042
  6.34338129e-023 3.79667692e-013 5.41052730e-038 9.33521277e-040
  1.00000000e+000]
 [7.16657878e-054 1.05211126e-033 8.11813007e-056 1.70812452e-017
  2.76094899e-009 8.89650102e-027 2.06099153e-020 1.73705981e-013
  1.02118479e-073 2.00553531e-042 5.48668878e-054 3.14361325e-043
  2.66640334e-043 1.00000000e+000 6.04763681e-038 1.75402892e-012
  1.40641814e-039 8.80677696e-051 1.14356082e-050 1.45237941e-009
  1.00000000e+000]
 [2.76646875e-072 7.62495126e-045 3.08960167e-016 6.56386435e-051
  3.90341984e-022 2.59849247e-024 1.84675766e-028 4.55475104e-030
  1.38973573e-066 5.40415294e-062 5.42929980e-038 1.98820987e-046
  1.28324701e-018 6.04763681e-038 1.00000000e+000 1.08985747e-038
  1.04007772e-022 3.48482262e-040 6.42060368e-042 8.84185202e-022
  1.00000000e+000]
 [4.01041493e-064 3.69636706e-019 1.69572713e-051 2.66889620e-013
  4.66027983e-026 2.54349374e-045 4.11620861e-006 5.74690533e-014
  8.41408156e-049 1.34282587e-032 2.26230099e-042 1.39770010e-054
  1.17419107e-042 1.75402892e-012 1.08985747e-038 1.00000000e+000
  1.79816990e-048 5.99304391e-043 1.40771795e-022 1.05667245e-018
  1.00000000e+000]
 [1.05122766e-050 5.65689346e-062 1.71178862e-026 2.93438588e-052
  6.99343560e-022 3.99311574e-017 5.88688345e-040 1.55072951e-027
  1.15556543e-103 3.65298519e-043 8.55159828e-023 1.53932618e-035
  6.34338129e-023 1.40641814e-039 1.04007772e-022 1.79816990e-048
  1.00000000e+000 2.34821579e-021 1.17846499e-080 6.57965573e-046
  1.00000000e+000]
 [3.87595867e-061 1.20408740e-034 9.65832815e-049 3.56551887e-073
  8.81813766e-035 3.57669286e-025 1.06648645e-034 8.19228539e-028
  9.47932541e-108 4.25679666e-018 6.46443235e-020 2.22852773e-039
  3.79667692e-013 8.80677696e-051 3.48482262e-040 5.99304391e-043
  2.34821579e-021 1.00000000e+000 2.80234807e-054 3.08015214e-064
  1.00000000e+000]
 [1.18653220e-087 2.97812435e-011 1.35505446e-054 3.24315919e-058
  5.72725072e-053 1.36320531e-072 4.04741858e-014 1.51902927e-034
  1.17316593e-042 1.58958543e-047 3.08837908e-050 2.55273014e-069
  5.41052730e-038 1.14356082e-050 6.42060368e-042 1.40771795e-022
  1.17846499e-080 2.80234807e-054 1.00000000e+000 1.46870196e-038
  1.00000000e+000]
 [1.78441678e-057 9.38068621e-033 6.45107695e-044 1.23918293e-023
  3.66857922e-013 1.71358147e-034 9.23224184e-020 1.59041486e-017
  1.95418639e-050 2.01208736e-057 1.07968212e-055 9.67185804e-043
  9.33521277e-040 1.45237941e-009 8.84185202e-022 1.05667245e-018
  6.57965573e-046 3.08015214e-064 1.46870196e-038 1.00000000e+000
  1.00000000e+000]
 [1.00000000e+000 1.00000000e+000 1.00000000e+000 1.00000000e+000
  1.00000000e+000 1.00000000e+000 1.00000000e+000 1.00000000e+000
  1.00000000e+000 1.00000000e+000 1.00000000e+000 1.00000000e+000
  1.00000000e+000 1.00000000e+000 1.00000000e+000 1.00000000e+000
  1.00000000e+000 1.00000000e+000 1.00000000e+000 1.00000000e+000
  0.00000000e+000]]
