[[1.00000000e+00 6.89826504e-25 1.00233443e-09 1.21238381e-73
  2.05291640e-51 2.83245857e-05 8.44179451e-50 2.21888171e-54
  2.72634657e-81 9.08439682e-40 1.82200711e-36 7.29617201e-61
  4.68145445e-42 3.71885822e-18 7.14277169e-38 2.44418882e-40
  2.31847251e-25 1.31013012e-22 8.87176407e-24 2.99682061e-30
  1.64009774e-16 8.90955666e-69 4.23471184e-83 2.66254959e-49
  1.00000000e+00]
 [6.89826504e-25 1.00000000e+00 6.38987964e-51 3.32379848e-66
  4.97148209e-56 7.91968471e-31 5.89768748e-56 8.80820635e-54
  4.81541372e-41 1.77351646e-58 2.00015963e-53 6.19065553e-37
  2.29091682e-59 4.38091468e-25 1.85201685e-50 1.78207872e-27
  5.21949822e-30 2.27683296e-31 4.79102736e-30 4.36970010e-16
  2.50689361e-53 2.40991179e-61 8.15125491e-43 2.31504348e-44
  1.00000000e+00]
 [1.00233443e-09 6.38987964e-51 1.00000000e+00 1.97533806e-69
  9.47492191e-46 5.94120359e-14 8.63607426e-42 1.27062410e-47
  6.09031562e-84 9.56865903e-35 3.13845084e-24 1.12035679e-62
  2.35110294e-27 1.01626597e-21 2.78472345e-32 1.45392565e-44
  5.02943705e-39 2.75469369e-22 2.58419388e-23 5.11528897e-46
  2.70743010e-03 4.53137766e-60 2.90367674e-89 7.13199352e-42
  1.00000000e+00]
 [1.21238381e-73 3.32379848e-66 1.97533806e-69 1.00000000e+00
  4.56173369e-81 9.06675727e-70 6.99916950e-47 3.96672050e-64
  3.93504718e-51 2.86085222e-38 1.14942006e-91 5.83309589e-69
  1.44162526e-37 2.80832200e-48 3.22384645e-44 2.86495553e-62
  2.23665112e-41 6.18132229e-91 6.51980183e-49 3.29960057e-70
  8.57727588e-55 1.39264709e-07 1.23546110e-36 1.15869190e-60
  1.00000000e+00]
 [2.05291640e-51 4.97148209e-56 9.47492191e-46 4.56173369e-81
  1.00000000e+00 2.61032974e-39 7.54920823e-62 1.30935258e-16
  1.98433247e-58 9.93587121e-83 5.85519871e-51 7.74422290e-16
  1.60492078e-59 5.21510764e-59 3.52014257e-39 1.83935197e-14
  9.89212846e-45 5.67279999e-28 4.03131779e-45 8.19977801e-66
  1.76954826e-37 5.12892504e-48 3.51735530e-56 9.19339494e-09
  1.00000000e+00]
 [2.83245857e-05 7.91968471e-31 5.94120359e-14 9.06675727e-70
  2.61032974e-39 1.00000000e+00 1.67720617e-52 2.32583681e-50
  5.29336050e-89 2.44247842e-50 1.22902564e-50 7.29216515e-59
  7.12375061e-46 1.69599145e-27 1.74977768e-30 2.20646488e-39
  1.86896145e-17 2.16123861e-28 3.48700054e-27 5.27782040e-45
  1.09570207e-17 3.66727207e-61 1.00499183e-83 1.51671435e-46
  1.00000000e+00]
 [8.44179451e-50 5.89768748e-56 8.63607426e-42 6.99916950e-47
  7.54920823e-62 1.67720617e-52 1.00000000e+00 1.38364721e-82
  3.37714686e-36 7.67801966e-54 2.18006739e-40 2.23285127e-64
  1.09488741e-18 1.00877221e-13 1.21126993e-10 4.66445191e-64
  1.21753693e-74 5.20986680e-39 6.31212756e-10 4.94388318e-79
  4.67992939e-32 3.55232199e-43 3.08152659e-39 2.80908145e-51
  1.00000000e+00]
 [2.21888171e-54 8.80820635e-54 1.27062410e-47 3.96672050e-64
  1.30935258e-16 2.32583681e-50 1.38364721e-82 1.00000000e+00
  7.91815454e-55 9.67824560e-64 7.13181399e-48 5.57687724e-12
  2.80607665e-57 1.34072314e-65 4.81292415e-63 1.06127605e-07
  1.50058752e-36 6.72030876e-38 2.51198365e-57 1.55800029e-38
  5.70967876e-40 1.78593139e-36 3.02996283e-57 1.56619830e-07
  1.00000000e+00]
 [2.72634657e-81 4.81541372e-41 6.09031562e-84 3.93504718e-51
  1.98433247e-58 5.29336050e-89 3.37714686e-36 7.91815454e-55
  1.00000000e+00 2.68600111e-70 3.59593642e-50 1.79766525e-25
  1.16014489e-47 4.61923433e-39 2.40615175e-50 3.71176659e-35
  2.18606146e-80 1.75010153e-47 3.73907759e-36 1.10685507e-49
  5.19363908e-71 5.55768842e-39 4.55846502e-09 8.44039748e-32
  1.00000000e+00]
 [9.08439682e-40 1.77351646e-58 9.56865903e-35 2.86085222e-38
  9.93587121e-83 2.44247842e-50 7.67801966e-54 9.67824560e-64
  2.68600111e-70 1.00000000e+00 1.94287267e-64 1.43765729e-78
  2.12438659e-53 1.69464854e-28 7.57885457e-65 4.73755556e-55
  3.32024505e-41 7.09773825e-70 2.70801017e-52 9.61048372e-41
  9.18351577e-37 9.30692833e-48 1.22995442e-58 2.68005183e-62
  1.00000000e+00]
 [1.82200711e-36 2.00015963e-53 3.13845084e-24 1.14942006e-91
  5.85519871e-51 1.22902564e-50 2.18006739e-40 7.13181399e-48
  3.59593642e-50 1.94287267e-64 1.00000000e+00 2.13183817e-43
  9.56662276e-25 2.14142705e-28 2.39833135e-44 1.62462012e-41
  1.79211333e-81 8.92412050e-10 6.38572240e-22 2.02963430e-43
  6.39973129e-22 8.20711922e-72 4.88810722e-77 1.20943906e-31
  1.00000000e+00]
 [7.29617201e-61 6.19065553e-37 1.12035679e-62 5.83309589e-69
  7.74422290e-16 7.29216515e-59 2.23285127e-64 5.57687724e-12
  1.79766525e-25 1.43765729e-78 2.13183817e-43 1.00000000e+00
  4.10556815e-57 4.22040204e-55 1.97390081e-53 2.71613328e-05
  4.30018474e-50 2.48591502e-28 1.48309361e-44 7.94744094e-38
  4.23877411e-53 3.02223774e-40 5.01956094e-32 5.58550583e-05
  1.00000000e+00]
 [4.68145445e-42 2.29091682e-59 2.35110294e-27 1.44162526e-37
  1.60492078e-59 7.12375061e-46 1.09488741e-18 2.80607665e-57
  1.16014489e-47 2.12438659e-53 9.56662276e-25 4.10556815e-57
  1.00000000e+00 1.00229664e-23 2.12908112e-16 2.55423561e-56
  5.01524448e-62 3.71330230e-33 3.03034119e-11 2.13114727e-63
  4.09169660e-16 5.34962992e-30 4.85167460e-61 8.06270867e-42
  1.00000000e+00]
 [3.71885822e-18 4.38091468e-25 1.01626597e-21 2.80832200e-48
  5.21510764e-59 1.69599145e-27 1.00877221e-13 1.34072314e-65
  4.61923433e-39 1.69464854e-28 2.14142705e-28 4.22040204e-55
  1.00229664e-23 1.00000000e+00 5.07478569e-22 3.05155938e-44
  2.17946760e-45 1.47321917e-24 3.80115608e-08 5.26312073e-36
  1.05011173e-21 4.13686120e-49 2.05056358e-42 1.73555500e-45
  1.00000000e+00]
 [7.14277169e-38 1.85201685e-50 2.78472345e-32 3.22384645e-44
  3.52014257e-39 1.74977768e-30 1.21126993e-10 4.81292415e-63
  2.40615175e-50 7.57885457e-65 2.39833135e-44 1.97390081e-53
  2.12908112e-16 5.07478569e-22 1.00000000e+00 5.19913902e-52
  2.25010455e-50 4.60267510e-32 1.76323986e-08 4.76269066e-79
  1.44410026e-21 1.43153894e-33 7.34195127e-50 3.61183072e-40
  1.00000000e+00]
 [2.44418882e-40 1.78207872e-27 1.45392565e-44 2.86495553e-62
  1.83935197e-14 2.20646488e-39 4.66445191e-64 1.06127605e-07
  3.71176659e-35 4.73755556e-55 1.62462012e-41 2.71613328e-05
  2.55423561e-56 3.05155938e-44 5.19913902e-52 1.00000000e+00
  3.30461097e-30 2.89052867e-25 7.25965685e-42 8.67348341e-24
  2.81640856e-40 2.79430178e-39 5.04116723e-36 4.47224892e-06
  1.00000000e+00]
 [2.31847251e-25 5.21949822e-30 5.02943705e-39 2.23665112e-41
  9.89212846e-45 1.86896145e-17 1.21753693e-74 1.50058752e-36
  2.18606146e-80 3.32024505e-41 1.79211333e-81 4.30018474e-50
  5.01524448e-62 2.17946760e-45 2.25010455e-50 3.30461097e-30
  1.00000000e+00 3.93973110e-57 1.64483248e-49 4.44760712e-36
  7.50841999e-39 1.41158278e-37 2.25704371e-63 6.46219040e-45
  1.00000000e+00]
 [1.31013012e-22 2.27683296e-31 2.75469369e-22 6.18132229e-91
  5.67279999e-28 2.16123861e-28 5.20986680e-39 6.72030876e-38
  1.75010153e-47 7.09773825e-70 8.92412050e-10 2.48591502e-28
  3.71330230e-33 1.47321917e-24 4.60267510e-32 2.89052867e-25
  3.93973110e-57 1.00000000e+00 4.16727847e-16 2.09883051e-37
  1.78409735e-21 7.30565728e-68 2.03919866e-65 1.12562304e-21
  1.00000000e+00]
 [8.87176407e-24 4.79102736e-30 2.58419388e-23 6.51980183e-49
  4.03131779e-45 3.48700054e-27 6.31212756e-10 2.51198365e-57
  3.73907759e-36 2.70801017e-52 6.38572240e-22 1.48309361e-44
  3.03034119e-11 3.80115608e-08 1.76323986e-08 7.25965685e-42
  1.64483248e-49 4.16727847e-16 1.00000000e+00 3.26551660e-48
  1.65337099e-17 9.94637047e-41 1.47591169e-45 1.63284176e-35
  1.00000000e+00]
 [2.99682061e-30 4.36970010e-16 5.11528897e-46 3.29960057e-70
  8.19977801e-66 5.27782040e-45 4.94388318e-79 1.55800029e-38
  1.10685507e-49 9.61048372e-41 2.02963430e-43 7.94744094e-38
  2.13114727e-63 5.26312073e-36 4.76269066e-79 8.67348341e-24
  4.44760712e-36 2.09883051e-37 3.26551660e-48 1.00000000e+00
  6.97816173e-51 6.69450400e-65 1.22760949e-57 2.40566919e-41
  1.00000000e+00]
 [1.64009774e-16 2.50689361e-53 2.70743010e-03 8.57727588e-55
  1.76954826e-37 1.09570207e-17 4.67992939e-32 5.70967876e-40
  5.19363908e-71 9.18351577e-37 6.39973129e-22 4.23877411e-53
  4.09169660e-16 1.05011173e-21 1.44410026e-21 2.81640856e-40
  7.50841999e-39 1.78409735e-21 1.65337099e-17 6.97816173e-51
  1.00000000e+00 3.49598286e-43 1.76240166e-76 1.30854220e-32
  1.00000000e+00]
 [8.90955666e-69 2.40991179e-61 4.53137766e-60 1.39264709e-07
  5.12892504e-48 3.66727207e-61 3.55232199e-43 1.78593139e-36
  5.55768842e-39 9.30692833e-48 8.20711922e-72 3.02223774e-40
  5.34962992e-30 4.13686120e-49 1.43153894e-33 2.79430178e-39
  1.41158278e-37 7.30565728e-68 9.94637047e-41 6.69450400e-65
  3.49598286e-43 1.00000000e+00 7.20422433e-30 8.24469123e-33
  1.00000000e+00]
 [4.23471184e-83 8.15125491e-43 2.90367674e-89 1.23546110e-36
  3.51735530e-56 1.00499183e-83 3.08152659e-39 3.02996283e-57
  4.55846502e-09 1.22995442e-58 4.88810722e-77 5.01956094e-32
  4.85167460e-61 2.05056358e-42 7.34195127e-50 5.04116723e-36
  2.25704371e-63 2.03919866e-65 1.47591169e-45 1.22760949e-57
  1.76240166e-76 7.20422433e-30 1.00000000e+00 3.22791348e-37
  1.00000000e+00]
 [2.66254959e-49 2.31504348e-44 7.13199352e-42 1.15869190e-60
  9.19339494e-09 1.51671435e-46 2.80908145e-51 1.56619830e-07
  8.44039748e-32 2.68005183e-62 1.20943906e-31 5.58550583e-05
  8.06270867e-42 1.73555500e-45 3.61183072e-40 4.47224892e-06
  6.46219040e-45 1.12562304e-21 1.63284176e-35 2.40566919e-41
  1.30854220e-32 8.24469123e-33 3.22791348e-37 1.00000000e+00
  1.00000000e+00]
 [1.00000000e+00 1.00000000e+00 1.00000000e+00 1.00000000e+00
  1.00000000e+00 1.00000000e+00 1.00000000e+00 1.00000000e+00
  1.00000000e+00 1.00000000e+00 1.00000000e+00 1.00000000e+00
  1.00000000e+00 1.00000000e+00 1.00000000e+00 1.00000000e+00
  1.00000000e+00 1.00000000e+00 1.00000000e+00 1.00000000e+00
  1.00000000e+00 1.00000000e+00 1.00000000e+00 1.00000000e+00
  0.00000000e+00]]
