[[1.00000000e+000 9.35060190e-059 1.02282488e-037 5.01733033e-021
  6.14380216e-036 1.88568497e-037 2.28798071e-024 1.63423157e-044
  5.44928717e-054 4.12174078e-018 9.05947291e-039 1.90094986e-014
  9.01927487e-026 2.56864182e-060 2.52851821e-060 6.02940454e-053
  1.73226016e-047 7.50343573e-052 5.27686314e-052 1.01826488e-035
  1.00000000e+000]
 [9.35060190e-059 1.00000000e+000 1.31379053e-073 7.79202798e-063
  1.86843007e-040 5.53991473e-067 3.61354809e-043 9.84099859e-036
  1.54721081e-091 7.84857935e-060 1.17533061e-009 1.51004223e-059
  3.81638958e-045 1.49185390e-066 1.06550266e-030 1.07448336e-101
  7.95875149e-098 9.06668631e-034 2.53005618e-067 1.67885785e-055
  1.00000000e+000]
 [1.02282488e-037 1.31379053e-073 1.00000000e+000 1.13501354e-022
  5.54574525e-058 9.21831445e-050 1.65844101e-031 6.08622529e-030
  4.00362368e-037 1.02328769e-027 6.53305939e-041 3.39817526e-030
  1.72480170e-060 4.87480877e-033 1.74049974e-033 2.11036239e-029
  1.43352132e-005 8.47142455e-050 1.92398983e-037 2.26181011e-028
  1.00000000e+000]
 [5.01733033e-021 7.79202798e-063 1.13501354e-022 1.00000000e+000
  5.63754093e-057 6.42613232e-053 1.08443715e-041 1.08065312e-051
  2.66253308e-078 2.78544325e-028 2.90625196e-029 2.21078752e-014
  8.87930504e-071 4.20867337e-054 2.41123111e-042 6.91873021e-047
  4.25655339e-033 3.60259465e-045 2.44029773e-064 2.49844467e-047
  1.00000000e+000]
 [6.14380216e-036 1.86843007e-040 5.54574525e-058 5.63754093e-057
  1.00000000e+000 4.19141536e-009 2.57655050e-023 5.57808056e-023
  4.55085025e-038 6.13767023e-028 5.54504455e-034 2.47040207e-048
  1.80959001e-032 5.99284464e-046 3.61609184e-082 1.79038471e-086
  6.48149204e-060 1.97015321e-032 3.82065181e-036 3.74514800e-079
  1.00000000e+000]
 [1.88568497e-037 5.53991473e-067 9.21831445e-050 6.42613232e-053
  4.19141536e-009 1.00000000e+000 1.94141268e-038 3.19815191e-035
  5.16803030e-030 6.38837413e-015 2.47781476e-045 5.50533015e-058
  1.11386909e-041 1.23538670e-027 7.75801951e-094 3.94168184e-060
  1.86809989e-042 1.01373572e-026 1.18491506e-033 2.12118136e-088
  1.00000000e+000]
 [2.28798071e-024 3.61354809e-043 1.65844101e-031 1.08443715e-041
  2.57655050e-023 1.94141268e-038 1.00000000e+000 2.03306300e-020
  2.39623072e-029 6.56111830e-039 5.85913337e-036 9.20013787e-017
  3.11217564e-031 4.38069740e-064 1.44700588e-052 1.48534681e-074
  1.52767278e-045 1.01546609e-058 1.44898558e-048 4.31485844e-034
  1.00000000e+000]
 [1.63423157e-044 9.84099859e-036 6.08622529e-030 1.08065312e-051
  5.57808056e-023 3.19815191e-035 2.03306300e-020 1.00000000e+000
  3.99799456e-042 1.03624603e-036 4.65269067e-030 1.07817549e-045
  6.71044999e-034 6.43044109e-044 1.71969817e-041 3.78277493e-080
  8.95565176e-036 2.69062264e-044 6.79888223e-013 1.70106157e-041
  1.00000000e+000]
 [5.44928717e-054 1.54721081e-091 4.00362368e-037 2.66253308e-078
  4.55085025e-038 5.16803030e-030 2.39623072e-029 3.99799456e-042
  1.00000000e+000 4.44986792e-034 6.86296503e-071 2.66589027e-064
  2.08778431e-042 1.50560323e-037 4.56039182e-088 1.20797802e-046
  1.71392199e-035 4.19374392e-059 3.68337074e-049 2.25557646e-060
  1.00000000e+000]
 [4.12174078e-018 7.84857935e-060 1.02328769e-027 2.78544325e-028
  6.13767023e-028 6.38837413e-015 6.56111830e-039 1.03624603e-036
  4.44986792e-034 1.00000000e+000 4.65720727e-032 5.09540293e-042
  3.18755397e-028 7.03426254e-016 9.21243268e-057 1.16737043e-023
  3.49205671e-026 1.41287575e-019 2.65821584e-029 5.06772621e-048
  1.00000000e+000]
 [9.05947291e-039 1.17533061e-009 6.53305939e-041 2.90625196e-029
  5.54504455e-034 2.47781476e-045 5.85913337e-036 4.65269067e-030
  6.86296503e-071 4.65720727e-032 1.00000000e+000 7.91005645e-039
  5.55026752e-045 5.59130642e-037 1.23548738e-019 1.31873375e-059
  3.68370925e-058 8.22037835e-015 4.33835837e-052 5.40474626e-044
  1.00000000e+000]
 [1.90094986e-014 1.51004223e-059 3.39817526e-030 2.21078752e-014
  2.47040207e-048 5.50533015e-058 9.20013787e-017 1.07817549e-045
  2.66589027e-064 5.09540293e-042 7.91005645e-039 1.00000000e+000
  2.80663552e-056 5.26653548e-081 4.30761540e-052 7.97077733e-071
  2.62376950e-047 2.66247873e-069 4.25126350e-073 1.74574499e-037
  1.00000000e+000]
 [9.01927487e-026 3.81638958e-045 1.72480170e-060 8.87930504e-071
  1.80959001e-032 1.11386909e-041 3.11217564e-031 6.71044999e-034
  2.08778431e-042 3.18755397e-028 5.55026752e-045 2.80663552e-056
  1.00000000e+000 1.35618498e-054 4.11854115e-062 1.45831183e-067
  2.76943938e-070 1.07027975e-050 5.70855043e-037 2.48975612e-034
  1.00000000e+000]
 [2.56864182e-060 1.49185390e-066 4.87480877e-033 4.20867337e-054
  5.99284464e-046 1.23538670e-027 4.38069740e-064 6.43044109e-044
  1.50560323e-037 7.03426254e-016 5.59130642e-037 5.26653548e-081
  1.35618498e-054 1.00000000e+000 2.86288713e-054 3.20669872e-021
  1.03373529e-028 1.11255629e-012 2.83123218e-035 1.35350992e-066
  1.00000000e+000]
 [2.52851821e-060 1.06550266e-030 1.74049974e-033 2.41123111e-042
  3.61609184e-082 7.75801951e-094 1.44700588e-052 1.71969817e-041
  4.56039182e-088 9.21243268e-057 1.23548738e-019 4.30761540e-052
  4.11854115e-062 2.86288713e-054 1.00000000e+000 7.79298087e-058
  4.72228574e-057 6.23610233e-047 1.31393292e-063 2.52364320e-020
  1.00000000e+000]
 [6.02940454e-053 1.07448336e-101 2.11036239e-029 6.91873021e-047
  1.79038471e-086 3.94168184e-060 1.48534681e-074 3.78277493e-080
  1.20797802e-046 1.16737043e-023 1.31873375e-059 7.97077733e-071
  1.45831183e-067 3.20669872e-021 7.79298087e-058 1.00000000e+000
  6.80278507e-031 1.35908492e-041 6.02569839e-072 9.37684342e-051
  1.00000000e+000]
 [1.73226016e-047 7.95875149e-098 1.43352132e-005 4.25655339e-033
  6.48149204e-060 1.86809989e-042 1.52767278e-045 8.95565176e-036
  1.71392199e-035 3.49205671e-026 3.68370925e-058 2.62376950e-047
  2.76943938e-070 1.03373529e-028 4.72228574e-057 6.80278507e-031
  1.00000000e+000 3.79017012e-054 2.40556364e-031 3.29669123e-049
  1.00000000e+000]
 [7.50343573e-052 9.06668631e-034 8.47142455e-050 3.60259465e-045
  1.97015321e-032 1.01373572e-026 1.01546609e-058 2.69062264e-044
  4.19374392e-059 1.41287575e-019 8.22037835e-015 2.66247873e-069
  1.07027975e-050 1.11255629e-012 6.23610233e-047 1.35908492e-041
  3.79017012e-054 1.00000000e+000 1.66205593e-048 1.88667322e-072
  1.00000000e+000]
 [5.27686314e-052 2.53005618e-067 1.92398983e-037 2.44029773e-064
  3.82065181e-036 1.18491506e-033 1.44898558e-048 6.79888223e-013
  3.68337074e-049 2.65821584e-029 4.33835837e-052 4.25126350e-073
  5.70855043e-037 2.83123218e-035 1.31393292e-063 6.02569839e-072
  2.40556364e-031 1.66205593e-048 1.00000000e+000 7.32796551e-057
  1.00000000e+000]
 [1.01826488e-035 1.67885785e-055 2.26181011e-028 2.49844467e-047
  3.74514800e-079 2.12118136e-088 4.31485844e-034 1.70106157e-041
  2.25557646e-060 5.06772621e-048 5.40474626e-044 1.74574499e-037
  2.48975612e-034 1.35350992e-066 2.52364320e-020 9.37684342e-051
  3.29669123e-049 1.88667322e-072 7.32796551e-057 1.00000000e+000
  1.00000000e+000]
 [1.00000000e+000 1.00000000e+000 1.00000000e+000 1.00000000e+000
  1.00000000e+000 1.00000000e+000 1.00000000e+000 1.00000000e+000
  1.00000000e+000 1.00000000e+000 1.00000000e+000 1.00000000e+000
  1.00000000e+000 1.00000000e+000 1.00000000e+000 1.00000000e+000
  1.00000000e+000 1.00000000e+000 1.00000000e+000 1.00000000e+000
  0.00000000e+000]]
