[[1.00000000e+00 6.24749928e-42 4.43438995e-47 ... 1.10021752e-63
  1.39610261e-98 1.00000000e+00]
 [6.24749928e-42 1.00000000e+00 6.60876705e-11 ... 2.39768157e-41
  3.47732995e-55 1.00000000e+00]
 [4.43438995e-47 6.60876705e-11 1.00000000e+00 ... 3.56082598e-23
  2.72473035e-71 1.00000000e+00]
 ...
 [1.10021752e-63 2.39768157e-41 3.56082598e-23 ... 1.00000000e+00
  4.37304389e-39 1.00000000e+00]
 [1.39610261e-98 3.47732995e-55 2.72473035e-71 ... 4.37304389e-39
  1.00000000e+00 1.00000000e+00]
 [1.00000000e+00 1.00000000e+00 1.00000000e+00 ... 1.00000000e+00
  1.00000000e+00 0.00000000e+00]]
