[[1.00000000e+00 2.95015717e-28 6.73597902e-48 ... 1.49320019e-28
  5.89560804e-37 1.00000000e+00]
 [2.95015717e-28 1.00000000e+00 6.22222651e-31 ... 9.75431925e-50
  7.02048322e-34 1.00000000e+00]
 [6.73597902e-48 6.22222651e-31 1.00000000e+00 ... 4.64604738e-26
  2.02937018e-43 1.00000000e+00]
 ...
 [1.49320019e-28 9.75431925e-50 4.64604738e-26 ... 1.00000000e+00
  4.66327964e-42 1.00000000e+00]
 [5.89560804e-37 7.02048322e-34 2.02937018e-43 ... 4.66327964e-42
  1.00000000e+00 1.00000000e+00]
 [1.00000000e+00 1.00000000e+00 1.00000000e+00 ... 1.00000000e+00
  1.00000000e+00 0.00000000e+00]]
