[[1.00000000e+00 3.13734667e-15 1.08812976e-16 ... 8.16509816e-44
  1.18262381e-61 1.00000000e+00]
 [3.13734667e-15 1.00000000e+00 8.78378309e-40 ... 1.94994298e-24
  9.13140441e-43 1.00000000e+00]
 [1.08812976e-16 8.78378309e-40 1.00000000e+00 ... 1.24223327e-45
  2.95299704e-59 1.00000000e+00]
 ...
 [8.16509816e-44 1.94994298e-24 1.24223327e-45 ... 1.00000000e+00
  1.26264718e-38 1.00000000e+00]
 [1.18262381e-61 9.13140441e-43 2.95299704e-59 ... 1.26264718e-38
  1.00000000e+00 1.00000000e+00]
 [1.00000000e+00 1.00000000e+00 1.00000000e+00 ... 1.00000000e+00
  1.00000000e+00 0.00000000e+00]]
