[[1.00000000e+00 1.13761349e-75 1.80951608e-56 ... 5.00736073e-71
  1.02045191e-81 1.00000000e+00]
 [1.13761349e-75 1.00000000e+00 1.52116115e-90 ... 2.60740390e-53
  1.05812343e-48 1.00000000e+00]
 [1.80951608e-56 1.52116115e-90 1.00000000e+00 ... 2.67022375e-47
  4.53194943e-33 1.00000000e+00]
 ...
 [5.00736073e-71 2.60740390e-53 2.67022375e-47 ... 1.00000000e+00
  1.66020135e-31 1.00000000e+00]
 [1.02045191e-81 1.05812343e-48 4.53194943e-33 ... 1.66020135e-31
  1.00000000e+00 1.00000000e+00]
 [1.00000000e+00 1.00000000e+00 1.00000000e+00 ... 1.00000000e+00
  1.00000000e+00 0.00000000e+00]]
