[[1.00000000e+000 4.86180711e-041 3.33741739e-012 2.94180622e-012
  1.94546662e-015 9.23474037e-016 1.54964075e-014 7.12507633e-014
  4.99557747e-026 3.93923851e-034 1.22182464e-039 2.54121559e-033
  1.50620923e-018 6.14811030e-025 9.95069126e-008 1.20894455e-026
  2.20655497e-035 1.25693100e-012 2.52106381e-022 1.36329330e-026
  1.00000000e+000]
 [4.86180711e-041 1.00000000e+000 4.57121849e-069 7.60426671e-052
  1.71681296e-057 1.67257540e-069 1.79827767e-016 8.22829541e-047
  4.43125270e-057 9.49587614e-014 4.61278135e-031 1.74904168e-020
  1.07367481e-030 2.29094260e-041 1.72098764e-049 4.56466575e-050
  4.03043070e-053 1.99188948e-057 2.31756072e-037 1.33917127e-056
  1.00000000e+000]
 [3.33741739e-012 4.57121849e-069 1.00000000e+000 4.48711092e-036
  2.35235794e-044 8.18184099e-037 1.24301585e-033 3.22484408e-011
  3.52357388e-053 2.56432377e-049 7.50991092e-068 1.94717348e-065
  9.57307422e-046 1.08445928e-040 4.74428054e-019 2.77353584e-044
  9.95009059e-046 1.86591730e-002 1.10065319e-055 3.76894823e-028
  1.00000000e+000]
 [2.94180622e-012 7.60426671e-052 4.48711092e-036 1.00000000e+000
  1.55610985e-009 1.22154620e-012 1.78085727e-017 8.64424227e-027
  3.02955571e-020 7.59905746e-042 1.72462123e-055 2.04116474e-047
  2.49910295e-018 4.78794522e-015 9.67516696e-006 4.81610619e-026
  4.24806063e-047 3.79507220e-033 2.00687747e-015 9.96683664e-055
  1.00000000e+000]
 [1.94546662e-015 1.71681296e-057 2.35235794e-044 1.55610985e-009
  1.00000000e+000 4.66689635e-003 7.88934384e-034 2.70647829e-035
  2.90006854e-024 1.34154518e-052 1.04331323e-037 2.44019757e-034
  7.47096436e-029 5.19310195e-034 1.13435914e-016 1.66132421e-014
  7.85315006e-054 1.08739537e-042 2.80157529e-012 4.37048518e-054
  1.00000000e+000]
 [9.23474037e-016 1.67257540e-069 8.18184099e-037 1.22154620e-012
  4.66689635e-003 1.00000000e+000 1.18447566e-040 2.59293839e-033
  5.00717716e-031 7.54223675e-060 3.75916900e-041 2.35845899e-040
  6.25320382e-038 7.51587562e-037 2.38922461e-017 7.69673295e-014
  3.87450887e-052 2.00270461e-036 1.31794414e-019 2.95618332e-052
  1.00000000e+000]
 [1.54964075e-014 1.79827767e-016 1.24301585e-033 1.78085727e-017
  7.88934384e-034 1.18447566e-040 1.00000000e+000 5.31224724e-023
  9.99969385e-034 6.69224800e-017 1.82916201e-043 2.35840452e-032
  7.34471414e-011 2.44617091e-015 6.27053779e-015 1.69979771e-040
  7.92416712e-034 2.36213893e-027 4.82326271e-026 1.68354989e-039
  1.00000000e+000]
 [7.12507633e-014 8.22829541e-047 3.22484408e-011 8.64424227e-027
  2.70647829e-035 2.59293839e-033 5.31224724e-023 1.00000000e+000
  3.21857403e-036 1.74208900e-023 8.14645748e-062 4.77738530e-059
  5.61148308e-037 2.01443187e-023 4.39169639e-011 5.14968708e-024
  2.99461993e-053 1.35946331e-005 9.00993359e-036 1.97800508e-037
  1.00000000e+000]
 [4.99557747e-026 4.43125270e-057 3.52357388e-053 3.02955571e-020
  2.90006854e-024 5.00717716e-031 9.99969385e-034 3.21857403e-036
  1.00000000e+000 2.18983585e-033 6.40546685e-082 1.45878799e-061
  7.10127244e-051 2.92905217e-018 1.18489642e-027 9.00232269e-041
  8.38450219e-106 1.15590564e-050 1.83491712e-007 1.11391780e-098
  1.00000000e+000]
 [3.93923851e-034 9.49587614e-014 2.56432377e-049 7.59905746e-042
  1.34154518e-052 7.54223675e-060 6.69224800e-017 1.74208900e-023
  2.18983585e-033 1.00000000e+000 1.01824609e-055 3.29764572e-042
  5.86988350e-044 1.29825577e-018 3.12385619e-035 3.10635833e-038
  3.74499451e-074 2.63410150e-037 1.02572458e-026 8.02155868e-071
  1.00000000e+000]
 [1.22182464e-039 4.61278135e-031 7.50991092e-068 1.72462123e-055
  1.04331323e-037 3.75916900e-041 1.82916201e-043 8.14645748e-062
  6.40546685e-082 1.01824609e-055 1.00000000e+000 6.46920959e-005
  1.76510376e-039 1.60052019e-074 1.99888759e-056 5.52107744e-033
  3.72212560e-031 4.71271175e-062 1.49778776e-047 2.64151596e-035
  1.00000000e+000]
 [2.54121559e-033 1.74904168e-020 1.94717348e-065 2.04116474e-047
  2.44019757e-034 2.35845899e-040 2.35840452e-032 4.77738530e-059
  1.45878799e-061 3.29764572e-042 6.46920959e-005 1.00000000e+000
  2.02934636e-035 5.35254199e-059 2.35180523e-052 4.68092998e-037
  3.04099729e-039 1.35699129e-060 1.49397057e-033 1.49471489e-044
  1.00000000e+000]
 [1.50620923e-018 1.07367481e-030 9.57307422e-046 2.49910295e-018
  7.47096436e-029 6.25320382e-038 7.34471414e-011 5.61148308e-037
  7.10127244e-051 5.86988350e-044 1.76510376e-039 2.02934636e-035
  1.00000000e+000 9.31894613e-039 2.64461401e-017 8.94613589e-044
  4.48212805e-024 3.01395789e-041 4.99498385e-037 3.05982495e-028
  1.00000000e+000]
 [6.14811030e-025 2.29094260e-041 1.08445928e-040 4.78794522e-015
  5.19310195e-034 7.51587562e-037 2.44617091e-015 2.01443187e-023
  2.92905217e-018 1.29825577e-018 1.60052019e-074 5.35254199e-059
  9.31894613e-039 1.00000000e+000 1.36216226e-016 5.87293455e-037
  7.54655138e-070 5.85123968e-033 6.55883618e-019 1.92002653e-080
  1.00000000e+000]
 [9.95069126e-008 1.72098764e-049 4.74428054e-019 9.67516696e-006
  1.13435914e-016 2.38922461e-017 6.27053779e-015 4.39169639e-011
  1.18489642e-027 3.12385619e-035 1.99888759e-056 2.35180523e-052
  2.64461401e-017 1.36216226e-016 1.00000000e+000 3.15663669e-023
  4.30970666e-039 1.75319286e-015 8.31380070e-025 3.31570570e-037
  1.00000000e+000]
 [1.20894455e-026 4.56466575e-050 2.77353584e-044 4.81610619e-026
  1.66132421e-014 7.69673295e-014 1.69979771e-040 5.14968708e-024
  9.00232269e-041 3.10635833e-038 5.52107744e-033 4.68092998e-037
  8.94613589e-044 5.87293455e-037 3.15663669e-023 1.00000000e+000
  8.45644852e-056 1.13365368e-035 2.39072529e-022 2.05747701e-052
  1.00000000e+000]
 [2.20655497e-035 4.03043070e-053 9.95009059e-046 4.24806063e-047
  7.85315006e-054 3.87450887e-052 7.92416712e-034 2.99461993e-053
  8.38450219e-106 3.74499451e-074 3.72212560e-031 3.04099729e-039
  4.48212805e-024 7.54655138e-070 4.30970666e-039 8.45644852e-056
  1.00000000e+000 3.52337917e-042 3.72177563e-079 7.34589190e-014
  1.00000000e+000]
 [1.25693100e-012 1.99188948e-057 1.86591730e-002 3.79507220e-033
  1.08739537e-042 2.00270461e-036 2.36213893e-027 1.35946331e-005
  1.15590564e-050 2.63410150e-037 4.71271175e-062 1.35699129e-060
  3.01395789e-041 5.85123968e-033 1.75319286e-015 1.13365368e-035
  3.52337917e-042 1.00000000e+000 2.19975436e-050 1.82494593e-027
  1.00000000e+000]
 [2.52106381e-022 2.31756072e-037 1.10065319e-055 2.00687747e-015
  2.80157529e-012 1.31794414e-019 4.82326271e-026 9.00993359e-036
  1.83491712e-007 1.02572458e-026 1.49778776e-047 1.49397057e-033
  4.99498385e-037 6.55883618e-019 8.31380070e-025 2.39072529e-022
  3.72177563e-079 2.19975436e-050 1.00000000e+000 8.21346744e-080
  1.00000000e+000]
 [1.36329330e-026 1.33917127e-056 3.76894823e-028 9.96683664e-055
  4.37048518e-054 2.95618332e-052 1.68354989e-039 1.97800508e-037
  1.11391780e-098 8.02155868e-071 2.64151596e-035 1.49471489e-044
  3.05982495e-028 1.92002653e-080 3.31570570e-037 2.05747701e-052
  7.34589190e-014 1.82494593e-027 8.21346744e-080 1.00000000e+000
  1.00000000e+000]
 [1.00000000e+000 1.00000000e+000 1.00000000e+000 1.00000000e+000
  1.00000000e+000 1.00000000e+000 1.00000000e+000 1.00000000e+000
  1.00000000e+000 1.00000000e+000 1.00000000e+000 1.00000000e+000
  1.00000000e+000 1.00000000e+000 1.00000000e+000 1.00000000e+000
  1.00000000e+000 1.00000000e+000 1.00000000e+000 1.00000000e+000
  0.00000000e+000]]
