[[1.00000000e+000 4.35827147e-063 4.93009244e-039 1.21471388e-047
  8.49401691e-039 8.07827406e-044 1.46004884e-021 8.06125794e-063
  2.30858094e-054 4.75698860e-052 2.77648155e-025 4.57781419e-014
  1.02985272e-054 1.38269328e-018 9.30179384e-077 1.07548549e-024
  2.18080912e-044 5.64685832e-062 4.72868805e-038 1.85344151e-019
  1.00000000e+000]
 [4.35827147e-063 1.00000000e+000 2.25543775e-026 1.68445401e-041
  2.99436503e-083 6.51472424e-063 1.60280585e-063 1.11147415e-030
  2.86033858e-061 1.05314065e-056 7.61440181e-031 8.59676191e-073
  5.46346189e-055 1.33509779e-070 1.83758835e-012 5.06279282e-046
  3.87792842e-069 9.65625584e-039 2.07319435e-065 1.27045617e-062
  1.00000000e+000]
 [4.93009244e-039 2.25543775e-026 1.00000000e+000 3.97012212e-015
  9.14637445e-040 4.16999124e-032 2.92502714e-028 8.64867828e-043
  1.68745789e-033 2.83831366e-042 3.51696771e-016 3.35130769e-054
  8.99405979e-024 6.65814605e-027 1.50841353e-018 2.00123420e-037
  1.38817153e-069 3.95907197e-032 1.28447502e-069 1.09708618e-052
  1.00000000e+000]
 [1.21471388e-047 1.68445401e-041 3.97012212e-015 1.00000000e+000
  2.87521344e-077 3.99652629e-073 1.73349881e-024 5.04924162e-035
  7.73354753e-058 4.53392404e-029 5.62420170e-048 3.23299635e-069
  4.82125187e-016 6.49553285e-027 3.20051379e-028 5.36254068e-067
  2.61460810e-081 1.06505490e-039 1.88814617e-072 2.87373335e-060
  1.00000000e+000]
 [8.49401691e-039 2.99436503e-083 9.14637445e-040 2.87521344e-077
  1.00000000e+000 1.98906614e-011 1.37911630e-058 1.68713326e-107
  2.01005811e-051 1.84014018e-060 1.76491101e-017 2.68324084e-026
  2.87896953e-061 5.08042601e-036 2.24923404e-099 7.98142264e-054
  2.32593768e-067 7.71083013e-056 1.07519353e-050 4.62700135e-078
  1.00000000e+000]
 [8.07827406e-044 6.51472424e-063 4.16999124e-032 3.99652629e-073
  1.98906614e-011 1.00000000e+000 2.93215962e-062 1.09226540e-100
  2.07274687e-063 4.33143565e-075 7.39562376e-009 4.63612010e-045
  1.15595372e-053 1.15614985e-042 2.11825291e-071 2.10256647e-056
  2.52015154e-067 2.87531709e-063 2.49906921e-063 1.00722779e-056
  1.00000000e+000]
 [1.46004884e-021 1.60280585e-063 2.92502714e-028 1.73349881e-024
  1.37911630e-058 2.93215962e-062 1.00000000e+000 9.50380631e-031
  3.52813442e-029 1.93109648e-043 1.93280646e-041 4.53354943e-039
  2.14558771e-024 2.10415400e-006 4.72056703e-059 1.36898367e-040
  2.67557200e-035 4.50618133e-037 3.09799695e-065 7.90498027e-034
  1.00000000e+000]
 [8.06125794e-063 1.11147415e-030 8.64867828e-043 5.04924162e-035
  1.68713326e-107 1.09226540e-100 9.50380631e-031 1.00000000e+000
  8.27732390e-040 2.22589652e-044 5.64261179e-062 9.14579354e-071
  4.31610957e-038 2.11234554e-047 3.83908834e-038 1.08916966e-058
  7.13199495e-036 1.41491271e-021 6.03465981e-071 3.88071575e-065
  1.00000000e+000]
 [2.30858094e-054 2.86033858e-061 1.68745789e-033 7.73354753e-058
  2.01005811e-051 2.07274687e-063 3.52813442e-029 8.27732390e-040
  1.00000000e+000 6.97354892e-065 7.74403261e-042 9.73711208e-051
  5.19981939e-056 7.69388919e-037 1.26744457e-066 4.31074201e-031
  2.87791496e-044 7.38926625e-024 1.77391271e-087 7.26906785e-085
  1.00000000e+000]
 [4.75698860e-052 1.05314065e-056 2.83831366e-042 4.53392404e-029
  1.84014018e-060 4.33143565e-075 1.93109648e-043 2.22589652e-044
  6.97354892e-065 1.00000000e+000 7.31388051e-054 8.00412356e-038
  2.53798289e-026 1.57663407e-032 2.26205772e-074 4.99019177e-086
  1.64230384e-057 3.25192052e-021 6.49575911e-023 7.18792093e-091
  1.00000000e+000]
 [2.77648155e-025 7.61440181e-031 3.51696771e-016 5.62420170e-048
  1.76491101e-017 7.39562376e-009 1.93280646e-041 5.64261179e-062
  7.74403261e-042 7.31388051e-054 1.00000000e+000 7.86713973e-030
  2.69637935e-044 1.56651019e-032 2.38433054e-042 7.52214898e-027
  5.10482926e-050 1.22223302e-041 1.30457499e-045 1.27296424e-038
  1.00000000e+000]
 [4.57781419e-014 8.59676191e-073 3.35130769e-054 3.23299635e-069
  2.68324084e-026 4.63612010e-045 4.53354943e-039 9.14579354e-071
  9.73711208e-051 8.00412356e-038 7.86713973e-030 1.00000000e+000
  1.96706643e-064 8.07568685e-028 7.21690374e-105 1.78946621e-037
  4.96788460e-035 9.83701194e-046 4.71011102e-016 5.19750863e-054
  1.00000000e+000]
 [1.02985272e-054 5.46346189e-055 8.99405979e-024 4.82125187e-016
  2.87896953e-061 1.15595372e-053 2.14558771e-024 4.31610957e-038
  5.19981939e-056 2.53798289e-026 2.69637935e-044 1.96706643e-064
  1.00000000e+000 7.52372165e-018 3.35353760e-046 5.03667765e-088
  1.52355583e-052 4.25622146e-028 9.30052141e-063 2.36587401e-061
  1.00000000e+000]
 [1.38269328e-018 1.33509779e-070 6.65814605e-027 6.49553285e-027
  5.08042601e-036 1.15614985e-042 2.10415400e-006 2.11234554e-047
  7.69388919e-037 1.57663407e-032 1.56651019e-032 8.07568685e-028
  7.52372165e-018 1.00000000e+000 6.76191076e-070 1.55413971e-050
  1.41234106e-036 5.60172375e-036 8.22409854e-049 2.27998362e-038
  1.00000000e+000]
 [9.30179384e-077 1.83758835e-012 1.50841353e-018 3.20051379e-028
  2.24923404e-099 2.11825291e-071 4.72056703e-059 3.83908834e-038
  1.26744457e-066 2.26205772e-074 2.38433054e-042 7.21690374e-105
  3.35353760e-046 6.76191076e-070 1.00000000e+000 6.19592686e-060
  5.14671602e-096 2.03465492e-054 1.26545853e-106 2.61186055e-065
  1.00000000e+000]
 [1.07548549e-024 5.06279282e-046 2.00123420e-037 5.36254068e-067
  7.98142264e-054 2.10256647e-056 1.36898367e-040 1.08916966e-058
  4.31074201e-031 4.99019177e-086 7.52214898e-027 1.78946621e-037
  5.03667765e-088 1.55413971e-050 6.19592686e-060 1.00000000e+000
  9.72168957e-061 5.15823737e-062 9.43055641e-076 1.26404533e-044
  1.00000000e+000]
 [2.18080912e-044 3.87792842e-069 1.38817153e-069 2.61460810e-081
  2.32593768e-067 2.52015154e-067 2.67557200e-035 7.13199495e-036
  2.87791496e-044 1.64230384e-057 5.10482926e-050 4.96788460e-035
  1.52355583e-052 1.41234106e-036 5.14671602e-096 9.72168957e-061
  1.00000000e+000 5.95501424e-033 1.52940296e-044 8.17960745e-052
  1.00000000e+000]
 [5.64685832e-062 9.65625584e-039 3.95907197e-032 1.06505490e-039
  7.71083013e-056 2.87531709e-063 4.50618133e-037 1.41491271e-021
  7.38926625e-024 3.25192052e-021 1.22223302e-041 9.83701194e-046
  4.25622146e-028 5.60172375e-036 2.03465492e-054 5.15823737e-062
  5.95501424e-033 1.00000000e+000 1.81134310e-045 7.22459857e-091
  1.00000000e+000]
 [4.72868805e-038 2.07319435e-065 1.28447502e-069 1.88814617e-072
  1.07519353e-050 2.49906921e-063 3.09799695e-065 6.03465981e-071
  1.77391271e-087 6.49575911e-023 1.30457499e-045 4.71011102e-016
  9.30052141e-063 8.22409854e-049 1.26545853e-106 9.43055641e-076
  1.52940296e-044 1.81134310e-045 1.00000000e+000 3.61893222e-074
  1.00000000e+000]
 [1.85344151e-019 1.27045617e-062 1.09708618e-052 2.87373335e-060
  4.62700135e-078 1.00722779e-056 7.90498027e-034 3.88071575e-065
  7.26906785e-085 7.18792093e-091 1.27296424e-038 5.19750863e-054
  2.36587401e-061 2.27998362e-038 2.61186055e-065 1.26404533e-044
  8.17960745e-052 7.22459857e-091 3.61893222e-074 1.00000000e+000
  1.00000000e+000]
 [1.00000000e+000 1.00000000e+000 1.00000000e+000 1.00000000e+000
  1.00000000e+000 1.00000000e+000 1.00000000e+000 1.00000000e+000
  1.00000000e+000 1.00000000e+000 1.00000000e+000 1.00000000e+000
  1.00000000e+000 1.00000000e+000 1.00000000e+000 1.00000000e+000
  1.00000000e+000 1.00000000e+000 1.00000000e+000 1.00000000e+000
  0.00000000e+000]]
