[[1.00000000e+000 1.54945078e-026 1.37847838e-043 3.72819625e-018
  4.08526293e-019 4.30605734e-028 1.06058463e-046 2.13880651e-022
  4.73291690e-045 4.06509145e-054 3.23222146e-071 3.27680813e-059
  6.84702760e-048 6.39202658e-022 1.95326160e-098 2.18996481e-030
  2.26737328e-062 2.02653180e-089 5.21763675e-023 1.09522997e-021
  1.00000000e+000]
 [1.54945078e-026 1.00000000e+000 1.78506594e-046 3.07453990e-033
  1.34879149e-024 6.43714515e-012 1.13610576e-023 4.81725494e-036
  6.07304075e-019 4.52101520e-043 7.99996785e-080 1.24978675e-045
  1.44958363e-036 1.14510810e-037 5.00573350e-098 4.20614929e-054
  8.43620222e-043 1.75074407e-063 1.13847100e-016 1.44527737e-030
  1.00000000e+000]
 [1.37847838e-043 1.78506594e-046 1.00000000e+000 5.08175806e-053
  4.03080995e-045 1.34135715e-023 3.52052643e-057 2.36859187e-038
  1.81336189e-058 8.74084213e-036 1.59702742e-027 2.41137108e-029
  2.77368124e-068 2.52349061e-058 1.24786066e-070 2.45816361e-031
  6.68187853e-096 4.52148719e-059 3.58982143e-029 9.79135054e-046
  1.00000000e+000]
 [3.72819625e-018 3.07453990e-033 5.08175806e-053 1.00000000e+000
  1.34752072e-018 2.87133946e-036 3.62448793e-041 8.97651383e-011
  9.98618411e-028 1.25581937e-024 5.57580784e-079 2.37219879e-072
  1.14171704e-023 7.09739178e-005 1.02856459e-068 7.86374454e-022
  9.62150014e-020 6.12219267e-055 4.27151931e-028 8.15320137e-046
  1.00000000e+000]
 [4.08526293e-019 1.34879149e-024 4.03080995e-045 1.34752072e-018
  1.00000000e+000 1.33616913e-040 1.40538732e-045 1.77810417e-015
  5.43369704e-045 3.61558468e-050 9.28704595e-060 1.53646497e-063
  6.98797142e-060 1.48898673e-035 8.49894582e-089 9.15008177e-046
  3.15480713e-047 5.89824427e-085 2.02955146e-009 3.86343343e-057
  1.00000000e+000]
 [4.30605734e-028 6.43714515e-012 1.34135715e-023 2.87133946e-036
  1.33616913e-040 1.00000000e+000 1.74260848e-025 4.54282948e-041
  1.37561127e-020 1.55617532e-030 3.24500278e-054 5.11240975e-022
  2.09267256e-032 2.43505144e-034 5.53210254e-071 3.22996151e-031
  1.74237243e-054 1.79238993e-039 2.17870962e-027 3.91103004e-014
  1.00000000e+000]
 [1.06058463e-046 1.13610576e-023 3.52052643e-057 3.62448793e-041
  1.40538732e-045 1.74260848e-025 1.00000000e+000 1.61852349e-056
  9.20756071e-008 1.52255535e-048 1.70811734e-078 1.58153695e-059
  6.94628155e-056 2.03571254e-038 1.12455472e-124 3.71527554e-072
  1.30899130e-043 1.45891558e-073 2.81604721e-029 8.00389286e-051
  1.00000000e+000]
 [2.13880651e-022 4.81725494e-036 2.36859187e-038 8.97651383e-011
  1.77810417e-015 4.54282948e-041 1.61852349e-056 1.00000000e+000
  9.10118387e-043 4.21373308e-022 1.14812682e-081 1.86307802e-082
  7.12056536e-032 2.32248399e-018 1.93999254e-083 1.42154198e-028
  1.83958759e-040 5.09977548e-071 2.51293089e-017 2.09335272e-061
  1.00000000e+000]
 [4.73291690e-045 6.07304075e-019 1.81336189e-058 9.98618411e-028
  5.43369704e-045 1.37561127e-020 9.20756071e-008 9.10118387e-043
  1.00000000e+000 8.94345952e-027 3.18696195e-092 3.88854120e-063
  6.23577215e-026 8.42538445e-023 5.00368930e-100 5.06388887e-055
  4.06010836e-021 1.92411930e-048 1.89203558e-032 3.76486290e-047
  1.00000000e+000]
 [4.06509145e-054 4.52101520e-043 8.74084213e-036 1.25581937e-024
  3.61558468e-050 1.55617532e-030 1.52255535e-048 4.21373308e-022
  8.94345952e-027 1.00000000e+000 2.97709103e-083 3.26823728e-068
  1.04928964e-014 2.72680848e-022 5.76117580e-059 1.04785701e-025
  1.81045827e-030 6.80723102e-027 1.66420237e-040 4.15605147e-063
  1.00000000e+000]
 [3.23222146e-071 7.99996785e-080 1.59702742e-027 5.57580784e-079
  9.28704595e-060 3.24500278e-054 1.70811734e-078 1.14812682e-081
  3.18696195e-092 2.97709103e-083 1.00000000e+000 5.56029798e-020
  2.24278117e-125 1.42576522e-095 1.72002548e-058 3.66629423e-052
  5.30739357e-122 9.29606810e-073 4.46889688e-061 4.91824361e-067
  1.00000000e+000]
 [3.27680813e-059 1.24978675e-045 2.41137108e-029 2.37219879e-072
  1.53646497e-063 5.11240975e-022 1.58153695e-059 1.86307802e-082
  3.88854120e-063 3.26823728e-068 5.56029798e-020 1.00000000e+000
  3.69261430e-085 5.58125201e-080 3.99196094e-048 7.02062834e-043
  2.57358305e-098 3.67674271e-043 1.74358706e-059 1.82936144e-029
  1.00000000e+000]
 [6.84702760e-048 1.44958363e-036 2.77368124e-068 1.14171704e-023
  6.98797142e-060 2.09267256e-032 6.94628155e-056 7.12056536e-032
  6.23577215e-026 1.04928964e-014 2.24278117e-125 3.69261430e-085
  1.00000000e+000 4.67329923e-016 1.57875448e-074 1.28239619e-032
  1.25532994e-022 2.75286727e-036 3.03770084e-056 7.09830566e-050
  1.00000000e+000]
 [6.39202658e-022 1.14510810e-037 2.52349061e-058 7.09739178e-005
  1.48898673e-035 2.43505144e-034 2.03571254e-038 2.32248399e-018
  8.42538445e-023 2.72680848e-022 1.42576522e-095 5.58125201e-080
  4.67329923e-016 1.00000000e+000 5.87264226e-081 1.89721579e-023
  4.68102572e-022 3.59482200e-055 1.67985532e-038 2.58815319e-041
  1.00000000e+000]
 [1.95326160e-098 5.00573350e-098 1.24786066e-070 1.02856459e-068
  8.49894582e-089 5.53210254e-071 1.12455472e-124 1.93999254e-083
  5.00368930e-100 5.76117580e-059 1.72002548e-058 3.99196094e-048
  1.57875448e-074 5.87264226e-081 1.00000000e+000 1.02582274e-030
  1.57650887e-079 4.22827398e-020 3.08484415e-109 8.55857569e-081
  1.00000000e+000]
 [2.18996481e-030 4.20614929e-054 2.45816361e-031 7.86374454e-022
  9.15008177e-046 3.22996151e-031 3.71527554e-072 1.42154198e-028
  5.06388887e-055 1.04785701e-025 3.66629423e-052 7.02062834e-043
  1.28239619e-032 1.89721579e-023 1.02582274e-030 1.00000000e+000
  1.02576693e-055 1.43896335e-032 3.82704510e-053 1.57557825e-031
  1.00000000e+000]
 [2.26737328e-062 8.43620222e-043 6.68187853e-096 9.62150014e-020
  3.15480713e-047 1.74237243e-054 1.30899130e-043 1.83958759e-040
  4.06010836e-021 1.81045827e-030 5.30739357e-122 2.57358305e-098
  1.25532994e-022 4.68102572e-022 1.57650887e-079 1.02576693e-055
  1.00000000e+000 2.01967206e-045 4.44315925e-056 1.09363673e-080
  1.00000000e+000]
 [2.02653180e-089 1.75074407e-063 4.52148719e-059 6.12219267e-055
  5.89824427e-085 1.79238993e-039 1.45891558e-073 5.09977548e-071
  1.92411930e-048 6.80723102e-027 9.29606810e-073 3.67674271e-043
  2.75286727e-036 3.59482200e-055 4.22827398e-020 1.43896335e-032
  2.01967206e-045 1.00000000e+000 5.95629371e-086 1.79031028e-063
  1.00000000e+000]
 [5.21763675e-023 1.13847100e-016 3.58982143e-029 4.27151931e-028
  2.02955146e-009 2.17870962e-027 2.81604721e-029 2.51293089e-017
  1.89203558e-032 1.66420237e-040 4.46889688e-061 1.74358706e-059
  3.03770084e-056 1.67985532e-038 3.08484415e-109 3.82704510e-053
  4.44315925e-056 5.95629371e-086 1.00000000e+000 6.58003651e-054
  1.00000000e+000]
 [1.09522997e-021 1.44527737e-030 9.79135054e-046 8.15320137e-046
  3.86343343e-057 3.91103004e-014 8.00389286e-051 2.09335272e-061
  3.76486290e-047 4.15605147e-063 4.91824361e-067 1.82936144e-029
  7.09830566e-050 2.58815319e-041 8.55857569e-081 1.57557825e-031
  1.09363673e-080 1.79031028e-063 6.58003651e-054 1.00000000e+000
  1.00000000e+000]
 [1.00000000e+000 1.00000000e+000 1.00000000e+000 1.00000000e+000
  1.00000000e+000 1.00000000e+000 1.00000000e+000 1.00000000e+000
  1.00000000e+000 1.00000000e+000 1.00000000e+000 1.00000000e+000
  1.00000000e+000 1.00000000e+000 1.00000000e+000 1.00000000e+000
  1.00000000e+000 1.00000000e+000 1.00000000e+000 1.00000000e+000
  0.00000000e+000]]
