[[1.00000000e+000 9.99588437e-059 4.91801279e-033 4.69574545e-028
  2.12849540e-019 1.97732449e-032 3.07277383e-052 2.36817068e-053
  1.21608922e-011 9.55239079e-041 7.78019254e-036 1.33089678e-058
  6.15699005e-053 1.17451448e-042 5.18707517e-061 3.25284993e-053
  9.16151269e-101 1.33284969e-014 2.28037854e-072 5.03062811e-020
  1.00000000e+000]
 [9.99588437e-059 1.00000000e+000 1.02040073e-025 1.36612047e-077
  5.71126052e-051 1.54854017e-040 2.00718738e-032 2.05535878e-089
  4.06642178e-072 6.01450269e-059 5.49502517e-028 2.31760808e-025
  5.74150102e-072 2.10983500e-042 9.49572480e-035 2.72406315e-022
  2.15092521e-035 5.92396892e-079 9.61970150e-044 2.77028934e-043
  1.00000000e+000]
 [4.91801279e-033 1.02040073e-025 1.00000000e+000 1.81548482e-038
  3.41957265e-025 1.70136700e-050 3.10729975e-047 9.61946956e-055
  1.53277881e-058 2.41769664e-022 6.01740097e-031 4.01017700e-036
  2.40587947e-058 2.04190415e-043 2.80583948e-049 1.28140259e-020
  5.92199764e-070 4.53910616e-053 2.04678535e-043 9.04375864e-028
  1.00000000e+000]
 [4.69574545e-028 1.36612047e-077 1.81548482e-038 1.00000000e+000
  2.40505615e-006 4.88484304e-042 2.32914943e-043 4.60607215e-027
  1.30582345e-039 2.90016354e-014 7.16379500e-039 1.02459558e-057
  7.00755697e-016 3.23940447e-057 4.48939907e-049 6.59625853e-052
  2.89860088e-083 7.51169639e-012 5.58462242e-051 3.01399145e-022
  1.00000000e+000]
 [2.12849540e-019 5.71126052e-051 3.41957265e-025 2.40505615e-006
  1.00000000e+000 6.52445133e-027 2.57557077e-024 6.51750415e-043
  7.11096054e-037 6.48264922e-011 8.57951762e-035 8.20044078e-048
  1.59212100e-016 5.84964231e-052 1.37193323e-032 1.83891984e-041
  2.80396966e-061 3.07154167e-014 2.01547289e-033 2.33405396e-010
  1.00000000e+000]
 [1.97732449e-032 1.54854017e-040 1.70136700e-050 4.88484304e-042
  6.52445133e-027 1.00000000e+000 4.75173069e-012 1.48174012e-061
  3.84547911e-027 1.15296944e-036 2.71635820e-041 2.08350007e-067
  2.08873884e-042 6.43836907e-062 3.62214053e-055 2.00856233e-031
  1.59435725e-061 6.56731352e-038 3.70183943e-076 2.42399749e-020
  1.00000000e+000]
 [3.07277383e-052 2.00718738e-032 3.10729975e-047 2.32914943e-043
  2.57557077e-024 4.75173069e-012 1.00000000e+000 1.46857224e-081
  1.99209602e-060 2.64064421e-030 7.32372360e-047 2.38960162e-055
  1.15759799e-036 7.35299347e-079 2.56025030e-029 2.35301541e-034
  5.28762619e-027 3.34625335e-052 6.85387110e-044 3.57845977e-028
  1.00000000e+000]
 [2.36817068e-053 2.05535878e-089 9.61946956e-055 4.60607215e-027
  6.51750415e-043 1.48174012e-061 1.46857224e-081 1.00000000e+000
  3.33657072e-041 5.84031792e-043 1.48670335e-031 5.47331437e-065
  7.68619646e-042 1.78857875e-039 7.15202993e-095 5.75364322e-043
  8.90770964e-125 2.06928014e-035 4.99111582e-104 2.40970261e-048
  1.00000000e+000]
 [1.21608922e-011 4.06642178e-072 1.53277881e-058 1.30582345e-039
  7.11096054e-037 3.84547911e-027 1.99209602e-060 3.33657072e-041
  1.00000000e+000 1.51942185e-059 5.43698284e-034 4.47540249e-070
  4.98716321e-060 8.87038840e-041 4.62434629e-083 4.27079086e-054
  7.38091211e-117 2.21450210e-018 1.34531703e-108 1.53337913e-032
  1.00000000e+000]
 [9.55239079e-041 6.01450269e-059 2.41769664e-022 2.90016354e-014
  6.48264922e-011 1.15296944e-036 2.64064421e-030 5.84031792e-043
  1.51942185e-059 1.00000000e+000 4.93800327e-050 7.61473540e-066
  1.57967341e-032 8.75986981e-077 1.29838683e-055 4.61197328e-030
  1.03051102e-071 1.45249000e-040 3.69942051e-052 2.76235879e-023
  1.00000000e+000]
 [7.78019254e-036 5.49502517e-028 6.01740097e-031 7.16379500e-039
  8.57951762e-035 2.71635820e-041 7.32372360e-047 1.48670335e-031
  5.43698284e-034 4.93800327e-050 1.00000000e+000 4.18917895e-010
  3.71517435e-045 1.68479384e-015 2.09287412e-034 1.93066664e-024
  7.47152790e-053 4.23640896e-034 2.76156086e-053 1.71837171e-040
  1.00000000e+000]
 [1.33089678e-058 2.31760808e-025 4.01017700e-036 1.02459558e-057
  8.20044078e-048 2.08350007e-067 2.38960162e-055 5.47331437e-065
  4.47540249e-070 7.61473540e-066 4.18917895e-010 1.00000000e+000
  1.60801964e-059 1.07022896e-030 2.16184864e-019 2.13987054e-040
  2.14564534e-034 2.97419514e-057 2.93576019e-034 3.48382251e-061
  1.00000000e+000]
 [6.15699005e-053 5.74150102e-072 2.40587947e-058 7.00755697e-016
  1.59212100e-016 2.08873884e-042 1.15759799e-036 7.68619646e-042
  4.98716321e-060 1.57967341e-032 3.71517435e-045 1.60801964e-059
  1.00000000e+000 6.27937539e-052 1.82431394e-040 1.30852167e-064
  3.84554040e-071 1.62020156e-022 1.52588537e-037 3.23934346e-021
  1.00000000e+000]
 [1.17451448e-042 2.10983500e-042 2.04190415e-043 3.23940447e-057
  5.84964231e-052 6.43836907e-062 7.35299347e-079 1.78857875e-039
  8.87038840e-041 8.75986981e-077 1.68479384e-015 1.07022896e-030
  6.27937539e-052 1.00000000e+000 1.08478489e-062 1.22429079e-049
  1.00847444e-099 1.47333710e-040 2.34045731e-068 2.34441387e-039
  1.00000000e+000]
 [5.18707517e-061 9.49572480e-035 2.80583948e-049 4.48939907e-049
  1.37193323e-032 3.62214053e-055 2.56025030e-029 7.15202993e-095
  4.62434629e-083 1.29838683e-055 2.09287412e-034 2.16184864e-019
  1.82431394e-040 1.08478489e-062 1.00000000e+000 1.79828307e-061
  3.31807901e-014 8.80644072e-052 3.39326627e-011 3.47970232e-050
  1.00000000e+000]
 [3.25284993e-053 2.72406315e-022 1.28140259e-020 6.59625853e-052
  1.83891984e-041 2.00856233e-031 2.35301541e-034 5.75364322e-043
  4.27079086e-054 4.61197328e-030 1.93066664e-024 2.13987054e-040
  1.30852167e-064 1.22429079e-049 1.79828307e-061 1.00000000e+000
  3.28775399e-058 7.47047538e-068 1.42256327e-074 2.43770050e-041
  1.00000000e+000]
 [9.16151269e-101 2.15092521e-035 5.92199764e-070 2.89860088e-083
  2.80396966e-061 1.59435725e-061 5.28762619e-027 8.90770964e-125
  7.38091211e-117 1.03051102e-071 7.47152790e-053 2.14564534e-034
  3.84554040e-071 1.00847444e-099 3.31807901e-014 3.28775399e-058
  1.00000000e+000 3.68551583e-096 1.22841590e-034 3.12355251e-081
  1.00000000e+000]
 [1.33284969e-014 5.92396892e-079 4.53910616e-053 7.51169639e-012
  3.07154167e-014 6.56731352e-038 3.34625335e-052 2.06928014e-035
  2.21450210e-018 1.45249000e-040 4.23640896e-034 2.97419514e-057
  1.62020156e-022 1.47333710e-040 8.80644072e-052 7.47047538e-068
  3.68551583e-096 1.00000000e+000 2.52798644e-062 1.97456355e-021
  1.00000000e+000]
 [2.28037854e-072 9.61970150e-044 2.04678535e-043 5.58462242e-051
  2.01547289e-033 3.70183943e-076 6.85387110e-044 4.99111582e-104
  1.34531703e-108 3.69942051e-052 2.76156086e-053 2.93576019e-034
  1.52588537e-037 2.34045731e-068 3.39326627e-011 1.42256327e-074
  1.22841590e-034 2.52798644e-062 1.00000000e+000 4.41289796e-046
  1.00000000e+000]
 [5.03062811e-020 2.77028934e-043 9.04375864e-028 3.01399145e-022
  2.33405396e-010 2.42399749e-020 3.57845977e-028 2.40970261e-048
  1.53337913e-032 2.76235879e-023 1.71837171e-040 3.48382251e-061
  3.23934346e-021 2.34441387e-039 3.47970232e-050 2.43770050e-041
  3.12355251e-081 1.97456355e-021 4.41289796e-046 1.00000000e+000
  1.00000000e+000]
 [1.00000000e+000 1.00000000e+000 1.00000000e+000 1.00000000e+000
  1.00000000e+000 1.00000000e+000 1.00000000e+000 1.00000000e+000
  1.00000000e+000 1.00000000e+000 1.00000000e+000 1.00000000e+000
  1.00000000e+000 1.00000000e+000 1.00000000e+000 1.00000000e+000
  1.00000000e+000 1.00000000e+000 1.00000000e+000 1.00000000e+000
  0.00000000e+000]]
