[[1.00000000e+000 1.85436657e-017 5.88670809e-024 1.83437729e-033
  2.36253751e-063 1.16314046e-044 2.30585549e-015 9.13088000e-028
  6.32700802e-046 2.09837780e-037 1.09743678e-034 5.98789178e-032
  5.17176332e-016 1.18678942e-026 7.03540363e-024 2.37817866e-029
  9.60307913e-047 2.25958620e-018 9.12669751e-049 1.52253129e-052
  1.00000000e+000]
 [1.85436657e-017 1.00000000e+000 1.90694350e-023 1.26421184e-034
  2.36608803e-029 1.27379969e-032 2.05912733e-027 8.04144382e-025
  1.69241617e-064 9.95102955e-048 3.53031838e-037 6.48334081e-029
  2.00177491e-025 2.45929872e-021 5.81279997e-023 1.13268688e-045
  2.95333311e-013 1.71634826e-014 3.86472129e-030 8.31073694e-028
  1.00000000e+000]
 [5.88670809e-024 1.90694350e-023 1.00000000e+000 1.96736888e-029
  3.83265820e-024 1.42468630e-026 3.17826969e-018 5.27182367e-024
  9.86362453e-035 2.92676656e-047 2.04388576e-022 1.73809370e-043
  6.03682719e-032 7.56531811e-021 1.77442001e-015 7.66567436e-026
  8.57626547e-039 2.27005767e-025 5.37773330e-061 1.72078500e-073
  1.00000000e+000]
 [1.83437729e-033 1.26421184e-034 1.96736888e-029 1.00000000e+000
  9.23901672e-062 1.23810080e-018 1.39507482e-043 4.23621573e-024
  2.18468068e-029 1.96233291e-038 2.16802169e-006 1.13167717e-063
  1.36794826e-019 8.66472206e-034 3.46276014e-017 3.59534999e-020
  2.97380187e-054 3.69009692e-068 1.29115976e-081 8.87461076e-069
  1.00000000e+000]
 [2.36253751e-063 2.36608803e-029 3.83265820e-024 9.23901672e-062
  1.00000000e+000 4.64579769e-046 1.63141478e-055 1.68299281e-038
  5.60591212e-070 3.63555970e-067 3.35816704e-055 3.48750710e-047
  4.13921181e-054 1.50205306e-035 1.35032453e-031 6.16687197e-057
  7.23134265e-041 2.62698239e-037 5.93659613e-039 1.89062450e-053
  1.00000000e+000]
 [1.16314046e-044 1.27379969e-032 1.42468630e-026 1.23810080e-018
  4.64579769e-046 1.00000000e+000 3.90919568e-029 1.11506690e-010
  1.06994365e-032 1.40297714e-068 8.14385323e-014 3.12950632e-054
  7.16101029e-035 1.23136226e-030 3.68556395e-014 1.29031029e-044
  3.88701043e-039 1.94046430e-062 1.96256399e-093 1.57221636e-090
  1.00000000e+000]
 [2.30585549e-015 2.05912733e-027 3.17826969e-018 1.39507482e-043
  1.63141478e-055 3.90919568e-029 1.00000000e+000 1.75568534e-020
  8.49173217e-032 1.16425922e-074 2.91588412e-040 1.47940979e-024
  4.27319224e-032 3.18568159e-039 1.29470226e-018 1.54142185e-048
  7.36832271e-050 2.42303751e-029 2.55030062e-073 4.87258291e-086
  1.00000000e+000]
 [9.13088000e-028 8.04144382e-025 5.27182367e-024 4.23621573e-024
  1.68299281e-038 1.11506690e-010 1.75568534e-020 1.00000000e+000
  1.29837077e-022 6.76215919e-044 1.13431648e-018 2.16502962e-028
  4.77352518e-014 1.07264052e-020 1.04242181e-004 1.66925281e-028
  3.18344431e-049 7.89676923e-042 1.33012652e-057 8.84005558e-064
  1.00000000e+000]
 [6.32700802e-046 1.69241617e-064 9.86362453e-035 2.18468068e-029
  5.60591212e-070 1.06994365e-032 8.49173217e-032 1.29837077e-022
  1.00000000e+000 3.58166921e-066 4.77979340e-032 1.12090823e-041
  1.51941077e-025 7.78000375e-062 2.80270083e-013 1.54943018e-029
  7.08456014e-107 3.39349018e-084 5.40502540e-092 1.36074738e-101
  1.00000000e+000]
 [2.09837780e-037 9.95102955e-048 2.92676656e-047 1.96233291e-038
  3.63555970e-067 1.40297714e-068 1.16425922e-074 6.76215919e-044
  3.58166921e-066 1.00000000e+000 3.05931277e-032 3.85176517e-080
  2.11122163e-020 2.16307479e-021 2.23404030e-040 2.02713264e-010
  2.69665192e-085 1.76552670e-050 3.00568787e-051 2.07419290e-054
  1.00000000e+000]
 [1.09743678e-034 3.53031838e-037 2.04388576e-022 2.16802169e-006
  3.35816704e-055 8.14385323e-014 2.91588412e-040 1.13431648e-018
  4.77979340e-032 3.05931277e-032 1.00000000e+000 2.19035827e-072
  1.66616702e-023 4.47326756e-019 4.00434754e-017 6.16799945e-016
  5.75246605e-052 5.78060057e-060 1.75439936e-089 4.37932255e-085
  1.00000000e+000]
 [5.98789178e-032 6.48334081e-029 1.73809370e-043 1.13167717e-063
  3.48750710e-047 3.12950632e-054 1.47940979e-024 2.16502962e-028
  1.12090823e-041 3.85176517e-080 2.19035827e-072 1.00000000e+000
  2.36840457e-028 6.13100235e-062 8.06221441e-023 2.09481080e-063
  5.46124728e-069 7.00491483e-039 5.94741316e-031 1.14895390e-042
  1.00000000e+000]
 [5.17176332e-016 2.00177491e-025 6.03682719e-032 1.36794826e-019
  4.13921181e-054 7.16101029e-035 4.27319224e-032 4.77352518e-014
  1.51941077e-025 2.11122163e-020 1.66616702e-023 2.36840457e-028
  1.00000000e+000 2.27470801e-026 2.18079191e-010 1.64148389e-013
  1.54987294e-065 6.48767049e-041 7.08320934e-038 1.64634517e-038
  1.00000000e+000]
 [1.18678942e-026 2.45929872e-021 7.56531811e-021 8.66472206e-034
  1.50205306e-035 1.23136226e-030 3.18568159e-039 1.07264052e-020
  7.78000375e-062 2.16307479e-021 4.47326756e-019 6.13100235e-062
  2.27470801e-026 1.00000000e+000 2.84595304e-025 2.39993615e-023
  2.00085105e-034 1.41862754e-022 3.96477377e-055 2.11191403e-062
  1.00000000e+000]
 [7.03540363e-024 5.81279997e-023 1.77442001e-015 3.46276014e-017
  1.35032453e-031 3.68556395e-014 1.29470226e-018 1.04242181e-004
  2.80270083e-013 2.23404030e-040 4.00434754e-017 8.06221441e-023
  2.18079191e-010 2.84595304e-025 1.00000000e+000 2.46363069e-020
  1.74043775e-051 8.86812846e-041 4.51266775e-049 7.74468248e-055
  1.00000000e+000]
 [2.37817866e-029 1.13268688e-045 7.66567436e-026 3.59534999e-020
  6.16687197e-057 1.29031029e-044 1.54142185e-048 1.66925281e-028
  1.54943018e-029 2.02713264e-010 6.16799945e-016 2.09481080e-063
  1.64148389e-013 2.39993615e-023 2.46363069e-020 1.00000000e+000
  3.74436878e-083 1.06231497e-052 4.10177700e-062 3.58367592e-068
  1.00000000e+000]
 [9.60307913e-047 2.95333311e-013 8.57626547e-039 2.97380187e-054
  7.23134265e-041 3.88701043e-039 7.36832271e-050 3.18344431e-049
  7.08456014e-107 2.69665192e-085 5.75246605e-052 5.46124728e-069
  1.54987294e-065 2.00085105e-034 1.74043775e-051 3.74436878e-083
  1.00000000e+000 2.70501491e-032 2.78414917e-070 4.49511633e-062
  1.00000000e+000]
 [2.25958620e-018 1.71634826e-014 2.27005767e-025 3.69009692e-068
  2.62698239e-037 1.94046430e-062 2.42303751e-029 7.89676923e-042
  3.39349018e-084 1.76552670e-050 5.78060057e-060 7.00491483e-039
  6.48767049e-041 1.41862754e-022 8.86812846e-041 1.06231497e-052
  2.70501491e-032 1.00000000e+000 5.70366890e-034 4.88483777e-049
  1.00000000e+000]
 [9.12669751e-049 3.86472129e-030 5.37773330e-061 1.29115976e-081
  5.93659613e-039 1.96256399e-093 2.55030062e-073 1.33012652e-057
  5.40502540e-092 3.00568787e-051 1.75439936e-089 5.94741316e-031
  7.08320934e-038 3.96477377e-055 4.51266775e-049 4.10177700e-062
  2.78414917e-070 5.70366890e-034 1.00000000e+000 6.87286417e-009
  1.00000000e+000]
 [1.52253129e-052 8.31073694e-028 1.72078500e-073 8.87461076e-069
  1.89062450e-053 1.57221636e-090 4.87258291e-086 8.84005558e-064
  1.36074738e-101 2.07419290e-054 4.37932255e-085 1.14895390e-042
  1.64634517e-038 2.11191403e-062 7.74468248e-055 3.58367592e-068
  4.49511633e-062 4.88483777e-049 6.87286417e-009 1.00000000e+000
  1.00000000e+000]
 [1.00000000e+000 1.00000000e+000 1.00000000e+000 1.00000000e+000
  1.00000000e+000 1.00000000e+000 1.00000000e+000 1.00000000e+000
  1.00000000e+000 1.00000000e+000 1.00000000e+000 1.00000000e+000
  1.00000000e+000 1.00000000e+000 1.00000000e+000 1.00000000e+000
  1.00000000e+000 1.00000000e+000 1.00000000e+000 1.00000000e+000
  0.00000000e+000]]
