[[1.00000000e+000 1.31673308e-021 2.88850151e-072 4.35664144e-037
  5.48501186e-052 6.58402393e-010 6.38270764e-049 4.51980099e-028
  3.37656593e-066 2.38034436e-050 5.44004808e-025 1.34178860e-056
  3.81485217e-032 4.12979331e-054 5.65640671e-043 9.29922728e-017
  1.63939651e-010 6.82814291e-049 2.49507387e-046 3.84257509e-052
  1.00000000e+000]
 [1.31673308e-021 1.00000000e+000 8.52007285e-065 1.03820490e-032
  5.71236549e-090 3.28411189e-041 2.48215236e-085 1.93220576e-057
  6.82505693e-082 8.80802571e-043 1.03038326e-008 2.67843754e-053
  2.41688016e-024 1.22116716e-044 4.92002096e-041 2.30905359e-034
  7.31374293e-032 1.08675497e-045 2.68405480e-046 1.84451201e-050
  1.00000000e+000]
 [2.88850151e-072 8.52007285e-065 1.00000000e+000 1.75542614e-018
  9.60304702e-075 1.48680081e-061 4.54313303e-041 5.95188080e-052
  1.33756390e-017 5.27976730e-045 2.51364367e-055 9.13401739e-065
  2.76141672e-053 2.69518374e-008 6.96590900e-030 2.49031811e-034
  1.77378724e-073 2.67458887e-083 8.19903212e-026 7.80078399e-014
  1.00000000e+000]
 [4.35664144e-037 1.03820490e-032 1.75542614e-018 1.00000000e+000
  9.20946799e-067 4.00685334e-030 8.29301846e-036 7.61831104e-042
  1.18047195e-028 6.98465930e-024 4.72109720e-020 1.74975605e-066
  9.89853782e-027 5.39298950e-022 1.82343917e-016 1.72319734e-026
  4.43102210e-028 1.00134110e-041 2.49949986e-004 1.16045791e-024
  1.00000000e+000]
 [5.48501186e-052 5.71236549e-090 9.60304702e-075 9.20946799e-067
  1.00000000e+000 1.46682666e-031 1.69390464e-027 7.06095611e-038
  1.49806830e-035 2.74303211e-038 9.97492598e-068 2.82991451e-046
  4.35494616e-096 1.14149247e-052 6.28172986e-080 1.09114385e-061
  2.32614567e-048 7.37602459e-087 1.62499541e-085 1.70440636e-054
  1.00000000e+000]
 [6.58402393e-010 3.28411189e-041 1.48680081e-061 4.00685334e-030
  1.46682666e-031 1.00000000e+000 8.51079673e-034 6.39977161e-020
  3.11672095e-044 8.25093639e-043 6.26569017e-034 2.48472199e-065
  4.49959605e-046 9.81831138e-049 5.45257211e-049 1.50403831e-022
  6.53557580e-010 1.57786947e-044 2.00558428e-036 2.87657931e-051
  1.00000000e+000]
 [6.38270764e-049 2.48215236e-085 4.54313303e-041 8.29301846e-036
  1.69390464e-027 8.51079673e-034 1.00000000e+000 3.90399031e-044
  7.14085977e-017 5.81284678e-036 1.05226573e-059 2.45161345e-052
  5.16858638e-057 2.42392233e-043 3.57385458e-039 3.04709893e-035
  2.94616644e-042 1.15394847e-094 6.36707762e-046 5.98812187e-026
  1.00000000e+000]
 [4.51980099e-028 1.93220576e-057 5.95188080e-052 7.61831104e-042
  7.06095611e-038 6.39977161e-020 3.90399031e-044 1.00000000e+000
  1.86704793e-054 2.23170838e-057 8.29182101e-059 2.47003483e-085
  3.43351077e-084 2.08329786e-034 8.83443656e-039 8.77736896e-032
  7.95963691e-028 4.74152068e-035 7.69001704e-044 1.25509690e-058
  1.00000000e+000]
 [3.37656593e-066 6.82505693e-082 1.33756390e-017 1.18047195e-028
  1.49806830e-035 3.11672095e-044 7.14085977e-017 1.86704793e-054
  1.00000000e+000 3.67947227e-035 5.36593152e-059 1.31028803e-044
  8.04619051e-056 1.84689672e-022 1.51446707e-052 9.98865181e-038
  1.74513661e-065 1.05897285e-102 2.35702080e-042 1.53942778e-013
  1.00000000e+000]
 [2.38034436e-050 8.80802571e-043 5.27976730e-045 6.98465930e-024
  2.74303211e-038 8.25093639e-043 5.81284678e-036 2.23170838e-057
  3.67947227e-035 1.00000000e+000 1.41593312e-017 5.44135411e-039
  1.66078271e-048 2.47873862e-032 5.81094251e-035 7.65947359e-059
  2.05877961e-034 5.93833973e-051 3.80668849e-040 5.71206446e-033
  1.00000000e+000]
 [5.44004808e-025 1.03038326e-008 2.51364367e-055 4.72109720e-020
  9.97492598e-068 6.26569017e-034 1.05226573e-059 8.29182101e-059
  5.36593152e-059 1.41593312e-017 1.00000000e+000 3.62912373e-043
  7.79744252e-020 1.72726931e-040 1.78527965e-033 5.43254874e-039
  1.55540340e-022 2.87454730e-042 2.35705037e-034 2.70247513e-039
  1.00000000e+000]
 [1.34178860e-056 2.67843754e-053 9.13401739e-065 1.74975605e-066
  2.82991451e-046 2.48472199e-065 2.45161345e-052 2.47003483e-085
  1.31028803e-044 5.44135411e-039 3.62912373e-043 1.00000000e+000
  4.53116000e-046 2.47166201e-044 8.71541275e-077 4.33038529e-050
  2.40228251e-076 1.63651308e-129 6.12822915e-099 3.40826371e-024
  1.00000000e+000]
 [3.81485217e-032 2.41688016e-024 2.76141672e-053 9.89853782e-027
  4.35494616e-096 4.49959605e-046 5.16858638e-057 3.43351077e-084
  8.04619051e-056 1.66078271e-048 7.79744252e-020 4.53116000e-046
  1.00000000e+000 2.65500472e-054 7.96254814e-044 1.82426984e-023
  3.24947460e-044 3.27771196e-095 8.81302748e-041 3.61308044e-029
  1.00000000e+000]
 [4.12979331e-054 1.22116716e-044 2.69518374e-008 5.39298950e-022
  1.14149247e-052 9.81831138e-049 2.42392233e-043 2.08329786e-034
  1.84689672e-022 2.47873862e-032 1.72726931e-040 2.47166201e-044
  2.65500472e-054 1.00000000e+000 3.44118642e-029 3.15936086e-031
  6.93910275e-059 2.31031966e-062 2.96574084e-034 9.68645858e-015
  1.00000000e+000]
 [5.65640671e-043 4.92002096e-041 6.96590900e-030 1.82343917e-016
  6.28172986e-080 5.45257211e-049 3.57385458e-039 8.83443656e-039
  1.51446707e-052 5.81094251e-035 1.78527965e-033 8.71541275e-077
  7.96254814e-044 3.44118642e-029 1.00000000e+000 1.98433752e-033
  1.39418178e-033 1.26327066e-043 3.23825169e-018 8.57891478e-034
  1.00000000e+000]
 [9.29922728e-017 2.30905359e-034 2.49031811e-034 1.72319734e-026
  1.09114385e-061 1.50403831e-022 3.04709893e-035 8.77736896e-032
  9.98865181e-038 7.65947359e-059 5.43254874e-039 4.33038529e-050
  1.82426984e-023 3.15936086e-031 1.98433752e-033 1.00000000e+000
  1.51719282e-034 3.65627065e-077 8.10916046e-035 7.15594389e-023
  1.00000000e+000]
 [1.63939651e-010 7.31374293e-032 1.77378724e-073 4.43102210e-028
  2.32614567e-048 6.53557580e-010 2.94616644e-042 7.95963691e-028
  1.74513661e-065 2.05877961e-034 1.55540340e-022 2.40228251e-076
  3.24947460e-044 6.93910275e-059 1.39418178e-033 1.51719282e-034
  1.00000000e+000 5.26364080e-027 5.85511271e-032 1.93089903e-062
  1.00000000e+000]
 [6.82814291e-049 1.08675497e-045 2.67458887e-083 1.00134110e-041
  7.37602459e-087 1.57786947e-044 1.15394847e-094 4.74152068e-035
  1.05897285e-102 5.93833973e-051 2.87454730e-042 1.63651308e-129
  3.27771196e-095 2.31031966e-062 1.26327066e-043 3.65627065e-077
  5.26364080e-027 1.00000000e+000 1.23587736e-038 3.84421154e-101
  1.00000000e+000]
 [2.49507387e-046 2.68405480e-046 8.19903212e-026 2.49949986e-004
  1.62499541e-085 2.00558428e-036 6.36707762e-046 7.69001704e-044
  2.35702080e-042 3.80668849e-040 2.35705037e-034 6.12822915e-099
  8.81302748e-041 2.96574084e-034 3.23825169e-018 8.10916046e-035
  5.85511271e-032 1.23587736e-038 1.00000000e+000 5.19803944e-042
  1.00000000e+000]
 [3.84257509e-052 1.84451201e-050 7.80078399e-014 1.16045791e-024
  1.70440636e-054 2.87657931e-051 5.98812187e-026 1.25509690e-058
  1.53942778e-013 5.71206446e-033 2.70247513e-039 3.40826371e-024
  3.61308044e-029 9.68645858e-015 8.57891478e-034 7.15594389e-023
  1.93089903e-062 3.84421154e-101 5.19803944e-042 1.00000000e+000
  1.00000000e+000]
 [1.00000000e+000 1.00000000e+000 1.00000000e+000 1.00000000e+000
  1.00000000e+000 1.00000000e+000 1.00000000e+000 1.00000000e+000
  1.00000000e+000 1.00000000e+000 1.00000000e+000 1.00000000e+000
  1.00000000e+000 1.00000000e+000 1.00000000e+000 1.00000000e+000
  1.00000000e+000 1.00000000e+000 1.00000000e+000 1.00000000e+000
  0.00000000e+000]]
