[[1.00000000e+000 6.12853849e-057 9.55454520e-100 1.20255201e-003
  3.91239127e-063 6.13832898e-046 1.64750101e-018 2.98226545e-034
  8.54678460e-035 1.03894198e-067 6.63048671e-035 1.61910488e-044
  1.10033486e-040 3.67719325e-064 2.92795730e-037 2.38894655e-075
  1.95908116e-042 9.29389525e-060 3.74934578e-035 1.34562051e-018
  1.00000000e+000]
 [6.12853849e-057 1.00000000e+000 2.74968347e-060 2.78785922e-041
  7.96763256e-058 8.15927201e-038 1.83667500e-047 2.36166353e-058
  1.99614408e-066 2.70663139e-062 3.37525928e-077 9.45259994e-082
  7.96166460e-040 1.47906072e-042 9.74287802e-036 1.25821566e-066
  6.25779033e-045 6.25631749e-094 2.19165423e-055 1.18329227e-040
  1.00000000e+000]
 [9.55454520e-100 2.74968347e-060 1.00000000e+000 4.63442039e-077
  3.04595184e-047 1.98981091e-038 4.83356506e-069 1.16076392e-061
  2.95885005e-045 2.72877233e-053 1.16641037e-057 4.97060621e-051
  3.27426278e-112 3.20757057e-012 3.16978985e-048 5.48191479e-072
  6.05673078e-059 2.11978130e-059 4.73654543e-067 1.39235682e-053
  1.00000000e+000]
 [1.20255201e-003 2.78785922e-041 4.63442039e-077 1.00000000e+000
  5.19087289e-056 1.72305195e-039 8.81408031e-020 4.35134845e-029
  2.27275464e-030 2.64246030e-053 4.12671335e-030 6.85656896e-036
  1.29739498e-043 3.43562762e-045 1.24884018e-034 9.99193439e-074
  2.29516628e-024 8.87357440e-054 2.20328681e-027 1.34127642e-015
  1.00000000e+000]
 [3.91239127e-063 7.96763256e-058 3.04595184e-047 5.19087289e-056
  1.00000000e+000 3.27247665e-008 2.80692669e-021 1.02748605e-013
  6.65509216e-049 2.77697645e-080 7.43225212e-064 8.92590073e-056
  2.08542999e-041 5.40218451e-025 4.79976162e-021 2.53943865e-011
  1.45426548e-080 1.86371386e-033 8.44924760e-040 1.74841656e-034
  1.00000000e+000]
 [6.13832898e-046 8.15927201e-038 1.98981091e-038 1.72305195e-039
  3.27247665e-008 1.00000000e+000 4.79033893e-013 2.13572224e-015
  4.65998469e-035 5.46388819e-056 1.20036083e-057 1.73354862e-057
  2.58001247e-026 3.12814749e-023 6.94506924e-007 1.42196685e-018
  1.39795017e-067 2.53490347e-044 3.43014150e-044 1.01687929e-016
  1.00000000e+000]
 [1.64750101e-018 1.83667500e-047 4.83356506e-069 8.81408031e-020
  2.80692669e-021 4.79033893e-013 1.00000000e+000 1.78073664e-013
  1.52774213e-021 3.71296527e-052 5.88787249e-038 2.22287943e-041
  3.05534871e-017 7.87484827e-040 5.53775925e-014 1.02553732e-024
  3.12680043e-066 2.68434166e-031 3.39235519e-025 1.56889144e-017
  1.00000000e+000]
 [2.98226545e-034 2.36166353e-058 1.16076392e-061 4.35134845e-029
  1.02748605e-013 2.13572224e-015 1.78073664e-013 1.00000000e+000
  6.54545973e-039 6.53015097e-057 4.31823726e-056 1.36944482e-046
  1.41890593e-037 9.49530953e-026 8.01833925e-031 2.01783973e-036
  2.36225106e-054 1.82990376e-030 2.70869023e-027 6.48799184e-026
  1.00000000e+000]
 [8.54678460e-035 1.99614408e-066 2.95885005e-045 2.27275464e-030
  6.65509216e-049 4.65998469e-035 1.52774213e-021 6.54545973e-039
  1.00000000e+000 6.16639881e-026 5.11201150e-015 6.05896403e-018
  9.00084952e-064 3.38414768e-033 4.33758896e-035 2.38395869e-055
  1.90511884e-062 1.26728117e-021 1.56386445e-025 1.09525853e-035
  1.00000000e+000]
 [1.03894198e-067 2.70663139e-062 2.72877233e-053 2.64246030e-053
  2.77697645e-080 5.46388819e-056 3.71296527e-052 6.53015097e-057
  6.16639881e-026 1.00000000e+000 4.63843067e-064 3.76385944e-059
  1.21945391e-081 6.45808724e-039 1.43574620e-069 5.98957470e-102
  8.41487695e-068 1.22053825e-058 1.25563693e-051 5.62680077e-066
  1.00000000e+000]
 [6.63048671e-035 3.37525928e-077 1.16641037e-057 4.12671335e-030
  7.43225212e-064 1.20036083e-057 5.88787249e-038 4.31823726e-056
  5.11201150e-015 4.63843067e-064 1.00000000e+000 3.33839546e-005
  1.67826081e-091 6.05871869e-044 1.12065481e-049 3.06752720e-069
  9.23967566e-050 4.50439426e-026 1.62288863e-022 1.89377733e-043
  1.00000000e+000]
 [1.61910488e-044 9.45259994e-082 4.97060621e-051 6.85656896e-036
  8.92590073e-056 1.73354862e-057 2.22287943e-041 1.36944482e-046
  6.05896403e-018 3.76385944e-059 3.33839546e-005 1.00000000e+000
  5.51891589e-100 3.25979937e-032 2.25689499e-059 1.96136904e-068
  7.74857790e-046 1.95659641e-014 2.68524174e-014 1.95085599e-052
  1.00000000e+000]
 [1.10033486e-040 7.96166460e-040 3.27426278e-112 1.29739498e-043
  2.08542999e-041 2.58001247e-026 3.05534871e-017 1.41890593e-037
  9.00084952e-064 1.21945391e-081 1.67826081e-091 5.51891589e-100
  1.00000000e+000 1.67889723e-076 1.60232121e-024 1.18370610e-035
  7.33669456e-102 2.80492834e-082 3.48234237e-060 2.98777053e-037
  1.00000000e+000]
 [3.67719325e-064 1.47906072e-042 3.20757057e-012 3.43562762e-045
  5.40218451e-025 3.12814749e-023 7.87484827e-040 9.49530953e-026
  3.38414768e-033 6.45808724e-039 6.05871869e-044 3.25979937e-032
  1.67889723e-076 1.00000000e+000 1.61925461e-038 9.61123272e-052
  2.64742312e-035 1.62149032e-032 8.51906922e-031 5.39048961e-038
  1.00000000e+000]
 [2.92795730e-037 9.74287802e-036 3.16978985e-048 1.24884018e-034
  4.79976162e-021 6.94506924e-007 5.53775925e-014 8.01833925e-031
  4.33758896e-035 1.43574620e-069 1.12065481e-049 2.25689499e-059
  1.60232121e-024 1.61925461e-038 1.00000000e+000 9.53146931e-023
  3.06564023e-070 1.36254169e-057 2.41338578e-052 1.55003919e-010
  1.00000000e+000]
 [2.38894655e-075 1.25821566e-066 5.48191479e-072 9.99193439e-074
  2.53943865e-011 1.42196685e-018 1.02553732e-024 2.01783973e-036
  2.38395869e-055 5.98957470e-102 3.06752720e-069 1.96136904e-068
  1.18370610e-035 9.61123272e-052 9.53146931e-023 1.00000000e+000
  5.37968824e-119 1.78031884e-041 8.00928694e-049 2.15852496e-051
  1.00000000e+000]
 [1.95908116e-042 6.25779033e-045 6.05673078e-059 2.29516628e-024
  1.45426548e-080 1.39795017e-067 3.12680043e-066 2.36225106e-054
  1.90511884e-062 8.41487695e-068 9.23967566e-050 7.74857790e-046
  7.33669456e-102 2.64742312e-035 3.06564023e-070 5.37968824e-119
  1.00000000e+000 5.02470156e-080 4.63947664e-046 9.26414716e-041
  1.00000000e+000]
 [9.29389525e-060 6.25631749e-094 2.11978130e-059 8.87357440e-054
  1.86371386e-033 2.53490347e-044 2.68434166e-031 1.82990376e-030
  1.26728117e-021 1.22053825e-058 4.50439426e-026 1.95659641e-014
  2.80492834e-082 1.62149032e-032 1.36254169e-057 1.78031884e-041
  5.02470156e-080 1.00000000e+000 2.22544657e-013 9.34109005e-064
  1.00000000e+000]
 [3.74934578e-035 2.19165423e-055 4.73654543e-067 2.20328681e-027
  8.44924760e-040 3.43014150e-044 3.39235519e-025 2.70869023e-027
  1.56386445e-025 1.25563693e-051 1.62288863e-022 2.68524174e-014
  3.48234237e-060 8.51906922e-031 2.41338578e-052 8.00928694e-049
  4.63947664e-046 2.22544657e-013 1.00000000e+000 5.06404332e-051
  1.00000000e+000]
 [1.34562051e-018 1.18329227e-040 1.39235682e-053 1.34127642e-015
  1.74841656e-034 1.01687929e-016 1.56889144e-017 6.48799184e-026
  1.09525853e-035 5.62680077e-066 1.89377733e-043 1.95085599e-052
  2.98777053e-037 5.39048961e-038 1.55003919e-010 2.15852496e-051
  9.26414716e-041 9.34109005e-064 5.06404332e-051 1.00000000e+000
  1.00000000e+000]
 [1.00000000e+000 1.00000000e+000 1.00000000e+000 1.00000000e+000
  1.00000000e+000 1.00000000e+000 1.00000000e+000 1.00000000e+000
  1.00000000e+000 1.00000000e+000 1.00000000e+000 1.00000000e+000
  1.00000000e+000 1.00000000e+000 1.00000000e+000 1.00000000e+000
  1.00000000e+000 1.00000000e+000 1.00000000e+000 1.00000000e+000
  0.00000000e+000]]
