[[1.00000000e+00 9.35149343e-47 1.10002782e-24 ... 1.90775244e-23
  5.68180141e-58 1.00000000e+00]
 [9.35149343e-47 1.00000000e+00 9.45326181e-47 ... 1.02965912e-63
  8.06033446e-56 1.00000000e+00]
 [1.10002782e-24 9.45326181e-47 1.00000000e+00 ... 5.71022609e-17
  3.53741901e-41 1.00000000e+00]
 ...
 [1.90775244e-23 1.02965912e-63 5.71022609e-17 ... 1.00000000e+00
  3.31091483e-34 1.00000000e+00]
 [5.68180141e-58 8.06033446e-56 3.53741901e-41 ... 3.31091483e-34
  1.00000000e+00 1.00000000e+00]
 [1.00000000e+00 1.00000000e+00 1.00000000e+00 ... 1.00000000e+00
  1.00000000e+00 0.00000000e+00]]
