[[1.00000000e+000 7.50141866e-050 2.96391330e-052 5.82274053e-038
  3.18688759e-110 9.35437095e-058 1.09029475e-041 2.42301105e-073
  9.38549118e-051 1.60779807e-031 5.31729308e-080 2.62751992e-033
  4.50398229e-049 8.72967687e-075 3.97878099e-037 1.81426057e-065
  3.86042571e-004 5.26565140e-026 6.59087642e-063 2.28700502e-022
  1.00000000e+000]
 [7.50141866e-050 1.00000000e+000 2.12236324e-044 2.43087665e-031
  3.26508006e-048 1.19920682e-050 1.04623116e-075 9.78129060e-029
  9.04529239e-023 5.07754712e-021 1.17593557e-018 1.22413378e-042
  4.49724851e-012 2.81926284e-065 8.36076892e-027 9.94809379e-050
  1.70500262e-051 1.92361189e-025 1.22829160e-047 4.84391765e-069
  1.00000000e+000]
 [2.96391330e-052 2.12236324e-044 1.00000000e+000 1.16889525e-035
  1.23905552e-025 3.04012003e-032 1.14372329e-028 4.08143483e-013
  1.40907706e-039 8.97909991e-013 1.28195626e-041 1.05004105e-044
  4.88946996e-036 1.43560456e-013 9.50425608e-010 2.63583469e-006
  1.29114927e-065 3.15776324e-037 3.33944893e-064 1.28350870e-034
  1.00000000e+000]
 [5.82274053e-038 2.43087665e-031 1.16889525e-035 1.00000000e+000
  6.91578919e-063 2.37242069e-042 3.65319463e-068 2.99140773e-039
  2.49604480e-018 4.18300055e-039 4.37002144e-028 2.86177246e-007
  1.58677514e-031 5.75670597e-066 1.12303430e-036 1.51188903e-034
  1.79112152e-033 3.00636216e-006 3.17357614e-020 6.09947887e-046
  1.00000000e+000]
 [3.18688759e-110 3.26508006e-048 1.23905552e-025 6.91578919e-063
  1.00000000e+000 1.60158589e-041 7.16592018e-058 2.05678708e-014
  7.62081725e-055 1.42963922e-033 1.94016530e-024 1.79887765e-068
  2.33441421e-044 8.29029922e-052 6.65187872e-040 1.15896787e-024
  7.85950630e-123 5.94997111e-059 8.11842763e-073 6.54893348e-074
  1.00000000e+000]
 [9.35437095e-058 1.19920682e-050 3.04012003e-032 2.37242069e-042
  1.60158589e-041 1.00000000e+000 6.85084966e-028 1.37755939e-053
  1.24875902e-063 1.96081653e-030 5.56690183e-031 3.91121421e-032
  1.02718353e-020 3.12445045e-049 8.49884367e-041 7.10957840e-022
  3.32339261e-064 3.30276470e-035 4.44857285e-064 2.05597225e-040
  1.00000000e+000]
 [1.09029475e-041 1.04623116e-075 1.14372329e-028 3.65319463e-068
  7.16592018e-058 6.85084966e-028 1.00000000e+000 2.13667603e-054
  2.92073406e-069 2.86835781e-026 5.12841582e-070 3.43473352e-052
  7.31260429e-052 5.26272112e-054 5.51919090e-041 1.64935517e-030
  5.72345665e-061 1.22305923e-055 5.42161776e-102 3.84132429e-010
  1.00000000e+000]
 [2.42301105e-073 9.78129060e-029 4.08143483e-013 2.99140773e-039
  2.05678708e-014 1.37755939e-053 2.13667603e-054 1.00000000e+000
  5.46993577e-024 8.28177168e-019 1.79828422e-026 2.80915360e-053
  1.08769904e-036 6.33951125e-038 4.23590095e-019 8.64988943e-020
  1.14003409e-085 5.04888301e-041 1.39714375e-061 2.10842212e-055
  1.00000000e+000]
 [9.38549118e-051 9.04529239e-023 1.40907706e-039 2.49604480e-018
  7.62081725e-055 1.24875902e-063 2.92073406e-069 5.46993577e-024
  1.00000000e+000 6.41481548e-037 2.68550948e-024 3.10230997e-026
  8.38539609e-032 3.42804376e-080 3.41078603e-042 7.78518931e-039
  3.27901745e-056 1.91520553e-025 4.56371932e-054 1.27987063e-047
  1.00000000e+000]
 [1.60779807e-031 5.07754712e-021 8.97909991e-013 4.18300055e-039
  1.42963922e-033 1.96081653e-030 2.86835781e-026 8.28177168e-019
  6.41481548e-037 1.00000000e+000 2.05459533e-036 2.52132018e-044
  4.36118663e-020 1.10329456e-025 3.75545980e-005 2.17797119e-023
  6.55463665e-043 3.59999936e-029 6.14218594e-060 1.42778120e-031
  1.00000000e+000]
 [5.31729308e-080 1.17593557e-018 1.28195626e-041 4.37002144e-028
  1.94016530e-024 5.56690183e-031 5.12841582e-070 1.79828422e-026
  2.68550948e-024 2.05459533e-036 1.00000000e+000 5.15270277e-031
  6.95265155e-015 9.30445726e-075 4.85803208e-046 5.01541302e-032
  3.80834562e-082 2.96229393e-028 2.80539635e-045 1.52660863e-068
  1.00000000e+000]
 [2.62751992e-033 1.22413378e-042 1.05004105e-044 2.86177246e-007
  1.79887765e-068 3.91121421e-032 3.43473352e-052 2.80915360e-053
  3.10230997e-026 2.52132018e-044 5.15270277e-031 1.00000000e+000
  1.49174102e-034 1.44462463e-084 1.33382050e-050 2.23873349e-039
  6.00405197e-030 5.97145967e-007 5.62899578e-026 9.73274079e-031
  1.00000000e+000]
 [4.50398229e-049 4.49724851e-012 4.88946996e-036 1.58677514e-031
  2.33441421e-044 1.02718353e-020 7.31260429e-052 1.08769904e-036
  8.38539609e-032 4.36118663e-020 6.95265155e-015 1.49174102e-034
  1.00000000e+000 3.53422584e-051 9.26610263e-029 4.48235102e-030
  3.72405659e-054 1.51864755e-028 2.99429570e-061 1.49751361e-055
  1.00000000e+000]
 [8.72967687e-075 2.81926284e-065 1.43560456e-013 5.75670597e-066
  8.29029922e-052 3.12445045e-049 5.26272112e-054 6.33951125e-038
  3.42804376e-080 1.10329456e-025 9.30445726e-075 1.44462463e-084
  3.53422584e-051 1.00000000e+000 4.04840942e-014 1.79006169e-022
  3.79007566e-089 7.10007410e-069 3.33183716e-098 7.35412606e-072
  1.00000000e+000]
 [3.97878099e-037 8.36076892e-027 9.50425608e-010 1.12303430e-036
  6.65187872e-040 8.49884367e-041 5.51919090e-041 4.23590095e-019
  3.41078603e-042 3.75545980e-005 4.85803208e-046 1.33382050e-050
  9.26610263e-029 4.04840942e-014 1.00000000e+000 1.45796299e-023
  2.59713382e-046 9.46989526e-032 1.45090347e-056 1.38085847e-044
  1.00000000e+000]
 [1.81426057e-065 9.94809379e-050 2.63583469e-006 1.51188903e-034
  1.15896787e-024 7.10957840e-022 1.64935517e-030 8.64988943e-020
  7.78518931e-039 2.17797119e-023 5.01541302e-032 2.23873349e-039
  4.48235102e-030 1.79006169e-022 1.45796299e-023 1.00000000e+000
  5.70497747e-079 2.55649453e-041 2.18088931e-072 1.07660337e-038
  1.00000000e+000]
 [3.86042571e-004 1.70500262e-051 1.29114927e-065 1.79112152e-033
  7.85950630e-123 3.32339261e-064 5.72345665e-061 1.14003409e-085
  3.27901745e-056 6.55463665e-043 3.80834562e-082 6.00405197e-030
  3.72405659e-054 3.79007566e-089 2.59713382e-046 5.70497747e-079
  1.00000000e+000 4.59791068e-021 9.69637580e-049 8.68446825e-036
  1.00000000e+000]
 [5.26565140e-026 1.92361189e-025 3.15776324e-037 3.00636216e-006
  5.94997111e-059 3.30276470e-035 1.22305923e-055 5.04888301e-041
  1.91520553e-025 3.59999936e-029 2.96229393e-028 5.97145967e-007
  1.51864755e-028 7.10007410e-069 9.46989526e-032 2.55649453e-041
  4.59791068e-021 1.00000000e+000 1.04592559e-012 1.47094039e-036
  1.00000000e+000]
 [6.59087642e-063 1.22829160e-047 3.33944893e-064 3.17357614e-020
  8.11842763e-073 4.44857285e-064 5.42161776e-102 1.39714375e-061
  4.56371932e-054 6.14218594e-060 2.80539635e-045 5.62899578e-026
  2.99429570e-061 3.33183716e-098 1.45090347e-056 2.18088931e-072
  9.69637580e-049 1.04592559e-012 1.00000000e+000 1.14427437e-078
  1.00000000e+000]
 [2.28700502e-022 4.84391765e-069 1.28350870e-034 6.09947887e-046
  6.54893348e-074 2.05597225e-040 3.84132429e-010 2.10842212e-055
  1.27987063e-047 1.42778120e-031 1.52660863e-068 9.73274079e-031
  1.49751361e-055 7.35412606e-072 1.38085847e-044 1.07660337e-038
  8.68446825e-036 1.47094039e-036 1.14427437e-078 1.00000000e+000
  1.00000000e+000]
 [1.00000000e+000 1.00000000e+000 1.00000000e+000 1.00000000e+000
  1.00000000e+000 1.00000000e+000 1.00000000e+000 1.00000000e+000
  1.00000000e+000 1.00000000e+000 1.00000000e+000 1.00000000e+000
  1.00000000e+000 1.00000000e+000 1.00000000e+000 1.00000000e+000
  1.00000000e+000 1.00000000e+000 1.00000000e+000 1.00000000e+000
  0.00000000e+000]]
