[[1.00000000e+00 7.51905571e-45 3.04760986e-55 2.06108184e-70
  3.54324864e-59 4.46719421e-41 3.36012970e-24 2.51828422e-39
  2.14938102e-25 6.32856905e-33 7.52293491e-36 4.02989593e-28
  7.85787605e-54 9.18829032e-11 4.28794765e-61 6.10288338e-11
  5.91596967e-31 7.67524460e-10 1.28805827e-80 6.92339739e-18
  1.00000000e+00]
 [7.51905571e-45 1.00000000e+00 3.94316765e-16 4.00946121e-37
  6.81929000e-45 3.13707175e-45 7.01092611e-28 2.83234033e-59
  7.42439758e-50 2.76986933e-26 3.58987554e-23 3.53414947e-44
  6.87708213e-50 7.58454106e-52 4.35372028e-24 1.10365589e-55
  9.34509706e-16 3.72121714e-37 3.99365492e-30 2.06407491e-43
  1.00000000e+00]
 [3.04760986e-55 3.94316765e-16 1.00000000e+00 6.74471865e-38
  1.02151922e-44 4.01067037e-32 1.04409674e-62 1.03524533e-49
  2.02406121e-36 1.96660646e-24 1.63221500e-31 1.50417637e-39
  8.46581745e-39 5.13752759e-51 3.54805159e-44 8.28657944e-46
  9.67331741e-26 4.94175559e-33 1.63689384e-23 1.09431328e-35
  1.00000000e+00]
 [2.06108184e-70 4.00946121e-37 6.74471865e-38 1.00000000e+00
  3.84359312e-34 1.04802725e-38 1.29935449e-53 8.39060681e-39
  5.10675460e-52 9.44654216e-22 7.78038072e-48 1.77180964e-19
  3.40806540e-46 2.91685973e-80 4.35323700e-14 1.57257723e-79
  1.77994963e-70 5.50554550e-62 3.55433870e-32 5.00856403e-69
  1.00000000e+00]
 [3.54324864e-59 6.81929000e-45 1.02151922e-44 3.84359312e-34
  1.00000000e+00 4.16822759e-55 2.79974408e-46 4.62568760e-68
  2.42497442e-19 5.08727973e-41 1.22900754e-52 7.49207238e-41
  3.69244216e-06 7.91054699e-51 9.24795219e-24 1.92928550e-48
  7.09346549e-50 4.41010927e-70 7.48799902e-48 7.66676448e-79
  1.00000000e+00]
 [4.46719421e-41 3.13707175e-45 4.01067037e-32 1.04802725e-38
  4.16822759e-55 1.00000000e+00 6.24324961e-68 2.52290539e-11
  1.48996134e-29 4.41742691e-38 1.85741976e-14 1.31244903e-16
  5.74345794e-57 2.25127833e-29 1.08678042e-44 2.82543115e-38
  1.40588033e-47 2.03787808e-24 2.24998070e-19 3.99872301e-48
  1.00000000e+00]
 [3.36012970e-24 7.01092611e-28 1.04409674e-62 1.29935449e-53
  2.79974408e-46 6.24324961e-68 1.00000000e+00 3.33079777e-60
  6.83410604e-50 6.54178395e-42 7.04902207e-39 4.98331188e-40
  3.84908724e-58 6.88121491e-41 6.33505990e-28 1.14285962e-49
  1.06569985e-27 2.60330193e-41 5.20975734e-78 1.06287872e-45
  1.00000000e+00]
 [2.51828422e-39 2.83234033e-59 1.03524533e-49 8.39060681e-39
  4.62568760e-68 2.52290539e-11 3.33079777e-60 1.00000000e+00
  2.95697956e-41 4.71692167e-45 1.90671523e-24 2.82415104e-08
  5.20456366e-75 8.45555540e-36 6.96373897e-48 2.18965265e-47
  7.04334931e-57 1.36850138e-24 9.59180774e-43 9.58259809e-41
  1.00000000e+00]
 [2.14938102e-25 7.42439758e-50 2.02406121e-36 5.10675460e-52
  2.42497442e-19 1.48996134e-29 6.83410604e-50 2.95697956e-41
  1.00000000e+00 3.70253113e-33 2.28106898e-38 2.24717052e-26
  4.02050074e-12 1.24614211e-14 1.99224632e-49 7.95642006e-10
  3.35067831e-37 1.48236405e-29 1.07614601e-51 3.35825828e-40
  1.00000000e+00]
 [6.32856905e-33 2.76986933e-26 1.96660646e-24 9.44654216e-22
  5.08727973e-41 4.41742691e-38 6.54178395e-42 4.71692167e-45
  3.70253113e-33 1.00000000e+00 3.37707559e-48 7.41560273e-21
  2.22900390e-35 2.66630049e-51 2.12716147e-37 9.24860353e-38
  2.19546230e-49 1.21197382e-27 1.25286889e-49 8.59985812e-28
  1.00000000e+00]
 [7.52293491e-36 3.58987554e-23 1.63221500e-31 7.78038072e-48
  1.22900754e-52 1.85741976e-14 7.04902207e-39 1.90671523e-24
  2.28106898e-38 3.37707559e-48 1.00000000e+00 1.78324789e-29
  2.92066693e-62 4.47971676e-25 2.20180263e-30 8.44286947e-44
  1.46846526e-19 2.49582285e-26 4.47371178e-19 1.21964689e-49
  1.00000000e+00]
 [4.02989593e-28 3.53414947e-44 1.50417637e-39 1.77180964e-19
  7.49207238e-41 1.31244903e-16 4.98331188e-40 2.82415104e-08
  2.24717052e-26 7.41560273e-21 1.78324789e-29 1.00000000e+00
  1.14216554e-45 1.34975815e-33 4.31900757e-30 7.40380045e-36
  8.61181058e-51 1.48240921e-22 1.66126964e-42 5.49479432e-32
  1.00000000e+00]
 [7.85787605e-54 6.87708213e-50 8.46581745e-39 3.40806540e-46
  3.69244216e-06 5.74345794e-57 3.84908724e-58 5.20456366e-75
  4.02050074e-12 2.22900390e-35 2.92066693e-62 1.14216554e-45
  1.00000000e+00 7.42176080e-46 1.72580976e-43 2.96821860e-34
  7.10003049e-51 6.59656218e-62 1.92532813e-57 2.10644727e-66
  1.00000000e+00]
 [9.18829032e-11 7.58454106e-52 5.13752759e-51 2.91685973e-80
  7.91054699e-51 2.25127833e-29 6.88121491e-41 8.45555540e-36
  1.24614211e-14 2.66630049e-51 4.47971676e-25 1.34975815e-33
  7.42176080e-46 1.00000000e+00 1.56979590e-64 2.46538781e-07
  2.09948684e-25 1.36913511e-15 4.43439631e-64 5.40098896e-32
  1.00000000e+00]
 [4.28794765e-61 4.35372028e-24 3.54805159e-44 4.35323700e-14
  9.24795219e-24 1.08678042e-44 6.33505990e-28 6.96373897e-48
  1.99224632e-49 2.12716147e-37 2.20180263e-30 4.31900757e-30
  1.72580976e-43 1.56979590e-64 1.00000000e+00 6.97263135e-76
  1.61218983e-45 1.85654249e-64 1.90478313e-29 4.37921226e-78
  1.00000000e+00]
 [6.10288338e-11 1.10365589e-55 8.28657944e-46 1.57257723e-79
  1.92928550e-48 2.82543115e-38 1.14285962e-49 2.18965265e-47
  7.95642006e-10 9.24860353e-38 8.44286947e-44 7.40380045e-36
  2.96821860e-34 2.46538781e-07 6.97263135e-76 1.00000000e+00
  2.49322066e-34 2.49887274e-15 3.58046848e-76 2.59399274e-23
  1.00000000e+00]
 [5.91596967e-31 9.34509706e-16 9.67331741e-26 1.77994963e-70
  7.09346549e-50 1.40588033e-47 1.06569985e-27 7.04334931e-57
  3.35067831e-37 2.19546230e-49 1.46846526e-19 8.61181058e-51
  7.10003049e-51 2.09948684e-25 1.61218983e-45 2.49322066e-34
  1.00000000e+00 3.71001680e-27 3.91057148e-48 1.18242854e-33
  1.00000000e+00]
 [7.67524460e-10 3.72121714e-37 4.94175559e-33 5.50554550e-62
  4.41010927e-70 2.03787808e-24 2.60330193e-41 1.36850138e-24
  1.48236405e-29 1.21197382e-27 2.49582285e-26 1.48240921e-22
  6.59656218e-62 1.36913511e-15 1.85654249e-64 2.49887274e-15
  3.71001680e-27 1.00000000e+00 1.81194134e-59 1.31059734e-07
  1.00000000e+00]
 [1.28805827e-80 3.99365492e-30 1.63689384e-23 3.55433870e-32
  7.48799902e-48 2.24998070e-19 5.20975734e-78 9.59180774e-43
  1.07614601e-51 1.25286889e-49 4.47371178e-19 1.66126964e-42
  1.92532813e-57 4.43439631e-64 1.90478313e-29 3.58046848e-76
  3.91057148e-48 1.81194134e-59 1.00000000e+00 6.58978883e-84
  1.00000000e+00]
 [6.92339739e-18 2.06407491e-43 1.09431328e-35 5.00856403e-69
  7.66676448e-79 3.99872301e-48 1.06287872e-45 9.58259809e-41
  3.35825828e-40 8.59985812e-28 1.21964689e-49 5.49479432e-32
  2.10644727e-66 5.40098896e-32 4.37921226e-78 2.59399274e-23
  1.18242854e-33 1.31059734e-07 6.58978883e-84 1.00000000e+00
  1.00000000e+00]
 [1.00000000e+00 1.00000000e+00 1.00000000e+00 1.00000000e+00
  1.00000000e+00 1.00000000e+00 1.00000000e+00 1.00000000e+00
  1.00000000e+00 1.00000000e+00 1.00000000e+00 1.00000000e+00
  1.00000000e+00 1.00000000e+00 1.00000000e+00 1.00000000e+00
  1.00000000e+00 1.00000000e+00 1.00000000e+00 1.00000000e+00
  0.00000000e+00]]
