[[1.00000000e+00 1.51194020e-26 2.69069600e-43 3.83139494e-63
  2.31687918e-10 5.09368239e-07 7.64213546e-41 1.30215057e-37
  1.26926559e-35 4.72210697e-65 4.83656779e-08 2.61903973e-46
  1.99438627e-44 1.47592478e-47 4.37380500e-29 2.83729348e-35
  5.93785896e-67 1.73836582e-41 7.56806833e-44 9.70366159e-09
  1.00000000e+00]
 [1.51194020e-26 1.00000000e+00 3.93402026e-35 5.10062578e-31
  1.84811455e-48 1.64984168e-29 2.99115498e-59 1.09436489e-39
  1.22011383e-46 2.29485714e-44 2.25846194e-24 9.05484557e-74
  2.67998498e-26 4.82463308e-30 3.98734078e-59 2.74009999e-35
  8.01988034e-66 6.64099029e-29 4.93393696e-46 1.23334572e-12
  1.00000000e+00]
 [2.69069600e-43 3.93402026e-35 1.00000000e+00 1.13759565e-20
  4.20063328e-39 4.89033331e-29 1.28889221e-49 1.31346310e-16
  8.71149485e-18 1.55030347e-43 1.74035534e-61 1.19411887e-25
  2.41789895e-38 9.05518576e-09 2.17835973e-36 1.61375704e-18
  3.11144166e-08 1.43660702e-18 1.81731007e-42 6.16100342e-49
  1.00000000e+00]
 [3.83139494e-63 5.10062578e-31 1.13759565e-20 1.00000000e+00
  2.93932784e-62 3.14993815e-42 1.25091192e-67 5.84423775e-55
  1.20912139e-48 1.69900762e-16 9.30792833e-72 4.88033105e-72
  1.93310610e-34 3.29595183e-22 1.34214519e-65 2.15732478e-14
  8.22034964e-30 2.00563198e-07 1.25338288e-34 4.73853136e-56
  1.00000000e+00]
 [2.31687918e-10 1.84811455e-48 4.20063328e-39 2.93932784e-62
  1.00000000e+00 1.62616275e-05 3.75245298e-55 3.76441848e-50
  4.65021441e-35 2.47130403e-74 1.63227465e-30 4.75583615e-30
  5.71045839e-50 2.05056877e-50 1.23243483e-20 6.25987080e-24
  2.87978468e-56 5.03159362e-40 1.22854879e-48 4.89622547e-30
  1.00000000e+00]
 [5.09368239e-07 1.64984168e-29 4.89033331e-29 3.14993815e-42
  1.62616275e-05 1.00000000e+00 3.85344788e-34 4.11587719e-40
  1.41444157e-24 3.97530632e-47 3.43800609e-17 1.11735065e-29
  8.58571059e-40 2.45149385e-34 1.67315317e-30 4.96428474e-17
  3.54028319e-47 7.88299752e-23 2.47904470e-25 1.54062284e-20
  1.00000000e+00]
 [7.64213546e-41 2.99115498e-59 1.28889221e-49 1.25091192e-67
  3.75245298e-55 3.85344788e-34 1.00000000e+00 1.44552125e-39
  5.62230519e-37 1.99680687e-39 3.68994319e-32 9.48712678e-53
  4.29461598e-99 1.71507567e-53 2.23377963e-89 2.22347985e-63
  1.92561132e-53 2.71700034e-45 3.06557921e-17 2.40598122e-56
  1.00000000e+00]
 [1.30215057e-37 1.09436489e-39 1.31346310e-16 5.84423775e-55
  3.76441848e-50 4.11587719e-40 1.44552125e-39 1.00000000e+00
  9.39269676e-28 8.64415403e-65 7.70799345e-50 3.50677349e-39
  3.69147960e-63 2.24729000e-27 1.63772988e-40 2.36259419e-52
  4.42104377e-24 3.77401549e-48 7.39788679e-62 5.05452441e-41
  1.00000000e+00]
 [1.26926559e-35 1.22011383e-46 8.71149485e-18 1.20912139e-48
  4.65021441e-35 1.41444157e-24 5.62230519e-37 9.39269676e-28
  1.00000000e+00 2.69846167e-59 3.84443517e-46 2.22705734e-23
  6.59400521e-39 8.86722292e-11 1.45468010e-46 4.36834128e-30
  1.22051064e-32 1.26957276e-26 5.77256001e-33 4.48888368e-47
  1.00000000e+00]
 [4.72210697e-65 2.29485714e-44 1.55030347e-43 1.69900762e-16
  2.47130403e-74 3.97530632e-47 1.99680687e-39 8.64415403e-65
  2.69846167e-59 1.00000000e+00 1.27038579e-59 5.10132214e-95
  2.29657937e-62 1.59558146e-42 4.07297440e-89 3.22441819e-33
  2.94302230e-45 2.41381586e-14 1.80560711e-17 7.79430123e-60
  1.00000000e+00]
 [4.83656779e-08 2.25846194e-24 1.74035534e-61 9.30792833e-72
  1.63227465e-30 3.43800609e-17 3.68994319e-32 7.70799345e-50
  3.84443517e-46 1.27038579e-59 1.00000000e+00 8.36551277e-69
  8.37098673e-57 9.75764904e-58 3.52668955e-61 3.08892099e-53
  1.31918450e-89 4.20514380e-48 1.62325571e-36 1.88987955e-10
  1.00000000e+00]
 [2.61903973e-46 9.05484557e-74 1.19411887e-25 4.88033105e-72
  4.75583615e-30 1.11735065e-29 9.48712678e-53 3.50677349e-39
  2.22705734e-23 5.10132214e-95 8.36551277e-69 1.00000000e+00
  9.64465435e-84 9.18645905e-41 1.84973050e-55 5.00328007e-45
  3.50129271e-36 2.12010596e-54 7.02804620e-57 1.55713415e-76
  1.00000000e+00]
 [1.99438627e-44 2.67998498e-26 2.41789895e-38 1.93310610e-34
  5.71045839e-50 8.58571059e-40 4.29461598e-99 3.69147960e-63
  6.59400521e-39 2.29657937e-62 8.37098673e-57 9.64465435e-84
  1.00000000e+00 2.73462903e-22 1.02134053e-41 3.72164619e-22
  3.48561922e-68 1.64095561e-25 1.12023693e-64 3.34421353e-30
  1.00000000e+00]
 [1.47592478e-47 4.82463308e-30 9.05518576e-09 3.29595183e-22
  2.05056877e-50 2.45149385e-34 1.71507567e-53 2.24729000e-27
  8.86722292e-11 1.59558146e-42 9.75764904e-58 9.18645905e-41
  2.73462903e-22 1.00000000e+00 8.83884046e-50 3.36578856e-21
  1.15872404e-24 9.30981476e-15 2.10045747e-37 2.07106592e-45
  1.00000000e+00]
 [4.37380500e-29 3.98734078e-59 2.17835973e-36 1.34214519e-65
  1.23243483e-20 1.67315317e-30 2.23377963e-89 1.63772988e-40
  1.45468010e-46 4.07297440e-89 3.52668955e-61 1.84973050e-55
  1.02134053e-41 8.83884046e-50 1.00000000e+00 1.79671310e-31
  1.03444173e-46 9.71004979e-52 7.18886444e-88 5.40363341e-37
  1.00000000e+00]
 [2.83729348e-35 2.74009999e-35 1.61375704e-18 2.15732478e-14
  6.25987080e-24 4.96428474e-17 2.22347985e-63 2.36259419e-52
  4.36834128e-30 3.22441819e-33 3.08892099e-53 5.00328007e-45
  3.72164619e-22 3.36578856e-21 1.79671310e-31 1.00000000e+00
  7.91792027e-31 6.26428708e-07 2.74926797e-32 1.82212500e-40
  1.00000000e+00]
 [5.93785896e-67 8.01988034e-66 3.11144166e-08 8.22034964e-30
  2.87978468e-56 3.54028319e-47 1.92561132e-53 4.42104377e-24
  1.22051064e-32 2.94302230e-45 1.31918450e-89 3.50129271e-36
  3.48561922e-68 1.15872404e-24 1.03444173e-46 7.91792027e-31
  1.00000000e+00 1.20035022e-29 3.07065347e-52 2.86473479e-78
  1.00000000e+00]
 [1.73836582e-41 6.64099029e-29 1.43660702e-18 2.00563198e-07
  5.03159362e-40 7.88299752e-23 2.71700034e-45 3.77401549e-48
  1.26957276e-26 2.41381586e-14 4.20514380e-48 2.12010596e-54
  1.64095561e-25 9.30981476e-15 9.71004979e-52 6.26428708e-07
  1.20035022e-29 1.00000000e+00 1.45755548e-16 3.02427742e-41
  1.00000000e+00]
 [7.56806833e-44 4.93393696e-46 1.81731007e-42 1.25338288e-34
  1.22854879e-48 2.47904470e-25 3.06557921e-17 7.39788679e-62
  5.77256001e-33 1.80560711e-17 1.62325571e-36 7.02804620e-57
  1.12023693e-64 2.10045747e-37 7.18886444e-88 2.74926797e-32
  3.07065347e-52 1.45755548e-16 1.00000000e+00 7.37165607e-54
  1.00000000e+00]
 [9.70366159e-09 1.23334572e-12 6.16100342e-49 4.73853136e-56
  4.89622547e-30 1.54062284e-20 2.40598122e-56 5.05452441e-41
  4.48888368e-47 7.79430123e-60 1.88987955e-10 1.55713415e-76
  3.34421353e-30 2.07106592e-45 5.40363341e-37 1.82212500e-40
  2.86473479e-78 3.02427742e-41 7.37165607e-54 1.00000000e+00
  1.00000000e+00]
 [1.00000000e+00 1.00000000e+00 1.00000000e+00 1.00000000e+00
  1.00000000e+00 1.00000000e+00 1.00000000e+00 1.00000000e+00
  1.00000000e+00 1.00000000e+00 1.00000000e+00 1.00000000e+00
  1.00000000e+00 1.00000000e+00 1.00000000e+00 1.00000000e+00
  1.00000000e+00 1.00000000e+00 1.00000000e+00 1.00000000e+00
  0.00000000e+00]]
