[[1.00000000e+000 4.75038519e-038 3.78188026e-028 9.15396116e-013
  6.15213127e-028 7.18220698e-076 6.03757448e-064 1.01529902e-028
  6.49936875e-071 2.51887655e-020 1.49023937e-041 4.32859257e-081
  3.63636139e-048 2.48664784e-045 9.01533920e-017 5.34443090e-056
  1.39275507e-068 4.81803647e-045 2.31606891e-019 1.39683519e-024
  1.00000000e+000]
 [4.75038519e-038 1.00000000e+000 6.08064831e-032 1.76069674e-033
  4.00747942e-043 1.01267466e-098 3.38621160e-076 1.23007539e-047
  1.00404320e-067 2.34922807e-055 2.31670611e-018 2.11227618e-045
  7.05029018e-080 2.45300078e-008 2.56945864e-023 3.97834127e-063
  2.73078386e-037 3.52698592e-021 2.63888413e-016 1.66089565e-008
  1.00000000e+000]
 [3.78188026e-028 6.08064831e-032 1.00000000e+000 2.74431689e-022
  3.68773822e-026 1.06705743e-054 1.00177750e-039 8.16473783e-044
  1.33931925e-017 3.34055627e-023 1.41956847e-037 8.96083720e-061
  9.27848493e-029 1.26993744e-026 1.24431609e-026 4.14370706e-070
  1.26203508e-022 9.54081347e-040 8.19886288e-028 9.14272505e-041
  1.00000000e+000]
 [9.15396116e-013 1.76069674e-033 2.74431689e-022 1.00000000e+000
  8.40524068e-026 1.73869734e-067 5.64722960e-035 3.17700646e-024
  4.96099570e-048 9.04916316e-024 3.80425486e-048 3.82189918e-070
  9.32312387e-024 1.08312333e-024 2.43262237e-020 9.91614953e-028
  1.29194446e-071 4.47212602e-027 2.03715206e-007 3.69374772e-032
  1.00000000e+000]
 [6.15213127e-028 4.00747942e-043 3.68773822e-026 8.40524068e-026
  1.00000000e+000 6.15198706e-048 4.38107027e-075 2.50120320e-014
  2.82035864e-032 5.22944413e-007 9.79931380e-063 4.74471595e-045
  3.06845630e-027 2.30919208e-034 1.48584026e-017 5.02542539e-035
  2.76159271e-042 2.28806605e-024 3.91148100e-024 2.51458754e-042
  1.00000000e+000]
 [7.18220698e-076 1.01267466e-098 1.06705743e-054 1.73869734e-067
  6.15198706e-048 1.00000000e+000 2.54603558e-073 1.73383013e-082
  1.49003609e-043 7.71506678e-034 2.20287332e-071 6.77581768e-040
  1.04969810e-068 8.70109835e-083 1.55693275e-101 3.95926122e-066
  1.09663747e-065 7.68798989e-054 8.98175084e-065 1.52958858e-120
  1.00000000e+000]
 [6.03757448e-064 3.38621160e-076 1.00177750e-039 5.64722960e-035
  4.38107027e-075 2.54603558e-073 1.00000000e+000 3.66004060e-104
  2.09469272e-043 1.71969354e-071 1.21465037e-068 1.19890256e-083
  5.32417371e-046 9.42333225e-060 5.37458464e-081 2.22148997e-074
  9.49755080e-091 2.67940257e-057 1.56975975e-050 7.43580646e-089
  1.00000000e+000]
 [1.01529902e-028 1.23007539e-047 8.16473783e-044 3.17700646e-024
  2.50120320e-014 1.73383013e-082 3.66004060e-104 1.00000000e+000
  1.86709288e-065 2.02966869e-018 6.04446183e-083 1.66553006e-081
  8.64257901e-035 9.42418785e-037 1.70754221e-017 2.46578026e-029
  3.21241093e-077 6.41392558e-038 6.17972294e-022 5.16288223e-043
  1.00000000e+000]
 [6.49936875e-071 1.00404320e-067 1.33931925e-017 4.96099570e-048
  2.82035864e-032 1.49003609e-043 2.09469272e-043 1.86709288e-065
  1.00000000e+000 1.39415923e-035 2.13566064e-077 5.20347036e-057
  4.26675883e-024 2.25908113e-045 7.33790318e-059 5.12793355e-073
  2.75786232e-032 1.38890726e-047 2.53195878e-054 3.48687292e-088
  1.00000000e+000]
 [2.51887655e-020 2.34922807e-055 3.34055627e-023 9.04916316e-024
  5.22944413e-007 7.71506678e-034 1.71969354e-071 2.02966869e-018
  1.39415923e-035 1.00000000e+000 6.35921815e-061 3.43964313e-057
  4.94312618e-027 1.34584079e-047 2.53043511e-027 2.32050118e-042
  8.51823999e-049 1.32925225e-037 5.20247566e-028 4.03184040e-054
  1.00000000e+000]
 [1.49023937e-041 2.31670611e-018 1.41956847e-037 3.80425486e-048
  9.79931380e-063 2.20287332e-071 1.21465037e-068 6.04446183e-083
  2.13566064e-077 6.35921815e-061 1.00000000e+000 5.71756914e-038
  4.11269288e-107 2.15196530e-034 3.95059706e-054 1.52198058e-088
  6.75539980e-038 1.31345973e-035 3.28571787e-032 2.90003811e-029
  1.00000000e+000]
 [4.32859257e-081 2.11227618e-045 8.96083720e-061 3.82189918e-070
  4.74471595e-045 6.77581768e-040 1.19890256e-083 1.66553006e-081
  5.20347036e-057 3.43964313e-057 5.71756914e-038 1.00000000e+000
  2.08814988e-098 3.98665141e-042 9.56909934e-076 2.15865661e-058
  3.27373756e-042 7.76829581e-017 2.75385903e-045 1.28684021e-067
  1.00000000e+000]
 [3.63636139e-048 7.05029018e-080 9.27848493e-029 9.32312387e-024
  3.06845630e-027 1.04969810e-068 5.32417371e-046 8.64257901e-035
  4.26675883e-024 4.94312618e-027 4.11269288e-107 2.08814988e-098
  1.00000000e+000 3.96838752e-052 3.05768203e-042 5.13833191e-045
  5.73919542e-081 1.88080588e-055 7.49954717e-042 6.93729033e-084
  1.00000000e+000]
 [2.48664784e-045 2.45300078e-008 1.26993744e-026 1.08312333e-024
  2.30919208e-034 8.70109835e-083 9.42333225e-060 9.42418785e-037
  2.25908113e-045 1.34584079e-047 2.15196530e-034 3.98665141e-042
  3.96838752e-052 1.00000000e+000 3.22916323e-026 1.05621735e-039
  3.01453677e-041 7.69639975e-013 4.27498676e-011 1.30541716e-023
  1.00000000e+000]
 [9.01533920e-017 2.56945864e-023 1.24431609e-026 2.43262237e-020
  1.48584026e-017 1.55693275e-101 5.37458464e-081 1.70754221e-017
  7.33790318e-059 2.53043511e-027 3.95059706e-054 9.56909934e-076
  3.05768203e-042 3.22916323e-026 1.00000000e+000 4.95782577e-055
  2.37427366e-051 1.89846272e-035 8.12554688e-020 7.44256303e-013
  1.00000000e+000]
 [5.34443090e-056 3.97834127e-063 4.14370706e-070 9.91614953e-028
  5.02542539e-035 3.95926122e-066 2.22148997e-074 2.46578026e-029
  5.12793355e-073 2.32050118e-042 1.52198058e-088 2.15865661e-058
  5.13833191e-045 1.05621735e-039 4.95782577e-055 1.00000000e+000
  2.22479490e-112 6.43282542e-021 8.38019958e-021 3.10294334e-071
  1.00000000e+000]
 [1.39275507e-068 2.73078386e-037 1.26203508e-022 1.29194446e-071
  2.76159271e-042 1.09663747e-065 9.49755080e-091 3.21241093e-077
  2.75786232e-032 8.51823999e-049 6.75539980e-038 3.27373756e-042
  5.73919542e-081 3.01453677e-041 2.37427366e-051 2.22479490e-112
  1.00000000e+000 2.17943436e-050 1.71555848e-059 7.52948614e-055
  1.00000000e+000]
 [4.81803647e-045 3.52698592e-021 9.54081347e-040 4.47212602e-027
  2.28806605e-024 7.68798989e-054 2.67940257e-057 6.41392558e-038
  1.38890726e-047 1.32925225e-037 1.31345973e-035 7.76829581e-017
  1.88080588e-055 7.69639975e-013 1.89846272e-035 6.43282542e-021
  2.17943436e-050 1.00000000e+000 4.04340864e-011 5.28151955e-034
  1.00000000e+000]
 [2.31606891e-019 2.63888413e-016 8.19886288e-028 2.03715206e-007
  3.91148100e-024 8.98175084e-065 1.56975975e-050 6.17972294e-022
  2.53195878e-054 5.20247566e-028 3.28571787e-032 2.75385903e-045
  7.49954717e-042 4.27498676e-011 8.12554688e-020 8.38019958e-021
  1.71555848e-059 4.04340864e-011 1.00000000e+000 8.84593655e-021
  1.00000000e+000]
 [1.39683519e-024 1.66089565e-008 9.14272505e-041 3.69374772e-032
  2.51458754e-042 1.52958858e-120 7.43580646e-089 5.16288223e-043
  3.48687292e-088 4.03184040e-054 2.90003811e-029 1.28684021e-067
  6.93729033e-084 1.30541716e-023 7.44256303e-013 3.10294334e-071
  7.52948614e-055 5.28151955e-034 8.84593655e-021 1.00000000e+000
  1.00000000e+000]
 [1.00000000e+000 1.00000000e+000 1.00000000e+000 1.00000000e+000
  1.00000000e+000 1.00000000e+000 1.00000000e+000 1.00000000e+000
  1.00000000e+000 1.00000000e+000 1.00000000e+000 1.00000000e+000
  1.00000000e+000 1.00000000e+000 1.00000000e+000 1.00000000e+000
  1.00000000e+000 1.00000000e+000 1.00000000e+000 1.00000000e+000
  0.00000000e+000]]
