[[1.00000000e+00 1.68915589e-34 1.43216215e-25 1.82885144e-31
  3.32553389e-14 6.27719828e-06 1.63578077e-60 9.43724486e-16
  1.76453877e-17 3.00112266e-39 1.09623337e-47 1.05961062e-23
  2.67660272e-21 1.40208348e-43 4.47111308e-27 8.29254447e-45
  4.74275745e-61 4.73571658e-41 3.28531636e-19 4.67746503e-34
  1.00000000e+00]
 [1.68915589e-34 1.00000000e+00 2.38338916e-64 2.30577089e-54
  3.73078405e-29 1.45956007e-50 3.83711511e-63 4.41168389e-36
  1.61945035e-77 2.57094513e-43 1.60338375e-36 1.61087580e-84
  1.05194521e-21 1.48151641e-20 2.20869877e-48 7.62175124e-22
  6.31675110e-88 1.11938190e-38 4.19210066e-47 1.36348876e-30
  1.00000000e+00]
 [1.43216215e-25 2.38338916e-64 1.00000000e+00 1.98895955e-45
  2.68267691e-28 6.64998691e-24 1.90707174e-21 4.13612085e-22
  3.49362983e-35 6.21838942e-42 5.04764186e-35 2.44070570e-07
  4.72057812e-52 1.18944413e-48 5.07549151e-33 1.77736120e-44
  2.39491324e-31 7.88196198e-44 2.43285443e-26 3.43477996e-47
  1.00000000e+00]
 [1.82885144e-31 2.30577089e-54 1.98895955e-45 1.00000000e+00
  8.24573248e-09 3.35203302e-47 5.71006736e-66 1.31865601e-24
  3.67323135e-53 2.19921301e-51 4.47025468e-53 1.25179290e-38
  1.06075292e-41 1.29626409e-60 5.88493365e-53 1.14748107e-40
  3.84375417e-35 1.34516299e-25 4.61214263e-29 5.44081851e-12
  1.00000000e+00]
 [3.32553389e-14 3.73078405e-29 2.68267691e-28 8.24573248e-09
  1.00000000e+00 2.24578868e-23 7.40294386e-47 5.46864620e-09
  4.43637516e-31 1.75433147e-26 6.22595187e-38 4.96871477e-28
  5.75918116e-21 6.55645685e-29 7.63263058e-40 2.78989992e-20
  2.89431875e-35 8.47416123e-13 2.12495145e-19 1.43511478e-12
  1.00000000e+00]
 [6.27719828e-06 1.45956007e-50 6.64998691e-24 3.35203302e-47
  2.24578868e-23 1.00000000e+00 3.87796613e-63 3.16399741e-14
  3.23087851e-06 9.07344624e-34 2.03770289e-54 8.20251172e-21
  5.47227230e-33 4.87143444e-51 1.85655955e-38 7.30779846e-58
  2.05034166e-74 4.02686373e-43 7.38991283e-23 3.72164152e-56
  1.00000000e+00]
 [1.63578077e-60 3.83711511e-63 1.90707174e-21 5.71006736e-66
  7.40294386e-47 3.87796613e-63 1.00000000e+00 4.93255652e-37
  7.88600504e-81 1.06995940e-68 6.24575642e-41 2.30798787e-38
  2.32254327e-88 4.79682337e-52 5.47291684e-74 1.77173161e-38
  6.83918764e-33 2.19760253e-54 1.11138941e-32 9.04374327e-63
  1.00000000e+00]
 [9.43724486e-16 4.41168389e-36 4.13612085e-22 1.31865601e-24
  5.46864620e-09 3.16399741e-14 4.93255652e-37 1.00000000e+00
  1.11865516e-19 1.01529553e-20 9.73670099e-32 7.85199915e-24
  2.83733997e-35 1.51017571e-37 6.00582770e-46 2.11872512e-33
  1.33472030e-51 3.06150247e-14 1.08294026e-10 1.69619805e-34
  1.00000000e+00]
 [1.76453877e-17 1.61945035e-77 3.49362983e-35 3.67323135e-53
  4.43637516e-31 3.23087851e-06 7.88600504e-81 1.11865516e-19
  1.00000000e+00 2.28631972e-40 7.95814102e-81 4.04204093e-23
  2.04435575e-50 1.72486670e-67 2.22401174e-65 5.71744665e-74
  1.31287211e-81 3.35282115e-47 2.09694182e-32 8.78924101e-75
  1.00000000e+00]
 [3.00112266e-39 2.57094513e-43 6.21838942e-42 2.19921301e-51
  1.75433147e-26 9.07344624e-34 1.06995940e-68 1.01529553e-20
  2.28631972e-40 1.00000000e+00 3.59326269e-31 2.66359964e-55
  1.52243383e-24 1.89091972e-27 4.96447257e-47 3.31651129e-36
  2.28349575e-84 3.46613728e-11 4.38189014e-57 1.65045964e-44
  1.00000000e+00]
 [1.09623337e-47 1.60338375e-36 5.04764186e-35 4.47025468e-53
  6.22595187e-38 2.03770289e-54 6.24575642e-41 9.73670099e-32
  7.95814102e-81 3.59326269e-31 1.00000000e+00 8.98811413e-61
  1.26440313e-43 8.74759852e-49 2.51129908e-24 4.71984669e-45
  9.34322222e-78 1.05070862e-34 1.88808622e-45 5.23647955e-35
  1.00000000e+00]
 [1.05961062e-23 1.61087580e-84 2.44070570e-07 1.25179290e-38
  4.96871477e-28 8.20251172e-21 2.30798787e-38 7.85199915e-24
  4.04204093e-23 2.66359964e-55 8.98811413e-61 1.00000000e+00
  1.23069481e-62 7.81579313e-68 2.16512495e-48 3.34420197e-60
  2.37504505e-30 2.46105251e-51 7.69116648e-24 5.98063221e-55
  1.00000000e+00]
 [2.67660272e-21 1.05194521e-21 4.72057812e-52 1.06075292e-41
  5.75918116e-21 5.47227230e-33 2.32254327e-88 2.83733997e-35
  2.04435575e-50 1.52243383e-24 1.26440313e-43 1.23069481e-62
  1.00000000e+00 1.65492135e-22 1.98238095e-26 4.26737018e-30
  7.01760306e-81 6.22182670e-32 3.95270999e-60 1.28604658e-22
  1.00000000e+00]
 [1.40208348e-43 1.48151641e-20 1.18944413e-48 1.29626409e-60
  6.55645685e-29 4.87143444e-51 4.79682337e-52 1.51017571e-37
  1.72486670e-67 1.89091972e-27 8.74759852e-49 7.81579313e-68
  1.65492135e-22 1.00000000e+00 4.66686018e-61 2.20175471e-06
  9.18324737e-61 4.95749997e-27 9.49713932e-64 1.09042564e-37
  1.00000000e+00]
 [4.47111308e-27 2.20869877e-48 5.07549151e-33 5.88493365e-53
  7.63263058e-40 1.85655955e-38 5.47291684e-74 6.00582770e-46
  2.22401174e-65 4.96447257e-47 2.51129908e-24 2.16512495e-48
  1.98238095e-26 4.66686018e-61 1.00000000e+00 2.60174053e-63
  1.80707634e-81 3.50636652e-61 8.88275847e-56 1.36489266e-33
  1.00000000e+00]
 [8.29254447e-45 7.62175124e-22 1.77736120e-44 1.14748107e-40
  2.78989992e-20 7.30779846e-58 1.77173161e-38 2.11872512e-33
  5.71744665e-74 3.31651129e-36 4.71984669e-45 3.34420197e-60
  4.26737018e-30 2.20175471e-06 2.60174053e-63 1.00000000e+00
  1.99640518e-37 5.71740156e-22 4.25639565e-51 1.75641497e-23
  1.00000000e+00]
 [4.74275745e-61 6.31675110e-88 2.39491324e-31 3.84375417e-35
  2.89431875e-35 2.05034166e-74 6.83918764e-33 1.33472030e-51
  1.31287211e-81 2.28349575e-84 9.34322222e-78 2.37504505e-30
  7.01760306e-81 9.18324737e-61 1.80707634e-81 1.99640518e-37
  1.00000000e+00 1.08244578e-55 1.27113383e-49 1.31426587e-40
  1.00000000e+00]
 [4.73571658e-41 1.11938190e-38 7.88196198e-44 1.34516299e-25
  8.47416123e-13 4.02686373e-43 2.19760253e-54 3.06150247e-14
  3.35282115e-47 3.46613728e-11 1.05070862e-34 2.46105251e-51
  6.22182670e-32 4.95749997e-27 3.50636652e-61 5.71740156e-22
  1.08244578e-55 1.00000000e+00 2.82290813e-41 9.10974307e-27
  1.00000000e+00]
 [3.28531636e-19 4.19210066e-47 2.43285443e-26 4.61214263e-29
  2.12495145e-19 7.38991283e-23 1.11138941e-32 1.08294026e-10
  2.09694182e-32 4.38189014e-57 1.88808622e-45 7.69116648e-24
  3.95270999e-60 9.49713932e-64 8.88275847e-56 4.25639565e-51
  1.27113383e-49 2.82290813e-41 1.00000000e+00 9.53673696e-45
  1.00000000e+00]
 [4.67746503e-34 1.36348876e-30 3.43477996e-47 5.44081851e-12
  1.43511478e-12 3.72164152e-56 9.04374327e-63 1.69619805e-34
  8.78924101e-75 1.65045964e-44 5.23647955e-35 5.98063221e-55
  1.28604658e-22 1.09042564e-37 1.36489266e-33 1.75641497e-23
  1.31426587e-40 9.10974307e-27 9.53673696e-45 1.00000000e+00
  1.00000000e+00]
 [1.00000000e+00 1.00000000e+00 1.00000000e+00 1.00000000e+00
  1.00000000e+00 1.00000000e+00 1.00000000e+00 1.00000000e+00
  1.00000000e+00 1.00000000e+00 1.00000000e+00 1.00000000e+00
  1.00000000e+00 1.00000000e+00 1.00000000e+00 1.00000000e+00
  1.00000000e+00 1.00000000e+00 1.00000000e+00 1.00000000e+00
  0.00000000e+00]]
