[[1.00000000e+00 7.15441694e-25 6.91366773e-28 ... 1.30103730e-38
  4.16777077e-46 1.00000000e+00]
 [7.15441694e-25 1.00000000e+00 1.18785549e-54 ... 3.44146582e-30
  4.70718672e-24 1.00000000e+00]
 [6.91366773e-28 1.18785549e-54 1.00000000e+00 ... 3.13703541e-24
  1.67063282e-42 1.00000000e+00]
 ...
 [1.30103730e-38 3.44146582e-30 3.13703541e-24 ... 1.00000000e+00
  4.48955446e-29 1.00000000e+00]
 [4.16777077e-46 4.70718672e-24 1.67063282e-42 ... 4.48955446e-29
  1.00000000e+00 1.00000000e+00]
 [1.00000000e+00 1.00000000e+00 1.00000000e+00 ... 1.00000000e+00
  1.00000000e+00 0.00000000e+00]]
