[[1.00000000e+00 2.77423227e-44 4.90638852e-45 ... 2.50024481e-67
  9.56715910e-42 1.00000000e+00]
 [2.77423227e-44 1.00000000e+00 6.81949563e-52 ... 1.05434164e-70
  1.72686750e-28 1.00000000e+00]
 [4.90638852e-45 6.81949563e-52 1.00000000e+00 ... 2.97372846e-55
  7.70685893e-44 1.00000000e+00]
 ...
 [2.50024481e-67 1.05434164e-70 2.97372846e-55 ... 1.00000000e+00
  9.34479273e-69 1.00000000e+00]
 [9.56715910e-42 1.72686750e-28 7.70685893e-44 ... 9.34479273e-69
  1.00000000e+00 1.00000000e+00]
 [1.00000000e+00 1.00000000e+00 1.00000000e+00 ... 1.00000000e+00
  1.00000000e+00 0.00000000e+00]]
