[[1.00000000e+000 7.44096049e-062 1.46788575e-058 8.25772941e-049
  2.99587257e-050 1.71094852e-075 1.38086081e-052 1.75608654e-047
  6.47877721e-095 6.94446018e-062 3.13245322e-081 7.91370247e-031
  3.64574124e-056 1.04627446e-031 7.57584505e-087 1.00661734e-070
  1.80062766e-067 3.40402996e-062 5.53658777e-060 2.55052955e-106
  1.00000000e+000]
 [7.44096049e-062 1.00000000e+000 6.46260858e-040 1.37116332e-023
  9.45413763e-012 1.68446388e-019 2.03968029e-039 3.79123323e-077
  3.17107548e-058 1.27596635e-024 1.69915154e-093 6.39535726e-043
  2.73315720e-025 1.77414875e-044 4.66783346e-092 5.55683914e-031
  2.46866415e-052 2.03570785e-050 9.58537159e-087 5.28432583e-070
  1.00000000e+000]
 [1.46788575e-058 6.46260858e-040 1.00000000e+000 2.85539190e-039
  3.52651462e-043 2.38468683e-041 5.50600922e-031 1.36976545e-050
  1.02444276e-062 2.25699435e-021 2.06038992e-065 2.18439870e-030
  2.64347989e-024 1.82852006e-050 7.12115891e-050 1.44902335e-026
  3.36376288e-060 3.44513163e-027 5.19419784e-061 6.99425780e-050
  1.00000000e+000]
 [8.25772941e-049 1.37116332e-023 2.85539190e-039 1.00000000e+000
  9.83284968e-020 3.90356057e-005 4.87697126e-016 1.45579093e-059
  5.78415845e-064 4.82404438e-027 1.53969740e-087 5.68841032e-026
  1.18811885e-035 4.18002143e-030 4.28460574e-060 2.46642014e-024
  4.05916872e-041 1.07436332e-071 2.70759748e-067 6.48170130e-051
  1.00000000e+000]
 [2.99587257e-050 9.45413763e-012 3.52651462e-043 9.83284968e-020
  1.00000000e+000 5.19867035e-019 1.37779359e-016 6.06439707e-053
  2.29516384e-031 8.38285998e-029 1.72563879e-071 6.65506426e-022
  1.36729728e-017 2.34625066e-034 1.71410273e-059 1.05742052e-020
  8.63790649e-028 2.04665515e-044 2.56633345e-044 1.73053824e-037
  1.00000000e+000]
 [1.71094852e-075 1.68446388e-019 2.38468683e-041 3.90356057e-005
  5.19867035e-019 1.00000000e+000 1.12290499e-019 2.46589887e-070
  3.26036671e-056 1.51915778e-023 6.07211253e-091 3.81360935e-035
  1.66536779e-034 5.08725281e-040 1.47142441e-065 1.69218767e-019
  3.80518196e-042 1.12850167e-074 1.11475386e-075 6.06117044e-044
  1.00000000e+000]
 [1.38086081e-052 2.03968029e-039 5.50600922e-031 4.87697126e-016
  1.37779359e-016 1.12290499e-019 1.00000000e+000 1.21459771e-042
  3.53051988e-037 3.78568744e-034 2.70781792e-065 3.11541489e-012
  6.11479209e-023 2.27128471e-038 3.18485043e-027 2.92585075e-017
  2.76789445e-028 3.64716217e-050 5.47754379e-028 7.32600174e-017
  1.00000000e+000]
 [1.75608654e-047 3.79123323e-077 1.36976545e-050 1.45579093e-059
  6.06439707e-053 2.46589887e-070 1.21459771e-042 1.00000000e+000
  7.75411948e-029 1.79207431e-035 9.89096610e-055 7.90403193e-035
  3.23869171e-064 7.72172210e-032 2.25800878e-033 3.18168656e-026
  4.76882864e-016 4.68363453e-034 2.65199401e-021 1.47524921e-044
  1.00000000e+000]
 [6.47877721e-095 3.17107548e-058 1.02444276e-062 5.78415845e-064
  2.29516384e-031 3.26036671e-056 3.53051988e-037 7.75411948e-029
  1.00000000e+000 6.44298043e-035 4.10027878e-052 3.58067344e-040
  2.32144426e-044 1.92354678e-048 4.06365694e-046 1.49018109e-017
  1.79541487e-013 1.37595311e-042 2.66007604e-022 2.66861798e-019
  1.00000000e+000]
 [6.94446018e-062 1.27596635e-024 2.25699435e-021 4.82404438e-027
  8.38285998e-029 1.51915778e-023 3.78568744e-034 1.79207431e-035
  6.44298043e-035 1.00000000e+000 2.45543823e-044 6.46953206e-028
  5.39487472e-026 4.96927922e-020 4.87344860e-066 5.12567987e-012
  1.27847890e-034 2.22139251e-041 2.66614628e-055 1.76816208e-047
  1.00000000e+000]
 [3.13245322e-081 1.69915154e-093 2.06038992e-065 1.53969740e-087
  1.72563879e-071 6.07211253e-091 2.70781792e-065 9.89096610e-055
  4.10027878e-052 2.45543823e-044 1.00000000e+000 4.86341125e-029
  4.35682281e-038 9.44385195e-030 7.06141522e-112 1.78283937e-063
  1.94722838e-078 3.00604298e-091 8.45738188e-038 3.03194338e-074
  1.00000000e+000]
 [7.91370247e-031 6.39535726e-043 2.18439870e-030 5.68841032e-026
  6.65506426e-022 3.81360935e-035 3.11541489e-012 7.90403193e-035
  3.58067344e-040 6.46953206e-028 4.86341125e-029 1.00000000e+000
  1.94255156e-013 4.66473842e-016 2.88760083e-052 1.34305301e-028
  3.15997349e-039 1.29233641e-052 2.28376160e-020 1.69942726e-037
  1.00000000e+000]
 [3.64574124e-056 2.73315720e-025 2.64347989e-024 1.18811885e-035
  1.36729728e-017 1.66536779e-034 6.11479209e-023 3.23869171e-064
  2.32144426e-044 5.39487472e-026 4.35682281e-038 1.94255156e-013
  1.00000000e+000 9.92684403e-035 4.64726392e-076 1.29194623e-032
  2.52802294e-058 1.58770038e-048 3.48403662e-044 3.89859976e-045
  1.00000000e+000]
 [1.04627446e-031 1.77414875e-044 1.82852006e-050 4.18002143e-030
  2.34625066e-034 5.08725281e-040 2.27128471e-038 7.72172210e-032
  1.92354678e-048 4.96927922e-020 9.44385195e-030 4.66473842e-016
  9.92684403e-035 1.00000000e+000 3.55948585e-085 2.34391359e-035
  4.85963947e-041 5.12722667e-071 4.06430489e-042 3.89653760e-069
  1.00000000e+000]
 [7.57584505e-087 4.66783346e-092 7.12115891e-050 4.28460574e-060
  1.71410273e-059 1.47142441e-065 3.18485043e-027 2.25800878e-033
  4.06365694e-046 4.87344860e-066 7.06141522e-112 2.88760083e-052
  4.64726392e-076 3.55948585e-085 1.00000000e+000 4.85129910e-029
  1.71055522e-027 1.56490484e-040 1.48583311e-035 2.28347253e-019
  1.00000000e+000]
 [1.00661734e-070 5.55683914e-031 1.44902335e-026 2.46642014e-024
  1.05742052e-020 1.69218767e-019 2.92585075e-017 3.18168656e-026
  1.49018109e-017 5.12567987e-012 1.78283937e-063 1.34305301e-028
  1.29194623e-032 2.34391359e-035 4.85129910e-029 1.00000000e+000
  2.03615915e-012 2.69401355e-031 4.99489955e-037 4.17058416e-017
  1.00000000e+000]
 [1.80062766e-067 2.46866415e-052 3.36376288e-060 4.05916872e-041
  8.63790649e-028 3.80518196e-042 2.76789445e-028 4.76882864e-016
  1.79541487e-013 1.27847890e-034 1.94722838e-078 3.15997349e-039
  2.52802294e-058 4.85963947e-041 1.71055522e-027 2.03615915e-012
  1.00000000e+000 6.60081191e-039 1.85400215e-027 3.07774875e-024
  1.00000000e+000]
 [3.40402996e-062 2.03570785e-050 3.44513163e-027 1.07436332e-071
  2.04665515e-044 1.12850167e-074 3.64716217e-050 4.68363453e-034
  1.37595311e-042 2.22139251e-041 3.00604298e-091 1.29233641e-052
  1.58770038e-048 5.12722667e-071 1.56490484e-040 2.69401355e-031
  6.60081191e-039 1.00000000e+000 2.31662054e-051 8.84546793e-053
  1.00000000e+000]
 [5.53658777e-060 9.58537159e-087 5.19419784e-061 2.70759748e-067
  2.56633345e-044 1.11475386e-075 5.47754379e-028 2.65199401e-021
  2.66007604e-022 2.66614628e-055 8.45738188e-038 2.28376160e-020
  3.48403662e-044 4.06430489e-042 1.48583311e-035 4.99489955e-037
  1.85400215e-027 2.31662054e-051 1.00000000e+000 7.49221370e-026
  1.00000000e+000]
 [2.55052955e-106 5.28432583e-070 6.99425780e-050 6.48170130e-051
  1.73053824e-037 6.06117044e-044 7.32600174e-017 1.47524921e-044
  2.66861798e-019 1.76816208e-047 3.03194338e-074 1.69942726e-037
  3.89859976e-045 3.89653760e-069 2.28347253e-019 4.17058416e-017
  3.07774875e-024 8.84546793e-053 7.49221370e-026 1.00000000e+000
  1.00000000e+000]
 [1.00000000e+000 1.00000000e+000 1.00000000e+000 1.00000000e+000
  1.00000000e+000 1.00000000e+000 1.00000000e+000 1.00000000e+000
  1.00000000e+000 1.00000000e+000 1.00000000e+000 1.00000000e+000
  1.00000000e+000 1.00000000e+000 1.00000000e+000 1.00000000e+000
  1.00000000e+000 1.00000000e+000 1.00000000e+000 1.00000000e+000
  0.00000000e+000]]
