[[1.00000000e+00 1.28905097e-85 6.75518111e-52 ... 4.40193822e-41
  8.57839035e-62 1.00000000e+00]
 [1.28905097e-85 1.00000000e+00 2.53798914e-28 ... 5.57075366e-37
  1.07862392e-53 1.00000000e+00]
 [6.75518111e-52 2.53798914e-28 1.00000000e+00 ... 1.33658793e-31
  1.03776692e-44 1.00000000e+00]
 ...
 [4.40193822e-41 5.57075366e-37 1.33658793e-31 ... 1.00000000e+00
  4.27180436e-10 1.00000000e+00]
 [8.57839035e-62 1.07862392e-53 1.03776692e-44 ... 4.27180436e-10
  1.00000000e+00 1.00000000e+00]
 [1.00000000e+00 1.00000000e+00 1.00000000e+00 ... 1.00000000e+00
  1.00000000e+00 0.00000000e+00]]
