[[1.00000000e+000 3.04647384e-050 2.11087020e-049 1.47483829e-076
  7.82521558e-036 1.79183052e-069 5.67430748e-055 1.85406176e-047
  6.08080587e-038 2.04133729e-055 5.28433948e-032 4.28852263e-043
  2.14046522e-102 1.29150839e-009 2.19940552e-099 1.02249787e-041
  1.87114899e-025 6.27939399e-053 3.40090097e-085 4.76753638e-056
  1.00000000e+000]
 [3.04647384e-050 1.00000000e+000 2.03209502e-061 4.42905145e-059
  9.38803544e-045 1.23154964e-038 9.83351946e-027 7.99579385e-081
  2.58135256e-106 3.78759266e-036 2.60916004e-038 7.86766568e-053
  7.41618846e-083 1.54052820e-062 3.31967318e-067 5.35194891e-017
  4.53849677e-045 2.05835617e-039 4.10520455e-063 2.40090537e-030
  1.00000000e+000]
 [2.11087020e-049 2.03209502e-061 1.00000000e+000 2.36560297e-088
  3.28493531e-014 6.93347514e-055 5.39441497e-079 4.35715164e-024
  1.00320337e-032 3.14109958e-060 1.01895990e-016 5.05077423e-063
  3.58641159e-049 1.00469091e-039 1.32198053e-039 3.32882496e-016
  5.96912832e-026 2.74695738e-025 2.39301939e-054 7.38764645e-059
  1.00000000e+000]
 [1.47483829e-076 4.42905145e-059 2.36560297e-088 1.00000000e+000
  5.24630085e-084 6.70459046e-034 2.68015620e-052 2.67270899e-046
  7.62612451e-072 6.90822806e-020 8.48986892e-046 5.78606942e-018
  3.28702343e-062 9.25970757e-054 6.21042472e-057 2.35128951e-057
  8.58440319e-063 4.57198680e-066 4.01464827e-044 1.10207433e-051
  1.00000000e+000]
 [7.82521558e-036 9.38803544e-045 3.28493531e-014 5.24630085e-084
  1.00000000e+000 8.14169491e-047 1.44681687e-085 3.26602958e-030
  2.50739480e-050 4.06553210e-055 1.65400202e-021 7.81169220e-071
  9.28771907e-090 4.50236352e-040 1.02184432e-058 1.81685906e-013
  9.23743809e-029 5.58799344e-039 1.42216076e-086 2.33153957e-055
  1.00000000e+000]
 [1.79183052e-069 1.23154964e-038 6.93347514e-055 6.70459046e-034
  8.14169491e-047 1.00000000e+000 4.20800188e-051 1.37388593e-037
  9.94534057e-079 1.06125591e-039 2.61207732e-017 1.63554500e-057
  5.08467439e-085 2.60408702e-052 3.60599691e-077 1.13178975e-026
  3.85081420e-062 6.24885037e-043 1.07773252e-070 8.39586825e-064
  1.00000000e+000]
 [5.67430748e-055 9.83351946e-027 5.39441497e-079 2.68015620e-052
  1.44681687e-085 4.20800188e-051 1.00000000e+000 1.82122517e-079
  3.88352560e-085 1.51239391e-055 4.22894481e-042 1.43065562e-033
  5.06717739e-060 1.68393967e-053 7.86880170e-080 5.81459869e-042
  5.12808201e-065 3.72658529e-028 1.53093250e-038 3.23763971e-060
  1.00000000e+000]
 [1.85406176e-047 7.99579385e-081 4.35715164e-024 2.67270899e-046
  3.26602958e-030 1.37388593e-037 1.82122517e-079 1.00000000e+000
  4.66749685e-014 7.34590092e-053 1.39260394e-015 2.93715158e-041
  3.72565616e-060 4.51261932e-025 1.43712168e-052 7.40721982e-036
  9.78813340e-043 2.83530470e-035 1.50453210e-058 1.85531790e-078
  1.00000000e+000]
 [6.08080587e-038 2.58135256e-106 1.00320337e-032 7.62612451e-072
  2.50739480e-050 9.94534057e-079 3.88352560e-085 4.66749685e-014
  1.00000000e+000 6.69786445e-072 4.83675661e-031 1.46627709e-039
  2.24962970e-059 2.35959221e-017 3.42990160e-068 1.52869146e-058
  1.41074932e-040 6.43836410e-046 7.33502597e-059 7.59420707e-090
  1.00000000e+000]
 [2.04133729e-055 3.78759266e-036 3.14109958e-060 6.90822806e-020
  4.06553210e-055 1.06125591e-039 1.51239391e-055 7.34590092e-053
  6.69786445e-072 1.00000000e+000 3.08140866e-036 1.94678943e-021
  2.84047112e-053 2.39860352e-043 1.52900475e-041 2.29394216e-034
  1.36670750e-022 3.20077344e-066 2.77796315e-039 1.03229909e-009
  1.00000000e+000]
 [5.28433948e-032 2.60916004e-038 1.01895990e-016 8.48986892e-046
  1.65400202e-021 2.61207732e-017 4.22894481e-042 1.39260394e-015
  4.83675661e-031 3.08140866e-036 1.00000000e+000 6.54293226e-038
  2.80426090e-053 1.49728459e-018 4.74113982e-054 3.18271821e-012
  1.60047962e-025 9.14068662e-020 3.67915089e-046 8.94771749e-048
  1.00000000e+000]
 [4.28852263e-043 7.86766568e-053 5.05077423e-063 5.78606942e-018
  7.81169220e-071 1.63554500e-057 1.43065562e-033 2.93715158e-041
  1.46627709e-039 1.94678943e-021 6.54293226e-038 1.00000000e+000
  7.38726598e-035 1.48074810e-028 7.72109599e-042 2.17807931e-047
  6.34492409e-034 1.12326805e-044 1.56899703e-020 6.63655895e-037
  1.00000000e+000]
 [2.14046522e-102 7.41618846e-083 3.58641159e-049 3.28702343e-062
  9.28771907e-090 5.08467439e-085 5.06717739e-060 3.72565616e-060
  2.24962970e-059 2.84047112e-053 2.80426090e-053 7.38726598e-035
  1.00000000e+000 4.58304314e-075 2.25188314e-017 2.20739565e-053
  1.84564398e-053 2.49759237e-040 3.26396355e-004 1.11474428e-057
  1.00000000e+000]
 [1.29150839e-009 1.54052820e-062 1.00469091e-039 9.25970757e-054
  4.50236352e-040 2.60408702e-052 1.68393967e-053 4.51261932e-025
  2.35959221e-017 2.39860352e-043 1.49728459e-018 1.48074810e-028
  4.58304314e-075 1.00000000e+000 5.99673186e-083 2.09946266e-041
  1.12316975e-021 1.59293029e-046 2.38875174e-062 7.00798686e-055
  1.00000000e+000]
 [2.19940552e-099 3.31967318e-067 1.32198053e-039 6.21042472e-057
  1.02184432e-058 3.60599691e-077 7.86880170e-080 1.43712168e-052
  3.42990160e-068 1.52900475e-041 4.74113982e-054 7.72109599e-042
  2.25188314e-017 5.99673186e-083 1.00000000e+000 1.34352297e-037
  4.25307332e-047 4.44363196e-044 1.33101818e-021 3.46091347e-045
  1.00000000e+000]
 [1.02249787e-041 5.35194891e-017 3.32882496e-016 2.35128951e-057
  1.81685906e-013 1.13178975e-026 5.81459869e-042 7.40721982e-036
  1.52869146e-058 2.29394216e-034 3.18271821e-012 2.17807931e-047
  2.20739565e-053 2.09946266e-041 1.34352297e-037 1.00000000e+000
  1.84630114e-025 1.12526551e-017 8.65538293e-047 2.59135210e-033
  1.00000000e+000]
 [1.87114899e-025 4.53849677e-045 5.96912832e-026 8.58440319e-063
  9.23743809e-029 3.85081420e-062 5.12808201e-065 9.78813340e-043
  1.41074932e-040 1.36670750e-022 1.60047962e-025 6.34492409e-034
  1.84564398e-053 1.12316975e-021 4.25307332e-047 1.84630114e-025
  1.00000000e+000 1.22662405e-052 2.96676358e-047 5.17080083e-016
  1.00000000e+000]
 [6.27939399e-053 2.05835617e-039 2.74695738e-025 4.57198680e-066
  5.58799344e-039 6.24885037e-043 3.72658529e-028 2.83530470e-035
  6.43836410e-046 3.20077344e-066 9.14068662e-020 1.12326805e-044
  2.49759237e-040 1.59293029e-046 4.44363196e-044 1.12526551e-017
  1.22662405e-052 1.00000000e+000 2.88727059e-035 3.65030076e-072
  1.00000000e+000]
 [3.40090097e-085 4.10520455e-063 2.39301939e-054 4.01464827e-044
  1.42216076e-086 1.07773252e-070 1.53093250e-038 1.50453210e-058
  7.33502597e-059 2.77796315e-039 3.67915089e-046 1.56899703e-020
  3.26396355e-004 2.38875174e-062 1.33101818e-021 8.65538293e-047
  2.96676358e-047 2.88727059e-035 1.00000000e+000 2.36156887e-045
  1.00000000e+000]
 [4.76753638e-056 2.40090537e-030 7.38764645e-059 1.10207433e-051
  2.33153957e-055 8.39586825e-064 3.23763971e-060 1.85531790e-078
  7.59420707e-090 1.03229909e-009 8.94771749e-048 6.63655895e-037
  1.11474428e-057 7.00798686e-055 3.46091347e-045 2.59135210e-033
  5.17080083e-016 3.65030076e-072 2.36156887e-045 1.00000000e+000
  1.00000000e+000]
 [1.00000000e+000 1.00000000e+000 1.00000000e+000 1.00000000e+000
  1.00000000e+000 1.00000000e+000 1.00000000e+000 1.00000000e+000
  1.00000000e+000 1.00000000e+000 1.00000000e+000 1.00000000e+000
  1.00000000e+000 1.00000000e+000 1.00000000e+000 1.00000000e+000
  1.00000000e+000 1.00000000e+000 1.00000000e+000 1.00000000e+000
  0.00000000e+000]]
