[[1.00000000e+00 9.55062300e-74 2.47809069e-40 ... 9.18936609e-36
  1.58302121e-49 1.00000000e+00]
 [9.55062300e-74 1.00000000e+00 1.81604191e-30 ... 1.48111034e-53
  3.01169667e-30 1.00000000e+00]
 [2.47809069e-40 1.81604191e-30 1.00000000e+00 ... 8.40051209e-68
  2.59700940e-44 1.00000000e+00]
 ...
 [9.18936609e-36 1.48111034e-53 8.40051209e-68 ... 1.00000000e+00
  6.39702844e-57 1.00000000e+00]
 [1.58302121e-49 3.01169667e-30 2.59700940e-44 ... 6.39702844e-57
  1.00000000e+00 1.00000000e+00]
 [1.00000000e+00 1.00000000e+00 1.00000000e+00 ... 1.00000000e+00
  1.00000000e+00 0.00000000e+00]]
