[[1.00000000e+000 6.64487906e-098 2.10262623e-039 5.64643552e-111
  7.29477448e-066 7.33426374e-068 3.13827613e-037 6.67542163e-111
  1.02692125e-027 1.50668820e-044 8.96038621e-119 4.75859383e-073
  2.05996703e-048 1.38220985e-054 9.94066600e-106 1.04246045e-052
  3.43503795e-087 1.51556773e-058 4.07992851e-092 7.76246104e-052
  1.00000000e+000]
 [6.64487906e-098 1.00000000e+000 3.06639406e-059 2.46204724e-055
  1.93161392e-032 2.67798549e-031 1.57713289e-071 3.03176273e-037
  4.03439477e-103 5.78634663e-022 1.51250392e-038 5.10532657e-062
  3.04299413e-038 5.62887401e-047 9.25610278e-049 6.95519205e-058
  1.63551721e-061 1.80664733e-060 3.56120404e-087 7.58657856e-050
  1.00000000e+000]
 [2.10262623e-039 3.06639406e-059 1.00000000e+000 4.66605095e-101
  2.71013929e-072 6.10071500e-071 8.34256078e-052 4.36904270e-040
  9.47812028e-025 1.64972293e-035 1.29233677e-061 1.67626692e-031
  9.01722984e-043 1.92330920e-035 3.33682956e-065 1.18457970e-034
  3.44428705e-073 8.07735201e-009 4.28777972e-082 3.66787357e-054
  1.00000000e+000]
 [5.64643552e-111 2.46204724e-055 4.66605095e-101 1.00000000e+000
  1.79170266e-031 1.20188434e-067 3.39420604e-030 6.41965791e-070
  2.46956719e-084 1.56673711e-045 3.21478733e-035 3.30212764e-047
  4.20786465e-037 1.78415407e-074 1.86925142e-046 4.43387217e-027
  3.55748258e-037 2.64190451e-122 7.10291846e-054 1.29220138e-056
  1.00000000e+000]
 [7.29477448e-066 1.93161392e-032 2.71013929e-072 1.79170266e-031
  1.00000000e+000 2.23907605e-060 7.64781119e-044 4.32569527e-087
  6.76976584e-081 1.46980101e-014 1.49610531e-039 1.65088866e-069
  5.66702825e-039 6.65333371e-054 3.57575565e-032 1.54324774e-036
  1.16537357e-074 1.71282322e-090 7.67110122e-077 2.18304510e-037
  1.00000000e+000]
 [7.33426374e-068 2.67798549e-031 6.10071500e-071 1.20188434e-067
  2.23907605e-060 1.00000000e+000 2.35148192e-049 3.90612433e-058
  1.06814815e-085 3.83317688e-046 7.75096181e-092 2.15326822e-064
  1.46065031e-033 5.63465288e-067 9.19420365e-110 1.04127007e-069
  2.34786048e-031 7.23226890e-072 3.05761456e-095 3.51184133e-037
  1.00000000e+000]
 [3.13827613e-037 1.57713289e-071 8.34256078e-052 3.39420604e-030
  7.64781119e-044 2.35148192e-049 1.00000000e+000 2.86704919e-062
  2.31645045e-025 3.89139375e-035 2.58173319e-064 3.96734601e-025
  5.69005076e-015 1.71827712e-045 1.75026099e-067 4.40007498e-012
  1.88796938e-024 3.19640408e-077 1.09353665e-035 8.43078690e-043
  1.00000000e+000]
 [6.67542163e-111 3.03176273e-037 4.36904270e-040 6.41965791e-070
  4.32569527e-087 3.90612433e-058 2.86704919e-062 1.00000000e+000
  3.00088812e-073 2.19632610e-047 3.80046006e-046 6.25837681e-024
  1.11406496e-031 6.48334545e-038 4.81021875e-065 3.80326721e-042
  1.33469096e-043 2.61573657e-048 4.88228011e-052 3.10653787e-089
  1.00000000e+000]
 [1.02692125e-027 4.03439477e-103 9.47812028e-025 2.46956719e-084
  6.76976584e-081 1.06814815e-085 2.31645045e-025 3.00088812e-073
  1.00000000e+000 1.51102167e-051 1.01382054e-074 1.05358867e-037
  7.28013720e-048 2.66139849e-047 1.74851828e-075 4.77253910e-023
  2.86028461e-067 1.64090146e-038 1.75641523e-067 7.66878151e-057
  1.00000000e+000]
 [1.50668820e-044 5.78634663e-022 1.64972293e-035 1.56673711e-045
  1.46980101e-014 3.83317688e-046 3.89139375e-035 2.19632610e-047
  1.51102167e-051 1.00000000e+000 1.13736966e-032 2.16980842e-048
  4.91528290e-020 8.35327458e-015 4.96272348e-024 1.00775097e-023
  3.29376382e-065 7.36045405e-050 6.32964460e-046 1.68069352e-046
  1.00000000e+000]
 [8.96038621e-119 1.51250392e-038 1.29233677e-061 3.21478733e-035
  1.49610531e-039 7.75096181e-092 2.58173319e-064 3.80046006e-046
  1.01382054e-074 1.13736966e-032 1.00000000e+000 5.16282133e-053
  2.07691446e-058 2.63652737e-049 1.10077789e-008 4.79765865e-029
  2.12768982e-081 2.23141749e-065 6.70121583e-071 3.14061527e-067
  1.00000000e+000]
 [4.75859383e-073 5.10532657e-062 1.67626692e-031 3.30212764e-047
  1.65088866e-069 2.15326822e-064 3.96734601e-025 6.25837681e-024
  1.05358867e-037 2.16980842e-048 5.16282133e-053 1.00000000e+000
  3.39186401e-021 6.31856904e-053 7.72535687e-070 1.29767609e-016
  7.41083022e-022 4.05312077e-054 2.89127300e-048 1.65822603e-057
  1.00000000e+000]
 [2.05996703e-048 3.04299413e-038 9.01722984e-043 4.20786465e-037
  5.66702825e-039 1.46065031e-033 5.69005076e-015 1.11406496e-031
  7.28013720e-048 4.91528290e-020 2.07691446e-058 3.39186401e-021
  1.00000000e+000 4.13095849e-025 3.26620525e-060 2.28876408e-019
  2.08568001e-023 1.93560104e-068 6.48105613e-024 1.18110798e-055
  1.00000000e+000]
 [1.38220985e-054 5.62887401e-047 1.92330920e-035 1.78415407e-074
  6.65333371e-054 5.63465288e-067 1.71827712e-045 6.48334545e-038
  2.66139849e-047 8.35327458e-015 2.63652737e-049 6.31856904e-053
  4.13095849e-025 1.00000000e+000 5.26597145e-037 1.15611779e-030
  2.20767136e-080 7.91669488e-051 1.63699018e-026 7.32403260e-091
  1.00000000e+000]
 [9.94066600e-106 9.25610278e-049 3.33682956e-065 1.86925142e-046
  3.57575565e-032 9.19420365e-110 1.75026099e-067 4.81021875e-065
  1.74851828e-075 4.96272348e-024 1.10077789e-008 7.72535687e-070
  3.26620525e-060 5.26597145e-037 1.00000000e+000 1.28251527e-030
  6.65007323e-108 2.72753918e-076 1.74966593e-061 1.00077175e-083
  1.00000000e+000]
 [1.04246045e-052 6.95519205e-058 1.18457970e-034 4.43387217e-027
  1.54324774e-036 1.04127007e-069 4.40007498e-012 3.80326721e-042
  4.77253910e-023 1.00775097e-023 4.79765865e-029 1.29767609e-016
  2.28876408e-019 1.15611779e-030 1.28251527e-030 1.00000000e+000
  3.23668032e-040 6.39611185e-057 5.38243866e-030 6.63000253e-050
  1.00000000e+000]
 [3.43503795e-087 1.63551721e-061 3.44428705e-073 3.55748258e-037
  1.16537357e-074 2.34786048e-031 1.88796938e-024 1.33469096e-043
  2.86028461e-067 3.29376382e-065 2.12768982e-081 7.41083022e-022
  2.08568001e-023 2.20767136e-080 6.65007323e-108 3.23668032e-040
  1.00000000e+000 2.42836922e-091 1.83163392e-064 2.11835207e-049
  1.00000000e+000]
 [1.51556773e-058 1.80664733e-060 8.07735201e-009 2.64190451e-122
  1.71282322e-090 7.23226890e-072 3.19640408e-077 2.61573657e-048
  1.64090146e-038 7.36045405e-050 2.23141749e-065 4.05312077e-054
  1.93560104e-068 7.91669488e-051 2.72753918e-076 6.39611185e-057
  2.42836922e-091 1.00000000e+000 4.85721341e-117 1.65858879e-055
  1.00000000e+000]
 [4.07992851e-092 3.56120404e-087 4.28777972e-082 7.10291846e-054
  7.67110122e-077 3.05761456e-095 1.09353665e-035 4.88228011e-052
  1.75641523e-067 6.32964460e-046 6.70121583e-071 2.89127300e-048
  6.48105613e-024 1.63699018e-026 1.74966593e-061 5.38243866e-030
  1.83163392e-064 4.85721341e-117 1.00000000e+000 7.62334669e-129
  1.00000000e+000]
 [7.76246104e-052 7.58657856e-050 3.66787357e-054 1.29220138e-056
  2.18304510e-037 3.51184133e-037 8.43078690e-043 3.10653787e-089
  7.66878151e-057 1.68069352e-046 3.14061527e-067 1.65822603e-057
  1.18110798e-055 7.32403260e-091 1.00077175e-083 6.63000253e-050
  2.11835207e-049 1.65858879e-055 7.62334669e-129 1.00000000e+000
  1.00000000e+000]
 [1.00000000e+000 1.00000000e+000 1.00000000e+000 1.00000000e+000
  1.00000000e+000 1.00000000e+000 1.00000000e+000 1.00000000e+000
  1.00000000e+000 1.00000000e+000 1.00000000e+000 1.00000000e+000
  1.00000000e+000 1.00000000e+000 1.00000000e+000 1.00000000e+000
  1.00000000e+000 1.00000000e+000 1.00000000e+000 1.00000000e+000
  0.00000000e+000]]
