[[1.00000000e+00 1.17418796e-83 2.23115532e-50 ... 3.33346992e-40
  2.10779012e-60 1.00000000e+00]
 [1.17418796e-83 1.00000000e+00 3.72286956e-85 ... 1.19954562e-57
  6.07663825e-19 1.00000000e+00]
 [2.23115532e-50 3.72286956e-85 1.00000000e+00 ... 4.75311328e-81
  6.13513815e-87 1.00000000e+00]
 ...
 [3.33346992e-40 1.19954562e-57 4.75311328e-81 ... 1.00000000e+00
  1.72496228e-22 1.00000000e+00]
 [2.10779012e-60 6.07663825e-19 6.13513815e-87 ... 1.72496228e-22
  1.00000000e+00 1.00000000e+00]
 [1.00000000e+00 1.00000000e+00 1.00000000e+00 ... 1.00000000e+00
  1.00000000e+00 0.00000000e+00]]
