[[1.00000000e+000 1.13752861e-010 4.62260190e-036 5.21312549e-031
  9.36901851e-045 9.96405128e-051 6.80960798e-013 2.37286022e-026
  2.22551586e-048 1.59611631e-038 1.04591418e-027 3.67599156e-022
  2.39230829e-026 2.50932068e-037 5.63290252e-037 4.30202667e-023
  1.67455886e-011 4.29282093e-058 3.30187759e-006 1.59066105e-035
  1.00000000e+000]
 [1.13752861e-010 1.00000000e+000 3.26299436e-035 5.14695078e-025
  1.57326261e-039 2.08297421e-035 3.90060037e-019 3.15225541e-042
  2.73550008e-035 2.35585276e-036 1.85596300e-036 1.26364201e-029
  5.49867444e-028 7.49092715e-035 2.40544581e-028 2.56629137e-024
  3.35592289e-037 4.26908799e-067 2.97370610e-018 4.43320663e-024
  1.00000000e+000]
 [4.62260190e-036 3.26299436e-035 1.00000000e+000 1.39532229e-015
  2.85783757e-061 8.61588334e-034 2.05131890e-055 1.51419205e-054
  6.16869870e-037 1.58494010e-031 8.81443596e-059 5.14904287e-042
  1.42393967e-031 2.42616688e-033 1.81037514e-052 2.97066731e-022
  1.05185254e-077 5.66917228e-069 1.38344393e-033 2.48125310e-021
  1.00000000e+000]
 [5.21312549e-031 5.14695078e-025 1.39532229e-015 1.00000000e+000
  8.07885055e-078 4.11293798e-057 3.14644158e-039 5.81951363e-060
  4.19589918e-017 9.13559844e-019 2.29345639e-074 1.36790349e-027
  1.67819906e-020 3.32032263e-027 2.58920758e-042 5.86082839e-023
  2.40748013e-069 1.25132639e-063 1.05307489e-042 8.94815016e-035
  1.00000000e+000]
 [9.36901851e-045 1.57326261e-039 2.85783757e-061 8.07885055e-078
  1.00000000e+000 2.29752919e-015 1.17869623e-032 1.38268333e-020
  2.82045085e-061 2.61917454e-044 2.44181995e-009 6.78512488e-053
  7.12867653e-049 9.12390003e-077 8.73319877e-035 2.27030792e-051
  4.15100910e-073 9.90921228e-081 1.99297308e-045 1.25207016e-048
  1.00000000e+000]
 [9.96405128e-051 2.08297421e-035 8.61588334e-034 4.11293798e-057
  2.29752919e-015 1.00000000e+000 9.04240500e-052 2.91144945e-040
  3.09134451e-051 2.78898801e-045 3.68248093e-029 8.34117361e-065
  2.28611387e-047 4.40394241e-063 6.54150080e-031 4.12044653e-047
  1.29159770e-094 4.16528694e-087 1.94070362e-048 4.46735308e-034
  1.00000000e+000]
 [6.80960798e-013 3.90060037e-019 2.05131890e-055 3.14644158e-039
  1.17869623e-032 9.04240500e-052 1.00000000e+000 9.37968811e-014
  2.10074337e-031 3.88346402e-022 6.60242766e-026 6.31091330e-013
  8.20413287e-027 4.26489280e-058 2.69457860e-026 2.89517473e-028
  2.04657472e-023 1.89588884e-068 8.77028185e-030 7.79453540e-059
  1.00000000e+000]
 [2.37286022e-026 3.15225541e-042 1.51419205e-054 5.81951363e-060
  1.38268333e-020 2.91144945e-040 9.37968811e-014 1.00000000e+000
  9.63889250e-051 1.05742822e-028 3.42102240e-012 2.22096155e-030
  3.01909238e-031 6.20892925e-068 6.40184752e-028 2.34177160e-043
  1.46482100e-036 6.14468948e-064 2.24726759e-035 1.89131925e-069
  1.00000000e+000]
 [2.22551586e-048 2.73550008e-035 6.16869870e-037 4.19589918e-017
  2.82045085e-061 3.09134451e-051 2.10074337e-031 9.63889250e-051
  1.00000000e+000 1.18779010e-008 3.56694658e-075 7.94154435e-020
  1.64584815e-036 1.00778098e-066 9.98080380e-039 4.91858447e-024
  1.75273631e-087 3.36368558e-100 2.40449338e-071 1.63774666e-059
  1.00000000e+000]
 [1.59611631e-038 2.35585276e-036 1.58494010e-031 9.13559844e-019
  2.61917454e-044 2.78898801e-045 3.88346402e-022 1.05742822e-028
  1.18779010e-008 1.00000000e+000 6.59454222e-049 3.12263989e-016
  3.58794563e-018 7.58605037e-048 2.39422243e-030 1.15567666e-025
  9.25344202e-073 1.57356014e-062 4.42283132e-055 1.28341446e-051
  1.00000000e+000]
 [1.04591418e-027 1.85596300e-036 8.81443596e-059 2.29345639e-074
  2.44181995e-009 3.68248093e-029 6.60242766e-026 3.42102240e-012
  3.56694658e-075 6.59454222e-049 1.00000000e+000 7.39617771e-051
  1.75034905e-036 5.87008233e-058 4.42785765e-034 1.00491907e-053
  6.75091914e-044 1.69989482e-053 7.61515700e-025 4.66072117e-048
  1.00000000e+000]
 [3.67599156e-022 1.26364201e-029 5.14904287e-042 1.36790349e-027
  6.78512488e-053 8.34117361e-065 6.31091330e-013 2.22096155e-030
  7.94154435e-020 3.12263989e-016 7.39617771e-051 1.00000000e+000
  5.01139081e-039 7.75997473e-069 7.42099071e-055 1.28107603e-009
  1.20102608e-038 4.46606362e-092 3.32492320e-039 1.24028276e-053
  1.00000000e+000]
 [2.39230829e-026 5.49867444e-028 1.42393967e-031 1.67819906e-020
  7.12867653e-049 2.28611387e-047 8.20413287e-027 3.01909238e-031
  1.64584815e-036 3.58794563e-018 1.75034905e-036 5.01139081e-039
  1.00000000e+000 3.40286204e-012 3.01172469e-018 5.25654448e-047
  2.31280381e-057 7.16432929e-018 1.37984910e-033 2.12196559e-041
  1.00000000e+000]
 [2.50932068e-037 7.49092715e-035 2.42616688e-033 3.32032263e-027
  9.12390003e-077 4.40394241e-063 4.26489280e-058 6.20892925e-068
  1.00778098e-066 7.58605037e-048 5.87008233e-058 7.75997473e-069
  3.40286204e-012 1.00000000e+000 6.51341486e-043 4.44625407e-064
  4.53413800e-076 4.72434845e-015 7.55325484e-034 2.87622469e-030
  1.00000000e+000]
 [5.63290252e-037 2.40544581e-028 1.81037514e-052 2.58920758e-042
  8.73319877e-035 6.54150080e-031 2.69457860e-026 6.40184752e-028
  9.98080380e-039 2.39422243e-030 4.42785765e-034 7.42099071e-055
  3.01172469e-018 6.51341486e-043 1.00000000e+000 2.80169971e-063
  8.90251620e-067 2.14476346e-052 3.30622233e-051 2.79980757e-065
  1.00000000e+000]
 [4.30202667e-023 2.56629137e-024 2.97066731e-022 5.86082839e-023
  2.27030792e-051 4.12044653e-047 2.89517473e-028 2.34177160e-043
  4.91858447e-024 1.15567666e-025 1.00491907e-053 1.28107603e-009
  5.25654448e-047 4.44625407e-064 2.80169971e-063 1.00000000e+000
  2.13503544e-049 4.10097309e-102 5.78810007e-031 3.99380716e-030
  1.00000000e+000]
 [1.67455886e-011 3.35592289e-037 1.05185254e-077 2.40748013e-069
  4.15100910e-073 1.29159770e-094 2.04657472e-023 1.46482100e-036
  1.75273631e-087 9.25344202e-073 6.75091914e-044 1.20102608e-038
  2.31280381e-057 4.53413800e-076 8.90251620e-067 2.13503544e-049
  1.00000000e+000 1.19044886e-088 5.28471717e-020 5.49925953e-080
  1.00000000e+000]
 [4.29282093e-058 4.26908799e-067 5.66917228e-069 1.25132639e-063
  9.90921228e-081 4.16528694e-087 1.89588884e-068 6.14468948e-064
  3.36368558e-100 1.57356014e-062 1.69989482e-053 4.46606362e-092
  7.16432929e-018 4.72434845e-015 2.14476346e-052 4.10097309e-102
  1.19044886e-088 1.00000000e+000 3.37285631e-053 3.16547890e-064
  1.00000000e+000]
 [3.30187759e-006 2.97370610e-018 1.38344393e-033 1.05307489e-042
  1.99297308e-045 1.94070362e-048 8.77028185e-030 2.24726759e-035
  2.40449338e-071 4.42283132e-055 7.61515700e-025 3.32492320e-039
  1.37984910e-033 7.55325484e-034 3.30622233e-051 5.78810007e-031
  5.28471717e-020 3.37285631e-053 1.00000000e+000 4.28788319e-025
  1.00000000e+000]
 [1.59066105e-035 4.43320663e-024 2.48125310e-021 8.94815016e-035
  1.25207016e-048 4.46735308e-034 7.79453540e-059 1.89131925e-069
  1.63774666e-059 1.28341446e-051 4.66072117e-048 1.24028276e-053
  2.12196559e-041 2.87622469e-030 2.79980757e-065 3.99380716e-030
  5.49925953e-080 3.16547890e-064 4.28788319e-025 1.00000000e+000
  1.00000000e+000]
 [1.00000000e+000 1.00000000e+000 1.00000000e+000 1.00000000e+000
  1.00000000e+000 1.00000000e+000 1.00000000e+000 1.00000000e+000
  1.00000000e+000 1.00000000e+000 1.00000000e+000 1.00000000e+000
  1.00000000e+000 1.00000000e+000 1.00000000e+000 1.00000000e+000
  1.00000000e+000 1.00000000e+000 1.00000000e+000 1.00000000e+000
  0.00000000e+000]]
