[[1.00000000e+00 1.00546713e-58 3.68019075e-50 ... 3.16875354e-89
  6.32988969e-15 1.00000000e+00]
 [1.00546713e-58 1.00000000e+00 1.69930341e-55 ... 2.28711646e-45
  4.74062504e-64 1.00000000e+00]
 [3.68019075e-50 1.69930341e-55 1.00000000e+00 ... 3.63381556e-46
  2.40972657e-38 1.00000000e+00]
 ...
 [3.16875354e-89 2.28711646e-45 3.63381556e-46 ... 1.00000000e+00
  5.67114174e-92 1.00000000e+00]
 [6.32988969e-15 4.74062504e-64 2.40972657e-38 ... 5.67114174e-92
  1.00000000e+00 1.00000000e+00]
 [1.00000000e+00 1.00000000e+00 1.00000000e+00 ... 1.00000000e+00
  1.00000000e+00 0.00000000e+00]]
