[[1.00000000e+00 2.43787307e-35 4.21104731e-35 6.14811298e-18
  3.19682312e-63 5.77805259e-27 2.68263128e-07 4.56246614e-43
  2.17454816e-61 2.52062737e-29 1.50395880e-47 1.43596085e-42
  8.74565436e-13 6.25047922e-41 1.27458826e-28 1.29926272e-34
  4.25074115e-32 7.60861168e-27 1.16913755e-53 5.64796431e-36
  1.00000000e+00]
 [2.43787307e-35 1.00000000e+00 7.50792429e-21 1.65362663e-19
  1.81362911e-33 6.33265471e-32 1.37425145e-41 7.53826978e-28
  1.43158076e-61 1.23405662e-32 3.40779555e-18 3.82427863e-80
  6.42926695e-26 5.36528473e-64 1.01445541e-27 6.00700138e-60
  4.94803253e-49 8.47600653e-53 1.65995489e-17 6.76877025e-51
  1.00000000e+00]
 [4.21104731e-35 7.50792429e-21 1.00000000e+00 6.28752091e-31
  3.44022807e-50 2.44745116e-22 4.86667198e-35 8.93297224e-33
  2.37916403e-39 9.28475207e-49 2.26424548e-40 2.43723127e-82
  2.38352415e-34 1.72576172e-45 9.42536334e-39 1.42891963e-44
  1.99959462e-62 5.16169243e-46 5.42169955e-47 3.03496507e-25
  1.00000000e+00]
 [6.14811298e-18 1.65362663e-19 6.28752091e-31 1.00000000e+00
  8.29805064e-35 7.28117498e-23 2.39345571e-23 1.70915436e-11
  4.47749119e-33 1.81020876e-14 1.93110140e-24 1.05887113e-38
  4.04417577e-26 3.45636293e-37 4.69584867e-13 7.06833421e-45
  3.03084820e-26 8.66048519e-17 3.10101568e-25 1.20759834e-27
  1.00000000e+00]
 [3.19682312e-63 1.81362911e-33 3.44022807e-50 8.29805064e-35
  1.00000000e+00 1.46799110e-72 1.71602078e-64 1.28907651e-41
  4.60077462e-85 4.64268084e-84 1.12625606e-04 1.17550300e-85
  5.16044753e-80 5.68449563e-40 8.15315882e-71 5.50934241e-70
  4.14820212e-58 9.91233443e-35 6.61194723e-48 7.83701082e-63
  1.00000000e+00]
 [5.77805259e-27 6.33265471e-32 2.44745116e-22 7.28117498e-23
  1.46799110e-72 1.00000000e+00 4.76521576e-21 8.04270864e-42
  1.09152444e-20 5.16388485e-18 4.49483566e-58 3.37418271e-84
  3.38556289e-35 5.30170869e-75 1.53068538e-21 8.51305604e-45
  6.02418240e-75 3.13592838e-50 2.55448944e-45 6.98897259e-16
  1.00000000e+00]
 [2.68263128e-07 1.37425145e-41 4.86667198e-35 2.39345571e-23
  1.71602078e-64 4.76521576e-21 1.00000000e+00 8.18838085e-46
  2.33446881e-48 1.10462284e-35 1.88197102e-48 6.10780482e-42
  2.24720198e-19 6.59625029e-42 2.16135758e-25 1.00037590e-14
  5.33964895e-38 1.15385210e-35 1.94182028e-47 2.11281833e-20
  1.00000000e+00]
 [4.56246614e-43 7.53826978e-28 8.93297224e-33 1.70915436e-11
  1.28907651e-41 8.04270864e-42 8.18838085e-46 1.00000000e+00
  5.68625775e-30 8.44088352e-32 2.09593615e-31 1.50829651e-33
  6.75386626e-39 3.25508481e-33 1.29281927e-16 4.66409188e-50
  1.79907667e-23 2.66999988e-29 2.24552182e-22 3.23585008e-32
  1.00000000e+00]
 [2.17454816e-61 1.43158076e-61 2.37916403e-39 4.47749119e-33
  4.60077462e-85 1.09152444e-20 2.33446881e-48 5.68625775e-30
  1.00000000e+00 3.27854343e-35 2.04564208e-76 6.81175116e-75
  1.20928003e-69 2.03493949e-70 2.38217208e-27 3.02540007e-54
  2.42233936e-79 9.39357262e-54 8.81489195e-55 1.32793273e-11
  1.00000000e+00]
 [2.52062737e-29 1.23405662e-32 9.28475207e-49 1.81020876e-14
  4.64268084e-84 5.16388485e-18 1.10462284e-35 8.44088352e-32
  3.27854343e-35 1.00000000e+00 7.81428971e-64 8.30643315e-67
  3.76695004e-29 8.64014888e-88 4.99086066e-11 9.72087732e-71
  2.62014071e-56 1.61897024e-51 3.14041381e-36 1.10198293e-42
  1.00000000e+00]
 [1.50395880e-47 3.40779555e-18 2.26424548e-40 1.93110140e-24
  1.12625606e-04 4.49483566e-58 1.88197102e-48 2.09593615e-31
  2.04564208e-76 7.81428971e-64 1.00000000e+00 1.77966990e-69
  5.23773045e-54 1.01374159e-39 5.86711755e-49 3.44377899e-54
  5.29485396e-42 1.42209391e-36 3.39716354e-27 9.97835652e-55
  1.00000000e+00]
 [1.43596085e-42 3.82427863e-80 2.43723127e-82 1.05887113e-38
  1.17550300e-85 3.37418271e-84 6.10780482e-42 1.50829651e-33
  6.81175116e-75 8.30643315e-67 1.77966990e-69 1.00000000e+00
  1.35670705e-43 3.76377915e-29 8.81863743e-38 1.92878942e-37
  1.14082194e-07 5.34761099e-42 8.15387276e-58 6.38722408e-56
  1.00000000e+00]
 [8.74565436e-13 6.42926695e-26 2.38352415e-34 4.04417577e-26
  5.16044753e-80 3.38556289e-35 2.24720198e-19 6.75386626e-39
  1.20928003e-69 3.76695004e-29 5.23773045e-54 1.35670705e-43
  1.00000000e+00 4.49964433e-58 1.78508530e-19 2.33578414e-38
  4.66525974e-28 6.97710878e-56 6.22613408e-35 2.38031008e-49
  1.00000000e+00]
 [6.25047922e-41 5.36528473e-64 1.72576172e-45 3.45636293e-37
  5.68449563e-40 5.30170869e-75 6.59625029e-42 3.25508481e-33
  2.03493949e-70 8.64014888e-88 1.01374159e-39 3.76377915e-29
  4.49964433e-58 1.00000000e+00 8.06503145e-62 1.04502980e-36
  1.84736253e-24 4.41653583e-17 6.51698212e-72 2.00950453e-41
  1.00000000e+00]
 [1.27458826e-28 1.01445541e-27 9.42536334e-39 4.69584867e-13
  8.15315882e-71 1.53068538e-21 2.16135758e-25 1.29281927e-16
  2.38217208e-27 4.99086066e-11 5.86711755e-49 8.81863743e-38
  1.78508530e-19 8.06503145e-62 1.00000000e+00 3.03945174e-37
  1.00259334e-31 9.08731906e-50 9.66808779e-16 2.31562120e-27
  1.00000000e+00]
 [1.29926272e-34 6.00700138e-60 1.42891963e-44 7.06833421e-45
  5.50934241e-70 8.51305604e-45 1.00037590e-14 4.66409188e-50
  3.02540007e-54 9.72087732e-71 3.44377899e-54 1.92878942e-37
  2.33578414e-38 1.04502980e-36 3.03945174e-37 1.00000000e+00
  1.71307875e-39 1.54741800e-56 2.49498549e-47 6.08869116e-21
  1.00000000e+00]
 [4.25074115e-32 4.94803253e-49 1.99959462e-62 3.03084820e-26
  4.14820212e-58 6.02418240e-75 5.33964895e-38 1.79907667e-23
  2.42233936e-79 2.62014071e-56 5.29485396e-42 1.14082194e-07
  4.66525974e-28 1.84736253e-24 1.00259334e-31 1.71307875e-39
  1.00000000e+00 6.88006718e-35 1.23322124e-38 1.35102257e-58
  1.00000000e+00]
 [7.60861168e-27 8.47600653e-53 5.16169243e-46 8.66048519e-17
  9.91233443e-35 3.13592838e-50 1.15385210e-35 2.66999988e-29
  9.39357262e-54 1.61897024e-51 1.42209391e-36 5.34761099e-42
  6.97710878e-56 4.41653583e-17 9.08731906e-50 1.54741800e-56
  6.88006718e-35 1.00000000e+00 1.91532087e-70 1.14153633e-37
  1.00000000e+00]
 [1.16913755e-53 1.65995489e-17 5.42169955e-47 3.10101568e-25
  6.61194723e-48 2.55448944e-45 1.94182028e-47 2.24552182e-22
  8.81489195e-55 3.14041381e-36 3.39716354e-27 8.15387276e-58
  6.22613408e-35 6.51698212e-72 9.66808779e-16 2.49498549e-47
  1.23322124e-38 1.91532087e-70 1.00000000e+00 8.18253578e-50
  1.00000000e+00]
 [5.64796431e-36 6.76877025e-51 3.03496507e-25 1.20759834e-27
  7.83701082e-63 6.98897259e-16 2.11281833e-20 3.23585008e-32
  1.32793273e-11 1.10198293e-42 9.97835652e-55 6.38722408e-56
  2.38031008e-49 2.00950453e-41 2.31562120e-27 6.08869116e-21
  1.35102257e-58 1.14153633e-37 8.18253578e-50 1.00000000e+00
  1.00000000e+00]
 [1.00000000e+00 1.00000000e+00 1.00000000e+00 1.00000000e+00
  1.00000000e+00 1.00000000e+00 1.00000000e+00 1.00000000e+00
  1.00000000e+00 1.00000000e+00 1.00000000e+00 1.00000000e+00
  1.00000000e+00 1.00000000e+00 1.00000000e+00 1.00000000e+00
  1.00000000e+00 1.00000000e+00 1.00000000e+00 1.00000000e+00
  0.00000000e+00]]
