[[1.00000000e+00 1.40449140e-38 2.00660737e-33 1.19213842e-71
  3.08485859e-39 8.47252040e-68 2.90590002e-71 7.15837504e-09
  4.82416047e-61 2.25346539e-18 7.42380647e-09 3.24308663e-28
  8.82651661e-31 8.38408495e-53 2.43834044e-77 9.25807819e-79
  3.49969099e-64 9.62473043e-15 2.05559068e-64 4.87295557e-36
  1.00000000e+00]
 [1.40449140e-38 1.00000000e+00 2.63322447e-43 1.11491076e-61
  7.23353287e-43 3.09372519e-49 2.43062028e-49 3.18146897e-18
  6.23148108e-24 9.63528003e-15 1.27867557e-32 4.88668078e-49
  3.93145677e-59 3.35440738e-36 1.34300671e-41 3.43062789e-57
  8.58190510e-77 1.03377137e-18 1.32037958e-31 5.85451396e-09
  1.00000000e+00]
 [2.00660737e-33 2.63322447e-43 1.00000000e+00 5.94720058e-42
  1.95862790e-09 3.02999651e-28 2.45309267e-50 2.91469832e-22
  2.53083660e-55 5.63100578e-32 3.51627911e-17 6.16669190e-25
  5.43525213e-27 4.92193163e-38 8.95536474e-34 3.98331132e-61
  3.06885272e-21 1.29760412e-23 6.45062943e-14 4.81926305e-44
  1.00000000e+00]
 [1.19213842e-71 1.11491076e-61 5.94720058e-42 1.00000000e+00
  1.17998686e-51 7.53687516e-13 4.19257879e-47 2.87785394e-59
  1.18924847e-34 1.01244706e-86 2.84244613e-46 9.63655069e-27
  1.48904366e-39 6.85463563e-58 2.81462525e-59 1.23191519e-04
  4.90554001e-39 3.80195852e-64 7.35254382e-35 6.71731838e-32
  1.00000000e+00]
 [3.08485859e-39 7.23353287e-43 1.95862790e-09 1.17998686e-51
  1.00000000e+00 2.43734141e-41 1.65119603e-47 3.08813348e-33
  4.81645204e-43 3.25172644e-27 9.26229285e-20 5.40641210e-19
  7.11468127e-35 2.33533272e-65 4.90657740e-21 2.73507773e-68
  3.57535672e-22 1.80913948e-23 4.27342318e-20 2.76429763e-46
  1.00000000e+00]
 [8.47252040e-68 3.09372519e-49 3.02999651e-28 7.53687516e-13
  2.43734141e-41 1.00000000e+00 4.53591166e-21 1.67548336e-44
  1.12749510e-43 6.42216590e-69 1.29741764e-45 6.61852502e-30
  1.00513242e-31 8.40072441e-34 2.84327049e-46 5.43087800e-20
  7.15850543e-37 7.75969244e-53 1.86517915e-18 8.43013264e-32
  1.00000000e+00]
 [2.90590002e-71 2.43062028e-49 2.45309267e-50 4.19257879e-47
  1.65119603e-47 4.53591166e-21 1.00000000e+00 4.17074730e-50
  6.82437750e-45 1.14337448e-60 1.13485178e-53 1.80819870e-34
  1.93404951e-47 2.57389255e-50 1.38672341e-42 1.68942593e-48
  5.64397348e-53 1.33455394e-58 4.52491803e-39 1.93018245e-39
  1.00000000e+00]
 [7.15837504e-09 3.18146897e-18 2.91469832e-22 2.87785394e-59
  3.08813348e-33 1.67548336e-44 4.17074730e-50 1.00000000e+00
  6.53219561e-48 2.72596310e-11 7.90327554e-11 8.75282202e-33
  5.83887863e-32 1.91052665e-23 2.47219317e-55 3.62976659e-65
  3.04163386e-56 1.27850732e-10 1.22656474e-36 1.81859577e-21
  1.00000000e+00]
 [4.82416047e-61 6.23148108e-24 2.53083660e-55 1.18924847e-34
  4.81645204e-43 1.12749510e-43 6.82437750e-45 6.53219561e-48
  1.00000000e+00 1.06913610e-47 2.08607555e-36 9.87850474e-35
  2.99395487e-72 1.13345867e-62 1.26761884e-26 2.78503521e-28
  4.38657691e-50 1.57575772e-48 1.80785457e-36 5.08738238e-14
  1.00000000e+00]
 [2.25346539e-18 9.63528003e-15 5.63100578e-32 1.01244706e-86
  3.25172644e-27 6.42216590e-69 1.14337448e-60 2.72596310e-11
  1.06913610e-47 1.00000000e+00 1.77202654e-20 3.11861360e-41
  3.42463372e-47 2.83112832e-52 3.62576626e-48 1.41646531e-91
  1.13669662e-71 1.24794257e-06 2.00066989e-43 7.07109986e-30
  1.00000000e+00]
 [7.42380647e-09 1.27867557e-32 3.51627911e-17 2.84244613e-46
  9.26229285e-20 1.29741764e-45 1.13485178e-53 7.90327554e-11
  2.08607555e-36 1.77202654e-20 1.00000000e+00 1.06732084e-16
  7.80770167e-33 1.37997258e-40 5.20159855e-41 6.87647450e-56
  7.39476266e-29 1.09883075e-18 1.12014344e-36 4.26908742e-28
  1.00000000e+00]
 [3.24308663e-28 4.88668078e-49 6.16669190e-25 9.63655069e-27
  5.40641210e-19 6.61852502e-30 1.80819870e-34 8.75282202e-33
  9.87850474e-35 3.11861360e-41 1.06732084e-16 1.00000000e+00
  2.86082438e-15 1.28639039e-68 9.85165909e-47 1.11595048e-34
  1.91666579e-30 7.78091592e-28 5.41166529e-41 1.22481919e-31
  1.00000000e+00]
 [8.82651661e-31 3.93145677e-59 5.43525213e-27 1.48904366e-39
  7.11468127e-35 1.00513242e-31 1.93404951e-47 5.83887863e-32
  2.99395487e-72 3.42463372e-47 7.80770167e-33 2.86082438e-15
  1.00000000e+00 5.16547853e-68 1.48448858e-84 1.18882642e-50
  3.62838278e-61 5.10712850e-24 2.62570776e-51 1.02691663e-43
  1.00000000e+00]
 [8.38408495e-53 3.35440738e-36 4.92193163e-38 6.85463563e-58
  2.33533272e-65 8.40072441e-34 2.57389255e-50 1.91052665e-23
  1.13345867e-62 2.83112832e-52 1.37997258e-40 1.28639039e-68
  5.16547853e-68 1.00000000e+00 1.15384684e-59 8.20530998e-64
  2.30350657e-59 7.75999070e-54 1.56049522e-31 1.64149886e-36
  1.00000000e+00]
 [2.43834044e-77 1.34300671e-41 8.95536474e-34 2.81462525e-59
  4.90657740e-21 2.84327049e-46 1.38672341e-42 2.47219317e-55
  1.26761884e-26 3.62576626e-48 5.20159855e-41 9.85165909e-47
  1.48448858e-84 1.15384684e-59 1.00000000e+00 8.18266026e-69
  3.66460890e-24 1.53474102e-57 4.32469915e-17 5.38419493e-48
  1.00000000e+00]
 [9.25807819e-79 3.43062789e-57 3.98331132e-61 1.23191519e-04
  2.73507773e-68 5.43087800e-20 1.68942593e-48 3.62976659e-65
  2.78503521e-28 1.41646531e-91 6.87647450e-56 1.11595048e-34
  1.18882642e-50 8.20530998e-64 8.18266026e-69 1.00000000e+00
  1.65360696e-58 2.14056839e-70 6.78541015e-47 3.73250146e-25
  1.00000000e+00]
 [3.49969099e-64 8.58190510e-77 3.06885272e-21 4.90554001e-39
  3.57535672e-22 7.15850543e-37 5.64397348e-53 3.04163386e-56
  4.38657691e-50 1.13669662e-71 7.39476266e-29 1.91666579e-30
  3.62838278e-61 2.30350657e-59 3.66460890e-24 1.65360696e-58
  1.00000000e+00 4.84379785e-68 8.79948303e-28 1.28791466e-65
  1.00000000e+00]
 [9.62473043e-15 1.03377137e-18 1.29760412e-23 3.80195852e-64
  1.80913948e-23 7.75969244e-53 1.33455394e-58 1.27850732e-10
  1.57575772e-48 1.24794257e-06 1.09883075e-18 7.78091592e-28
  5.10712850e-24 7.75999070e-54 1.53474102e-57 2.14056839e-70
  4.84379785e-68 1.00000000e+00 3.57114313e-39 8.86590882e-25
  1.00000000e+00]
 [2.05559068e-64 1.32037958e-31 6.45062943e-14 7.35254382e-35
  4.27342318e-20 1.86517915e-18 4.52491803e-39 1.22656474e-36
  1.80785457e-36 2.00066989e-43 1.12014344e-36 5.41166529e-41
  2.62570776e-51 1.56049522e-31 4.32469915e-17 6.78541015e-47
  8.79948303e-28 3.57114313e-39 1.00000000e+00 3.60008499e-34
  1.00000000e+00]
 [4.87295557e-36 5.85451396e-09 4.81926305e-44 6.71731838e-32
  2.76429763e-46 8.43013264e-32 1.93018245e-39 1.81859577e-21
  5.08738238e-14 7.07109986e-30 4.26908742e-28 1.22481919e-31
  1.02691663e-43 1.64149886e-36 5.38419493e-48 3.73250146e-25
  1.28791466e-65 8.86590882e-25 3.60008499e-34 1.00000000e+00
  1.00000000e+00]
 [1.00000000e+00 1.00000000e+00 1.00000000e+00 1.00000000e+00
  1.00000000e+00 1.00000000e+00 1.00000000e+00 1.00000000e+00
  1.00000000e+00 1.00000000e+00 1.00000000e+00 1.00000000e+00
  1.00000000e+00 1.00000000e+00 1.00000000e+00 1.00000000e+00
  1.00000000e+00 1.00000000e+00 1.00000000e+00 1.00000000e+00
  0.00000000e+00]]
